Athlete_Engineering	// User ID
11-2-2021	// Evaluation date
P001_FLEX	23-1-2021	12:03:01:334	// Source file name and timestamp
250.000	// Sampling rate
5.911	// Data capture period



Sample #	Right_Leg_Flexion	Right_Leg_Abduction	
0	-11.419377	-1.752311	
1	-11.417752	-1.740073	
2	-11.415221	-1.737301	
3	-11.409417	-1.744073	
4	-11.397094	-1.758736	
5	-11.375390	-1.779137	
6	-11.343039	-1.803101	
7	-11.300635	-1.828702	
8	-11.250065	-1.854940	
9	-11.194025	-1.881848	
10	-11.135981	-1.909465	
11	-11.079413	-1.936913	
12	-11.026202	-1.963143	
13	-10.975951	-1.988496	
14	-10.926766	-2.014560	
15	-10.875991	-2.042469	
16	-10.820307	-2.072376	
17	-10.756169	-2.104595	
18	-10.680698	-2.140024	
19	-10.592075	-2.178836	
20	-10.489720	-2.219368	
21	-10.375133	-2.258934	
22	-10.252322	-2.295121	
23	-10.126712	-2.325636	
24	-10.003674	-2.347865	
25	-9.887975	-2.359568	
26	-9.783746	-2.359454	
27	-9.693996	-2.347294	
28	-9.619717	-2.324683	
29	-9.559463	-2.295326	
30	-9.509790	-2.263954	
31	-9.466375	-2.235450	
32	-9.425338	-2.214394	
33	-9.383935	-2.203658	
34	-9.340415	-2.203061	
35	-9.293733	-2.210652	
36	-9.243506	-2.225881	
37	-9.189966	-2.250767	
38	-9.133759	-2.287312	
39	-9.075601	-2.334073	
40	-9.015917	-2.386106	
41	-8.954743	-2.438189	
42	-8.891779	-2.487249	
43	-8.826538	-2.532479	
44	-8.758862	-2.574796	
45	-8.689607	-2.615990	
46	-8.620792	-2.657575	
47	-8.554789	-2.700247	
48	-8.493299	-2.743803	
49	-8.437147	-2.787128	
50	-8.386447	-2.828564	
51	-8.340662	-2.866685	
52	-8.298948	-2.900826	
53	-8.260806	-2.930404	
54	-8.226493	-2.953718	
55	-8.196735	-2.967912	
56	-8.172305	-2.970018	
57	-8.154151	-2.958368	
58	-8.143373	-2.933512	
59	-8.140663	-2.897885	
60	-8.146103	-2.855069	
61	-8.159349	-2.809089	
62	-8.179422	-2.763169	
63	-8.204221	-2.718527	
64	-8.230750	-2.674533	
65	-8.256418	-2.630258	
66	-8.280107	-2.585758	
67	-8.301962	-2.541513	
68	-8.322499	-2.496872	
69	-8.341780	-2.449660	
70	-8.358993	-2.397150	
71	-8.372643	-2.337344	
72	-8.381024	-2.270167	
73	-8.382628	-2.198622	
74	-8.376503	-2.128571	
75	-8.362418	-2.066341	
76	-8.340572	-2.016462	
77	-8.311168	-1.981295	
78	-8.274358	-1.960900	
79	-8.230514	-1.952337	
80	-8.180534	-1.949996	
81	-8.125868	-1.947838	
82	-8.068181	-1.941614	
83	-8.009013	-1.928875	
84	-7.949426	-1.907902	
85	-7.889590	-1.878026	
86	-7.828911	-1.840552	
87	-7.766337	-1.798296	
88	-7.699879	-1.754383	
89	-7.626511	-1.711512	
90	-7.544011	-1.671739	
91	-7.453059	-1.636768	
92	-7.356584	-1.607940	
93	-7.257360	-1.585923	
94	-7.157233	-1.571107	
95	-7.057869	-1.563560	
96	-6.960967	-1.561913	
97	-6.868082	-1.563016	
98	-6.780599	-1.563015	
99	-6.699418	-1.558889	
100	-6.624496	-1.549668	
101	-6.554636	-1.536357	
102	-6.487399	-1.520442	
103	-6.419829	-1.502305	
104	-6.350088	-1.480271	
105	-6.278431	-1.450471	
106	-6.206623	-1.407997	
107	-6.136529	-1.349141	
108	-6.069152	-1.273520	
109	-6.004966	-1.184679	
110	-5.944708	-1.088153	
111	-5.889017	-0.987952	
112	-5.837208	-0.884806	
113	-5.787046	-0.778048	
114	-5.735820	-0.668901	
115	-5.681563	-0.561981	
116	-5.623716	-0.464182	
117	-5.562687	-0.381520	
118	-5.499001	-0.315753	
119	-5.433663	-0.263866	
120	-5.368593	-0.220598	
121	-5.305590	-0.181477	
122	-5.245312	-0.144399	
123	-5.187542	-0.108752	
124	-5.131864	-0.073536	
125	-5.077892	-0.037369	
126	-5.025526	-0.000219	
127	-4.975402	0.036198	
128	-4.928762	0.069999	
129	-4.886583	0.099770	
130	-4.849276	0.123621	
131	-4.816715	0.138848	
132	-4.786827	0.142212	
133	-4.754430	0.130361	
134	-4.713499	0.101091	
135	-4.660830	0.054229	
136	-4.596974	-0.009227	
137	-4.524688	-0.088381	
138	-4.447616	-0.182546	
139	-4.369419	-0.290452	
140	-4.292849	-0.409156	
141	-4.219884	-0.533180	
142	-4.152446	-0.655198	
143	-4.092247	-0.768102	
144	-4.040190	-0.866082	
145	-3.995944	-0.944390	
146	-3.958183	-0.999172	
147	-3.925792	-1.027513	
148	-3.899071	-1.028468	
149	-3.879740	-1.005362	
150	-3.869311	-0.966230	
151	-3.866831	-0.920655	
152	-3.868112	-0.875881	
153	-3.867197	-0.835329	
154	-3.859165	-0.799843	
155	-3.842496	-0.770119	
156	-3.819073	-0.747822	
157	-3.791947	-0.734411	
158	-3.762955	-0.729640	
159	-3.731519	-0.730972	
160	-3.695088	-0.733958	
161	-3.651059	-0.734335	
162	-3.598186	-0.730543	
163	-3.536383	-0.724027	
164	-3.466567	-0.717569	
165	-3.390837	-0.713509	
166	-3.311763	-0.712674	
167	-3.231512	-0.714153	
168	-3.151678	-0.716174	
169	-3.072969	-0.717489	
170	-2.994843	-0.717347	
171	-2.916060	-0.713778	
172	-2.835612	-0.702753	
173	-2.753095	-0.679661	
174	-2.668746	-0.641606	
175	-2.583671	-0.588579	
176	-2.499916	-0.523040	
177	-2.419690	-0.448796	
178	-2.344716	-0.370304	
179	-2.276494	-0.292903	
180	-2.215980	-0.223433	
181	-2.162613	-0.169431	
182	-2.114547	-0.136348	
183	-2.069651	-0.125571	
184	-2.025701	-0.135134	
185	-1.980477	-0.161405	
186	-1.932212	-0.200378	
187	-1.879062	-0.248667	
188	-1.818102	-0.303869	
189	-1.746323	-0.363600	
190	-1.663051	-0.424120	
191	-1.570243	-0.481016	
192	-1.470382	-0.531229	
193	-1.364884	-0.573654	
194	-1.253929	-0.608678	
195	-1.136898	-0.638339	
196	-1.013123	-0.666801	
197	-0.882638	-0.699786	
198	-0.746073	-0.743353	
199	-0.603555	-0.803077	
200	-0.453470	-0.882555	
201	-0.292146	-0.981075	
202	-0.114979	-1.092862	
203	0.082070	-1.209241	
204	0.302342	-1.322141	
205	0.548534	-1.426337	
206	0.821060	-1.518995	
207	1.116653	-1.597671	
208	1.429038	-1.659397	
209	1.750592	-1.702007	
210	2.074280	-1.726219	
211	2.395199	-1.735716	
212	2.710119	-1.733960	
213	3.015795	-1.720059	
214	3.308632	-1.687951	
215	3.587483	-1.630918	
216	3.859989	-1.549984	
217	4.148068	-1.461258	
218	4.484973	-1.394867	
219	4.904068	-1.383794	
220	5.427970	-1.451534	
221	6.063309	-1.607129	
222	6.799536	-1.845122	
223	7.611294	-2.146451	
224	8.464924	-2.481419	
225	9.326408	-2.814860	
226	10.168438	-3.113628	
227	10.975250	-3.355630	
228	11.742440	-3.534635	
229	12.472455	-3.658103	
230	13.170596	-3.742638	
231	13.843690	-3.808867	
232	14.499102	-3.874526	
233	15.142965	-3.950013	
234	15.779759	-4.040359	
235	16.413734	-4.149674	
236	17.049017	-4.282425	
237	17.688053	-4.441630	
238	18.331794	-4.627467	
239	18.981291	-4.837597	
240	19.637526	-5.067605	
241	20.300678	-5.310502	
242	20.971510	-5.557254	
243	21.653826	-5.799800	
244	22.354976	-6.033298	
245	23.082873	-6.255114	
246	23.841730	-6.463399	
247	24.630958	-6.657245	
248	25.447632	-6.836642	
249	26.288115	-7.002724	
250	27.147041	-7.158858	
251	28.016965	-7.309243	
252	28.890139	-7.456006	
253	29.760355	-7.599810	
254	30.624308	-7.742368	
255	31.482448	-7.886607	
256	32.337975	-8.035133	
257	33.194363	-8.189220	
258	34.053972	-8.349555	
259	34.918397	-8.517952	
260	35.788805	-8.696898	
261	36.666144	-8.888096	
262	37.551704	-9.093600	
263	38.445233	-9.313821	
264	39.340605	-9.539422	
265	40.225693	-9.750464	
266	41.088245	-9.926163	
267	41.921319	-10.052409	
268	42.724433	-10.124805	
269	43.502970	-10.150972	
270	44.267783	-10.149872	
271	45.031874	-10.146045	
272	45.803890	-10.160112	
273	46.584508	-10.202314	
274	47.368133	-10.274103	
275	48.146904	-10.373003	
276	48.915061	-10.494857	
277	49.672057	-10.634219	
278	50.422359	-10.785532	
279	51.171951	-10.943959	
280	51.923905	-11.103852	
281	52.676885	-11.257742	
282	53.427526	-11.398462	
283	54.171682	-11.521668	
284	54.903048	-11.625985	
285	55.614802	-11.712043	
286	56.304441	-11.781633	
287	56.975777	-11.836476	
288	57.636116	-11.877843	
289	58.291378	-11.907429	
290	58.943193	-11.927731	
291	59.590624	-11.942310	
292	60.234646	-11.956433	
293	60.880361	-11.976489	
294	61.534379	-12.005986	
295	62.200482	-12.039995	
296	62.877561	-12.065236	
297	63.560291	-12.067179	
298	64.241945	-12.037177	
299	64.917769	-11.975320	
300	65.585958	-11.888867	
301	66.246405	-11.787692	
302	66.900873	-11.680570	
303	67.554998	-11.574598	
304	68.217382	-11.474655	
305	68.894238	-11.382005	
306	69.584428	-11.295496	
307	70.279729	-11.213399	
308	70.970695	-11.132405	
309	71.653395	-11.046590	
310	72.331112	-10.948020	
311	73.010376	-10.827787	
312	73.695968	-10.678972	
313	74.388757	-10.500245	
314	75.086401	-10.294921	
315	75.785974	-10.067283	
316	76.486807	-9.822533	
317	77.190764	-9.568691	
318	77.900341	-9.315212	
319	78.617264	-9.069849	
320	79.342128	-8.836940	
321	80.074361	-8.616537	
322	80.812253	-8.404353	
323	81.553552	-8.193212	
324	82.296373	-7.975266	
325	83.039230	-7.745186	
326	83.780731	-7.503806	
327	84.519916	-7.259107	
328	85.256586	-7.023267	
329	85.991200	-6.806933	
330	86.724746	-6.612780	
331	87.458739	-6.432634	
332	88.194913	-6.252107	
333	88.934690	-6.060230	
334	89.678901	-5.854850	
335	90.426696	-5.638752	
336	91.174918	-5.413083	
337	91.920923	-5.177051	
338	92.665826	-4.932830	
339	93.413791	-4.686990	
340	94.168516	-4.445881	
341	94.929624	-4.211744	
342	95.691459	-3.984090	
343	96.445673	-3.763529	
344	97.184848	-3.554811	
345	97.904476	-3.366753	
346	98.603921	-3.207329	
347	99.286477	-3.078113	
348	99.958393	-2.972865	
349	100.627040	-2.878818	
350	101.297986	-2.779807	
351	101.973311	-2.662153	
352	102.652898	-2.519679	
353	103.335746	-2.353996	
354	104.019847	-2.171106	
355	104.702815	-1.977810	
356	105.382970	-1.779892	
357	106.058546	-1.580331	
358	106.726129	-1.376905	
359	107.380836	-1.163028	
360	108.017776	-0.932681	
361	108.633066	-0.683865	
362	109.223574	-0.417570	
363	109.786071	-0.135866	
364	110.317256	0.157394	
365	110.813939	0.454082	
366	111.272969	0.741709	
367	111.693088	1.008433	
368	112.077944	1.249525	
369	112.435229	1.468562	
370	112.770850	1.671163	
371	113.084983	1.858556	
372	113.375401	2.028648	
373	113.643180	2.181043	
374	113.893070	2.319475	
375	114.129218	2.450561	
376	114.352542	2.581296	
377	114.561860	2.718320	
378	114.755441	2.866731	
379	114.930796	3.025538	
380	115.084367	3.184813	
381	115.212483	3.329008	
382	115.312543	3.444262	
383	115.383846	3.525417	
384	115.428043	3.577948	
385	115.448231	3.612211	
386	115.447499	3.634435	
387	115.428113	3.643912	
388	115.389570	3.639469	
389	115.325999	3.626198	
390	115.227196	3.614295	
391	115.083506	3.613375	
392	114.890498	3.628222	
393	114.651072	3.656617	
394	114.374872	3.689254	
395	114.075588	3.712123	
396	113.766828	3.709718	
397	113.458128	3.670592	
398	113.153532	3.595545	
399	112.853132	3.498791	
400	112.555330	3.398713	
401	112.257761	3.308803	
402	111.956891	3.234955	
403	111.647406	3.175865	
404	111.322549	3.123950	
405	110.975624	3.068004	
406	110.601694	2.997351	
407	110.198454	2.904749	
408	109.766328	2.787201	
409	109.308205	2.644848	
410	108.828615	2.479597	
411	108.332206	2.295244	
412	107.822408	2.096672	
413	107.300474	1.886550	
414	106.765065	1.663229	
415	106.213478	1.422420	
416	105.643355	1.159877	
417	105.052784	0.872915	
418	104.440035	0.562482	
419	103.804194	0.236118	
420	103.145530	-0.091157	
421	102.465027	-0.400652	
422	101.763817	-0.678166	
423	101.042819	-0.920651	
424	100.303032	-1.135120	
425	99.546410	-1.332763	
426	98.776478	-1.524404	
427	97.998720	-1.718354	
428	97.220225	-1.919994	
429	96.446799	-2.131743	
430	95.679219	-2.352739	
431	94.913721	-2.579187	
432	94.146624	-2.805116	
433	93.376823	-3.023938	
434	92.604179	-3.231583	
435	91.828196	-3.428701	
436	91.049189	-3.619863	
437	90.269487	-3.810877	
438	89.492348	-4.006513	
439	88.719464	-4.210351	
440	87.949619	-4.425356	
441	87.179308	-4.653309	
442	86.403733	-4.894550	
443	85.617345	-5.149223	
444	84.814548	-5.418290	
445	83.990912	-5.703130	
446	83.144371	-6.004356	
447	82.275185	-6.320581	
448	81.384475	-6.648641	
449	80.473072	-6.985798	
450	79.541812	-7.331479	
451	78.592601	-7.687190	
452	77.629093	-8.054486	
453	76.656157	-8.431311	
454	75.678402	-8.810746	
455	74.698291	-9.183633	
456	73.714790	-9.540622	
457	72.723891	-9.873202	
458	71.720359	-10.175965	
459	70.698926	-10.447664	
460	69.654866	-10.690011	
461	68.584558	-10.907204	
462	67.485863	-11.106834	
463	66.358519	-11.300033	
464	65.205495	-11.499820	
465	64.033937	-11.717954	
466	62.853525	-11.961048	
467	61.673530	-12.227862	
468	60.500778	-12.510285	
469	59.338437	-12.798004	
470	58.185906	-13.082475	
471	57.040457	-13.356748	
472	55.898862	-13.613728	
473	54.757254	-13.846197	
474	53.611426	-14.047680	
475	52.459528	-14.212814	
476	51.304049	-14.337949	
477	50.150651	-14.422421	
478	49.005955	-14.468838	
479	47.875540	-14.481031	
480	46.761505	-14.462278	
481	45.661052	-14.417419	
482	44.567521	-14.356306	
483	43.472697	-14.293068	
484	42.370229	-14.240806	
485	41.259034	-14.204525	
486	40.142849	-14.176868	
487	39.026884	-14.141413	
488	37.915764	-14.080293	
489	36.813211	-13.978538	
490	35.722433	-13.824669	
491	34.646892	-13.611393	
492	33.590339	-13.335997	
493	32.556457	-12.999287	
494	31.549964	-12.605588	
495	30.578202	-12.165457	
496	29.650192	-11.697250	
497	28.772901	-11.221121	
498	27.948345	-10.749646	
499	27.174427	-10.287964	
500	26.446614	-9.841368	
501	25.757669	-9.417620	
502	25.097993	-9.023636	
503	24.458065	-8.664432	
504	23.831314	-8.345066	
505	23.215471	-8.069961	
506	22.611555	-7.839429	
507	22.022175	-7.648714	
508	21.450467	-7.490189	
509	20.898385	-7.355033	
510	20.364574	-7.233073	
511	19.843026	-7.110527	
512	19.323360	-6.967529	
513	18.794919	-6.781782	
514	18.252777	-6.539205	
515	17.699154	-6.241867	
516	17.137867	-5.902164	
517	16.566845	-5.528227	
518	15.978419	-5.122464	
519	15.368975	-4.695670	
520	14.746561	-4.273936	
521	14.129924	-3.891430	
522	13.542198	-3.579297	
523	13.000928	-3.355143	
524	12.509613	-3.217773	
525	12.059868	-3.151848	
526	11.640214	-3.136203	
527	11.240604	-3.148485	
528	10.852444	-3.167340	
529	10.468801	-3.175407	
530	10.085815	-3.162879	
531	9.703955	-3.129201	
532	9.326765	-3.080842	
533	8.956787	-3.025687	
534	8.592393	-2.967965	
535	8.229405	-2.908133	
536	7.865563	-2.846982	
537	7.502238	-2.788198	
538	7.142072	-2.737291	
539	6.786086	-2.700046	
540	6.433865	-2.681321	
541	6.087086	-2.682376	
542	5.752509	-2.697950	
543	5.440925	-2.716679	
544	5.162730	-2.725549	
545	4.923521	-2.715015	
546	4.722431	-2.680645	
547	4.553918	-2.621278	
548	4.411162	-2.537593	
549	4.287425	-2.432196	
550	4.174353	-2.309584	
551	4.060669	-2.176222	
552	3.934174	-2.040309	
553	3.785671	-1.910026	
554	3.611194	-1.791613	
555	3.411444	-1.688666	
556	3.190583	-1.603088	
557	2.955607	-1.537211	
558	2.715205	-1.493860	
559	2.478025	-1.472585	
560	2.251205	-1.466516	
561	2.039360	-1.464595	
562	1.844540	-1.456549	
563	1.667390	-1.435273	
564	1.508822	-1.396975	
565	1.371169	-1.342318	
566	1.257013	-1.277111	
567	1.166082	-1.209216	
568	1.093316	-1.144778	
569	1.029119	-1.088463	
570	0.961410	-1.045060	
571	0.879125	-1.019240	
572	0.775344	-1.014865	
573	0.648579	-1.033546	
574	0.502702	-1.072340	
575	0.345902	-1.124175	
576	0.188289	-1.180602	
577	0.038878	-1.233356	
578	-0.096424	-1.275319	
579	-0.215687	-1.300909	
580	-0.320969	-1.305549	
581	-0.417249	-1.287104	
582	-0.510756	-1.248189	
583	-0.606908	-1.195389	
584	-0.708155	-1.136402	
585	-0.812755	-1.078048	
586	-0.914660	-1.025303	
587	-1.004887	-0.981028	
588	-1.075032	-0.946406	
589	-1.121076	-0.921383	
590	-1.144542	-0.904950	
591	-1.150548	-0.895799	
592	-1.144931	-0.892896	
593	-1.132243	-0.894676	
594	-1.114536	-0.897888	
595	-1.091227	-0.899096	
596	-1.060469	-0.897655	
597	-1.020970	-0.895606	
598	-0.972802	-0.894956	
599	-0.916726	-0.896490	
600	-0.852551	-0.901025	
601	-0.778123	-0.910907	
602	-0.689841	-0.929564	
603	-0.583930	-0.959591	
604	-0.458398	-1.001694	
605	-0.314976	-1.054936	
606	-0.158492	-1.117722	
607	0.005771	-1.189571	
608	0.173543	-1.272499	
609	0.341605	-1.370126	
610	0.507896	-1.484658	
611	0.671501	-1.614687	
612	0.832203	-1.755586	
613	0.990681	-1.900412	
614	1.149621	-2.040629	
615	1.314492	-2.168652	
616	1.493870	-2.280299	
617	1.698774	-2.373252	
618	1.939157	-2.444305	
619	2.219741	-2.490501	
620	2.539471	-2.512386	
621	2.894007	-2.513988	
622	3.278731	-2.500076	
623	3.690165	-2.476227	
624	4.124716	-2.450900	
625	4.577758	-2.434133	
626	5.045377	-2.434186	
627	5.525602	-2.456053	
628	6.016637	-2.500595	
629	6.515291	-2.563263	
630	7.018817	-2.634823	
631	7.527538	-2.704402	
632	8.044225	-2.762303	
633	8.571597	-2.801937	
634	9.111666	-2.821393	
635	9.667036	-2.823340	
636	10.241637	-2.813571	
637	10.840099	-2.800333	
638	11.466914	-2.793296	
639	12.125940	-2.800538	
640	12.820734	-2.826533	
641	13.555485	-2.873980	
642	14.333842	-2.946906	
643	15.155692	-3.050404	
644	16.015942	-3.186176	
645	16.906921	-3.350465	
646	17.822995	-3.539530	
647	18.763363	-3.754686	
648	19.728001	-3.997491	
649	20.710512	-4.262274	
650	21.698743	-4.540306	
651	22.682260	-4.829591	
652	23.655979	-5.132785	
653	24.618731	-5.447157	
654	25.571999	-5.762038	
655	26.519487	-6.063686	
656	27.466547	-6.339249	
657	28.419195	-6.578303	
658	29.381465	-6.773804	
659	30.352685	-6.922236	
660	31.328488	-7.023212	
661	32.303918	-7.079350	
662	33.275154	-7.096207	
663	34.240820	-7.082414	
664	35.202979	-7.051720	
665	36.166515	-7.025190	
666	37.137295	-7.026177	
667	38.119836	-7.069070	
668	39.115570	-7.152429	
669	40.122453	-7.259906	
670	41.136854	-7.369042	
671	42.157189	-7.465938	
672	43.185347	-7.552470	
673	44.224667	-7.637669	
674	45.278088	-7.726957	
675	46.347769	-7.823269	
676	47.434232	-7.929647	
677	48.535113	-8.044113	
678	49.644673	-8.155251	
679	50.754501	-8.242282	
680	51.856172	-8.279887	
681	52.943929	-8.246612	
682	54.014035	-8.130112	
683	55.062800	-7.926999	
684	56.087063	-7.637747	
685	57.086657	-7.262684	
686	58.066167	-6.811199	
687	59.035055	-6.320368	
688	60.008335	-5.868945	
689	61.006187	-5.567947	
690	62.043814	-5.499031	
691	63.117226	-5.642570	
692	64.206478	-5.896803	
693	65.293071	-6.162292	
694	66.369996	-6.379893	
695	67.440369	-6.517983	
696	68.511847	-6.562596	
697	69.590947	-6.515798	
698	70.678895	-6.390395	
699	71.771426	-6.203509	
700	72.862382	-5.972900	
701	73.946983	-5.715201	
702	75.023070	-5.444438	
703	76.090739	-5.170184	
704	77.150202	-4.895697	
705	78.199940	-4.618463	
706	79.237092	-4.335324	
707	80.259086	-4.047815	
708	81.264720	-3.761106	
709	82.254150	-3.479886	
710	83.229195	-3.208077	
711	84.194404	-2.949836	
712	85.156627	-2.708145	
713	86.122209	-2.483070	
714	87.094193	-2.270703	
715	88.072232	-2.063335	
716	89.054485	-1.852271	
717	90.038523	-1.631295	
718	91.021213	-1.397671	
719	91.999005	-1.150378	
720	92.968295	-0.887598	
721	93.925678	-0.605880	
722	94.868371	-0.301999	
723	95.794575	0.023354	
724	96.704040	0.362416	
725	97.599116	0.701066	
726	98.485288	1.023790	
727	99.370361	1.318427	
728	100.262767	1.577389	
729	101.169298	1.797755	
730	102.092752	1.983205	
731	103.031178	2.144993	
732	103.979321	2.297623	
733	104.930386	2.452424	
734	105.876307	2.616174	
735	106.808017	2.794009	
736	107.717597	2.989924	
737	108.600523	3.204438	
738	109.456132	3.434002	
739	110.286577	3.672530	
740	111.094403	3.913466	
741	111.879777	4.152080	
742	112.639613	4.386080	
743	113.369579	4.613174	
744	114.067042	4.827671	
745	114.731913	5.019892	
746	115.365599	5.180550	
747	115.971280	5.306108	
748	116.554991	5.399753	
749	117.123319	5.469837	
750	117.679104	5.527508	
751	118.220967	5.581844	
752	118.745597	5.634848	
753	119.248017	5.680980	
754	119.720942	5.713685	
755	120.156359	5.735228	
756	120.548752	5.761147	
757	120.897302	5.815895	
758	121.205229	5.922396	
759	121.477324	6.092039	
760	121.717916	6.322462	
761	121.928658	6.600457	
762	122.105845	6.902450	
763	122.240452	7.193985	
764	122.320763	7.435174	
765	122.334485	7.593542	
766	122.272376	7.656665	
767	122.134650	7.633919	
768	121.933240	7.546557	
769	121.686196	7.417539	
770	121.410431	7.267129	
771	121.117933	7.110402	
772	120.814433	6.955800	
773	120.499114	6.806100	
774	120.166753	6.661876	
775	119.812560	6.527455	
776	119.435739	6.412916	
777	119.038239	6.325923	
778	118.621051	6.263292	
779	118.183138	6.213249	
780	117.722462	6.162390	
781	117.235370	6.099592	
782	116.716430	6.018019	
783	116.161838	5.916330	
784	115.573349	5.797902	
785	114.959114	5.668500	
786	114.330586	5.532639	
787	113.696615	5.389653	
788	113.059928	5.234219	
789	112.419269	5.061972	
790	111.772640	4.873774	
791	111.117859	4.674511	
792	110.452726	4.468815	
793	109.776047	4.259689	
794	109.087396	4.051206	
795	108.385745	3.848228	
796	107.669482	3.650764	
797	106.937280	3.451419	
798	106.187139	3.240917	
799	105.414574	3.015796	
800	104.613714	2.780566	
801	103.781040	2.543326	
802	102.917760	2.310711	
803	102.029424	2.086315	
804	101.124244	1.870326	
805	100.210576	1.659413	
806	99.293781	1.448444	
807	98.374717	1.231982	
808	97.451697	1.004214	
809	96.523573	0.759966	
810	95.590369	0.497112	
811	94.652545	0.217467	
812	93.711436	-0.074631	
813	92.770239	-0.374283	
814	91.834227	-0.677909	
815	90.908987	-0.983582	
816	89.996993	-1.287967	
817	89.096167	-1.583502	
818	88.202057	-1.861120	
819	87.310377	-2.115418	
820	86.417175	-2.346221	
821	85.517854	-2.558525	
822	84.607147	-2.763383	
823	83.680045	-2.976405	
824	82.732096	-3.213485	
825	81.759047	-3.487188	
826	80.758163	-3.804332	
827	79.730908	-4.164086	
828	78.682828	-4.558559	
829	77.620521	-4.976141	
830	76.549747	-5.403716	
831	75.475013	-5.827293	
832	74.398633	-6.233685	
833	73.319982	-6.612439	
834	72.236642	-6.956771	
835	71.146553	-7.263362	
836	70.048505	-7.531223	
837	68.941084	-7.761617	
838	67.822824	-7.958632	
839	66.694031	-8.127727	
840	65.558305	-8.273205	
841	64.422299	-8.396813	
842	63.293641	-8.497916	
843	62.178605	-8.575745	
844	61.081296	-8.632793	
845	60.003269	-8.676727	
846	58.941789	-8.719355	
847	57.888754	-8.773720	
848	56.833424	-8.852345	
849	55.767960	-8.966049	
850	54.691443	-9.121957	
851	53.609233	-9.324249	
852	52.529208	-9.574836	
853	51.458629	-9.868891	
854	50.402426	-10.192156	
855	49.361978	-10.524678	
856	48.335442	-10.846108	
857	47.319547	-11.138729	
858	46.310199	-11.387696	
859	45.302142	-11.580834	
860	44.290276	-11.709008	
861	43.272471	-11.765917	
862	42.251378	-11.748274	
863	41.233958	-11.656072	
864	40.229773	-11.492333	
865	39.249244	-11.264040	
866	38.301413	-10.981900	
867	37.390685	-10.653989	
868	36.515333	-10.279131	
869	35.671384	-9.853478	
870	34.859020	-9.386037	
871	34.084403	-8.902454	
872	33.356311	-8.436034	
873	32.682692	-8.022062	
874	32.068756	-7.693357	
875	31.514939	-7.468115	
876	31.015150	-7.338629	
877	30.557747	-7.275017	
878	30.129475	-7.243202	
879	29.718573	-7.218920	
880	29.315543	-7.188767	
881	28.913169	-7.148175	
882	28.505946	-7.100443	
883	28.089634	-7.053754	
884	27.661192	-7.017162	
885	27.217561	-6.996501	
886	26.755047	-6.991801	
887	26.271131	-6.999114	
888	25.766308	-7.014756	
889	25.245121	-7.037143	
890	24.716624	-7.064778	
891	24.192735	-7.094295	
892	23.685574	-7.122461	
893	23.205244	-7.147500	
894	22.757308	-7.164864	
895	22.341644	-7.164266	
896	21.954053	-7.134640	
897	21.587606	-7.070207	
898	21.231681	-6.968524	
899	20.872143	-6.825604	
900	20.496647	-6.640077	
901	20.101941	-6.423639	
902	19.695213	-6.201408	
903	19.286954	-5.996539	
904	18.882069	-5.814840	
905	18.478537	-5.646924	
906	18.075149	-5.485111	
907	17.677889	-5.334580	
908	17.295155	-5.206043	
909	16.929805	-5.102206	
910	16.580314	-5.014548	
911	16.245364	-4.928629	
912	15.922962	-4.830748	
913	15.608919	-4.713870	
914	15.299150	-4.579675	
915	14.992285	-4.435477	
916	14.690028	-4.289480	
917	14.395161	-4.146265	
918	14.108570	-4.004202	
919	13.828102	-3.857752	
920	13.549680	-3.702363	
921	13.269151	-3.536771	
922	12.984098	-3.362485	
923	12.694079	-3.182577	
924	12.398841	-3.000870	
925	12.097220	-2.822131	
926	11.788228	-2.652018	
927	11.471856	-2.495698	
928	11.147945	-2.356042	
929	10.815434	-2.232376	
930	10.473518	-2.121053	
931	10.122690	-2.018090	
932	9.764488	-1.920935	
933	9.400961	-1.828274	
934	9.034437	-1.740303	
935	8.668363	-1.659570	
936	8.308965	-1.590213	
937	7.964654	-1.535366	
938	7.642483	-1.494631	
939	7.345686	-1.463755	
940	7.074854	-1.437161	
941	6.830920	-1.410770	
942	6.616664	-1.381399	
943	6.435124	-1.343767	
944	6.286831	-1.290584	
945	6.169442	-1.216289	
946	6.080273	-1.120164	
947	6.018170	-1.007207	
948	5.982745	-0.886333	
949	5.973221	-0.766333	
950	5.988070	-0.652729	
951	6.024284	-0.546908	
952	6.076496	-0.447047	
953	6.136969	-0.350920	
954	6.196173	-0.258796	
955	6.243988	-0.174149	
956	6.271657	-0.102341	
957	6.272970	-0.048415	
958	6.244275	-0.015624	
959	6.184666	-0.005369	
960	6.096403	-0.017459	
961	5.984560	-0.050231	
962	5.855773	-0.100647	
963	5.717340	-0.164359	
964	5.577473	-0.236646	
965	5.445537	-0.314021	
966	5.331232	-0.394936	
967	5.242764	-0.479666	
968	5.184460	-0.570306	
969	5.155747	-0.670766	
970	5.153018	-0.786285	
971	5.172923	-0.921843	
972	5.214068	-1.079737	
973	5.275339	-1.257654	
974	5.352493	-1.448014	
975	5.436598	-1.639377	
976	5.515721	-1.819969	
977	5.578801	-1.980391	
978	5.619328	-2.114034	
979	5.636904	-2.217572	
980	5.636699	-2.291920	
981	5.627750	-2.341331	
982	5.620962	-2.370849	
983	5.626933	-2.384466	
984	5.653370	-2.384915	
985	5.703493	-2.374309	
986	5.776851	-2.354902	
987	5.871233	-2.329549	
988	5.984569	-2.301483	
989	6.117099	-2.273792	
990	6.272097	-2.249095	
991	6.453158	-2.229203	
992	6.660556	-2.214368	
993	6.890550	-2.202092	
994	7.137282	-2.187782	
995	7.394678	-2.168907	
996	7.658155	-2.148599	
997	7.926472	-2.134710	
998	8.201625	-2.136087	
999	8.486514	-2.159195	
1000	8.783724	-2.206506	
1001	9.095861	-2.276314	
1002	9.424809	-2.362522	
1003	9.770660	-2.454917	
1004	10.131955	-2.541583	
1005	10.505622	-2.612695	
1006	10.886198	-2.662853	
1007	11.267055	-2.690161	
1008	11.643919	-2.693715	
1009	12.017369	-2.673257	
1010	12.392817	-2.631722	
1011	12.778785	-2.576143	
1012	13.183649	-2.514512	
1013	13.612049	-2.453510	
1014	14.063126	-2.399366	
1015	14.531685	-2.357325	
1016	15.012213	-2.328268	
1017	15.502946	-2.307177	
1018	16.006792	-2.288015	
1019	16.530200	-2.272220	
1020	17.081600	-2.271654	
1021	17.669108	-2.303199	
1022	18.299411	-2.383174	
1023	18.978544	-2.526879	
1024	19.711131	-2.748174	
1025	20.496542	-3.054009	
1026	21.325782	-3.437786	
1027	22.184562	-3.879175	
1028	23.059815	-4.349383	
1029	23.942397	-4.816561	
1030	24.826527	-5.252293	
1031	25.708383	-5.636667	
1032	26.585115	-5.956607	
1033	27.456833	-6.202737	
1034	28.328592	-6.371902	
1035	29.207974	-6.470376	
1036	30.100859	-6.509790	
1037	31.009717	-6.500787	
1038	31.934010	-6.453914	
1039	32.869952	-6.381423	
1040	33.810137	-6.291227	
1041	34.745590	-6.183456	
1042	35.669216	-6.057570	
1043	36.578321	-5.917972	
1044	37.475576	-5.769564	
1045	38.367909	-5.613709	
1046	39.264425	-5.454530	
1047	40.174306	-5.305881	
1048	41.105678	-5.189620	
1049	42.067057	-5.130881	
1050	43.066745	-5.149522	
1051	44.108030	-5.247185	
1052	45.186902	-5.404595	
1053	46.294315	-5.592802	
1054	47.420258	-5.785385	
1055	48.557317	-5.963197	
1056	49.700765	-6.111770	
1057	50.845827	-6.216594	
1058	51.985818	-6.261917	
1059	53.114088	-6.234607	
1060	54.228693	-6.128702	
1061	55.335474	-5.946495	
1062	56.447804	-5.698604	
1063	57.581658	-5.403481	
1064	58.746606	-5.083908	
1065	59.940965	-4.762347	
1066	61.155051	-4.457189	
1067	62.376474	-4.181052	
1068	63.593769	-3.941934	
1069	64.798645	-3.744876	
1070	65.986638	-3.591874	
1071	67.156675	-3.480791	
1072	68.310286	-3.405047	
1073	69.450792	-3.353894	
1074	70.582796	-3.313046	
1075	71.711432	-3.267918	
1076	72.840970	-3.208143	
1077	73.973644	-3.128843	
1078	75.109834	-3.028875	
1079	76.249332	-2.909335	
1080	77.391686	-2.772614	
1081	78.534964	-2.619512	
1082	79.674825	-2.446071	
1083	80.805472	-2.245700	
1084	81.922729	-2.014279	
1085	83.026817	-1.751920	
1086	84.120901	-1.463117	
1087	85.207491	-1.156991	
1088	86.288161	-0.844960	
1089	87.365397	-0.537345	
1090	88.441908	-0.241069	
1091	89.518451	0.041749	
1092	90.594904	0.312516	
1093	91.673884	0.572013	
1094	92.760958	0.818221	
1095	93.861026	1.049087	
1096	94.975917	1.266133	
1097	96.104369	1.473787	
1098	97.242398	1.675595	
1099	98.383670	1.872498	
1100	99.520649	2.065222	
1101	100.646431	2.258398	
1102	101.756402	2.462673	
1103	102.848980	2.692253	
1104	103.924802	2.958642	
1105	104.985180	3.264649	
1106	106.031908	3.602248	
1107	107.067637	3.954266	
1108	108.094031	4.298943	
1109	109.108461	4.617367	
1110	110.103530	4.900388	
1111	111.071378	5.148964	
1112	112.008337	5.368736	
1113	112.915113	5.566830	
1114	113.794887	5.752956	
1115	114.652746	5.938535	
1116	115.494317	6.132266	
1117	116.322234	6.338034	
1118	117.134549	6.555706	
1119	117.928324	6.778949	
1120	118.702485	6.993468	
1121	119.453951	7.183659	
1122	120.174431	7.341541	
1123	120.854842	7.467582	
1124	121.489851	7.566066	
1125	122.076142	7.641379	
1126	122.609356	7.695995	
1127	123.085093	7.730465	
1128	123.502398	7.745680	
1129	123.864648	7.744688	
1130	124.176320	7.732775	
1131	124.439992	7.717197	
1132	124.657008	7.707224	
1133	124.829203	7.713855	
1134	124.957807	7.748312	
1135	125.041496	7.819471	
1136	125.077792	7.931699	
1137	125.065673	8.083479	
1138	125.005964	8.266183	
1139	124.901559	8.463318	
1140	124.759121	8.650685	
1141	124.589600	8.799029	
1142	124.403337	8.884913	
1143	124.201580	8.905721	
1144	123.974603	8.879123	
1145	123.709086	8.825079	
1146	123.395263	8.753261	
1147	123.029043	8.665372	
1148	122.611765	8.561408	
1149	122.148690	8.441001	
1150	121.646337	8.301324	
1151	121.109990	8.137947	
1152	120.542260	7.950112	
1153	119.943856	7.745597	
1154	119.316750	7.540499	
1155	118.666065	7.351919	
1156	117.998800	7.188783	
1157	117.321612	7.051555	
1158	116.639370	6.939892	
1159	115.956328	6.855291	
1160	115.279196	6.796533	
1161	114.616056	6.759273	
1162	113.970591	6.740941	
1163	113.338620	6.739774	
1164	112.707931	6.748307	
1165	112.059974	6.751470	
1166	111.377867	6.732861	
1167	110.656774	6.683715	
1168	109.903600	6.605005	
1169	109.127295	6.503192	
1170	108.333794	6.387083	
1171	107.528942	6.264473	
1172	106.720062	6.138242	
1173	105.911959	6.006100	
1174	105.104083	5.862091	
1175	104.292446	5.699017	
1176	103.471759	5.513172	
1177	102.635005	5.305918	
1178	101.772799	5.079056	
1179	100.876741	4.832190	
1180	99.945391	4.566096	
1181	98.984369	4.284142	
1182	98.001280	3.988544	
1183	97.003672	3.677708	
1184	95.998411	3.347332	
1185	94.988985	2.993124	
1186	93.974449	2.612902	
1187	92.951897	2.206972	
1188	91.919810	1.778866	
1189	90.880102	1.337095	
1190	89.838170	0.893305	
1191	88.800867	0.456403	
1192	87.773117	0.030290	
1193	86.755113	-0.381887	
1194	85.742267	-0.773977	
1195	84.728076	-1.138667	
1196	83.707312	-1.472656	
1197	82.676940	-1.780587	
1198	81.634413	-2.074433	
1199	80.575567	-2.368840	
1200	79.495737	-2.675913	
1201	78.393282	-3.001205	
1202	77.270619	-3.342320	
1203	76.132349	-3.692980	
1204	74.982711	-4.049800	
1205	73.823429	-4.413685	
1206	72.653625	-4.785690	
1207	71.470999	-5.163778	
1208	70.272290	-5.542117	
1209	69.054929	-5.913505	
1210	67.819423	-6.274711	
1211	66.568456	-6.628347	
1212	65.303702	-6.979286	
1213	64.024714	-7.332151	
1214	62.731100	-7.692103	
1215	61.425148	-8.064633	
1216	60.111336	-8.452763	
1217	58.793663	-8.854793	
1218	57.474261	-9.264532	
1219	56.153119	-9.673829	
1220	54.827483	-10.076192	
1221	53.492267	-10.468112	
1222	52.142279	-10.847135	
1223	50.775051	-11.209774	
1224	49.392783	-11.551054	
1225	48.002097	-11.865799	
1226	46.611215	-12.149944	
1227	45.226567	-12.399422	
1228	43.852471	-12.608674	
1229	42.493011	-12.771268	
1230	41.152154	-12.880197	
1231	39.833948	-12.927727	
1232	38.543738	-12.907626	
1233	37.286506	-12.817263	
1234	36.064776	-12.656856	
1235	34.880595	-12.429459	
1236	33.738069	-12.143166	
1237	32.641331	-11.810797	
1238	31.590315	-11.446002	
1239	30.580992	-11.061351	
1240	29.609128	-10.669351	
1241	28.670958	-10.282394	
1242	27.762113	-9.911167	
1243	26.879687	-9.563537	
1244	26.024459	-9.245333	
1245	25.199054	-8.961510	
1246	24.404373	-8.714650	
1247	23.638083	-8.502330	
1248	22.895707	-8.317405	
1249	22.173023	-8.150337	
1250	21.467991	-7.989309	
1251	20.781811	-7.818667	
1252	20.118776	-7.620516	
1253	19.483175	-7.380363	
1254	18.875465	-7.091893	
1255	18.292491	-6.757803	
1256	17.730421	-6.388807	
1257	17.186407	-6.002392	
1258	16.658480	-5.620332	
1259	16.144950	-5.264648	
1260	15.645431	-4.954481	
1261	15.163754	-4.705339	
1262	14.706201	-4.523536	
1263	14.273651	-4.396200	
1264	13.858830	-4.294643	
1265	13.451543	-4.191164	
1266	13.042647	-4.067433	
1267	12.624823	-3.911279	
1268	12.194304	-3.715935	
1269	11.752807	-3.483187	
1270	11.307921	-3.223710	
1271	10.873501	-2.955746	
1272	10.467283	-2.700773	
1273	10.102524	-2.473849	
1274	9.781687	-2.278683	
1275	9.498815	-2.112421	
1276	9.244824	-1.970879	
1277	9.009570	-1.849196	
1278	8.781901	-1.741711	
1279	8.551187	-1.643902	
1280	8.310255	-1.553690	
1281	8.057344	-1.470120	
1282	7.796464	-1.392356	
1283	7.535900	-1.319826	
1284	7.284609	-1.251935	
1285	7.048891	-1.188378	
1286	6.831882	-1.130053	
1287	6.633821	-1.077756	
1288	6.451165	-1.029377	
1289	6.277493	-0.979721	
1290	6.106932	-0.923817	
1291	5.936481	-0.861086	
1292	5.766480	-0.797256	
1293	5.600650	-0.741911	
1294	5.444525	-0.702954	
1295	5.302420	-0.682140	
1296	5.175990	-0.675845	
1297	5.064669	-0.680235	
1298	4.965755	-0.693842	
1299	4.874537	-0.714792	
1300	4.786404	-0.739048	
1301	4.699810	-0.762809	
1302	4.616896	-0.784373	
1303	4.541112	-0.802968	
1304	4.474519	-0.817739	
1305	4.416946	-0.829201	
1306	4.366515	-0.840321	
1307	4.320306	-0.854793	
1308	4.274635	-0.874914	
1309	4.224921	-0.900417	
1310	4.165734	-0.928123	
1311	4.091677	-0.953895	
1312	3.998249	-0.975633	
1313	3.881468	-0.993896	
1314	3.737723	-1.010356	
1315	3.565500	-1.027037	
1316	3.367023	-1.047096	
1317	3.148362	-1.074748	
1318	2.919169	-1.113261	
1319	2.691767	-1.163502	
1320	2.478464	-1.224284	
1321	2.288274	-1.292395	
1322	2.125006	-1.362364	
1323	1.987313	-1.427815	
1324	1.870160	-1.482873	
1325	1.766855	-1.522596	
1326	1.670689	-1.544206	
1327	1.575909	-1.548625	
1328	1.478654	-1.540005	
1329	1.377949	-1.523387	
1330	1.275926	-1.502249	
1331	1.177079	-1.477300	
1332	1.086498	-1.447186	
1333	1.007056	-1.410644	
1334	0.937721	-1.368333	
1335	0.874989	-1.322717	
1336	0.815757	-1.276053	
1337	0.759018	-1.228304	
1338	0.705220	-1.177808	
1339	0.653605	-1.125049	
1340	0.600365	-1.075014	
1341	0.540103	-1.034581	
1342	0.468431	-1.008329	
1343	0.382614	-0.996954	
1344	0.281211	-0.997512	
1345	0.164566	-1.004199	
1346	0.035477	-1.010288	
1347	-0.100932	-1.010206	
1348	-0.238072	-1.000101	
1349	-0.369707	-0.977795	
1350	-0.492323	-0.943084	
1351	-0.605774	-0.897654	
1352	-0.711818	-0.844802	
1353	-0.813030	-0.789846	
1354	-0.912794	-0.740649	
1355	-1.014844	-0.707249	
1356	-1.122222	-0.700656	
1357	-1.236775	-0.730803	
1358	-1.359235	-0.803492	
1359	-1.488902	-0.918102	
1360	-1.623101	-1.067992	
1361	-1.756983	-1.242107	
1362	-1.883326	-1.425511	
1363	-1.993608	-1.600446	
1364	-2.081397	-1.750271	
1365	-2.144612	-1.863649	
1366	-2.184133	-1.935450	
1367	-2.201330	-1.964940	
1368	-2.197307	-1.954322	
1369	-2.173858	-1.909354	
1370	-2.134823	-1.840328	
1371	-2.086677	-1.760168	
1372	-2.037426	-1.679545	
1373	-1.994194	-1.603694	
1374	-1.961722	-1.533801	
1375	-1.942780	-1.469536	
1376	-1.939363	-1.410100	
1377	-1.953596	-1.355016	
1378	-1.987843	-1.304713	
1379	-2.044093	-1.259720	
1380	-2.123252	-1.219681	
1381	-2.224213	-1.184449	
1382	-2.342874	-1.156047	
1383	-2.472426	-1.137559	
1384	-2.605009	-1.129148	
1385	-2.733134	-1.126654	
1386	-2.850200	-1.124751	
1387	-2.950939	-1.120491	
1388	-3.032176	-1.114224	
1389	-3.093435	-1.108945	
1390	-3.137026	-1.109502	
1391	-3.167229	-1.121593	
1392	-3.188817	-1.149861	
1393	-3.205694	-1.195699	
1394	-3.220221	-1.256752	
1395	-3.233837	-1.328339	
1396	-3.248605	-1.404913	
1397	-3.268425	-1.480802	
1398	-3.298815	-1.550918	
1399	-3.345216	-1.611639	
1400	-3.411407	-1.661683	
1401	-3.498809	-1.702809	
1402	-3.605714	-1.739378	
1403	-3.726884	-1.775762	
1404	-3.854889	-1.813067	
1405	-3.982510	-1.848257	
1406	-4.104389	-1.876343	
1407	-4.217299	-1.893498	
1408	-4.319836	-1.899015	
1409	-4.412264	-1.895366	
1410	-4.496302	-1.886720	
1411	-4.574655	-1.877193	
1412	-4.650563	-1.869565	
1413	-4.727327	-1.864669	
1414	-4.807676	-1.862036	
1415	-4.893254	-1.861190	
1416	-4.984442	-1.861811	
1417	-5.080596	-1.862510	
1418	-5.180691	-1.860412	
1419	-5.284017	-1.853008	
1420	-5.390507	-1.840465	
1421	-5.500592	-1.825826	
1422	-5.614656	-1.813500	
1423	-5.732349	-1.808172	
1424	-5.852125	-1.814419	
1425	-5.971255	-1.835638	
1426	-6.086336	-1.872610	
1427	-6.193837	-1.923516	
1428	-6.290631	-1.985395	
1429	-6.374937	-2.055270	
1430	-6.446924	-2.130275	
1431	-6.508274	-2.207372	
1432	-6.561713	-2.283190	
1433	-6.611012	-2.353783	
1434	-6.660486	-2.414236	
1435	-6.713848	-2.459081	
1436	-6.773386	-2.483697	
1437	-6.839759	-2.485816	
1438	-6.912280	-2.466814	
1439	-6.989575	-2.431663	
1440	-7.070455	-2.387208	
1441	-7.154618	-2.341429	
1442	-7.242636	-2.303332	
1443	-7.335416	-2.280100	
1444	-7.433526	-2.273844	
1445	-7.536309	-2.282584	
1446	-7.641191	-2.303390	
1447	-7.744188	-2.333178	
1448	-7.841333	-2.367822	
1449	-7.929498	-2.402511	
1450	-8.006425	-2.433296	
1451	-8.071123	-2.458052	
1452	-8.124277	-2.476089	
1453	-8.167874	-2.486895	
1454	-8.204445	-2.489468	
1455	-8.236393	-2.483300	
1456	-8.265873	-2.469931	
1457	-8.295173	-2.453359	
1458	-8.326535	-2.438530	
1459	-8.361279	-2.428981	
1460	-8.399573	-2.425822	
1461	-8.441160	-2.428464	
1462	-8.485400	-2.435731	
1463	-8.530390	-2.446628	
1464	-8.573403	-2.460467	
1465	-8.612749	-2.476239	
1466	-8.648578	-2.492078	
1467	-8.682142	-2.505345	
1468	-8.714910	-2.513378	
1469	-8.748004	-2.514815	
1470	-8.782025	-2.510172	
1471	-8.817442	-2.500999	
1472	-8.855090	-2.488706	
1473	-8.895931	-2.474292	
1474	-8.940149	-2.459215	
1475	-8.986794	-2.445726	
1476	-9.034441	-2.435740	
1477	-9.081838	-2.429597	
