Athlete_Engineering	// User ID
11-2-2021	// Evaluation date
P001_WALK1	23-1-2021	12:04:48:534	// Source file name and timestamp
250.000	// Sampling rate
5.867	// Data capture period



Sample #	Right_Leg_Flexion	Right_Leg_Abduction	
0	-6.825825	-3.431400	
1	-6.823774	-3.459852	
2	-6.826082	-3.478159	
3	-6.833416	-3.485113	
4	-6.846797	-3.478789	
5	-6.866519	-3.456923	
6	-6.891777	-3.417479	
7	-6.921312	-3.359412	
8	-6.953706	-3.283871	
9	-6.986742	-3.196067	
10	-7.017197	-3.106181	
11	-7.041793	-3.026659	
12	-7.058441	-2.966940	
13	-7.067013	-2.929832	
14	-7.069284	-2.912168	
15	-7.067741	-2.908660	
16	-7.064270	-2.914765	
17	-7.059895	-2.926775	
18	-7.055009	-2.942066	
19	-7.049463	-2.960082	
20	-7.042874	-2.982249	
21	-7.035060	-3.011303	
22	-7.026230	-3.050330	
23	-7.016986	-3.101203	
24	-7.008146	-3.163239	
25	-7.000505	-3.232638	
26	-6.994782	-3.303563	
27	-6.991568	-3.371116	
28	-6.991206	-3.433456	
29	-6.993708	-3.490702	
30	-6.998502	-3.542926	
31	-7.004437	-3.590175	
32	-7.010446	-3.633395	
33	-7.016114	-3.674220	
34	-7.021359	-3.713719	
35	-7.025502	-3.751778	
36	-7.026936	-3.788317	
37	-7.023996	-3.824825	
38	-7.015846	-3.863727	
39	-7.002663	-3.905839	
40	-6.985672	-3.948811	
41	-6.966903	-3.988495	
42	-6.948403	-4.021681	
43	-6.931684	-4.047017	
44	-6.918015	-4.063587	
45	-6.908733	-4.070458	
46	-6.904880	-4.068404	
47	-6.906622	-4.060650	
48	-6.913083	-4.051224	
49	-6.922661	-4.042881	
50	-6.933501	-4.036268	
51	-6.943706	-4.030674	
52	-6.951362	-4.025495	
53	-6.954824	-4.020996	
54	-6.953243	-4.017951	
55	-6.946728	-4.017244	
56	-6.935867	-4.020061	
57	-6.921481	-4.027443	
58	-6.905035	-4.039062	
59	-6.888707	-4.053384	
60	-6.874822	-4.068998	
61	-6.865393	-4.084550	
62	-6.862021	-4.097565	
63	-6.865857	-4.104557	
64	-6.877051	-4.103107	
65	-6.893774	-4.093963	
66	-6.912152	-4.080591	
67	-6.927791	-4.066853	
68	-6.937527	-4.055670	
69	-6.940129	-4.048799	
70	-6.936238	-4.046006	
71	-6.927970	-4.044232	
72	-6.918200	-4.038453	
73	-6.909748	-4.024048	
74	-6.904806	-3.998813	
75	-6.904608	-3.963705	
76	-6.909335	-3.922602	
77	-6.918205	-3.880938	
78	-6.929712	-3.843372	
79	-6.942014	-3.812228	
80	-6.953443	-3.787638	
81	-6.962882	-3.768700	
82	-6.969898	-3.754745	
83	-6.974672	-3.745837	
84	-6.977705	-3.742175	
85	-6.979532	-3.742860	
86	-6.980740	-3.744872	
87	-6.981891	-3.743686	
88	-6.983112	-3.735830	
89	-6.984091	-3.721061	
90	-6.984781	-3.701852	
91	-6.985833	-3.681344	
92	-6.988157	-3.662008	
93	-6.992466	-3.644850	
94	-6.999297	-3.629164	
95	-7.009081	-3.613470	
96	-7.022106	-3.596884	
97	-7.038236	-3.579713	
98	-7.056415	-3.563090	
99	-7.074678	-3.548144	
100	-7.091013	-3.535700	
101	-7.104046	-3.526947	
102	-7.113078	-3.523509	
103	-7.118116	-3.525877	
104	-7.119943	-3.532259	
105	-7.119907	-3.539364	
106	-7.119466	-3.544063	
107	-7.119595	-3.544863	
108	-7.120443	-3.542156	
109	-7.121851	-3.536530	
110	-7.124097	-3.527179	
111	-7.127981	-3.512370	
112	-7.134601	-3.490802	
113	-7.144945	-3.462461	
114	-7.159140	-3.428606	
115	-7.176163	-3.391406	
116	-7.194214	-3.354191	
117	-7.211006	-3.321721	
118	-7.224109	-3.299005	
119	-7.231914	-3.288623	
120	-7.234412	-3.289027	
121	-7.232773	-3.296341	
122	-7.228386	-3.307622	
123	-7.222549	-3.321878	
124	-7.216643	-3.339147	
125	-7.212112	-3.359256	
126	-7.210193	-3.380367	
127	-7.211606	-3.398905	
128	-7.216290	-3.412791	
129	-7.223137	-3.424872	
130	-7.230342	-3.441841	
131	-7.236557	-3.469416	
132	-7.241534	-3.508351	
133	-7.245901	-3.554059	
134	-7.250886	-3.598849	
135	-7.257843	-3.634538	
136	-7.267754	-3.654571	
137	-7.281103	-3.656494	
138	-7.297764	-3.643955	
139	-7.317013	-3.624659	
140	-7.337781	-3.605300	
141	-7.358789	-3.589496	
142	-7.378847	-3.579202	
143	-7.397395	-3.575308	
144	-7.414434	-3.577391	
145	-7.429868	-3.584823	
146	-7.443203	-3.598129	
147	-7.453868	-3.618798	
148	-7.461557	-3.648238	
149	-7.466211	-3.687046	
150	-7.467718	-3.734544	
151	-7.465602	-3.788191	
152	-7.459337	-3.843033	
153	-7.449235	-3.892409	
154	-7.436767	-3.930026	
155	-7.424098	-3.950615	
156	-7.413607	-3.949266	
157	-7.407560	-3.921828	
158	-7.407667	-3.866380	
159	-7.414286	-3.785411	
160	-7.426219	-3.686428	
161	-7.441773	-3.579049	
162	-7.459615	-3.472356	
163	-7.478760	-3.373985	
164	-7.498402	-3.289295	
165	-7.517416	-3.221785	
166	-7.534005	-3.173393	
167	-7.546305	-3.143448	
168	-7.552887	-3.129647	
169	-7.552635	-3.130414	
170	-7.545150	-3.144416	
171	-7.531731	-3.168295	
172	-7.515473	-3.196410	
173	-7.499942	-3.222909	
174	-7.487664	-3.244126	
175	-7.479780	-3.259443	
176	-7.476535	-3.270086	
177	-7.477656	-3.277553	
178	-7.482628	-3.283216	
179	-7.490996	-3.288218	
180	-7.502238	-3.293062	
181	-7.515432	-3.297571	
182	-7.529523	-3.300990	
183	-7.544124	-3.301640	
184	-7.559887	-3.297032	
185	-7.577931	-3.285085	
186	-7.598809	-3.265425	
187	-7.621897	-3.239829	
188	-7.645555	-3.212446	
189	-7.667239	-3.190689	
190	-7.683533	-3.184377	
191	-7.691061	-3.201118	
192	-7.687503	-3.242668	
193	-7.671733	-3.305667	
194	-7.643755	-3.383209	
195	-7.604641	-3.466104	
196	-7.556022	-3.544961	
197	-7.499676	-3.611694	
198	-7.437642	-3.659878	
199	-7.372478	-3.684698	
200	-7.307388	-3.682777	
201	-7.246048	-3.652404	
202	-7.191867	-3.593942	
203	-7.147251	-3.509763	
204	-7.113461	-3.404583	
205	-7.090526	-3.286013	
206	-7.077040	-3.163649	
207	-7.070651	-3.047036	
208	-7.069298	-2.943493	
209	-7.072059	-2.856511	
210	-7.078897	-2.786441	
211	-7.089812	-2.732675	
212	-7.104108	-2.694736	
213	-7.119976	-2.672509	
214	-7.134488	-2.666319	
215	-7.143803	-2.676736	
216	-7.143372	-2.704477	
217	-7.128560	-2.750065	
218	-7.095475	-2.813007	
219	-7.041377	-2.890964	
220	-6.965260	-2.978296	
221	-6.869036	-3.063872	
222	-6.758130	-3.130990	
223	-6.640320	-3.161948	
224	-6.523476	-3.144785	
225	-6.413759	-3.077836	
226	-6.314830	-2.970665	
227	-6.228205	-2.840952	
228	-6.154476	-2.708221	
229	-6.093903	-2.588441	
230	-6.045942	-2.491902	
231	-6.008813	-2.423314	
232	-5.979443	-2.383171	
233	-5.953510	-2.369413	
234	-5.925943	-2.378296	
235	-5.892178	-2.404100	
236	-5.849320	-2.438218	
237	-5.796168	-2.469707	
238	-5.732627	-2.488184	
239	-5.659399	-2.487138	
240	-5.577572	-2.466941	
241	-5.487971	-2.436354	
242	-5.391127	-2.408947	
243	-5.287969	-2.395264	
244	-5.180458	-2.397235	
245	-5.071628	-2.408035	
246	-4.965133	-2.414331	
247	-4.864398	-2.399582	
248	-4.771342	-2.350169	
249	-4.685486	-2.262118	
250	-4.604544	-2.143588	
251	-4.526172	-2.012016	
252	-4.449332	-1.887906	
253	-4.374459	-1.786777	
254	-4.303071	-1.712287	
255	-4.237284	-1.655767	
256	-4.179047	-1.602027	
257	-4.129043	-1.536847	
258	-4.085503	-1.453975	
259	-4.044050	-1.358346	
260	-3.999182	-1.262026	
261	-3.946282	-1.175902	
262	-3.883044	-1.103313	
263	-3.809702	-1.039590	
264	-3.727914	-0.977580	
265	-3.639326	-0.914812	
266	-3.545020	-0.856885	
267	-3.446322	-0.813677	
268	-3.346212	-0.789969	
269	-3.249226	-0.779396	
270	-3.159423	-0.767840	
271	-3.078662	-0.740950	
272	-3.006761	-0.689002	
273	-2.942818	-0.609355	
274	-2.886286	-0.507346	
275	-2.837084	-0.394085	
276	-2.794821	-0.281686	
277	-2.758214	-0.178358	
278	-2.726019	-0.085142	
279	-2.698715	0.004265	
280	-2.678673	0.100559	
281	-2.668236	0.215047	
282	-2.667485	0.355899	
283	-2.673116	0.522930	
284	-2.678549	0.704213	
285	-2.675533	0.880323	
286	-2.657117	1.032989	
287	-2.620480	1.151307	
288	-2.568179	1.234287	
289	-2.506906	1.290081	
290	-2.443997	1.331813	
291	-2.384122	1.372009	
292	-2.328410	1.418230	
293	-2.275734	1.471291	
294	-2.224603	1.526727	
295	-2.174029	1.578655	
296	-2.123059	1.622926	
297	-2.070637	1.657527	
298	-2.016158	1.681568	
299	-1.959844	1.694218	
300	-1.902849	1.693798	
301	-1.847266	1.678258	
302	-1.796107	1.647670	
303	-1.753171	1.606510	
304	-1.722138	1.563357	
305	-1.704704	1.527681	
306	-1.699114	1.505083	
307	-1.701192	1.494131	
308	-1.707715	1.487865	
309	-1.718759	1.478841	
310	-1.736630	1.463352	
311	-1.762858	1.442624	
312	-1.795944	1.421714	
313	-1.831335	1.407123	
314	-1.863473	1.403854	
315	-1.888168	1.412829	
316	-1.903878	1.430267	
317	-1.911762	1.449976	
318	-1.914249	1.466591	
319	-1.912621	1.476801	
320	-1.905612	1.478413	
321	-1.889976	1.468784	
322	-1.862125	1.443651	
323	-1.820327	1.398599	
324	-1.767195	1.333907	
325	-1.710554	1.257679	
326	-1.660990	1.183145	
327	-1.627515	1.123766	
328	-1.614609	1.090384	
329	-1.622131	1.089771	
330	-1.646635	1.123420	
331	-1.682315	1.187494	
332	-1.721834	1.274313	
333	-1.757815	1.374533	
334	-1.784163	1.479549	
335	-1.796577	1.583535	
336	-1.793117	1.683792	
337	-1.775176	1.779073	
338	-1.747672	1.867659	
339	-1.717518	1.946951	
340	-1.691161	2.014348	
341	-1.672583	2.068298	
342	-1.662381	2.108744	
343	-1.657991	2.136870	
344	-1.655189	2.154871	
345	-1.650552	2.166008	
346	-1.642996	2.174245	
347	-1.632942	2.183394	
348	-1.621034	2.196743	
349	-1.608933	2.217960	
350	-1.601437	2.252572	
351	-1.606362	2.307059	
352	-1.630348	2.384535	
353	-1.674483	2.481504	
354	-1.734322	2.589142	
355	-1.802780	2.696759	
356	-1.872702	2.794515	
357	-1.938672	2.874896	
358	-1.997701	2.932940	
359	-2.048420	2.965661	
360	-2.090195	2.972398	
361	-2.123238	2.956559	
362	-2.148825	2.925788	
363	-2.168951	2.888879	
364	-2.185684	2.852213	
365	-2.199862	2.817540	
366	-2.209499	2.781307	
367	-2.210043	2.737445	
368	-2.197054	2.682655	
369	-2.169012	2.619286	
370	-2.128531	2.554230	
371	-2.081833	2.496320	
372	-2.036789	2.453990	
373	-2.000413	2.432778	
374	-1.976997	2.432562	
375	-1.967580	2.446716	
376	-1.970389	2.464681	
377	-1.981668	2.476264	
378	-1.997077	2.475007	
379	-2.013519	2.459686	
380	-2.030345	2.434626	
381	-2.049009	2.408750	
382	-2.071611	2.392513	
383	-2.099421	2.393954	
384	-2.132074	2.415972	
385	-2.167758	2.455318	
386	-2.203968	2.503445	
387	-2.238474	2.549591	
388	-2.270732	2.585098	
389	-2.302468	2.605817	
390	-2.336294	2.611545	
391	-2.374039	2.605163	
392	-2.416197	2.591846	
393	-2.461936	2.576536	
394	-2.509354	2.561561	
395	-2.556314	2.546864	
396	-2.601468	2.530859	
397	-2.644755	2.510976	
398	-2.687123	2.485937	
399	-2.729883	2.457557	
400	-2.774177	2.428356	
401	-2.820465	2.398079	
402	-2.868157	2.364143	
403	-2.916106	2.325101	
404	-2.963680	2.282558	
405	-3.011162	2.240051	
406	-3.058850	2.201415	
407	-3.105820	2.169874	
408	-3.150139	2.146574	
409	-3.190407	2.129285	
410	-3.226215	2.113635	
411	-3.256804	2.096917	
412	-3.279612	2.081424	
413	-3.290161	2.072839	
414	-3.283290	2.074369	
415	-3.254544	2.083938	
416	-3.200888	2.096905	
417	-3.121260	2.109350	
418	-3.016736	2.119286	
419	-2.889867	2.126372	
420	-2.744275	2.130820	
421	-2.584539	2.133478	
422	-2.414798	2.137674	
423	-2.236954	2.149991	
424	-2.050964	2.178228	
425	-1.856645	2.228367	
426	-1.654997	2.302738	
427	-1.448309	2.399961	
428	-1.238810	2.516867	
429	-1.026874	2.651390	
430	-0.810943	2.803388	
431	-0.589142	2.972844	
432	-0.360109	3.158343	
433	-0.122284	3.356590	
434	0.126434	3.562061	
435	0.387872	3.767811	
436	0.663679	3.967780	
437	0.957165	4.158218	
438	1.273974	4.336727	
439	1.619921	4.500462	
440	1.998896	4.646041	
441	2.412799	4.771386	
442	2.861717	4.876905	
443	3.343492	4.964756	
444	3.854155	5.037837	
445	4.389767	5.099401	
446	4.948173	5.151923	
447	5.529208	5.195162	
448	6.133752	5.226150	
449	6.762534	5.241958	
450	7.415679	5.242119	
451	8.094348	5.228913	
452	8.802708	5.206365	
453	9.546663	5.178595	
454	10.330908	5.148557	
455	11.157763	5.117851	
456	12.027541	5.087283	
457	12.939675	5.058052	
458	13.894172	5.031926	
459	14.891515	5.009588	
460	15.931290	4.990736	
461	17.011901	4.976808	
462	18.130743	4.971985	
463	19.283370	4.981609	
464	20.463155	5.010966	
465	21.662802	5.065675	
466	22.876141	5.152808	
467	24.098572	5.280509	
468	25.326767	5.455492	
469	26.557796	5.680739	
470	27.787283	5.954615	
471	29.008845	6.270922	
472	30.216222	6.620372	
473	31.405169	6.993454	
474	32.572964	7.381984	
475	33.717074	7.777098	
476	34.834967	8.166773	
477	35.925101	8.537275	
478	36.988364	8.876871	
479	38.029096	9.177977	
480	39.054142	9.437988	
481	40.070234	9.660305	
482	41.082653	9.855418	
483	42.095996	10.039827	
484	43.114429	10.230305	
485	44.139689	10.436704	
486	45.168530	10.658799	
487	46.192305	10.885602	
488	47.198426	11.094633	
489	48.171850	11.254776	
490	49.096860	11.333860	
491	49.959463	11.306437	
492	50.749479	11.158393	
493	51.462319	10.887863	
494	52.100214	10.501932	
495	52.671618	10.011399	
496	53.188379	9.429989	
497	53.662000	8.778460	
498	54.100897	8.086632	
499	54.509878	7.391234	
500	54.891792	6.731666	
501	55.248518	6.143777	
502	55.579893	5.653818	
503	55.884522	5.275469	
504	56.162077	5.010005	
505	56.412337	4.848306	
506	56.633334	4.772370	
507	56.821966	4.756435	
508	56.975544	4.771009	
509	57.093156	4.788794	
510	57.175621	4.786973	
511	57.224022	4.746555	
512	57.239591	4.654572	
513	57.224245	4.506720	
514	57.179231	4.306018	
515	57.103789	4.061014	
516	56.995535	3.784468	
517	56.850603	3.489326	
518	56.663442	3.185032	
519	56.428267	2.878242	
520	56.140911	2.575284	
521	55.799114	2.283318	
522	55.402323	2.010090	
523	54.951822	1.762024	
524	54.450446	1.541610	
525	53.902189	1.346597	
526	53.312019	1.171155	
527	52.685140	1.007117	
528	52.025978	0.845322	
529	51.336986	0.678426	
530	50.617330	0.504015	
531	49.863921	0.324727	
532	49.074335	0.144130	
533	48.247937	-0.038038	
534	47.385206	-0.225995	
535	46.487516	-0.423582	
536	45.557220	-0.630918	
537	44.596556	-0.844639	
538	43.605742	-1.059315	
539	42.582468	-1.268104	
540	41.523349	-1.463789	
541	40.425280	-1.640391	
542	39.285993	-1.793762	
543	38.104932	-1.921324	
544	36.883719	-2.021766	
545	35.625685	-2.095114	
546	34.335998	-2.144311	
547	33.021720	-2.177080	
548	31.690021	-2.204775	
549	30.345854	-2.239199	
550	28.991189	-2.290919	
551	27.625973	-2.368632	
552	26.249679	-2.477872	
553	24.861950	-2.619883	
554	23.462457	-2.791672	
555	22.051528	-2.987073	
556	20.631382	-3.198608	
557	19.206719	-3.419566	
558	17.784245	-3.645168	
559	16.371649	-3.872473	
560	14.976499	-4.100147	
561	13.605522	-4.329025	
562	12.264663	-4.563029	
563	10.959306	-4.809044	
564	9.694215	-5.074808	
565	8.473720	-5.366331	
566	7.301772	-5.686104	
567	6.181408	-6.031027	
568	5.114324	-6.390505	
569	4.101345	-6.747109	
570	3.143798	-7.080077	
571	2.243735	-7.369642	
572	1.401335	-7.600412	
573	0.612145	-7.763169	
574	-0.133004	-7.854129	
575	-0.845419	-7.871364	
576	-1.534802	-7.812638	
577	-2.206900	-7.679112	
578	-2.861948	-7.480979	
579	-3.492231	-7.237592	
580	-4.082836	-6.971738	
581	-4.617869	-6.703445	
582	-5.085485	-6.446947	
583	-5.477247	-6.210952	
584	-5.785888	-6.000115	
585	-6.005026	-5.815466	
586	-6.130348	-5.654294	
587	-6.160959	-5.511086	
588	-6.098768	-5.380427	
589	-5.945385	-5.260285	
590	-5.700600	-5.151183	
591	-5.365527	-5.051870	
592	-4.946761	-4.957962	
593	-4.456946	-4.864636	
594	-3.912886	-4.768792	
595	-3.333751	-4.669910	
596	-2.739163	-4.571396	
597	-2.146664	-4.480654	
598	-1.569911	-4.406914	
599	-1.019694	-4.358934	
600	-0.506419	-4.342161	
601	-0.039775	-4.354396	
602	0.374518	-4.381812	
603	0.736944	-4.397569	
604	1.053710	-4.365488	
605	1.335103	-4.249294	
606	1.594522	-4.022942	
607	1.847993	-3.676927	
608	2.112112	-3.220343	
609	2.400035	-2.681324	
610	2.718056	-2.105095	
611	3.064911	-1.545502	
612	3.434266	-1.051717	
613	3.819344	-0.657688	
614	4.215924	-0.377315	
615	4.621260	-0.202625	
616	5.031370	-0.104886	
617	5.439788	-0.042939	
618	5.838319	0.022005	
619	6.218329	0.114681	
620	6.572163	0.243473	
621	6.895714	0.404257	
622	7.190212	0.585682	
623	7.461221	0.774675	
624	7.716618	0.961518	
625	7.964212	1.142619	
626	8.208817	1.320198	
627	8.451201	1.500401	
628	8.689093	1.690510	
629	8.917443	1.895430	
630	9.128621	2.115698	
631	9.315447	2.347841	
632	9.474853	2.584883	
633	9.607746	2.815811	
634	9.716323	3.025528	
635	9.802564	3.197527	
636	9.867957	3.317563	
637	9.912465	3.374137	
638	9.932667	3.358122	
639	9.921169	3.265559	
640	9.869374	3.100057	
641	9.772430	2.872040	
642	9.632386	2.597787	
643	9.457866	2.298682	
644	9.261467	1.999040	
645	9.056365	1.723579	
646	8.853931	1.495353	
647	8.662497	1.333126	
648	8.486483	1.248018	
649	8.326661	1.241010	
650	8.181538	1.303540	
651	8.048838	1.420317	
652	7.926727	1.572012	
653	7.813621	1.738384	
654	7.706551	1.901861	
655	7.600557	2.049269	
656	7.489790	2.171486	
657	7.368568	2.262602	
658	7.231846	2.319140	
659	7.075768	2.339342	
660	6.898437	2.322855	
661	6.700456	2.271132	
662	6.484723	2.187930	
663	6.255710	2.078881	
664	6.018955	1.950770	
665	5.780397	1.811847	
666	5.545317	1.672248	
667	5.317619	1.542674	
668	5.099185	1.432172	
669	4.889698	1.346921	
670	4.688058	1.289858	
671	4.493833	1.260737	
672	4.307062	1.256683	
673	4.127542	1.272607	
674	3.954667	1.301137	
675	3.787464	1.333202	
676	3.624578	1.360381	
677	3.464315	1.377758	
678	3.304425	1.384738	
679	3.141184	1.383160	
680	2.968989	1.374595	
681	2.782267	1.358903	
682	2.579333	1.334342	
683	2.365265	1.298887	
684	2.150698	1.252576	
685	1.947622	1.198946	
686	1.766723	1.143348	
687	1.616334	1.089753	
688	1.499611	1.040562	
689	1.412946	0.999589	
690	1.349799	0.973057	
691	1.305502	0.967259	
692	1.277618	0.985920	
693	1.263393	1.027999	
694	1.257587	1.086576	
695	1.251710	1.150459	
696	1.234666	1.206888	
697	1.195178	1.244434	
698	1.125048	1.256228	
699	1.020163	1.239768	
700	0.879138	1.192811	
701	0.703320	1.112101	
702	0.498962	0.997737	
703	0.278158	0.857344	
704	0.056100	0.704332	
705	-0.154136	0.551999	
706	-0.345750	0.409093	
707	-0.518233	0.278973	
708	-0.673856	0.161436	
709	-0.814618	0.055506	
710	-0.942458	-0.039551	
711	-1.061023	-0.124410	
712	-1.175115	-0.198101	
713	-1.288346	-0.257360	
714	-1.402628	-0.299820	
715	-1.519162	-0.326459	
716	-1.638465	-0.340364	
717	-1.760075	-0.345214	
718	-1.883058	-0.344712	
719	-2.006302	-0.340719	
720	-2.128068	-0.331592	
721	-2.245895	-0.314530	
722	-2.357045	-0.289679	
723	-2.458973	-0.260389	
724	-2.550299	-0.230457	
725	-2.631930	-0.203209	
726	-2.706533	-0.181770	
727	-2.776398	-0.167673	
728	-2.842107	-0.159882	
729	-2.903077	-0.156640	
730	-2.958626	-0.157502	
731	-3.008698	-0.162686	
732	-3.053942	-0.170695	
733	-3.094930	-0.176953	
734	-3.131422	-0.174877	
735	-3.162542	-0.158262	
736	-3.187494	-0.123663	
737	-3.206164	-0.071982	
738	-3.219039	-0.008343	
739	-3.226599	0.059492	
740	-3.228817	0.123573	
741	-3.224461	0.178627	
742	-3.210431	0.223559	
743	-3.182386	0.260757	
744	-3.136401	0.294335	
745	-3.070171	0.328529	
746	-2.983236	0.367212	
747	-2.876345	0.414240	
748	-2.750525	0.473331	
749	-2.606306	0.547618	
750	-2.443186	0.639223	
751	-2.259954	0.748221	
752	-2.056058	0.871751	
753	-1.832849	1.004505	
754	-1.593539	1.140046	
755	-1.342059	1.272089	
756	-1.081521	1.395220	
757	-0.812617	1.504982	
758	-0.533292	1.597929	
759	-0.240594	1.672067	
760	0.067581	1.728049	
761	0.392707	1.770711	
762	0.735987	1.808464	
763	1.097443	1.849575	
764	1.475219	1.898173	
765	1.866643	1.953530	
766	2.270641	2.013494	
767	2.688979	2.079168	
768	3.124717	2.157199	
769	3.580314	2.257960	
770	4.057618	2.389880	
771	4.558541	2.554109	
772	5.085137	2.743854	
773	5.639094	2.946800	
774	6.220912	3.147632	
775	6.829093	3.330795	
776	7.459792	3.483785	
777	8.107610	3.599174	
778	8.767566	3.674680	
779	9.437015	3.713115	
780	10.116337	3.722265	
781	10.808551	3.712690	
782	11.518626	3.693560	
783	12.253019	3.669563	
784	13.019658	3.641793	
785	13.827967	3.611508	
786	14.687631	3.582570	
787	15.605376	3.560713	
788	16.582031	3.551704	
789	17.613077	3.560784	
790	18.691669	3.592644	
791	19.810828	3.650101	
792	20.963914	3.732408	
793	22.144061	3.835221	
794	23.343319	3.952091	
795	24.552764	4.076213	
796	25.763584	4.202485	
797	26.967499	4.329076	
798	28.156900	4.455808	
799	29.326095	4.580382	
800	30.472485	4.697655	
801	31.595994	4.804165	
802	32.697026	4.903702	
803	33.774578	5.008061	
804	34.826154	5.132728	
805	35.849274	5.291883	
806	36.843137	5.496103	
807	37.809030	5.752694	
808	38.748674	6.065526	
809	39.661995	6.433497	
810	40.547091	6.849660	
811	41.402339	7.302827	
812	42.227949	7.785116	
813	43.026240	8.300182	
814	43.802396	8.857286	
815	44.564194	9.455971	
816	45.318917	10.079899	
817	46.071060	10.699207	
818	46.823277	11.273120	
819	47.577983	11.754815	
820	48.337349	12.099593	
821	49.101709	12.272426	
822	49.867414	12.253004	
823	50.625443	12.038094	
824	51.361530	11.639898	
825	52.058055	11.081853	
826	52.697870	10.395187	
827	53.269089	9.615852	
828	53.767189	8.781141	
829	54.191956	7.927619	
830	54.543629	7.089555	
831	54.823199	6.295806	
832	55.033926	5.566904	
833	55.180598	4.915035	
834	55.268886	4.345979	
835	55.306111	3.860472	
836	55.301046	3.453872	
837	55.262084	3.115865	
838	55.195821	2.834026	
839	55.106706	2.600007	
840	54.997322	2.409855	
841	54.869544	2.255969	
842	54.725067	2.120000	
843	54.563833	1.976722	
844	54.382795	1.806743	
845	54.177404	1.604049	
846	53.943847	1.372009	
847	53.679320	1.116363	
848	53.381205	0.841461	
849	53.047652	0.548105	
850	52.679110	0.232475	
851	52.278915	-0.112386	
852	51.852542	-0.493282	
853	51.405619	-0.912638	
854	50.941128	-1.364081	
855	50.457875	-1.831591	
856	49.951488	-2.293195	
857	49.416212	-2.725343	
858	48.846262	-3.106753	
859	48.237324	-3.422605	
860	47.587375	-3.667661	
861	46.895459	-3.846046	
862	46.160007	-3.967269	
863	45.379322	-4.042633	
864	44.554019	-4.085305	
865	43.688160	-4.109852	
866	42.787252	-4.128679	
867	41.855694	-4.150075	
868	40.896324	-4.179494	
869	39.910966	-4.220024	
870	38.900569	-4.270842	
871	37.865690	-4.327189	
872	36.807641	-4.384051	
873	35.728926	-4.440100	
874	34.632317	-4.497288	
875	33.520218	-4.558277	
876	32.395218	-4.625652	
877	31.260398	-4.701145	
878	30.118506	-4.783654	
879	28.970905	-4.868318	
880	27.816933	-4.946699	
881	26.653654	-5.007489	
882	25.476997	-5.039109	
883	24.284127	-5.034384	
884	23.074188	-4.993472	
885	21.847555	-4.921479	
886	20.606772	-4.824961	
887	19.358212	-4.712780	
888	18.111402	-4.598194	
889	16.876173	-4.497408	
890	15.660246	-4.425318	
891	14.468839	-4.392376	
892	13.305291	-4.405621	
893	12.171558	-4.471469	
894	11.068323	-4.595314	
895	9.994332	-4.779227	
896	8.945898	-5.021674	
897	7.917805	-5.317756	
898	6.904900	-5.657386	
899	5.903418	-6.024157	
900	4.912057	-6.397253	
901	3.932496	-6.753326	
902	2.968820	-7.068470	
903	2.026360	-7.323184	
904	1.110381	-7.506390	
905	0.224683	-7.614935	
906	-0.628859	-7.651723	
907	-1.448935	-7.623549	
908	-2.232262	-7.538935	
909	-2.972188	-7.409732	
910	-3.659696	-7.254191	
911	-4.285272	-7.093916	
912	-4.840915	-6.946884	
913	-5.322263	-6.824257	
914	-5.728748	-6.730236	
915	-6.061355	-6.662155	
916	-6.320768	-6.612132	
917	-6.507738	-6.569623	
918	-6.624278	-6.523205	
919	-6.673533	-6.462183	
920	-6.658493	-6.379665	
921	-6.580847	-6.275745	
922	-6.441044	-6.155178	
923	-6.240090	-6.020217	
924	-5.981500	-5.867811	
925	-5.671236	-5.693855	
926	-5.316190	-5.497858	
927	-4.923631	-5.283170	
928	-4.502031	-5.053728	
929	-4.060864	-4.812390	
930	-3.609035	-4.564498	
931	-3.153649	-4.323174	
932	-2.699623	-4.108947	
933	-2.250610	-3.941753	
934	-1.810668	-3.830206	
935	-1.384846	-3.762926	
936	-0.978978	-3.705494	
937	-0.598643	-3.607570	
938	-0.244631	-3.423314	
939	0.093061	-3.135699	
940	0.434341	-2.762102	
941	0.799883	-2.337814	
942	1.202669	-1.900271	
943	1.645555	-1.484196	
944	2.122746	-1.118040	
945	2.622921	-0.816644	
946	3.132330	-0.574780	
947	3.636794	-0.368892	
948	4.123425	-0.168605	
949	4.582181	0.051406	
950	5.007369	0.306297	
951	5.398845	0.598880	
952	5.760373	0.919922	
953	6.096398	1.253783	
954	6.411542	1.584569	
955	6.711608	1.897600	
956	7.003125	2.177618	
957	7.292722	2.409613	
958	7.587207	2.585389	
959	7.892135	2.710764	
960	8.208228	2.806947	
961	8.529208	2.905101	
962	8.842812	3.038619	
963	9.133161	3.236584	
964	9.384604	3.516039	
965	9.586577	3.874216	
966	9.735243	4.288644	
967	9.830278	4.726989	
968	9.871849	5.156799	
969	9.861520	5.547691	
970	9.804502	5.870122	
971	9.710276	6.096330	
972	9.591278	6.204459	
973	9.460451	6.184002	
974	9.329250	6.038466	
975	9.206385	5.784361	
976	9.096022	5.449876	
977	8.995963	5.073207	
978	8.898479	4.697650	
979	8.794583	4.363121	
980	8.679150	4.098074	
981	8.552805	3.919821	
982	8.419556	3.839776	
983	8.283808	3.860727	
984	8.149810	3.969984	
985	8.022892	4.139340	
986	7.908746	4.332909	
987	7.809435	4.518655	
988	7.721235	4.672750	
989	7.637090	4.771779	
990	7.548299	4.789843	
991	7.443208	4.711188	
992	7.308901	4.538362	
993	7.137362	4.281142	
994	6.929326	3.943201	
995	6.691655	3.527410	
996	6.432080	3.052497	
997	6.157396	2.554916	
998	5.875177	2.072621	
999	5.593818	1.632513	
1000	5.319758	1.249742	
1001	5.055890	0.930326	
1002	4.802172	0.672620	
1003	4.556444	0.470050	
1004	4.315650	0.316632	
1005	4.077680	0.209750	
1006	3.841957	0.146454	
1007	3.608803	0.119166	
1008	3.379698	0.115592	
1009	3.157771	0.121301	
1010	2.946287	0.122897	
1011	2.746170	0.109970	
1012	2.555418	0.075683	
1013	2.370813	0.018347	
1014	2.189790	-0.056857	
1015	2.010852	-0.140121	
1016	1.833140	-0.222322	
1017	1.655997	-0.298028	
1018	1.478296	-0.364421	
1019	1.297441	-0.419519	
1020	1.108809	-0.462545	
1021	0.906392	-0.495213	
1022	0.684458	-0.521330	
1023	0.439489	-0.544690	
1024	0.171670	-0.567531	
1025	-0.114730	-0.590478	
1026	-0.412062	-0.612858	
1027	-0.710505	-0.633123	
1028	-0.999842	-0.650066	
1029	-1.271640	-0.664079	
1030	-1.520718	-0.677265	
1031	-1.745121	-0.692549	
1032	-1.944698	-0.712496	
1033	-2.119674	-0.738221	
1034	-2.270752	-0.768388	
1035	-2.400297	-0.798764	
1036	-2.513186	-0.823057	
1037	-2.616609	-0.833876	
1038	-2.718807	-0.822453	
1039	-2.827707	-0.779211	
1040	-2.950142	-0.697336	
1041	-3.090722	-0.577482	
1042	-3.249998	-0.430496	
1043	-3.422975	-0.276082	
1044	-3.599866	-0.135536	
1045	-3.770022	-0.023060	
1046	-3.925972	0.055444	
1047	-4.064335	0.098232	
1048	-4.184749	0.106883	
1049	-4.288571	0.087765	
1050	-4.378119	0.050559	
1051	-4.456242	0.004501	
1052	-4.525259	-0.043751	
1053	-4.586277	-0.090113	
1054	-4.640203	-0.132984	
1055	-4.688752	-0.172465	
1056	-4.733847	-0.207847	
1057	-4.777009	-0.234894	
1058	-4.820380	-0.244265	
1059	-4.867901	-0.221167	
1060	-4.924459	-0.146562	
1061	-4.993795	-0.000431	
1062	-5.077150	0.233210	
1063	-5.172653	0.560844	
1064	-5.274974	0.975146	
1065	-5.376010	1.452614	
1066	-5.466676	1.955280	
1067	-5.538855	2.440400	
1068	-5.586803	2.874640	
1069	-5.607179	3.241597	
1070	-5.597901	3.538936	
1071	-5.557934	3.772565	
1072	-5.488333	3.953528	
1073	-5.392210	4.095346	
1074	-5.272662	4.210366	
1075	-5.130764	4.308675	
1076	-4.965675	4.399980	
1077	-4.775416	4.494075	
1078	-4.557013	4.598417	
1079	-4.307627	4.716295	
1080	-4.027043	4.848162	
1081	-3.719588	4.993846	
1082	-3.394644	5.153084	
1083	-3.065684	5.324732	
1084	-2.746025	5.504642	
1085	-2.441579	5.683838	
1086	-2.147223	5.850675	
1087	-1.850730	5.995762	
1088	-1.538755	6.114671	
1089	-1.200007	6.207057	
1090	-0.827096	6.274244	
1091	-0.417924	6.317349	
1092	0.025323	6.336894	
1093	0.499255	6.333821	
1094	1.001564	6.310896	
1095	1.531317	6.273207	
1096	2.087770	6.226968	
1097	2.668260	6.177086	
1098	3.267066	6.125625	
1099	3.877081	6.072684	
1100	4.492675	6.018391	
1101	5.111140	5.964262	
1102	5.732277	5.913551	
1103	6.356336	5.871181	
1104	6.981851	5.843130	
1105	7.606150	5.834199	
1106	8.227764	5.845642	
1107	8.847570	5.875445	
1108	9.468194	5.920262	
1109	10.092781	5.976633	
1110	10.723773	6.041738	
1111	11.361852	6.114098	
1112	12.005181	6.193486	
1113	12.649667	6.279965	
1114	13.290540	6.372284	
1115	13.924503	6.465945	
1116	14.551946	6.552040	
1117	15.178117	6.617202	
1118	15.810821	6.645603	
1119	16.455673	6.624161	
1120	17.114236	6.547237	
1121	17.786279	6.416566	
1122	18.471776	6.237867	
1123	19.170774	6.017742	
1124	19.883435	5.762841	
1125	20.611089	5.480009	
1126	21.356722	5.175272	
1127	22.125168	4.853269	
1128	22.924481	4.518319	
1129	23.767327	4.175668	
1130	24.670327	3.832895	
1131	25.651194	3.501241	
1132	26.724117	3.196494	
1133	27.893077	2.939461	
1134	29.143722	2.753785	
1135	30.437461	2.659703	
1136	31.711504	2.668628	
1137	32.883716	2.786444	
1138	33.857099	3.023692	
1139	34.521533	3.403436	
1140	34.757174	3.966877	
1141	34.440549	4.781538	
1142	33.446353	5.952554	
1143	31.644179	7.642459	
1144	28.903791	10.115060	
1145	25.176867	13.828421	
1146	20.910364	19.541196	
1147	17.564841	27.696074	
1148	16.098021	36.611555	
1149	16.594799	44.921791	
1150	19.777894	53.992027	
1151	25.633785	62.903929	
1152	34.883726	69.420958	
1153	48.186181	73.108924	
1154	65.072710	74.818270	
1155	82.518897	75.551690	
1156	96.079866	75.834288	
1157	104.452748	75.866215	
1158	108.801525	75.730054	
1159	110.544101	75.474786	
1160	110.726466	75.133651	
1161	110.068642	74.733304	
1162	109.061908	74.300142	
1163	108.007370	73.858889	
1164	107.031312	73.441185	
1165	106.142272	73.087812	
1166	105.311658	72.825039	
1167	104.506301	72.662272	
1168	103.686919	72.622957	
1169	102.833280	72.737833	
1170	101.974198	72.995185	
1171	101.168485	73.323865	
1172	100.463255	73.627399	
1173	99.884545	73.821886	
1174	99.448774	73.850038	
1175	99.159498	73.679264	
1176	99.005202	73.292900	
1177	98.967805	72.686444	
1178	99.018111	71.886528	
1179	99.123685	70.965381	
1180	99.278844	70.007862	
1181	99.489963	69.064834	
1182	99.726585	68.145401	
1183	99.928938	67.237058	
1184	100.057872	66.329234	
1185	100.101762	65.430778	
1186	100.050752	64.569847	
1187	99.905431	63.774489	
1188	99.706754	63.050460	
1189	99.526200	62.377124	
1190	99.412881	61.723843	
1191	99.352134	61.070060	
1192	99.277558	60.414535	
1193	99.117885	59.772798	
1194	98.823941	59.170901	
1195	98.352695	58.639154	
1196	97.653839	58.201176	
1197	96.705107	57.859406	
1198	95.561651	57.590635	
1199	94.365980	57.355101	
1200	93.296576	57.105233	
1201	76.941738	55.484850	
1202	NaN	NaN	
1203	NaN	NaN	
1204	NaN	NaN	
1205	NaN	NaN	
1206	NaN	NaN	
1207	NaN	NaN	
1208	NaN	NaN	
1209	NaN	NaN	
1210	NaN	NaN	
1211	NaN	NaN	
1212	NaN	NaN	
1213	NaN	NaN	
1214	NaN	NaN	
1215	NaN	NaN	
1216	NaN	NaN	
1217	NaN	NaN	
1218	NaN	NaN	
1219	NaN	NaN	
1220	NaN	NaN	
1221	NaN	NaN	
1222	NaN	NaN	
1223	NaN	NaN	
1224	NaN	NaN	
1225	NaN	NaN	
1226	NaN	NaN	
1227	NaN	NaN	
1228	NaN	NaN	
1229	NaN	NaN	
1230	NaN	NaN	
1231	NaN	NaN	
1232	NaN	NaN	
1233	NaN	NaN	
1234	NaN	NaN	
1235	NaN	NaN	
1236	NaN	NaN	
1237	NaN	NaN	
1238	NaN	NaN	
1239	NaN	NaN	
1240	NaN	NaN	
1241	NaN	NaN	
1242	NaN	NaN	
1243	NaN	NaN	
1244	NaN	NaN	
1245	NaN	NaN	
1246	NaN	NaN	
1247	NaN	NaN	
1248	NaN	NaN	
1249	NaN	NaN	
1250	NaN	NaN	
1251	NaN	NaN	
1252	NaN	NaN	
1253	NaN	NaN	
1254	NaN	NaN	
1255	NaN	NaN	
1256	NaN	NaN	
1257	NaN	NaN	
1258	NaN	NaN	
1259	NaN	NaN	
1260	NaN	NaN	
1261	NaN	NaN	
1262	NaN	NaN	
1263	NaN	NaN	
1264	NaN	NaN	
1265	NaN	NaN	
1266	NaN	NaN	
1267	NaN	NaN	
1268	NaN	NaN	
1269	NaN	NaN	
1270	NaN	NaN	
1271	NaN	NaN	
1272	NaN	NaN	
1273	NaN	NaN	
1274	NaN	NaN	
1275	NaN	NaN	
1276	NaN	NaN	
1277	NaN	NaN	
1278	NaN	NaN	
1279	NaN	NaN	
1280	NaN	NaN	
1281	NaN	NaN	
1282	NaN	NaN	
1283	NaN	NaN	
1284	NaN	NaN	
1285	NaN	NaN	
1286	NaN	NaN	
1287	NaN	NaN	
1288	NaN	NaN	
1289	NaN	NaN	
1290	NaN	NaN	
1291	NaN	NaN	
1292	NaN	NaN	
1293	NaN	NaN	
1294	NaN	NaN	
1295	NaN	NaN	
1296	NaN	NaN	
1297	NaN	NaN	
1298	NaN	NaN	
1299	NaN	NaN	
1300	NaN	NaN	
1301	NaN	NaN	
1302	NaN	NaN	
1303	NaN	NaN	
1304	NaN	NaN	
1305	NaN	NaN	
1306	NaN	NaN	
1307	NaN	NaN	
1308	NaN	NaN	
1309	NaN	NaN	
1310	NaN	NaN	
1311	NaN	NaN	
1312	NaN	NaN	
1313	NaN	NaN	
1314	NaN	NaN	
1315	NaN	NaN	
1316	NaN	NaN	
1317	NaN	NaN	
1318	NaN	NaN	
1319	NaN	NaN	
1320	NaN	NaN	
1321	NaN	NaN	
1322	NaN	NaN	
1323	NaN	NaN	
1324	NaN	NaN	
1325	NaN	NaN	
1326	NaN	NaN	
1327	NaN	NaN	
1328	NaN	NaN	
1329	NaN	NaN	
1330	NaN	NaN	
1331	NaN	NaN	
1332	NaN	NaN	
1333	NaN	NaN	
1334	NaN	NaN	
1335	NaN	NaN	
1336	NaN	NaN	
1337	NaN	NaN	
1338	NaN	NaN	
1339	NaN	NaN	
1340	NaN	NaN	
1341	NaN	NaN	
1342	NaN	NaN	
1343	NaN	NaN	
1344	NaN	NaN	
1345	NaN	NaN	
1346	NaN	NaN	
1347	NaN	NaN	
1348	NaN	NaN	
1349	NaN	NaN	
1350	NaN	NaN	
1351	NaN	NaN	
1352	NaN	NaN	
1353	NaN	NaN	
1354	NaN	NaN	
1355	NaN	NaN	
1356	NaN	NaN	
1357	NaN	NaN	
1358	NaN	NaN	
1359	NaN	NaN	
1360	NaN	NaN	
1361	NaN	NaN	
1362	NaN	NaN	
1363	NaN	NaN	
1364	NaN	NaN	
1365	NaN	NaN	
1366	NaN	NaN	
1367	NaN	NaN	
1368	NaN	NaN	
1369	NaN	NaN	
1370	NaN	NaN	
1371	NaN	NaN	
1372	NaN	NaN	
1373	NaN	NaN	
1374	NaN	NaN	
1375	NaN	NaN	
1376	NaN	NaN	
1377	NaN	NaN	
1378	NaN	NaN	
1379	NaN	NaN	
1380	NaN	NaN	
1381	NaN	NaN	
1382	NaN	NaN	
1383	NaN	NaN	
1384	NaN	NaN	
1385	NaN	NaN	
1386	NaN	NaN	
1387	NaN	NaN	
1388	NaN	NaN	
1389	NaN	NaN	
1390	NaN	NaN	
1391	NaN	NaN	
1392	NaN	NaN	
1393	NaN	NaN	
1394	NaN	NaN	
1395	NaN	NaN	
1396	NaN	NaN	
1397	NaN	NaN	
1398	NaN	NaN	
1399	NaN	NaN	
1400	NaN	NaN	
1401	NaN	NaN	
1402	NaN	NaN	
1403	NaN	NaN	
1404	NaN	NaN	
1405	NaN	NaN	
1406	NaN	NaN	
1407	NaN	NaN	
1408	NaN	NaN	
1409	NaN	NaN	
1410	NaN	NaN	
1411	NaN	NaN	
1412	NaN	NaN	
1413	NaN	NaN	
1414	NaN	NaN	
1415	NaN	NaN	
1416	NaN	NaN	
1417	NaN	NaN	
1418	NaN	NaN	
1419	NaN	NaN	
1420	NaN	NaN	
1421	NaN	NaN	
1422	NaN	NaN	
1423	NaN	NaN	
1424	NaN	NaN	
1425	NaN	NaN	
1426	NaN	NaN	
1427	NaN	NaN	
1428	NaN	NaN	
1429	NaN	NaN	
1430	NaN	NaN	
1431	NaN	NaN	
1432	NaN	NaN	
1433	NaN	NaN	
1434	NaN	NaN	
1435	NaN	NaN	
1436	NaN	NaN	
1437	NaN	NaN	
1438	NaN	NaN	
1439	NaN	NaN	
1440	NaN	NaN	
1441	NaN	NaN	
1442	NaN	NaN	
1443	NaN	NaN	
1444	NaN	NaN	
1445	NaN	NaN	
1446	NaN	NaN	
1447	NaN	NaN	
1448	NaN	NaN	
1449	NaN	NaN	
1450	NaN	NaN	
1451	NaN	NaN	
1452	NaN	NaN	
1453	NaN	NaN	
1454	NaN	NaN	
1455	NaN	NaN	
1456	NaN	NaN	
1457	NaN	NaN	
1458	NaN	NaN	
1459	NaN	NaN	
1460	NaN	NaN	
1461	NaN	NaN	
1462	NaN	NaN	
1463	NaN	NaN	
1464	NaN	NaN	
1465	NaN	NaN	
1466	NaN	NaN	
