Athlete_Engineering	// User ID
11-2-2021	// Evaluation date
P001_WALK5	23-1-2021	12:10:56:317	// Source file name and timestamp
250.000	// Sampling rate
6.201	// Data capture period



Sample #	Right_Leg_Flexion	Right_Leg_Abduction	
0	-10.773725	2.223705	
1	-10.761779	2.209304	
2	-10.759718	2.213092	
3	-10.762325	2.228665	
4	-10.764770	2.249860	
5	-10.763839	2.272323	
6	-10.757536	2.293408	
7	-10.744618	2.312294	
8	-10.724499	2.329748	
9	-10.697574	2.346926	
10	-10.665643	2.364362	
11	-10.631552	2.381928	
12	-10.598483	2.399356	
13	-10.569918	2.416538	
14	-10.549305	2.433279	
15	-10.538544	2.449089	
16	-10.537073	2.463220	
17	-10.542213	2.474347	
18	-10.549739	2.480167	
19	-10.555007	2.477910	
20	-10.554488	2.465412	
21	-10.546222	2.441694	
22	-10.529143	2.406753	
23	-10.502502	2.360997	
24	-10.465891	2.305323	
25	-10.419402	2.241773	
26	-10.364054	2.173865	
27	-10.302250	2.106533	
28	-10.237487	2.045260	
29	-10.174018	1.994801	
30	-10.116660	1.958590	
31	-10.069538	1.937599	
32	-10.034732	1.929502	
33	-10.012639	1.930674	
34	-10.003064	1.938022	
35	-10.005371	1.948322	
36	-10.017905	1.958097	
37	-10.037899	1.964957	
38	-10.062322	1.968802	
39	-10.088655	1.972420	
40	-10.114892	1.981045	
41	-10.139375	2.000173	
42	-10.160914	2.032590	
43	-10.179019	2.076870	
44	-10.193995	2.127966	
45	-10.206659	2.178891	
46	-10.217733	2.222594	
47	-10.227130	2.253420	
48	-10.233283	2.267783	
49	-10.232727	2.264111	
50	-10.220490	2.242428	
51	-10.191514	2.203721	
52	-10.142798	2.149805	
53	-10.075450	2.084925	
54	-9.994829	2.017275	
55	-9.908595	1.957695	
56	-9.824867	1.915969	
57	-9.750689	1.896354	
58	-9.690533	1.895198	
59	-9.646003	1.903789	
60	-9.616497	1.913433	
61	-9.600552	1.917895	
62	-9.597965	1.914505	
63	-9.610100	1.904960	
64	-9.637671	1.894369	
65	-9.679758	1.889703	
66	-9.734400	1.897582	
67	-9.797636	1.920686	
68	-9.862476	1.956622	
69	-9.920724	2.001107	
70	-9.966055	2.051021	
71	-9.996138	2.104584	
72	-10.013123	2.160635	
73	-10.021349	2.218138	
74	-10.023202	2.275226	
75	-10.017605	2.328899	
76	-10.002557	2.376603	
77	-9.978006	2.417691	
78	-9.946529	2.453019	
79	-9.912511	2.483742	
80	-9.880975	2.510145	
81	-9.856313	2.530425	
82	-9.840543	2.539950	
83	-9.831986	2.531988	
84	-9.826118	2.499986	
85	-9.817825	2.440200	
86	-9.802477	2.353130	
87	-9.775991	2.243126	
88	-9.735708	2.116854	
89	-9.681496	1.982218	
90	-9.616519	1.848506	
91	-9.548006	1.726657	
92	-9.485136	1.627133	
93	-9.433278	1.555394	
94	-9.391393	1.510569	
95	-9.355622	1.489377	
96	-9.322543	1.488459	
97	-9.289300	1.503461	
98	-9.254340	1.530586	
99	-9.218879	1.569826	
100	-9.186112	1.624181	
101	-9.158702	1.695328	
102	-9.138124	1.781047	
103	-9.125861	1.876164	
104	-9.123867	1.974882	
105	-9.134203	2.072874	
106	-9.157793	2.167716	
107	-9.192560	2.257799	
108	-9.233489	2.341970	
109	-9.275071	2.419380	
110	-9.313719	2.488222	
111	-9.348193	2.545448	
112	-9.378094	2.588664	
113	-9.402196	2.618224	
114	-9.418483	2.637331	
115	-9.425760	2.649801	
116	-9.424719	2.657425	
117	-9.417412	2.659294	
118	-9.406061	2.653005	
119	-9.392242	2.635892	
120	-9.376873	2.605631	
121	-9.360772	2.560243	
122	-9.344708	2.497566	
123	-9.328300	2.415429	
124	-9.308991	2.313041	
125	-9.283056	2.192307	
126	-9.248240	2.058694	
127	-9.205311	1.921548	
128	-9.157468	1.792613	
129	-9.109641	1.683790	
130	-9.068243	1.605895	
131	-9.039393	1.566547	
132	-9.025983	1.566787	
133	-9.026114	1.600108	
134	-9.034176	1.655552	
135	-9.043892	1.722306	
136	-9.050979	1.792220	
137	-9.053974	1.859370	
138	-9.053698	1.918865	
139	-9.052100	1.966750	
140	-9.051262	2.000673	
141	-9.052653	2.020260	
142	-9.056449	2.026995	
143	-9.061315	2.023730	
144	-9.064727	2.013972	
145	-9.063532	2.001203	
146	-9.054884	1.988305	
147	-9.037365	1.977395	
148	-9.011123	1.970027	
149	-8.976676	1.967180	
150	-8.933650	1.968810	
151	-8.880466	1.973522	
152	-8.815104	1.978991	
153	-8.736236	1.983445	
154	-8.643361	1.987328	
155	-8.536167	1.992997	
156	-8.414652	2.002239	
157	-8.279899	2.014183	
158	-8.134370	2.025048	
159	-7.981539	2.029389	
160	-7.825092	2.022074	
161	-7.668036	1.999534	
162	-7.512015	1.960085	
163	-7.356758	1.904776	
164	-7.199619	1.838234	
165	-7.035730	1.767343	
166	-6.859125	1.698242	
167	-6.664240	1.634285	
168	-6.446778	1.575794	
169	-6.203389	1.520684	
170	-5.931279	1.465442	
171	-5.629527	1.406320	
172	-5.300933	1.340347	
173	-4.951741	1.265627	
174	-4.589517	1.180904	
175	-4.221501	1.085651	
176	-3.854323	0.981551	
177	-3.493661	0.874091	
178	-3.143074	0.772386	
179	-2.803650	0.686655	
180	-2.474238	0.623761	
181	-2.151002	0.583347	
182	-1.828184	0.559178	
183	-1.500519	0.545851	
184	-1.164766	0.543810	
185	-0.819728	0.557913	
186	-0.465404	0.592965	
187	-0.102061	0.650577	
188	0.269687	0.728086	
189	0.648244	0.819572	
190	1.031296	0.918077	
191	1.416969	1.016885	
192	1.804447	1.109786	
193	2.193830	1.191823	
194	2.586150	1.260222	
195	2.983603	1.314537	
196	3.388750	1.355813	
197	3.803039	1.384212	
198	4.226371	1.396662	
199	4.656941	1.388066	
200	5.090422	1.356262	
201	5.520465	1.306828	
202	5.941628	1.252069	
203	6.352096	1.203699	
204	6.753042	1.167333	
205	7.145577	1.143774	
206	7.528917	1.132275	
207	7.900387	1.132509	
208	8.255711	1.146076	
209	8.589905	1.175654	
210	8.899154	1.222121	
211	9.182382	1.283991	
212	9.441687	1.358499	
213	9.681121	1.441001	
214	9.903725	1.524839	
215	10.107942	1.604043	
216	10.286437	1.676382	
217	10.429999	1.743630	
218	10.533713	1.808542	
219	10.599885	1.871447	
220	10.636230	1.929956	
221	10.651979	1.981327	
222	10.654740	2.024293	
223	10.648881	2.058578	
224	10.635504	2.084008	
225	10.614092	2.101033	
226	10.584469	2.111075	
227	10.547214	2.116137	
228	10.503088	2.118983	
229	10.452922	2.123045	
230	10.397374	2.130825	
231	10.336058	2.141279	
232	10.267335	2.147430	
233	10.189338	2.137068	
234	10.100458	2.098418	
235	9.999045	2.026537	
236	9.884225	1.925085	
237	9.757276	1.804389	
238	9.621399	1.679164	
239	9.479885	1.565452	
240	9.334880	1.475650	
241	9.188235	1.414655	
242	9.042696	1.379975	
243	8.900960	1.364405	
244	8.763934	1.358382	
245	8.631400	1.351087	
246	8.503731	1.332258	
247	8.381282	1.295087	
248	8.262869	1.237094	
249	8.146250	1.158679	
250	8.029560	1.062091	
251	7.911616	0.952135	
252	7.791732	0.837507	
253	7.670162	0.729948	
254	7.548444	0.640444	
255	7.429018	0.575215	
256	7.314620	0.534080	
257	7.207806	0.512022	
258	7.110914	0.503172	
259	7.026184	0.504420	
260	6.954763	0.515655	
261	6.895219	0.537124	
262	6.843303	0.567487	
263	6.792838	0.603708	
264	6.736957	0.641094	
265	6.669916	0.674249	
266	6.588899	0.699794	
267	6.493852	0.718140	
268	6.385508	0.732597	
269	6.264030	0.747129	
270	6.129295	0.764534	
271	5.981945	0.785296	
272	5.823422	0.805947	
273	5.654698	0.818246	
274	5.476266	0.811472	
275	5.289775	0.776823	
276	5.098361	0.711876	
277	4.905687	0.622475	
278	4.715314	0.520217	
279	4.530155	0.417536	
280	4.352099	0.323493	
281	4.182018	0.242211	
282	4.020119	0.174052	
283	3.866407	0.117797	
284	3.720392	0.072251	
285	3.580285	0.036405	
286	3.442348	0.008416	
287	3.300437	-0.015152	
288	3.146726	-0.039267	
289	2.974213	-0.069828	
290	2.779924	-0.111702	
291	2.566771	-0.166491	
292	2.342056	-0.232436	
293	2.113460	-0.305194	
294	1.886359	-0.378292	
295	1.664009	-0.445510	
296	1.449201	-0.503593	
297	1.245396	-0.551932	
298	1.055630	-0.591521	
299	0.881016	-0.625457	
300	0.721082	-0.659461	
301	0.574367	-0.700811	
302	0.438274	-0.755670	
303	0.309235	-0.826214	
304	0.183003	-0.909588	
305	0.055111	-0.999972	
306	-0.077698	-1.091999	
307	-0.216284	-1.182190	
308	-0.359785	-1.268493	
309	-0.507220	-1.349115	
310	-0.658300	-1.421664	
311	-0.813208	-1.484114	
312	-0.971984	-1.536415	
313	-1.133998	-1.581011	
314	-1.297681	-1.622151	
315	-1.460538	-1.663102	
316	-1.619439	-1.702359	
317	-1.770886	-1.733738	
318	-1.911428	-1.751023	
319	-2.038411	-1.750916	
320	-2.150679	-1.732184	
321	-2.248947	-1.695607	
322	-2.335649	-1.645407	
323	-2.414432	-1.588974	
324	-2.489516	-1.534604	
325	-2.564316	-1.488548	
326	-2.639560	-1.452315	
327	-2.712964	-1.421865	
328	-2.780444	-1.389806	
329	-2.837085	-1.349595	
330	-2.877966	-1.299234	
331	-2.899520	-1.241382	
332	-2.900664	-1.180069	
333	-2.882509	-1.118298	
334	-2.846769	-1.058469	
335	-2.794524	-1.003921	
336	-2.726506	-0.958783	
337	-2.643960	-0.924979	
338	-2.548921	-0.899274	
339	-2.443867	-0.873658	
340	-2.331351	-0.839367	
341	-2.214403	-0.790607	
342	-2.097880	-0.723772	
343	-1.989014	-0.635466	
344	-1.895779	-0.523674	
345	-1.824398	-0.389437	
346	-1.777725	-0.236760	
347	-1.754875	-0.071539	
348	-1.752018	0.099606	
349	-1.763596	0.269605	
350	-1.783043	0.431662	
351	-1.803330	0.581578	
352	-1.817766	0.718793	
353	-1.820914	0.844795	
354	-1.809777	0.961006	
355	-1.784626	1.067454	
356	-1.748108	1.162731	
357	-1.704033	1.246120	
358	-1.657685	1.320484	
359	-1.615758	1.392508	
360	-1.584528	1.469097	
361	-1.568246	1.553349	
362	-1.568719	1.644179	
363	-1.584922	1.738882	
364	-1.612116	1.835343	
365	-1.641696	1.932518	
366	-1.662963	2.029953	
367	-1.666197	2.128111	
368	-1.645584	2.229082	
369	-1.600775	2.335432	
370	-1.536452	2.448467	
371	-1.460182	2.567918	
372	-1.379578	2.691642	
373	-1.300423	2.814752	
374	-1.226490	2.929324	
375	-1.160088	3.025545	
376	-1.102335	3.095161	
377	-1.053060	3.135661	
378	-1.010617	3.151702	
379	-0.972175	3.153424	
380	-0.935124	3.152751	
381	-0.898333	3.159164	
382	-0.861554	3.178434	
383	-0.824188	3.213918	
384	-0.785767	3.266471	
385	-0.746905	3.333295	
386	-0.708155	3.409691	
387	-0.668644	3.493410	
388	-0.627103	3.586252	
389	-0.583749	3.691320	
390	-0.540666	3.810404	
391	-0.500553	3.943732	
392	-0.465327	4.090398	
393	-0.435443	4.248324	
394	-0.409626	4.414312	
395	-0.385434	4.584636	
396	-0.360937	4.755177	
397	-0.335392	4.921109	
398	-0.307612	5.077397	
399	-0.274597	5.219997	
400	-0.233208	5.346446	
401	-0.183291	5.454713	
402	-0.128158	5.541329	
403	-0.072172	5.601257	
404	-0.018651	5.629914	
405	0.030716	5.626059	
406	0.075322	5.593973	
407	0.114338	5.543142	
408	0.145708	5.485829	
409	0.166080	5.434262	
410	0.172242	5.397034	
411	0.164281	5.375984	
412	0.148166	5.367645	
413	0.134506	5.367473	
414	0.133568	5.371160	
415	0.150255	5.373728	
416	0.182336	5.369854	
417	0.222546	5.355231	
418	0.262695	5.327703	
419	0.297012	5.287437	
420	0.323113	5.235628	
421	0.341356	5.172700	
422	0.354419	5.097758	
423	0.366733	5.009840	
424	0.382649	4.910074	
425	0.405016	4.803035	
426	0.435307	4.696717	
427	0.473299	4.601715	
428	0.516051	4.529262	
429	0.558376	4.488209	
430	0.594657	4.482299	
431	0.620450	4.509222	
432	0.633456	4.562168	
433	0.633449	4.631697	
434	0.621116	4.705153	
435	0.597049	4.767148	
436	0.562040	4.805090	
437	0.517859	4.814194	
438	0.467180	4.796499	
439	0.412980	4.757702	
440	0.358124	4.705845	
441	0.305091	4.650476	
442	0.255360	4.601053	
443	0.208826	4.565477	
444	0.164680	4.548537	
445	0.123473	4.550445	
446	0.088128	4.567693	
447	0.062301	4.595943	
448	0.047255	4.631296	
449	0.040962	4.669610	
450	0.040262	4.706860	
451	0.042293	4.740503	
452	0.043906	4.769365	
453	0.041656	4.792701	
454	0.032473	4.810874	
455	0.013764	4.826654	
456	-0.016421	4.844387	
457	-0.058710	4.867641	
458	-0.112195	4.897599	
459	-0.175343	4.932697	
460	-0.246818	4.968957	
461	-0.324893	5.000909	
462	-0.406923	5.023108	
463	-0.490449	5.031499	
464	-0.574765	5.023566	
465	-0.661081	4.997230	
466	-0.751385	4.950039	
467	-0.847279	4.880125	
468	-0.949445	4.788108	
469	-1.057746	4.677727	
470	-1.171562	4.554776	
471	-1.289861	4.426088	
472	-1.411335	4.299463	
473	-1.535190	4.182686	
474	-1.661757	4.080404	
475	-1.791942	3.991776	
476	-1.926445	3.911789	
477	-2.065998	3.834473	
478	-2.211973	3.755047	
479	-2.365936	3.670964	
480	-2.527932	3.582523	
481	-2.695430	3.492118	
482	-2.864416	3.402200	
483	-3.031356	3.314069	
484	-3.194043	3.228413	
485	-3.351406	3.146215	
486	-3.503460	3.068535	
487	-3.651294	2.995517	
488	-3.796377	2.926046	
489	-3.939822	2.857839	
490	-4.082273	2.787444	
491	-4.223814	2.711557	
492	-4.363309	2.629640	
493	-4.497840	2.545224	
494	-4.623439	2.464316	
495	-4.736529	2.392027	
496	-4.834444	2.330229	
497	-4.915366	2.277653	
498	-4.978734	2.231814	
499	-5.025393	2.191344	
500	-5.056692	2.156981	
501	-5.073707	2.131122	
502	-5.077820	2.116925	
503	-5.071389	2.116745	
504	-5.057054	2.130259	
505	-5.036621	2.153524	
506	-5.011324	2.180002	
507	-4.983312	2.203736	
508	-4.956318	2.222066	
509	-4.933973	2.235018	
510	-4.917453	2.243129	
511	-4.905584	2.246724	
512	-4.896651	2.246381	
513	-4.889177	2.243395	
514	-4.881579	2.240453	
515	-4.872045	2.242246	
516	-4.859300	2.254262	
517	-4.843513	2.280701	
518	-4.825728	2.324434	
519	-4.805689	2.388541	
520	-4.779832	2.477356	
521	-4.741935	2.595249	
522	-4.686500	2.743773	
523	-4.610981	2.920382	
524	-4.515067	3.118731	
525	-4.399848	3.328702	
526	-4.267926	3.537564	
527	-4.122710	3.733448	
528	-3.967113	3.909044	
529	-3.803232	4.062586	
530	-3.633241	4.195883	
531	-3.460181	4.312579	
532	-3.287136	4.417502	
533	-3.115914	4.515340	
534	-2.947390	4.609350	
535	-2.782348	4.701324	
536	-2.621062	4.792092	
537	-2.462446	4.881736	
538	-2.304206	4.969164	
539	-2.144217	5.051453	
540	-1.981954	5.124506	
541	-1.818550	5.185471	
542	-1.655871	5.235251	
543	-1.495767	5.279171	
544	-1.339295	5.325398	
545	-1.185863	5.382183	
546	-1.033291	5.454770	
547	-0.878641	5.543346	
548	-0.719323	5.644102	
549	-0.554329	5.752456	
550	-0.384556	5.865016	
551	-0.211763	5.979114	
552	-0.037368	6.091819	
553	0.137889	6.199875	
554	0.313529	6.300205	
555	0.489011	6.391038	
556	0.664050	6.472972	
557	0.839436	6.548325	
558	1.017750	6.619522	
559	1.202960	6.688139	
560	1.398925	6.754316	
561	1.608088	6.816841	
562	1.831446	6.874736	
563	2.069805	6.929583	
564	2.324852	6.986243	
565	2.598766	7.050465	
566	2.893349	7.125411	
567	3.210196	7.210366	
568	3.551408	7.302021	
569	3.919524	7.396878	
570	4.317234	7.493832	
571	4.747351	7.595499	
572	5.212420	7.706780	
573	5.714205	7.831213	
574	6.252736	7.967143	
575	6.825662	8.106585	
576	7.430421	8.238039	
577	8.067267	8.350230	
578	8.738790	8.434721	
579	9.446378	8.487666	
580	10.187643	8.509210	
581	10.956979	8.500484	
582	11.747706	8.461932	
583	12.553621	8.394545	
584	13.369672	8.301324	
585	14.191877	8.187135	
586	15.016407	8.057823	
587	15.839170	7.919976	
588	16.656768	7.781339	
589	17.467322	7.650221	
590	18.270603	7.533467	
591	19.068341	7.435123	
592	19.864200	7.357006	
593	20.662606	7.299300	
594	21.466918	7.260330	
595	22.278423	7.236311	
596	23.096886	7.220446	
597	23.921158	7.202696	
598	24.748590	7.172250	
599	25.574837	7.120015	
600	26.395640	7.040363	
601	27.208853	6.933935	
602	28.014481	6.808459	
603	28.813665	6.675858	
604	29.607863	6.548762	
605	30.397727	6.437804	
606	31.182372	6.349120	
607	31.960155	6.281829	
608	32.729446	6.226716	
609	33.487612	6.168600	
610	34.229694	6.091432	
611	34.949242	5.981608	
612	35.640549	5.828244	
613	36.300078	5.623393	
614	36.926493	5.362975	
615	37.519892	5.047446	
616	38.080686	4.682313	
617	38.608219	4.277688	
618	39.099558	3.846826	
619	39.549402	3.404832	
620	39.951394	2.966216	
621	40.299733	2.541930	
622	40.590355	2.138971	
623	40.822162	1.761162	
624	40.998110	1.410187	
625	41.124184	1.088281	
626	41.206142	0.798806	
627	41.247814	0.542579	
628	41.252925	0.315135	
629	41.226916	0.108762	
630	41.176031	-0.082546	
631	41.105734	-0.260715	
632	41.020383	-0.426335	
633	40.923307	-0.582149	
634	40.816426	-0.733630	
635	40.699552	-0.887772	
636	40.569797	-1.051149	
637	40.421761	-1.227490	
638	40.248819	-1.416139	
639	40.044940	-1.612320	
640	39.806329	-1.808670	
641	39.532257	-1.996769	
642	39.224328	-2.168438	
643	38.885255	-2.317589	
644	38.518668	-2.442073	
645	38.128838	-2.544088	
646	37.719062	-2.628979	
647	37.289962	-2.703580	
648	36.840131	-2.774906	
649	36.369132	-2.848306	
650	35.879454	-2.925750	
651	35.375174	-3.007848	
652	34.858617	-3.098769	
653	34.327926	-3.207715	
654	33.778054	-3.344913	
655	33.204149	-3.516992	
656	32.603502	-3.725680	
657	31.975326	-3.967595	
658	31.320826	-4.232396	
659	30.644253	-4.501365	
660	29.952455	-4.750040	
661	29.251492	-4.955627	
662	28.543350	-5.105552	
663	27.826093	-5.201875	
664	27.096745	-5.258739	
665	26.353826	-5.295321	
666	25.597316	-5.329404	
667	24.826715	-5.374639	
668	24.040085	-5.440690	
669	23.235169	-5.533034	
670	22.410903	-5.651292	
671	21.568165	-5.788187	
672	20.709571	-5.931686	
673	19.838341	-6.069701	
674	18.957443	-6.193175	
675	18.070245	-6.295962	
676	17.181644	-6.374167	
677	16.297795	-6.426164	
678	15.424004	-6.452105	
679	14.562264	-6.452754	
680	13.711094	-6.428483	
681	12.867796	-6.378886	
682	12.029735	-6.302698	
683	11.193720	-6.197136	
684	10.356525	-6.058340	
685	9.516718	-5.885166	
686	8.674883	-5.683038	
687	7.831959	-5.463349	
688	6.987931	-5.239418	
689	6.142001	-5.022596	
690	5.293390	-4.820167	
691	4.441942	-4.635131	
692	3.589263	-4.466751	
693	2.740362	-4.309814	
694	1.903092	-4.154780	
695	1.084246	-3.991573	
696	0.286453	-3.813480	
697	-0.491054	-3.618448	
698	-1.250091	-3.409160	
699	-1.992047	-3.192578	
700	-2.716967	-2.979012	
701	-3.422651	-2.780434	
702	-4.104718	-2.608555	
703	-4.757452	-2.473137	
704	-5.373507	-2.379976	
705	-5.944086	-2.330925	
706	-6.461504	-2.326186	
707	-6.920970	-2.364598	
708	-7.319344	-2.442525	
709	-7.653380	-2.554064	
710	-7.920074	-2.691790	
711	-8.119035	-2.847523	
712	-8.254770	-3.012606	
713	-8.336234	-3.177072	
714	-8.373460	-3.330126	
715	-8.374095	-3.462278	
716	-8.342082	-3.565408	
717	-8.278929	-3.631658	
718	-8.185915	-3.654779	
719	-8.063772	-3.631856	
720	-7.910161	-3.562625	
721	-7.719823	-3.448503	
722	-7.488333	-3.293058	
723	-7.215160	-3.101860	
724	-6.903432	-2.880961	
725	-6.557562	-2.636417	
726	-6.181258	-2.375135	
727	-5.777443	-2.104724	
728	-5.349242	-1.831713	
729	-4.900958	-1.560006	
730	-4.439076	-1.291282	
731	-3.972720	-1.025755	
732	-3.513089	-0.762280	
733	-3.072333	-0.500695	
734	-2.662099	-0.245082	
735	-2.292276	-0.003274	
736	-1.971040	0.216247	
737	-1.705151	0.407273	
738	-1.498498	0.568198	
739	-1.349495	0.703053	
740	-1.249588	0.821258	
741	-1.184382	0.936154	
742	-1.137265	1.062056	
743	-1.092935	1.210597	
744	-1.039097	1.387150	
745	-0.967841	1.589540	
746	-0.876682	1.810767	
747	-0.767148	2.042720	
748	-0.641505	2.278151	
749	-0.499965	2.511763	
750	-0.339592	2.741277	
751	-0.155321	2.968531	
752	0.056945	3.199950	
753	0.297084	3.445243	
754	0.559875	3.714549	
755	0.836543	4.015418	
756	1.116892	4.350479	
757	1.390938	4.716330	
758	1.650706	5.103964	
759	1.892639	5.499556	
760	2.118665	5.885957	
761	2.333931	6.247281	
762	2.543168	6.573879	
763	2.748823	6.863699	
764	2.950893	7.121876	
765	3.147790	7.358789	
766	3.337833	7.584412	
767	3.520099	7.802405	
768	3.694176	8.008711	
769	3.858718	8.194520	
770	4.010206	8.349949	
771	4.143862	8.465624	
772	4.255455	8.533134	
773	4.342286	8.546009	
774	4.403830	8.500834	
775	4.441837	8.397279	
776	4.459783	8.236436	
777	4.462559	8.019214	
778	4.455722	7.747047	
779	4.443126	7.423516	
780	4.425049	7.054897	
781	4.399275	6.650820	
782	4.363488	6.225690	
783	4.316773	5.798667	
784	4.260165	5.390714	
785	4.196409	5.020473	
786	4.128981	4.701910	
787	4.060763	4.444329	
788	3.992846	4.252874	
789	3.923944	4.128336	
790	3.850704	4.066789	
791	3.768665	4.059174	
792	3.674127	4.090957	
793	3.566389	4.143071	
794	3.447949	4.194236	
795	3.322852	4.224018	
796	3.195520	4.216423	
797	3.070014	4.162412	
798	2.948869	4.060349	
799	2.832544	3.915364	
800	2.719869	3.737770	
801	2.608594	3.540542	
802	2.496201	3.336809	
803	2.381156	3.137819	
804	2.263372	2.951578	
805	2.142972	2.782451	
806	2.018772	2.631979	
807	1.888183	2.501052	
808	1.748035	2.391941	
809	1.595257	2.308497	
810	1.427540	2.254773	
811	1.244272	2.232820	
812	1.047420	2.240698	
813	0.841523	2.272941	
814	0.632060	2.322805	
815	0.423156	2.382693	
816	0.216577	2.442910	
817	0.012103	2.492048	
818	-0.191407	2.520029	
819	-0.394660	2.521610	
820	-0.597331	2.497236	
821	-0.798464	2.451269	
822	-0.997704	2.390397	
823	-1.196525	2.322418	
824	-1.397538	2.253930	
825	-1.602308	2.187916	
826	-1.809623	2.123085	
827	-2.015314	2.055558	
828	-2.214490	1.982376	
829	-2.404805	1.903977	
830	-2.587462	1.823269	
831	-2.765353	1.743598	
832	-2.940713	1.668291	
833	-3.114638	1.600360	
834	-3.288000	1.541396	
835	-3.461227	1.491160	
836	-3.633212	1.448364	
837	-3.801763	1.411524	
838	-3.965217	1.379354	
839	-4.122978	1.351109	
840	-4.274932	1.326681	
841	-4.420935	1.305643	
842	-4.560685	1.286519	
843	-4.693997	1.268303	
844	-4.820972	1.252409	
845	-4.941391	1.241831	
846	-5.054309	1.239332	
847	-5.158750	1.247852	
848	-5.254675	1.270849	
849	-5.342941	1.310132	
850	-5.424118	1.363857	
851	-5.497619	1.427026	
852	-5.562090	1.493391	
853	-5.616429	1.557636	
854	-5.660122	1.617172	
855	-5.692499	1.672082	
856	-5.712559	1.723349	
857	-5.720006	1.771524	
858	-5.715552	1.816986	
859	-5.699364	1.861561	
860	-5.669821	1.910406	
861	-5.625208	1.970791	
862	-5.566845	2.047325	
863	-5.499671	2.139303	
864	-5.429888	2.242293	
865	-5.362486	2.350178	
866	-5.299829	2.456907	
867	-5.240903	2.558870	
868	-5.182013	2.655395	
869	-5.119257	2.746414	
870	-5.050218	2.830692	
871	-4.973093	2.906931	
872	-4.885699	2.975883	
873	-4.786491	3.041414	
874	-4.675615	3.110466	
875	-4.554601	3.190986	
876	-4.425871	3.288868	
877	-4.291858	3.407518	
878	-4.153027	3.549290	
879	-4.006832	3.714939	
880	-3.849561	3.900884	
881	-3.678935	4.098129	
882	-3.494439	4.294600	
883	-3.296115	4.477839	
884	-3.083715	4.636603	
885	-2.856224	4.763000	
886	-2.611116	4.854717	
887	-2.344252	4.915574	
888	-2.051948	4.954723	
889	-1.734567	4.985549	
890	-1.398792	5.022718	
891	-1.056067	5.077194	
892	-0.717395	5.154205	
893	-0.388405	5.255931	
894	-0.068529	5.383373	
895	0.246313	5.534653	
896	0.560624	5.703272	
897	0.877556	5.878241	
898	1.198602	6.044858	
899	1.524290	6.186584	
900	1.855146	6.288793	
901	2.192347	6.344082	
902	2.537795	6.357731	
903	2.893614	6.346822	
904	3.261315	6.329880	
905	3.641531	6.317368	
906	4.034692	6.312812	
907	4.441679	6.319619	
908	4.863821	6.343061	
909	5.302357	6.386584	
910	5.757745	6.449044	
911	6.229333	6.524716	
912	6.715718	6.604423	
913	7.216087	6.677573	
914	7.731807	6.734906	
915	8.267108	6.771198	
916	8.829176	6.787394	
917	9.427293	6.791838	
918	10.070574	6.798976	
919	10.765906	6.824329	
920	11.516902	6.879274	
921	12.323308	6.969379	
922	13.180216	7.093957	
923	14.076527	7.243696	
924	14.995511	7.401066	
925	15.919790	7.548138	
926	16.836174	7.674329	
927	17.736887	7.777479	
928	18.619405	7.861491	
929	19.486205	7.933114	
930	20.343233	7.998697	
931	21.196902	8.063249	
932	22.051445	8.131265	
933	22.908301	8.205968	
934	23.766995	8.287423	
935	24.626112	8.372762	
936	25.483660	8.458356	
937	26.336982	8.542086	
938	27.182923	8.624472	
939	28.018369	8.708168	
940	28.840256	8.796535	
941	29.645092	8.892047	
942	30.429223	8.995293	
943	31.189741	9.105817	
944	31.924873	9.223621	
945	32.634186	9.348782	
946	33.319083	9.479739	
947	33.982146	9.612467	
948	34.624879	9.740824	
949	35.245958	9.856440	
950	35.841396	9.947066	
951	36.405985	9.995279	
952	36.935008	9.980151	
953	37.425055	9.881748	
954	37.873178	9.685962	
955	38.276053	9.387475	
956	38.630608	8.990195	
957	38.934417	8.504975	
958	39.185118	7.946247	
959	39.380760	7.329927	
960	39.520945	6.672169	
961	39.606679	5.988372	
962	39.639981	5.293961	
963	39.624773	4.605591	
964	39.567141	3.939096	
965	39.474042	3.305101	
966	39.351969	2.707042	
967	39.206548	2.142768	
968	39.042781	1.606509	
969	38.865022	1.090485	
970	38.676433	0.587780	
971	38.478739	0.095873	
972	38.272407	-0.381314	
973	38.056211	-0.834640	
974	37.826433	-1.253384	
975	37.577622	-1.628582	
976	37.304491	-1.955585	
977	37.002658	-2.236228	
978	36.668664	-2.478940	
979	36.300756	-2.695377	
980	35.899410	-2.895835	
981	35.466795	-3.086076	
982	35.006084	-3.266131	
983	34.520727	-3.431410	
984	34.014061	-3.573903	
985	33.489605	-3.682806	
986	32.951141	-3.748722	
987	32.402402	-3.769683	
988	31.846708	-3.751916	
989	31.285990	-3.706389	
990	30.720081	-3.646249	
991	30.148014	-3.584120	
992	29.569511	-3.529320	
993	28.983275	-3.489559	
994	28.384217	-3.474303	
995	27.764149	-3.492807	
996	27.114943	-3.548474	
997	26.431032	-3.636176	
998	25.711287	-3.744485	
999	24.959931	-3.859193	
1000	24.184778	-3.965490	
1001	23.393556	-4.050141	
1002	22.591325	-4.103524	
1003	21.780512	-4.119939	
1004	20.962175	-4.096962	
1005	20.136933	-4.034963	
1006	19.306002	-3.937334	
1007	18.472271	-3.811210	
1008	17.640003	-3.666040	
1009	16.812543	-3.510494	
1010	15.989864	-3.352266	
1011	15.168560	-3.199342	
1012	14.343954	-3.058334	
1013	13.512082	-2.932476	
1014	12.670383	-2.821841	
1015	11.817422	-2.723697	
1016	10.952877	-2.633309	
1017	10.077921	-2.545840	
1018	9.195408	-2.457583	
1019	8.309512	-2.366030	
1020	7.424690	-2.268580	
1021	6.544653	-2.160613	
1022	5.671779	-2.036114	
1023	4.807829	-1.891393	
1024	3.956079	-1.727605	
1025	3.121525	-1.549003	
1026	2.308349	-1.360059	
1027	1.518981	-1.165843	
1028	0.755091	-0.973550	
1029	0.016660	-0.790644	
1030	-0.699285	-0.621562	
1031	-1.396600	-0.468501	
1032	-2.077865	-0.335950	
1033	-2.744782	-0.232270	
1034	-3.398385	-0.165119	
1035	-4.038539	-0.137240	
1036	-4.663655	-0.149349	
1037	-5.269882	-0.205662	
1038	-5.851019	-0.313961	
1039	-6.400378	-0.480461	
1040	-6.912639	-0.704441	
1041	-7.383417	-0.977293	
1042	-7.807725	-1.287973	
1043	-8.180174	-1.628890	
1044	-8.496689	-1.995619	
1045	-8.754575	-2.383920	
1046	-8.950849	-2.787898	
1047	-9.082182	-3.197893	
1048	-9.146957	-3.599257	
1049	-9.147664	-3.971597	
1050	-9.091920	-4.288935	
1051	-8.989935	-4.525298	
1052	-8.851006	-4.661074	
1053	-8.683090	-4.683820	
1054	-8.494067	-4.588210	
1055	-8.292183	-4.378831	
1056	-8.084046	-4.073571	
1057	-7.870254	-3.705900	
1058	-7.643524	-3.323442	
1059	-7.392619	-2.977207	
1060	-7.109331	-2.703560	
1061	-6.793073	-2.514285	
1062	-6.448720	-2.403276	
1063	-6.081603	-2.356284	
1064	-5.697148	-2.350361	
1065	-5.302961	-2.352373	
1066	-4.908828	-2.327254	
1067	-4.525365	-2.248159	
1068	-4.161325	-2.100044	
1069	-3.821639	-1.879281	
1070	-3.508961	-1.594020	
1071	-3.224860	-1.265683	
1072	-2.967321	-0.928960	
1073	-2.729269	-0.625008	
1074	-2.503770	-0.383383	
1075	-2.290442	-0.206944	
1076	-2.092730	-0.080563	
1077	-1.909882	0.008230	
1078	-1.735395	0.063052	
1079	-1.561998	0.085943	
1080	-1.386336	0.084233	
1081	-1.210977	0.072493	
1082	-1.043510	0.068255	
1083	-0.892481	0.083657	
1084	-0.763010	0.120982	
1085	-0.656016	0.174953	
1086	-0.569455	0.236931	
1087	-0.497548	0.298507	
1088	-0.428537	0.354840	
1089	-0.343906	0.406518	
1090	-0.219379	0.460627	
1091	-0.028711	0.531224	
1092	0.245184	0.633452	
1093	0.598223	0.774784	
1094	1.008303	0.955404	
1095	1.450074	1.173199	
1096	1.903802	1.425546	
1097	2.354885	1.708710	
1098	2.791036	2.010349	
1099	3.201231	2.305429	
1100	3.577575	2.575036	
1101	3.919179	2.833324	
1102	4.232373	3.129644	
1103	4.521996	3.517523	
1104	4.780685	4.010253	
1105	4.990443	4.562994	
1106	5.136782	5.102352	
1107	5.219023	5.565678	
1108	5.249064	5.914183	
1109	5.245718	6.130582	
1110	5.228474	6.215827	
1111	5.211333	6.185026	
1112	5.199134	6.061777	
1113	5.188072	5.872013	
1114	5.170947	5.638825	
1115	5.142804	5.379282	
1116	5.101586	5.103344	
1117	5.046574	4.815031	
1118	4.978138	4.515963	
1119	4.896616	4.209476	
1120	4.801346	3.903035	
1121	4.692840	3.607931	
1122	4.574593	3.337245	
1123	4.451423	3.104079	
1124	4.326872	2.920237	
1125	4.201372	2.794038	
1126	4.071185	2.727679	
1127	3.930171	2.716935	
1128	3.775358	2.753617	
1129	3.611076	2.827579	
1130	3.447049	2.926707	
1131	3.293412	3.035559	
1132	3.156765	3.134911	
1133	3.039086	3.205767	
1134	2.939730	3.235005	
1135	2.857159	3.216303	
1136	2.788075	3.147841	
1137	2.725862	3.031582	
1138	2.660742	2.874343	
1139	2.582390	2.688242	
1140	2.482853	2.489075	
1141	2.357539	2.293059	
1142	2.205612	2.113582	
1143	2.030326	1.959841	
1144	1.837928	1.837356	
1145	1.636181	1.747848	
1146	1.433499	1.688321	
1147	1.237551	1.651622	
1148	1.053514	1.628228	
1149	0.883616	1.607731	
1150	0.728009	1.579857	
1151	0.585790	1.535330	
1152	0.455264	1.467556	
1153	0.334129	1.375301	
1154	0.220487	1.263627	
1155	0.113460	1.141582	
1156	0.012178	1.019486	
1157	-0.085513	0.908291	
1158	-0.182818	0.819070	
1159	-0.281822	0.759552	
1160	-0.381794	0.730324	
1161	-0.481069	0.726069	
1162	-0.579709	0.739820	
1163	-0.679072	0.764981	
1164	-0.780437	0.795635	
1165	-0.884705	0.827944	
1166	-0.992486	0.861703	
1167	-1.104531	0.899289	
1168	-1.221812	0.942903	
1169	-1.344009	0.993064	
1170	-1.468703	1.048716	
1171	-1.593256	1.107929	
1172	-1.716717	1.168262	
1173	-1.840031	1.226866	
1174	-1.964887	1.281393	
1175	-2.090768	1.331776	
1176	-2.212156	1.381134	
1177	-2.319539	1.434700	
1178	-2.405076	1.498507	
1179	-2.468549	1.578512	
1180	-2.517932	1.677558	
1181	-2.564615	1.791297	
1182	-2.616886	1.908029	
1183	-2.675800	2.012441	
1184	-2.736828	2.089429	
1185	-2.794823	2.126072	
1186	-2.848105	2.113657	
1187	-2.900539	2.052103	
1188	-2.959573	1.952336	
1189	-3.030974	1.832955	
1190	-3.115458	1.714524	
1191	-3.209726	1.613720	
1192	-3.309642	1.539236	
1193	-3.410969	1.492021	
1194	-3.507657	1.468785	
1195	-3.592605	1.466161	
1196	-3.661851	1.481848	
1197	-3.719018	1.509369	
1198	-3.776796	1.532376	
1199	-3.852378	1.530049	
1200	-3.957698	1.490010	
1201	-4.092809	1.414141	
1202	-4.249238	1.314706	
1203	-4.418807	1.207577	
1204	-4.599830	1.107035	
1205	-4.797142	1.023699	
1206	-5.018275	0.965169	
1207	-5.271595	0.937917	
1208	-5.563550	0.946829	
1209	-5.888768	0.991533	
1210	-6.222331	1.066210	
1211	-6.526888	1.164713	
1212	-6.768519	1.282262	
1213	-6.924326	1.411556	
1214	-6.974425	1.540446	
1215	-6.890803	1.653205	
1216	-6.647307	1.736290	
1217	-6.248940	1.788208	
1218	-5.739699	1.821441	
1219	-5.175028	1.851696	
1220	-4.596043	1.887831	
1221	-4.026566	1.929619	
1222	-3.479986	1.969151	
1223	-2.964804	1.992166	
1224	-2.485193	1.980077	
1225	-2.037807	1.916420	
1226	-1.612167	1.795275	
1227	-1.196571	1.624126	
1228	-0.783514	1.422982	
1229	-0.370087	1.226716	
1230	0.045446	1.084066	
1231	0.466666	1.040829	
1232	0.898228	1.118915	
1233	1.341728	1.314435	
1234	1.794028	1.609428	
1235	2.250945	1.977572	
1236	2.710843	2.383383	
1237	3.174356	2.787458	
1238	3.642441	3.158971	
1239	4.115355	3.482528	
1240	4.592824	3.755125	
1241	5.074315	3.980811	
1242	5.559082	4.167148	
1243	6.046268	4.322920	
1244	6.535017	4.456671	
1245	7.024569	4.575897	
1246	7.514299	4.686672	
1247	8.003734	4.793584	
1248	8.492537	4.899849	
1249	8.980493	5.007534	
1250	9.467482	5.117807	
1251	9.953468	5.231192	
1252	10.438481	5.347786	
1253	10.922627	5.467436	
1254	11.406083	5.589856	
1255	11.889118	5.714705	
1256	12.372097	5.841613	
1257	12.855490	5.970164	
1258	13.339857	6.099858	
1259	13.825818	6.230040	
1260	14.313973	6.359822	
1261	14.804792	6.488008	
1262	15.298433	6.613043	
1263	15.794528	6.733015	
1264	16.291903	6.845745	
1265	16.788306	6.949006	
1266	17.280143	7.040908	
1267	17.762285	7.120503	
1268	18.228134	7.188360	
1269	18.669779	7.246083	
1270	19.077355	7.294376	
1271	19.438282	7.332108	
1272	19.737829	7.358394	
1273	19.960637	7.375804	
1274	20.093661	7.393332	
1275	20.129872	7.430547	
1276	20.066396	7.520923	
1277	19.889510	7.706120	
1278	19.520427	7.992848	
1279	18.497549	8.089002	
1280	12.240143	6.403364	
1281	-80.277710	154.155526	
1282	-88.666745	164.204258	
1283	-90.061266	166.782216	
1284	-90.085038	167.923557	
1285	-89.771078	168.675980	
1286	-89.346439	169.285876	
1287	-88.859167	169.813891	
1288	-88.319488	170.273764	
1289	-87.734880	170.666481	
1290	-87.120856	170.989765	
1291	-86.504355	171.242435	
1292	-85.917656	171.426143	
1293	-85.388743	171.545053	
1294	-84.936396	171.605711	
1295	-84.568448	171.617746	
1296	-84.279807	171.594529	
1297	-84.048361	171.553722	
1298	-83.829839	171.519286	
1299	-83.567881	171.517613	
1300	-83.224904	171.562333	
1301	-82.799106	171.646289	
1302	-82.307513	171.752017	
1303	-81.764122	171.863924	
1304	-81.175199	171.971560	
1305	-80.543886	172.069169	
1306	-79.875008	172.155968	
1307	-79.177705	172.239601	
1308	-78.465996	172.339747	
1309	-77.759519	172.480964	
1310	-77.085862	172.673586	
1311	-76.482115	172.901445	
1312	-75.988609	173.133714	
1313	-75.633425	173.349105	
1314	-75.419410	173.544553	
1315	-75.323478	173.723665	
1316	-75.309455	173.881226	
1317	-75.346051	173.999345	
1318	-75.413874	174.063743	
1319	-75.501492	174.082610	
1320	-75.602477	174.082389	
1321	-75.713738	174.089309	
1322	-75.832538	174.116987	
1323	-75.955317	174.163187	
1324	-76.078719	174.214229	
1325	-76.198843	174.254545	
1326	-76.308739	174.273460	
1327	-76.399765	174.263688	
1328	-76.468057	174.219942	
1329	-76.524420	174.143196	
1330	-76.599718	174.038058	
1331	-76.732410	173.902466	
1332	-76.949049	173.722152	
1333	-77.262372	173.466412	
1334	-77.682595	173.083448	
1335	-78.221862	172.504978	
1336	-78.889421	171.655376	
1337	-79.683692	170.455081	
1338	-80.580483	168.825680	
1339	-81.518337	166.730081	
1340	-82.404355	164.284432	
1341	-83.167149	161.871263	
1342	-83.796237	160.064601	
1343	-84.296285	159.359738	
1344	-84.630515	159.943200	
1345	-84.734535	161.626431	
1346	-84.574301	163.956215	
1347	-84.184154	166.482373	
1348	-83.644510	168.978177	
1349	-83.041334	171.427487	
1350	-82.455762	173.910401	
1351	-81.951407	176.561211	
1352	-81.541390	179.546637	
1353	-81.162085	-177.020194	
1354	-80.678469	-173.212063	
1355	-79.953933	-169.406127	
1356	-78.990111	-166.254324	
1357	-78.003575	-164.349158	
1358	-77.266691	-163.802363	
1359	-76.884077	-164.244144	
1360	-76.790806	-165.178340	
1361	-76.875301	-166.235217	
1362	-77.044417	-167.206662	
1363	-77.221332	-167.991695	
1364	-77.322605	-168.533853	
1365	-77.229766	-168.755944	
1366	-76.743037	-168.467916	
1367	-75.475346	-167.171144	
1368	-72.503111	-163.384599	
1369	-64.608655	-151.095316	
1370	-19.602541	-106.633048	
1371	38.902735	-50.490688	
1372	-13.464291	-3.252874	
1373	-6.677235	-4.170036	
1374	-3.556514	-0.562037	
1375	0.581511	5.285759	
1376	7.765666	3.821201	
1377	9.358170	0.501190	
1378	9.582468	-0.820494	
1379	9.604503	-1.319312	
1380	9.582988	-1.436288	
1381	9.536754	-1.342517	
1382	9.459399	-1.111921	
1383	9.341187	-0.770763	
1384	9.169520	-0.314754	
1385	8.923376	0.283791	
1386	8.572731	1.067927	
1387	8.130033	2.058754	
1388	7.907635	3.059193	
1389	12.214919	-10.107999	
1390	-176.028880	-20.914056	
1391	-177.632370	-20.749694	
1392	-178.618164	-19.069606	
1393	-179.363900	-15.103098	
1394	-179.992756	-8.819112	
1395	179.426753	-0.417011	
1396	178.848748	9.669454	
1397	178.243772	20.717914	
1398	177.606151	31.704173	
1399	176.959185	41.487179	
1400	176.345139	49.170500	
1401	175.802580	54.401501	
1402	175.346699	57.425506	
1403	174.968573	58.829493	
1404	174.653735	59.157080	
1405	NaN	NaN	
1406	NaN	NaN	
1407	NaN	NaN	
1408	NaN	NaN	
1409	NaN	NaN	
1410	NaN	NaN	
1411	NaN	NaN	
1412	NaN	NaN	
1413	NaN	NaN	
1414	NaN	NaN	
1415	NaN	NaN	
1416	NaN	NaN	
1417	NaN	NaN	
1418	NaN	NaN	
1419	NaN	NaN	
1420	NaN	NaN	
1421	NaN	NaN	
1422	NaN	NaN	
1423	NaN	NaN	
1424	NaN	NaN	
1425	NaN	NaN	
1426	NaN	NaN	
1427	NaN	NaN	
1428	NaN	NaN	
1429	NaN	NaN	
1430	NaN	NaN	
1431	NaN	NaN	
1432	NaN	NaN	
1433	NaN	NaN	
1434	NaN	NaN	
1435	NaN	NaN	
1436	NaN	NaN	
1437	NaN	NaN	
1438	NaN	NaN	
1439	NaN	NaN	
1440	NaN	NaN	
1441	NaN	NaN	
1442	NaN	NaN	
1443	NaN	NaN	
1444	NaN	NaN	
1445	NaN	NaN	
1446	NaN	NaN	
1447	NaN	NaN	
1448	NaN	NaN	
1449	NaN	NaN	
1450	NaN	NaN	
1451	NaN	NaN	
1452	NaN	NaN	
1453	NaN	NaN	
1454	NaN	NaN	
1455	NaN	NaN	
1456	NaN	NaN	
1457	NaN	NaN	
1458	NaN	NaN	
1459	NaN	NaN	
1460	NaN	NaN	
1461	NaN	NaN	
1462	NaN	NaN	
1463	NaN	NaN	
1464	NaN	NaN	
1465	NaN	NaN	
1466	NaN	NaN	
1467	NaN	NaN	
1468	NaN	NaN	
1469	NaN	NaN	
1470	NaN	NaN	
1471	NaN	NaN	
1472	NaN	NaN	
1473	NaN	NaN	
1474	NaN	NaN	
1475	NaN	NaN	
1476	NaN	NaN	
1477	NaN	NaN	
1478	NaN	NaN	
1479	NaN	NaN	
1480	NaN	NaN	
1481	NaN	NaN	
1482	NaN	NaN	
1483	NaN	NaN	
1484	NaN	NaN	
1485	NaN	NaN	
1486	NaN	NaN	
1487	NaN	NaN	
1488	NaN	NaN	
1489	NaN	NaN	
1490	NaN	NaN	
1491	NaN	NaN	
1492	NaN	NaN	
1493	NaN	NaN	
1494	NaN	NaN	
1495	NaN	NaN	
1496	NaN	NaN	
1497	NaN	NaN	
1498	NaN	NaN	
1499	NaN	NaN	
1500	NaN	NaN	
1501	NaN	NaN	
1502	NaN	NaN	
1503	NaN	NaN	
1504	NaN	NaN	
1505	NaN	NaN	
1506	NaN	NaN	
1507	NaN	NaN	
1508	NaN	NaN	
1509	NaN	NaN	
1510	NaN	NaN	
1511	NaN	NaN	
1512	NaN	NaN	
1513	NaN	NaN	
1514	NaN	NaN	
1515	NaN	NaN	
1516	NaN	NaN	
1517	NaN	NaN	
1518	NaN	NaN	
1519	NaN	NaN	
1520	NaN	NaN	
1521	NaN	NaN	
1522	NaN	NaN	
1523	NaN	NaN	
1524	NaN	NaN	
1525	NaN	NaN	
1526	NaN	NaN	
1527	NaN	NaN	
1528	NaN	NaN	
1529	NaN	NaN	
1530	NaN	NaN	
1531	NaN	NaN	
1532	NaN	NaN	
1533	NaN	NaN	
1534	NaN	NaN	
1535	NaN	NaN	
1536	NaN	NaN	
1537	NaN	NaN	
1538	NaN	NaN	
1539	NaN	NaN	
1540	NaN	NaN	
1541	NaN	NaN	
1542	NaN	NaN	
1543	NaN	NaN	
1544	NaN	NaN	
1545	NaN	NaN	
1546	NaN	NaN	
1547	NaN	NaN	
1548	NaN	NaN	
1549	NaN	NaN	
1550	NaN	NaN	
