Athlete_Engineering	// User ID
11-2-2021	// Evaluation date
P001_WALK6	23-1-2021	12:11:43:567	// Source file name and timestamp
250.000	// Sampling rate
6.700	// Data capture period



Sample #	Right_Leg_Flexion	Right_Leg_Abduction	
0	-6.392544	2.569652	
1	-6.376786	2.615182	
2	-6.356611	2.647148	
3	-6.335089	2.668279	
4	-6.314859	2.683159	
5	-6.297877	2.696376	
6	-6.286057	2.711310	
7	-6.282312	2.729779	
8	-6.290504	2.753149	
9	-6.313844	2.784659	
10	-6.353126	2.829303	
11	-6.406077	2.889083	
12	-6.467929	2.959526	
13	-6.532830	3.032210	
14	-6.595260	3.098659	
15	-6.650706	3.151446	
16	-6.696312	3.184054	
17	-6.732048	3.191737	
18	-6.760761	3.174176	
19	-6.786114	3.137309	
20	-6.810336	3.090390	
21	-6.833659	3.040280	
22	-6.855002	2.989340	
23	-6.872960	2.938668	
24	-6.887235	2.891472	
25	-6.899604	2.852131	
26	-6.912796	2.823795	
27	-6.928217	2.808651	
28	-6.944688	2.809421	
29	-6.959120	2.828290	
30	-6.968627	2.862339	
31	-6.972213	2.901280	
32	-6.970900	2.932842	
33	-6.967298	2.949748	
34	-6.964891	2.949960	
35	-6.966553	2.932445	
36	-6.973452	2.895711	
37	-6.985338	2.840831	
38	-7.001129	2.774221	
39	-7.018962	2.706251	
40	-7.036536	2.647590	
41	-7.052207	2.606970	
42	-7.066013	2.590409	
43	-7.079666	2.600177	
44	-7.095574	2.632984	
45	-7.115344	2.679164	
46	-7.138494	2.725375	
47	-7.162624	2.759496	
48	-7.184887	2.773800	
49	-7.203034	2.765266	
50	-7.215546	2.734730	
51	-7.221604	2.686327	
52	-7.221261	2.627006	
53	-7.215647	2.565135	
54	-7.206730	2.508502	
55	-7.196544	2.463052	
56	-7.186596	2.432322	
57	-7.177993	2.416990	
58	-7.171610	2.414774	
59	-7.167636	2.421068	
60	-7.165378	2.430259	
61	-7.164086	2.437670	
62	-7.163847	2.441192	
63	-7.165534	2.440848	
64	-7.169995	2.436631	
65	-7.177507	2.427528	
66	-7.188224	2.412653	
67	-7.202759	2.392233	
68	-7.221804	2.367246	
69	-7.245320	2.338724	
70	-7.272294	2.307449	
71	-7.301106	2.274141	
72	-7.330026	2.239946	
73	-7.357368	2.206357	
74	-7.381384	2.174852	
75	-7.400703	2.147239	
76	-7.415156	2.125908	
77	-7.425845	2.113024	
78	-7.434129	2.109228	
79	-7.440672	2.113233	
80	-7.445416	2.122693	
81	-7.448187	2.135101	
82	-7.449175	2.148061	
83	-7.448926	2.159510	
84	-7.448243	2.167856	
85	-7.448038	2.172349	
86	-7.448818	2.173931	
87	-7.450280	2.175097	
88	-7.451544	2.178645	
89	-7.451774	2.187199	
90	-7.450751	2.203983	
91	-7.448971	2.233069	
92	-7.447185	2.276509	
93	-7.446018	2.330311	
94	-7.445905	2.385387	
95	-7.446545	2.433040	
96	-7.446055	2.468424	
97	-7.441233	2.490419	
98	-7.429101	2.500586	
99	-7.408255	2.501960	
100	-7.379263	2.497733	
101	-7.344460	2.491272	
102	-7.307059	2.487159	
103	-7.269844	2.490050	
104	-7.234672	2.501494	
105	-7.202952	2.519892	
106	-7.176016	2.544067	
107	-7.154871	2.574167	
108	-7.139650	2.609121	
109	-7.129544	2.646040	
110	-7.123481	2.682135	
111	-7.120764	2.715747	
112	-7.120987	2.745505	
113	-7.123481	2.769151	
114	-7.127225	2.784146	
115	-7.131406	2.789600	
116	-7.135749	2.787004	
117	-7.140124	2.779382	
118	-7.143979	2.769802	
119	-7.146401	2.760053	
120	-7.146650	2.750049	
121	-7.144620	2.737875	
122	-7.141045	2.720721	
123	-7.137247	2.696439	
124	-7.134480	2.663999	
125	-7.133610	2.622502	
126	-7.135426	2.570483	
127	-7.140817	2.506580	
128	-7.150448	2.431143	
129	-7.164564	2.347307	
130	-7.183455	2.260637	
131	-7.208037	2.177799	
132	-7.239715	2.104788	
133	-7.279888	2.045360	
134	-7.329744	2.000632	
135	-7.389918	1.969809	
136	-7.459836	1.951503	
137	-7.537682	1.945244	
138	-7.621460	1.952350	
139	-7.710314	1.975372	
140	-7.804537	2.016220	
141	-7.903817	2.074110	
142	-8.005755	2.145072	
143	-8.106178	2.222770	
144	-8.200232	2.298965	
145	-8.283552	2.364448	
146	-8.354003	2.412207	
147	-8.413254	2.440268	
148	-8.466214	2.450740	
149	-8.518248	2.446254	
150	-8.572688	2.427549	
151	-8.630246	2.394405	
152	-8.689554	2.348949	
153	-8.747792	2.297635	
154	-8.800755	2.250082	
155	-8.843001	2.217182	
156	-8.870447	2.209147	
157	-8.883981	2.231415	
158	-8.889682	2.279321	
159	-8.896757	2.335513	
160	-8.915648	2.375442	
161	-8.955253	2.379714	
162	-9.020618	2.342843	
163	-9.112735	2.273831	
164	-9.229246	2.191260	
165	-9.365286	2.114698	
166	-9.514594	2.058177	
167	-9.670850	2.030896	
168	-9.828748	2.040114	
169	-9.984414	2.089934	
170	-10.135394	2.178360	
171	-10.280092	2.296054	
172	-10.416568	2.426520	
173	-10.541785	2.549005	
174	-10.652122	2.643725	
175	-10.744333	2.695748	
176	-10.816042	2.697578	
177	-10.865810	2.652031	
178	-10.893329	2.573263	
179	-10.899686	2.482959	
180	-10.887331	2.402133	
181	-10.859863	2.343085	
182	-10.821379	2.306225	
183	-10.775309	2.283619	
184	-10.723259	2.265960	
185	-10.664223	2.246100	
186	-10.595212	2.218400	
187	-10.513650	2.179475	
188	-10.419590	2.130651	
189	-10.315694	2.077478	
190	-10.204633	2.026081	
191	-10.086111	1.980408	
192	-9.956622	1.942015	
193	-9.811523	1.910588	
194	-9.646331	1.885048	
195	-9.456971	1.866726	
196	-9.240964	1.861916	
197	-8.998942	1.880060	
198	-8.734009	1.929580	
199	-8.449412	2.015439	
200	-8.147612	2.137414	
201	-7.830826	2.286385	
202	-7.500147	2.442500	
203	-7.152875	2.580013	
204	-6.781597	2.676047	
205	-6.377724	2.719108	
206	-5.937003	2.713647	
207	-5.462240	2.676481	
208	-4.961035	2.627265	
209	-4.440566	2.580301	
210	-3.904385	2.541893	
211	-3.352756	2.512356	
212	-2.783616	2.488484	
213	-2.193384	2.464452	
214	-1.578564	2.432959	
215	-0.937614	2.387496	
216	-0.272526	2.324191	
217	0.411275	2.241611	
218	1.107683	2.139244	
219	1.811595	2.017094	
220	2.517093	1.875707	
221	3.216088	1.715499	
222	3.899697	1.537413	
223	4.560506	1.345365	
224	5.194755	1.148270	
225	5.802857	0.959106	
226	6.387450	0.790757	
227	6.951897	0.652422	
228	7.500358	0.549089	
229	8.037612	0.484017	
230	8.568436	0.462279	
231	9.096690	0.491554	
232	9.624015	0.579936	
233	10.149364	0.731850	
234	10.669241	0.942269	
235	11.178067	1.194736	
236	11.669300	1.467537	
237	12.137186	1.741440	
238	12.578318	2.001305	
239	12.992261	2.233722	
240	13.380623	2.426187	
241	13.745610	2.568721	
242	14.089344	2.656586	
243	14.413149	2.692537	
244	14.716343	2.687313	
245	14.995882	2.657328	
246	15.247512	2.619706	
247	15.467322	2.588316	
248	15.653149	2.572631	
249	15.805818	2.577026	
250	15.929557	2.600133	
251	16.030921	2.635864	
252	16.116170	2.676989	
253	16.188820	2.719260	
254	16.249407	2.761755	
255	16.296776	2.803815	
256	16.329562	2.843140	
257	16.347650	2.876346	
258	16.352842	2.899764	
259	16.347664	2.909308	
260	16.332502	2.901366	
261	16.303554	2.875729	
262	16.254154	2.837174	
263	16.178732	2.792267	
264	16.076440	2.743825	
265	15.951665	2.688784	
266	15.811301	2.620084	
267	15.661791	2.528557	
268	15.507926	2.404204	
269	15.352791	2.239093	
270	15.197844	2.031079	
271	15.042909	1.785312	
272	14.885993	1.513005	
273	14.723325	1.228878	
274	14.550387	0.948591	
275	14.362335	0.691397	
276	14.151899	0.487609	
277	13.911050	0.368217	
278	13.639880	0.334498	
279	13.349892	0.351749	
280	13.055973	0.377919	
281	12.769104	0.386338	
282	12.495406	0.366540	
283	12.236884	0.317607	
284	11.991475	0.243950	
285	11.753131	0.154156	
286	11.513732	0.057758	
287	11.267273	-0.039823	
288	11.012974	-0.138558	
289	10.754329	-0.241313	
290	10.496228	-0.351026	
291	10.243898	-0.468844	
292	10.002797	-0.591887	
293	9.776579	-0.709961	
294	9.564666	-0.805311	
295	9.363478	-0.858867	
296	9.170254	-0.858038	
297	8.983929	-0.799226	
298	8.802506	-0.687521	
299	8.621962	-0.537975	
300	8.437970	-0.375033	
301	8.246866	-0.227486	
302	8.044427	-0.121902	
303	7.825009	-0.077608	
304	7.582792	-0.103498	
305	7.314034	-0.194969	
306	7.019381	-0.332430	
307	6.705304	-0.487143	
308	6.382417	-0.634476	
309	6.060888	-0.762691	
310	5.747219	-0.869071	
311	5.444551	-0.952227	
312	5.154025	-1.010535	
313	4.875411	-1.044649	
314	4.607370	-1.059867	
315	4.347625	-1.066619	
316	4.093038	-1.076718	
317	3.839680	-1.097851	
318	3.582780	-1.132584	
319	3.317445	-1.180666	
320	3.040674	-1.239086	
321	2.752544	-1.300871	
322	2.455690	-1.355638	
323	2.155191	-1.390908	
324	1.858721	-1.393793	
325	1.575081	-1.353806	
326	1.311691	-1.264638	
327	1.072341	-1.123841	
328	0.855624	-0.934095	
329	0.654663	-0.707791	
330	0.460659	-0.466405	
331	0.270544	-0.228898	
332	0.090418	-0.005433	
333	-0.071518	0.193668	
334	-0.213542	0.352175	
335	-0.340572	0.453092	
336	-0.459369	0.484863	
337	-0.574915	0.448291	
338	-0.689083	0.359448	
339	-0.802868	0.238257	
340	-0.920616	0.093615	
341	-1.049655	-0.076342	
342	-1.195244	-0.273655	
343	-1.358319	-0.494522	
344	-1.537137	-0.729332	
345	-1.727987	-0.964000	
346	-1.924316	-1.181011	
347	-2.118009	-1.364031	
348	-2.303057	-1.507092	
349	-2.476580	-1.618161	
350	-2.636717	-1.712062	
351	-2.781528	-1.799953	
352	-2.908755	-1.883405	
353	-3.015450	-1.956036	
354	-3.098824	-2.006567	
355	-3.157659	-2.019311	
356	-3.193286	-1.981980	
357	-3.209747	-1.900382	
358	-3.211340	-1.798035	
359	-3.199136	-1.694933	
360	-3.171950	-1.593240	
361	-3.130627	-1.487540	
362	-3.078053	-1.377023	
363	-3.014628	-1.262937	
364	-2.936813	-1.147828	
365	-2.841400	-1.040965	
366	-2.730271	-0.957280	
367	-2.609715	-0.909985	
368	-2.485391	-0.902317	
369	-2.358811	-0.922945	
370	-2.227089	-0.949937	
371	-2.085164	-0.962717	
372	-1.930121	-0.954360	
373	-1.765008	-0.934104	
374	-1.597743	-0.915991	
375	-1.435647	-0.902925	
376	-1.282834	-0.883497	
377	-1.142410	-0.843632	
378	-1.018040	-0.777190	
379	-0.912722	-0.687276	
380	-0.826814	-0.582587	
381	-0.757693	-0.473679	
382	-0.700779	-0.370501	
383	-0.649963	-0.280933	
384	-0.598116	-0.209382	
385	-0.538475	-0.155259	
386	-0.464744	-0.113260	
387	-0.369920	-0.075719	
388	-0.247347	-0.034833	
389	-0.093849	0.017115	
390	0.089096	0.088969	
391	0.296364	0.189352	
392	0.520186	0.322591	
393	0.751523	0.487923	
394	0.982031	0.682969	
395	1.205228	0.906075	
396	1.417031	1.156018	
397	1.616221	1.430998	
398	1.803948	1.726920	
399	1.981899	2.035741	
400	2.150729	2.346122	
401	2.310470	2.646078	
402	2.461522	2.926069	
403	2.604281	3.181573	
404	2.738838	3.413675	
405	2.865654	3.627107	
406	2.985478	3.827200	
407	3.098948	4.017183	
408	3.207069	4.196766	
409	3.310512	4.362178	
410	3.407633	4.507059	
411	3.495174	4.624602	
412	3.571163	4.710724	
413	3.635313	4.765992	
414	3.687469	4.794866	
415	3.727782	4.803521	
416	3.757300	4.798814	
417	3.776679	4.788363	
418	3.785274	4.779706	
419	3.782604	4.778394	
420	3.770202	4.786425	
421	3.751342	4.802100	
422	3.728668	4.821463	
423	3.702447	4.840653	
424	3.671513	4.858200	
425	3.635656	4.876172	
426	3.597097	4.898895	
427	3.560203	4.929863	
428	3.530131	4.969607	
429	3.511722	5.016134	
430	3.508619	5.066716	
431	3.522093	5.119515	
432	3.550204	5.175569	
433	3.586803	5.240417	
434	3.621537	5.320740	
435	3.643749	5.415903	
436	3.646885	5.513956	
437	3.628969	5.596800	
438	3.590921	5.647825	
439	3.534644	5.656824	
440	3.461515	5.621486	
441	3.372238	5.546185	
442	3.267344	5.441025	
443	3.147466	5.320304	
444	3.013857	5.197427	
445	2.868923	5.079977	
446	2.715753	4.969010	
447	2.556649	4.861198	
448	2.392333	4.751706	
449	2.223097	4.636034	
450	2.050097	4.510686	
451	1.875242	4.374393	
452	1.701073	4.228923	
453	1.530825	4.077985	
454	1.366913	3.925169	
455	1.209311	3.771728	
456	1.056574	3.616060	
457	0.907719	3.456592	
458	0.761773	3.295093	
459	0.616634	3.136333	
460	0.470254	2.984449	
461	0.322272	2.840396	
462	0.173141	2.704265	
463	0.023535	2.578280	
464	-0.123449	2.463919	
465	-0.261884	2.357255	
466	-0.387211	2.250221	
467	-0.500230	2.136409	
468	-0.607179	2.015926	
469	-0.716584	1.895647	
470	-0.834988	1.783973	
471	-0.964538	1.685130	
472	-1.103058	1.597760	
473	-1.244826	1.516398	
474	-1.382635	1.434994	
475	-1.511326	1.352004	
476	-1.629479	1.271744	
477	-1.738339	1.200310	
478	-1.841057	1.142575	
479	-1.942520	1.102156	
480	-2.047389	1.079466	
481	-2.157608	1.069670	
482	-2.271777	1.064735	
483	-2.385501	1.054744	
484	-2.492119	1.025942	
485	-2.585723	0.963868	
486	-2.665747	0.863174	
487	-2.737907	0.731519	
488	-2.810226	0.583373	
489	-2.889188	0.433743	
490	-2.977814	0.296482	
491	-3.074266	0.183176	
492	-3.172590	0.099332	
493	-3.266235	0.040636	
494	-3.351479	-0.003945	
495	-3.428522	-0.043538	
496	-3.499779	-0.080251	
497	-3.567314	-0.109907	
498	-3.632174	-0.125238	
499	-3.695112	-0.119690	
500	-3.756854	-0.090420	
501	-3.818148	-0.040419	
502	-3.880380	0.021171	
503	-3.946407	0.083523	
504	-4.020005	0.139414	
505	-4.103466	0.184707	
506	-4.195758	0.215298	
507	-4.292702	0.226357	
508	-4.388199	0.212441	
509	-4.476522	0.167923	
510	-4.554927	0.089612	
511	-4.624367	-0.018131	
512	-4.688206	-0.140666	
513	-4.750409	-0.257907	
514	-4.814515	-0.351538	
515	-4.883511	-0.408027	
516	-4.959314	-0.420531	
517	-5.041723	-0.391561	
518	-5.128209	-0.332373	
519	-5.214598	-0.258745	
520	-5.295816	-0.186790	
521	-5.366728	-0.130596	
522	-5.423053	-0.101264	
523	-5.462498	-0.106073	
524	-5.486364	-0.147258	
525	-5.499934	-0.221197	
526	-5.509951	-0.318472	
527	-5.520624	-0.425462	
528	-5.531855	-0.528300	
529	-5.541405	-0.617198	
530	-5.548311	-0.688140	
531	-5.554323	-0.742279	
532	-5.563146	-0.785447	
533	-5.578540	-0.827530	
534	-5.602653	-0.878898	
535	-5.635500	-0.945320	
536	-5.675383	-1.025548	
537	-5.720368	-1.111052	
538	-5.769696	-1.187400	
539	-5.822391	-1.239246	
540	-5.874186	-1.255443	
541	-5.917660	-1.229531	
542	-5.946700	-1.157484	
543	-5.959980	-1.036559	
544	-5.959804	-0.866366	
545	-5.949116	-0.651718	
546	-5.930428	-0.404786	
547	-5.906066	-0.142793	
548	-5.877373	0.117714	
549	-5.843149	0.364760	
550	-5.799355	0.592285	
551	-5.740816	0.800482	
552	-5.663293	0.994056	
553	-5.564059	1.178314	
554	-5.442197	1.355580	
555	-5.299606	1.525740	
556	-5.140585	1.689941	
557	-4.969540	1.850956	
558	-4.788973	2.010703	
559	-4.598674	2.170566	
560	-4.395937	2.332861	
561	-4.176621	2.499303	
562	-3.936461	2.668404	
563	-3.672557	2.835423	
564	-3.384704	2.993833	
565	-3.075353	3.135769	
566	-2.748037	3.252728	
567	-2.405901	3.338925	
568	-2.051853	3.395559	
569	-1.689456	3.431291	
570	-1.322362	3.458573	
571	-0.952542	3.491484	
572	-0.579666	3.545199	
573	-0.202498	3.631042	
574	0.179324	3.750738	
575	0.565011	3.898572	
576	0.953563	4.067649	
577	1.344431	4.253060	
578	1.737899	4.452827	
579	2.135755	4.667841	
580	2.541324	4.899746	
581	2.958809	5.147930	
582	3.392719	5.407882	
583	3.847016	5.671026	
584	4.324923	5.925259	
585	4.829817	6.157813	
586	5.364767	6.359899	
587	5.930563	6.529186	
588	6.524833	6.668809	
589	7.143056	6.783311	
590	7.780672	6.873094	
591	8.435157	6.933278	
592	9.106787	6.960195	
593	9.797960	6.958653	
594	10.512079	6.941343	
595	11.252793	6.922271	
596	12.023235	6.911281	
597	12.824977	6.911568	
598	13.657731	6.920710	
599	14.520311	6.934799	
600	15.411835	6.950461	
601	16.332112	6.964255	
602	17.280877	6.973913	
603	18.256497	6.979544	
604	19.255203	6.982362	
605	20.270744	6.983961	
606	21.294563	6.986561	
607	22.317006	6.992154	
608	23.328785	7.001828	
609	24.322483	7.016709	
610	25.294375	7.038223	
611	26.244626	7.066619	
612	27.175167	7.100574	
613	28.088218	7.138010	
614	28.986905	7.176015	
615	29.875864	7.211551	
616	30.760260	7.244350	
617	31.643930	7.279090	
618	32.528280	7.324784	
619	33.412632	7.392718	
620	34.295456	7.493146	
621	35.175465	7.630235	
622	36.051685	7.798289	
623	36.922235	7.982203	
624	37.783070	8.161028	
625	38.628301	8.312597	
626	39.451541	8.417916	
627	40.246351	8.463220	
628	41.005817	8.439498	
629	41.722937	8.342736	
630	42.392597	8.175412	
631	43.013464	7.946141	
632	43.587320	7.667520	
633	44.116080	7.354834	
634	44.599294	7.025127	
635	45.034677	6.694381	
636	45.420623	6.374297	
637	45.757466	6.072265	
638	46.047413	5.794070	
639	46.294561	5.545754	
640	46.504340	5.332342	
641	46.681997	5.155474	
642	46.831551	5.013886	
643	46.955673	4.904935	
644	47.055467	4.824464	
645	47.130797	4.768112	
646	47.181339	4.733433	
647	47.206343	4.717367	
648	47.203755	4.711041	
649	47.170810	4.700366	
650	47.105266	4.673348	
651	47.005947	4.625272	
652	46.872757	4.556986	
653	46.706899	4.471058	
654	46.511077	4.370445	
655	46.288358	4.258315	
656	46.040789	4.137057	
657	45.769652	4.007178	
658	45.476117	3.866048	
659	45.160807	3.707064	
660	44.823079	3.521731	
661	44.461422	3.304145	
662	44.075200	3.054284	
663	43.665885	2.777997	
664	43.236029	2.484319	
665	42.787611	2.182946	
666	42.321620	1.883993	
667	41.838022	1.598414	
668	41.335573	1.336318	
669	40.811675	1.103060	
670	40.262151	0.895851	
671	39.681769	0.704728	
672	39.065338	0.517555	
673	38.408112	0.323525	
674	37.706728	0.113280	
675	36.961244	-0.121337	
676	36.175428	-0.386840	
677	35.354719	-0.686842	
678	34.503811	-1.019940	
679	33.624786	-1.379111	
680	32.716981	-1.754313	
681	31.778959	-2.136398	
682	30.810353	-2.519584	
683	29.812044	-2.901634	
684	28.785647	-3.281940	
685	27.733239	-3.658798	
686	26.657134	-4.028338	
687	25.560205	-4.385465	
688	24.446694	-4.724172	
689	23.321925	-5.036852	
690	22.190865	-5.314648	
691	21.056965	-5.548037	
692	19.921676	-5.727871	
693	18.784853	-5.848366	
694	17.646160	-5.907876	
695	16.506350	-5.905282	
696	15.367488	-5.837696	
697	14.232745	-5.701990	
698	13.105745	-5.497592	
699	11.989280	-5.228427	
700	10.885046	-4.901886	
701	9.794493	-4.526238	
702	8.718977	-4.110661	
703	7.659538	-3.666985	
704	6.617298	-3.210149	
705	5.594538	-2.756804	
706	4.595359	-2.321473	
707	3.624335	-1.912982	
708	2.684343	-1.534694	
709	1.775617	-1.185739	
710	0.895870	-0.862524	
711	0.041284	-0.562704	
712	-0.791725	-0.286776	
713	-1.605132	-0.034665	
714	-2.398958	0.196706	
715	-3.171174	0.412356	
716	-3.917422	0.617341	
717	-4.631803	0.814856	
718	-5.308510	1.004402	
719	-5.941478	1.180696	
720	-6.522573	1.333595	
721	-7.042193	1.449879	
722	-7.491822	1.517607	
723	-7.865350	1.531371	
724	-8.159321	1.494696	
725	-8.373104	1.417971	
726	-8.508679	1.315251	
727	-8.569974	1.202504	
728	-8.561791	1.095897	
729	-8.489000	1.009326	
730	-8.356688	0.953053	
731	-8.170634	0.934509	
732	-7.937008	0.958987	
733	-7.660418	1.029067	
734	-7.341458	1.144636	
735	-6.977514	1.302829	
736	-6.567275	1.496484	
737	-6.114075	1.714078	
738	-5.625531	1.942614	
739	-5.112049	2.171098	
740	-4.585836	2.392735	
741	-4.059688	2.603074	
742	-3.545409	2.795322	
743	-3.053082	2.959965	
744	-2.591614	3.088259	
745	-2.168411	3.173504	
746	-1.787223	3.212094	
747	-1.446882	3.207366	
748	-1.141617	3.172154	
749	-0.861590	3.126641	
750	-0.594869	3.093339	
751	-0.330688	3.091984	
752	-0.061104	3.135892	
753	0.219508	3.231312	
754	0.514846	3.379489	
755	0.825643	3.578165	
756	1.148248	3.821332	
757	1.474847	4.099868	
758	1.795889	4.404204	
759	2.102787	4.725852	
760	2.389413	5.055692	
761	2.653365	5.383099	
762	2.896950	5.699613	
763	3.126135	6.002831	
764	3.347916	6.295324	
765	3.567523	6.581001	
766	3.786447	6.863927	
767	4.002709	7.148694	
768	4.213168	7.438883	
769	4.415447	7.735120	
770	4.608260	8.035154	
771	4.791144	8.335041	
772	4.964379	8.630224	
773	5.128595	8.916146	
774	5.284115	9.188820	
775	5.430869	9.445217	
776	5.568751	9.681489	
777	5.697822	9.889834	
778	5.818546	10.058141	
779	5.931966	10.172688	
780	6.039291	10.220463	
781	6.140804	10.190376	
782	6.234902	10.074845	
783	6.318664	9.871801	
784	6.389463	9.587288	
785	6.445696	9.237529	
786	6.486150	8.846142	
787	6.508964	8.436888	
788	6.511235	8.028219	
789	6.489639	7.632393	
790	6.441447	7.257593	
791	6.365284	6.910185	
792	6.261698	6.594751	
793	6.133564	6.312822	
794	5.986146	6.062633	
795	5.826756	5.840288	
796	5.663595	5.641605	
797	5.503870	5.464145	
798	5.352284	5.308632	
799	5.210652	5.178130	
800	5.078211	5.074692	
801	4.951917	4.996237	
802	4.826769	4.936542	
803	4.697011	4.888024	
804	4.558099	4.844735	
805	4.408008	4.802924	
806	4.247603	4.759522	
807	4.080746	4.712295	
808	3.913391	4.661872	
809	3.750971	4.611208	
810	3.596125	4.561900	
811	3.448554	4.511476	
812	3.305614	4.454053	
813	3.162828	4.383438	
814	3.015519	4.296621	
815	2.860686	4.195285	
816	2.697380	4.084121	
817	2.526552	3.967471	
818	2.351094	3.846799	
819	2.175193	3.721437	
820	2.002922	3.592648	
821	1.836879	3.465508	
822	1.677435	3.345033	
823	1.522756	3.232662	
824	1.369500	3.128130	
825	1.213881	3.032770	
826	1.052696	2.950198	
827	0.884277	2.883987	
828	0.709330	2.834346	
829	0.530859	2.797453	
830	0.352799	2.767305	
831	0.178188	2.737261	
832	0.008211	2.700793	
833	-0.157544	2.652133	
834	-0.320828	2.588102	
835	-0.485085	2.510991	
836	-0.655173	2.428441	
837	-0.835666	2.349485	
838	-1.029148	2.281730	
839	-1.235613	2.230975	
840	-1.452085	2.200064	
841	-1.672483	2.186883	
842	-1.889182	2.184243	
843	-2.095974	2.182815	
844	-2.290044	2.175541	
845	-2.471395	2.159947	
846	-2.640987	2.137006	
847	-2.799824	2.109372	
848	-2.949348	2.080562	
849	-3.091868	2.054030	
850	-3.230171	2.032337	
851	-3.367048	2.016816	
852	-3.505043	2.006948	
853	-3.645682	2.000179	
854	-3.788947	1.992943	
855	-3.934098	1.981878	
856	-4.080647	1.964559	
857	-4.228228	1.939787	
858	-4.376021	1.907484	
859	-4.522582	1.868816	
860	-4.666180	1.826629	
861	-4.805605	1.785194	
862	-4.941234	1.748031	
863	-5.075324	1.715181	
864	-5.211038	1.683645	
865	-5.351016	1.650854	
866	-5.495951	1.616573	
867	-5.643447	1.581865	
868	-5.787950	1.547867	
869	-5.922071	1.515090	
870	-6.039055	1.482563	
871	-6.135038	1.448271	
872	-6.209252	1.410803	
873	-6.262390	1.369395	
874	-6.295456	1.322002	
875	-6.310429	1.264813	
876	-6.311615	1.194624	
877	-6.305866	1.111048	
878	-6.300730	1.016900	
879	-6.301427	0.917776	
880	-6.308890	0.820812	
881	-6.320057	0.733425	
882	-6.329590	0.662809	
883	-6.331891	0.614064	
884	-6.322984	0.587480	
885	-6.302080	0.578826	
886	-6.271795	0.582756	
887	-6.236058	0.596054	
888	-6.197453	0.618757	
889	-6.156562	0.653114	
890	-6.112898	0.701044	
891	-6.065700	0.762001	
892	-6.014289	0.833439	
893	-5.958303	0.913007	
894	-5.897640	0.999829	
895	-5.832130	1.094257	
896	-5.761433	1.197100	
897	-5.684813	1.308732	
898	-5.600596	1.428120	
899	-5.506033	1.552391	
900	-5.397866	1.677278	
901	-5.273292	1.798369	
902	-5.130652	1.912997	
903	-4.969224	2.021219	
904	-4.789054	2.124519	
905	-4.591022	2.223734	
906	-4.376084	2.319085	
907	-4.144740	2.411936	
908	-3.897637	2.504568	
909	-3.636524	2.597411	
910	-3.364580	2.687693	
911	-3.084709	2.772548	
912	-2.797034	2.853642	
913	-2.498893	2.937367	
914	-2.186705	3.030742	
915	-1.857220	3.137939	
916	-1.507988	3.259585	
917	-1.137726	3.393681	
918	-0.746529	3.536179	
919	-0.335670	3.680868	
920	0.092881	3.820357	
921	0.536768	3.948196	
922	0.992677	4.059457	
923	1.455787	4.150663	
924	1.920880	4.222169	
925	2.384003	4.280313	
926	2.842775	4.334866	
927	3.295897	4.393642	
928	3.743007	4.459785	
929	4.184844	4.533327	
930	4.623440	4.614289	
931	5.062135	4.704654	
932	5.505292	4.807439	
933	5.957293	4.923373	
934	6.421767	5.048664	
935	6.902895	5.175825	
936	7.406737	5.296106	
937	7.939743	5.402069	
938	8.507002	5.490029	
939	9.112684	5.560809	
940	9.760603	5.618002	
941	10.453455	5.665697	
942	11.191455	5.707200	
943	11.971478	5.745506	
944	12.788028	5.785310	
945	13.635250	5.834018	
946	14.507900	5.900759	
947	15.401789	5.994675	
948	16.314450	6.122578	
949	17.245113	6.286659	
950	18.193630	6.483588	
951	19.158993	6.703899	
952	20.138638	6.932359	
953	21.128752	7.152520	
954	22.124356	7.353039	
955	23.119026	7.529936	
956	24.105216	7.685029	
957	25.075314	7.823767	
958	26.022858	7.952720	
959	26.943478	8.077072	
960	27.835264	8.198782	
961	28.698605	8.316815	
962	29.535732	8.431027	
963	30.349898	8.546256	
964	31.144422	8.672798	
965	31.922611	8.823141	
966	32.688760	9.005688	
967	33.448457	9.219648	
968	34.206991	9.455685	
969	34.967448	9.700385	
970	35.729688	9.939804	
971	36.489856	10.160848	
972	37.240429	10.351015	
973	37.971416	10.497256	
974	38.672766	10.587343	
975	39.336611	10.615629	
976	39.957521	10.587180	
977	40.531115	10.514066	
978	41.053349	10.408185	
979	41.521043	10.278405	
980	41.932077	10.132271	
981	42.285149	9.977362	
982	42.579854	9.819137	
983	42.816679	9.658751	
984	42.996774	9.495563	
985	43.121994	9.331561	
986	43.195228	9.171637	
987	43.220343	9.019150	
988	43.201721	8.872140	
989	43.144002	8.723988	
990	43.052332	8.566441	
991	42.932796	8.391414	
992	42.791771	8.191434	
993	42.634160	7.961265	
994	42.462525	7.700242	
995	42.277208	7.412399	
996	42.076113	7.105317	
997	41.855186	6.789305	
998	41.610191	6.475621	
999	41.337848	6.172379	
1000	41.036218	5.879940	
1001	40.705817	5.591178	
1002	40.350078	5.296945	
1003	39.973447	4.989904	
1004	39.578893	4.665786	
1005	39.167432	4.325730	
1006	38.739456	3.977824	
1007	38.295485	3.635554	
1008	37.835699	3.314409	
1009	37.359871	3.028495	
1010	36.867713	2.788239	
1011	36.358703	2.599092	
1012	35.831768	2.461120	
1013	35.285220	2.370510	
1014	34.717801	2.322248	
1015	34.130509	2.310140	
1016	33.525775	2.322618	
1017	32.903668	2.339806	
1018	32.260386	2.336996	
1019	31.590707	2.291347	
1020	30.890479	2.186719	
1021	30.157315	2.015756	
1022	29.390555	1.779441	
1023	28.590977	1.485205	
1024	27.761347	1.145550	
1025	26.907395	0.776484	
1026	26.036153	0.395277	
1027	25.152329	0.019870	
1028	24.257586	-0.332309	
1029	23.353638	-0.648463	
1030	22.444266	-0.921323	
1031	21.533396	-1.147054	
1032	20.622294	-1.326126	
1033	19.709891	-1.462163	
1034	18.795129	-1.556883	
1035	17.877255	-1.609248	
1036	16.954857	-1.618969	
1037	16.027485	-1.588544	
1038	15.097918	-1.522593	
1039	14.170062	-1.425811	
1040	13.245165	-1.301528	
1041	12.322396	-1.153115	
1042	11.401496	-0.985992	
1043	10.482876	-0.806423	
1044	9.566587	-0.620095	
1045	8.652415	-0.434487	
1046	7.741414	-0.261510	
1047	6.837850	-0.116499	
1048	5.949492	-0.015040	
1049	5.085849	0.029811	
1050	4.255285	0.008683	
1051	3.461964	-0.083072	
1052	2.703765	-0.240556	
1053	1.972107	-0.443719	
1054	1.255353	-0.660979	
1055	0.544382	-0.860952	
1056	-0.165063	-1.020085	
1057	-0.873482	-1.123678	
1058	-1.578403	-1.165467	
1059	-2.274150	-1.146743	
1060	-2.951178	-1.074603	
1061	-3.596788	-0.960237	
1062	-4.199022	-0.817489	
1063	-4.750544	-0.661701	
1064	-5.248806	-0.509558	
1065	-5.694390	-0.377832	
1066	-6.090704	-0.279142	
1067	-6.443943	-0.219018	
1068	-6.760793	-0.196542	
1069	-7.044891	-0.206006	
1070	-7.295083	-0.238943	
1071	-7.506842	-0.286020	
1072	-7.675536	-0.337941	
1073	-7.798172	-0.386061	
1074	-7.872369	-0.422346	
1075	-7.895652	-0.438138	
1076	-7.866909	-0.423910	
1077	-7.787904	-0.372312	
1078	-7.663455	-0.282380	
1079	-7.500590	-0.159882	
1080	-7.306275	-0.012696	
1081	-7.084753	0.153239	
1082	-6.838116	0.331952	
1083	-6.570142	0.514144	
1084	-6.288141	0.689458	
1085	-6.000236	0.849445	
1086	-5.711041	0.987205	
1087	-5.419474	1.099021	
1088	-5.120622	1.187813	
1089	-4.809928	1.262720	
1090	-4.485875	1.334968	
1091	-4.150298	1.412974	
1092	-3.806735	1.499654	
1093	-3.457966	1.594170	
1094	-3.105635	1.695354	
1095	-2.751942	1.802689	
1096	-2.401441	1.914004	
1097	-2.062426	2.021960	
1098	-1.746220	2.114244	
1099	-1.462924	2.179283	
1100	-1.216264	2.212470	
1101	-1.001208	2.218142	
1102	-0.805531	2.207397	
1103	-0.614915	2.194221	
1104	-0.417849	2.193353	
1105	-0.205383	2.220653	
1106	0.031605	2.292061	
1107	0.301273	2.420196	
1108	0.607034	2.611845	
1109	0.946487	2.866955	
1110	1.313587	3.178857	
1111	1.700308	3.537226	
1112	2.096325	3.931867	
1113	2.489397	4.352955	
1114	2.867482	4.788139	
1115	3.221508	5.220242	
1116	3.546957	5.629612	
1117	3.842599	6.001937	
1118	4.108679	6.334316	
1119	4.346753	6.634466	
1120	4.559501	6.917439	
1121	4.749660	7.202918	
1122	4.918885	7.511574	
1123	5.067679	7.860683	
1124	5.196738	8.260896	
1125	5.307838	8.714444	
1126	5.402523	9.213792	
1127	5.480565	9.741323	
1128	5.542414	10.271462	
1129	5.593926	10.773545	
1130	5.644673	11.213742	
1131	5.699951	11.557527	
1132	5.757806	11.773891	
1133	5.813129	11.839725	
1134	5.861255	11.742108	
1135	5.899167	11.478133	
1136	5.926888	11.053810	
1137	5.948304	10.483391	
1138	5.968466	9.790120	
1139	5.989122	9.008770	
1140	6.007621	8.185722	
1141	6.019613	7.370938	
1142	6.022149	6.606362	
1143	6.014969	5.920218	
1144	5.999527	5.327098	
1145	5.976703	4.829981	
1146	5.945696	4.424635	
1147	5.904922	4.105105	
1148	5.852285	3.867133	
1149	5.784189	3.708769	
1150	5.695932	3.628027	
1151	5.584047	3.618352	
1152	5.448588	3.666138	
1153	5.292849	3.753224	
1154	5.119836	3.861498	
1155	4.929919	3.975042	
1156	4.722925	4.079953	
1157	4.500453	4.164949	
1158	4.265375	4.222476	
1159	4.021639	4.248179	
1160	3.775185	4.239537	
1161	3.532486	4.195266	
1162	3.297981	4.115058	
1163	3.074828	3.999145	
1164	2.866576	3.848686	
1165	2.676139	3.666784	
1166	2.504722	3.458604	
1167	2.352303	3.230948	
1168	2.217701	2.992178	
1169	2.098288	2.751525	
1170	1.990621	2.517575	
1171	1.891677	2.297465	
1172	1.799707	2.096646	
1173	1.714186	1.917872	
1174	1.635051	1.760136	
1175	1.561706	1.618911	
1176	1.491921	1.488042	
1177	1.421299	1.362755	
1178	1.344254	1.241703	
1179	1.255239	1.126507	
1180	1.148602	1.020043	
1181	1.018724	0.925108	
1182	0.862654	0.843728	
1183	0.682480	0.777021	
1184	0.484333	0.725304	
1185	0.276999	0.688036	
1186	0.071811	0.664200	
1187	-0.119905	0.653463	
1188	-0.290635	0.656594	
1189	-0.437292	0.674182	
1190	-0.560124	0.705166	
1191	-0.662813	0.746492	
1192	-0.753216	0.793336	
1193	-0.842680	0.839512	
1194	-0.942545	0.878654	
1195	-1.060137	0.906015	
1196	-1.198096	0.920016	
1197	-1.356687	0.923128	
1198	-1.535503	0.921463	
1199	-1.732070	0.922673	
1200	-1.938942	0.933367	
1201	-2.144099	0.957875	
1202	-2.335172	0.998273	
1203	-2.502935	1.054149	
1204	-2.642205	1.122169	
1205	-2.751634	1.196762	
1206	-2.833378	1.271784	
1207	-2.892706	1.341691	
1208	-2.937095	1.401824	
1209	-2.974551	1.448832	
1210	-3.011942	1.481618	
1211	-3.054073	1.501721	
1212	-3.103067	1.512453	
1213	-3.157829	1.517842	
1214	-3.214522	1.522343	
1215	-3.269026	1.530067	
1216	-3.320149	1.542888	
1217	-3.370422	1.559846	
1218	-3.423884	1.579148	
1219	-3.483776	1.600076	
1220	-3.551685	1.622436	
1221	-3.627500	1.645110	
1222	-3.709541	1.666005	
1223	-3.794285	1.682354	
1224	-3.876646	1.690688	
1225	-3.953067	1.687683	
1226	-4.025425	1.670734	
1227	-4.100256	1.637982	
1228	-4.183670	1.589621	
1229	-4.278351	1.528323	
1230	-4.384488	1.456813	
1231	-4.501015	1.376083	
1232	-4.625820	1.286621	
1233	-4.755747	1.190495	
1234	-4.886973	1.091590	
1235	-5.016073	0.993433	
1236	-5.140664	0.897060	
1237	-5.258554	0.802021	
1238	-5.366855	0.709152	
1239	-5.462341	0.620667	
1240	-5.542102	0.537839	
1241	-5.603901	0.460455	
1242	-5.648313	0.388713	
1243	-5.683437	0.324122	
1244	-5.725773	0.267539	
1245	-5.792072	0.217226	
1246	-5.889245	0.170297	
1247	-6.011192	0.125917	
1248	-6.141879	0.086240	
1249	-6.261394	0.054582	
1250	-6.352448	0.033134	
1251	-6.403576	0.021702	
1252	-6.408799	0.017841	
1253	-6.366659	0.018814	
1254	-6.279451	0.025071	
1255	-6.152504	0.042818	
1256	-5.993448	0.082135	
1257	-5.811465	0.150763	
1258	-5.617449	0.248465	
1259	-5.424788	0.366725	
1260	-5.249501	0.493585	
1261	-5.108760	0.618398	
1262	-5.015439	0.732501	
1263	-4.970287	0.826890	
1264	-4.959257	0.890660	
1265	-4.959634	0.914479	
1266	-4.951190	0.897772	
1267	-4.924510	0.850722	
1268	-4.880513	0.787412	
1269	-4.823808	0.718085	
1270	-4.756161	0.649467	
1271	-4.673487	0.590932	
1272	-4.566837	0.555301	
1273	-4.424000	0.551458	
1274	-4.230891	0.577993	
1275	-3.977484	0.622719	
1276	-3.667406	0.665868	
1277	-3.321388	0.686470	
1278	-2.968176	0.669770	
1279	-2.630262	0.610319	
1280	-2.316491	0.511265	
1281	-2.025614	0.384252	
1282	-1.756753	0.248685	
1283	-1.515978	0.127116	
1284	-1.311825	0.037963	
1285	-1.146512	-0.010540	
1286	-1.011579	-0.021744	
1287	-0.887948	-0.007237	
1288	-0.748456	0.017977	
1289	-0.564026	0.039938	
1290	-0.313403	0.051085	
1291	0.008368	0.054495	
1292	0.388033	0.061781	
1293	0.799599	0.086335	
1294	1.215377	0.139839	
1295	1.617336	0.233606	
1296	2.000555	0.378315	
1297	2.369626	0.579399	
1298	2.737048	0.832960	
1299	3.124206	1.125922	
1300	3.557083	1.439378	
1301	4.054705	1.753047	
1302	4.619646	2.048026	
1303	5.239192	2.303638	
1304	5.894167	2.488891	
1305	6.566810	2.559675	
1306	7.241490	2.471482	
1307	7.897273	2.201918	
1308	8.497355	1.767117	
1309	8.982136	1.218216	
1310	9.268912	0.616741	
1311	9.257095	0.006875	
1312	8.841846	-0.602394	
1313	7.950862	-1.272463	
1314	6.671152	-2.277209	
1315	6.253888	-4.975644	
1316	38.379485	-27.762316	
1317	130.890474	-47.517846	
1318	149.641299	-56.855054	
1319	163.374020	-67.944863	
1320	178.929056	-81.998132	
1321	-163.615198	-97.508374	
1322	-146.720356	-112.202796	
1323	-132.599311	-125.428052	
1324	-121.393342	-137.561814	
1325	-112.641389	-148.110422	
1326	-107.022995	-155.061685	
1327	-105.813583	-155.802109	
1328	-108.763542	-148.404170	
1329	-110.930386	-134.103755	
1330	-102.577468	-118.711850	
1331	-80.925161	-105.416594	
1332	-61.084083	-92.070897	
1333	-53.012313	-75.815474	
1334	-46.512957	-59.745172	
1335	-36.543821	-46.801064	
1336	-23.686815	-37.105959	
1337	-8.857280	-30.350447	
1338	-2.182647	-50.420779	
1339	5.661950	-51.061751	
1340	16.972341	-47.891547	
1341	29.930260	-43.860649	
1342	48.236204	-37.711476	
1343	72.264171	-27.719368	
1344	90.228084	-14.268900	
1345	100.432993	1.237964	
1346	107.510214	18.760351	
1347	113.812166	36.720056	
1348	121.373658	53.366432	
1349	128.578333	66.977585	
1350	132.378680	73.793063	
1351	133.357038	73.571676	
1352	132.607021	68.985335	
1353	131.050130	63.204769	
1354	129.308025	58.122094	
1355	127.665523	54.202891	
1356	126.209738	51.259944	
1357	124.947950	49.026448	
1358	123.862368	47.331584	
1359	122.937001	46.080830	
1360	122.170222	45.198636	
1361	121.572414	44.596675	
1362	121.152293	44.179882	
1363	120.905750	43.868092	
1364	120.814911	43.605340	
1365	120.851483	43.356107	
1366	120.978540	43.100011	
1367	121.150262	42.828879	
1368	121.310175	42.545540	
1369	121.387923	42.261733	
1370	121.294166	41.990168	
1371	120.912873	41.723878	
1372	120.090708	41.396946	
1373	118.627269	40.838983	
1374	116.287530	39.824187	
1375	112.898876	38.527925	
1376	108.497422	38.333828	
1377	103.043913	40.501538	
1378	96.244042	43.333620	
1379	88.407826	44.587562	
1380	80.377578	43.854963	
1381	72.848954	41.567656	
1382	66.182227	38.217903	
1383	60.484545	34.243292	
1384	55.732223	30.051310	
1385	51.893696	26.050147	
1386	49.054453	22.601357	
1387	47.440119	19.966011	
1388	47.311049	18.318141	
1389	48.839771	17.844312	
1390	52.140407	18.904300	
1391	57.648527	21.922802	
1392	64.481727	28.574775	
1393	56.910719	58.326426	
1394	155.142394	165.437689	
1395	159.765077	167.124731	
1396	157.027993	155.147353	
1397	155.056576	148.437904	
1398	153.689045	144.095062	
1399	152.675296	140.471966	
1400	151.862300	136.921790	
1401	151.182339	133.356964	
1402	150.625705	129.968083	
1403	150.202523	126.988504	
1404	149.917748	124.571263	
1405	149.765548	122.773759	
1406	149.730535	121.575678	
1407	149.790871	120.903157	
1408	149.922424	120.654812	
1409	150.102360	120.723220	
1410	150.311512	121.009802	
1411	150.535377	121.433028	
1412	150.764083	121.931247	
1413	150.991710	122.461873	
1414	151.215372	122.998548	
1415	151.434294	123.527506	
1416	151.649012	124.043930	
1417	151.860769	124.548738	
1418	152.071074	125.045987	
1419	152.281426	125.540921	
1420	152.493154	126.038599	
1421	152.707355	126.543026	
1422	152.924887	127.056659	
1423	153.146407	127.580209	
1424	153.372430	128.112624	
1425	153.603393	128.651208	
1426	153.839719	129.191790	
1427	154.081872	129.728924	
1428	154.330396	130.256072	
1429	154.585942	130.765766	
1430	154.849272	131.249726	
1431	155.121256	131.698934	
1432	155.402843	132.103661	
1433	155.695035	132.453441	
1434	155.998838	132.737008	
1435	156.315224	132.942181	
1436	156.645087	133.055735	
1437	156.989208	133.063254	
1438	157.348233	132.949007	
1439	157.722661	132.695890	
1440	158.112845	132.285473	
1441	158.518996	131.698201	
1442	158.941191	130.913795	
1443	159.379348	129.911840	
1444	159.833190	128.672519	
1445	160.302150	127.177375	
1446	160.785246	125.409931	
1447	161.280928	123.355996	
1448	161.786950	121.003561	
1449	162.300308	118.342358	
1450	162.817297	115.363367	
1451	163.333724	112.058728	
1452	163.845238	108.422529	
1453	164.347734	104.452682	
1454	164.837709	100.153739	
1455	165.312524	95.540015	
1456	165.770511	90.638179	
1457	166.210935	85.488467	
1458	166.633854	80.144009	
1459	167.039936	74.668205	
1460	167.430257	69.130579	
1461	167.806129	63.601852	
1462	168.168962	58.149104	
1463	168.520165	52.831766	
1464	168.861078	47.698906	
1465	169.192932	42.787941	
1466	169.516824	38.124632	
1467	169.833707	33.724038	
1468	170.144387	29.592070	
1469	170.449520	25.727290	
1470	170.749613	22.122715	
1471	171.045019	18.767454	
1472	171.335938	15.648100	
1473	171.622399	12.749844	
1474	171.904251	10.057330	
1475	172.181139	7.555287	
1476	172.452468	5.228968	
1477	172.717361	3.064446	
1478	172.974601	1.048800	
1479	173.222556	-0.829779	
1480	173.459084	-2.581935	
1481	173.681427	-4.217131	
1482	173.886075	-5.743654	
1483	174.068628	-7.168639	
1484	174.223632	-8.498093	
1485	174.344434	-9.736947	
1486	174.423038	-10.889108	
1487	174.450008	-11.957538	
1488	174.414427	-12.944356	
1489	174.303945	-13.850973	
1490	174.104944	-14.678253	
1491	173.802833	-15.426711	
1492	173.382482	-16.096717	
1493	172.828802	-16.688719	
1494	172.127427	-17.203440	
1495	171.265489	-17.642057	
1496	170.232407	-18.006322	
1497	169.020660	-18.298639	
1498	167.626463	-18.522067	
1499	166.050306	-18.680286	
1500	164.297291	-18.777499	
1501	162.377222	-18.818320	
1502	160.304434	-18.807639	
1503	158.097329	-18.750482	
1504	155.777652	-18.651887	
1505	153.369544	-18.516791	
1506	150.898454	-18.349940	
1507	148.389991	-18.155819	
1508	145.868836	-17.938600	
1509	143.357793	-17.702112	
1510	140.877040	-17.449814	
1511	138.443635	-17.184790	
1512	136.071259	-16.909739	
1513	133.770185	-16.626976	
1514	131.547424	-16.338430	
1515	129.407014	-16.045646	
1516	127.350406	-15.749793	
1517	125.376914	-15.451675	
1518	123.484224	-15.151757	
1519	121.668942	-14.850214	
1520	119.927189	-14.547010	
1521	118.255234	-14.242014	
1522	116.650171	-13.935177	
1523	115.110612	-13.626777	
1524	113.637371	-13.317726	
1525	112.234079	-13.009981	
1526	110.907683	-12.707027	
1527	109.668748	-12.414449	
1528	108.531513	-12.140564	
1529	107.513607	-11.897055	
1530	106.635329	-11.699494	
1531	105.918246	-11.567461	
1532	105.382631	-11.523848	
1533	105.042981	-11.592385	
1534	104.901883	-11.792006	
1535	104.944860	-12.129591	
1536	105.138937	-12.596939	
1537	105.433777	-13.174535	
1538	105.761957	-13.837780	
1539	106.037454	-14.561560	
1540	106.154146	-15.322356	
1541	105.988122	-16.098816	
1542	105.412085	-16.873392	
1543	104.327226	-17.635079	
1544	102.697118	-18.379168	
1545	100.557939	-19.103932	
1546	98.001679	-19.808560	
1547	95.149666	-20.493107	
1548	92.129400	-21.158695	
1549	89.057645	-21.807516	
1550	86.030172	-22.442789	
1551	83.117972	-23.068699	
1552	80.368436	-23.690412	
1553	77.809485	-24.314205	
1554	75.454750	-24.947771	
1555	73.308564	-25.600752	
1556	71.370142	-26.285603	
1557	69.636877	-27.018930	
1558	68.106946	-27.823623	
1559	66.781602	-28.732371	
1560	65.667592	-29.793691	
1561	64.780190	-31.082845	
1562	64.147165	-32.722753	
1563	63.812479	-34.926644	
1564	63.829199	-38.090279	
1565	64.177143	-42.995475	
1566	64.235612	-51.180715	
1567	60.408358	-64.765700	
1568	46.776996	-82.434189	
1569	35.286526	-97.100724	
1570	32.559106	-106.156087	
1571	33.185812	-111.649741	
1572	34.533479	-115.290585	
1573	35.833686	-117.934836	
1574	36.888843	-120.002976	
1575	37.671251	-121.715516	
1576	38.203305	-123.196676	
1577	38.519560	-124.520899	
1578	38.654635	-125.735096	
1579	38.639818	-126.870020	
1580	38.502617	-127.946433	
1581	38.267165	-128.978654	
1582	37.954656	-129.976679	
1583	37.583463	-130.947548	
1584	37.168732	-131.896264	
1585	36.721343	-132.826485	
1586	36.246181	-133.741100	
1587	35.739729	-134.642776	
1588	35.187206	-135.534490	
1589	34.559687	-136.420065	
1590	33.811993	-137.304603	
1591	32.882371	-138.194714	
1592	31.695030	-139.098311	
1593	30.165996	-140.023849	
1594	28.211357	-140.979063	
1595	25.754949	-141.969812	
1596	22.730823	-143.000465	
1597	19.071897	-144.078958	
1598	14.659910	-145.238255	
1599	9.100949	-146.641337	
1600	0.305035	-149.437612	
1601	-13.611505	179.085621	
1602	-7.770750	153.309322	
1603	-9.299236	146.350795	
1604	-10.115271	143.686364	
1605	-10.748829	142.002606	
1606	-11.345471	140.686712	
1607	-11.975386	139.554067	
1608	-12.684562	138.537576	
1609	-13.501523	137.615855	
1610	-14.433649	136.792425	
1611	-15.463612	136.089143	
1612	-16.554108	135.535964	
1613	-17.663984	135.150984	
1614	-18.766994	134.922412	
1615	-19.860411	134.804860	
1616	-20.962123	134.727895	
1617	-22.103400	134.609988	
1618	-23.321035	134.375989	
1619	-24.647977	133.976950	
1620	-26.104032	133.405188	
1621	-27.685877	132.706709	
1622	-19.383319	148.449248	
1623	NaN	NaN	
1624	NaN	NaN	
1625	NaN	NaN	
1626	NaN	NaN	
1627	NaN	NaN	
1628	NaN	NaN	
1629	NaN	NaN	
1630	NaN	NaN	
1631	NaN	NaN	
1632	NaN	NaN	
1633	NaN	NaN	
1634	NaN	NaN	
1635	NaN	NaN	
1636	NaN	NaN	
1637	NaN	NaN	
1638	NaN	NaN	
1639	NaN	NaN	
1640	NaN	NaN	
1641	NaN	NaN	
1642	NaN	NaN	
1643	NaN	NaN	
1644	NaN	NaN	
1645	NaN	NaN	
1646	NaN	NaN	
1647	NaN	NaN	
1648	NaN	NaN	
1649	NaN	NaN	
1650	NaN	NaN	
1651	NaN	NaN	
1652	NaN	NaN	
1653	NaN	NaN	
1654	NaN	NaN	
1655	NaN	NaN	
1656	NaN	NaN	
1657	NaN	NaN	
1658	NaN	NaN	
1659	NaN	NaN	
1660	NaN	NaN	
1661	NaN	NaN	
1662	NaN	NaN	
1663	NaN	NaN	
1664	NaN	NaN	
1665	NaN	NaN	
1666	NaN	NaN	
1667	NaN	NaN	
1668	NaN	NaN	
1669	NaN	NaN	
1670	NaN	NaN	
1671	NaN	NaN	
1672	NaN	NaN	
1673	NaN	NaN	
1674	NaN	NaN	
1675	NaN	NaN	
