Athlete_Engineering	// User ID
11-2-2021	// Evaluation date
P001_WALK3	23-1-2021	12:07:05:012	// Source file name and timestamp
250.000	// Sampling rate
6.271	// Data capture period



Sample #	Right_Leg_Flexion	Right_Leg_Abduction	
0	-7.693312	1.493128	
1	-7.695308	1.473501	
2	-7.699572	1.452722	
3	-7.705034	1.432060	
4	-7.711317	1.412782	
5	-7.718405	1.395810	
6	-7.725907	1.382233	
7	-7.732745	1.373588	
8	-7.737638	1.371708	
9	-7.739802	1.378066	
10	-7.739129	1.392541	
11	-7.735726	1.412401	
12	-7.729402	1.432900	
13	-7.719561	1.449150	
14	-7.705319	1.457281	
15	-7.685854	1.454749	
16	-7.661280	1.440450	
17	-7.633012	1.413593	
18	-7.602583	1.372049	
19	-7.570721	1.313346	
20	-7.537568	1.237538	
21	-7.502262	1.147931	
22	-7.462327	1.049207	
23	-7.414680	0.945681	
24	-7.357473	0.841155	
25	-7.291249	0.739943	
26	-7.219202	0.647694	
27	-7.146300	0.570754	
28	-7.077621	0.514528	
29	-7.017155	0.482752	
30	-6.967280	0.477559	
31	-6.928346	0.498247	
32	-6.898771	0.539644	
33	-6.876107	0.593302	
34	-6.858379	0.650659	
35	-6.844956	0.705268	
36	-6.836957	0.754340	
37	-6.837276	0.799672	
38	-6.850019	0.846684	
39	-6.879430	0.902229	
40	-6.928591	0.972473	
41	-6.998061	1.060995	
42	-7.084924	1.167292	
43	-7.183467	1.287036	
44	-7.287650	1.414560	
45	-7.393116	1.545167	
46	-7.496786	1.674915	
47	-7.594936	1.799133	
48	-7.682455	1.913014	
49	-7.754462	2.014141	
50	-7.808391	2.102922	
51	-7.844443	2.181003	
52	-7.864803	2.251441	
53	-7.872830	2.319380	
54	-7.872444	2.390461	
55	-7.867653	2.468492	
56	-7.862027	2.554313	
57	-7.858097	2.646075	
58	-7.857147	2.740069	
59	-7.859174	2.830586	
60	-7.862720	2.909359	
61	-7.865318	2.967089	
62	-7.864545	2.996475	
63	-7.858674	2.994138	
64	-7.846723	2.960850	
65	-7.828224	2.900437	
66	-7.802806	2.817740	
67	-7.769805	2.717074	
68	-7.728236	2.602127	
69	-7.677179	2.476277	
70	-7.616312	2.342454	
71	-7.546444	2.203396	
72	-7.470351	2.063431	
73	-7.393921	1.931295	
74	-7.325777	1.820691	
75	-7.274228	1.746251	
76	-7.244158	1.718470	
77	-7.236417	1.741599	
78	-7.248303	1.813068	
79	-7.273703	1.922427	
80	-7.304500	2.052376	
81	-7.333755	2.184107	
82	-7.357567	2.303190	
83	-7.374031	2.401950	
84	-7.381672	2.478942	
85	-7.379251	2.536804	
86	-7.366388	2.579320	
87	-7.344050	2.609211	
88	-7.314411	2.627662	
89	-7.280278	2.635085	
90	-7.244591	2.631676	
91	-7.210095	2.617239	
92	-7.179019	2.591229	
93	-7.152540	2.553526	
94	-7.130121	2.504913	
95	-7.109541	2.446581	
96	-7.087978	2.379703	
97	-7.063331	2.305863	
98	-7.035148	2.227864	
99	-7.005020	2.150145	
100	-6.976092	2.078492	
101	-6.951789	2.019197	
102	-6.934675	1.977738	
103	-6.926066	1.957125	
104	-6.925995	1.957377	
105	-6.933565	1.976904	
106	-6.947577	2.014151	
107	-6.966228	2.067647	
108	-6.986136	2.134590	
109	-7.002350	2.210321	
110	-7.009670	2.290095	
111	-7.004351	2.370809	
112	-6.985049	2.450708	
113	-6.952404	2.528238	
114	-6.907975	2.601707	
115	-6.853497	2.669853	
116	-6.790707	2.732277	
117	-6.721583	2.789228	
118	-6.648984	2.841100	
119	-6.576822	2.887804	
120	-6.508831	2.928412	
121	-6.447439	2.961749	
122	-6.394319	2.987642	
123	-6.351091	3.007614	
124	-6.318137	3.023512	
125	-6.292761	3.034906	
126	-6.269903	3.038674	
127	-6.245221	3.030921	
128	-6.217149	3.008131	
129	-6.186747	2.967761	
130	-6.156679	2.909971	
131	-6.130072	2.838982	
132	-6.109459	2.762213	
133	-6.096226	2.688139	
134	-6.090681	2.624314	
135	-6.092406	2.575672	
136	-6.100335	2.543388	
137	-6.112846	2.525315	
138	-6.128397	2.517981	
139	-6.145938	2.517984	
140	-6.164359	2.521724	
141	-6.181402	2.525428	
142	-6.193070	2.526263	
143	-6.194602	2.522672	
144	-6.182117	2.513625	
145	-6.153084	2.498129	
146	-6.106027	2.475091	
147	-6.040419	2.443193	
148	-5.956627	2.401134	
149	-5.855997	2.347782	
150	-5.741025	2.281645	
151	-5.614754	2.200716	
152	-5.479092	2.103948	
153	-5.333212	1.993072	
154	-5.173524	1.872493	
155	-4.995423	1.747199	
156	-4.795364	1.620580	
157	-4.571875	1.493813	
158	-4.325545	1.366936	
159	-4.058436	1.240437	
160	-3.773109	1.116265	
161	-3.471686	0.997664	
162	-3.155417	0.887822	
163	-2.824838	0.788601	
164	-2.480506	0.700582	
165	-2.124006	0.624101	
166	-1.758631	0.560197	
167	-1.389157	0.510639	
168	-1.020635	0.477472	
169	-0.657081	0.463842	
170	-0.301226	0.475078	
171	0.045322	0.516089	
172	0.383074	0.584857	
173	0.715653	0.668902	
174	1.048690	0.750896	
175	1.387971	0.818249	
176	1.738990	0.866980	
177	2.107247	0.899087	
178	2.497806	0.918729	
179	2.914137	0.929859	
180	3.357042	0.935287	
181	3.823939	0.936080	
182	4.308337	0.930516	
183	4.800323	0.914115	
184	5.288937	0.881630	
185	5.765527	0.829498	
186	6.225215	0.757379	
187	6.664839	0.668549	
188	7.080676	0.569560	
189	7.469762	0.468715	
190	7.832435	0.373901	
191	8.172328	0.292841	
192	8.495101	0.234889	
193	8.808251	0.209663	
194	9.120830	0.223189	
195	9.441424	0.276144	
196	9.775589	0.364747	
197	10.124733	0.481872	
198	10.486658	0.617856	
199	10.857024	0.762018	
200	11.231230	0.905753	
201	11.605557	1.045211	
202	11.977236	1.179953	
203	12.344885	1.308827	
204	12.708605	1.428059	
205	13.068183	1.532160	
206	13.421512	1.615376	
207	13.765139	1.673861	
208	14.095890	1.707838	
209	14.412509	1.721116	
210	14.716403	1.718772	
211	15.010792	1.705968	
212	15.299392	1.688003	
213	15.585710	1.669997	
214	15.872261	1.655160	
215	16.160006	1.642732	
216	16.449103	1.628346	
217	16.739328	1.606810	
218	17.028983	1.573860	
219	17.314508	1.525889	
220	17.591565	1.460355	
221	17.855478	1.376919	
222	18.100600	1.277216	
223	18.320552	1.164671	
224	18.509665	1.045549	
225	18.663998	0.928595	
226	18.781852	0.822090	
227	18.864571	0.730835	
228	18.916480	0.654919	
229	18.942943	0.590021	
230	18.948419	0.529037	
231	18.936171	0.464703	
232	18.908913	0.391919	
233	18.869225	0.308727	
234	18.819135	0.215679	
235	18.759579	0.114288	
236	18.691102	0.006065	
237	18.615360	-0.107064	
238	18.535161	-0.221709	
239	18.452725	-0.332903	
240	18.368661	-0.435819	
241	18.281901	-0.527985	
242	18.189727	-0.610440	
243	18.089302	-0.687613	
244	17.979669	-0.765324	
245	17.861106	-0.847793	
246	17.733318	-0.936196	
247	17.595665	-1.029058	
248	17.448952	-1.122820	
249	17.295954	-1.211846	
250	17.139535	-1.289959	
251	16.980744	-1.354054	
252	16.818837	-1.405467	
253	16.652129	-1.447952	
254	16.478804	-1.485837	
255	16.297907	-1.522868	
256	16.109712	-1.560955	
257	15.914695	-1.599961	
258	15.712105	-1.638628	
259	15.499827	-1.675951	
260	15.275912	-1.712466	
261	15.039907	-1.749805	
262	14.792012	-1.788290	
263	14.531346	-1.825553	
264	14.256276	-1.857535	
265	13.966765	-1.880006	
266	13.665481	-1.889792	
267	13.356309	-1.886076	
268	13.042910	-1.871093	
269	12.728905	-1.849284	
270	12.417706	-1.825017	
271	12.111786	-1.800394	
272	11.812802	-1.775126	
273	11.521861	-1.749074	
274	11.239433	-1.724752	
275	10.964884	-1.706700	
276	10.695270	-1.699117	
277	10.425363	-1.704869	
278	10.149771	-1.725515	
279	9.864769	-1.760818	
280	9.568782	-1.808643	
281	9.261968	-1.865710	
282	8.945237	-1.927909	
283	8.620506	-1.991530	
284	8.292076	-2.055686	
285	7.965834	-2.121703	
286	7.646607	-2.189876	
287	7.336623	-2.258406	
288	7.035506	-2.324766	
289	6.741414	-2.387197	
290	6.452476	-2.445095	
291	6.167323	-2.498065	
292	5.885259	-2.544910	
293	5.606612	-2.583524	
294	5.332352	-2.611735	
295	5.063033	-2.628890	
296	4.798482	-2.637698	
297	4.538618	-2.645259	
298	4.283983	-2.661766	
299	4.035058	-2.697205	
300	3.791560	-2.758195	
301	3.552887	-2.845858	
302	3.319133	-2.955674	
303	3.091497	-3.080834	
304	2.871637	-3.216498	
305	2.660512	-3.360642	
306	2.457711	-3.511769	
307	2.261780	-3.666382	
308	2.071114	-3.818078	
309	1.884046	-3.958947	
310	1.697820	-4.082468	
311	1.508702	-4.185561	
312	1.313906	-4.267607	
313	1.112558	-4.327641	
314	0.904552	-4.363753	
315	0.689086	-4.374932	
316	0.465059	-4.362931	
317	0.233995	-4.334452	
318	0.002636	-4.301154	
319	-0.218804	-4.273953	
320	-0.421688	-4.257289	
321	-0.602147	-4.249414	
322	-0.760354	-4.245041	
323	-0.897976	-4.236592	
324	-1.015770	-4.215918	
325	-1.112512	-4.178061	
326	-1.186095	-4.125031	
327	-1.235453	-4.065995	
328	-1.261260	-4.012810	
329	-1.265898	-3.974587	
330	-1.253568	-3.956071	
331	-1.229374	-3.959858	
332	-1.197884	-3.988009	
333	-1.163036	-4.041246	
334	-1.128128	-4.118066	
335	-1.095338	-4.214863	
336	-1.066681	-4.325903	
337	-1.045338	-4.442194	
338	-1.034862	-4.550692	
339	-1.036385	-4.637278	
340	-1.045769	-4.692569	
341	-1.053430	-4.714898	
342	-1.047588	-4.708063	
343	-1.017378	-4.677175	
344	-0.954027	-4.626590	
345	-0.851951	-4.559566	
346	-0.709532	-4.478266	
347	-0.528492	-4.384756	
348	-0.312730	-4.282303	
349	-0.067180	-4.175829	
350	0.202840	-4.071309	
351	0.491087	-3.974318	
352	0.789498	-3.889051	
353	1.088176	-3.818247	
354	1.375793	-3.762763	
355	1.640573	-3.720627	
356	1.872619	-3.686905	
357	2.065712	-3.654721	
358	2.217194	-3.615764	
359	2.327709	-3.560221	
360	2.401344	-3.478703	
361	2.444711	-3.365196	
362	2.465825	-3.217812	
363	2.474234	-3.038657	
364	2.480917	-2.834469	
365	2.497145	-2.615626	
366	2.533160	-2.393496	
367	2.596170	-2.179384	
368	2.688588	-1.984692	
369	2.809170	-1.819428	
370	2.956119	-1.688936	
371	3.128952	-1.591835	
372	3.327719	-1.521338	
373	3.550926	-1.467420	
374	3.795657	-1.417258	
375	4.059483	-1.356707	
376	4.339773	-1.274670	
377	4.630583	-1.166763	
378	4.921460	-1.035190	
379	5.200673	-0.885656	
380	5.460581	-0.723786	
381	5.699103	-0.553399	
382	5.916061	-0.377503	
383	6.109792	-0.200342	
384	6.277286	-0.027041	
385	6.416605	0.139406	
386	6.529184	0.299385	
387	6.620556	0.455378	
388	6.698793	0.611413	
389	6.770926	0.772576	
390	6.840443	0.943459	
391	6.908379	1.127263	
392	6.975201	1.324846	
393	7.039702	1.532503	
394	7.097033	1.741487	
395	7.140790	1.941733	
396	7.168028	2.125936	
397	7.180583	2.288801	
398	7.181151	2.424155	
399	7.170393	2.525461	
400	7.149077	2.588632	
401	7.120736	2.613782	
402	7.089950	2.605192	
403	7.059007	2.569144	
404	7.027631	2.510591	
405	6.994431	2.431213	
406	6.957160	2.330185	
407	6.913424	2.207002	
408	6.863144	2.063992	
409	6.809234	1.906224	
410	6.754678	1.740651	
411	6.700392	1.576742	
412	6.646848	1.425674	
413	6.595480	1.296874	
414	6.546712	1.195638	
415	6.498085	1.123198	
416	6.445343	1.077977	
417	6.384084	1.056189	
418	6.310086	1.050369	
419	6.220306	1.049409	
420	6.115472	1.043630	
421	6.000384	1.029802	
422	5.880484	1.009732	
423	5.758910	0.985446	
424	5.636275	0.957552	
425	5.511777	0.926413	
426	5.384475	0.892736	
427	5.253846	0.857367	
428	5.119372	0.820672	
429	4.979930	0.782082	
430	4.833229	0.740985	
431	4.675797	0.697886	
432	4.504105	0.654578	
433	4.315198	0.614776	
434	4.106040	0.584825	
435	3.874639	0.571605	
436	3.623816	0.578712	
437	3.362625	0.605759	
438	3.102586	0.651253	
439	2.852673	0.713909	
440	2.617213	0.790300	
441	2.396938	0.873247	
442	2.190994	0.953900	
443	1.997602	1.024380	
444	1.813713	1.078634	
445	1.635210	1.112715	
446	1.457512	1.124972	
447	1.276211	1.115857	
448	1.087841	1.087662	
449	0.890561	1.044351	
450	0.684805	0.991007	
451	0.473997	0.932790	
452	0.264275	0.874324	
453	0.062334	0.819517	
454	-0.127426	0.770569	
455	-0.304092	0.727060	
456	-0.469612	0.686637	
457	-0.627753	0.646656	
458	-0.782292	0.606135	
459	-0.934656	0.566659	
460	-1.083149	0.530862	
461	-1.224186	0.501270	
462	-1.354234	0.480972	
463	-1.471173	0.472681	
464	-1.574635	0.475647	
465	-1.666579	0.484363	
466	-1.752052	0.490766	
467	-1.837827	0.487907	
468	-1.929577	0.472116	
469	-2.031172	0.442191	
470	-2.146286	0.396757	
471	-2.279024	0.332449	
472	-2.432809	0.244958	
473	-2.608946	0.132705	
474	-2.804725	0.000053	
475	-3.012196	-0.143536	
476	-3.220799	-0.287622	
477	-3.422333	-0.423055	
478	-3.613766	-0.541537	
479	-3.797545	-0.636919	
480	-3.980003	-0.707703	
481	-4.166801	-0.755890	
482	-4.358918	-0.783604	
483	-4.553372	-0.792896	
484	-4.745725	-0.787271	
485	-4.931110	-0.770870	
486	-5.104872	-0.746781	
487	-5.263490	-0.716949	
488	-5.404890	-0.682819	
489	-5.527574	-0.645210	
490	-5.629877	-0.603515	
491	-5.711484	-0.556632	
492	-5.775185	-0.505134	
493	-5.825352	-0.450634	
494	-5.864992	-0.393453	
495	-5.894922	-0.332686	
496	-5.914769	-0.267933	
497	-5.924284	-0.200514	
498	-5.924581	-0.132862	
499	-5.919268	-0.066623	
500	-5.914591	-0.002339	
501	-5.917732	0.059101	
502	-5.934396	0.115691	
503	-5.967099	0.164588	
504	-6.014921	0.202789	
505	-6.075027	0.228833	
506	-6.144695	0.244840	
507	-6.221913	0.256235	
508	-6.304425	0.269014	
509	-6.388637	0.287613	
510	-6.469643	0.314863	
511	-6.542455	0.352461	
512	-6.603498	0.400596	
513	-6.651504	0.457300	
514	-6.687552	0.518601	
515	-6.714149	0.579781	
516	-6.733700	0.637670	
517	-6.747020	0.692326	
518	-6.752727	0.745856	
519	-6.748110	0.799996	
520	-6.730917	0.855953	
521	-6.700337	0.915521	
522	-6.656621	0.981080	
523	-6.600444	1.054856	
524	-6.532545	1.137854	
525	-6.453176	1.228521	
526	-6.361758	1.322934	
527	-6.257734	1.417027	
528	-6.141538	1.508543	
529	-6.014116	1.596965	
530	-5.875790	1.682174	
531	-5.725565	1.763667	
532	-5.560974	1.841067	
533	-5.378821	1.914583	
534	-5.176532	1.984401	
535	-4.952847	2.049981	
536	-4.707507	2.110022	
537	-4.440798	2.162636	
538	-4.153271	2.205995	
539	-3.845525	2.239617	
540	-3.518679	2.265514	
541	-3.175513	2.288433	
542	-2.820858	2.314667	
543	-2.460779	2.350398	
544	-2.101346	2.401332	
545	-1.747470	2.472666	
546	-1.401878	2.567758	
547	-1.064615	2.686627	
548	-0.733304	2.826129	
549	-0.403419	2.981518	
550	-0.068695	3.147639	
551	0.277375	3.319446	
552	0.639851	3.492456	
553	1.021965	3.662653	
554	1.425325	3.825855	
555	1.850254	3.977613	
556	2.297189	4.113797	
557	2.768440	4.230824	
558	3.268188	4.325487	
559	3.800257	4.395434	
560	4.365699	4.440046	
561	4.962778	4.461089	
562	5.589248	4.463067	
563	6.243851	4.452542	
564	6.925424	4.436856	
565	7.632071	4.423371	
566	8.362372	4.418763	
567	9.116505	4.428025	
568	9.895913	4.453504	
569	10.702881	4.494407	
570	11.540717	4.547522	
571	12.413676	4.609241	
572	13.326134	4.677543	
573	14.281563	4.752981	
574	15.281444	4.838236	
575	16.324092	4.935673	
576	17.404943	5.044911	
577	18.518428	5.162864	
578	19.659249	5.285182	
579	20.822232	5.407106	
580	22.001888	5.523466	
581	23.193050	5.628788	
582	24.392460	5.718586	
583	25.598975	5.790971	
584	26.811041	5.847087	
585	28.023518	5.889963	
586	29.227340	5.922468	
587	30.412025	5.946578	
588	31.568354	5.965336	
589	32.689859	5.985678	
590	33.773005	6.019118	
591	34.817265	6.078598	
592	35.825526	6.173982	
593	36.803102	6.310841	
594	37.756664	6.492851	
595	38.694986	6.723985	
596	39.629115	7.008733	
597	40.570266	7.350918	
598	41.526954	7.750288	
599	42.502832	8.198238	
600	43.495762	8.677105	
601	44.498495	9.163550	
602	45.500779	9.632768	
603	46.491595	10.060695	
604	47.460249	10.423823	
605	48.395949	10.698926	
606	49.287140	10.864191	
607	50.122671	10.901511	
608	50.894331	10.800088	
609	51.597799	10.559910	
610	52.231576	10.192106	
611	52.796540	9.716231	
612	53.297061	9.157629	
613	53.741355	8.545458	
614	54.138795	7.909719	
615	54.496185	7.277744	
616	54.817137	6.671481	
617	55.104013	6.107151	
618	55.359080	5.598078	
619	55.584674	5.156334	
620	55.782955	4.789894	
621	55.954709	4.499932	
622	56.098458	4.281894	
623	56.211413	4.126798	
624	56.291384	4.020744	
625	56.338380	3.946940	
626	56.354881	3.889573	
627	56.344177	3.834772	
628	56.308512	3.771719	
629	56.248908	3.695217	
630	56.165996	3.604186	
631	56.060681	3.497113	
632	55.934231	3.370176	
633	55.787167	3.219090	
634	55.617663	3.042281	
635	55.421347	2.841521	
636	55.192897	2.618538	
637	54.928458	2.372589	
638	54.627149	2.102405	
639	54.289955	1.809207	
640	53.917504	1.497841	
641	53.509507	1.176330	
642	53.065406	0.854412	
643	52.584533	0.541825	
644	52.065708	0.247063	
645	51.506871	-0.023754	
646	50.905068	-0.268109	
647	50.257077	-0.487701	
648	49.561173	-0.688087	
649	48.819468	-0.877363	
650	48.038040	-1.063687	
651	47.223337	-1.252935	
652	46.378630	-1.448201	
653	45.504443	-1.650446	
654	44.601324	-1.859038	
655	43.671222	-2.072312	
656	42.716136	-2.288372	
657	41.735915	-2.505703	
658	40.728298	-2.722847	
659	39.690960	-2.937467	
660	38.622704	-3.146079	
661	37.523454	-3.344605	
662	36.394353	-3.528690	
663	35.238035	-3.693427	
664	34.058230	-3.833756	
665	32.858296	-3.946532	
666	31.639859	-4.032129	
667	30.403058	-4.093520	
668	29.147852	-4.134488	
669	27.874695	-4.159201	
670	26.584296	-4.172932	
671	25.277629	-4.182219	
672	23.956377	-4.193449	
673	22.622811	-4.211056	
674	21.279786	-4.236660	
675	19.931688	-4.269115	
676	18.584529	-4.305689	
677	17.244677	-4.344381	
678	15.917951	-4.385850	
679	14.609144	-4.433716	
680	13.321475	-4.493310	
681	12.056521	-4.569805	
682	10.814510	-4.666706	
683	9.595185	-4.784583	
684	8.399141	-4.919873	
685	7.228042	-5.064225	
686	6.083905	-5.205159	
687	4.969132	-5.328565	
688	3.887033	-5.421829	
689	2.841879	-5.475767	
690	1.838675	-5.485112	
691	0.882747	-5.447898	
692	-0.020889	-5.364968	
693	-0.868101	-5.240708	
694	-1.656277	-5.083347	
695	-2.384983	-4.904052	
696	-3.055779	-4.716739	
697	-3.670981	-4.537738	
698	-4.232482	-4.383336	
699	-4.741070	-4.267200	
700	-5.195667	-4.199396	
701	-5.592927	-4.185128	
702	-5.928181	-4.222604	
703	-6.197096	-4.302695	
704	-6.396624	-4.411352	
705	-6.524931	-4.532233	
706	-6.580424	-4.648525	
707	-6.560550	-4.745096	
708	-6.462162	-4.810113	
709	-6.283727	-4.835193	
710	-6.027039	-4.815153	
711	-5.696982	-4.748160	
712	-5.300572	-4.635729	
713	-4.846739	-4.482205	
714	-4.346433	-4.294794	
715	-3.811895	-4.084765	
716	-3.255138	-3.868394	
717	-2.686659	-3.666368	
718	-2.115044	-3.501630	
719	-1.547621	-3.395617	
720	-0.991384	-3.363093	
721	-0.452876	-3.407249	
722	0.063036	-3.516900	
723	0.554447	-3.666681	
724	1.023517	-3.820974	
725	1.477575	-3.940831	
726	1.929178	-3.991187	
727	2.393984	-3.946007	
728	2.887645	-3.790966	
729	3.423278	-3.524018	
730	4.008765	-3.153934	
731	4.643135	-2.696725	
732	5.314184	-2.170550	
733	6.000161	-1.591764	
734	6.674560	-0.974067	
735	7.310983	-0.329797	
736	7.888022	0.327452	
737	8.394530	0.980623	
738	8.832172	1.609678	
739	9.212757	2.193051	
740	9.552722	2.708750	
741	9.868761	3.136366	
742	10.174832	3.459569	
743	10.479567	3.669003	
744	10.785913	3.765647	
745	11.093208	3.761569	
746	11.398988	3.676767	
747	11.699501	3.535258	
748	11.989676	3.362605	
749	12.263570	3.184037	
750	12.515714	3.022541	
751	12.741635	2.897298	
752	12.937243	2.822217	
753	13.098935	2.804883	
754	13.223926	2.846482	
755	13.310382	2.941421	
756	13.358510	3.076400	
757	13.371157	3.231309	
758	13.352418	3.382758	
759	13.306292	3.508474	
760	13.236503	3.590839	
761	13.146306	3.619700	
762	13.038015	3.594488	
763	12.913195	3.524061	
764	12.773339	3.423829	
765	12.620057	3.312033	
766	12.455312	3.206978	
767	12.282361	3.125650	
768	12.105938	3.082839	
769	11.930529	3.089816	
770	11.758508	3.152285	
771	11.590169	3.268421	
772	11.425009	3.428918	
773	11.262321	3.620279	
774	11.100734	3.829459	
775	10.938308	4.045970	
776	10.773590	4.260001	
777	10.605970	4.459945	
778	10.434844	4.633418	
779	10.259113	4.770711	
780	10.077811	4.867018	
781	9.890999	4.922699	
782	9.699369	4.942246	
783	9.502355	4.932312	
784	9.297069	4.899630	
785	9.079693	4.850148	
786	8.847727	4.789904	
787	8.600600	4.725343	
788	8.338915	4.660659	
789	8.064841	4.595136	
790	7.782921	4.525482	
791	7.498407	4.451741	
792	7.214806	4.380147	
793	6.934309	4.319719	
794	6.659877	4.276040	
795	6.395228	4.248135	
796	6.142660	4.230323	
797	5.901520	4.215880	
798	5.668286	4.199991	
799	5.437712	4.181146	
800	5.204418	4.160035	
801	4.963676	4.137201	
802	4.711240	4.111649	
803	4.444042	4.080949	
804	4.161622	4.043113	
805	3.866444	3.999352	
806	3.563464	3.954646	
807	3.259382	3.914445	
808	2.960749	3.880368	
809	2.672252	3.849142	
810	2.396736	3.814862	
811	2.135465	3.771824	
812	1.887675	3.717054	
813	1.650743	3.651452	
814	1.420730	3.578216	
815	1.192309	3.500443	
816	0.959627	3.420363	
817	0.719237	3.339423	
818	0.471839	3.257509	
819	0.220327	3.172048	
820	-0.032823	3.079057	
821	-0.286406	2.976022	
822	-0.540776	2.863945	
823	-0.798106	2.746208	
824	-1.062100	2.625658	
825	-1.337137	2.503573	
826	-1.626697	2.380800	
827	-1.931535	2.258768	
828	-2.248741	2.139588	
829	-2.572316	2.025263	
830	-2.895166	1.916769	
831	-3.211027	1.814275	
832	-3.514676	1.718487	
833	-3.801022	1.632305	
834	-4.065231	1.560511	
835	-4.304332	1.505781	
836	-4.518094	1.465234	
837	-4.707696	1.431819	
838	-4.873955	1.397889	
839	-5.016672	1.357500	
840	-5.134910	1.307194	
841	-5.227968	1.245649	
842	-5.296568	1.173045	
843	-5.343499	1.091411	
844	-5.373672	1.005342	
845	-5.393350	0.921326	
846	-5.408649	0.845988	
847	-5.424599	0.784891	
848	-5.444741	0.742106	
849	-5.470093	0.719745	
850	-5.498286	0.717207	
851	-5.524405	0.731518	
852	-5.542739	0.759312	
853	-5.548142	0.797815	
854	-5.537332	0.843893	
855	-5.509563	0.894459	
856	-5.465310	0.949257	
857	-5.404353	1.011881	
858	-5.325876	1.086990	
859	-5.229917	1.177429	
860	-5.117471	1.283940	
861	-4.989419	1.406107	
862	-4.846408	1.543384	
863	-4.690147	1.695521	
864	-4.524694	1.862327	
865	-4.356129	2.043793	
866	-4.190426	2.240396	
867	-4.031064	2.452457	
868	-3.878616	2.678996	
869	-3.732336	2.917812	
870	-3.590815	3.166596	
871	-3.450967	3.422876	
872	-3.307692	3.683650	
873	-3.154988	3.946640	
874	-2.987562	4.211252	
875	-2.802188	4.477484	
876	-2.597911	4.744841	
877	-2.375216	5.012322	
878	-2.135693	5.278009	
879	-1.881815	5.538231	
880	-1.615408	5.787289	
881	-1.336272	6.017491	
882	-1.042754	6.220145	
883	-0.733202	6.388780	
884	-0.406187	6.522029	
885	-0.059358	6.622388	
886	0.311023	6.692546	
887	0.708623	6.734364	
888	1.135037	6.751569	
889	1.588765	6.752287	
890	2.065275	6.748294	
891	2.558731	6.751648	
892	3.065234	6.771552	
893	3.584347	6.813204	
894	4.117194	6.877788	
895	4.664177	6.962627	
896	5.224570	7.061600	
897	5.797099	7.165899	
898	6.380846	7.265298	
899	6.975946	7.349965	
900	7.583417	7.412031	
901	8.205050	7.445864	
902	8.844221	7.447380	
903	9.506411	7.413967	
904	10.197998	7.344818	
905	10.924146	7.239974	
906	11.687742	7.098265	
907	12.489772	6.915763	
908	13.330132	6.686375	
909	14.208141	6.405254	
910	15.122474	6.073542	
911	16.070539	5.702155	
912	17.048071	5.313698	
913	18.049738	4.941888	
914	19.070233	4.626937	
915	20.105011	4.407201	
916	21.150618	4.310791	
917	22.204896	4.349837	
918	23.267644	4.516132	
919	24.342470	4.776960	
920	25.437989	5.078829	
921	26.564480	5.365499	
922	27.727041	5.596629	
923	28.921723	5.751410	
924	30.137723	5.822779	
925	31.362328	5.814092	
926	32.584021	5.739955	
927	33.792921	5.624878	
928	34.980850	5.495703	
929	36.141775	5.373602	
930	37.271107	5.272030	
931	38.364339	5.199168	
932	39.417418	5.161173	
933	40.428012	5.163706	
934	41.395351	5.210836	
935	42.319688	5.302786	
936	43.202636	5.434638	
937	44.047256	5.597039	
938	44.857508	5.777900	
939	45.638043	5.963737	
940	46.394241	6.141335	
941	47.131530	6.299752	
942	47.854068	6.430602	
943	48.563553	6.526654	
944	49.258520	6.580751	
945	49.934790	6.584906	
946	50.587389	6.529301	
947	51.211891	6.403293	
948	51.803424	6.198560	
949	52.355679	5.911271	
950	52.862552	5.542115	
951	53.320244	5.096384	
952	53.727203	4.585256	
953	54.083742	4.027287	
954	54.392770	3.448681	
955	54.659570	2.880348	
956	54.889805	2.351450	
957	55.087709	1.883121	
958	55.255437	1.485966	
959	55.392954	1.161373	
960	55.498144	0.904523	
961	55.566969	0.706616	
962	55.594052	0.554945	
963	55.574624	0.432647	
964	55.507005	0.320008	
965	55.393349	0.196441	
966	55.237348	0.043671	
967	55.041240	-0.149806	
968	54.806062	-0.387943	
969	54.533979	-0.670014	
970	54.228357	-0.990171	
971	53.891982	-1.334208	
972	53.526562	-1.681129	
973	53.134386	-2.011188	
974	52.719738	-2.312821	
975	52.287157	-2.582657	
976	51.838396	-2.822196	
977	51.371869	-3.035739	
978	50.883861	-3.229450	
979	50.369602	-3.410197	
980	49.824780	-3.583273	
981	49.246641	-3.750616	
982	48.633940	-3.912325	
983	47.988234	-4.070521	
984	47.315590	-4.231870	
985	46.624556	-4.406274	
986	45.920909	-4.602713	
987	45.203428	-4.826589	
988	44.464365	-5.078302	
989	43.693933	-5.351124	
990	42.884127	-5.633915	
991	42.029913	-5.917741	
992	41.128967	-6.197927	
993	40.181031	-6.472939	
994	39.188400	-6.743603	
995	38.157695	-7.010788	
996	37.098992	-7.271865	
997	36.020972	-7.519124	
998	34.927966	-7.742177	
999	33.821819	-7.931634	
1000	32.703830	-8.080168	
1001	31.574089	-8.182893	
1002	30.430719	-8.240407	
1003	29.270938	-8.261219	
1004	28.092930	-8.258961	
1005	26.896373	-8.245717	
1006	25.681482	-8.225403	
1007	24.447910	-8.192013	
1008	23.194236	-8.134880	
1009	21.919408	-8.044577	
1010	20.625732	-7.914543	
1011	19.318992	-7.741900	
1012	18.004923	-7.528846	
1013	16.687145	-7.281140	
1014	15.368104	-7.004170	
1015	14.049976	-6.702510	
1016	12.735005	-6.383464	
1017	11.426633	-6.058556	
1018	10.129595	-5.741313	
1019	8.848244	-5.444187	
1020	7.587668	-5.177409	
1021	6.357244	-4.949822	
1022	5.169641	-4.767810	
1023	4.034524	-4.632291	
1024	2.953127	-4.538001	
1025	1.918359	-4.475157	
1026	0.918946	-4.431521	
1027	-0.056356	-4.394560	
1028	-1.015295	-4.353300	
1029	-1.960412	-4.299909	
1030	-2.889041	-4.231625	
1031	-3.791807	-4.152327	
1032	-4.651567	-4.071872	
1033	-5.447617	-4.003704	
1034	-6.161679	-3.963196	
1035	-6.778944	-3.966172	
1036	-7.285337	-4.027373	
1037	-7.667637	-4.158613	
1038	-7.920233	-4.361912	
1039	-8.052001	-4.622830	
1040	-8.083556	-4.916130	
1041	-8.039212	-5.217074	
1042	-7.942699	-5.505641	
1043	-7.814618	-5.766243	
1044	-7.667834	-5.987097	
1045	-7.503381	-6.158799	
1046	-7.311981	-6.273693	
1047	-7.081845	-6.326814	
1048	-6.805931	-6.316868	
1049	-6.483376	-6.245635	
1050	-6.116942	-6.115950	
1051	-5.710162	-5.930522	
1052	-5.267402	-5.693259	
1053	-4.797908	-5.411232	
1054	-4.316206	-5.094484	
1055	-3.833832	-4.754650	
1056	-3.353794	-4.402781	
1057	-2.875441	-4.046891	
1058	-2.401777	-3.695784	
1059	-1.940889	-3.367041	
1060	-1.500110	-3.085484	
1061	-1.080852	-2.872867	
1062	-0.680782	-2.741793	
1063	-0.296221	-2.696191	
1064	0.079047	-2.731558	
1065	0.452198	-2.831041	
1066	0.827965	-2.961422	
1067	1.208418	-3.076375	
1068	1.593157	-3.126762	
1069	1.978130	-3.071905	
1070	2.356729	-2.888379	
1071	2.723593	-2.574893	
1072	3.077278	-2.152371	
1073	3.419359	-1.658438	
1074	3.751699	-1.135756	
1075	4.074905	-0.618643	
1076	4.389582	-0.126392	
1077	4.699824	0.334581	
1078	5.014660	0.765515	
1079	5.343841	1.170497	
1080	5.691695	1.551406	
1081	6.055440	1.903983	
1082	6.428043	2.217645	
1083	6.800759	2.478566	
1084	7.164291	2.673454	
1085	7.510927	2.792808	
1086	7.837540	2.834635	
1087	8.146755	2.808378	
1088	8.445062	2.735592	
1089	8.739814	2.645221	
1090	9.036295	2.567328	
1091	9.334996	2.529949	
1092	9.631975	2.558047	
1093	9.922265	2.671161	
1094	10.201194	2.879089	
1095	10.462487	3.177813	
1096	10.697215	3.548937	
1097	10.896124	3.963797	
1098	11.053406	4.389081	
1099	11.168900	4.790523	
1100	11.247781	5.135466	
1101	11.297642	5.395554	
1102	11.324146	5.549207	
1103	11.328217	5.584389	
1104	11.306507	5.500770	
1105	11.254037	5.309282	
1106	11.166937	5.029919	
1107	11.044318	4.689019	
1108	10.888567	4.314846	
1109	10.703201	3.932011	
1110	10.490668	3.559507	
1111	10.254063	3.215493	
1112	10.000732	2.922478	
1113	9.741761	2.702754	
1114	9.487687	2.567771	
1115	9.245850	2.514537	
1116	9.020153	2.530385	
1117	8.810369	2.598189	
1118	8.611598	2.698994	
1119	8.415963	2.813631	
1120	8.215258	2.924442	
1121	8.002691	3.017026	
1122	7.774066	3.081653	
1123	7.528244	3.113435	
1124	7.266836	3.110734	
1125	6.994610	3.073408	
1126	6.719584	3.002086	
1127	6.450324	2.897302	
1128	6.192466	2.758774	
1129	5.947723	2.587044	
1130	5.714799	2.385677	
1131	5.490278	2.159787	
1132	5.269521	1.913480	
1133	5.048501	1.651612	
1134	4.825380	1.383127	
1135	4.600529	1.120531	
1136	4.376340	0.876856	
1137	4.157310	0.663182	
1138	3.949010	0.486778	
1139	3.756062	0.350360	
1140	3.580385	0.253221	
1141	3.420907	0.192922	
1142	3.275002	0.166426	
1143	3.139710	0.170963	
1144	3.011074	0.204408	
1145	2.883122	0.264178	
1146	2.748188	0.344643	
1147	2.597907	0.434552	
1148	2.423958	0.517213	
1149	2.218979	0.575397	
1150	1.977977	0.598217	
1151	1.699622	0.583600	
1152	1.386510	0.535114	
1153	1.044792	0.458496	
1154	0.685159	0.360840	
1155	0.324302	0.250696	
1156	-0.017300	0.137269	
1157	-0.321629	0.028151	
1158	-0.579444	-0.073212	
1159	-0.793491	-0.166632	
1160	-0.977754	-0.250764	
1161	-1.151225	-0.321297	
1162	NaN	NaN	
1163	NaN	NaN	
1164	NaN	NaN	
1165	NaN	NaN	
1166	NaN	NaN	
1167	NaN	NaN	
1168	NaN	NaN	
1169	NaN	NaN	
1170	NaN	NaN	
1171	NaN	NaN	
1172	NaN	NaN	
1173	NaN	NaN	
1174	NaN	NaN	
1175	NaN	NaN	
1176	NaN	NaN	
1177	NaN	NaN	
1178	NaN	NaN	
1179	NaN	NaN	
1180	NaN	NaN	
1181	NaN	NaN	
1182	NaN	NaN	
1183	NaN	NaN	
1184	NaN	NaN	
1185	NaN	NaN	
1186	NaN	NaN	
1187	NaN	NaN	
1188	NaN	NaN	
1189	NaN	NaN	
1190	NaN	NaN	
1191	NaN	NaN	
1192	NaN	NaN	
1193	NaN	NaN	
1194	NaN	NaN	
1195	NaN	NaN	
1196	NaN	NaN	
1197	NaN	NaN	
1198	NaN	NaN	
1199	NaN	NaN	
1200	NaN	NaN	
1201	NaN	NaN	
1202	NaN	NaN	
1203	NaN	NaN	
1204	NaN	NaN	
1205	NaN	NaN	
1206	NaN	NaN	
1207	NaN	NaN	
1208	NaN	NaN	
1209	NaN	NaN	
1210	NaN	NaN	
1211	NaN	NaN	
1212	NaN	NaN	
1213	NaN	NaN	
1214	NaN	NaN	
1215	NaN	NaN	
1216	NaN	NaN	
1217	NaN	NaN	
1218	NaN	NaN	
1219	NaN	NaN	
1220	NaN	NaN	
1221	NaN	NaN	
1222	NaN	NaN	
1223	NaN	NaN	
1224	NaN	NaN	
1225	NaN	NaN	
1226	NaN	NaN	
1227	NaN	NaN	
1228	NaN	NaN	
1229	NaN	NaN	
1230	NaN	NaN	
1231	NaN	NaN	
1232	NaN	NaN	
1233	NaN	NaN	
1234	NaN	NaN	
1235	NaN	NaN	
1236	NaN	NaN	
1237	NaN	NaN	
1238	NaN	NaN	
1239	NaN	NaN	
1240	NaN	NaN	
1241	NaN	NaN	
1242	NaN	NaN	
1243	NaN	NaN	
1244	NaN	NaN	
1245	NaN	NaN	
1246	NaN	NaN	
1247	NaN	NaN	
1248	NaN	NaN	
1249	NaN	NaN	
1250	NaN	NaN	
1251	NaN	NaN	
1252	NaN	NaN	
1253	NaN	NaN	
1254	NaN	NaN	
1255	NaN	NaN	
1256	NaN	NaN	
1257	NaN	NaN	
1258	NaN	NaN	
1259	NaN	NaN	
1260	NaN	NaN	
1261	NaN	NaN	
1262	NaN	NaN	
1263	NaN	NaN	
1264	NaN	NaN	
1265	NaN	NaN	
1266	NaN	NaN	
1267	NaN	NaN	
1268	NaN	NaN	
1269	NaN	NaN	
1270	NaN	NaN	
1271	NaN	NaN	
1272	NaN	NaN	
1273	NaN	NaN	
1274	NaN	NaN	
1275	NaN	NaN	
1276	NaN	NaN	
1277	NaN	NaN	
1278	NaN	NaN	
1279	NaN	NaN	
1280	NaN	NaN	
1281	NaN	NaN	
1282	NaN	NaN	
1283	NaN	NaN	
1284	NaN	NaN	
1285	NaN	NaN	
1286	NaN	NaN	
1287	NaN	NaN	
1288	NaN	NaN	
1289	NaN	NaN	
1290	NaN	NaN	
1291	NaN	NaN	
1292	NaN	NaN	
1293	NaN	NaN	
1294	NaN	NaN	
1295	NaN	NaN	
1296	NaN	NaN	
1297	NaN	NaN	
1298	NaN	NaN	
1299	NaN	NaN	
1300	NaN	NaN	
1301	NaN	NaN	
1302	NaN	NaN	
1303	NaN	NaN	
1304	NaN	NaN	
1305	NaN	NaN	
1306	NaN	NaN	
1307	NaN	NaN	
1308	NaN	NaN	
1309	NaN	NaN	
1310	NaN	NaN	
1311	NaN	NaN	
1312	NaN	NaN	
1313	NaN	NaN	
1314	NaN	NaN	
1315	NaN	NaN	
1316	NaN	NaN	
1317	NaN	NaN	
1318	NaN	NaN	
1319	NaN	NaN	
1320	NaN	NaN	
1321	NaN	NaN	
1322	NaN	NaN	
1323	NaN	NaN	
1324	NaN	NaN	
1325	NaN	NaN	
1326	NaN	NaN	
1327	NaN	NaN	
1328	NaN	NaN	
1329	NaN	NaN	
1330	NaN	NaN	
1331	NaN	NaN	
1332	NaN	NaN	
1333	NaN	NaN	
1334	NaN	NaN	
1335	NaN	NaN	
1336	NaN	NaN	
1337	NaN	NaN	
1338	NaN	NaN	
1339	NaN	NaN	
1340	NaN	NaN	
1341	NaN	NaN	
1342	NaN	NaN	
1343	NaN	NaN	
1344	NaN	NaN	
1345	NaN	NaN	
1346	NaN	NaN	
1347	NaN	NaN	
1348	NaN	NaN	
1349	NaN	NaN	
1350	NaN	NaN	
1351	NaN	NaN	
1352	NaN	NaN	
1353	NaN	NaN	
1354	NaN	NaN	
1355	NaN	NaN	
1356	NaN	NaN	
1357	NaN	NaN	
1358	NaN	NaN	
1359	NaN	NaN	
1360	NaN	NaN	
1361	NaN	NaN	
1362	NaN	NaN	
1363	NaN	NaN	
1364	NaN	NaN	
1365	NaN	NaN	
1366	NaN	NaN	
1367	NaN	NaN	
1368	NaN	NaN	
1369	NaN	NaN	
1370	NaN	NaN	
1371	NaN	NaN	
1372	NaN	NaN	
1373	NaN	NaN	
1374	NaN	NaN	
1375	NaN	NaN	
1376	NaN	NaN	
1377	NaN	NaN	
1378	NaN	NaN	
1379	NaN	NaN	
1380	NaN	NaN	
1381	NaN	NaN	
1382	NaN	NaN	
1383	NaN	NaN	
1384	NaN	NaN	
1385	NaN	NaN	
1386	NaN	NaN	
1387	NaN	NaN	
1388	NaN	NaN	
1389	NaN	NaN	
1390	NaN	NaN	
1391	NaN	NaN	
1392	NaN	NaN	
1393	NaN	NaN	
1394	NaN	NaN	
1395	NaN	NaN	
1396	NaN	NaN	
1397	NaN	NaN	
1398	NaN	NaN	
1399	NaN	NaN	
1400	NaN	NaN	
1401	NaN	NaN	
1402	NaN	NaN	
1403	NaN	NaN	
1404	NaN	NaN	
1405	NaN	NaN	
1406	NaN	NaN	
1407	NaN	NaN	
1408	NaN	NaN	
1409	NaN	NaN	
1410	NaN	NaN	
1411	NaN	NaN	
1412	NaN	NaN	
1413	NaN	NaN	
1414	NaN	NaN	
1415	NaN	NaN	
1416	NaN	NaN	
1417	NaN	NaN	
1418	NaN	NaN	
1419	NaN	NaN	
1420	NaN	NaN	
1421	NaN	NaN	
1422	NaN	NaN	
1423	NaN	NaN	
1424	NaN	NaN	
1425	NaN	NaN	
1426	NaN	NaN	
1427	NaN	NaN	
1428	NaN	NaN	
1429	NaN	NaN	
1430	NaN	NaN	
1431	NaN	NaN	
1432	NaN	NaN	
1433	NaN	NaN	
1434	NaN	NaN	
1435	NaN	NaN	
1436	NaN	NaN	
1437	NaN	NaN	
1438	NaN	NaN	
1439	NaN	NaN	
1440	NaN	NaN	
1441	NaN	NaN	
1442	NaN	NaN	
1443	NaN	NaN	
1444	NaN	NaN	
1445	NaN	NaN	
1446	NaN	NaN	
1447	NaN	NaN	
1448	NaN	NaN	
1449	NaN	NaN	
1450	NaN	NaN	
1451	NaN	NaN	
1452	NaN	NaN	
1453	NaN	NaN	
1454	NaN	NaN	
1455	NaN	NaN	
1456	NaN	NaN	
1457	NaN	NaN	
1458	NaN	NaN	
1459	NaN	NaN	
1460	NaN	NaN	
1461	NaN	NaN	
1462	NaN	NaN	
1463	NaN	NaN	
1464	NaN	NaN	
1465	NaN	NaN	
1466	NaN	NaN	
1467	NaN	NaN	
1468	NaN	NaN	
1469	NaN	NaN	
1470	NaN	NaN	
1471	NaN	NaN	
1472	NaN	NaN	
1473	NaN	NaN	
1474	NaN	NaN	
1475	NaN	NaN	
1476	NaN	NaN	
1477	NaN	NaN	
1478	NaN	NaN	
1479	NaN	NaN	
1480	NaN	NaN	
1481	NaN	NaN	
1482	NaN	NaN	
1483	NaN	NaN	
1484	NaN	NaN	
1485	NaN	NaN	
1486	NaN	NaN	
1487	NaN	NaN	
1488	NaN	NaN	
1489	NaN	NaN	
1490	NaN	NaN	
1491	NaN	NaN	
1492	NaN	NaN	
1493	NaN	NaN	
1494	NaN	NaN	
1495	NaN	NaN	
1496	NaN	NaN	
1497	NaN	NaN	
1498	NaN	NaN	
1499	NaN	NaN	
1500	NaN	NaN	
1501	NaN	NaN	
1502	NaN	NaN	
1503	NaN	NaN	
1504	NaN	NaN	
1505	NaN	NaN	
1506	NaN	NaN	
1507	NaN	NaN	
1508	NaN	NaN	
1509	NaN	NaN	
1510	NaN	NaN	
1511	NaN	NaN	
1512	NaN	NaN	
1513	NaN	NaN	
1514	NaN	NaN	
1515	NaN	NaN	
1516	NaN	NaN	
1517	NaN	NaN	
1518	NaN	NaN	
1519	NaN	NaN	
1520	NaN	NaN	
1521	NaN	NaN	
1522	NaN	NaN	
1523	NaN	NaN	
1524	NaN	NaN	
1525	NaN	NaN	
1526	NaN	NaN	
1527	NaN	NaN	
1528	NaN	NaN	
1529	NaN	NaN	
1530	NaN	NaN	
1531	NaN	NaN	
1532	NaN	NaN	
1533	NaN	NaN	
1534	NaN	NaN	
1535	NaN	NaN	
1536	NaN	NaN	
1537	NaN	NaN	
1538	NaN	NaN	
1539	NaN	NaN	
1540	NaN	NaN	
1541	NaN	NaN	
1542	NaN	NaN	
1543	NaN	NaN	
1544	NaN	NaN	
1545	NaN	NaN	
1546	NaN	NaN	
1547	NaN	NaN	
1548	NaN	NaN	
1549	NaN	NaN	
1550	NaN	NaN	
1551	NaN	NaN	
1552	NaN	NaN	
1553	NaN	NaN	
1554	NaN	NaN	
1555	NaN	NaN	
1556	NaN	NaN	
1557	NaN	NaN	
1558	NaN	NaN	
1559	NaN	NaN	
1560	NaN	NaN	
1561	NaN	NaN	
1562	NaN	NaN	
1563	NaN	NaN	
1564	NaN	NaN	
1565	NaN	NaN	
1566	NaN	NaN	
1567	NaN	NaN	
