Athlete_Engineering	// User ID
11-2-2021	// Evaluation date
P002_WALK5	23-1-2021	14:05:47:805	// Source file name and timestamp
250.000	// Sampling rate
6.355	// Data capture period



Sample #	Right_Leg_Flexion	Right_Leg_Abduction	
0	5.331538	6.160046	
1	5.325655	6.164641	
2	5.314831	6.165660	
3	5.299787	6.161962	
4	5.282241	6.154143	
5	5.264111	6.142869	
6	5.246675	6.128156	
7	5.230555	6.110673	
8	5.216522	6.092909	
9	5.205898	6.078292	
10	5.200026	6.069295	
11	5.199774	6.066251	
12	5.205419	6.067211	
13	5.216341	6.068992	
14	5.230988	6.068849	
15	5.247567	6.065215	
16	5.264429	6.057941	
17	5.279723	6.048764	
18	5.291194	6.040848	
19	5.296641	6.037678	
20	5.294651	6.042319	
21	5.285242	6.056810	
22	5.270007	6.081504	
23	5.251452	6.114639	
24	5.232358	6.152420	
25	5.215812	6.189471	
26	5.204804	6.219726	
27	5.201170	6.238166	
28	5.204997	6.243205	
29	5.214555	6.238226	
30	5.226652	6.230854	
31	5.237813	6.230567	
32	5.245447	6.245686	
33	5.248017	6.280903	
34	5.244793	6.336650	
35	5.235704	6.409871	
36	5.221127	6.494859	
37	5.201744	6.583678	
38	5.178510	6.666663	
39	5.152436	6.733672	
40	5.124395	6.776490	
41	5.095231	6.791446	
42	5.065944	6.780148	
43	5.037483	6.748411	
44	5.010188	6.704160	
45	4.983516	6.654073	
46	4.956376	6.600893	
47	4.927847	6.544025	
48	4.897817	6.482703	
49	4.867083	6.418044	
50	4.837112	6.352249	
51	4.809828	6.287350	
52	4.787286	6.226077	
53	4.771303	6.173212	
54	4.763170	6.133276	
55	4.763543	6.106602	
56	4.772605	6.089257	
57	4.790064	6.075624	
58	4.814690	6.060447	
59	4.844014	6.040164	
60	4.875126	6.013590	
61	4.906025	5.981865	
62	4.936094	5.948040	
63	4.965582	5.916166	
64	4.995057	5.890062	
65	5.025360	5.872721	
66	5.057764	5.865714	
67	5.093660	5.867760	
68	5.133773	5.874808	
69	5.177634	5.882914	
70	5.223552	5.890761	
71	5.269332	5.899401	
72	5.313555	5.910554	
73	5.356277	5.925139	
74	5.398536	5.942354	
75	5.441191	5.960461	
76	5.484142	5.978937	
77	5.526479	5.999082	
78	5.567079	6.022584	
79	5.605182	6.050067	
80	5.640446	6.080348	
81	5.672347	6.110445	
82	5.699943	6.136677	
83	5.722608	6.156209	
84	5.740805	6.167815	
85	5.755929	6.171768	
86	5.769680	6.169401	
87	5.783903	6.162478	
88	5.800653	6.152383	
89	5.821881	6.139849	
90	5.849214	6.125936	
91	5.884115	6.113160	
92	5.927568	6.104948	
93	5.979270	6.103948	
94	6.037240	6.111101	
95	6.098106	6.125652	
96	6.158029	6.145790	
97	6.213784	6.169775	
98	6.263331	6.196502	
99	6.305675	6.225447	
100	6.340310	6.256749	
101	6.367106	6.290845	
102	6.386937	6.327674	
103	6.401828	6.366558	
104	6.413838	6.406547	
105	6.423979	6.446458	
106	6.432205	6.484712	
107	6.437852	6.519342	
108	6.439901	6.548436	
109	6.437152	6.570996	
110	6.428331	6.587358	
111	6.412103	6.598327	
112	6.387287	6.604090	
113	6.353508	6.604356	
114	6.311972	6.599541	
115	6.265576	6.591520	
116	6.218023	6.582816	
117	6.172920	6.575161	
118	6.133739	6.568980	
119	6.103824	6.563861	
120	6.085669	6.559538	
121	6.079992	6.556640	
122	6.085391	6.556248	
123	6.099138	6.558644	
124	6.118185	6.562763	
125	6.139276	6.566887	
126	6.159091	6.569431	
127	6.175130	6.568978	
128	6.186354	6.563824	
129	6.193174	6.551388	
130	6.197053	6.527800	
131	6.199756	6.488153	
132	6.202278	6.427998	
133	6.204074	6.346444	
134	6.203473	6.249436	
135	6.199217	6.149850	
136	6.191290	6.063140	
137	6.180558	6.001734	
138	6.168546	5.971609	
139	6.156864	5.972248	
140	6.145729	5.999394	
141	6.133430	6.047765	
142	6.117474	6.111643	
143	6.096075	6.184090	
144	6.069195	6.256241	
145	6.038431	6.317401	
146	6.005838	6.356571	
147	5.973251	6.365509	
148	5.942155	6.341494	
149	5.913084	6.287539	
150	5.885569	6.211545	
151	5.859100	6.125476	
152	5.834024	6.042075	
153	5.811952	5.970058	
154	5.795534	5.912247	
155	5.787826	5.867452	
156	5.791919	5.833895	
157	5.810849	5.812166	
158	5.847200	5.806086	
159	5.902085	5.820895	
160	5.974084	5.860207	
161	6.059395	5.922728	
162	6.153413	5.998931	
163	6.252778	6.071426	
164	6.356662	6.121161	
165	6.466349	6.134727	
166	6.583505	6.109073	
167	6.708600	6.052802	
168	6.840232	5.980591	
169	6.975561	5.904228	
170	7.111779	5.830798	
171	7.247664	5.765906	
172	7.384412	5.713311	
173	7.525161	5.673027	
174	7.673096	5.642707	
175	7.829699	5.621754	
176	7.994686	5.614748	
177	8.167713	5.628964	
178	8.350074	5.665890	
179	8.543859	5.715792	
180	8.749629	5.761854	
181	8.966054	5.790055	
182	9.191688	5.796251	
183	9.426172	5.785892	
184	9.670016	5.768690	
185	9.924284	5.752035	
186	10.190650	5.735612	
187	10.470939	5.710332	
188	10.766084	5.663854	
189	11.075587	5.589244	
190	11.397457	5.489190	
191	11.728062	5.373910	
192	12.063272	5.255993	
193	12.400788	5.144195	
194	12.740564	5.040411	
195	13.083014	4.942738	
196	13.427964	4.849187	
197	13.775256	4.757693	
198	14.124939	4.665171	
199	14.476181	4.566866	
200	14.827075	4.456579	
201	15.176446	4.330642	
202	15.525031	4.192182	
203	15.874394	4.049758	
204	16.226394	3.913755	
205	16.585068	3.796211	
206	16.957416	3.710177	
207	17.349967	3.662742	
208	17.764347	3.647534	
209	18.196920	3.646839	
210	18.642244	3.640941	
211	19.095373	3.616077	
212	19.550823	3.567888	
213	20.001427	3.500338	
214	20.439584	3.421652	
215	20.859880	3.339366	
216	21.261139	3.257305	
217	21.646165	3.177049	
218	22.019332	3.099430	
219	22.385069	3.022581	
220	22.748519	2.941861	
221	23.115541	2.853105	
222	23.491167	2.755680	
223	23.878900	2.654759	
224	24.280917	2.559063	
225	24.697865	2.472741	
226	25.129458	2.390591	
227	25.576600	2.301953	
228	26.043161	2.198762	
229	26.535749	2.081032	
230	27.061542	1.955554	
231	27.624495	1.830638	
232	28.221399	1.712540	
233	28.841580	1.604316	
234	29.471374	1.505111	
235	30.099021	1.409015	
236	30.716350	1.305262	
237	31.319303	1.182376	
238	31.909723	1.034989	
239	32.494201	0.866873	
240	33.078035	0.687079	
241	33.661660	0.505544	
242	34.242900	0.332374	
243	34.819709	0.177242	
244	35.390865	0.047295	
245	35.956083	-0.054272	
246	36.515349	-0.126792	
247	37.067883	-0.168812	
248	37.612648	-0.177924	
249	38.150294	-0.154844	
250	38.684161	-0.105834	
251	39.218810	-0.039526	
252	39.756991	0.038606	
253	40.297271	0.128069	
254	40.833946	0.230487	
255	41.359938	0.346118	
256	41.870580	0.472262	
257	42.364743	0.603373	
258	42.843341	0.732002	
259	43.308061	0.850543	
260	43.761359	0.954821	
261	44.206693	1.046535	
262	44.647744	1.130238	
263	45.086378	1.208283	
264	45.520893	1.279094	
265	45.946449	1.337855	
266	46.356829	1.378482	
267	46.745942	1.396708	
268	47.109124	1.391110	
269	47.443778	1.361378	
270	47.748770	1.308173	
271	48.024025	1.235020	
272	48.270810	1.148217	
273	48.490952	1.055944	
274	48.685067	0.969359	
275	48.851608	0.901618	
276	48.986863	0.861985	
277	49.085143	0.851699	
278	49.139502	0.865688	
279	49.143398	0.894755	
280	49.093004	0.925531	
281	48.989490	0.941851	
282	48.839509	0.930006	
283	48.653193	0.885534	
284	48.441221	0.815328	
285	48.212369	0.732061	
286	47.972092	0.646084	
287	47.722222	0.561558	
288	47.461369	0.478199	
289	47.186044	0.395513	
290	46.891861	0.314765	
291	46.574439	0.237415	
292	46.230590	0.163472	
293	45.858851	0.091204	
294	45.458622	0.017233	
295	45.028856	-0.062333	
296	44.567792	-0.149555	
297	44.074383	-0.243336	
298	43.549554	-0.340576	
299	42.995817	-0.438337	
300	42.415709	-0.535013	
301	41.810610	-0.629844	
302	41.181598	-0.721922	
303	40.530996	-0.810210	
304	39.862242	-0.894144	
305	39.178532	-0.974401	
306	38.481545	-1.053398	
307	37.771220	-1.134026	
308	37.046882	-1.217092	
309	36.308279	-1.300857	
310	35.555032	-1.384414	
311	34.785735	-1.470598	
312	33.998379	-1.564460	
313	33.191602	-1.670467	
314	32.365559	-1.791561	
315	31.522246	-1.928947	
316	30.665671	-2.082155	
317	29.801171	-2.249764	
318	28.933150	-2.429953	
319	28.063068	-2.620897	
320	27.189289	-2.821982	
321	26.307943	-3.034894	
322	25.414584	-3.262719	
323	24.506549	-3.507420	
324	23.583911	-3.767748	
325	22.648910	-4.038430	
326	21.706281	-4.310810	
327	20.763631	-4.574771	
328	19.829099	-4.819812	
329	18.907354	-5.035041	
330	17.997186	-5.211006	
331	17.092193	-5.343776	
332	16.183512	-5.438156	
333	15.263078	-5.506616	
334	14.326942	-5.562970	
335	13.376904	-5.615092	
336	12.418418	-5.662853	
337	11.456711	-5.701637	
338	10.494627	-5.726039	
339	9.533132	-5.730309	
340	8.573398	-5.707387	
341	7.618072	-5.649354	
342	6.670800	-5.550467	
343	5.735492	-5.411758	
344	4.815556	-5.241252	
345	3.913225	-5.048471	
346	3.030282	-4.841554	
347	2.169173	-4.628137	
348	1.333087	-4.415744	
349	0.526095	-4.213438	
350	-0.246369	-4.032422	
351	-0.978108	-3.882365	
352	-1.663427	-3.769832	
353	-2.297806	-3.700492	
354	-2.877936	-3.679051	
355	-3.401170	-3.707434	
356	-3.865011	-3.783370	
357	-4.266834	-3.898722	
358	-4.603236	-4.039667	
359	-4.870077	-4.188845	
360	-5.064145	-4.326094	
361	-5.184932	-4.429156	
362	-5.235317	-4.478409	
363	-5.221232	-4.461357	
364	-5.150484	-4.371265	
365	-5.031817	-4.203472	
366	-4.875296	-3.953356	
367	-4.693361	-3.617131	
368	-4.501140	-3.195733	
369	-4.315295	-2.697439	
370	-4.151278	-2.135272	
371	-4.020407	-1.522618	
372	-3.928771	-0.873642	
373	-3.877413	-0.206424	
374	-3.861731	0.459331	
375	-3.870240	1.108050	
376	-3.885340	1.729965	
377	-3.886965	2.320012	
378	-3.856179	2.879208	
379	-3.777745	3.415199	
380	-3.642815	3.935718	
381	-3.449911	4.440708	
382	-3.202787	4.922177	
383	-2.907119	5.369793	
384	-2.568053	5.776268	
385	-2.189826	6.139725	
386	-1.777270	6.463184	
387	-1.337550	6.752679	
388	-0.880476	7.014348	
389	-0.417343	7.252153	
390	0.039879	7.468240	
391	0.479120	7.663714	
392	0.889750	7.838232	
393	1.263873	7.991283	
394	1.596715	8.125280	
395	1.886777	8.246210	
396	2.134901	8.361032	
397	2.342534	8.475012	
398	2.511634	8.590665	
399	2.645566	8.707111	
400	2.748542	8.819475	
401	2.824266	8.920085	
402	2.875570	9.001758	
403	2.904773	9.060637	
404	2.914293	9.096767	
405	2.907530	9.113159	
406	2.888889	9.114413	
407	2.862592	9.105555	
408	2.831865	9.091955	
409	2.799304	9.079846	
410	2.767427	9.075869	
411	2.738464	9.084642	
412	2.713688	9.105380	
413	2.693302	9.130810	
414	2.676860	9.149829	
415	2.663688	9.152321	
416	2.653379	9.132767	
417	2.645980	9.091186	
418	2.641316	9.033886	
419	2.638219	8.973254	
420	2.634940	8.923765	
421	2.630727	8.897452	
422	2.627424	8.901425	
423	2.629745	8.934925	
424	2.643448	8.988561	
425	2.672846	9.049929	
426	2.719168	9.108617	
427	2.779177	9.155158	
428	2.845357	9.181684	
429	2.909473	9.187831	
430	2.966304	9.182918	
431	3.014413	9.179222	
432	3.055237	9.184089	
433	3.091925	9.198828	
434	3.127961	9.221340	
435	3.166340	9.247219	
436	3.209463	9.270455	
437	3.258893	9.285827	
438	3.315297	9.291409	
439	3.378594	9.288855	
440	3.447428	9.281946	
441	3.518345	9.275352	
442	3.585330	9.273492	
443	3.640145	9.279377	
444	3.675188	9.295357	
445	3.687756	9.325175	
446	3.681166	9.373699	
447	3.661345	9.443545	
448	3.632932	9.532450	
449	3.598823	9.634045	
450	3.561670	9.740756	
451	3.524614	9.846553	
452	3.491241	9.947945	
453	3.464203	10.043073	
454	3.442371	10.130342	
455	3.418961	10.207457	
456	3.383912	10.271358	
457	3.332056	10.320280	
458	3.269398	10.356055	
459	3.208009	10.382266	
460	3.156143	10.400490	
461	3.115778	10.410993	
462	3.086450	10.416476	
463	3.067735	10.421961	
464	3.058923	10.430762	
465	3.059151	10.443204	
466	3.067935	10.458509	
467	3.084172	10.474444	
468	3.105561	10.486366	
469	3.130479	10.489959	
470	3.159881	10.484079	
471	3.196512	10.469843	
472	3.242460	10.448804	
473	3.297847	10.422779	
474	3.361072	10.394205	
475	3.428828	10.365307	
476	3.495665	10.336273	
477	3.554478	10.304229	
478	3.598222	10.263878	
479	3.621865	10.209498	
480	3.623409	10.137141	
481	3.603944	10.045728	
482	3.567296	9.936767	
483	3.518989	9.812870	
484	3.464451	9.676366	
485	3.407344	9.528876	
486	3.348752	9.370304	
487	3.287779	9.198096	
488	3.222759	9.009091	
489	3.152327	8.803338	
490	3.077528	8.587383	
491	3.002810	8.374111	
492	2.933919	8.178511	
493	2.876195	8.012113	
494	2.833777	7.879699	
495	2.807914	7.779963	
496	2.796760	7.707941	
497	2.797847	7.656373	
498	2.809430	7.615774	
499	2.829155	7.575405	
500	2.853778	7.526099	
501	2.880640	7.462085	
502	2.907566	7.380534	
503	2.932214	7.281862	
504	2.953491	7.170831	
505	2.972702	7.054283	
506	2.992302	6.936141	
507	3.014421	6.815087	
508	3.040927	6.686218	
509	3.073410	6.543417	
510	3.112055	6.380903	
511	3.155154	6.194884	
512	3.200732	5.985886	
513	3.249286	5.760801	
514	3.305092	5.531897	
515	3.374844	5.312668	
516	3.464438	5.113763	
517	3.576073	4.940231	
518	3.708457	4.791958	
519	3.859949	4.668320	
520	4.031160	4.571600	
521	4.224280	4.504013	
522	4.440192	4.462163	
523	4.677098	4.436853	
524	4.931060	4.418513	
525	5.196577	4.402376	
526	5.468391	4.390636	
527	5.744294	4.389909	
528	6.024959	4.404612	
529	6.311876	4.433889	
530	6.606688	4.474893	
531	6.910692	4.525272	
532	7.224457	4.582929	
533	7.548547	4.645534	
534	7.883597	4.708906	
535	8.230126	4.767346	
536	8.589123	4.818434	
537	8.961545	4.865353	
538	9.346933	4.912588	
539	9.743455	4.961527	
540	10.149240	5.011382	
541	10.563729	5.063227	
542	10.987518	5.121855	
543	11.420245	5.192115	
544	11.859882	5.273326	
545	12.304543	5.358503	
546	12.753976	5.438916	
547	13.210397	5.509081	
548	13.679126	5.568333	
549	14.167518	5.619051	
550	14.681751	5.663525	
551	15.223660	5.700712	
552	15.790762	5.724585	
553	16.379287	5.726320	
554	16.987146	5.699447	
555	17.615405	5.643266	
556	18.267435	5.560977	
557	18.945860	5.455402	
558	19.649830	5.326606	
559	20.373391	5.171062	
560	21.105961	4.982256	
561	21.836272	4.754248	
562	22.556859	4.485114	
563	23.267408	4.177369	
564	23.978127	3.839169	
565	24.709372	3.486305	
566	25.484421	3.138916	
567	26.320155	2.814711	
568	27.220839	2.524563	
569	28.177234	2.270487	
570	29.172277	2.047206	
571	30.190505	1.850232	
572	31.224660	1.684500	
573	32.274881	1.563386	
574	33.342474	1.498850	
575	34.425311	1.494564	
576	35.518233	1.549029	
577	36.615309	1.661747	
578	37.711427	1.833843	
579	38.802817	2.064820	
580	39.885261	2.350618	
581	40.951224	2.683328	
582	41.989685	3.051298	
583	42.989542	3.441063	
584	43.942621	3.840407	
585	44.843946	4.239142	
586	45.692598	4.629022	
587	46.492911	5.004434	
588	47.252372	5.361232	
589	47.978835	5.693226	
590	48.678947	5.988275	
591	49.355198	6.226667	
592	50.004311	6.385819	
593	50.621119	6.449252	
594	51.204213	6.411427	
595	51.757235	6.277456	
596	52.285145	6.062009	
597	52.789460	5.785800	
598	53.266608	5.468728	
599	53.710819	5.125852	
600	54.118631	4.768705	
601	54.490180	4.406725	
602	54.827365	4.047582	
603	55.132645	3.699243	
604	55.409429	3.371715	
605	55.661514	3.075328	
606	55.889887	2.816925	
607	56.090075	2.598000	
608	56.254494	2.416668	
609	56.377545	2.270678	
610	56.458630	2.157948	
611	56.502753	2.074879	
612	56.518869	2.015126	
613	56.516031	1.970475	
614	56.500273	1.932536	
615	56.473063	1.893022	
616	56.429873	1.842927	
617	56.360214	1.773636	
618	56.250976	1.680202	
619	56.091191	1.562026	
620	55.874427	1.420189	
621	55.597870	1.255842	
622	55.260927	1.070493	
623	54.864834	0.867797	
624	54.411851	0.655091	
625	53.904623	0.441281	
626	53.347824	0.233974	
627	52.749508	0.040118	
628	52.118941	-0.131666	
629	51.463671	-0.270525	
630	50.787876	-0.366650	
631	50.090743	-0.417146	
632	49.366520	-0.429139	
633	48.607509	-0.417008	
634	47.806619	-0.396961	
635	46.957849	-0.383001	
636	46.056563	-0.385553	
637	45.100529	-0.412255	
638	44.092609	-0.467202	
639	43.043450	-0.548014	
640	41.968708	-0.648160	
641	40.882430	-0.765183	
642	39.794156	-0.903339	
643	38.709603	-1.067742	
644	37.629896	-1.259915	
645	36.550937	-1.477888	
646	35.467683	-1.714531	
647	34.380398	-1.954041	
648	33.295136	-2.174113	
649	32.218454	-2.354976	
650	31.153836	-2.486643	
651	30.103269	-2.567410	
652	29.069390	-2.597948	
653	28.053958	-2.580046	
654	27.055486	-2.519489	
655	26.069056	-2.427379	
656	25.087556	-2.319504	
657	24.104444	-2.213347	
658	23.117160	-2.122865	
659	22.127399	-2.056874	
660	21.138046	-2.021623	
661	20.151305	-2.021573	
662	19.168565	-2.058310	
663	18.188691	-2.130563	
664	17.206805	-2.235645	
665	16.216597	-2.371219	
666	15.213002	-2.534755	
667	14.192824	-2.720914	
668	13.155074	-2.920849	
669	12.101192	-3.123901	
670	11.034264	-3.319237	
671	9.957997	-3.496523	
672	8.876430	-3.644952	
673	7.794739	-3.751840	
674	6.720170	-3.803399	
675	5.661044	-3.787837	
676	4.624168	-3.700614	
677	3.613295	-3.549025	
678	2.629559	-3.350877	
679	1.672749	-3.128431	
680	0.743168	-2.903410	
681	-0.155500	-2.694757	
682	-1.014248	-2.517981	
683	-1.820231	-2.387044	
684	-2.560602	-2.316692	
685	-3.225539	-2.319648	
686	-3.808589	-2.400047	
687	-4.304807	-2.549632	
688	-4.709108	-2.749352	
689	-5.016474	-2.974040	
690	-5.222838	-3.196263	
691	-5.325648	-3.388462	
692	-5.324435	-3.525592	
693	-5.220932	-3.588137	
694	-5.018875	-3.563843	
695	-4.724645	-3.448725	
696	-4.348260	-3.246663	
697	-3.903739	-2.966484	
698	-3.408440	-2.619481	
699	-2.881040	-2.218550	
700	-2.338969	-1.776560	
701	-1.796518	-1.306598	
702	-1.264279	-0.825932	
703	-0.750007	-0.357320	
704	-0.260252	0.076227	
705	0.198142	0.459143	
706	0.617621	0.786420	
707	0.990352	1.059227	
708	1.308040	1.280351	
709	1.562234	1.455468	
710	1.747241	1.595497	
711	1.863856	1.717177	
712	1.920924	1.842698	
713	1.934231	1.996392	
714	1.923753	2.199641	
715	1.910426	2.466487	
716	1.913943	2.799039	
717	1.951940	3.185206	
718	2.038599	3.602376	
719	2.182166	4.024918	
720	2.384033	4.431354	
721	2.641065	4.808202	
722	2.948225	5.148850	
723	3.298459	5.450815	
724	3.681732	5.715725	
725	4.085823	5.949804	
726	4.498751	6.161935	
727	4.910910	6.360847	
728	5.314779	6.552650	
729	5.703220	6.738387	
730	6.068608	6.912251	
731	6.402874	7.062754	
732	6.698431	7.177985	
733	6.949663	7.251691	
734	7.153690	7.284901	
735	7.310716	7.282915	
736	7.424223	7.252549	
737	7.500070	7.201825	
738	7.545516	7.140587	
739	7.569081	7.081204	
740	7.579860	7.038941	
741	7.586069	7.030456	
742	7.594264	7.070310	
743	7.609524	7.168483	
744	7.635556	7.329649	
745	7.673493	7.551254	
746	7.720184	7.820367	
747	7.768993	8.113783	
748	7.813039	8.403903	
749	7.847438	8.665975	
750	7.869756	8.882021	
751	7.880324	9.043306	
752	7.882238	9.151850	
753	7.879861	9.217031	
754	7.876299	9.248497	
755	7.871617	9.251838	
756	7.863107	9.229647	
757	7.847464	9.184522	
758	7.823242	9.120724	
759	7.791884	9.044331	
760	7.757026	8.962061	
761	7.722229	8.878793	
762	7.688486	8.796464	
763	7.654624	8.716682	
764	7.619635	8.642964	
765	7.583211	8.578897	
766	7.544956	8.525948	
767	7.504462	8.484624	
768	7.462159	8.456810	
769	7.418789	8.445787	
770	7.372782	8.453713	
771	7.319320	8.479381	
772	7.252973	8.518470	
773	7.170743	8.565899	
774	7.073968	8.618305	
775	6.969343	8.674835	
776	6.867741	8.736395	
777	6.779715	8.804613	
778	6.708857	8.880149	
779	6.647563	8.960672	
780	6.579814	9.040870	
781	6.488243	9.114456	
782	6.359560	9.176092	
783	6.187997	9.222370	
784	5.977201	9.252066	
785	5.739130	9.266963	
786	5.492014	9.273546	
787	5.257291	9.282468	
788	5.053382	9.304308	
789	4.890777	9.344936	
790	4.771997	9.403886	
791	4.693495	9.475965	
792	4.647511	9.554218	
793	4.624201	9.632494	
794	4.613933	9.706882	
795	4.608523	9.775508	
796	4.600805	9.837037	
797	4.584895	9.890003	
798	4.558317	9.933647	
799	4.522709	9.967987	
800	4.481632	9.992172	
801	4.437954	10.003494	
802	4.392676	9.998556	
803	4.345667	9.975158	
804	4.297481	9.933287	
805	4.249735	9.874427	
806	4.203811	9.799377	
807	4.160675	9.707415	
808	4.122322	9.599698	
809	4.092214	9.483013	
810	4.073326	9.366938	
811	4.065878	9.256384	
812	4.067340	9.148136	
813	4.073679	9.033454	
814	4.079232	8.901441	
815	4.075729	8.740684	
816	4.053890	8.543088	
817	4.008792	8.310590	
818	3.943809	8.057834	
819	3.868160	7.806870	
820	3.792092	7.578805	
821	3.725132	7.387827	
822	3.675227	7.238147	
823	3.646614	7.124217	
824	3.639117	7.035125	
825	3.649838	6.959799	
826	3.675191	6.888675	
827	3.711338	6.812567	
828	3.753548	6.722714	
829	3.797008	6.613620	
830	3.838711	6.485389	
831	3.877700	6.341817	
832	3.913783	6.185929	
833	3.946886	6.018237	
834	3.977581	5.838854	
835	4.007583	5.649602	
836	4.039859	5.454063	
837	4.078452	5.256610	
838	4.127270	5.061397	
839	4.188622	4.871939	
840	4.262983	4.690885	
841	4.349711	4.519536	
842	4.448192	4.358970	
843	4.559660	4.212983	
844	4.688396	4.088388	
845	4.839525	3.991000	
846	5.014506	3.922386	
847	5.209781	3.880866	
848	5.419743	3.864105	
849	5.639699	3.869861	
850	5.866807	3.895069	
851	6.100059	3.935573	
852	6.339759	3.986701	
853	6.587551	4.044134	
854	6.847354	4.105525	
855	7.124584	4.171005	
856	7.423192	4.241146	
857	7.744080	4.315917	
858	8.086035	4.396511	
859	8.446442	4.484922	
860	8.821090	4.579419	
861	9.205259	4.673286	
862	9.595668	4.759350	
863	9.991306	4.833576	
864	10.393280	4.893996	
865	10.803933	4.938094	
866	11.225196	4.962631	
867	11.657329	4.965823	
868	12.099475	4.949703	
869	12.551682	4.921132	
870	13.015766	4.890078	
871	13.493574	4.866210	
872	13.985439	4.856285	
873	14.491350	4.862936	
874	15.012599	4.884608	
875	15.552109	4.915894	
876	16.114719	4.948389	
877	16.707256	4.972591	
878	17.336738	4.979643	
879	18.007814	4.962918	
880	18.721692	4.919751	
881	19.476647	4.851292	
882	20.269225	4.759988	
883	21.096018	4.646915	
884	21.955804	4.511384	
885	22.850763	4.353422	
886	23.785406	4.177833	
887	24.763351	3.996637	
888	25.784475	3.826201	
889	26.844752	3.680973	
890	27.937067	3.570385	
891	29.051542	3.499960	
892	30.176902	3.471155	
893	31.302393	3.478185	
894	32.419407	3.508419	
895	33.524157	3.549470	
896	34.619318	3.595811	
897	35.710937	3.651808	
898	36.803384	3.731732	
899	37.896756	3.853340	
900	38.986225	4.030429	
901	40.062086	4.272493	
902	41.111011	4.586898	
903	42.118632	4.977183	
904	43.072613	5.440023	
905	43.965776	5.965873	
906	44.798247	6.542878	
907	45.576963	7.158643	
908	46.313216	7.797092	
909	47.019077	8.435183	
910	47.703770	9.045416	
911	48.372933	9.601948	
912	49.029796	10.083352	
913	49.675097	10.470652	
914	50.306813	10.745175	
915	50.921543	10.889539	
916	51.515655	10.890970	
917	52.083906	10.744024	
918	52.618623	10.451576	
919	53.112710	10.025070	
920	53.562767	9.484759	
921	53.968859	8.861039	
922	54.332390	8.195875	
923	54.654772	7.537613	
924	54.938800	6.928800	
925	55.190827	6.397902	
926	55.420706	5.958604	
927	55.639993	5.610727	
928	55.858978	5.341917	
929	56.082091	5.133661	
930	56.303550	4.969591	
931	56.507089	4.838231	
932	56.670995	4.729691	
933	56.775397	4.635758	
934	56.808445	4.552509	
935	56.769826	4.476894	
936	56.670920	4.403464	
937	56.531175	4.328667	
938	56.371175	4.254884	
939	56.204581	4.187465	
940	56.032930	4.128145	
941	55.847711	4.070769	
942	55.637698	4.002304	
943	55.393425	3.907685	
944	55.106363	3.775031	
945	54.767768	3.599492	
946	54.370471	3.384724	
947	53.911104	3.139798	
948	53.390073	2.874144	
949	52.810451	2.596951	
950	52.176827	2.319089	
951	51.494589	2.051901	
952	50.769809	1.805100	
953	50.008539	1.586733	
954	49.216332	1.403144	
955	48.398405	1.258505	
956	47.558676	1.153641	
957	46.699019	1.082839	
958	45.820074	1.033120	
959	44.920923	0.989201	
960	43.998356	0.938794	
961	43.049017	0.874067	
962	42.072412	0.790583	
963	41.071569	0.685492	
964	40.051927	0.556586	
965	39.019026	0.403543	
966	37.976029	0.230094	
967	36.923122	0.044260	
968	35.858431	-0.144016	
969	34.779386	-0.325441	
970	33.684659	-0.492033	
971	32.575276	-0.636183	
972	31.453982	-0.749862	
973	30.324711	-0.825358	
974	29.192584	-0.857509	
975	28.062842	-0.845923	
976	26.939036	-0.795576	
977	25.822122	-0.715754	
978	24.710691	-0.618231	
979	23.601539	-0.515685	
980	22.490402	-0.421438	
981	21.373125	-0.349594	
982	20.247095	-0.313276	
983	19.112548	-0.321542	
984	17.972623	-0.378210	
985	16.831674	-0.483915	
986	15.693462	-0.639171	
987	14.560475	-0.845496	
988	13.434005	-1.103751	
989	12.314429	-1.410793	
990	11.201376	-1.756342	
991	10.093911	-2.121569	
992	8.991014	-2.482170	
993	7.892167	-2.816200	
994	6.797973	-3.108270	
995	5.710204	-3.347589	
996	4.631005	-3.526632	
997	3.562632	-3.640175	
998	2.508018	-3.687407	
999	1.471183	-3.677139	
1000	0.458158	-3.622348	
1001	-0.521874	-3.528816	
1002	-1.457610	-3.399898	
1003	-2.338369	-3.251048	
1004	-3.155607	-3.109662	
1005	-3.902085	-3.002535	
1006	-4.570171	-2.948667	
1007	-5.151677	-2.959466	
1008	-5.639822	-3.040040	
1009	-6.030984	-3.189103	
1010	-6.323540	-3.397293	
1011	-6.514647	-3.646298	
1012	-6.599309	-3.911310	
1013	-6.572960	-4.164555	
1014	-6.434272	-4.378347	
1015	-6.186746	-4.530907	
1016	-5.839866	-4.611740	
1017	-5.408851	-4.617393	
1018	-4.912276	-4.544732	
1019	-4.368986	-4.394889	
1020	-3.797220	-4.178116	
1021	-3.216624	-3.912149	
1022	-2.648831	-3.621457	
1023	-2.114106	-3.330879	
1024	-1.628172	-3.054627	
1025	-1.203228	-2.797663	
1026	-0.850584	-2.564255	
1027	-0.580706	-2.359571	
1028	-0.401096	-2.186358	
1029	-0.313927	-2.041473	
1030	-0.314277	-1.913689	
1031	-0.389018	-1.783094	
1032	-0.516802	-1.623110	
1033	-0.670843	-1.407135	
1034	-0.823128	-1.116872	
1035	-0.947124	-0.747983	
1036	-1.019664	-0.313427	
1037	-1.023126	0.157095	
1038	-0.947415	0.624913	
1039	-0.790661	1.053502	
1040	-0.557168	1.416255	
1041	-0.253661	1.699592	
1042	0.112757	1.903561	
1043	0.534289	2.041523	
1044	1.002013	2.138088	
1045	1.505950	2.224239	
1046	2.034873	2.331324	
1047	2.576361	2.486351	
1048	3.117399	2.708607	
1049	3.644611	3.006846	
1050	4.144665	3.378471	
1051	4.605308	3.810729	
1052	5.016417	4.281328	
1053	5.371226	4.757723	
1054	5.666819	5.195041	
1055	5.903293	5.537140	
1056	6.083939	5.734669	
1057	6.216880	5.777135	
1058	6.314827	5.702651	
1059	6.391806	5.570850	
1060	6.459338	5.433528	
1061	6.523459	5.326039	
1062	6.583637	5.269150	
1063	6.635100	5.271975	
1064	6.672644	5.335196	
1065	6.693495	5.454023	
1066	6.699692	5.620285	
1067	6.698265	5.821962	
1068	6.697487	6.040912	
1069	6.703329	6.256229	
1070	6.717836	6.451305	
1071	6.737615	6.612962	
1072	6.755432	6.727379	
1073	6.764860	6.782437	
1074	6.761652	6.771615	
1075	6.742297	6.695502	
1076	6.705146	6.563668	
1077	6.653652	6.397088	
1078	6.597029	6.227767	
1079	6.547467	6.093290	
1080	6.517103	6.028526	
1081	6.515298	6.058614	
1082	6.545559	6.194941	
1083	6.604483	6.431270	
1084	6.682518	6.738303	
1085	6.764084	7.067982	
1086	6.830035	7.373993	
1087	6.864191	7.629839	
1088	6.857816	7.831070	
1089	6.808671	7.991533	
1090	6.718387	8.138875	
1091	6.591085	8.302737	
1092	6.433102	8.500916	
1093	6.252400	8.737146	
1094	6.056918	9.007276	
1095	5.854754	9.303851	
1096	5.656961	9.618371	
1097	5.477947	9.941516	
1098	5.331597	10.263437	
1099	5.227019	10.576658	
1100	5.167088	10.878346	
1101	5.149498	11.169223	
1102	5.168494	11.450878	
1103	5.216629	11.724692	
1104	5.285906	11.992112	
1105	5.367919	12.252910	
1106	5.454462	12.503037	
1107	5.538649	12.736530	
1108	5.615227	12.949407	
1109	5.681276	13.140839	
1110	5.737453	13.310314	
1111	5.786493	13.453548	
1112	5.828757	13.562030	
1113	5.859815	13.627330	
1114	5.872894	13.645989	
1115	5.863169	13.619892	
1116	5.830094	13.552528	
1117	5.776631	13.448373	
1118	5.707100	13.318238	
1119	5.625962	13.182078	
1120	5.538125	13.062595	
1121	5.450363	12.976323	
1122	5.371314	12.931430	
1123	5.308261	12.930640	
1124	5.263531	12.970508	
1125	5.234264	13.037485	
1126	5.216068	13.111182	
1127	5.206237	13.172859	
1128	5.202114	13.210719	
1129	5.198070	13.221433	
1130	5.186556	13.205888	
1131	5.161241	13.161339	
1132	5.118094	13.079187	
1133	5.055658	12.949671	
1134	4.977639	12.769695	
1135	4.895093	12.551380	
1136	4.822605	12.322536	
1137	4.771696	12.113180	
1138	4.748262	11.940424	
1139	4.751968	11.805569	
1140	4.775418	11.700818	
1141	4.806609	11.615752	
1142	4.833652	11.539358	
1143	4.847533	11.459698	
1144	4.842279	11.364471	
1145	4.813893	11.243501	
1146	4.760569	11.090594	
1147	4.684955	10.903867	
1148	4.595110	10.688600	
1149	4.502668	10.461498	
1150	4.419653	10.248302	
1151	4.355303	10.072881	
1152	4.315547	9.947194	
1153	4.304882	9.870366	
1154	4.326506	9.833755	
1155	4.380747	9.824948	
1156	4.465185	9.830461	
1157	4.576542	9.839480	
1158	4.711921	9.845957	
1159	4.868208	9.846433	
1160	5.041370	9.836611	
1161	5.227174	9.810435	
1162	5.421770	9.762143	
1163	5.621467	9.688759	
1164	5.822804	9.590675	
1165	6.023507	9.472118	
1166	6.224249	9.342199	
1167	6.429889	9.214177	
1168	6.647289	9.102040	
1169	6.879744	9.015065	
1170	7.123129	8.952559	
1171	7.367054	8.902495	
1172	7.600135	8.846784	
1173	7.816000	8.771476	
1174	8.015036	8.674348	
1175	8.201830	8.563450	
1176	8.382848	8.449910	
1177	8.565567	8.343151	
1178	8.757449	8.249864	
1179	8.965030	8.174350	
1180	9.194360	8.119308	
1181	9.451658	8.085774	
1182	9.741779	8.072358	
1183	10.066273	8.075897	
1184	10.424955	8.093497	
1185	10.818275	8.123178	
1186	11.245978	8.162204	
1187	11.705249	8.205455	
1188	12.191046	8.245069	
1189	12.695261	8.270881	
1190	13.205420	8.271842	
1191	13.706855	8.237322	
1192	14.186496	8.157215	
1193	14.634383	8.022519	
1194	15.042549	7.826121	
1195	15.404371	7.561915	
1196	15.718926	7.225477	
1197	15.997691	6.817689	
1198	16.263401	6.346719	
1199	16.542064	5.835758	
1200	16.859674	5.344689	
1201	17.242243	4.982019	
1202	17.714778	4.889038	
1203	18.321858	5.232997	
1204	19.213464	6.246952	
1205	20.876504	8.297246	
1206	24.701282	11.889325	
1207	33.582959	17.041172	
1208	49.191750	22.252328	
1209	67.055535	28.093117	
1210	81.010556	36.325598	
1211	89.857185	45.764606	
1212	95.306360	54.706693	
1213	98.864264	62.437369	
1214	101.338899	68.827721	
1215	103.140117	73.936808	
1216	104.488462	77.859317	
1217	105.507750	80.685642	
1218	106.265568	82.517715	
1219	106.795099	83.495058	
1220	107.112505	83.794859	
1221	107.231563	83.614766	
1222	107.172138	83.159437	
1223	106.962977	82.632912	
1224	106.642733	82.233865	
1225	106.261129	82.153482	
1226	105.878792	82.572923	
1227	105.561645	83.651747	
1228	105.363525	85.493107	
1229	105.297241	88.075880	
1230	105.318363	91.178923	
1231	105.360622	94.377620	
1232	105.413081	97.174269	
1233	105.567152	99.194989	
1234	105.987002	100.317807	
1235	106.821750	100.664553	
1236	108.120303	100.480748	
1237	109.810005	99.999479	
1238	111.737148	99.375874	
1239	113.720350	98.691575	
1240	115.586394	97.984106	
1241	117.188145	97.272458	
1242	NaN	NaN	
1243	NaN	NaN	
1244	NaN	NaN	
1245	NaN	NaN	
1246	NaN	NaN	
1247	NaN	NaN	
1248	NaN	NaN	
1249	NaN	NaN	
1250	NaN	NaN	
1251	NaN	NaN	
1252	NaN	NaN	
1253	NaN	NaN	
1254	NaN	NaN	
1255	NaN	NaN	
1256	NaN	NaN	
1257	NaN	NaN	
1258	NaN	NaN	
1259	NaN	NaN	
1260	NaN	NaN	
1261	NaN	NaN	
1262	NaN	NaN	
1263	NaN	NaN	
1264	NaN	NaN	
1265	NaN	NaN	
1266	NaN	NaN	
1267	NaN	NaN	
1268	NaN	NaN	
1269	NaN	NaN	
1270	NaN	NaN	
1271	NaN	NaN	
1272	NaN	NaN	
1273	NaN	NaN	
1274	NaN	NaN	
1275	NaN	NaN	
1276	NaN	NaN	
1277	NaN	NaN	
1278	NaN	NaN	
1279	NaN	NaN	
1280	NaN	NaN	
1281	NaN	NaN	
1282	NaN	NaN	
1283	NaN	NaN	
1284	NaN	NaN	
1285	NaN	NaN	
1286	NaN	NaN	
1287	NaN	NaN	
1288	NaN	NaN	
1289	NaN	NaN	
1290	NaN	NaN	
1291	NaN	NaN	
1292	NaN	NaN	
1293	NaN	NaN	
1294	NaN	NaN	
1295	NaN	NaN	
1296	NaN	NaN	
1297	NaN	NaN	
1298	NaN	NaN	
1299	NaN	NaN	
1300	NaN	NaN	
1301	NaN	NaN	
1302	NaN	NaN	
1303	NaN	NaN	
1304	NaN	NaN	
1305	NaN	NaN	
1306	NaN	NaN	
1307	NaN	NaN	
1308	NaN	NaN	
1309	NaN	NaN	
1310	NaN	NaN	
1311	NaN	NaN	
1312	NaN	NaN	
1313	NaN	NaN	
1314	NaN	NaN	
1315	NaN	NaN	
1316	NaN	NaN	
1317	NaN	NaN	
1318	NaN	NaN	
1319	NaN	NaN	
1320	NaN	NaN	
1321	NaN	NaN	
1322	NaN	NaN	
1323	NaN	NaN	
1324	NaN	NaN	
1325	NaN	NaN	
1326	NaN	NaN	
1327	NaN	NaN	
1328	NaN	NaN	
1329	NaN	NaN	
1330	NaN	NaN	
1331	NaN	NaN	
1332	NaN	NaN	
1333	NaN	NaN	
1334	NaN	NaN	
1335	NaN	NaN	
1336	NaN	NaN	
1337	NaN	NaN	
1338	NaN	NaN	
1339	NaN	NaN	
1340	NaN	NaN	
1341	NaN	NaN	
1342	NaN	NaN	
1343	NaN	NaN	
1344	NaN	NaN	
1345	NaN	NaN	
1346	NaN	NaN	
1347	NaN	NaN	
1348	NaN	NaN	
1349	NaN	NaN	
1350	NaN	NaN	
1351	NaN	NaN	
1352	NaN	NaN	
1353	NaN	NaN	
1354	NaN	NaN	
1355	NaN	NaN	
1356	NaN	NaN	
1357	NaN	NaN	
1358	NaN	NaN	
1359	NaN	NaN	
1360	NaN	NaN	
1361	NaN	NaN	
1362	NaN	NaN	
1363	NaN	NaN	
1364	NaN	NaN	
1365	NaN	NaN	
1366	NaN	NaN	
1367	NaN	NaN	
1368	NaN	NaN	
1369	NaN	NaN	
1370	NaN	NaN	
1371	NaN	NaN	
1372	NaN	NaN	
1373	NaN	NaN	
1374	NaN	NaN	
1375	NaN	NaN	
1376	NaN	NaN	
1377	NaN	NaN	
1378	NaN	NaN	
1379	NaN	NaN	
1380	NaN	NaN	
1381	NaN	NaN	
1382	NaN	NaN	
1383	NaN	NaN	
1384	NaN	NaN	
1385	NaN	NaN	
1386	NaN	NaN	
1387	NaN	NaN	
1388	NaN	NaN	
1389	NaN	NaN	
1390	NaN	NaN	
1391	NaN	NaN	
1392	NaN	NaN	
1393	NaN	NaN	
1394	NaN	NaN	
1395	NaN	NaN	
1396	NaN	NaN	
1397	NaN	NaN	
1398	NaN	NaN	
1399	NaN	NaN	
1400	NaN	NaN	
1401	NaN	NaN	
1402	NaN	NaN	
1403	NaN	NaN	
1404	NaN	NaN	
1405	NaN	NaN	
1406	NaN	NaN	
1407	NaN	NaN	
1408	NaN	NaN	
1409	NaN	NaN	
1410	NaN	NaN	
1411	NaN	NaN	
1412	NaN	NaN	
1413	NaN	NaN	
1414	NaN	NaN	
1415	NaN	NaN	
1416	NaN	NaN	
1417	NaN	NaN	
1418	NaN	NaN	
1419	NaN	NaN	
1420	NaN	NaN	
1421	NaN	NaN	
1422	NaN	NaN	
1423	NaN	NaN	
1424	NaN	NaN	
1425	NaN	NaN	
1426	NaN	NaN	
1427	NaN	NaN	
1428	NaN	NaN	
1429	NaN	NaN	
1430	NaN	NaN	
1431	NaN	NaN	
1432	NaN	NaN	
1433	NaN	NaN	
1434	NaN	NaN	
1435	NaN	NaN	
1436	NaN	NaN	
1437	NaN	NaN	
1438	NaN	NaN	
1439	NaN	NaN	
1440	NaN	NaN	
1441	NaN	NaN	
1442	NaN	NaN	
1443	NaN	NaN	
1444	NaN	NaN	
1445	NaN	NaN	
1446	NaN	NaN	
1447	NaN	NaN	
1448	NaN	NaN	
1449	NaN	NaN	
1450	NaN	NaN	
1451	NaN	NaN	
1452	NaN	NaN	
1453	NaN	NaN	
1454	NaN	NaN	
1455	NaN	NaN	
1456	NaN	NaN	
1457	NaN	NaN	
1458	NaN	NaN	
1459	NaN	NaN	
1460	NaN	NaN	
1461	NaN	NaN	
1462	NaN	NaN	
1463	NaN	NaN	
1464	NaN	NaN	
1465	NaN	NaN	
1466	NaN	NaN	
1467	NaN	NaN	
1468	NaN	NaN	
1469	NaN	NaN	
1470	NaN	NaN	
1471	NaN	NaN	
1472	NaN	NaN	
1473	NaN	NaN	
1474	NaN	NaN	
1475	NaN	NaN	
1476	NaN	NaN	
1477	NaN	NaN	
1478	NaN	NaN	
1479	NaN	NaN	
1480	NaN	NaN	
1481	NaN	NaN	
1482	NaN	NaN	
1483	NaN	NaN	
1484	NaN	NaN	
1485	NaN	NaN	
1486	NaN	NaN	
1487	NaN	NaN	
1488	NaN	NaN	
1489	NaN	NaN	
1490	NaN	NaN	
1491	NaN	NaN	
1492	NaN	NaN	
1493	NaN	NaN	
1494	NaN	NaN	
1495	NaN	NaN	
1496	NaN	NaN	
1497	NaN	NaN	
1498	NaN	NaN	
1499	NaN	NaN	
1500	NaN	NaN	
1501	NaN	NaN	
1502	NaN	NaN	
1503	NaN	NaN	
1504	NaN	NaN	
1505	NaN	NaN	
1506	NaN	NaN	
1507	NaN	NaN	
1508	NaN	NaN	
1509	NaN	NaN	
1510	NaN	NaN	
1511	NaN	NaN	
1512	NaN	NaN	
1513	NaN	NaN	
1514	NaN	NaN	
1515	NaN	NaN	
1516	NaN	NaN	
1517	NaN	NaN	
1518	NaN	NaN	
1519	NaN	NaN	
1520	NaN	NaN	
1521	NaN	NaN	
1522	NaN	NaN	
1523	NaN	NaN	
1524	NaN	NaN	
1525	NaN	NaN	
1526	NaN	NaN	
1527	NaN	NaN	
1528	NaN	NaN	
1529	NaN	NaN	
1530	NaN	NaN	
1531	NaN	NaN	
1532	NaN	NaN	
1533	NaN	NaN	
1534	NaN	NaN	
1535	NaN	NaN	
1536	NaN	NaN	
1537	NaN	NaN	
1538	NaN	NaN	
1539	NaN	NaN	
1540	NaN	NaN	
1541	NaN	NaN	
1542	NaN	NaN	
1543	NaN	NaN	
1544	NaN	NaN	
1545	NaN	NaN	
1546	NaN	NaN	
1547	NaN	NaN	
1548	NaN	NaN	
1549	NaN	NaN	
1550	NaN	NaN	
1551	NaN	NaN	
1552	NaN	NaN	
1553	NaN	NaN	
1554	NaN	NaN	
1555	NaN	NaN	
1556	NaN	NaN	
1557	NaN	NaN	
1558	NaN	NaN	
1559	NaN	NaN	
1560	NaN	NaN	
1561	NaN	NaN	
1562	NaN	NaN	
1563	NaN	NaN	
1564	NaN	NaN	
1565	NaN	NaN	
1566	NaN	NaN	
1567	NaN	NaN	
1568	NaN	NaN	
1569	NaN	NaN	
1570	NaN	NaN	
1571	NaN	NaN	
1572	NaN	NaN	
1573	NaN	NaN	
1574	NaN	NaN	
1575	NaN	NaN	
1576	NaN	NaN	
1577	NaN	NaN	
1578	NaN	NaN	
1579	NaN	NaN	
1580	NaN	NaN	
1581	NaN	NaN	
1582	NaN	NaN	
1583	NaN	NaN	
1584	NaN	NaN	
1585	NaN	NaN	
1586	NaN	NaN	
1587	NaN	NaN	
1588	NaN	NaN	
