Athlete_Engineering	// User ID
11-2-2021	// Evaluation date
P002_FLEX	23-1-2021	14:00:18:978	// Source file name and timestamp
250.000	// Sampling rate
7.077	// Data capture period



Sample #	Right_Leg_Flexion	Right_Leg_Abduction	
0	23.741294	8.161078	
1	23.753064	8.075534	
2	23.760746	8.005149	
3	23.763709	7.951394	
4	23.762041	7.915305	
5	23.756949	7.898293	
6	23.750670	7.901460	
7	23.745761	7.924444	
8	23.744140	7.964920	
9	23.746448	8.018316	
10	23.752099	8.077384	
11	23.759629	8.131458	
12	23.766407	8.165679	
13	23.769454	8.165944	
14	23.769194	8.131296	
15	23.770977	8.077840	
16	23.781300	8.026966	
17	23.803877	7.993166	
18	23.837555	7.978427	
19	23.875614	7.971131	
20	23.909213	7.954620	
21	23.933600	7.922819	
22	23.950063	7.884905	
23	23.962620	7.854279	
24	23.975908	7.840052	
25	23.995494	7.847931	
26	24.026698	7.880636	
27	24.072056	7.934951	
28	24.129862	7.998639	
29	24.193580	8.049284	
30	24.252867	8.061470	
31	24.298290	8.023391	
32	24.326055	7.944195	
33	24.338435	7.842899	
34	24.341768	7.737127	
35	24.344442	7.641695	
36	24.354847	7.569332	
37	24.378758	7.529332	
38	24.416498	7.524596	
39	24.462075	7.548705	
40	24.507140	7.588648	
41	24.547229	7.633001	
42	24.583337	7.675814	
43	24.618643	7.714264	
44	24.656524	7.747444	
45	24.700768	7.777801	
46	24.754170	7.811549	
47	24.816234	7.857218	
48	24.882716	7.923387	
49	24.945658	8.016596	
50	24.992448	8.140206	
51	25.005182	8.293409	
52	24.963410	8.470219	
53	24.853309	8.659915	
54	24.679013	8.848485	
55	24.464143	9.021165	
56	24.239820	9.166608	
57	24.031441	9.279581	
58	23.854337	9.360597	
59	23.714680	9.413024	
60	23.611207	9.439572	
61	23.537839	9.441779	
62	23.486149	9.421896	
63	23.446768	9.384072	
64	23.410775	9.333535	
65	23.371868	9.274333	
66	23.327998	9.208545	
67	23.281250	9.137469	
68	23.236525	9.061297	
69	23.199724	8.977447	
70	23.176299	8.881502	
71	23.170414	8.770658	
72	23.183543	8.645795	
73	23.213221	8.511926	
74	23.254660	8.377786	
75	23.304908	8.251770	
76	23.364499	8.136708	
77	23.433671	8.031487	
78	23.508385	7.936957	
79	23.581609	7.856104	
80	23.646899	7.790312	
81	23.699951	7.739646	
82	23.738520	7.705254	
83	23.762293	7.689060	
84	23.772832	7.691985	
85	23.773032	7.712848	
86	23.766131	7.748104	
87	23.755340	7.793175	
88	23.743934	7.845217	
89	23.734139	7.904426	
90	23.725655	7.972601	
91	23.716086	8.051593	
92	23.702615	8.142608	
93	23.683131	8.245144	
94	23.656480	8.355501	
95	23.622596	8.465846	
96	23.583102	8.565155	
97	23.541741	8.642603	
98	23.503445	8.691449	
99	23.472028	8.710660	
100	23.448448	8.703104	
101	23.431044	8.671924	
102	23.416753	8.618553	
103	23.402016	8.543649	
104	23.383065	8.449127	
105	23.356343	8.339199	
106	23.319818	8.219844	
107	23.274494	8.098477	
108	23.225190	7.985051	
109	23.180377	7.892989	
110	23.149667	7.834910	
111	23.138749	7.812099	
112	23.146746	7.810216	
113	23.169127	7.808146	
114	23.201191	7.788171	
115	23.238151	7.740534	
116	23.274590	7.665411	
117	23.305985	7.571159	
118	23.330666	7.468773	
119	23.349642	7.367576	
120	23.364702	7.274991	
121	23.376623	7.197984	
122	23.384676	7.142004	
123	23.387701	7.108036	
124	23.385276	7.092054	
125	23.377772	7.087416	
126	23.365943	7.087376	
127	23.350556	7.086523	
128	23.332116	7.081340	
129	23.311222	7.070021	
130	23.289225	7.052404	
131	23.268317	7.030573	
132	23.251256	7.009129	
133	23.241005	6.994083	
134	23.240413	6.991415	
135	23.252365	7.006681	
136	23.279282	7.044802	
137	23.321787	7.109417	
138	23.378205	7.202284	
139	23.443769	7.321569	
140	23.508204	7.458352	
141	23.555359	7.596242	
142	23.569847	7.715933	
143	23.547786	7.798502	
144	23.500554	7.831132	
145	23.448278	7.820954	
146	23.412675	7.801208	
147	23.412570	7.815259	
148	23.456838	7.891024	
149	23.539988	8.030773	
150	23.647991	8.223815	
151	23.764733	8.460081	
152	23.869891	8.722852	
153	23.938049	8.976620	
154	23.947349	9.176871	
155	23.889351	9.289765	
156	23.771794	9.300385	
157	23.614443	9.215102	
158	23.439273	9.058330	
159	23.259814	8.858683	
160	23.080820	8.641734	
161	22.907805	8.433688	
162	22.751238	8.260085	
163	22.622500	8.142099	
164	22.528988	8.092898	
165	22.469822	8.108507	
166	22.436048	8.165085	
167	22.416834	8.231131	
168	22.404326	8.281151	
169	22.394002	8.298189	
170	22.383630	8.269770	
171	22.374359	8.189626	
172	22.372200	8.065631	
173	22.383371	7.920987	
174	22.407785	7.783783	
175	22.439302	7.674525	
176	22.469317	7.601577	
177	22.490282	7.564861	
178	22.499763	7.562153	
179	22.501266	7.592502	
180	22.500506	7.654376	
181	22.502168	7.741794	
182	22.509461	7.842043	
183	22.524103	7.937024	
184	22.545981	8.010185	
185	22.573848	8.053346	
186	22.606611	8.066101	
187	22.643278	8.051915	
188	22.682249	8.016672	
189	22.722109	7.967685	
190	22.763435	7.910999	
191	22.808980	7.849853	
192	22.861825	7.787040	
193	22.923874	7.728657	
194	22.995991	7.685124	
195	23.078826	7.668175	
196	23.172739	7.686214	
197	23.276121	7.741776	
198	23.382929	7.831350	
199	23.482053	7.946157	
200	23.560579	8.074426	
201	23.608924	8.204100	
202	23.624149	8.324102	
203	23.611162	8.424648	
204	23.582159	8.496585	
205	23.552411	8.530959	
206	23.534358	8.521116	
207	23.534708	8.465792	
208	23.554289	8.370929	
209	23.588389	8.249378	
210	23.628064	8.118065	
211	23.662826	7.993613	
212	23.683357	7.887966	
213	23.683282	7.806711	
214	23.660202	7.751522	
215	23.616275	7.722691	
216	23.557866	7.719325	
217	23.493961	7.739628	
218	23.433311	7.781265	
219	23.380679	7.839631	
220	23.334888	7.905443	
221	23.291532	7.966016	
222	23.248286	8.010319	
223	23.207860	8.031578	
224	23.178305	8.024472	
225	23.171700	7.983292	
226	23.198283	7.905131	
227	23.258640	7.792828	
228	23.342675	7.653827	
229	23.436347	7.496318	
230	23.528672	7.325937	
231	23.613524	7.146965	
232	23.687695	6.967368	
233	23.749683	6.800302	
234	23.800566	6.658306	
235	23.845273	6.546963	
236	23.892530	6.464916	
237	23.951598	6.407813	
238	24.027136	6.370474	
239	24.118028	6.348195	
240	24.221222	6.340671	
241	24.334523	6.352372	
242	24.456892	6.384294	
243	24.589732	6.428248	
244	24.737732	6.471926	
245	24.906836	6.506105	
246	25.101628	6.526140	
247	25.324139	6.529739	
248	25.574104	6.515170	
249	25.850233	6.481410	
250	26.150979	6.429483	
251	26.473404	6.364699	
252	26.811436	6.298548	
253	27.156509	6.246819	
254	27.501067	6.223459	
255	27.841532	6.235082	
256	28.177952	6.280268	
257	28.511547	6.351843	
258	28.843440	6.438670	
259	29.176071	6.526549	
260	29.514575	6.598899	
261	29.865474	6.637995	
262	30.233744	6.628412	
263	30.620250	6.561279	
264	31.021336	6.435713	
265	31.430845	6.257006	
266	31.842723	6.034497	
267	32.253242	5.781689	
268	32.662407	5.516043	
269	33.073657	5.254407	
270	33.492100	5.009255	
271	33.922325	4.792064	
272	34.366936	4.613380	
273	34.826778	4.471147	
274	35.301541	4.345777	
275	35.789187	4.214106	
276	36.286286	4.064011	
277	36.790161	3.896225	
278	37.300143	3.719174	
279	37.817080	3.544117	
280	38.342556	3.382500	
281	38.878453	3.242720	
282	39.426445	3.125561	
283	39.987109	3.023530	
284	40.559268	2.925058	
285	41.140766	2.817412	
286	41.730340	2.688199	
287	42.328785	2.531119	
288	42.938655	2.352949	
289	43.563547	2.173457	
290	44.207765	2.016004	
291	44.875634	1.894671	
292	45.568703	1.810774	
293	46.281730	1.760178	
294	47.002556	1.736548	
295	47.717930	1.729277	
296	48.419499	1.725782	
297	49.104762	1.715737	
298	49.774541	1.692737	
299	50.430351	1.654190	
300	51.073333	1.600527	
301	51.705091	1.535282	
302	52.329253	1.465850	
303	52.951923	1.402385	
304	53.579707	1.354865	
305	54.217200	1.331545	
306	54.866757	1.339083	
307	55.529473	1.381477	
308	56.205646	1.458292	
309	56.895036	1.565214	
310	57.596277	1.696582	
311	58.305715	1.845889	
312	59.018142	2.003915	
313	59.728900	2.159104	
314	60.434162	2.300407	
315	61.130134	2.418718	
316	61.814058	2.506913	
317	62.486135	2.560838	
318	63.150089	2.580694	
319	63.812399	2.570416	
320	64.480509	2.534284	
321	65.160491	2.473837	
322	65.855604	2.388785	
323	66.566000	2.279940	
324	67.288895	2.149600	
325	68.019482	1.999940	
326	68.752756	1.833023	
327	69.485241	1.654841	
328	70.215750	1.482813	
329	70.945183	1.345389	
330	71.675165	1.262779	
331	72.406781	1.227682	
332	73.141089	1.214082	
333	73.879058	1.204046	
334	74.620382	1.204117	
335	75.364264	1.240150	
336	76.110307	1.332961	
337	76.857079	1.475901	
338	77.601516	1.639721	
339	78.340375	1.795595	
340	79.071063	1.929196	
341	79.791126	2.038822	
342	80.498493	2.128044	
343	81.192850	2.201547	
344	81.876062	2.264074	
345	82.551200	2.319693	
346	83.221320	2.370321	
347	83.888684	2.414098	
348	84.554483	2.446592	
349	85.218675	2.465048	
350	85.880182	2.470927	
351	86.537277	2.467791	
352	87.187687	2.457611	
353	87.828972	2.440219	
354	88.459063	2.415266	
355	89.076368	2.382659	
356	89.680033	2.341767	
357	90.270876	2.291800	
358	90.852174	2.232876	
359	91.428894	2.165922	
360	92.005812	2.090636	
361	92.586231	2.002985	
362	93.171515	1.895348	
363	93.761338	1.760539	
364	94.354414	1.596325	
365	94.949021	1.406257	
366	95.543888	1.196901	
367	96.138784	0.974935	
368	96.733073	0.746483	
369	97.324706	0.517477	
370	97.911605	0.293902	
371	98.492586	0.082165	
372	99.066743	-0.111790	
373	99.633359	-0.284531	
374	100.192488	-0.435867	
375	100.745049	-0.568617	
376	101.293258	-0.688020	
377	101.841470	-0.799972	
378	102.395219	-0.909296	
379	102.959395	-1.018855	
380	103.537373	-1.129208	
381	104.130286	-1.238863	
382	104.736871	-1.344837	
383	105.354033	-1.443102	
384	105.977150	-1.527722	
385	106.601028	-1.589651	
386	107.220610	-1.619417	
387	107.829636	-1.613198	
388	108.420350	-1.576330	
389	108.986700	-1.520540	
390	109.527097	-1.457660	
391	110.043858	-1.396208	
392	110.541382	-1.342906	
393	111.024608	-1.305031	
394	111.498268	-1.289725	
395	111.967508	-1.301144	
396	112.437845	-1.337917	
397	112.912892	-1.391778	
398	113.392902	-1.449190	
399	113.876794	-1.495292	
400	114.364464	-1.516518	
401	114.855373	-1.502812	
402	115.345647	-1.450692	
403	115.827791	-1.364390	
404	116.292906	-1.254348	
405	116.733974	-1.133885	
406	117.148362	-1.014875	
407	117.537620	-0.906061	
408	117.905378	-0.814898	
409	118.255097	-0.748332	
410	118.588833	-0.710398	
411	118.907626	-0.699637	
412	119.212806	-0.708200	
413	119.506778	-0.722040	
414	119.792393	-0.723607	
415	120.071059	-0.697887	
416	120.341285	-0.637928	
417	120.599397	-0.545740	
418	120.841181	-0.429307	
419	121.062706	-0.298968	
420	121.260721	-0.164414	
421	121.433344	-0.032490	
422	121.581006	0.093486	
423	121.706786	0.213099	
424	121.815557	0.327683	
425	121.912427	0.438705	
426	122.000892	0.545411	
427	122.081482	0.642933	
428	122.152117	0.722638	
429	122.209929	0.774565	
430	122.252948	0.790423	
431	122.280723	0.766543	
432	122.294427	0.705979	
433	122.296494	0.617456	
434	122.289187	0.510587	
435	122.273258	0.391657	
436	122.247966	0.263582	
437	122.212050	0.127896	
438	122.165043	-0.014146	
439	122.108312	-0.161038	
440	122.044711	-0.310657	
441	121.976353	-0.460595	
442	121.902873	-0.607760	
443	121.822362	-0.747631	
444	121.732489	-0.876195	
445	121.630102	-0.992616	
446	121.511826	-1.098547	
447	121.375944	-1.195623	
448	121.222831	-1.284486	
449	121.054114	-1.365909	
450	120.872564	-1.442363	
451	120.682101	-1.517340	
452	120.486495	-1.593339	
453	120.287928	-1.671819	
454	120.087081	-1.753563	
455	119.883627	-1.837181	
456	119.675679	-1.917993	
457	119.459302	-1.989480	
458	119.229619	-2.046339	
459	118.982852	-2.087373	
460	118.717494	-2.116886	
461	118.434422	-2.142778	
462	118.136339	-2.171657	
463	117.826247	-2.205674	
464	117.505812	-2.243627	
465	117.174709	-2.283117	
466	116.830841	-2.320951	
467	116.471233	-2.352975	
468	116.093426	-2.375569	
469	115.697044	-2.387299	
470	115.284840	-2.387575	
471	114.862504	-2.375542	
472	114.437231	-2.354046	
473	114.015606	-2.331874	
474	113.602102	-2.316957	
475	113.199199	-2.310526	
476	112.808208	-2.310958	
477	112.429340	-2.318296	
478	112.060933	-2.333106	
479	111.698824	-2.355206	
480	111.337150	-2.385036	
481	110.970950	-2.424158	
482	110.598240	-2.473245	
483	110.218507	-2.530484	
484	109.829447	-2.592952	
485	109.426770	-2.659447	
486	109.007286	-2.731308	
487	108.571156	-2.810439	
488	108.120451	-2.896590	
489	107.655953	-2.985637	
490	107.176314	-3.070170	
491	106.680012	-3.142851	
492	106.166958	-3.200229	
493	105.638345	-3.243386	
494	105.096146	-3.274944	
495	104.543241	-3.295691	
496	103.983999	-3.303699	
497	103.424078	-3.295408	
498	102.868748	-3.266264	
499	102.321256	-3.211801	
500	101.781968	-3.131351	
501	101.248037	-3.030549	
502	100.714360	-2.918126	
503	100.176689	-2.800384	
504	99.635403	-2.679564	
505	99.095502	-2.556212	
506	98.561853	-2.431430	
507	98.035530	-2.307774	
508	97.514595	-2.190053	
509	96.995902	-2.084840	
510	96.475133	-1.997374	
511	95.947095	-1.927956	
512	95.408455	-1.870969	
513	94.859896	-1.818010	
514	94.304472	-1.763357	
515	93.744947	-1.706808	
516	93.182881	-1.652034	
517	92.618154	-1.604602	
518	92.049735	-1.571930	
519	91.478179	-1.563522	
520	90.905943	-1.590082	
521	90.334663	-1.659529	
522	89.763468	-1.771264	
523	89.190089	-1.915205	
524	88.612328	-2.076231	
525	88.028423	-2.237686	
526	87.437394	-2.383068	
527	86.839184	-2.498505	
528	86.234559	-2.574097	
529	85.625294	-2.603655	
530	85.013478	-2.585337	
531	84.400133	-2.523045	
532	83.784561	-2.427244	
533	83.164430	-2.313998	
534	82.536818	-2.201171	
535	81.900004	-2.104161	
536	81.254428	-2.034727	
537	80.602347	-2.001259	
538	79.946734	-2.006848	
539	79.289888	-2.047580	
540	78.632922	-2.114738	
541	77.976646	-2.196992	
542	77.322240	-2.280288	
543	76.670956	-2.349250	
544	76.023427	-2.390607	
545	75.378688	-2.397657	
546	74.733973	-2.373477	
547	74.085963	-2.327848	
548	73.432017	-2.271317	
549	72.770791	-2.213308	
550	72.102637	-2.161655	
551	71.429755	-2.120559	
552	70.755869	-2.089600	
553	70.085044	-2.065138	
554	69.419974	-2.043079	
555	68.761415	-2.021075	
556	68.109257	-1.999043	
557	67.462673	-1.978536	
558	66.818758	-1.961672	
559	66.172699	-1.951151	
560	65.519530	-1.951423	
561	64.855144	-1.968357	
562	64.176718	-2.006989	
563	63.483098	-2.069938	
564	62.774362	-2.157550	
565	62.051087	-2.267830	
566	61.314186	-2.395483	
567	60.564731	-2.532671	
568	59.803816	-2.672414	
569	59.032901	-2.811294	
570	58.254292	-2.947829	
571	57.471235	-3.077573	
572	56.686965	-3.190255	
573	55.903216	-3.274309	
574	55.120086	-3.325817	
575	54.338161	-3.349051	
576	53.561028	-3.347325	
577	52.794964	-3.318451	
578	52.045845	-3.257892	
579	51.316332	-3.161899	
580	50.604627	-3.029914	
581	49.905002	-2.866571	
582	49.209310	-2.680089	
583	48.508895	-2.478126	
584	47.798402	-2.266203	
585	47.078868	-2.049235	
586	46.356195	-1.831310	
587	45.637682	-1.613415	
588	44.929419	-1.393490	
589	44.234859	-1.168084	
590	43.555406	-0.932989	
591	42.891073	-0.684660	
592	42.240327	-0.423584	
593	41.601496	-0.156411	
594	40.974544	0.105148	
595	40.361011	0.345740	
596	39.763331	0.548726	
597	39.183543	0.704448	
598	38.620461	0.819225	
599	38.068085	0.912851	
600	37.517976	1.006048	
601	36.963180	1.112203	
602	36.399799	1.237595	
603	35.825429	1.383455	
604	35.236639	1.549747	
605	34.629111	1.739000	
606	34.001333	1.953699	
607	33.358220	2.190172	
608	32.711188	2.436859	
609	32.074544	2.680078	
610	31.460218	2.911474	
611	30.872839	3.129099	
612	30.307901	3.335115	
613	29.754795	3.534299	
614	29.201712	3.729654	
615	28.640544	3.917092	
616	28.072124	4.085835	
617	27.506306	4.223131	
618	26.954805	4.317780	
619	26.424953	4.361174	
620	25.918810	4.348330	
621	25.435753	4.280029	
622	24.975991	4.163451	
623	24.541342	4.009530	
624	24.133116	3.830052	
625	23.750455	3.638916	
626	23.390389	3.454430	
627	23.049569	3.295877	
628	22.725465	3.179228	
629	22.415038	3.117665	
630	22.115310	3.117030	
631	21.827236	3.165592	
632	21.555403	3.236080	
633	21.302284	3.300069	
634	21.065354	3.336593	
635	20.839307	3.333245	
636	20.617949	3.289228	
637	20.393900	3.219615	
638	20.159795	3.151655	
639	19.912149	3.111249	
640	19.653219	3.112977	
641	19.388478	3.161614	
642	19.123342	3.256676	
643	18.862859	3.392483	
644	18.613796	3.554731	
645	18.384579	3.721438	
646	18.181736	3.871861	
647	18.008713	3.990236	
648	17.868259	4.060232	
649	17.762063	4.067028	
650	17.688313	4.007372	
651	17.641952	3.892785	
652	17.616080	3.745357	
653	17.602656	3.591522	
654	17.593747	3.454536	
655	17.582661	3.348373	
656	17.563552	3.276740	
657	17.531133	3.235761	
658	17.482395	3.216316	
659	17.418529	3.206154	
660	17.344016	3.194835	
661	17.263628	3.179131	
662	17.180104	3.163374	
663	17.093877	3.155445	
664	17.004771	3.161805	
665	16.913497	3.183983	
666	16.821037	3.219379	
667	16.727505	3.264795	
668	16.632335	3.317551	
669	16.535445	3.374134	
670	16.438379	3.429923	
671	16.344459	3.480141	
672	16.257768	3.520233	
673	16.182556	3.545149	
674	16.123893	3.548763	
675	16.088337	3.525400	
676	16.084206	3.472709	
677	16.121613	3.393378	
678	16.208738	3.294141	
679	16.342964	3.182138	
680	16.507318	3.063838	
681	16.678814	2.947678	
682	16.838515	2.842766	
683	16.974894	2.754630	
684	17.082729	2.685172	
685	17.160911	2.635093	
686	17.210666	2.604842	
687	17.234288	2.594399	
688	17.234393	2.602604	
689	17.214254	2.626737	
690	17.178669	2.663593	
691	17.133932	2.711146	
692	17.086207	2.768919	
693	17.039661	2.837190	
694	16.996316	2.915985	
695	16.957537	3.003969	
696	16.925234	3.097939	
697	16.901778	3.193801	
698	16.889324	3.287882	
699	16.889018	3.376878	
700	16.900096	3.456979	
701	16.920114	3.523362	
702	16.946997	3.570200	
703	16.980544	3.592076	
704	17.021219	3.586961	
705	17.067937	3.557842	
706	17.117721	3.511651	
707	17.167121	3.457623	
708	17.213116	3.405669	
709	17.253224	3.363739	
710	17.286455	3.334969	
711	17.314785	3.316956	
712	17.343722	3.304283	
713	17.380713	3.292282	
714	17.431278	3.278680	
715	17.495887	3.262709	
716	17.569751	3.244207	
717	17.644665	3.223854	
718	17.711829	3.202879	
719	17.764045	3.181669	
720	17.796811	3.158917	
721	17.809648	3.132583	
722	17.806862	3.101713	
723	17.795775	3.066834	
724	17.783689	3.028842	
725	17.776473	2.988237	
726	17.778697	2.944924	
727	17.793315	2.898249	
728	17.821437	2.847928	
729	17.863772	2.795290	
730	17.922671	2.743435	
731	18.002237	2.696566	
732	18.106180	2.659363	
733	18.236116	2.636471	
734	18.391769	2.631810	
735	18.571539	2.647670	
736	18.772341	2.683725	
737	18.989358	2.735959	
738	19.217152	2.796588	
739	19.451995	2.856141	
740	19.692887	2.906696	
741	19.940162	2.944233	
742	20.193591	2.969193	
743	20.452190	2.986694	
744	20.715555	3.007125	
745	20.984026	3.043653	
746	21.257335	3.105670	
747	21.534979	3.192614	
748	21.818618	3.290342	
749	22.113439	3.370325	
750	22.427053	3.397771	
751	22.765278	3.353048	
752	23.127189	3.248778	
753	23.505846	3.119888	
754	23.893863	2.998722	
755	24.287017	2.903207	
756	24.684372	2.842153	
757	25.087529	2.823661	
758	25.500280	2.856038	
759	25.927647	2.941965	
760	26.373966	3.072183	
761	26.840348	3.224109	
762	27.321834	3.368477	
763	27.808745	3.479181	
764	28.292531	3.539399	
765	28.767451	3.543714	
766	29.228241	3.496259	
767	29.672115	3.407194	
768	30.102681	3.291150	
769	30.528583	3.164057	
770	30.959552	3.036501	
771	31.404168	2.910179	
772	31.867455	2.782534	
773	32.349228	2.653798	
774	32.845660	2.528417	
775	33.351428	2.411859	
776	33.860738	2.306672	
777	34.368052	2.210616	
778	34.868666	2.119373	
779	35.359065	2.031588	
780	35.836891	1.950875	
781	36.301053	1.882540	
782	36.752459	1.827753	
783	37.193746	1.780501	
784	37.627824	1.729930	
785	38.057962	1.664955	
786	38.489631	1.577721	
787	38.931092	1.465429	
788	39.391143	1.329657	
789	39.875416	1.173306	
790	40.384214	0.997186	
791	40.913345	0.797421	
792	41.456265	0.566381	
793	42.005550	0.298658	
794	42.553950	-0.006061	
795	43.095565	-0.347475	
796	43.626418	-0.724102	
797	44.144116	-1.121798	
798	44.647893	-1.505130	
799	45.139206	-1.823674	
800	45.622331	-2.029737	
801	46.105635	-2.096231	
802	46.600762	-2.026046	
803	47.117065	-1.849652	
804	47.656406	-1.613252	
805	48.213603	-1.363138	
806	48.780420	-1.133455	
807	49.349293	-0.943199	
808	49.915739	-0.800127	
809	50.478299	-0.704764	
810	51.036116	-0.652094	
811	51.587366	-0.633047	
812	52.129661	-0.637223	
813	52.660735	-0.656223	
814	53.178858	-0.685675	
815	53.683478	-0.723537	
816	54.175912	-0.766094	
817	54.659606	-0.806261	
818	55.139767	-0.836250	
819	55.622439	-0.852394	
820	56.113230	-0.857887	
821	56.615838	-0.860468	
822	57.130683	-0.866750	
823	57.654851	-0.878438	
824	58.184147	-0.892934	
825	58.715792	-0.905855	
826	59.249408	-0.913377	
827	59.785264	-0.914293	
828	60.322124	-0.910234	
829	60.857480	-0.902982	
830	61.389038	-0.891896	
831	61.915600	-0.874371	
832	62.437470	-0.847950	
833	62.956290	-0.811988	
834	63.474207	-0.768384	
835	63.992801	-0.721047	
836	64.512227	-0.674187	
837	65.031543	-0.631365	
838	65.549887	-0.596149	
839	66.066512	-0.571401	
840	66.580527	-0.556073	
841	67.092346	-0.544136	
842	67.604154	-0.527923	
843	68.117118	-0.502348	
844	68.629483	-0.466456	
845	69.138576	-0.420741	
846	69.643131	-0.363482	
847	70.143200	-0.292269	
848	70.639679	-0.208627	
849	71.134736	-0.118954	
850	71.632271	-0.031797	
851	72.137235	0.044923	
852	72.653824	0.105827	
853	73.184569	0.148886	
854	73.730296	0.174641	
855	74.289696	0.184361	
856	74.860041	0.178544	
857	75.439536	0.156644	
858	76.028152	0.117836	
859	76.625762	0.062454	
860	77.230201	-0.006825	
861	77.837389	-0.084556	
862	78.443350	-0.162092	
863	79.046389	-0.226682	
864	79.647200	-0.260858	
865	80.247215	-0.247711	
866	80.847501	-0.183989	
867	81.448760	-0.085527	
868	82.051851	0.024334	
869	82.658872	0.126828	
870	83.274025	0.209425	
871	83.902091	0.264660	
872	84.545007	0.290371	
873	85.200597	0.289200	
874	85.864168	0.267327	
875	86.529722	0.233139	
876	87.190397	0.195417	
877	87.839419	0.161559	
878	88.470964	0.136901	
879	89.080601	0.124870	
880	89.665319	0.127486	
881	90.222823	0.146518	
882	90.751315	0.184388	
883	91.250765	0.243428	
884	91.724507	0.323812	
885	92.179776	0.421336	
886	92.626643	0.527251	
887	93.075833	0.631080	
888	93.536639	0.723718	
889	94.015850	0.798620	
890	94.516810	0.851745	
891	95.037612	0.880781	
892	95.570641	0.884280	
893	96.105134	0.862504	
894	96.631371	0.818827	
895	97.144443	0.759079	
896	97.645531	0.689147	
897	98.140262	0.612070	
898	98.635866	0.526502	
899	99.138769	0.427573	
900	99.653079	0.308733	
901	100.179955	0.163461	
902	100.718983	-0.013929	
903	101.270675	-0.227709	
904	101.836520	-0.477737	
905	102.416849	-0.755884	
906	103.009659	-1.047123	
907	103.611011	-1.334951	
908	104.217004	-1.605819	
909	104.825903	-1.850436	
910	105.437313	-2.064221	
911	106.050216	-2.247068	
912	106.663258	-2.401252	
913	107.274893	-2.529474	
914	107.882494	-2.633607	
915	108.483636	-2.712853	
916	109.078275	-2.763749	
917	109.667705	-2.784221	
918	110.251637	-2.777232	
919	110.827639	-2.749576	
920	111.393779	-2.708463	
921	111.951312	-2.660091	
922	112.504388	-2.610265	
923	113.057427	-2.564277	
924	113.612211	-2.525166	
925	114.166342	-2.493050	
926	114.714438	-2.465834	
927	115.250989	-2.439252	
928	115.772176	-2.406917	
929	116.276184	-2.361527	
930	116.762833	-2.296731	
931	117.232300	-2.208774	
932	117.683186	-2.097988	
933	118.111283	-1.970906	
934	118.510620	-1.841517	
935	118.877556	-1.726264	
936	119.214675	-1.632564	
937	119.528954	-1.553148	
938	119.825894	-1.473462	
939	120.107183	-1.381328	
940	120.373022	-1.270735	
941	120.624351	-1.142716	
942	120.863038	-1.004121	
943	121.090416	-0.864192	
944	121.304905	-0.731430	
945	121.501637	-0.612262	
946	121.675581	-0.511542	
947	121.824887	-0.433978	
948	121.951384	-0.384901	
949	122.058794	-0.369118	
950	122.150397	-0.388793	
951	122.227398	-0.442642	
952	122.288485	-0.526192	
953	122.329967	-0.631443	
954	122.346521	-0.747064	
955	122.333531	-0.861158	
956	122.289645	-0.964105	
957	122.217156	-1.048638	
958	122.120853	-1.109266	
959	122.006677	-1.142730	
960	121.880125	-1.148838	
961	121.744896	-1.131554	
962	121.602766	-1.098526	
963	121.454037	-1.058610	
964	121.297430	-1.020416	
965	121.130455	-0.992948	
966	120.951198	-0.986235	
967	120.759637	-1.010313	
968	120.557319	-1.072830	
969	120.346659	-1.176995	
970	120.130647	-1.320793	
971	119.912464	-1.496771	
972	119.694342	-1.692576	
973	119.476642	-1.893151	
974	119.258670	-2.083925	
975	119.039935	-2.253361	
976	118.820000	-2.393010	
977	118.597774	-2.495376	
978	118.371470	-2.554313	
979	118.138651	-2.569110	
980	117.896140	-2.546343	
981	117.640831	-2.497001	
982	117.371255	-2.433272	
983	117.088413	-2.368003	
984	116.794946	-2.314965	
985	116.493170	-2.286370	
986	116.183962	-2.288613	
987	115.867465	-2.321501	
988	115.543922	-2.381051	
989	115.213457	-2.461423	
990	114.876114	-2.555304	
991	114.532757	-2.654436	
992	114.185547	-2.751016	
993	113.836992	-2.839571	
994	113.487440	-2.917752	
995	113.133117	-2.985519	
996	112.767770	-3.043664	
997	112.386658	-3.091973	
998	111.988691	-3.127697	
999	111.576053	-3.146568	
1000	111.153277	-3.146034	
1001	110.726744	-3.126467	
1002	110.304136	-3.089391	
1003	109.892629	-3.036332	
1004	109.495748	-2.969359	
1005	109.111506	-2.891913	
1006	108.734008	-2.809083	
1007	108.356812	-2.726034	
1008	107.975100	-2.645759	
1009	107.586817	-2.569503	
1010	107.193552	-2.498137	
1011	106.799259	-2.431271	
1012	106.406986	-2.366496	
1013	106.017263	-2.300566	
1014	105.629070	-2.230106	
1015	105.240999	-2.151593	
1016	104.850271	-2.063509	
1017	104.450103	-1.969857	
1018	104.030988	-1.878686	
1019	103.588319	-1.796208	
1020	103.126444	-1.725221	
1021	102.652658	-1.667522	
1022	102.171032	-1.624631	
1023	101.683213	-1.597731	
1024	101.190870	-1.587018	
1025	100.695984	-1.589921	
1026	100.200940	-1.601330	
1027	99.709020	-1.615308	
1028	99.223493	-1.625829	
1029	98.746005	-1.627640	
1030	98.276336	-1.618049	
1031	97.813218	-1.598014	
1032	97.355474	-1.571841	
1033	96.902839	-1.545924	
1034	96.455388	-1.526450	
1035	96.012075	-1.516680	
1036	95.569831	-1.514830	
1037	95.123773	-1.514056	
1038	94.668792	-1.506037	
1039	94.201916	-1.485963	
1040	93.722940	-1.454681	
1041	93.232446	-1.417166	
1042	92.730209	-1.380037	
1043	92.215751	-1.349557	
1044	91.689649	-1.330104	
1045	91.154262	-1.324639	
1046	90.613383	-1.335654	
1047	90.071088	-1.363699	
1048	89.529950	-1.406762	
1049	88.989618	-1.462416	
1050	88.447836	-1.528290	
1051	87.902886	-1.601218	
1052	87.354095	-1.679003	
1053	86.800826	-1.761653	
1054	86.242799	-1.849649	
1055	85.681043	-1.942821	
1056	85.116812	-2.039851	
1057	84.550111	-2.137480	
1058	83.980091	-2.231380	
1059	83.405589	-2.317352	
1060	82.825330	-2.391650	
1061	82.239306	-2.451507	
1062	81.649512	-2.495060	
1063	81.058640	-2.522071	
1064	80.469059	-2.535962	
1065	79.882707	-2.542223	
1066	79.300872	-2.544647	
1067	78.724775	-2.546047	
1068	78.156164	-2.550886	
1069	77.596313	-2.564164	
1070	77.044960	-2.588324	
1071	76.500907	-2.622740	
1072	75.963534	-2.666075	
1073	75.432884	-2.718077	
1074	74.907295	-2.779500	
1075	74.381607	-2.851332	
1076	73.849252	-2.933427	
1077	73.305689	-3.022974	
1078	72.748683	-3.114899	
1079	72.176668	-3.204143	
1080	71.588277	-3.287112	
1081	70.982882	-3.360874	
1082	70.361447	-3.420735	
1083	69.726599	-3.461517	
1084	69.080841	-3.485834	
1085	68.425468	-3.507235	
1086	67.762094	-3.540611	
1087	67.093571	-3.592733	
1088	66.422585	-3.661199	
1089	65.750910	-3.737817	
1090	65.080616	-3.812218	
1091	64.414935	-3.872646	
1092	63.756741	-3.907579	
1093	63.106014	-3.912423	
1094	62.459425	-3.892605	
1095	61.811940	-3.857920	
1096	61.158776	-3.816783	
1097	60.497234	-3.775286	
1098	59.827214	-3.737782	
1099	59.150489	-3.706535	
1100	58.470506	-3.682132	
1101	57.792473	-3.666041	
1102	57.121734	-3.661308	
1103	56.461033	-3.669998	
1104	55.809910	-3.691354	
1105	55.166615	-3.721501	
1106	54.529728	-3.753489	
1107	53.898332	-3.777900	
1108	53.271739	-3.783778	
1109	52.648635	-3.758848	
1110	52.025442	-3.690586	
1111	51.396339	-3.572122	
1112	50.755907	-3.410577	
1113	50.101537	-3.228155	
1114	49.434451	-3.048427	
1115	48.760308	-2.875015	
1116	48.087882	-2.684985	
1117	47.425307	-2.447348	
1118	46.777664	-2.150624	
1119	46.147467	-1.814809	
1120	45.535351	-1.479077	
1121	44.940485	-1.181421	
1122	44.361638	-0.946177	
1123	43.797613	-0.777310	
1124	43.247399	-0.657639	
1125	42.710762	-0.557284	
1126	42.187924	-0.446414	
1127	41.679142	-0.308176	
1128	41.184622	-0.143291	
1129	40.703154	0.039927	
1130	40.230591	0.235745	
1131	39.760515	0.440001	
1132	39.286900	0.646741	
1133	38.806777	0.849133	
1134	38.320549	1.042330	
1135	37.829188	1.227352	
1136	37.331725	1.413328	
1137	36.827205	1.612628	
1138	36.318966	1.831463	
1139	35.815576	2.065080	
1140	35.328197	2.299456	
1141	34.867563	2.515816	
1142	34.440428	2.696793	
1143	34.045900	2.831686	
1144	33.676220	2.917393	
1145	33.321872	2.955373	
1146	32.974517	2.947439	
1147	32.626396	2.893956	
1148	32.269877	2.794922	
1149	31.897148	2.651517	
1150	31.499463	2.466821	
1151	31.069202	2.247063	
1152	30.604812	2.005574	
1153	30.112266	1.764199	
1154	29.601028	1.545261	
1155	29.080082	1.361209	
1156	28.557405	1.211712	
1157	28.041299	1.086546	
1158	27.540617	0.974109	
1159	27.062835	0.874190	
1160	26.612859	0.799413	
1161	26.193810	0.762867	
1162	25.806681	0.770680	
1163	25.448624	0.823959	
1164	25.113141	0.920450	
1165	24.793015	1.053316	
1166	24.483727	1.210050	
1167	24.184668	1.374085	
1168	23.897625	1.528364	
1169	23.624396	1.658856	
1170	23.365229	1.757276	
1171	23.118190	1.821830	
1172	22.879709	1.856449	
1173	22.646440	1.870062	
1174	22.416795	1.874539	
1175	22.190286	1.880790	
1176	21.965732	1.896720	
1177	21.741334	1.927820	
1178	21.516405	1.976724	
1179	21.292085	2.042623	
1180	21.071092	2.123038	
1181	20.857741	2.215135	
1182	20.657464	2.315926	
1183	20.474717	2.423157	
1184	20.310838	2.533969	
1185	20.164330	2.641352	
1186	20.032997	2.734744	
1187	19.915394	2.805943	
1188	19.810751	2.853381	
1189	19.717876	2.880951	
1190	19.634063	2.894959	
1191	19.555266	2.901578	
1192	19.477487	2.904920	
1193	19.397970	2.907153	
1194	19.315504	2.910120	
1195	19.230427	2.915895	
1196	19.144747	2.925496	
1197	19.062015	2.938017	
1198	18.986716	2.952039	
1199	18.923354	2.967259	
1200	18.874609	2.984283	
1201	18.839662	3.003779	
1202	18.815185	3.025962	
1203	18.797961	3.050437	
1204	18.786026	3.076942	
1205	18.778262	3.106567	
1206	18.774075	3.141602	
1207	18.773275	3.183370	
1208	18.775272	3.230723	
1209	18.778547	3.281056	
1210	18.782027	3.331535	
1211	18.786633	3.379257	
1212	18.794360	3.421819	
1213	18.805908	3.458830	
1214	18.819759	3.492509	
1215	18.833931	3.525593	
1216	18.847952	3.559030	
1217	18.862095	3.591966	
1218	18.875607	3.622374	
1219	18.886921	3.647624	
1220	18.895054	3.665747	
1221	18.899950	3.676475	
1222	18.901773	3.681256	
1223	18.900802	3.682344	
1224	18.898215	3.681470	
1225	18.896249	3.679033	
1226	18.897606	3.674050	
1227	18.905308	3.664350	
1228	18.922243	3.647733	
1229	18.949901	3.623756	
1230	18.987696	3.593723	
1231	19.033257	3.559404	
1232	19.082855	3.522163	
1233	19.131776	3.482304	
1234	19.175278	3.439239	
1235	19.209766	3.392911	
1236	19.232953	3.345186	
1237	19.243901	3.299072	
1238	19.243726	3.255594	
1239	19.235895	3.212275	
1240	19.225514	3.165660	
1241	19.217416	3.115489	
1242	19.213972	3.066390	
1243	19.214802	3.025061	
1244	19.218317	2.995851	
1245	19.222711	2.979254	
1246	19.225755	2.974061	
1247	19.224798	2.979642	
1248	19.217670	2.995357	
1249	19.203774	3.018607	
1250	19.183808	3.044567	
1251	19.158305	3.068284	
1252	19.127755	3.086732	
1253	19.094100	3.098845	
1254	19.060611	3.104581	
1255	19.030527	3.104107	
1256	19.006324	3.098066	
1257	18.989591	3.088850	
1258	18.981466	3.080189	
1259	18.983369	3.075083	
1260	18.997392	3.074322	
1261	19.025734	3.075746	
1262	19.068980	3.074424	
1263	19.125241	3.064164	
1264	19.191670	3.040339	
1265	19.265981	3.003018	
1266	19.346286	2.956565	
1267	19.430460	2.904625	
1268	19.515872	2.846815	
1269	19.599333	2.781657	
1270	19.678245	2.711231	
1271	19.753574	2.642163	
1272	19.832066	2.583569	
1273	19.924227	2.543839	
1274	20.039151	2.526695	
1275	20.181235	2.528112	
1276	20.351111	2.538668	
1277	20.548874	2.552275	
1278	20.777385	2.571262	
1279	21.042926	2.602147	
1280	21.351896	2.650211	
1281	21.706605	2.717509	
1282	22.102528	2.801573	
1283	22.526266	2.893102	
1284	22.953930	2.972178	
1285	23.353637	3.008565	
1286	23.697389	2.974964	
1287	23.977180	2.865369	
1288	24.209592	2.700643	
1289	24.422725	2.523575	
1290	24.637925	2.396340	
1291	24.860043	2.399160	
1292	25.076212	2.626775	
1293	25.255805	3.186714	
1294	25.346302	4.196201	
1295	25.264555	5.766902	
1296	24.893565	7.967106	
1297	24.112415	10.751611	
1298	22.889640	13.884384	
1299	21.399844	16.947825	
1300	20.034775	19.473914	
1301	19.267673	21.076712	
1302	19.462365	21.514496	
1303	20.720742	20.715375	
1304	22.836911	18.782731	
1305	25.374526	15.990012	
1306	27.844401	12.759558	
1307	29.912876	9.568098	
1308	31.492677	6.788937	
1309	32.664395	4.600355	
1310	33.553880	3.013199	
1311	34.265115	1.948700	
1312	34.866823	1.297878	
1313	35.401512	0.949877	
1314	35.896337	0.804143	
1315	36.368684	0.775526	
1316	36.829627	0.793565	
1317	37.287979	0.800825	
1318	37.752558	0.756488	
1319	38.230953	0.641353	
1320	38.726934	0.458692	
1321	39.239587	0.233158	
1322	39.765001	0.007350	
1323	40.299308	-0.167574	
1324	40.841306	-0.246243	
1325	41.393385	-0.206680	
1326	41.960976	-0.063674	
1327	42.551252	0.137620	
1328	43.170455	0.344575	
1329	43.820112	0.513611	
1330	44.494872	0.613075	
1331	45.184436	0.623249	
1332	45.878344	0.539681	
1333	46.568525	0.375914	
1334	47.248306	0.160353	
1335	47.913053	-0.072564	
1336	48.562525	-0.293273	
1337	49.199436	-0.485125	
1338	49.825995	-0.645202	
1339	50.443618	-0.778695	
1340	51.054592	-0.893251	
1341	51.662660	-0.996798	
1342	52.272362	-1.096396	
1343	52.887559	-1.196680	
1344	53.509184	-1.299441	
1345	54.134206	-1.404486	
1346	54.757440	-1.509605	
1347	55.373697	-1.609369	
1348	55.978770	-1.694949	
1349	56.571027	-1.756851	
1350	57.152824	-1.789752	
1351	57.729746	-1.795064	
1352	58.307980	-1.778953	
1353	58.891430	-1.748708	
1354	59.480351	-1.709927	
1355	60.072015	-1.665407	
1356	60.662409	-1.616284	
1357	61.247962	-1.563739	
1358	61.826411	-1.509106	
1359	62.396395	-1.452972	
1360	62.956657	-1.395529	
1361	63.506216	-1.337484	
1362	64.045899	-1.279572	
1363	64.579445	-1.222446	
1364	65.112289	-1.167333	
1365	65.648890	-1.114607	
1366	66.191254	-1.061434	
1367	66.739745	-1.001636	
1368	67.294828	-0.927691	
1369	67.857586	-0.833826	
1370	68.428672	-0.719370	
1371	69.007899	-0.590124	
1372	69.594883	-0.456114	
1373	70.188987	-0.327929	
1374	70.789001	-0.214003	
1375	71.393749	-0.118418	
1376	72.002942	-0.039805	
1377	72.617046	0.027150	
1378	73.236171	0.088819	
1379	73.859734	0.150167	
1380	74.487080	0.213700	
1381	75.117264	0.280180	
1382	75.748631	0.349387	
1383	76.379720	0.419533	
1384	77.010413	0.486906	
1385	77.641678	0.547481	
1386	78.274520	0.599245	
1387	78.909522	0.642769	
1388	79.546631	0.680335	
1389	80.184508	0.715259	
1390	80.819998	0.751164	
1391	81.448240	0.790956	
1392	82.063979	0.835449	
1393	82.663870	0.881461	
1394	83.247723	0.921548	
1395	83.817463	0.947291	
1396	84.374934	0.953561	
1397	84.920634	0.939731	
1398	85.454738	0.907854	
1399	85.978813	0.860686	
1400	86.495591	0.800718	
1401	87.007853	0.730208	
1402	87.518223	0.652001	
1403	88.028959	0.570148	
1404	88.540824	0.489846	
1405	89.052057	0.417116	
1406	89.559091	0.358791	
1407	90.058517	0.321943	
1408	90.548694	0.311334	
1409	91.030970	0.326388	
1410	91.510431	0.360760	
1411	91.994373	0.404343	
1412	92.489031	0.446381	
1413	92.997866	0.478929	
1414	93.522094	0.497844	
1415	94.061911	0.501423	
1416	94.617187	0.490877	
1417	95.186678	0.471461	
1418	95.765862	0.450866	
1419	96.345263	0.437356	
1420	96.912169	0.439088	
1421	97.456116	0.462776	
1422	97.973091	0.512582	
1423	98.463865	0.589759	
1424	98.929870	0.691416	
1425	99.372023	0.808899	
1426	99.792309	0.928332	
1427	100.195427	1.034902	
1428	100.588109	1.117753	
1429	100.976798	1.171223	
1430	101.367170	1.193689	
1431	101.765182	1.186068	
1432	102.176976	1.149429	
1433	102.607691	1.084437	
1434	103.059807	0.994291	
1435	103.531459	0.885871	
1436	104.016724	0.766963	
1437	104.508375	0.644260	
1438	105.001115	0.523269	
1439	105.493284	0.407377	
1440	105.985946	0.296595	
1441	106.480162	0.188773	
1442	106.975022	0.082261	
1443	107.468399	-0.022991	
1444	107.959510	-0.125694	
1445	108.450019	-0.223867	
1446	108.942378	-0.315415	
1447	109.437473	-0.397856	
1448	109.933711	-0.468198	
1449	110.428137	-0.524121	
1450	110.918880	-0.565351	
1451	111.407013	-0.593695	
1452	111.895589	-0.612064	
1453	112.386446	-0.623183	
1454	112.878314	-0.627962	
1455	113.368161	-0.624840	
1456	113.853518	-0.610968	
1457	114.333070	-0.583682	
1458	114.806107	-0.541457	
1459	115.272152	-0.484938	
1460	115.730550	-0.417476	
1461	116.180484	-0.343377	
1462	116.621728	-0.264869	
1463	117.054637	-0.181689	
1464	117.479174	-0.093206	
1465	117.895156	0.000910	
1466	118.304258	0.102075	
1467	118.710757	0.213277	
1468	119.118292	0.337103	
1469	119.525942	0.472727	
1470	119.928666	0.614573	
1471	120.320440	0.753985	
1472	120.695910	0.882831	
1473	121.050150	0.997008	
1474	121.378120	1.096705	
1475	121.675323	1.182978	
1476	121.939620	1.255871	
1477	122.172378	1.315040	
1478	122.378106	1.359080	
1479	122.562661	1.385299	
1480	122.731286	1.392370	
1481	122.888312	1.383247	
1482	123.036938	1.365709	
1483	123.176961	1.350177	
1484	123.304049	1.346537	
1485	123.412878	1.361857	
1486	123.499748	1.397907	
1487	123.562327	1.447532	
1488	123.598756	1.493999	
1489	123.607596	1.516912	
1490	123.588686	1.500703	
1491	123.543888	1.439183	
1492	123.476578	1.334909	
1493	123.390497	1.197201	
1494	123.289026	1.041302	
1495	123.175105	0.886087	
1496	123.051348	0.748041	
1497	122.919426	0.636028	
1498	122.779566	0.552017	
1499	122.631696	0.494295	
1500	122.476440	0.458031	
1501	122.314384	0.434842	
1502	122.145450	0.414738	
1503	121.969010	0.389778	
1504	121.783517	0.356266	
1505	121.586271	0.313998	
1506	121.374656	0.263977	
1507	121.148253	0.206984	
1508	120.909869	0.141808	
1509	120.664523	0.060093	
1510	120.417099	-0.055903	
1511	120.169897	-0.221977	
1512	119.922067	-0.434532	
1513	119.671259	-0.668325	
1514	119.414971	-0.891361	
1515	119.150336	-1.078633	
1516	118.873752	-1.217668	
1517	118.581576	-1.309736	
1518	118.271128	-1.365133	
1519	117.941842	-1.395090	
1520	117.596304	-1.407547	
1521	117.239614	-1.407502	
1522	116.877417	-1.399608	
1523	116.514227	-1.388864	
1524	116.152749	-1.376438	
1525	115.794711	-1.357627	
1526	115.442008	-1.327549	
1527	115.095857	-1.286833	
1528	114.754952	-1.240274	
1529	114.415244	-1.193016	
1530	114.071349	-1.149548	
1531	113.718151	-1.112937	
1532	113.351733	-1.082551	
1533	112.969166	-1.054240	
1534	112.568289	-1.023282	
1535	112.148426	-0.985954	
1536	111.710961	-0.939782	
1537	111.259291	-0.884554	
1538	110.798518	-0.823356	
1539	110.334613	-0.762325	
1540	109.873000	-0.708802	
1541	109.416791	-0.668320	
1542	108.965890	-0.642431	
1543	108.518163	-0.629515	
1544	108.070844	-0.627743	
1545	107.620332	-0.636575	
1546	107.162215	-0.655690	
1547	106.692551	-0.684455	
1548	106.208714	-0.722815	
1549	105.709395	-0.771314	
1550	105.194206	-0.830270	
1551	104.663011	-0.899142	
1552	104.116344	-0.975561	
1553	103.556975	-1.054966	
1554	102.989547	-1.131547	
1555	102.418150	-1.198774	
1556	101.845506	-1.250895	
1557	101.273703	-1.286677	
1558	100.704182	-1.309446	
1559	100.136991	-1.322049	
1560	99.570345	-1.324290	
1561	99.001806	-1.313984	
1562	98.429553	-1.288049	
1563	97.850827	-1.245262	
1564	97.260970	-1.189810	
1565	96.656349	-1.130688	
1566	96.036517	-1.077807	
1567	95.403434	-1.038774	
1568	94.760296	-1.017618	
1569	94.109591	-1.016631	
1570	93.451531	-1.039517	
1571	92.785103	-1.091265	
1572	92.109798	-1.175156	
1573	91.426365	-1.290172	
1574	90.736223	-1.429991	
1575	90.039759	-1.584278	
1576	89.336316	-1.741347	
1577	88.625802	-1.889062	
1578	87.908780	-2.014276	
1579	87.185586	-2.105699	
1580	86.456376	-2.159530	
1581	85.721162	-2.180567	
1582	84.979829	-2.177361	
1583	84.232936	-2.157757	
1584	83.481534	-2.128420	
1585	82.726060	-2.095892	
1586	81.967064	-2.066122	
1587	81.206331	-2.043041	
1588	80.445624	-2.027764	
1589	79.684877	-2.018617	
1590	78.922345	-2.012883	
1591	78.155527	-2.009971	
1592	77.380991	-2.012543	
1593	76.594262	-2.023898	
1594	75.791369	-2.044785	
1595	74.970573	-2.072742	
1596	74.132630	-2.104018	
1597	73.280230	-2.135744	
1598	72.417089	-2.165677	
1599	71.546946	-2.190881	
1600	70.673589	-2.208339	
1601	69.800901	-2.216120	
1602	68.931021	-2.213042	
1603	68.062540	-2.198219	
1604	67.191765	-2.171514	
1605	66.315342	-2.133444	
1606	65.431259	-2.083788	
1607	64.538744	-2.021190	
1608	63.638643	-1.945219	
1609	62.733471	-1.858875	
1610	61.825998	-1.769598	
1611	60.918090	-1.688212	
1612	60.011367	-1.626651	
1613	59.107934	-1.595642	
1614	58.209940	-1.601398	
1615	57.318739	-1.642592	
1616	56.434327	-1.711206	
1617	55.554962	-1.795668	
1618	54.676148	-1.882750	
1619	53.790657	-1.957721	
1620	52.892110	-2.003595	
1621	51.978791	-2.004114	
1622	51.052494	-1.950550	
1623	50.115292	-1.840610	
1624	49.170213	-1.670825	
1625	48.223446	-1.435671	
1626	47.282719	-1.130410	
1627	46.354667	-0.756626	
1628	45.446384	-0.332232	
1629	44.568017	0.111259	
1630	43.730752	0.545145	
1631	42.942114	0.952063	
1632	42.202961	1.323713	
1633	41.507043	1.657319	
1634	40.843182	1.953554	
1635	40.199423	2.215597	
1636	39.566185	2.447720	
1637	38.936060	2.654574	
1638	38.301850	2.844109	
1639	37.656823	3.028638	
1640	36.997709	3.219244	
1641	36.325841	3.421355	
1642	35.644701	3.635686	
1643	34.958079	3.858490	
1644	34.269976	4.080179	
1645	33.583331	4.285395	
1646	32.899787	4.452413	
1647	32.222600	4.552234	
1648	31.557854	4.552702	
1649	30.911523	4.427944	
1650	30.286294	4.168247	
1651	29.680457	3.786518	
1652	29.087771	3.319669	
1653	28.499027	2.821149	
1654	27.906617	2.342568	
1655	27.309100	1.916546	
1656	26.711336	1.555078	
1657	26.120003	1.259094	
1658	25.539231	1.026465	
1659	24.970586	0.854044	
1660	24.415603	0.737076	
1661	23.876263	0.670765	
1662	23.353256	0.652890	
1663	22.845327	0.681840	
1664	22.350776	0.751501	
1665	21.869001	0.850808	
1666	21.399298	0.969038	
1667	20.938585	1.099881	
1668	20.483079	1.239963	
1669	20.032462	1.385555	
1670	19.589897	1.532850	
1671	19.158205	1.680561	
1672	18.737794	1.830294	
1673	18.327185	1.985833	
1674	17.924245	2.152927	
1675	17.528261	2.335819	
1676	17.141914	2.532224	
1677	16.771335	2.733924	
1678	16.424213	2.930850	
1679	16.105735	3.113580	
1680	15.814116	3.276170	
1681	15.540797	3.418338	
1682	15.275901	3.543500	
1683	15.013150	3.655197	
1684	14.750885	3.755017	
1685	14.491186	3.842749	
1686	14.238974	3.919125	
1687	14.000355	3.989073	
1688	13.779644	4.061408	
1689	13.576695	4.144265	
1690	13.386957	4.239911	
1691	13.204072	4.342347	
1692	13.021808	4.440120	
1693	12.834316	4.523183	
1694	12.637028	4.587367	
1695	12.428313	4.634365	
1696	12.209833	4.670381	
1697	11.986048	4.702562	
1698	11.763209	4.733432	
1699	11.546419	4.760388	
1700	11.336774	4.780984	
1701	11.132336	4.795667	
1702	10.931039	4.806390	
1703	10.731194	4.816022	
1704	10.530808	4.827623	
1705	10.329544	4.841576	
1706	10.131353	4.854172	
1707	9.943598	4.859586	
1708	9.774176	4.852408	
1709	9.629669	4.828716	
1710	9.514048	4.786439	
1711	9.427360	4.726084	
1712	9.366069	4.651412	
1713	9.325409	4.568527	
1714	9.300838	4.483919	
1715	9.287041	4.403790	
1716	9.277291	4.334184	
1717	9.265389	4.280175	
1718	9.247780	4.244820	
1719	9.223472	4.228383	
1720	9.193455	4.227805	
1721	9.160924	4.237998	
1722	9.130796	4.254497	
1723	9.107604	4.274933	
1724	9.093163	4.299077	
1725	9.085926	4.328359	
1726	9.081959	4.365498	
1727	9.076552	4.414024	
1728	9.066061	4.476682	
1729	9.049162	4.553540	
1730	9.027083	4.641705	
1731	9.003175	4.736329	
1732	8.981910	4.831263	
1733	8.967401	4.919396	
1734	8.961888	4.993918	
1735	8.965263	5.050449	
1736	8.975870	5.088584	
1737	8.991248	5.112197	
1738	9.008096	5.129371	
1739	9.022603	5.151460	
1740	9.031802	5.189421	
1741	9.034571	5.249221	
1742	9.031404	5.330344	
1743	9.023806	5.428074	
1744	9.013491	5.537088	
1745	9.001446	5.653275	
1746	8.987566	5.773397	
1747	8.971343	5.894069	
1748	8.952659	6.010236	
1749	8.930804	6.114556	
1750	8.902999	6.199468	
1751	8.865327	6.260373	
1752	8.815335	6.296735	
1753	8.753872	6.310691	
1754	8.685105	6.305226	
1755	8.614742	6.283051	
1756	8.547596	6.245831	
1757	8.486153	6.193441	
1758	8.430853	6.124085	
1759	8.381114	6.036689	
1760	8.335836	5.934234	
1761	8.294019	5.823508	
1762	8.256367	5.710518	
1763	8.225562	5.597738	
1764	8.203540	5.486538	
1765	8.188976	5.379586	
1766	8.178227	5.279421	
1767	8.167918	5.186764	
1768	8.155689	5.100708	
1769	8.139825	5.018678	
