Athlete_Engineering	// User ID
11-2-2021	// Evaluation date
P003_WALK6	23-1-2021	14:59:06:103	// Source file name and timestamp
250.000	// Sampling rate
5.773	// Data capture period



Sample #	Right_Leg_Flexion	Right_Leg_Abduction	
0	NaN	NaN	
1	NaN	NaN	
2	NaN	NaN	
3	NaN	NaN	
4	NaN	NaN	
5	NaN	NaN	
6	NaN	NaN	
7	NaN	NaN	
8	NaN	NaN	
9	NaN	NaN	
10	NaN	NaN	
11	NaN	NaN	
12	NaN	NaN	
13	NaN	NaN	
14	NaN	NaN	
15	NaN	NaN	
16	NaN	NaN	
17	NaN	NaN	
18	NaN	NaN	
19	NaN	NaN	
20	NaN	NaN	
21	NaN	NaN	
22	NaN	NaN	
23	NaN	NaN	
24	NaN	NaN	
25	NaN	NaN	
26	NaN	NaN	
27	NaN	NaN	
28	NaN	NaN	
29	NaN	NaN	
30	NaN	NaN	
31	NaN	NaN	
32	NaN	NaN	
33	NaN	NaN	
34	NaN	NaN	
35	NaN	NaN	
36	NaN	NaN	
37	NaN	NaN	
38	NaN	NaN	
39	NaN	NaN	
40	NaN	NaN	
41	NaN	NaN	
42	NaN	NaN	
43	NaN	NaN	
44	NaN	NaN	
45	NaN	NaN	
46	NaN	NaN	
47	NaN	NaN	
48	NaN	NaN	
49	NaN	NaN	
50	NaN	NaN	
51	NaN	NaN	
52	NaN	NaN	
53	NaN	NaN	
54	NaN	NaN	
55	NaN	NaN	
56	NaN	NaN	
57	NaN	NaN	
58	NaN	NaN	
59	NaN	NaN	
60	NaN	NaN	
61	NaN	NaN	
62	NaN	NaN	
63	NaN	NaN	
64	NaN	NaN	
65	NaN	NaN	
66	NaN	NaN	
67	NaN	NaN	
68	NaN	NaN	
69	NaN	NaN	
70	NaN	NaN	
71	NaN	NaN	
72	NaN	NaN	
73	NaN	NaN	
74	NaN	NaN	
75	NaN	NaN	
76	NaN	NaN	
77	NaN	NaN	
78	NaN	NaN	
79	NaN	NaN	
80	NaN	NaN	
81	NaN	NaN	
82	NaN	NaN	
83	NaN	NaN	
84	NaN	NaN	
85	NaN	NaN	
86	NaN	NaN	
87	NaN	NaN	
88	NaN	NaN	
89	NaN	NaN	
90	NaN	NaN	
91	NaN	NaN	
92	NaN	NaN	
93	NaN	NaN	
94	NaN	NaN	
95	NaN	NaN	
96	NaN	NaN	
97	NaN	NaN	
98	NaN	NaN	
99	NaN	NaN	
100	NaN	NaN	
101	NaN	NaN	
102	NaN	NaN	
103	NaN	NaN	
104	NaN	NaN	
105	NaN	NaN	
106	NaN	NaN	
107	NaN	NaN	
108	NaN	NaN	
109	NaN	NaN	
110	NaN	NaN	
111	NaN	NaN	
112	NaN	NaN	
113	NaN	NaN	
114	NaN	NaN	
115	NaN	NaN	
116	NaN	NaN	
117	NaN	NaN	
118	NaN	NaN	
119	NaN	NaN	
120	NaN	NaN	
121	NaN	NaN	
122	NaN	NaN	
123	NaN	NaN	
124	NaN	NaN	
125	NaN	NaN	
126	NaN	NaN	
127	NaN	NaN	
128	NaN	NaN	
129	NaN	NaN	
130	NaN	NaN	
131	NaN	NaN	
132	NaN	NaN	
133	NaN	NaN	
134	NaN	NaN	
135	NaN	NaN	
136	NaN	NaN	
137	NaN	NaN	
138	NaN	NaN	
139	NaN	NaN	
140	NaN	NaN	
141	NaN	NaN	
142	NaN	NaN	
143	NaN	NaN	
144	NaN	NaN	
145	NaN	NaN	
146	NaN	NaN	
147	NaN	NaN	
148	NaN	NaN	
149	NaN	NaN	
150	NaN	NaN	
151	NaN	NaN	
152	NaN	NaN	
153	NaN	NaN	
154	NaN	NaN	
155	NaN	NaN	
156	NaN	NaN	
157	NaN	NaN	
158	NaN	NaN	
159	NaN	NaN	
160	NaN	NaN	
161	NaN	NaN	
162	NaN	NaN	
163	NaN	NaN	
164	NaN	NaN	
165	NaN	NaN	
166	NaN	NaN	
167	NaN	NaN	
168	NaN	NaN	
169	NaN	NaN	
170	NaN	NaN	
171	NaN	NaN	
172	NaN	NaN	
173	NaN	NaN	
174	NaN	NaN	
175	NaN	NaN	
176	NaN	NaN	
177	NaN	NaN	
178	NaN	NaN	
179	NaN	NaN	
180	NaN	NaN	
181	NaN	NaN	
182	NaN	NaN	
183	NaN	NaN	
184	NaN	NaN	
185	NaN	NaN	
186	NaN	NaN	
187	NaN	NaN	
188	NaN	NaN	
189	NaN	NaN	
190	NaN	NaN	
191	NaN	NaN	
192	NaN	NaN	
193	NaN	NaN	
194	NaN	NaN	
195	NaN	NaN	
196	NaN	NaN	
197	NaN	NaN	
198	NaN	NaN	
199	NaN	NaN	
200	NaN	NaN	
201	NaN	NaN	
202	-14.958199	0.078613	
203	-14.926335	3.250229	
204	-14.851484	3.281913	
205	-14.785071	3.281776	
206	-14.724674	3.247900	
207	-14.665886	3.193412	
208	-14.605067	3.139296	
209	-14.539908	3.103497	
210	-14.468035	3.094181	
211	-14.386390	3.104599	
212	-14.291526	3.114146	
213	-14.179332	3.097254	
214	-14.044154	3.032457	
215	-13.878511	2.909203	
216	-13.674428	2.731261	
217	-13.424817	2.510840	
218	-13.122887	2.259136	
219	-12.762239	1.986242	
220	-12.339777	1.707686	
221	-11.858075	1.444065	
222	-11.324609	1.209896	
223	-10.749292	1.006788	
224	-10.141783	0.833068	
225	-9.509418	0.695293	
226	-8.857142	0.606095	
227	-8.189259	0.575894	
228	-7.510823	0.609022	
229	-6.828029	0.702852	
230	-6.148420	0.847503	
231	-5.479634	1.028232	
232	-4.825778	1.230702	
233	-4.185139	1.445554	
234	-3.552491	1.668904	
235	-2.923479	1.899556	
236	-2.296676	2.136955	
237	-1.673216	2.380995	
238	-1.056014	2.632105	
239	-0.448182	2.891706	
240	0.148675	3.162821	
241	0.733821	3.448776	
242	1.305340	3.750602	
243	1.859145	4.065623	
244	2.389297	4.386763	
245	2.889472	4.701369	
246	3.354756	4.992086	
247	3.782171	5.242025	
248	4.170350	5.440801	
249	4.519097	5.586856	
250	4.829098	5.686169	
251	5.102178	5.748106	
252	5.340564	5.778470	
253	5.545693	5.774686	
254	5.718535	5.728324	
255	5.860282	5.631452	
256	5.972565	5.479254	
257	6.057826	5.268004	
258	6.119287	4.994030	
259	6.160044	4.657254	
260	6.182045	4.267126	
261	6.183917	3.846041	
262	6.156947	3.426015	
263	6.086331	3.039520	
264	5.959972	2.710142	
265	5.773986	2.447886	
266	5.530485	2.250528	
267	5.233843	2.108271	
268	4.890173	2.007669	
269	4.508267	1.933543	
270	4.094273	1.869927	
271	3.641058	1.800622	
272	3.127249	1.709093	
273	2.530154	1.579529	
274	1.838528	1.400927	
275	1.057678	1.170410	
276	0.211407	0.892351	
277	-0.658157	0.578971	
278	-1.496149	0.257521	
279	-2.248969	-0.028246	
280	-2.887043	-0.240827	
281	-3.420593	-0.378504	
282	-3.888750	-0.472596	
283	-4.330011	-0.560818	
284	-4.762426	-0.669787	
285	-5.185962	-0.808714	
286	-5.594919	-0.967099	
287	-5.988010	-1.120296	
288	-6.372435	-1.243228	
289	-6.761155	-1.323580	
290	-7.167399	-1.364530	
291	-7.600879	-1.376017	
292	-8.066065	-1.363550	
293	-8.562676	-1.324336	
294	-9.087977	-1.251541	
295	-9.638832	-1.139869	
296	-10.211916	-0.988478	
297	-10.802697	-0.801945	
298	-11.404398	-0.590391	
299	-12.007897	-0.368631	
300	-12.603772	-0.153529	
301	-13.185516	0.040097	
302	-13.751017	0.203936	
303	-14.300970	0.338886	
304	-14.835924	0.452761	
305	-15.355071	0.554124	
306	-15.857403	0.647864	
307	-16.343011	0.734402	
308	-16.812491	0.810310	
309	-17.264971	0.869671	
310	-17.697480	0.905829	
311	-18.106602	0.912938	
312	-18.490162	0.887152	
313	-18.846995	0.827209	
314	-19.176247	0.734787	
315	-19.477757	0.614020	
316	-19.752857	0.470418	
317	-20.005606	0.311045	
318	-20.243182	0.144723	
319	-20.473081	-0.019471	
320	-20.699778	-0.173371	
321	-20.924490	-0.309740	
322	-21.145988	-0.425117	
323	-21.360353	-0.524704	
324	-21.561848	-0.620971	
325	-21.745615	-0.725045	
326	-21.909453	-0.840191	
327	-22.053514	-0.962372	
328	-22.179304	-1.082862	
329	-22.288507	-1.189286	
330	-22.381610	-1.268013	
331	-22.456803	-1.308112	
332	-22.509529	-1.303619	
333	-22.534031	-1.253528	
334	-22.526865	-1.159587	
335	-22.489658	-1.022555	
336	-22.429442	-0.840577	
337	-22.357096	-0.612331	
338	-22.285319	-0.342105	
339	-22.226841	-0.040377	
340	-22.191566	0.281463	
341	-22.183215	0.615086	
342	-22.199229	0.953085	
343	-22.234156	1.285703	
344	-22.281930	1.601865	
345	-22.335517	1.891936	
346	-22.386938	2.149806	
347	-22.428440	2.374453	
348	-22.452852	2.568105	
349	-22.452853	2.732203	
350	-22.420253	2.865297	
351	-22.346353	2.963150	
352	-22.223296	3.021967	
353	-22.044821	3.042765	
354	-21.806871	3.030694	
355	-21.509133	2.991710	
356	-21.156065	2.931969	
357	-20.756453	2.857860	
358	-20.321858	2.775750	
359	-19.864815	2.693137	
360	-19.397732	2.619641	
361	-18.931661	2.566411	
362	-18.475412	2.544903	
363	-18.036448	2.565565	
364	-17.621852	2.636199	
365	-17.238199	2.759780	
366	-16.890899	2.932557	
367	-16.582695	3.144749	
368	-16.311979	3.383356	
369	-16.072434	3.633740	
370	-15.856084	3.880649	
371	-15.660040	4.111517	
372	-15.490075	4.319845	
373	-15.356554	4.505824	
374	-15.268643	4.674915	
375	-15.232043	4.834996	
376	-15.248895	4.993841	
377	-15.317633	5.159627	
378	-15.432118	5.342352	
379	-15.580326	5.551409	
380	-15.744445	5.789666	
381	-15.904477	6.049798	
382	-16.043330	6.315296	
383	-16.151030	6.564916	
384	-16.226624	6.780514	
385	-16.274996	6.953499	
386	-16.301545	7.084726	
387	-16.310652	7.182253	
388	-16.306999	7.260813	
389	-16.295181	7.338467	
390	-16.276930	7.429672	
391	-16.250095	7.540974	
392	-16.211870	7.672096	
393	-16.163074	7.819468	
394	-16.109211	7.977907	
395	-16.057778	8.139149	
396	-16.014472	8.290126	
397	-15.981778	8.415030	
398	-15.960900	8.501595	
399	-15.953864	8.545655	
400	-15.963287	8.548913	
401	-15.991139	8.513790	
402	-16.038211	8.442275	
403	-16.104121	8.339795	
404	-16.187247	8.218855	
405	-16.284277	8.097312	
406	-16.389122	7.992949	
407	-16.491881	7.918070	
408	-16.580857	7.872884	
409	-16.648453	7.841304	
410	-16.694237	7.799959	
411	-16.721215	7.739405	
412	-16.732043	7.681538	
413	-16.727736	7.670132	
414	-16.702763	7.727681	
415	-16.641550	7.829123	
416	-16.524973	7.930317	
417	-16.338752	8.001910	
418	-16.079025	8.033013	
419	-15.760135	8.026179	
420	-15.418638	7.998641	
421	-15.101455	7.986096	
422	-14.842338	8.032560	
423	-14.649242	8.156799	
424	-14.518934	8.333232	
425	-14.458027	8.517025	
426	-14.479529	8.672506	
427	-14.588924	8.774786	
428	-14.782336	8.801890	
429	-15.047595	8.729277	
430	-15.360106	8.528443	
431	-15.680220	8.173894	
432	-15.960564	7.660157	
433	-16.162384	7.014561	
434	-16.265869	6.283831	
435	-16.267689	5.505378	
436	-16.177325	4.700453	
437	-16.018168	3.899033	
438	-15.829272	3.168345	
439	-15.659718	2.602550	
440	-15.549440	2.270508	
441	-15.510156	2.174420	
442	-15.526307	2.259367	
443	-15.574252	2.460413	
444	-15.635782	2.728570	
445	-15.697928	3.019796	
446	-15.754334	3.295854	
447	-15.806617	3.535190	
448	-15.861395	3.736731	
449	-15.928640	3.927510	
450	-16.017741	4.152220	
451	-16.130876	4.441458	
452	-16.261398	4.795540	
453	-16.397200	5.191141	
454	-16.524549	5.591388	
455	-16.631866	5.955324	
456	-16.712750	6.251919	
457	-16.766048	6.469252	
458	-16.793924	6.611770	
459	-16.799588	6.693120	
460	-16.785339	6.729906	
461	-16.752504	6.737555	
462	-16.703112	6.729133	
463	-16.640458	6.715172	
464	-16.567592	6.702703	
465	-16.485298	6.694318	
466	-16.391045	6.688152	
467	-16.279723	6.679076	
468	-16.145551	6.661113	
469	-15.984228	6.630904	
470	-15.795118	6.590554	
471	-15.581512	6.545955	
472	-15.347950	6.502076	
473	-15.097808	6.461649	
474	-14.833421	6.426944	
475	-14.556849	6.400474	
476	-14.269549	6.384704	
477	-13.971061	6.381273	
478	-13.658247	6.389278	
479	-13.326584	6.404264	
480	-12.971985	6.419507	
481	-12.591076	6.427869	
482	-12.180719	6.422054	
483	-11.738533	6.394875	
484	-11.264478	6.342227	
485	-10.761252	6.266297	
486	-10.232108	6.174528	
487	-9.678243	6.075657	
488	-9.098497	5.978247	
489	-8.490953	5.891931	
490	-7.854567	5.826196	
491	-7.190204	5.786528	
492	-6.500581	5.772562	
493	-5.789228	5.779167	
494	-5.059579	5.799008	
495	-4.314088	5.825938	
496	-3.553655	5.857296	
497	-2.777932	5.893232	
498	-1.985248	5.934731	
499	-1.172265	5.983579	
500	-0.334672	6.043006	
501	0.531761	6.115841	
502	1.430641	6.201546	
503	2.364758	6.294219	
504	3.335948	6.382406	
505	4.344531	6.452244	
506	5.389024	6.492717	
507	6.467572	6.498953	
508	7.579356	6.471651	
509	8.723067	6.413728	
510	9.894111	6.326058	
511	11.084590	6.205626	
512	12.286222	6.047487	
513	13.493098	5.846800	
514	14.701786	5.599163	
515	15.909307	5.301418	
516	17.111782	4.954330	
517	18.304333	4.566626	
518	19.481131	4.156942	
519	20.635949	3.750890	
520	21.762878	3.375038	
521	22.855754	3.050380	
522	23.907581	2.788048	
523	24.912388	2.590566	
524	25.867402	2.456393	
525	26.772365	2.382428	
526	27.628227	2.364313	
527	28.438556	2.395998	
528	29.211583	2.467780	
529	29.959247	2.563081	
530	30.694561	2.656530	
531	31.429657	2.716526	
532	32.173822	2.711116	
533	32.931699	2.613524	
534	33.703337	2.407360	
535	34.485302	2.090610	
536	35.270443	1.675017	
537	36.047287	1.182021	
538	36.802414	0.639389	
539	37.524527	0.079054	
540	38.205236	-0.463959	
541	38.835961	-0.951082	
542	39.405510	-1.342384	
543	39.901303	-1.603844	
544	40.312637	-1.713098	
545	40.633696	-1.659173	
546	40.865659	-1.440023	
547	41.016781	-1.059901	
548	41.100688	-0.527110	
549	41.135050	0.144704	
550	41.141095	0.931950	
551	41.142467	1.798274	
552	41.160370	2.697267	
553	41.202279	3.582188	
554	41.251946	4.415126	
555	41.273384	5.164367	
556	41.223717	5.801808	
557	41.062275	6.310044	
558	40.755547	6.684317	
559	40.280175	6.925989	
560	39.624059	7.038157	
561	38.789326	7.025696	
562	37.794959	6.896116	
563	36.671893	6.659065	
564	35.457425	6.326969	
565	34.195844	5.919092	
566	32.933587	5.462906	
567	31.706036	4.987354	
568	30.530015	4.515364	
569	29.408772	4.065771	
570	28.342723	3.660299	
571	27.331689	3.320408	
572	26.366560	3.053855	
573	25.426582	2.849013	
574	24.487409	2.681908	
575	23.528805	2.525360	
576	22.537391	2.358211	
577	21.506771	2.176840	
578	20.435830	2.001585	
579	19.326826	1.868669	
580	18.184979	1.811137	
581	17.018892	1.845736	
582	15.839468	1.972553	
583	14.656396	2.177189	
584	13.474577	2.430520	
585	12.293172	2.690785	
586	11.107427	2.911735	
587	9.912223	3.053523	
588	8.705944	3.088483	
589	7.492449	3.002237	
590	6.279357	2.795500	
591	5.073843	2.482096	
592	3.879258	2.078960	
593	2.695152	1.600095	
594	1.520215	1.065026	
595	0.354183	0.510291	
596	-0.802326	-0.014908	
597	-1.946934	-0.466761	
598	-3.074384	-0.818545	
599	-4.177433	-1.060403	
600	-5.248119	-1.195921	
601	-6.278763	-1.238330	
602	-7.263888	-1.205976	
603	-8.202577	-1.116853	
604	-9.098938	-0.984492	
605	-9.959793	-0.819190	
606	-10.792129	-0.631346	
607	-11.602953	-0.431721	
608	-12.400215	-0.230794	
609	-13.190766	-0.040733	
610	-13.975976	0.124342	
611	-14.750085	0.255293	
612	-15.502121	0.355023	
613	-16.218985	0.436580	
614	-16.888705	0.516678	
615	-17.503241	0.612535	
616	-18.059920	0.739919	
617	-18.560136	0.905947	
618	-19.004727	1.098810	
619	-19.389581	1.284151	
620	-19.706143	1.415142	
621	-19.945776	1.450880	
622	-20.102932	1.367890	
623	-20.174692	1.157719	
624	-20.159170	0.820526	
625	-20.056205	0.365692	
626	-19.869130	-0.184692	
627	-19.605669	-0.796567	
628	-19.279016	-1.428093	
629	-18.908445	-2.037734	
630	-18.517937	-2.592921	
631	-18.134033	-3.071948	
632	-17.782229	-3.463876	
633	-17.481993	-3.768825	
634	-17.244469	-3.989215	
635	-17.072648	-4.116767	
636	-16.960891	-4.128320	
637	-16.894089	-3.991533	
638	-16.848045	-3.678947	
639	-16.792962	-3.184358	
640	-16.700035	-2.529126	
641	-16.546819	-1.758242	
642	-16.318371	-0.932571	
643	-16.006053	-0.114412	
644	-15.606900	0.652854	
645	-15.124238	1.356685	
646	-14.567645	2.008458	
647	-13.950923	2.625818	
648	-13.290159	3.220035	
649	-12.603503	3.794796	
650	-11.910973	4.352570	
651	-11.232723	4.901357	
652	-10.586834	5.453740	
653	-9.987526	6.017424	
654	-9.444234	6.587244	
655	-8.963129	7.145645	
656	-8.549707	7.668197	
657	-8.209716	8.128612	
658	-7.948725	8.501187	
659	-7.770339	8.762758	
660	-7.673094	8.897376	
661	-7.649319	8.903357	
662	-7.688003	8.799579	
663	-7.778274	8.625215	
664	-7.909982	8.430039	
665	-8.073308	8.263462	
666	-8.259241	8.165279	
667	-8.459433	8.155323	
668	-8.665812	8.231322	
669	-8.870845	8.377606	
670	-9.067277	8.573587	
671	-9.247530	8.797871	
672	-9.403852	9.030094	
673	-9.529518	9.254114	
674	-9.620766	9.461593	
675	-9.678001	9.648284	
676	-9.705185	9.806165	
677	-9.708335	9.922079	
678	-9.694647	9.983759	
679	-9.673498	9.987723	
680	-9.657698	9.942902	
681	-9.661975	9.867519	
682	-9.698466	9.782303	
683	-9.771609	9.703552	
684	-9.877193	9.639532	
685	-10.007150	9.592919	
686	-10.153990	9.566072	
687	-10.311084	9.563103	
688	-10.471632	9.588594	
689	-10.628570	9.646340	
690	-10.775871	9.737807	
691	-10.910914	9.859626	
692	-11.035122	10.003150	
693	-11.152151	10.157638	
694	-11.266720	10.314060	
695	-11.384086	10.467677	
696	-11.507656	10.619224	
697	-11.636689	10.772514	
698	-11.766866	10.928954	
699	-11.892467	11.083824	
700	-12.008745	11.226538	
701	-12.113383	11.342831	
702	-12.205991	11.417225	
703	-12.287292	11.435845	
704	-12.358690	11.389999	
705	-12.421175	11.280666	
706	-12.475875	11.124554	
707	-12.526437	10.955265	
708	-12.577155	10.807799	
709	-12.627852	10.700286	
710	-12.673463	10.635281	
711	-12.707175	10.607050	
712	-12.723101	10.601478	
713	-12.718435	10.597616	
714	-12.693988	10.574679	
715	-12.653494	10.521753	
716	-12.602661	10.442493	
717	-12.547754	10.350153	
718	-12.494456	10.259866	
719	-12.447307	10.183426	
720	-12.409142	10.126424	
721	-12.380676	10.087022	
722	-12.361350	10.055868	
723	-12.351030	10.019682	
724	-12.350645	9.967810	
725	-12.361489	9.895180	
726	-12.383992	9.800575	
727	-12.416524	9.684687	
728	-12.455099	9.548973	
729	-12.494588	9.395779	
730	-12.530395	9.230410	
731	-12.559712	9.062465	
732	-12.582912	8.904610	
733	-12.603425	8.769391	
734	-12.624669	8.665526	
735	-12.646967	8.596590	
736	-12.667199	8.563250	
737	-12.680569	8.565690	
738	-12.682381	8.604460	
739	-12.668629	8.680872	
740	-12.636304	8.796222	
741	-12.584205	8.948978	
742	-12.512977	9.131805	
743	-12.423797	9.331771	
744	-12.317292	9.534816	
745	-12.193446	9.730533	
746	-12.052191	9.913695	
747	-11.894450	10.083432	
748	-11.722429	10.242042	
749	-11.538948	10.393887	
750	-11.346426	10.543832	
751	-11.145768	10.695581	
752	-10.935787	10.850266	
753	-10.713185	11.006139	
754	-10.473172	11.160245	
755	-10.210400	11.309136	
756	-9.919557	11.448531	
757	-9.596839	11.575354	
758	-9.241815	11.689683	
759	-8.857204	11.792468	
760	-8.446734	11.882162	
761	-8.012787	11.955525	
762	-7.555592	12.010018	
763	-7.075023	12.043663	
764	-6.572471	12.054811	
765	-6.049574	12.043540	
766	-5.505884	12.013054	
767	-4.940328	11.969991	
768	-4.354287	11.923329	
769	-3.751027	11.882568	
770	-3.133792	11.854806	
771	-2.505745	11.841278	
772	-1.870173	11.837354	
773	-1.229829	11.836746	
774	-0.585837	11.835376	
775	0.062748	11.832100	
776	0.718175	11.827101	
777	1.383211	11.819307	
778	2.060993	11.804886	
779	2.755201	11.778607	
780	3.470552	11.736299	
781	4.212914	11.675576	
782	4.988391	11.594623	
783	5.801719	11.490886	
784	6.654485	11.361341	
785	7.544579	11.203879	
786	8.467870	11.018260	
787	9.420679	10.806269	
788	10.401692	10.570876	
789	11.412237	10.314043	
790	12.453814	10.036112	
791	13.525373	9.738341	
792	14.623773	9.423754	
793	15.745615	9.094902	
794	16.887381	8.752679	
795	18.044483	8.396279	
796	19.210894	8.022791	
797	20.379667	7.627505	
798	21.543726	7.204510	
799	22.696302	6.748157	
800	23.830899	6.257917	
801	24.941785	5.743087	
802	26.024856	5.222325	
803	27.077197	4.720073	
804	28.096257	4.260484	
805	29.080431	3.860050	
806	30.030115	3.525162	
807	30.948114	3.255262	
808	31.839072	3.047607	
809	32.708412	2.899928	
810	33.561556	2.809408	
811	34.403037	2.770489	
812	35.235448	2.773194	
813	36.058789	2.802917	
814	36.869770	2.842668	
815	37.661111	2.874496	
816	38.421907	2.878594	
817	39.139700	2.833789	
818	39.803294	2.721755	
819	40.404869	2.532694	
820	40.940759	2.268151	
821	41.411035	1.940211	
822	41.818477	1.569617	
823	42.167301	1.182663	
824	42.462243	0.805610	
825	42.708675	0.459466	
826	42.912734	0.158236	
827	43.080661	-0.090746	
828	43.218324	-0.286391	
829	43.331000	-0.433108	
830	43.422657	-0.538825	
831	43.494781	-0.611094	
832	43.544505	-0.652662	
833	43.561310	-0.659902	
834	43.525408	-0.628074	
835	43.413620	-0.561667	
836	43.209608	-0.477499	
837	42.908606	-0.394600	
838	42.515504	-0.322491	
839	42.041719	-0.258031	
840	41.501901	-0.189419	
841	40.909960	-0.102416	
842	40.276641	0.015707	
843	39.609179	0.175361	
844	38.911275	0.382313	
845	38.183638	0.632483	
846	37.424387	0.911238	
847	36.626386	1.204324	
848	35.774654	1.510495	
849	34.850741	1.837820	
850	33.841639	2.187305	
851	32.745871	2.538490	
852	31.573233	2.849508	
853	30.338929	3.076167	
854	29.058263	3.187765	
855	27.744619	3.167654	
856	26.408863	3.013508	
857	25.060185	2.738829	
858	23.706656	2.368658	
859	22.354450	1.932693	
860	21.007390	1.460986	
861	19.666882	0.982330	
862	18.331878	0.523051	
863	16.999196	0.104950	
864	15.663941	-0.256838	
865	14.320435	-0.553998	
866	12.964313	-0.783910	
867	11.594576	-0.950301	
868	10.214009	-1.064120	
869	8.827983	-1.140699	
870	7.442456	-1.195563	
871	6.062337	-1.242408	
872	4.691090	-1.291286	
873	3.331406	-1.346220	
874	1.986146	-1.405300	
875	0.658867	-1.463813	
876	-0.646246	-1.516467	
877	-1.924867	-1.556623	
878	-3.172688	-1.575134	
879	-4.385200	-1.560469	
880	-5.558575	-1.500254	
881	-6.691970	-1.383370	
882	-7.788677	-1.200372	
883	-8.854226	-0.943231	
884	-9.893723	-0.606023	
885	-10.910827	-0.186096	
886	-11.907544	0.312874	
887	-12.883833	0.876206	
888	-13.837230	1.477744	
889	-14.762352	2.084981	
890	-15.650189	2.663600	
891	-16.488377	3.180884	
892	-17.263580	3.610759	
893	-17.964522	3.936450	
894	-18.583323	4.148436	
895	-19.114650	4.241400	
896	-19.553959	4.213473	
897	-19.896595	4.068503	
898	-20.137728	3.818188	
899	-20.271913	3.480312	
900	-20.293545	3.075253	
901	-20.200473	2.626004	
902	-19.998672	2.160333	
903	-19.703296	1.709237	
904	-19.336396	1.302311	
905	-18.924411	0.963583	
906	-18.494815	0.707068	
907	-18.072352	0.532783	
908	-17.678014	0.427679	
909	-17.330071	0.372495	
910	-17.044029	0.349820	
911	-16.830792	0.349217	
912	-16.693997	0.368499	
913	-16.628273	0.411723	
914	-16.620264	0.485339	
915	-16.651867	0.594882	
916	-16.702932	0.744064	
917	-16.752241	0.934075	
918	-16.779188	1.161408	
919	-16.767404	1.416783	
920	-16.707614	1.686279	
921	-16.597676	1.955872	
922	-16.440911	2.220598	
923	-16.244827	2.493666	
924	-16.019709	2.805844	
925	-15.774715	3.187446	
926	-15.513813	3.643817	
927	-15.234930	4.147985	
928	-14.931681	4.655786	
929	-14.597337	5.126850	
930	-14.228702	5.533121	
931	-13.827496	5.855306	
932	-13.401758	6.081608	
933	-12.966307	6.211409	
934	-12.538476	6.255887	
935	-12.132191	6.232716	
936	-11.756005	6.159703	
937	-11.415490	6.053427	
938	-11.115614	5.930954	
939	-10.860125	5.809260	
940	-10.650816	5.704456	
941	-10.488367	5.633848	
942	-10.372029	5.615752	
943	-10.298203	5.664617	
944	-10.260510	5.786621	
945	-10.251342	5.977472	
946	-10.263007	6.222319	
947	-10.287987	6.499780	
948	-10.320095	6.787471	
949	-10.357144	7.066249	
950	-10.401504	7.324254	
951	-10.456082	7.557684	
952	-10.520453	7.766392	
953	-10.591365	7.949216	
954	-10.665035	8.101602	
955	-10.738201	8.216784	
956	-10.807390	8.291124	
957	-10.867945	8.328484	
958	-10.915690	8.341478	
959	-10.950456	8.349756	
960	-10.977747	8.372275	
961	-11.007107	8.418016	
962	-11.048698	8.484754	
963	-11.111118	8.564825	
964	-11.200002	8.650608	
965	-11.314741	8.737924	
966	-11.446737	8.826973	
967	-11.582706	8.919325	
968	-11.709180	9.014662	
969	-11.815982	9.111219	
970	-11.899436	9.207465	
971	-11.962782	9.302209	
972	-12.011893	9.393463	
973	-12.050321	9.477983	
974	-12.079152	9.553217	
975	-12.099808	9.619564	
976	-12.114971	9.680179	
977	-12.128403	9.739443	
978	-12.144591	9.801740	
979	-12.166849	9.870766	
980	-12.195659	9.948760	
981	-12.228918	10.034942	
982	-12.263221	10.124639	
983	-12.295492	10.211137	
984	-12.324347	10.289250	
985	-12.350334	10.357296	
986	-12.374536	10.415878	
987	-12.396665	10.464795	
988	-12.414293	10.501407	
989	-12.423913	10.522809	
990	-12.423153	10.528748	
991	-12.411626	10.521668	
992	-12.389764	10.505316	
993	-12.357477	10.484145	
994	-12.313760	10.463231	
995	-12.258350	10.447228	
996	-12.194203	10.438321	
997	-12.127193	10.435896	
998	-12.063516	10.438844	
999	-12.007751	10.447245	
1000	-11.961912	10.461110	
1001	-11.925217	10.478576	
1002	-11.894921	10.496060	
1003	-11.867456	10.509775	
1004	-11.839242	10.517794	
1005	-11.807966	10.520968	
1006	-11.774149	10.521729	
1007	-11.741006	10.523109	
1008	-11.712315	10.528538	
1009	-11.690225	10.540836	
1010	-11.674976	10.561431	
1011	-11.666239	10.591473	
1012	-11.663632	10.632687	
1013	-11.665737	10.685294	
1014	-11.669424	10.745653	
1015	-11.670459	10.807650	
1016	-11.664978	10.866430	
1017	-11.650926	10.920292	
1018	-11.628329	10.969774	
1019	-11.598023	11.015175	
1020	-11.560323	11.054644	
1021	-11.514964	11.084873	
1022	-11.461599	11.102777	
1023	-11.400038	11.106269	
1024	-11.330100	11.094415	
1025	-11.250981	11.066258	
1026	-11.160187	11.020055	
1027	-11.053601	10.955527	
1028	-10.928352	10.877087	
1029	-10.785132	10.794854	
1030	-10.626414	10.723334	
1031	-10.454253	10.678790	
1032	-10.270624	10.675029	
1033	-10.077717	10.719867	
1034	-9.877628	10.814275	
1035	-9.672045	10.951515	
1036	-9.460427	11.115862	
1037	-9.238372	11.285774	
1038	-8.999256	11.442809	
1039	-8.737066	11.577420	
1040	-8.447844	11.687088	
1041	-8.130372	11.773605	
1042	-7.786473	11.841831	
1043	-7.420018	11.897235	
1044	-7.035050	11.942783	
1045	-6.633940	11.976585	
1046	-6.215890	11.991201	
1047	-5.777627	11.976093	
1048	-5.316344	11.922341	
1049	-4.831986	11.827930	
1050	-4.327895	11.701487	
1051	-3.809102	11.560053	
1052	-3.278776	11.422031	
1053	-2.736531	11.301543	
1054	-2.179910	11.206024	
1055	-1.606660	11.136466	
1056	-1.015522	11.089909	
1057	-0.405729	11.061637	
1058	0.222494	11.045171	
1059	0.865510	11.032041	
1060	1.514870	11.013638	
1061	2.159915	10.983733	
1062	2.792513	10.939772	
1063	3.409577	10.883267	
1064	4.012727	10.819077	
1065	4.607491	10.752917	
1066	5.203359	10.687920	
1067	5.813196	10.621666	
1068	6.448949	10.547184	
1069	7.116298	10.459562	
1070	7.814477	10.361381	
1071	8.539412	10.262555	
1072	9.285441	10.177420	
1073	10.046097	10.119336	
1074	10.815593	10.094649	
1075	11.591200	10.100023	
1076	12.374213	10.123465	
1077	13.167803	10.149313	
1078	13.975133	10.162501	
1079	14.800075	10.147526	
1080	15.648014	10.088353	
1081	16.525129	9.971468	
1082	17.436517	9.787373	
1083	18.383501	9.531088	
1084	19.361948	9.203164	
1085	20.363844	8.810013	
1086	21.380451	8.362959	
1087	22.403103	7.875976	
1088	23.422514	7.362900	
1089	24.430001	6.835966	
1090	25.419612	6.306947	
1091	26.387833	5.788560	
1092	27.330971	5.292710	
1093	28.244101	4.827616	
1094	29.123362	4.397006	
1095	29.968736	4.000393	
1096	30.783951	3.633555	
1097	31.574101	3.289967	
1098	32.344032	2.962902	
1099	33.098229	2.645840	
1100	33.840831	2.330994	
1101	34.575057	2.009590	
1102	35.301869	1.674436	
1103	36.018585	1.321812	
1104	36.719216	0.951974	
1105	37.395811	0.567545	
1106	38.037835	0.169664	
1107	38.630727	-0.242821	
1108	39.157246	-0.668611	
1109	39.601229	-1.101633	
1110	39.951799	-1.534781	
1111	40.206849	-1.961094	
1112	40.374084	-2.368106	
1113	40.469063	-2.733139	
1114	40.510625	-3.028119	
1115	40.515487	-3.230486	
1116	40.494408	-3.331845	
1117	40.449762	-3.339836	
1118	40.376426	-3.269361	
1119	40.266846	-3.132481	
1120	40.114211	-2.940391	
1121	39.912015	-2.709255	
1122	39.655051	-2.458848	
1123	39.342996	-2.208785	
1124	38.983096	-1.977886	
1125	38.588962	-1.784019	
1126	38.176029	-1.640623	
1127	37.757062	-1.552166	
1128	37.339378	-1.513838	
1129	36.923916	-1.515589	
1130	36.507552	-1.547582	
1131	36.086572	-1.603597	
1132	35.656036	-1.681051	
1133	35.207250	-1.780749	
1134	34.730991	-1.905394	
1135	34.223158	-2.055640	
1136	33.683806	-2.228737	
1137	33.111993	-2.419568	
1138	32.503268	-2.621856	
1139	31.850393	-2.830921	
1140	31.144602	-3.045817	
1141	30.376018	-3.268099	
1142	29.535853	-3.498433	
1143	28.621261	-3.734953	
1144	27.637632	-3.975891	
1145	26.597248	-4.223538	
1146	25.519830	-4.485272	
1147	24.432400	-4.770625	
1148	23.362132	-5.084835	
1149	22.329007	-5.421878	
1150	21.345798	-5.762483	
1151	20.420066	-6.078825	
1152	19.553780	-6.342196	
1153	18.743001	-6.529568	
1154	17.978640	-6.627882	
1155	17.247664	-6.635988	
1156	16.534960	-6.563588	
1157	15.826045	-6.427781	
1158	15.110504	-6.248896	
1159	14.383832	-6.046019	
1160	13.645596	-5.833179	
1161	12.896824	-5.618092	
1162	12.139460	-5.403909	
1163	11.376725	-5.192287	
1164	10.612775	-4.984093	
1165	9.851889	-4.777392	
1166	9.097991	-4.566896	
1167	8.353831	-4.346334	
1168	7.620231	-4.111250	
1169	6.897322	-3.859607	
1170	6.186281	-3.589959	
1171	5.489661	-3.299872	
1172	4.811853	-2.986353	
1173	4.158587	-2.646510	
1174	3.533658	-2.277948	
1175	2.936664	-1.880768	
1176	2.364148	-1.459391	
1177	1.810543	-1.021259	
1178	1.267546	-0.574349	
1179	0.724616	-0.126246	
1180	0.171825	0.315470	
1181	-0.396874	0.742632	
1182	-0.983385	1.146572	
1183	-1.588380	1.519361	
1184	-2.212493	1.855694	
1185	-2.853922	2.154032	
1186	-3.505895	2.416553	
1187	-4.156709	2.648519	
1188	-4.792340	2.857300	
1189	-5.400124	3.050755	
1190	-5.971683	3.234844	
1191	-6.504152	3.411847	
1192	-6.999034	3.580823	
1193	-7.458382	3.740299	
1194	-7.880649	3.890948	
1195	-8.259629	4.036257	
1196	-8.586863	4.181314	
1197	-8.855524	4.330433	
1198	-9.063319	4.485362	
1199	-9.211990	4.645194	
1200	-9.304179	4.806811	
1201	-9.339786	4.964770	
1202	-9.313970	5.111232	
1203	-9.220312	5.238173	
1204	-9.055687	5.341067	
1205	-8.819772	5.421724	
1206	-8.510758	5.488399	
1207	-8.122184	5.551065	
1208	-7.643868	5.616923	
1209	-7.066032	5.689705	
1210	-6.381994	5.767594	
1211	-5.589022	5.840039	
1212	-4.688998	5.888296	
1213	-3.687445	5.889884	
1214	-2.591445	5.825063	
1215	-1.409580	5.682248	
1216	-0.153124	5.457994	
1217	1.164568	5.152019	
1218	2.528782	4.764354	
1219	3.922308	4.298443	
1220	5.326002	3.764996	
1221	6.723610	3.181485	
1222	8.106459	2.569364	
1223	9.473388	1.952797	
1224	10.827256	1.358771	
1225	12.171157	0.816947	
1226	13.505705	0.358872	
1227	14.828509	0.016574	
1228	16.135991	-0.180041	
1229	17.426366	-0.208495	
1230	18.703452	-0.064104	
1231	19.981354	0.223728	
1232	21.286290	0.582413	
1233	22.650375	0.917918	
1234	24.100501	1.157465	
1235	25.652104	1.271960	
1236	27.310299	1.268960	
1237	29.073546	1.178454	
1238	30.937282	1.042640	
1239	32.897346	0.909447	
1240	34.953059	0.829145	
1241	37.109992	0.853427	
1242	39.382650	1.036507	
1243	41.797603	1.438141	
1244	44.398009	2.128764	
1245	47.251332	3.197524	
1246	50.463995	4.764697	
1247	54.211956	7.001292	
1248	58.811710	10.160805	
1249	64.910072	14.631496	
1250	74.098863	21.021106	
1251	91.470509	30.277253	
1252	135.423522	43.758731	
1253	-164.788310	62.787610	
1254	-138.597657	86.760825	
1255	-126.036160	111.543250	
1256	-118.292341	132.696655	
1257	-112.917713	148.906571	
1258	-108.942749	160.954550	
1259	-105.880371	170.012312	
1260	-103.457010	177.025661	
1261	-101.513675	-177.346179	
1262	-99.959385	-172.664978	
1263	-98.744373	-168.647184	
1264	-97.846307	-165.111770	
1265	-97.265985	-161.940021	
1266	-97.022380	-159.053071	
1267	-97.144839	-156.405331	
1268	-97.665908	-153.980425	
1269	-98.605484	-151.788891	
1270	-99.942241	-149.876519	
1271	-101.584300	-148.339483	
1272	-103.354467	-147.323506	
1273	-105.019708	-146.970421	
1274	-106.368086	-147.319372	
1275	-107.271869	-148.246361	
1276	-107.696237	-149.484417	
1277	-107.678845	-150.643866	
1278	-107.282178	-151.102071	
1279	-106.035536	-150.503596	
1280	-99.846051	-158.579882	
1281	-93.915138	-169.038580	
1282	-90.866329	-174.816315	
1283	-88.721976	-178.921396	
1284	-86.947192	177.621163	
1285	-85.418095	174.433431	
1286	-84.098360	171.281723	
1287	-82.945424	167.902905	
1288	-81.835507	163.848443	
1289	-80.382662	158.184507	
1290	-77.361918	148.956240	
1291	-70.054814	134.688867	
1292	-60.427553	122.158669	
1293	-55.182210	115.659939	
1294	-53.889079	112.128968	
1295	-54.704711	109.882464	
1296	-56.672180	108.423755	
1297	-59.343370	107.639476	
1298	-62.498784	107.539501	
1299	-66.026068	108.169962	
1300	-69.864159	109.581964	
1301	-73.972255	111.824999	
1302	-78.309566	114.947787	
1303	-82.822130	118.995328	
1304	-87.435204	123.997377	
1305	-92.052751	129.948576	
1306	-96.566548	136.788143	
1307	-100.871239	144.388517	
1308	-104.878679	152.557583	
1309	-108.528300	161.055750	
1310	-111.791038	169.624055	
1311	-114.666134	178.014285	
1312	-117.174839	-173.985318	
1313	-119.353485	-166.532525	
1314	-121.244640	-159.726146	
1315	-122.886879	-153.616123	
1316	-124.307104	-148.222657	
1317	-125.519090	-143.549775	
1318	-126.526308	-139.590348	
1319	-127.326578	-136.328051	
1320	-127.919682	-133.733803	
1321	-128.315244	-131.758269	
1322	-128.537290	-130.324050	
1323	-128.623335	-129.323965	
1324	-128.614832	-128.639668	
1325	-128.544390	-128.172308	
1326	-128.433220	-127.852575	
1327	-128.298625	-127.625997	
1328	-128.155253	-127.445980	
1329	-128.009337	-127.282847	
1330	-127.860791	-127.120250	
1331	-127.710642	-126.934263	
1332	-127.559618	-126.687596	
1333	-127.399619	-126.345297	
1334	-127.215555	-125.877850	
1335	NaN	NaN	
1336	NaN	NaN	
1337	NaN	NaN	
1338	NaN	NaN	
1339	NaN	NaN	
1340	NaN	NaN	
1341	NaN	NaN	
1342	NaN	NaN	
1343	NaN	NaN	
1344	NaN	NaN	
1345	NaN	NaN	
1346	NaN	NaN	
1347	NaN	NaN	
1348	NaN	NaN	
1349	NaN	NaN	
1350	NaN	NaN	
1351	NaN	NaN	
1352	NaN	NaN	
1353	NaN	NaN	
1354	NaN	NaN	
1355	NaN	NaN	
1356	NaN	NaN	
1357	NaN	NaN	
1358	NaN	NaN	
1359	NaN	NaN	
1360	NaN	NaN	
1361	NaN	NaN	
1362	NaN	NaN	
1363	NaN	NaN	
1364	NaN	NaN	
1365	NaN	NaN	
1366	NaN	NaN	
1367	NaN	NaN	
1368	NaN	NaN	
1369	NaN	NaN	
1370	NaN	NaN	
1371	NaN	NaN	
1372	NaN	NaN	
1373	NaN	NaN	
1374	NaN	NaN	
1375	NaN	NaN	
1376	NaN	NaN	
1377	NaN	NaN	
1378	NaN	NaN	
1379	NaN	NaN	
1380	NaN	NaN	
1381	NaN	NaN	
1382	NaN	NaN	
1383	NaN	NaN	
1384	NaN	NaN	
1385	NaN	NaN	
1386	NaN	NaN	
1387	NaN	NaN	
1388	NaN	NaN	
1389	NaN	NaN	
1390	NaN	NaN	
1391	NaN	NaN	
1392	NaN	NaN	
1393	NaN	NaN	
1394	NaN	NaN	
1395	NaN	NaN	
1396	NaN	NaN	
1397	NaN	NaN	
1398	NaN	NaN	
1399	NaN	NaN	
1400	NaN	NaN	
1401	NaN	NaN	
1402	NaN	NaN	
1403	NaN	NaN	
1404	NaN	NaN	
1405	NaN	NaN	
1406	NaN	NaN	
1407	NaN	NaN	
1408	NaN	NaN	
1409	NaN	NaN	
1410	NaN	NaN	
1411	NaN	NaN	
1412	NaN	NaN	
1413	NaN	NaN	
1414	NaN	NaN	
1415	NaN	NaN	
1416	NaN	NaN	
1417	NaN	NaN	
1418	NaN	NaN	
1419	NaN	NaN	
1420	NaN	NaN	
1421	NaN	NaN	
1422	NaN	NaN	
1423	NaN	NaN	
1424	NaN	NaN	
1425	NaN	NaN	
1426	NaN	NaN	
1427	NaN	NaN	
1428	NaN	NaN	
1429	NaN	NaN	
1430	NaN	NaN	
1431	NaN	NaN	
1432	NaN	NaN	
1433	NaN	NaN	
1434	NaN	NaN	
1435	NaN	NaN	
1436	NaN	NaN	
1437	NaN	NaN	
1438	NaN	NaN	
1439	NaN	NaN	
1440	NaN	NaN	
1441	NaN	NaN	
1442	NaN	NaN	
1443	NaN	NaN	
