Athlete_Engineering	// User ID
11-2-2021	// Evaluation date
P003_WALK5	23-1-2021	14:58:14:575	// Source file name and timestamp
250.000	// Sampling rate
5.795	// Data capture period



Sample #	Right_Leg_Flexion	Right_Leg_Abduction	
0	-21.181248	5.731574	
1	-21.171877	5.718021	
2	-21.163655	5.703053	
3	-21.156911	5.689199	
4	-21.151449	5.678166	
5	-21.146941	5.670876	
6	-21.143403	5.667618	
7	-21.141298	5.668113	
8	-21.140933	5.671556	
9	-21.141802	5.676761	
10	-21.142853	5.682447	
11	-21.143515	5.687522	
12	-21.144251	5.691571	
13	-21.145924	5.695363	
14	-21.148695	5.700573	
15	-21.151685	5.708829	
16	-21.153813	5.720695	
17	-21.154727	5.735342	
18	-21.154743	5.751473	
19	-21.154310	5.767885	
20	-21.153829	5.782821	
21	-21.153696	5.793914	
22	-21.154088	5.798971	
23	-21.154485	5.796212	
24	-21.153630	5.784444	
25	-21.150174	5.763892	
26	-21.143200	5.736372	
27	-21.132212	5.704212	
28	-21.117193	5.669565	
29	-21.098749	5.634763	
30	-21.077914	5.602318	
31	-21.055850	5.574097	
32	-21.033569	5.550780	
33	-21.011545	5.531833	
34	-20.989685	5.515686	
35	-20.967992	5.500464	
36	-20.947374	5.485031	
37	-20.929832	5.469383	
38	-20.917833	5.453981	
39	-20.913201	5.438626	
40	-20.916279	5.422169	
41	-20.925947	5.403757	
42	-20.940084	5.384323	
43	-20.955824	5.366559	
44	-20.970224	5.353287	
45	-20.981310	5.345541	
46	-20.988365	5.341540	
47	-20.991414	5.337451	
48	-20.990612	5.330012	
49	-20.986019	5.318342	
50	-20.977692	5.302746	
51	-20.965596	5.282795	
52	-20.949423	5.257648	
53	-20.928818	5.227697	
54	-20.903913	5.194536	
55	-20.875961	5.159427	
56	-20.847467	5.123442	
57	-20.821415	5.089427	
58	-20.800485	5.062333	
59	-20.786840	5.046281	
60	-20.781785	5.041693	
61	-20.785402	5.046273	
62	-20.796896	5.057279	
63	-20.815029	5.071696	
64	-20.838175	5.086294	
65	-20.864458	5.098841	
66	-20.891926	5.108544	
67	-20.918428	5.115295	
68	-20.941432	5.118965	
69	-20.958458	5.119289	
70	-20.968335	5.115942	
71	-20.972033	5.108689	
72	-20.972047	5.097825	
73	-20.970958	5.084406	
74	-20.970314	5.069913	
75	-20.970440	5.056029	
76	-20.970784	5.044646	
77	-20.970187	5.036997	
78	-20.967663	5.032786	
79	-20.963544	5.031404	
80	-20.959401	5.033545	
81	-20.956972	5.040083	
82	-20.957340	5.049829	
83	-20.960515	5.059640	
84	-20.965614	5.066467	
85	-20.971573	5.068528	
86	-20.977819	5.065055	
87	-20.984587	5.056064	
88	-20.992679	5.042285	
89	-21.002897	5.024943	
90	-21.015514	5.005566	
91	-21.030039	4.985597	
92	-21.045397	4.966152	
93	-21.060224	4.948410	
94	-21.073254	4.933728	
95	-21.083727	4.922779	
96	-21.091282	4.914862	
97	-21.095486	4.908025	
98	-21.095482	4.899360	
99	-21.089872	4.885288	
100	-21.076731	4.861761	
101	-21.053590	4.824463	
102	-21.017596	4.769909	
103	-20.966528	4.697328	
104	-20.900636	4.610008	
105	-20.823164	4.514742	
106	-20.737911	4.419305	
107	-20.647398	4.330663	
108	-20.555267	4.255018	
109	-20.468299	4.196770	
110	-20.393648	4.156518	
111	-20.335360	4.131418	
112	-20.294236	4.117484	
113	-20.269555	4.111421	
114	-20.260254	4.111301	
115	-20.264831	4.116042	
116	-20.280806	4.124251	
117	-20.304961	4.133848	
118	-20.334269	4.142956	
119	-20.366518	4.151355	
120	-20.400394	4.161301	
121	-20.435511	4.176421	
122	-20.472629	4.198995	
123	-20.513558	4.228043	
124	-20.560486	4.260126	
125	-20.615645	4.292284	
126	-20.681443	4.324390	
127	-20.759853	4.358631	
128	-20.850964	4.397013	
129	-20.951580	4.439499	
130	-21.054976	4.484187	
131	-21.152935	4.528536	
132	-21.238199	4.569852	
133	-21.304908	4.605054	
134	-21.348934	4.631008	
135	-21.369360	4.645430	
136	-21.368933	4.647200	
137	-21.352686	4.635775	
138	-21.325953	4.610741	
139	-21.292880	4.571989	
140	-21.256377	4.520135	
141	-21.218892	4.456767	
142	-21.182655	4.384502	
143	-21.149587	4.307069	
144	-21.121194	4.229076	
145	-21.098057	4.155285	
146	-21.079405	4.089681	
147	-21.063453	4.034572	
148	-21.048246	3.990597	
149	-21.032526	3.957834	
150	-21.016207	3.936613	
151	-20.999967	3.927120	
152	-20.984578	3.929171	
153	-20.970909	3.943008	
154	-20.960304	3.969285	
155	-20.954727	4.007759	
156	-20.956515	4.056702	
157	-20.967602	4.113599	
158	-20.988571	4.175765	
159	-21.018575	4.240374	
160	-21.056024	4.303952	
161	-21.098662	4.361248	
162	-21.142813	4.404979	
163	-21.183510	4.427675	
164	-21.216309	4.424210	
165	-21.238908	4.392970	
166	-21.251098	4.335306	
167	-21.253943	4.254342	
168	-21.249349	4.154682	
169	-21.239988	4.043319	
170	-21.229032	3.929792	
171	-21.219441	3.823241	
172	-21.213254	3.728865	
173	-21.211389	3.648278	
174	-21.213631	3.582286	
175	-21.219022	3.532666	
176	-21.226899	3.502623	
177	-21.237491	3.496149	
178	-21.251524	3.516574	
179	-21.269436	3.565716	
180	-21.290421	3.643767	
181	-21.311339	3.748156	
182	-21.326740	3.872430	
183	-21.330364	4.006903	
184	-21.316767	4.140777	
185	-21.282629	4.265379	
186	-21.227300	4.375586	
187	-21.151560	4.467724	
188	-21.056260	4.538154	
189	-20.943359	4.584103	
190	-20.818482	4.604381	
191	-20.691374	4.600020	
192	-20.572844	4.575165	
193	-20.471362	4.537412	
194	-20.391802	4.496880	
195	-20.335314	4.463603	
196	-20.299680	4.444592	
197	-20.279974	4.441985	
198	-20.269350	4.452294	
199	-20.260344	4.467373	
200	-20.246145	4.477556	
201	-20.221213	4.475536	
202	-20.181976	4.458631	
203	-20.127726	4.428656	
204	-20.060396	4.390521	
205	-19.983283	4.350568	
206	-19.899821	4.314120	
207	-19.812231	4.282232	
208	-19.720338	4.249883	
209	-19.621849	4.207682	
210	-19.513931	4.146038	
211	-19.395069	4.058964	
212	-19.266327	3.946010	
213	-19.131239	3.813515	
214	-18.994274	3.675204	
215	-18.858852	3.548135	
216	-18.726071	3.444545	
217	-18.594537	3.367725	
218	-18.460986	3.314340	
219	-18.321014	3.277314	
220	-18.169919	3.246650	
221	-18.004498	3.210883	
222	-17.824252	3.161018	
223	-17.629364	3.094339	
224	-17.417716	3.014623	
225	-17.185057	2.929672	
226	-16.927424	2.848379	
227	-16.642323	2.777951	
228	-16.328306	2.721814	
229	-15.984473	2.678931	
230	-15.610076	2.644485	
231	-15.204090	2.610957	
232	-14.764940	2.570676	
233	-14.289633	2.519987	
234	-13.772545	2.460693	
235	-13.205928	2.396847	
236	-12.582153	2.330897	
237	-11.897298	2.263297	
238	-11.155723	2.195409	
239	-10.370101	2.131474	
240	-9.555185	2.077366	
241	-8.722866	2.038793	
242	-7.881535	2.021332	
243	-7.037158	2.031171	
244	-6.194441	2.074717	
245	-5.356962	2.156862	
246	-4.527163	2.279525	
247	-3.706751	2.441680	
248	-2.896501	2.639714	
249	-2.096052	2.866800	
250	-1.304430	3.111433	
251	-0.521449	3.358207	
252	0.250532	3.592545	
253	1.006583	3.803763	
254	1.740935	3.982920	
255	2.448243	4.120890	
256	3.123671	4.210638	
257	3.762394	4.251034	
258	4.358924	4.248464	
259	4.907180	4.214848	
260	5.402120	4.162946	
261	5.841107	4.102707	
262	6.223238	4.042006	
263	6.548239	3.988344	
264	6.816177	3.947655	
265	7.027238	3.922986	
266	7.181340	3.915028	
267	7.278507	3.921980	
268	7.321179	3.938062	
269	7.316651	3.953871	
270	7.275969	3.959848	
271	7.209288	3.948792	
272	7.121082	3.914105	
273	7.008933	3.848269	
274	6.867367	3.745698	
275	6.692879	3.605641	
276	6.485231	3.431493	
277	6.246229	3.227806	
278	5.979957	2.997315	
279	5.693205	2.741984	
280	5.392756	2.468110	
281	5.081804	2.188317	
282	4.759508	1.917168	
283	4.423370	1.665258	
284	4.071758	1.437140	
285	3.704855	1.234050	
286	3.324671	1.056934	
287	2.935289	0.905518	
288	2.542464	0.776063	
289	2.151403	0.662667	
290	1.764409	0.561668	
291	1.380724	0.473996	
292	0.997922	0.402229	
293	0.613460	0.345495	
294	0.225888	0.298566	
295	-0.165189	0.256490	
296	-0.560280	0.218705	
297	-0.960532	0.188491	
298	-1.366821	0.169095	
299	-1.778233	0.158443	
300	-2.191002	0.146892	
301	-2.599256	0.122710	
302	-2.997548	0.079703	
303	-3.382737	0.018281	
304	-3.753702	-0.057664	
305	-4.109814	-0.143432	
306	-4.450390	-0.235563	
307	-4.776197	-0.330548	
308	-5.090884	-0.421563	
309	-5.400169	-0.499437	
310	-5.709871	-0.555686	
311	-6.025329	-0.584655	
312	-6.352843	-0.586622	
313	-6.700221	-0.568159	
314	-7.074216	-0.537805	
315	-7.477450	-0.500637	
316	-7.907560	-0.455003	
317	-8.358969	-0.395909	
318	-8.826507	-0.321416	
319	-9.307348	-0.235147	
320	-9.798856	-0.147122	
321	-10.296013	-0.072094	
322	-10.792516	-0.023541	
323	-11.283866	-0.009449	
324	-11.768955	-0.032636	
325	-12.249581	-0.093387	
326	-12.728680	-0.192750	
327	-13.207817	-0.332217	
328	-13.685590	-0.508761	
329	-14.158928	-0.711951	
330	-14.626036	-0.924961	
331	-15.087836	-1.126940	
332	-15.547281	-1.298049	
333	-16.007651	-1.425232	
334	-16.470347	-1.504857	
335	-16.933093	-1.542413	
336	-17.389988	-1.549427	
337	-17.833772	-1.538287	
338	-18.258575	-1.518332	
339	-18.660938	-1.495184	
340	-19.039639	-1.471490	
341	-19.395857	-1.447045	
342	-19.732883	-1.419327	
343	-20.054422	-1.386058	
344	-20.362666	-1.347704	
345	-20.656678	-1.306094	
346	-20.931403	-1.261517	
347	-21.178832	-1.214693	
348	-21.391035	-1.169901	
349	-21.562528	-1.130810	
350	-21.690979	-1.094391	
351	-21.776754	-1.051931	
352	-21.821999	-0.994740	
353	-21.830340	-0.918321	
354	-21.806340	-0.822113	
355	-21.753283	-0.706592	
356	-21.671084	-0.572258	
357	-21.556848	-0.421484	
358	-21.407826	-0.260637	
359	-21.223982	-0.100587	
360	-21.008446	0.045141	
361	-20.767891	0.164245	
362	-20.514033	0.248434	
363	-20.263180	0.292906	
364	-20.031962	0.296613	
365	-19.833768	0.264756	
366	-19.678395	0.207850	
367	-19.569675	0.139392	
368	-19.501269	0.076603	
369	-19.457276	0.039710	
370	-19.417968	0.047393	
371	-19.366181	0.111462	
372	-19.290318	0.234021	
373	-19.183156	0.409052	
374	-19.040080	0.626999	
375	-18.858817	0.879759	
376	-18.639207	1.162886	
377	-18.381935	1.472923	
378	-18.087884	1.803620	
379	-17.758748	2.146021	
380	-17.396934	2.492010	
381	-17.005320	2.836868	
382	-16.588553	3.177278	
383	-16.154251	3.508802	
384	-15.712456	3.827093	
385	-15.274056	4.128208	
386	-14.849331	4.406604	
387	-14.446641	4.656111	
388	-14.071003	4.873422	
389	-13.723784	5.059405	
390	-13.404476	5.218203	
391	-13.113002	5.356307	
392	-12.850717	5.480975	
393	-12.620324	5.598895	
394	-12.425772	5.716424	
395	-12.272500	5.840010	
396	-12.166741	5.976164	
397	-12.112659	6.130235	
398	-12.109328	6.304060	
399	-12.150157	6.495102	
400	-12.224443	6.697937	
401	-12.319965	6.906338	
402	-12.425911	7.114489	
403	-12.533898	7.316732	
404	-12.636624	7.507781	
405	-12.727349	7.685355	
406	-12.800856	7.851513	
407	-12.853323	8.009554	
408	-12.881446	8.160118	
409	-12.883236	8.300327	
410	-12.860286	8.426273	
411	-12.818712	8.536894	
412	-12.767037	8.635727	
413	-12.713088	8.729003	
414	-12.662561	8.822754	
415	-12.619195	8.921512	
416	-12.585581	9.027683	
417	-12.563457	9.140999	
418	-12.552913	9.258924	
419	-12.551493	9.377099	
420	-12.554681	9.489950	
421	-12.558378	9.592533	
422	-12.561345	9.681981	
423	-12.564655	9.757407	
424	-12.569066	9.818641	
425	-12.574294	9.865056	
426	-12.580244	9.895116	
427	-12.587192	9.905902	
428	-12.595719	9.893914	
429	-12.607821	9.858178	
430	-12.626940	9.803309	
431	-12.656077	9.739208	
432	-12.696150	9.676759	
433	-12.745500	9.624736	
434	-12.800457	9.590769	
435	-12.856828	9.581281	
436	-12.911165	9.598838	
437	-12.961035	9.640988	
438	-13.004892	9.700938	
439	-13.042829	9.769056	
440	-13.077863	9.835628	
441	-13.115385	9.893420	
442	-13.160815	9.938757	
443	-13.218081	9.971743	
444	-13.288763	9.995776	
445	-13.370104	10.016111	
446	-13.454634	10.037969	
447	-13.534288	10.064896	
448	-13.604986	10.097192	
449	-13.667103	10.131448	
450	-13.722904	10.163141	
451	-13.773937	10.189553	
452	-13.820040	10.209366	
453	-13.860271	10.221029	
454	-13.894375	10.222405	
455	-13.923239	10.210974	
456	-13.948737	10.184612	
457	-13.973650	10.143081	
458	-14.001201	10.088502	
459	-14.034410	10.024700	
460	-14.075664	9.956518	
461	-14.125424	9.888061	
462	-14.180470	9.820451	
463	-14.234584	9.752563	
464	-14.281693	9.684030	
465	-14.318402	9.615901	
466	-14.344588	9.548502	
467	-14.362922	9.480996	
468	-14.378053	9.413912	
469	-14.395136	9.350844	
470	-14.417787	9.297448	
471	-14.447072	9.259104	
472	-14.482097	9.238400	
473	-14.521046	9.234390	
474	-14.561476	9.245022	
475	-14.599663	9.270197	
476	-14.630449	9.311759	
477	-14.648794	9.370911	
478	-14.652030	9.446463	
479	-14.641033	9.534916	
480	-14.619342	9.631254	
481	-14.590679	9.730151	
482	-14.556800	9.827447	
483	-14.517745	9.921079	
484	-14.473714	10.010530	
485	-14.425926	10.095519	
486	-14.376178	10.176002	
487	-14.326217	10.252551	
488	-14.277251	10.325236	
489	-14.230354	10.392927	
490	-14.187693	10.455110	
491	-14.152839	10.514075	
492	-14.129749	10.573858	
493	-14.121157	10.636740	
494	-14.126700	10.701502	
495	-14.141929	10.764487	
496	-14.158947	10.820840	
497	-14.168031	10.864689	
498	-14.159634	10.889644	
499	-14.126158	10.890667	
500	-14.062669	10.866586	
501	-13.966445	10.820862	
502	-13.836510	10.759182	
503	-13.673889	10.686634	
504	-13.481393	10.607823	
505	-13.263019	10.528885	
506	-13.024574	10.457919	
507	-12.774019	10.402604	
508	-12.519655	10.367759	
509	-12.267813	10.355090	
510	-12.021241	10.364075	
511	-11.778171	10.392402	
512	-11.532877	10.436134	
513	-11.278317	10.490085	
514	-11.008974	10.547721	
515	-10.721330	10.601626	
516	-10.412461	10.644978	
517	-10.079188	10.671712	
518	-9.719134	10.676233	
519	-9.333096	10.654993	
520	-8.925669	10.607498	
521	-8.502430	10.535078	
522	-8.067186	10.440128	
523	-7.621892	10.327093	
524	-7.167188	10.202700	
525	-6.702457	10.073537	
526	-6.226356	9.942948	
527	-5.737635	9.811032	
528	-5.235345	9.678040	
529	-4.718442	9.546561	
530	-4.185401	9.420083	
531	-3.634415	9.301926	
532	-3.063824	9.196569	
533	-2.471373	9.109101	
534	-1.853436	9.042368	
535	-1.205740	8.996268	
536	-0.524143	8.968868	
537	0.194817	8.956288	
538	0.953063	8.951158	
539	1.750234	8.942444	
540	2.583132	8.918521	
541	3.446042	8.870271	
542	4.332466	8.791287	
543	5.236974	8.678089	
544	6.156131	8.531913	
545	7.088945	8.358482	
546	8.036629	8.164628	
547	9.001201	7.954692	
548	9.984638	7.729310	
549	10.989378	7.486346	
550	12.018562	7.221153	
551	13.075831	6.926412	
552	14.164100	6.595074	
553	15.282270	6.225097	
554	16.423394	5.821262	
555	17.576575	5.393042	
556	18.729447	4.950507	
557	19.869756	4.501299	
558	20.985797	4.049873	
559	22.064958	3.596527	
560	23.092352	3.136347	
561	24.052403	2.661212	
562	24.934439	2.164606	
563	25.738615	1.645645	
564	26.476456	1.109873	
565	27.166025	0.568105	
566	27.824793	0.035442	
567	28.463185	-0.469828	
568	29.082671	-0.927799	
569	29.678425	-1.319941	
570	30.242141	-1.635518	
571	30.763019	-1.876626	
572	31.229299	-2.054603	
573	31.631566	-2.181334	
574	31.965074	-2.263835	
575	32.229848	-2.304355	
576	32.430191	-2.302941	
577	32.573586	-2.259342	
578	32.668369	-2.174926	
579	32.721585	-2.054322	
580	32.738133	-1.903780	
581	32.720584	-1.728773	
582	32.669046	-1.535320	
583	32.581548	-1.331721	
584	32.455533	-1.126914	
585	32.289305	-0.928001	
586	32.081847	-0.738454	
587	31.832027	-0.556162	
588	31.538434	-0.373579	
589	31.199400	-0.180791	
590	30.813662	0.032496	
591	30.381645	0.277633	
592	29.905194	0.565155	
593	29.385247	0.898437	
594	28.820315	1.270628	
595	28.207447	1.666944	
596	27.544349	2.068598	
597	26.831341	2.458486	
598	26.072246	2.824860	
599	25.274276	3.161223	
600	24.447756	3.464651	
601	23.605593	3.730374	
602	22.761243	3.947131	
603	21.925043	4.099526	
604	21.101700	4.172479	
605	20.290735	4.153432	
606	19.488730	4.033655	
607	18.691547	3.808890	
608	17.895229	3.479661	
609	17.096084	3.052290	
610	16.290861	2.540182	
611	15.477035	1.964046	
612	14.653187	1.349214	
613	13.818956	0.720799	
614	12.974154	0.100589	
615	12.117901	-0.493568	
616	11.248184	-1.048130	
617	10.361174	-1.554244	
618	9.450737	-2.006717	
619	8.510193	-2.401768	
620	7.536726	-2.736317	
621	6.535248	-3.010455	
622	5.517942	-3.230112	
623	4.499190	-3.406430	
624	3.489978	-3.552789	
625	2.496058	-3.682736	
626	1.519535	-3.809735	
627	0.560981	-3.946263	
628	-0.379290	-4.100329	
629	-1.300879	-4.271834	
630	-2.203368	-4.452662	
631	-3.085520	-4.630118	
632	-3.944622	-4.790820	
633	-4.777908	-4.924077	
634	-5.584686	-5.024138	
635	-6.367422	-5.090472	
636	-7.131213	-5.126365	
637	-7.882156	-5.136322	
638	-8.626600	-5.123329	
639	-9.370466	-5.087954	
640	-10.117129	-5.029169	
641	-10.865920	-4.945222	
642	-11.611822	-4.834907	
643	-12.345688	-4.700297	
644	-13.056409	-4.549550	
645	-13.734153	-4.396811	
646	-14.372195	-4.258192	
647	-14.967032	-4.146110	
648	-15.516796	-4.066546	
649	-16.019354	-4.020818	
650	-16.472452	-4.006892	
651	-16.875471	-4.017840	
652	-17.230154	-4.042347	
653	-17.538370	-4.069025	
654	-17.799413	-4.090344	
655	-18.010620	-4.103910	
656	-18.169314	-4.111856	
657	-18.273651	-4.118212	
658	-18.322878	-4.126526	
659	-18.316399	-4.140717	
660	-18.252316	-4.165865	
661	-18.128500	-4.205334	
662	-17.945933	-4.257264	
663	-17.711011	-4.315445	
664	-17.435542	-4.373819	
665	-17.134900	-4.428832	
666	-16.824648	-4.477895	
667	-16.517765	-4.517585	
668	-16.224600	-4.543902	
669	-15.954882	-4.553817	
670	-15.719468	-4.547252	
671	-15.529349	-4.527861	
672	-15.392535	-4.499690	
673	-15.312242	-4.460243	
674	-15.286514	-4.395837	
675	-15.307194	-4.283854	
676	-15.359277	-4.100379	
677	-15.422795	-3.829456	
678	-15.477118	-3.470562	
679	-15.505474	-3.040911	
680	-15.496605	-2.570925	
681	-15.442792	-2.094736	
682	-15.336849	-1.641155	
683	-15.170739	-1.229457	
684	-14.936012	-0.869034	
685	-14.625451	-0.560556	
686	-14.235928	-0.297590	
687	-13.771057	-0.068386	
688	-13.241436	0.141650	
689	-12.662668	0.347628	
690	-12.052894	0.564265	
691	-11.430816	0.804752	
692	-10.814160	1.078264	
693	-10.218622	1.387742	
694	-9.658244	1.728218	
695	-9.146310	2.086111	
696	-8.694486	2.441472	
697	-8.311417	2.772078	
698	-8.002746	3.057680	
699	-7.771041	3.284778	
700	-7.614982	3.450973	
701	-7.528897	3.566238	
702	-7.502912	3.649259	
703	-7.524040	3.720088	
704	-7.578197	3.793773	
705	-7.652456	3.879370	
706	-7.736400	3.982918	
707	-7.822221	4.108654	
708	-7.904436	4.257662	
709	-7.979649	4.427494	
710	-8.046804	4.613213	
711	-8.107832	4.808783	
712	-8.167197	5.008471	
713	-8.229939	5.207038	
714	-8.299497	5.399783	
715	-8.376398	5.584595	
716	-8.458030	5.762853	
717	-8.539252	5.936243	
718	-8.614029	6.103292	
719	-8.678114	6.258902	
720	-8.731062	6.395981	
721	-8.775472	6.507362	
722	-8.814129	6.586906	
723	-8.848147	6.630755	
724	-8.877507	6.639154	
725	-8.902757	6.616846	
726	-8.926050	6.571206	
727	-8.949874	6.509425	
728	-8.974427	6.437377	
729	-8.997353	6.361164	
730	-9.016856	6.288469	
731	-9.034972	6.228071	
732	-9.057812	6.188836	
733	-9.093190	6.178384	
734	-9.147848	6.201943	
735	-9.225299	6.262772	
736	-9.325311	6.362616	
737	-9.445222	6.500500	
738	-9.581374	6.671443	
739	-9.729599	6.867317	
740	-9.885147	7.079618	
741	-10.042723	7.302020	
742	-10.196959	7.530825	
743	-10.343001	7.763136	
744	-10.477000	7.995574	
745	-10.596523	8.225243	
746	-10.700630	8.449809	
747	-10.789745	8.665038	
748	-10.865879	8.863282	
749	-10.932825	9.035813	
750	-10.994640	9.176275	
751	-11.053026	9.280705	
752	-11.107054	9.345535	
753	-11.155352	9.367588	
754	-11.197548	9.345460	
755	-11.234737	9.280775	
756	-11.269186	9.180370	
757	-11.302590	9.058527	
758	-11.335919	8.934577	
759	-11.370806	8.824898	
760	-11.408253	8.736566	
761	-11.447171	8.667935	
762	-11.485824	8.613282	
763	-11.523394	8.567558	
764	-11.560146	8.528852	
765	-11.596598	8.497402	
766	-11.631715	8.472678	
767	-11.661682	8.451417	
768	-11.681246	8.428880	
769	-11.686379	8.402194	
770	-11.675511	8.371809	
771	-11.649273	8.339976	
772	-11.609827	8.308625	
773	-11.561036	8.278944	
774	-11.509410	8.252552	
775	-11.462962	8.231474	
776	-11.427788	8.216578	
777	-11.405988	8.207110	
778	-11.395958	8.201091	
779	-11.393871	8.196072	
780	-11.395754	8.191135	
781	-11.398315	8.188198	
782	-11.397512	8.190678	
783	-11.387021	8.202392	
784	-11.358775	8.228925	
785	-11.305810	8.278214	
786	-11.226245	8.358069	
787	-11.125606	8.472017	
788	-11.014360	8.617017	
789	-10.901916	8.785924	
790	-10.792857	8.970997	
791	-10.687747	9.164223	
792	-10.585355	9.356717	
793	-10.483579	9.539698	
794	-10.379608	9.706250	
795	-10.270509	9.852496	
796	-10.153707	9.977559	
797	-10.026798	10.082537	
798	-9.887556	10.169149	
799	-9.735012	10.238962	
800	-9.569725	10.294386	
801	-9.392267	10.340094	
802	-9.203275	10.381935	
803	-9.005513	10.423642	
804	-8.802959	10.464316	
805	-8.595953	10.499384	
806	-8.377935	10.524894	
807	-8.136858	10.540555	
808	-7.860030	10.549007	
809	-7.539687	10.553682	
810	-7.175291	10.555704	
811	-6.771199	10.550101	
812	-6.332682	10.526144	
813	-5.863634	10.473472	
814	-5.366391	10.388649	
815	-4.843125	10.277237	
816	-4.298027	10.150993	
817	-3.736837	10.023378	
818	-3.164134	9.906615	
819	-2.583056	9.809527	
820	-1.996720	9.735890	
821	-1.407592	9.685543	
822	-0.814721	9.656945	
823	-0.212162	9.647793	
824	0.409043	9.653995	
825	1.058003	9.669913	
826	1.743230	9.690118	
827	2.472583	9.709725	
828	3.251994	9.722996	
829	4.084050	9.723531	
830	4.968705	9.706719	
831	5.904623	9.670803	
832	6.887984	9.614766	
833	7.910711	9.536211	
834	8.961918	9.432313	
835	10.031878	9.301861	
836	11.115744	9.144548	
837	12.214651	8.957631	
838	13.332217	8.733602	
839	14.469306	8.461667	
840	15.623312	8.132551	
841	16.790967	7.742244	
842	17.968473	7.291479	
843	19.149795	6.784197	
844	20.327326	6.228790	
845	21.493435	5.639726	
846	22.640649	5.035297	
847	23.761839	4.432053	
848	24.850877	3.840306	
849	25.903087	3.264059	
850	26.915561	2.704885	
851	27.886895	2.166321	
852	28.816755	1.656253	
853	29.706501	1.186695	
854	30.559982	0.770695	
855	31.382556	0.417761	
856	32.178919	0.130840	
857	32.952383	-0.094156	
858	33.706503	-0.268087	
859	34.446192	-0.409597	
860	35.175652	-0.545844	
861	35.894945	-0.709139	
862	36.599054	-0.930130	
863	37.279213	-1.231446	
864	37.923024	-1.623193	
865	38.514507	-2.100753	
866	39.037191	-2.646235	
867	39.478850	-3.232344	
868	39.836562	-3.824617	
869	40.119552	-4.382350	
870	40.344430	-4.863363	
871	40.525717	-5.232282	
872	40.670999	-5.466605	
873	40.782107	-5.558301	
874	40.857206	-5.512829	
875	40.891588	-5.347337	
876	40.879483	-5.087946	
877	40.818125	-4.764281	
878	40.709658	-4.402716	
879	40.559260	-4.023878	
880	40.374492	-3.644667	
881	40.166229	-3.279398	
882	39.946707	-2.938403	
883	39.725376	-2.627031	
884	39.506252	-2.345885	
885	39.287250	-2.090769	
886	39.061124	-1.852915	
887	38.819106	-1.621713	
888	38.555052	-1.388853	
889	38.265603	-1.149687	
890	37.947584	-0.901078	
891	37.596831	-0.640026	
892	37.208825	-0.365042	
893	36.779296	-0.077899	
894	36.303839	0.214587	
895	35.777773	0.497372	
896	35.197161	0.745472	
897	34.559236	0.928456	
898	33.861629	1.019454	
899	33.102223	0.999943	
900	32.279585	0.855891	
901	31.393451	0.576095	
902	30.445704	0.164896	
903	29.440976	-0.346823	
904	28.386145	-0.919875	
905	27.289211	-1.535171	
906	26.158021	-2.188726	
907	24.998409	-2.867259	
908	23.812862	-3.544935	
909	22.601481	-4.195073	
910	21.364096	-4.796250	
911	20.101721	-5.334116	
912	18.816694	-5.801841	
913	17.512194	-6.197438	
914	16.191507	-6.520364	
915	14.856304	-6.771334	
916	13.506077	-6.954533	
917	12.140829	-7.079071	
918	10.763804	-7.158431	
919	9.380529	-7.207830	
920	7.996485	-7.240841	
921	6.617209	-7.267540	
922	5.248997	-7.293821	
923	3.898070	-7.321211	
924	2.569877	-7.348260	
925	1.268879	-7.371754	
926	-0.001729	-7.385667	
927	-1.238861	-7.380880	
928	-2.436951	-7.348255	
929	-3.587118	-7.282533	
930	-4.680297	-7.183541	
931	-5.710730	-7.053306	
932	-6.675857	-6.891732	
933	-7.574723	-6.696478	
934	-8.407270	-6.467010	
935	-9.173545	-6.206344	
936	-9.873063	-5.919365	
937	-10.505782	-5.611352	
938	-11.073546	-5.286623	
939	-11.580424	-4.947193	
940	-12.032666	-4.593280	
941	-12.438648	-4.223301	
942	-12.808359	-3.831517	
943	-13.152053	-3.408551	
944	-13.477746	-2.945811	
945	-13.789426	-2.437774	
946	-14.087552	-1.882977	
947	-14.369861	-1.286415	
948	-14.631199	-0.659646	
949	-14.863327	-0.018520	
950	-15.054737	0.617414	
951	-15.191348	1.224580	
952	-15.260305	1.777680	
953	-15.254100	2.253424	
954	-15.171181	2.632434	
955	-15.014804	2.900440	
956	-14.792635	3.049781	
957	-14.517108	3.079863	
958	-14.204925	2.997014	
959	-13.874686	2.814117	
960	-13.544562	2.550640	
961	-13.230932	2.235015	
962	-12.945439	1.906586	
963	-12.690200	1.611456	
964	-12.455852	1.393256	
965	-12.225684	1.285326	
966	-11.982601	1.306514	
967	-11.713415	1.459071	
968	-11.409766	1.729590	
969	-11.067583	2.093323	
970	-10.685277	2.519297	
971	-10.261783	2.974149	
972	-9.796426	3.425261	
973	-9.290243	3.844815	
974	-8.747295	4.214129	
975	-8.175813	4.527048	
976	-7.589427	4.791845	
977	-7.006997	5.028330	
978	-6.450036	5.258577	
979	-5.939013	5.497588	
980	-5.490118	5.750241	
981	-5.113776	6.013313	
982	-4.815350	6.279632	
983	-4.596500	6.542113	
984	-4.455800	6.794698	
985	-4.388582	7.030843	
986	-4.386948	7.243646	
987	-4.440844	7.428449	
988	-4.539546	7.584630	
989	-4.672386	7.714482	
990	-4.828926	7.820465	
991	-4.999151	7.903298	
992	-5.173794	7.963114	
993	-5.344865	8.003431	
994	-5.506139	8.034406	
995	-5.653731	8.071901	
996	-5.787134	8.132046	
997	-5.909227	8.224937	
998	-6.024121	8.351555	
999	-6.134666	8.504314	
1000	-6.241396	8.669943	
1001	-6.343281	8.833233	
1002	-6.439474	8.979214	
1003	-6.530059	9.093761	
1004	-6.615285	9.164373	
1005	-6.695163	9.179720	
1006	-6.770480	9.129223	
1007	-6.844522	9.007686	
1008	-6.924336	8.823065	
1009	-7.019723	8.598651	
1010	-7.139302	8.366508	
1011	-7.287835	8.159683	
1012	-7.467485	8.008774	
1013	-7.679361	7.939320	
1014	-7.923245	7.968500	
1015	-8.197478	8.101958	
1016	-8.499427	8.330521	
1017	-8.824470	8.631499	
1018	-9.163890	8.974591	
1019	-9.505293	9.323679	
1020	-9.834910	9.633280	
1021	-10.139058	9.849969	
1022	-10.406546	9.932307	
1023	-10.631017	9.880176	
1024	-10.811125	9.738432	
1025	-10.950393	9.567122	
1026	-11.057712	9.411979	
1027	-11.146943	9.296335	
1028	-11.232857	9.226933	
1029	-11.325345	9.202726	
1030	-11.427335	9.218974	
1031	-11.537153	9.267224	
1032	-11.651925	9.336830	
1033	-11.769663	9.418049	
1034	-11.889986	9.504428	
1035	-12.014006	9.594037	
1036	-12.143480	9.689339	
1037	-12.279689	9.796234	
1038	-12.422453	9.922342	
1039	-12.569513	10.073788	
1040	-12.716717	10.252229	
1041	-12.859056	10.453896	
1042	-12.991854	10.669535	
1043	-13.111365	10.883500	
1044	-13.215572	11.072216	
1045	-13.305120	11.203716	
1046	-13.382311	11.242788	
1047	-13.448685	11.167475	
1048	-13.503865	10.986547	
1049	-13.546887	10.736232	
1050	-13.578186	10.459001	
1051	-13.599910	10.188396	
1052	-13.614453	9.946622	
1053	-13.622421	9.745287	
1054	-13.622014	9.588092	
1055	-13.610573	9.476409	
1056	-13.586194	9.411688	
1057	-13.547646	9.392880	
1058	-13.493885	9.413467	
1059	-13.425022	9.461345	
1060	-13.343561	9.521530	
1061	-13.253597	9.579471	
1062	-13.159123	9.623835	
1063	-13.063369	9.649002	
1064	-12.968141	9.655520	
1065	-12.872757	9.648692	
1066	-12.774176	9.637065	
1067	-12.668940	9.630218	
1068	-12.555124	9.636928	
1069	-12.432258	9.664604	
1070	-12.300596	9.716964	
1071	-12.161546	9.791197	
1072	-12.017413	9.879611	
1073	-11.869278	9.975208	
1074	-11.715534	10.075432	
1075	-11.552499	10.180841	
1076	-11.375582	10.291548	
1077	-11.180521	10.405481	
1078	-10.964846	10.519025	
1079	-10.728431	10.628471	
1080	-10.472726	10.731013	
1081	-10.199725	10.825544	
1082	-9.911337	10.913312	
1083	-9.608718	10.997463	
1084	-9.291205	11.081985	
1085	-8.956266	11.171251	
1086	-8.601466	11.268855	
1087	-8.226552	11.375593	
1088	-7.833271	11.489152	
1089	-7.423620	11.605334	
1090	-6.998787	11.718901	
1091	-6.559104	11.824082	
1092	-6.104135	11.915086	
1093	-5.633208	11.986913	
1094	-5.146377	12.036895	
1095	-4.644455	12.065583	
1096	-4.128075	12.075584	
1097	-3.597047	12.069679	
1098	-3.050171	12.050274	
1099	-2.485492	12.020365	
1100	-1.900829	11.983639	
1101	-1.293606	11.942047	
1102	-0.660251	11.893487	
1103	0.003473	11.832825	
1104	0.701021	11.755180	
1105	1.433750	11.658495	
1106	2.201175	11.544205	
1107	3.001897	11.416266	
1108	3.833434	11.279576	
1109	4.691917	11.139285	
1110	5.573042	11.000255	
1111	6.473531	10.864807	
1112	7.392179	10.730423	
1113	8.330106	10.590402	
1114	9.289490	10.436881	
1115	10.271629	10.263477	
1116	11.276389	10.065669	
1117	12.302350	9.839892	
1118	13.345862	9.583892	
1119	14.400653	9.298141	
1120	15.460377	8.985567	
1121	16.522210	8.648782	
1122	17.586804	8.288010	
1123	18.654392	7.902952	
1124	19.721421	7.495981	
1125	20.780493	7.071612	
1126	21.823565	6.633657	
1127	22.845336	6.184228	
1128	23.842854	5.724224	
1129	24.812486	5.254519	
1130	25.749147	4.777577	
1131	26.649280	4.297590	
1132	27.513368	3.819483	
1133	28.344155	3.348793	
1134	29.143158	2.891748	
1135	29.909854	2.454670	
1136	30.643534	2.043372	
1137	31.344923	1.662688	
1138	32.015951	1.315368	
1139	32.658741	0.999724	
1140	33.274829	0.707917	
1141	33.864911	0.427392	
1142	34.429594	0.144340	
1143	34.970037	-0.152633	
1144	35.487188	-0.468698	
1145	35.980260	-0.800221	
1146	36.445850	-1.135879	
1147	36.879208	-1.462370	
1148	37.277053	-1.770415	
1149	37.638559	-2.053585	
1150	37.963885	-2.300989	
1151	38.252141	-2.494217	
1152	38.499143	-2.613877	
1153	38.696741	-2.649129	
1154	38.835981	-2.601672	
1155	38.911935	-2.483192	
1156	38.925347	-2.310364	
1157	38.879738	-2.100943	
1158	38.778614	-1.872326	
1159	38.626709	-1.641660	
1160	38.431288	-1.425402	
1161	38.199581	-1.237528	
1162	37.937327	-1.086473	
1163	37.651397	-0.972830	
1164	37.350820	-0.891556	
1165	37.043778	-0.837218	
1166	36.734563	-0.807545	
1167	36.424868	-0.804113	
1168	36.119234	-0.830433	
1169	35.828508	-0.888085	
1170	35.567437	-0.974450	
1171	35.348007	-1.085435	
1172	35.172298	-1.220258	
1173	35.028549	-1.383137	
1174	34.888400	-1.581187	
1175	34.699699	-1.818803	
1176	34.384960	-2.091422	
1177	33.869874	-2.386089	
1178	33.128878	-2.690133	
1179	32.196915	-3.000518	
1180	31.140369	-3.325411	
1181	30.023815	-3.676078	
1182	28.891181	-4.057995	
1183	27.762298	-4.470017	
1184	26.640550	-4.908017	
1185	25.521057	-5.366235	
1186	24.395352	-5.836793	
1187	23.257217	-6.308655	
1188	22.107240	-6.766086	
1189	20.950670	-7.190089	
1190	19.793033	-7.563291	
1191	18.637894	-7.872935	
1192	17.486793	-8.110367	
1193	16.341324	-8.270223	
1194	15.203286	-8.352103	
1195	14.071626	-8.362990	
1196	12.941388	-8.317032	
1197	11.805327	-8.234002	
1198	10.655959	-8.135878	
1199	9.488802	-8.040418	
1200	8.304472	-7.956704	
1201	7.105643	-7.885424	
1202	5.893240	-7.821857	
1203	4.667236	-7.760327	
1204	3.428603	-7.698244	
1205	2.179642	-7.636410	
1206	0.924154	-7.576656	
1207	-0.332928	-7.520278	
1208	-1.587057	-7.465781	
1209	-2.835869	-7.405162	
1210	-4.079628	-7.323101	
1211	-5.318905	-7.201526	
1212	-6.550664	-7.025171	
1213	-7.765615	-6.782424	
1214	-8.949190	-6.463627	
1215	-10.085539	-6.061921	
1216	-11.160420	-5.574792	
1217	-12.163626	-5.006258	
1218	-13.093518	-4.376586	
1219	-13.957224	-3.730105	
1220	-14.762940	-3.123577	
1221	-15.512723	-2.605804	
1222	-16.202340	-2.207223	
1223	-16.826401	-1.939856	
1224	-17.382709	-1.801931	
1225	-17.871683	-1.781971	
1226	-18.294248	-1.860088	
1227	-18.653145	-2.009431	
1228	-18.956133	-2.199457	
1229	-19.216998	-2.399660	
1230	-19.450406	-2.585410	
1231	-19.660674	-2.744137	
1232	-19.837481	-2.871518	
1233	-19.963651	-2.962493	
1234	-20.020952	-3.014659	
1235	-19.991295	-3.036364	
1236	-19.860376	-3.043638	
1237	-19.621045	-3.051781	
1238	-19.275370	-3.069402	
1239	-18.837014	-3.097643	
1240	-18.332075	-3.134420	
1241	-17.795893	-3.176929	
1242	-17.265803	-3.221743	
1243	-16.774755	-3.266890	
1244	-16.348718	-3.313978	
1245	-16.005435	-3.367517	
1246	-15.754279	-3.432932	
1247	-15.599516	-3.514445	
1248	-15.543920	-3.611529	
1249	-15.586746	-3.715163	
1250	-15.718943	-3.807170	
1251	-15.921947	-3.862642	
1252	-16.169877	-3.856509	
1253	-16.434117	-3.774562	
1254	-16.688874	-3.619280	
1255	-16.913096	-3.403306	
1256	-17.088763	-3.137836	
1257	-17.201110	-2.826685	
1258	-17.240624	-2.468849	
1259	-17.202876	-2.065006	
1260	-17.087302	-1.624638	
1261	-16.895665	-1.169767	
1262	-16.630398	-0.728814	
1263	-16.296660	-0.325788	
1264	-15.905967	0.024426	
1265	-15.473654	0.316769	
1266	-15.009930	0.558818	
1267	-14.513686	0.772321	
1268	-13.975964	0.987611	
1269	-13.388657	1.231455	
1270	-12.751194	1.515257	
1271	-12.073147	1.832146	
1272	-11.372613	2.163722	
1273	-10.672717	2.489420	
1274	-9.998730	2.793936	
1275	-9.375817	3.071410	
1276	-8.827003	3.326076	
1277	-8.370502	3.569660	
1278	-8.017648	3.813417	
1279	-7.772764	4.059634	
1280	-7.632507	4.303037	
1281	-7.585257	4.537991	
1282	-7.613702	4.762046	
1283	-7.699309	4.975278	
1284	-7.826016	5.177447	
1285	-7.982492	5.365632	
1286	-8.162065	5.534536	
1287	-8.359979	5.678478	
1288	-8.570132	5.792947	
1289	-8.783660	5.875040	
1290	-8.989727	5.923888	
1291	-9.178189	5.941202	
1292	-9.343088	5.931351	
1293	-9.484261	5.901992	
1294	-9.605409	5.864592	
1295	-9.710102	5.832318	
1296	-9.799364	5.816302	
1297	-9.872869	5.823622	
1298	-9.930921	5.857806	
1299	-9.974557	5.919875	
1300	-10.005518	6.008229	
1301	-10.026091	6.118318	
1302	-10.037605	6.243170	
1303	-10.040063	6.373688	
1304	-10.033520	6.498749	
1305	-10.018641	6.606666	
1306	-9.997212	6.687857	
1307	-9.973947	6.737138	
1308	-9.956312	6.754869	
1309	-9.950050	6.747277	
1310	-9.954931	6.725563	
1311	-9.966248	6.703331	
1312	-9.980393	6.693550	
1313	-9.998377	6.706409	
1314	-10.024951	6.748423	
1315	-10.066512	6.821982	
1316	-10.130301	6.925158	
1317	-10.223565	7.053595	
1318	-10.350822	7.202843	
1319	-10.509980	7.366998	
1320	-10.691449	7.537522	
1321	-10.882214	7.706695	
1322	-11.069993	7.869452	
1323	-11.244070	8.021847	
1324	-11.395959	8.163687	
1325	-11.521709	8.301436	
1326	-11.622782	8.443425	
1327	-11.703967	8.594042	
1328	-11.770445	8.752886	
1329	-11.826043	8.914811	
1330	-11.872718	9.070193	
1331	-11.910702	9.207900	
1332	-11.939305	9.318887	
1333	-11.957790	9.397668	
1334	-11.966262	9.442701	
1335	-11.967777	9.456344	
1336	-11.969218	9.443661	
1337	-11.977515	9.410834	
1338	-11.994801	9.363992	
1339	-12.017665	9.308745	
1340	-12.039502	9.250556	
1341	-12.052308	9.195064	
1342	-12.046343	9.147826	
1343	-12.008888	9.114806	
1344	-11.923872	9.103594	
1345	-11.773011	9.122361	
1346	-11.538779	9.177252	
1347	-11.208726	9.272571	
1348	-10.780397	9.413077	
1349	-10.267638	9.603248	
1350	-9.709796	9.840000	
1351	-9.175323	10.103353	
1352	-8.742471	10.358606	
1353	-8.466115	10.572160	
1354	-8.363042	10.724275	
1355	-8.421355	10.810419	
1356	-8.615482	10.837961	
1357	-8.915901	10.822136	
1358	-9.292475	10.782599	
1359	-9.714058	10.742250	
1360	-10.148233	10.725661	
1361	-10.563554	10.755513	
1362	-10.932546	10.849884	
1363	-11.232886	11.020789	
1364	-11.448115	11.271407	
1365	-11.570121	11.592287	
1366	-11.605530	11.959148	
1367	-11.578087	12.335205	
1368	-11.512565	12.680681	
1369	-11.417401	12.962743	
1370	-11.292442	13.153558	
1371	-11.147809	13.220472	
1372	-11.008854	13.133913	
1373	-10.900746	12.900772	
1374	-10.829132	12.576160	
1375	-10.780860	12.227175	
1376	-10.737299	11.896838	
1377	-10.681730	11.602014	
1378	-10.601905	11.344517	
1379	-10.488809	11.113810	
1380	-10.332917	10.887954	
1381	-10.126361	10.645402	
1382	-9.868228	10.380025	
1383	-9.562863	10.109074	
1384	-9.212765	9.872601	
1385	-8.814662	9.721768	
1386	-8.362057	9.700636	
1387	-7.850654	9.837165	
1388	-7.281208	10.147657	
1389	-6.659608	10.640648	
1390	-5.996853	11.313001	
1391	-7.824327	11.305362	
1392	NaN	NaN	
1393	NaN	NaN	
1394	NaN	NaN	
1395	NaN	NaN	
1396	NaN	NaN	
1397	NaN	NaN	
1398	NaN	NaN	
1399	NaN	NaN	
1400	NaN	NaN	
1401	NaN	NaN	
1402	NaN	NaN	
1403	NaN	NaN	
1404	NaN	NaN	
1405	NaN	NaN	
1406	NaN	NaN	
1407	NaN	NaN	
1408	NaN	NaN	
1409	NaN	NaN	
1410	NaN	NaN	
1411	NaN	NaN	
1412	NaN	NaN	
1413	NaN	NaN	
1414	NaN	NaN	
1415	NaN	NaN	
1416	NaN	NaN	
1417	NaN	NaN	
1418	NaN	NaN	
1419	NaN	NaN	
1420	NaN	NaN	
1421	NaN	NaN	
1422	NaN	NaN	
1423	NaN	NaN	
1424	NaN	NaN	
1425	NaN	NaN	
1426	NaN	NaN	
1427	NaN	NaN	
1428	NaN	NaN	
1429	NaN	NaN	
1430	NaN	NaN	
1431	NaN	NaN	
1432	NaN	NaN	
1433	NaN	NaN	
1434	NaN	NaN	
1435	NaN	NaN	
1436	NaN	NaN	
1437	NaN	NaN	
1438	NaN	NaN	
1439	NaN	NaN	
1440	NaN	NaN	
1441	NaN	NaN	
1442	NaN	NaN	
1443	NaN	NaN	
1444	NaN	NaN	
1445	NaN	NaN	
1446	NaN	NaN	
1447	NaN	NaN	
1448	NaN	NaN	
