Athlete_Engineering	// User ID
11-2-2021	// Evaluation date
P003_WALK4	23-1-2021	14:57:43:760	// Source file name and timestamp
250.000	// Sampling rate
5.127	// Data capture period



Sample #	Right_Leg_Flexion	Right_Leg_Abduction	
0	-19.199422	2.396605	
1	-19.147536	2.461854	
2	-19.102648	2.550601	
3	-19.071977	2.646600	
4	-19.062273	2.741022	
5	-19.079873	2.833124	
6	-19.131363	2.925743	
7	-19.223173	3.022024	
8	-19.359196	3.125336	
9	-19.537143	3.239173	
10	-19.744225	3.366364	
11	-19.956171	3.508376	
12	-20.145927	3.663837	
13	-20.296037	3.828190	
14	-20.401943	3.995800	
15	-20.467095	4.160730	
16	-20.498275	4.316056	
17	-20.503467	4.455802	
18	-20.490864	4.577315	
19	-20.468175	4.680634	
20	-20.441950	4.766076	
21	-20.417231	4.832418	
22	-20.397674	4.878174	
23	-20.385739	4.904415	
24	-20.382880	4.914637	
25	-20.389796	4.912431	
26	-20.406373	4.901159	
27	-20.431278	4.886134	
28	-20.461798	4.876346	
29	-20.494087	4.884180	
30	-20.523758	4.923193	
31	-20.547203	5.001467	
32	-20.563128	5.112229	
33	-20.572401	5.232165	
34	-20.575786	5.329692	
35	-20.572324	5.375695	
36	-20.560685	5.353617	
37	-20.541032	5.262332	
38	-20.514682	5.108725	
39	-20.483988	4.903424	
40	-20.453577	4.662364	
41	-20.429635	4.403183	
42	-20.417219	4.140399	
43	-20.418889	3.886397	
44	-20.434694	3.654026	
45	-20.461741	3.457429	
46	-20.494599	3.309574	
47	-20.527577	3.215838	
48	-20.556561	3.169718	
49	-20.579074	3.156678	
50	-20.594228	3.160350	
51	-20.603610	3.164001	
52	-20.611452	3.152779	
53	-20.623033	3.118220	
54	-20.643136	3.057133	
55	-20.675172	2.968118	
56	-20.719385	2.853785	
57	-20.771424	2.724220	
58	-20.824991	2.595946	
59	-20.877650	2.487511	
60	-20.932704	2.412118	
61	-20.993681	2.371840	
62	-21.058186	2.360725	
63	-21.118283	2.368909	
64	-21.165747	2.383858	
65	-21.196551	2.401431	
66	-21.211962	2.434930	
67	-21.217234	2.502822	
68	-21.218906	2.613569	
69	-21.221223	2.764830	
70	-21.224674	2.948282	
71	-21.227432	3.153527	
72	-21.226227	3.369072	
73	-21.216847	3.581650	
74	-21.196306	3.778586	
75	-21.164776	3.949911	
76	-21.125316	4.087623	
77	-21.082196	4.185951	
78	-21.039387	4.242099	
79	-20.999330	4.256460	
80	-20.961876	4.234027	
81	-20.925408	4.183975	
82	-20.889585	4.115546	
83	-20.855718	4.034274	
84	-20.824833	3.941277	
85	-20.796902	3.834783	
86	-20.771472	3.712144	
87	-20.747369	3.571464	
88	-20.721714	3.412952	
89	-20.690581	3.241166	
90	-20.651407	3.067274	
91	-20.604256	2.904603	
92	-20.550522	2.757699	
93	-20.491931	2.621799	
94	-20.431763	2.496542	
95	-20.375525	2.392130	
96	-20.329602	2.319805	
97	-20.299340	2.282478	
98	-20.286925	2.274475	
99	-20.290577	2.285797	
100	-20.307150	2.305353	
101	-20.334652	2.322602	
102	-20.371172	2.331115	
103	-20.413707	2.331541	
104	-20.459542	2.328172	
105	-20.507041	2.323486	
106	-20.554737	2.317315	
107	-20.601005	2.308506	
108	-20.644430	2.295853	
109	-20.683610	2.279373	
110	-20.716492	2.262313	
111	-20.740656	2.251047	
112	-20.755391	2.252231	
113	-20.762873	2.270304	
114	-20.765711	2.306522	
115	-20.764334	2.358799	
116	-20.757615	2.421809	
117	-20.744213	2.486970	
118	-20.722856	2.543253	
119	-20.692700	2.579725	
120	-20.653679	2.587600	
121	-20.606115	2.560789	
122	-20.550480	2.499004	
123	-20.487947	2.411195	
124	-20.420664	2.312735	
125	-20.351167	2.219766	
126	-20.281507	2.146006	
127	-20.212733	2.101526	
128	-20.145917	2.092966	
129	-20.084288	2.124390	
130	-20.032782	2.196899	
131	-19.994006	2.306375	
132	-19.966057	2.441440	
133	-19.944967	2.585003	
134	-19.927354	2.721149	
135	-19.910907	2.842334	
136	-19.894096	2.949159	
137	-19.875056	3.045201	
138	-19.851208	3.134129	
139	-19.821605	3.219698	
140	-19.788747	3.305056	
141	-19.756837	3.391121	
142	-19.728919	3.478273	
143	-19.705677	3.571332	
144	-19.685287	3.680715	
145	-19.663565	3.814361	
146	-19.635521	3.969275	
147	-19.598428	4.134653	
148	-19.554420	4.300916	
149	-19.509907	4.464696	
150	-19.471995	4.627323	
151	-19.445051	4.789348	
152	-19.428506	4.948713	
153	-19.416181	5.102546	
154	-19.398960	5.246132	
155	-19.370094	5.371035	
156	-19.327816	5.466081	
157	-19.272271	5.519695	
158	-19.202438	5.522493	
159	-19.117838	5.469477	
160	-19.020588	5.360573	
161	-18.914367	5.199957	
162	-18.802739	4.995170	
163	-18.688448	4.755920	
164	-18.572991	4.493665	
165	-18.456284	4.222796	
166	-18.338076	3.961068	
167	-18.221655	3.727214	
168	-18.114710	3.537159	
169	-18.024598	3.400588	
170	-17.954469	3.318312	
171	-17.903934	3.282290	
172	-17.871030	3.278918	
173	-17.853382	3.292784	
174	-17.848154	3.309648	
175	-17.851013	3.318626	
176	-17.855985	3.312479	
177	-17.856899	3.286727	
178	-17.848722	3.239293	
179	-17.827689	3.170642	
180	-17.790900	3.084107	
181	-17.736048	2.985310	
182	-17.662056	2.879473	
183	-17.571051	2.769073	
184	-17.468366	2.654672	
185	-17.358690	2.538184	
186	-17.243987	2.425884	
187	-17.125847	2.327363	
188	-17.007071	2.250638	
189	-16.889888	2.198460	
190	-16.774033	2.167822	
191	-16.656660	2.151629	
192	-16.533070	2.141630	
193	-16.398372	2.131301	
194	-16.250075	2.117139	
195	-16.089319	2.098015	
196	-15.919968	2.074044	
197	-15.746739	2.045844	
198	-15.572679	2.014614	
199	-15.397728	1.983842	
200	-15.220198	1.961065	
201	-15.039053	1.956459	
202	-14.854619	1.977797	
203	-14.668224	2.026012	
204	-14.481912	2.095526	
205	-14.298055	2.178007	
206	-14.118246	2.265680	
207	-13.942134	2.353698	
208	-13.767678	2.441981	
209	-13.592369	2.534790	
210	-13.412990	2.638203	
211	-13.223076	2.758658	
212	-13.010022	2.902882	
213	-12.755965	3.074257	
214	-12.445450	3.265619	
215	-12.075096	3.458882	
216	-11.655672	3.633278	
217	-11.204305	3.771067	
218	-10.734763	3.858182	
219	-10.253736	3.885505	
220	-9.762081	3.851447	
221	-9.256696	3.763996	
222	-8.732306	3.639931	
223	-8.183298	3.499410	
224	-7.605388	3.359664	
225	-6.996485	3.232755	
226	-6.355416	3.126828	
227	-5.679882	3.047989	
228	-4.966162	3.001149	
229	-4.209812	2.990375	
230	-3.405444	3.020413	
231	-2.546720	3.097768	
232	-1.628699	3.228074	
233	-0.650757	3.408194	
234	0.381910	3.616172	
235	1.456022	3.811980	
236	2.549115	3.953685	
237	3.635345	4.013624	
238	4.694665	3.985075	
239	5.715761	3.882979	
240	6.692554	3.739814	
241	7.622058	3.594259	
242	8.505107	3.475450	
243	9.345976	3.393576	
244	10.151448	3.342764	
245	10.930506	3.310461	
246	11.692924	3.286057	
247	12.447261	3.265937	
248	13.199823	3.254067	
249	13.954358	3.257326	
250	14.711038	3.277733	
251	15.465110	3.308367	
252	16.208031	3.336938	
253	16.929867	3.351947	
254	17.619973	3.346132	
255	18.267183	3.318037	
256	18.860124	3.271849	
257	19.387065	3.215486	
258	19.836418	3.160442	
259	20.197716	3.123064	
260	20.461958	3.121710	
261	20.622122	3.170362	
262	20.674606	3.276481	
263	20.620720	3.444073	
264	20.467089	3.674802	
265	20.224134	3.965915	
266	19.903302	4.308009	
267	19.515610	4.683147	
268	19.072363	5.065396	
269	18.585685	5.425039	
270	18.066286	5.733607	
271	17.519840	5.966323	
272	16.946496	6.101308	
273	16.344435	6.119601	
274	15.713872	6.009084	
275	15.059051	5.768851	
276	14.386646	5.410451	
277	13.701030	4.956103	
278	13.001477	4.433094	
279	12.283047	3.865488	
280	11.539097	3.269753	
281	10.765198	2.658303	
282	9.961452	2.044868	
283	9.130238	1.445140	
284	8.273052	0.876489	
285	7.390270	0.358873	
286	6.483178	-0.088678	
287	5.555988	-0.455090	
288	4.616450	-0.741589	
289	3.674930	-0.963232	
290	2.742133	-1.147225	
291	1.828121	-1.323325	
292	0.945402	-1.509411	
293	0.110447	-1.704814	
294	-0.662277	-1.896215	
295	-1.367445	-2.067925	
296	-2.010552	-2.209526	
297	-2.605893	-2.318773	
298	-3.172418	-2.399675	
299	-3.727680	-2.457509	
300	-4.282732	-2.493204	
301	-4.840589	-2.500915	
302	-5.398041	-2.469084	
303	-5.948700	-2.382741	
304	-6.485813	-2.228521	
305	-7.004591	-2.001015	
306	-7.503853	-1.705419	
307	-7.986472	-1.355783	
308	-8.458137	-0.970934	
309	-8.925013	-0.570155	
310	-9.391334	-0.170944	
311	-9.858026	0.210923	
312	-10.323709	0.560605	
313	-10.786458	0.864021	
314	-11.242958	1.109958	
315	-11.686840	1.295035	
316	-12.110613	1.429243	
317	-12.509748	1.536862	
318	-12.884527	1.646292	
319	-13.238860	1.774032	
320	-13.576721	1.921636	
321	-13.898652	2.086244	
322	-14.202428	2.265152	
323	-14.486265	2.452005	
324	-14.749680	2.635400	
325	-14.992511	2.802362	
326	-15.214643	2.944186	
327	-15.415295	3.060279	
328	-15.591232	3.156215	
329	-15.736878	3.235418	
330	-15.847099	3.291604	
331	-15.919528	3.313417	
332	-15.954525	3.295939	
333	-15.953922	3.242793	
334	-15.920214	3.161044	
335	-15.855926	3.060936	
336	-15.762570	2.956961	
337	-15.640319	2.863016	
338	-15.489036	2.788228	
339	-15.309524	2.739791	
340	-15.104364	2.724212	
341	-14.878342	2.741801	
342	-14.637726	2.785182	
343	-14.389057	2.845909	
344	-14.139438	2.919092	
345	-13.898247	3.001368	
346	-13.678646	3.089087	
347	-13.497011	3.181236	
348	-13.369207	3.281607	
349	-13.306163	3.396828	
350	-13.311766	3.533674	
351	-13.382540	3.697518	
352	-13.507937	3.892118	
353	-13.671599	4.120235	
354	-13.853813	4.382294	
355	-14.034149	4.672145	
356	-14.193855	4.973632	
357	-14.317729	5.261336	
358	-14.394447	5.505415	
359	-14.415972	5.679727	
360	-14.378089	5.770381	
361	-14.282027	5.780661	
362	-14.134383	5.728978	
363	-13.943840	5.639817	
364	-13.717787	5.535774	
365	-13.461665	5.435696	
366	-13.179650	5.353877	
367	-12.875233	5.301409	
368	-12.552306	5.294101	
369	-12.215783	5.356310	
370	-11.870333	5.510452	
371	-11.519674	5.763668	
372	-11.168322	6.105416	
373	-10.822988	6.512965	
374	-10.491729	6.957765	
375	-10.181997	7.411744	
376	-9.898796	7.852386	
377	-9.644178	8.263997	
378	-9.418242	8.636323	
379	-9.220403	8.964040	
380	-9.050569	9.247926	
381	-8.910187	9.495760	
382	-8.802238	9.720833	
383	-8.729750	9.937537	
384	-8.694474	10.156296	
385	-8.697734	10.381557	
386	-8.742347	10.613079	
387	-8.832167	10.847120	
388	-8.968632	11.076743	
389	-9.147304	11.293284	
390	-9.356408	11.487879	
391	-9.577580	11.651883	
392	-9.788833	11.778247	
393	-9.967817	11.861600	
394	-10.094494	11.896525	
395	-10.155674	11.880094	
396	-10.150268	11.817755	
397	-10.089462	11.724722	
398	-9.990822	11.619999	
399	-9.873037	11.518138	
400	-9.754220	11.425077	
401	-9.649756	11.339375	
402	-9.569847	11.257651	
403	-9.519024	11.179520	
404	-9.496483	11.106979	
405	-9.497973	11.041789	
406	-9.520515	10.985369	
407	-9.566372	10.939574	
408	-9.641567	10.908011	
409	-9.750352	10.896774	
410	-9.891325	10.910538	
411	-10.058375	10.946224	
412	-10.245501	10.993320	
413	-10.451314	11.041513	
414	-10.678385	11.085119	
415	-10.928397	11.121581	
416	-11.198351	11.151234	
417	-11.479931	11.179771	
418	-11.760990	11.217210	
419	-12.028199	11.270789	
420	-12.270651	11.338752	
421	-12.482559	11.411562	
422	-12.662686	11.477911	
423	-12.811923	11.530210	
424	-12.931293	11.566676	
425	-13.021335	11.589962	
426	-13.083006	11.604752	
427	-13.118513	11.615867	
428	-13.131226	11.626809	
429	-13.125183	11.638936	
430	-13.104184	11.651357	
431	-13.070688	11.661461	
432	-13.025416	11.665771	
433	-12.967833	11.660509	
434	-12.896869	11.641962	
435	-12.811451	11.606956	
436	-12.710930	11.553474	
437	-12.595705	11.481891	
438	-12.468540	11.396361	
439	-12.336607	11.304736	
440	-12.212468	11.216227	
441	-12.111764	11.136801	
442	-12.050143	11.064820	
443	-12.040627	10.992596	
444	-12.086808	10.914600	
445	-12.178525	10.833452	
446	-12.299375	10.755499	
447	-12.436252	10.682036	
448	-12.581776	10.607461	
449	-12.732313	10.523403	
450	-12.885104	10.423387	
451	-13.037764	10.306463	
452	-13.189949	10.178398	
453	-13.343389	10.050073	
454	-13.499892	9.934113	
455	-13.659894	9.841734	
456	-13.821761	9.780543	
457	-13.980991	9.752118	
458	-14.131503	9.751788	
459	-14.269201	9.772843	
460	-14.393694	9.810498	
461	-14.507799	9.862036	
462	-14.616520	9.925153	
463	-14.724699	9.995845	
464	-14.834315	10.066398	
465	-14.943680	10.125292	
466	-15.048573	10.160197	
467	-15.144392	10.163928	
468	-15.228050	10.138972	
469	-15.298283	10.094532	
470	-15.355160	10.039264	
471	-15.399767	9.978995	
472	-15.432915	9.918744	
473	-15.453442	9.862367	
474	-15.458211	9.812070	
475	-15.443157	9.771444	
476	-15.403936	9.745863	
477	-15.336399	9.736450	
478	-15.237574	9.736375	
479	-15.106892	9.735056	
480	-14.946470	9.723879	
481	-14.760060	9.698857	
482	-14.551717	9.660325	
483	-14.325121	9.610882	
484	-14.083446	9.555239	
485	-13.829471	9.501142	
486	-13.565424	9.457157	
487	-13.292223	9.430078	
488	-13.009177	9.425745	
489	-12.714971	9.448725	
490	-12.408936	9.498490	
491	-12.091218	9.568443	
492	-11.761454	9.649567	
493	-11.417543	9.733049	
494	-11.056507	9.810532	
495	-10.676568	9.875291	
496	-10.277321	9.923850	
497	-9.858485	9.955439	
498	-9.419995	9.971275	
499	-8.962541	9.975559	
500	-8.487668	9.975130	
501	-7.998288	9.976876	
502	-7.498280	9.985802	
503	-6.990412	10.004009	
504	-6.474576	10.029854	
505	-5.948163	10.059016	
506	-5.407709	10.087248	
507	-4.849773	10.111777	
508	-4.271321	10.130164	
509	-3.670152	10.139157	
510	-3.043895	10.136320	
511	-2.388078	10.122012	
512	-1.696115	10.098296	
513	-0.961364	10.066774	
514	-0.178386	10.028327	
515	0.657133	9.983692	
516	1.547228	9.932805	
517	2.489507	9.873944	
518	3.477381	9.804769	
519	4.502938	9.723888	
520	5.559867	9.629669	
521	6.644874	9.516996	
522	7.756938	9.377223	
523	8.895038	9.201867	
524	10.056528	8.983998	
525	11.237439	8.715986	
526	12.434750	8.388860	
527	13.649097	7.995622	
528	14.884996	7.533994	
529	16.148183	7.004924	
530	17.442159	6.410679	
531	18.765471	5.756206	
532	20.110346	5.051323	
533	21.463175	4.312155	
534	22.807151	3.562479	
535	24.126117	2.832506	
536	25.407053	2.153297	
537	26.639981	1.550517	
538	27.817612	1.041106	
539	28.936410	0.633124	
540	29.997118	0.327274	
541	31.004081	0.118047	
542	31.964640	-0.005128	
543	32.888128	-0.056419	
544	33.784095	-0.053872	
545	34.660253	-0.020916	
546	35.519897	0.014052	
547	36.359841	0.020513	
548	37.171223	-0.029872	
549	37.942877	-0.157278	
550	38.664566	-0.368271	
551	39.328654	-0.654524	
552	39.930332	-0.995587	
553	40.467144	-1.363069	
554	40.939023	-1.724563	
555	41.348358	-2.047855	
556	41.698246	-2.305308	
557	41.990271	-2.476962	
558	42.223809	-2.551971	
559	42.396276	-2.528655	
560	42.503653	-2.413983	
561	42.540946	-2.223091	
562	42.502947	-1.977891	
563	42.385655	-1.704413	
564	42.187314	-1.429923	
565	41.908869	-1.179333	
566	41.554515	-0.970122	
567	41.132335	-0.808461	
568	40.655145	-0.688821	
569	40.141123	-0.596100	
570	39.612413	-0.509323	
571	39.090452	-0.406849	
572	38.589397	-0.271937	
573	38.110909	-0.094961	
574	37.642871	0.129449	
575	37.161234	0.405655	
576	36.634207	0.735789	
577	36.031388	1.115356	
578	35.334609	1.533156	
579	34.541404	1.979282	
580	33.658997	2.450225	
581	32.695128	2.941511	
582	31.652896	3.439563	
583	30.531967	3.925316	
584	29.332832	4.378369	
585	28.056819	4.771622	
586	26.700538	5.069877	
587	25.258690	5.241297	
588	23.737032	5.268730	
589	22.153205	5.150503	
590	20.529123	4.897564	
591	18.894675	4.534562	
592	17.287721	4.098730	
593	15.738501	3.630682	
594	14.257627	3.165293	
595	12.837901	2.729693	
596	11.463193	2.344054	
597	10.118405	2.020251	
598	8.796206	1.756061	
599	7.498247	1.530680	
600	6.231643	1.313860	
601	5.004156	1.082382	
602	3.821966	0.825771	
603	2.688725	0.541065	
604	1.603505	0.228320	
605	0.559981	-0.108016	
606	-0.451709	-0.455729	
607	-1.442914	-0.795815	
608	-2.425077	-1.108720	
609	-3.407591	-1.379840	
610	-4.395750	-1.599681	
611	-5.390269	-1.762433	
612	-6.387730	-1.866885	
613	-7.381972	-1.916487	
614	-8.366881	-1.916687	
615	-9.338662	-1.872633	
616	-10.295836	-1.787698	
617	-11.237903	-1.662988	
618	-12.164050	-1.501887	
619	-13.072088	-1.316772	
620	-13.957880	-1.128633	
621	-14.815582	-0.960015	
622	-15.638350	-0.829404	
623	-16.418720	-0.749101	
624	-17.148462	-0.724263	
625	-17.818468	-0.752818	
626	-18.419319	-0.827441	
627	-18.942689	-0.938247	
628	-19.382970	-1.072889	
629	-19.738238	-1.215881	
630	-20.010750	-1.349689	
631	-20.206334	-1.456032	
632	-20.331607	-1.517829	
633	-20.391502	-1.522503	
634	-20.388868	-1.465465	
635	-20.323541	-1.353398	
636	-20.190776	-1.206313	
637	-19.982777	-1.053708	
638	-19.693890	-0.923558	
639	-19.326015	-0.831916	
640	-18.890763	-0.779176	
641	-18.407668	-0.752328	
642	-17.901085	-0.730339	
643	-17.398046	-0.688672	
644	-16.926565	-0.602559	
645	-16.512743	-0.452379	
646	-16.176387	-0.230357	
647	-15.926133	0.053426	
648	-15.756437	0.369067	
649	-15.650287	0.678638	
650	-15.586019	0.957540	
651	-15.541299	1.202937	
652	-15.493504	1.423895	
653	-15.421520	1.629762	
654	-15.309562	1.827235	
655	-15.148569	2.020161	
656	-14.934391	2.207516	
657	-14.666592	2.387020	
658	-14.347576	2.562012	
659	-13.979738	2.741107	
660	-13.562630	2.933493	
661	-13.093020	3.146347	
662	-12.568320	3.385390	
663	-11.989998	3.655457	
664	-11.363349	3.957843	
665	-10.696573	4.289888	
666	-10.003034	4.648249	
667	-9.302400	5.029967	
668	-8.615917	5.434918	
669	-7.961147	5.867249	
670	-7.352911	6.328916	
671	-6.806883	6.815318	
672	-6.338753	7.316559	
673	-5.959192	7.814058	
674	-5.670630	8.275918	
675	-5.469648	8.666456	
676	-5.351179	8.965007	
677	-5.308929	9.171599	
678	-5.333722	9.299373	
679	-5.413813	9.368413	
680	-5.536537	9.402697	
681	-5.689193	9.426189	
682	-5.858392	9.455335	
683	-6.028959	9.490390	
684	-6.184951	9.517644	
685	-6.313341	9.525077	
686	-6.406447	9.512033	
687	-6.461265	9.484487	
688	-6.478826	9.452094	
689	-6.463966	9.428785	
690	-6.423993	9.426499	
691	-6.366911	9.450134	
692	-6.299655	9.499988	
693	-6.227157	9.574055	
694	-6.153124	9.669651	
695	-6.081252	9.787427	
696	-6.015080	9.931843	
697	-5.956577	10.105956	
698	-5.905176	10.308047	
699	-5.858852	10.530711	
700	-5.817201	10.757322	
701	-5.783135	10.962103	
702	-5.760034	11.122425	
703	-5.747274	11.232752	
704	-5.739497	11.303414	
705	-5.731129	11.348490	
706	-5.722091	11.378153	
707	-5.718347	11.399571	
708	-5.727226	11.418755	
709	-5.752368	11.438950	
710	-5.791782	11.460834	
711	-5.840804	11.486189	
712	-5.896560	11.519003	
713	-5.959127	11.562434	
714	-6.029556	11.616221	
715	-6.108138	11.676494	
716	-6.195061	11.736481	
717	-6.290959	11.788190	
718	-6.395140	11.825618	
719	-6.504465	11.847202	
720	-6.614515	11.855320	
721	-6.720432	11.854413	
722	-6.816967	11.849566	
723	-6.899429	11.844863	
724	-6.964872	11.840976	
725	-7.012507	11.833352	
726	-7.043948	11.812582	
727	-7.063187	11.766731	
728	-7.075570	11.685633	
729	-7.086556	11.567169	
730	-7.100890	11.420579	
731	-7.121681	11.263453	
732	-7.149683	11.115479	
733	-7.183628	10.991382	
734	-7.221239	10.896971	
735	-7.259978	10.830644	
736	-7.297226	10.786387	
737	-7.330758	10.756228	
738	-7.360066	10.732454	
739	-7.387105	10.709430	
740	-7.415288	10.684890	
741	-7.447509	10.659963	
742	-7.484921	10.637798	
743	-7.527694	10.622642	
744	-7.576519	10.619300	
745	-7.632323	10.631012	
746	-7.694767	10.657519	
747	-7.761769	10.695748	
748	-7.829381	10.741886	
749	-7.891907	10.792354	
750	-7.943955	10.843089	
751	-7.982937	10.889682	
752	-8.009388	10.929416	
753	-8.025472	10.961513	
754	-8.033895	10.985020	
755	-8.038188	10.998266	
756	-8.042588	11.000710	
757	-8.050672	10.995550	
758	-8.064111	10.990505	
759	-8.082285	10.994305	
760	-8.102498	11.012002	
761	-8.120599	11.043725	
762	-8.131563	11.085976	
763	-8.129474	11.133020	
764	-8.107417	11.178189	
765	-8.058304	11.214670	
766	-7.976486	11.236204	
767	-7.859055	11.237914	
768	-7.706541	11.217016	
769	-7.523272	11.174514	
770	-7.316080	11.115702	
771	-7.091167	11.047258	
772	-6.852051	10.974977	
773	-6.599317	10.904638	
774	-6.330841	10.843159	
775	-6.043227	10.798290	
776	-5.733906	10.776866	
777	-5.401524	10.783136	
778	-5.045494	10.818569	
779	-4.666565	10.881631	
780	-4.266656	10.968587	
781	-3.847491	11.075996	
782	-3.411279	11.200340	
783	-2.962341	11.335246	
784	-2.505491	11.470965	
785	-2.042724	11.596800	
786	-1.573109	11.705337	
787	-1.095557	11.794712	
788	-0.610016	11.867120	
789	-0.116516	11.927562	
790	0.385553	11.982991	
791	0.897907	12.039158	
792	1.423837	12.097277	
793	1.968090	12.154334	
794	2.536507	12.206603	
795	3.135310	12.252563	
796	3.769636	12.292716	
797	4.442594	12.326421	
798	5.155760	12.349358	
799	5.909085	12.355363	
800	6.698939	12.340136	
801	7.517176	12.301867	
802	8.354297	12.238910	
803	9.204857	12.148801	
804	10.070167	12.029904	
805	10.956203	11.882079	
806	11.869378	11.705288	
807	12.813877	11.499998	
808	13.791627	11.269513	
809	14.803249	11.019558	
810	15.848183	10.755189	
811	16.924130	10.479966	
812	18.027093	10.197659	
813	19.151895	9.912682	
814	20.291852	9.628897	
815	21.438447	9.348106	
816	22.582400	9.068655	
817	23.715179	8.785804	
818	24.829892	8.494636	
819	25.921672	8.192848	
820	26.987348	7.880669	
821	28.024314	7.559278	
822	29.029380	7.230889	
823	29.997940	6.899893	
824	30.923805	6.572293	
825	31.800896	6.254746	
826	32.626476	5.955254	
827	33.402842	5.682795	
828	34.135820	5.444603	
829	34.832717	5.244189	
830	35.501653	5.080984	
831	36.150208	4.949407	
832	36.783045	4.837411	
833	37.400929	4.727959	
834	38.001789	4.603546	
835	38.582257	4.449011	
836	39.137970	4.252928	
837	39.662748	4.010615	
838	40.148727	3.725190	
839	40.589211	3.405592	
840	40.981911	3.066125	
841	41.328833	2.726058	
842	41.634487	2.405320	
843	41.905564	2.119647	
844	42.150642	1.879661	
845	42.378784	1.692456	
846	42.598797	1.563454	
847	42.818270	1.497491	
848	43.039398	1.497302	
849	43.253320	1.560655	
850	43.438319	1.679263	
851	43.564937	1.838509	
852	43.605172	2.017275	
853	43.538871	2.188969	
854	43.354902	2.324983	
855	43.050030	2.402748	
856	42.627802	2.413867	
857	42.099022	2.364643	
858	41.483700	2.271788	
859	40.809623	2.158637	
860	40.104433	2.050718	
861	39.386045	1.971042	
862	38.658222	1.937567	
863	37.913547	1.960647	
864	37.140926	2.038710	
865	36.331357	2.157696	
866	35.479261	2.298209	
867	34.582189	2.443079	
868	33.640802	2.577555	
869	32.658437	2.685956	
870	31.640239	2.751027	
871	30.592312	2.756299	
872	29.520610	2.690745	
873	28.429724	2.553402	
874	27.322423	2.353743	
875	26.200274	2.107577	
876	25.064489	1.830227	
877	23.916317	1.530406	
878	22.757534	1.209974	
879	21.591098	0.867768	
880	20.421021	0.501641	
881	19.251313	0.109036	
882	18.084306	-0.310989	
883	16.919266	-0.755549	
884	15.753180	-1.217836	
885	14.582878	-1.688183	
886	13.406104	-2.154969	
887	12.221262	-2.605784	
888	11.026775	-3.028483	
889	9.821356	-3.412447	
890	8.605394	-3.750766	
891	7.381006	-4.041208	
892	6.150258	-4.285394	
893	4.913986	-4.488415	
894	3.671737	-4.657892	
895	2.422557	-4.800907	
896	1.166860	-4.920718	
897	-0.092276	-5.015723	
898	-1.349684	-5.081329	
899	-2.599396	-5.113661	
900	-3.835179	-5.112888	
901	-5.050580	-5.083693	
902	-6.239400	-5.032491	
903	-7.396569	-4.963777	
904	-8.518587	-4.878364	
905	-9.602920	-4.773734	
906	-10.647400	-4.645167	
907	-11.650781	-4.487690	
908	-12.613646	-4.298501	
909	-13.538110	-4.077757	
910	-14.425539	-3.827387	
911	-15.274221	-3.549263	
912	-16.079785	-3.243524	
913	-16.837383	-2.908490	
914	-17.543192	-2.542504	
915	-18.194711	-2.145560	
916	-18.790377	-1.721495	
917	-19.328850	-1.281295	
918	-19.807436	-0.843202	
919	-20.219875	-0.429985	
920	-20.556171	-0.067288	
921	-20.806052	0.218860	
922	-20.963781	0.406669	
923	-21.029811	0.482568	
924	-21.007174	0.444455	
925	-20.897421	0.303567	
926	-20.700591	0.081251	
927	-20.417043	-0.197879	
928	-20.049329	-0.509888	
929	-19.604619	-0.831254	
930	-19.096239	-1.139055	
931	-18.542489	-1.413597	
932	-17.963829	-1.640858	
933	-17.381392	-1.814037	
934	-16.817213	-1.933878	
935	-16.293235	-2.005540	
936	-15.827575	-2.033880	
937	-15.430095	-2.020690	
938	-15.099653	-1.964178	
939	-14.824688	-1.860671	
940	-14.587288	-1.707252	
941	-14.367842	-1.502517	
942	-14.148586	-1.246521	
943	-13.916698	-0.943102	
944	-13.664810	-0.602556	
945	-13.387957	-0.239696	
946	-13.081973	0.131786	
947	-12.745174	0.504237	
948	-12.377792	0.879029	
949	-11.978657	1.265812	
950	-11.546092	1.676740	
951	-11.082566	2.120350	
952	-10.595882	2.599598	
953	-10.096424	3.112507	
954	-9.593857	3.651853	
955	-9.094611	4.203641	
956	-8.602687	4.747050	
957	-8.122815	5.256915	
958	-7.660693	5.707225	
959	-7.221692	6.073549	
960	-6.812073	6.335917	
961	-6.440102	6.486521	
962	-6.114312	6.538326	
963	-5.841353	6.521425	
964	-5.624847	6.465116	
965	-5.463419	6.385978	
966	-5.350210	6.296195	
967	-5.275721	6.214923	
968	-5.230043	6.163885	
969	-5.203871	6.157469	
970	-5.189562	6.201581	
971	-5.181414	6.297241	
972	-5.176773	6.442420	
973	-5.177242	6.631319	
974	-5.186328	6.853648	
975	-5.206159	7.097570	
976	-5.237373	7.353958	
977	-5.279933	7.617667	
978	-5.332094	7.887220	
979	-5.388971	8.163571	
980	-5.443163	8.446019	
981	-5.486968	8.729231	
982	-5.514494	9.005283	
983	-5.522838	9.265321	
984	-5.511733	9.497165	
985	-5.482563	9.685630	
986	-5.437241	9.820871	
987	-5.377081	9.906663	
988	-5.304368	9.958125	
989	-5.226222	9.992042	
990	-5.154899	10.019120	
991	-5.102634	10.042334	
992	-5.077513	10.061606	
993	-5.084198	10.080276	
994	-5.124566	10.105028	
995	-5.195835	10.139611	
996	-5.290336	10.182432	
997	-5.398184	10.229868	
998	-5.509952	10.278103	
999	-5.618432	10.322766	
1000	-5.719616	10.359619	
1001	-5.812076	10.385244	
1002	-5.895564	10.397587	
1003	-5.970829	10.397323	
1004	-6.040715	10.388114	
1005	-6.110688	10.375218	
1006	-6.186918	10.364058	
1007	-6.272606	10.358138	
1008	-6.366257	10.356784	
1009	-6.463483	10.356252	
1010	-6.559388	10.353658	
1011	-6.649526	10.348947	
1012	-6.730477	10.343423	
1013	-6.800634	10.337241	
1014	-6.860364	10.328466	
1015	-6.911139	10.314619	
1016	-6.954341	10.295428	
1017	-6.990695	10.273813	
1018	-7.020527	10.253864	
1019	-7.044570	10.238444	
1020	-7.065165	10.228432	
1021	-7.086184	10.222863	
1022	-7.110636	10.219148	
1023	-7.139100	10.213415	
1024	-7.170435	10.201181	
1025	-7.202082	10.178087	
1026	-7.229845	10.140954	
1027	-7.248744	10.089762	
1028	-7.254726	10.028650	
1029	-7.246728	9.964426	
1030	-7.227073	9.904216	
1031	-7.199427	9.853634	
1032	-7.167404	9.816040	
1033	-7.134225	9.792812	
1034	-7.102120	9.783711	
1035	-7.072739	9.787463	
1036	-7.047820	9.802714	
1037	-7.028447	9.828805	
1038	-7.014208	9.865787	
1039	-7.003255	9.912911	
1040	-6.992887	9.966850	
1041	-6.980813	10.022226	
1042	-6.966299	10.074228	
1043	-6.949802	10.120767	
1044	-6.931712	10.163378	
1045	-6.911572	10.206546	
1046	-6.888083	10.255352	
1047	-6.859865	10.314235	
1048	-6.826594	10.386476	
1049	-6.788665	10.471476	
1050	-6.744861	10.563828	
1051	-6.691535	10.656938	
1052	-6.625349	10.745925	
1053	-6.546100	10.827518	
1054	-6.456707	10.899021	
1055	-6.360740	10.958243	
1056	-6.259124	11.005192	
1057	-6.149085	11.042558	
1058	-6.026849	11.073093	
1059	-5.890381	11.097403	
1060	-5.738301	11.115415	
1061	-5.568028	11.129933	
1062	-5.377234	11.147632	
1063	-5.166468	11.176402	
1064	-4.939269	11.222159	
1065	-4.700167	11.286580	
1066	-4.452790	11.366494	
1067	-4.198943	11.456510	
1068	-3.938073	11.552399	
1069	-3.666796	11.651707	
1070	-3.379493	11.752643	
1071	-3.070145	11.853003	
1072	-2.733933	11.949413	
1073	-2.367973	12.037589	
1074	-1.972202	12.113583	
1075	-1.550860	12.175154	
1076	-1.112898	12.222404	
1077	-0.670145	12.258106	
1078	-0.234286	12.289439	
1079	0.185928	12.327764	
1080	0.587273	12.382849	
1081	0.973587	12.456913	
1082	1.353841	12.543580	
1083	1.738193	12.630144	
1084	2.136090	12.701345	
1085	2.556890	12.743597	
1086	3.010026	12.747821	
1087	3.503280	12.709949	
1088	4.041192	12.629894	
1089	4.623523	12.511451	
1090	5.243665	12.363324	
1091	5.891034	12.197627	
1092	6.555618	12.026208	
1093	7.228413	11.861065	
1094	7.900248	11.716611	
1095	8.563817	11.603498	
1096	9.216884	11.518907	
1097	9.863946	11.446622	
1098	10.515124	11.366114	
1099	11.181112	11.262669	
1100	11.866461	11.132984	
1101	12.566839	10.983465	
1102	13.274908	10.821054	
1103	13.990137	10.642806	
1104	14.720990	10.435775	
1105	15.478856	10.186883	
1106	16.272366	9.890613	
1107	17.105043	9.549563	
1108	17.975168	9.172085	
1109	18.877619	8.769697	
1110	19.806125	8.354032	
1111	20.754238	7.933764	
1112	21.715462	7.512638	
1113	22.683410	7.090604	
1114	23.651379	6.667863	
1115	24.611798	6.247647	
1116	25.558146	5.835753	
1117	26.487755	5.438593	
1118	27.400410	5.061835	
1119	28.294060	4.710600	
1120	29.164432	4.389877	
1121	30.007853	4.103628	
1122	30.820329	3.853129	
1123	31.594949	3.637364	
1124	32.324748	3.457724	
1125	33.007880	3.320574	
1126	33.647705	3.231639	
1127	34.249662	3.189281	
1128	34.821241	3.183550	
1129	35.373835	3.199086	
1130	35.921975	3.218696	
1131	36.480305	3.227215	
1132	37.059243	3.215564	
1133	37.659343	3.179803	
1134	38.267984	3.114167	
1135	38.860734	3.007149	
1136	39.405059	2.843518	
1137	39.867470	2.609824	
1138	40.226254	2.304975	
1139	40.480553	1.948278	
1140	40.645627	1.575128	
1141	40.739456	1.226066	
1142	40.773979	0.936041	
1143	40.756414	0.725925	
1144	40.694085	0.598646	
1145	40.595599	0.538910	
1146	40.468842	0.519105	
1147	40.319160	0.511734	
1148	40.148841	0.497621	
1149	39.956856	0.468141	
1150	39.740511	0.427788	
1151	39.499012	0.392125	
1152	39.233823	0.376275	
1153	38.946784	0.384484	
1154	38.640147	0.412860	
1155	38.315822	0.458481	
1156	37.972694	0.521102	
1157	37.605905	0.599996	
1158	37.208333	0.693465	
1159	36.772134	0.799327	
1160	36.290903	0.913770	
1161	35.761183	1.029463	
1162	35.181506	1.135058	
1163	34.552225	1.217597	
1164	33.877887	1.265701	
1165	33.167611	1.270867	
1166	32.430785	1.228502	
1167	31.673063	1.139794	
1168	30.897293	1.012107	
1169	30.106283	0.856355	
1170	29.302832	0.684870	
1171	28.487643	0.512857	
1172	27.659562	0.357688	
1173	26.817961	0.233214	
1174	26.011004	-0.088442	
1175	NaN	NaN	
1176	NaN	NaN	
1177	NaN	NaN	
1178	NaN	NaN	
1179	NaN	NaN	
1180	NaN	NaN	
1181	NaN	NaN	
1182	NaN	NaN	
1183	NaN	NaN	
1184	NaN	NaN	
1185	NaN	NaN	
1186	NaN	NaN	
1187	NaN	NaN	
1188	NaN	NaN	
1189	NaN	NaN	
1190	NaN	NaN	
1191	NaN	NaN	
1192	NaN	NaN	
1193	NaN	NaN	
1194	NaN	NaN	
1195	NaN	NaN	
1196	NaN	NaN	
1197	NaN	NaN	
1198	NaN	NaN	
1199	NaN	NaN	
1200	NaN	NaN	
1201	NaN	NaN	
1202	NaN	NaN	
1203	NaN	NaN	
1204	NaN	NaN	
1205	NaN	NaN	
1206	NaN	NaN	
1207	NaN	NaN	
1208	NaN	NaN	
1209	NaN	NaN	
1210	NaN	NaN	
1211	NaN	NaN	
1212	NaN	NaN	
1213	NaN	NaN	
1214	NaN	NaN	
1215	NaN	NaN	
1216	NaN	NaN	
1217	NaN	NaN	
1218	NaN	NaN	
1219	NaN	NaN	
1220	NaN	NaN	
1221	NaN	NaN	
1222	NaN	NaN	
1223	NaN	NaN	
1224	NaN	NaN	
1225	NaN	NaN	
1226	NaN	NaN	
1227	NaN	NaN	
1228	NaN	NaN	
1229	NaN	NaN	
1230	NaN	NaN	
1231	NaN	NaN	
1232	NaN	NaN	
1233	NaN	NaN	
1234	NaN	NaN	
1235	NaN	NaN	
1236	NaN	NaN	
1237	NaN	NaN	
1238	NaN	NaN	
1239	NaN	NaN	
1240	NaN	NaN	
1241	NaN	NaN	
1242	NaN	NaN	
1243	NaN	NaN	
1244	NaN	NaN	
1245	NaN	NaN	
1246	NaN	NaN	
1247	NaN	NaN	
1248	NaN	NaN	
1249	NaN	NaN	
1250	NaN	NaN	
1251	NaN	NaN	
1252	NaN	NaN	
1253	NaN	NaN	
1254	NaN	NaN	
1255	NaN	NaN	
1256	NaN	NaN	
1257	NaN	NaN	
1258	NaN	NaN	
1259	NaN	NaN	
1260	NaN	NaN	
1261	NaN	NaN	
1262	NaN	NaN	
1263	NaN	NaN	
1264	NaN	NaN	
1265	NaN	NaN	
1266	NaN	NaN	
1267	NaN	NaN	
1268	NaN	NaN	
1269	NaN	NaN	
1270	NaN	NaN	
1271	NaN	NaN	
1272	NaN	NaN	
1273	NaN	NaN	
1274	NaN	NaN	
1275	NaN	NaN	
1276	NaN	NaN	
1277	NaN	NaN	
1278	NaN	NaN	
1279	NaN	NaN	
1280	NaN	NaN	
1281	NaN	NaN	
