Athlete_Engineering	// User ID
11-2-2021	// Evaluation date
P004_WALK4	24-1-2021	14:21:02:208	// Source file name and timestamp
250.000	// Sampling rate
5.795	// Data capture period



Sample #	Right_Leg_Flexion	Right_Leg_Abduction	
0	-7.312751	9.986076	
1	-7.315920	10.001163	
2	-7.335838	10.035784	
3	-7.370818	10.083511	
4	-7.421068	10.138759	
5	-7.488822	10.200300	
6	-7.571495	10.266203	
7	-7.660094	10.330865	
8	-7.744394	10.388002	
9	-7.816527	10.433381	
10	-7.871639	10.465531	
11	-7.908339	10.485668	
12	-7.928708	10.496548	
13	-7.937105	10.501026	
14	-7.938255	10.500988	
15	-7.935849	10.497122	
16	-7.932735	10.490333	
17	-7.931582	10.483208	
18	-7.934459	10.479297	
19	-7.942192	10.481565	
20	-7.954979	10.492346	
21	-7.973151	10.513709	
22	-7.996288	10.545413	
23	-8.021981	10.582056	
24	-8.046552	10.614428	
25	-8.066479	10.634053	
26	-8.078705	10.636424	
27	-8.080846	10.621929	
28	-8.071890	10.594231	
29	-8.052607	10.557564	
30	-8.025485	10.516311	
31	-7.994511	10.476028	
32	-7.964739	10.442904	
33	-7.941319	10.422075	
34	-7.928248	10.416642	
35	-7.928016	10.428204	
36	-7.942209	10.458149	
37	-7.970826	10.506241	
38	-8.010619	10.567436	
39	-8.055637	10.633070	
40	-8.099399	10.694969	
41	-8.136639	10.747535	
42	-8.164573	10.788643	
43	-8.182797	10.819398	
44	-8.192228	10.842331	
45	-8.194519	10.859860	
46	-8.191147	10.873059	
47	-8.182469	10.881321	
48	-8.168294	10.884484	
49	-8.149208	10.885163	
50	-8.127134	10.888070	
51	-8.104955	10.897756	
52	-8.085613	10.917987	
53	-8.070948	10.951445	
54	-8.060609	10.997750	
55	-8.052001	11.052587	
56	-8.041944	11.110210	
57	-8.028792	11.166527	
58	-8.013160	11.219871	
59	-7.997393	11.270459	
60	-7.984906	11.319968	
61	-7.979099	11.370484	
62	-7.981456	11.422569	
63	-7.989967	11.473422	
64	-7.999266	11.516778	
65	-8.002608	11.545974	
66	-7.994310	11.557766	
67	-7.971550	11.553201	
68	-7.935471	11.536373	
69	-7.890772	11.512973	
70	-7.843406	11.488227	
71	-7.798464	11.465221	
72	-7.759437	11.445454	
73	-7.727882	11.430352	
74	-7.703266	11.421567	
75	-7.683505	11.420260	
76	-7.666069	11.426180	
77	-7.648992	11.436811	
78	-7.631208	11.447453	
79	-7.612996	11.453883	
80	-7.597011	11.456244	
81	-7.587373	11.459118	
82	-7.586564	11.467686	
83	-7.593990	11.484864	
84	-7.607017	11.510188	
85	-7.622677	11.539862	
86	-7.638959	11.568581	
87	-7.654879	11.591766	
88	-7.670178	11.607627	
89	-7.685626	11.618412	
90	-7.702747	11.629072	
91	-7.722063	11.644087	
92	-7.741480	11.665213	
93	-7.757137	11.691632	
94	-7.766277	11.721317	
95	-7.768831	11.751608	
96	-7.766239	11.778880	
97	-7.759942	11.798541	
98	-7.751768	11.806435	
99	-7.744621	11.801256	
100	-7.741276	11.785372	
101	-7.743103	11.763147	
102	-7.750610	11.738845	
103	-7.764090	11.715220	
104	-7.783171	11.693271	
105	-7.806211	11.673151	
106	-7.830297	11.655056	
107	-7.852193	11.639776	
108	-7.869928	11.628985	
109	-7.883605	11.624681	
110	-7.894778	11.627848	
111	-7.905256	11.637162	
112	-7.916369	11.648426	
113	-7.928929	11.655064	
114	-7.943334	11.649850	
115	-7.960054	11.627848	
116	-7.980727	11.589085	
117	-8.008283	11.538283	
118	-8.046159	11.481732	
119	-8.098100	11.424271	
120	-8.167353	11.368040	
121	-8.254090	11.312512	
122	-8.353378	11.254880	
123	-8.455744	11.190718	
124	-8.550699	11.116043	
125	-8.632014	11.030256	
126	-8.700251	10.936904	
127	-8.759938	10.841878	
128	-8.815583	10.751791	
129	-8.870487	10.673405	
130	-8.927053	10.612850	
131	-8.986566	10.574271	
132	-9.048052	10.558419	
133	-9.107186	10.561805	
134	-9.157646	10.577298	
135	-9.194399	10.595770	
136	-9.214780	10.607210	
137	-9.217057	10.601531	
138	-9.199802	10.570377	
139	-9.162858	10.509628	
140	-9.108235	10.421881	
141	-9.039312	10.317239	
142	-8.959343	10.209289	
143	-8.871922	10.108023	
144	-8.781558	10.017799	
145	-8.692450	9.940644	
146	-8.608368	9.876025	
147	-8.533178	9.818694	
148	-8.469609	9.761628	
149	-8.418796	9.699949	
150	-8.381050	9.631932	
151	-8.355753	9.558029	
152	-8.341238	9.477012	
153	-8.334034	9.383810	
154	-8.326270	9.273481	
155	-8.305174	9.144327	
156	-8.256727	8.997091	
157	-8.170508	8.835431	
158	-8.044580	8.666488	
159	-7.888793	8.502779	
160	-7.723954	8.367474	
161	-7.577085	8.291488	
162	-7.472905	8.297477	
163	-7.424126	8.382957	
164	-7.427603	8.514128	
165	-7.469470	8.639221	
166	-7.534043	8.716688	
167	-7.609471	8.734899	
168	-7.689292	8.712739	
169	-7.770560	8.687376	
170	-7.847875	8.692632	
171	-7.909926	8.737576	
172	-7.944798	8.803166	
173	-7.947058	8.858840	
174	-7.918982	8.880283	
175	-7.867075	8.853723	
176	-7.797332	8.773152	
177	-7.711548	8.641791	
178	-7.606871	8.475120	
179	-7.480195	8.296041	
180	-7.332853	8.125024	
181	-7.168573	7.976171	
182	-6.988888	7.855977	
183	-6.793685	7.758904	
184	-6.582924	7.668058	
185	-6.354716	7.563366	
186	-6.103784	7.428259	
187	-5.823382	7.253016	
188	-5.508093	7.036833	
189	-5.153765	6.785905	
190	-4.756049	6.509166	
191	-4.311574	6.217272	
192	-3.820516	5.923177	
193	-3.288092	5.641143	
194	-2.724393	5.384570	
195	-2.141650	5.162338	
196	-1.550000	4.975242	
197	-0.953949	4.815956	
198	-0.350991	4.673448	
199	0.266112	4.539599	
200	0.904050	4.413522	
201	1.564398	4.299938	
202	2.243590	4.202654	
203	2.936534	4.119431	
204	3.639202	4.043582	
205	4.349199	3.968601	
206	5.067109	3.888217	
207	5.796610	3.795996	
208	6.540462	3.690488	
209	7.300737	3.571389	
210	8.086021	3.425322	
211	8.905638	3.237390	
212	9.749418	3.027205	
213	10.583748	2.856637	
214	11.374166	2.794109	
215	12.113019	2.868868	
216	12.826027	3.052308	
217	13.547033	3.286465	
218	14.286904	3.530456	
219	15.031573	3.772565	
220	15.761948	4.011244	
221	16.465767	4.243472	
222	17.134388	4.468453	
223	17.757307	4.692608	
224	18.322092	4.928480	
225	18.815756	5.189135	
226	19.224033	5.484005	
227	19.532813	5.817841	
228	19.733777	6.189664	
229	19.830296	6.591346	
230	19.840588	7.006631	
231	19.797901	7.409094	
232	19.746467	7.760405	
233	19.729401	8.017010	
234	19.770488	8.147294	
235	19.861862	8.146987	
236	19.968363	8.039501	
237	20.046630	7.859418	
238	20.063781	7.632530	
239	20.006738	7.366252	
240	19.887018	7.048181	
241	19.734610	6.654019	
242	19.573269	6.171322	
243	19.400175	5.620069	
244	19.193097	5.045586	
245	18.929216	4.495640	
246	18.590946	4.009357	
247	18.163227	3.618365	
248	17.635511	3.346362	
249	17.007062	3.205040	
250	16.290225	3.191327	
251	15.509976	3.288698	
252	14.701269	3.468435	
253	13.905621	3.690892	
254	13.163694	3.914179	
255	12.504100	4.105531	
256	11.935478	4.244547	
257	11.447585	4.319856	
258	11.019799	4.326170	
259	10.627912	4.263991	
260	10.245541	4.140068	
261	9.845924	3.967421	
262	9.406137	3.765050	
263	8.910532	3.555096	
264	8.351274	3.357760	
265	7.725883	3.188433	
266	7.033856	3.057242	
267	6.275874	2.968204	
268	5.457804	2.918656	
269	4.595775	2.901245	
270	3.714833	2.908061	
271	2.840618	2.933322	
272	1.990965	2.973599	
273	1.171978	3.028752	
274	0.379922	3.103102	
275	-0.391629	3.201928	
276	-1.144274	3.323961	
277	-1.870972	3.455497	
278	-2.555338	3.569483	
279	-3.178357	3.638128	
280	-3.732013	3.658090	
281	-4.222479	3.659411	
282	-4.661042	3.684723	
283	-5.060344	3.763908	
284	-5.436709	3.902512	
285	-5.810165	4.081508	
286	-6.201344	4.267475	
287	-6.626766	4.427329	
288	-7.095820	4.535774	
289	-7.609742	4.575653	
290	-8.160652	4.539226	
291	-8.732155	4.432052	
292	-9.301849	4.275303	
293	-9.845178	4.100952	
294	-10.342310	3.938433	
295	-10.785757	3.803014	
296	-11.182777	3.694996	
297	-11.550560	3.605381	
298	-11.904934	3.525436	
299	-12.248648	3.456647	
300	-12.570786	3.408150	
301	-12.856643	3.385864	
302	-13.095810	3.390244	
303	-13.284401	3.420925	
304	-13.423561	3.479223	
305	-13.514904	3.567749	
306	-13.556307	3.687650	
307	-13.542387	3.836191	
308	-13.468938	4.008794	
309	-13.336855	4.202013	
310	-13.152259	4.412199	
311	-12.924006	4.634109	
312	-12.661359	4.862721	
313	-12.372547	5.093623	
314	-12.064057	5.322258	
315	-11.740507	5.544753	
316	-11.405301	5.757291	
317	-11.060897	5.953691	
318	-10.708051	6.125186	
319	-10.348580	6.264902	
320	-9.990421	6.373222	
321	-9.646337	6.455108	
322	-9.328363	6.513288	
323	-9.045110	6.548264	
324	-8.801323	6.560260	
325	-8.598626	6.547318	
326	-8.437260	6.505587	
327	-8.315880	6.434075	
328	-8.228796	6.339301	
329	-8.164410	6.236235	
330	-8.107283	6.145362	
331	-8.041750	6.088124	
332	-7.954745	6.081692	
333	-7.837672	6.133603	
334	-7.687087	6.239443	
335	-7.504215	6.385246	
336	-7.293985	6.552122	
337	-7.063502	6.721361	
338	-6.820214	6.879910	
339	-6.571093	7.024403	
340	-6.323095	7.161099	
341	-6.083499	7.301238	
342	-5.858822	7.455361	
343	-5.652936	7.630623	
344	-5.466721	7.830867	
345	-5.299805	8.058157	
346	-5.151952	8.315351	
347	-5.022533	8.606699	
348	-4.909234	8.934209	
349	-4.808899	9.294706	
350	-4.721059	9.682307	
351	-4.649490	10.091030	
352	-4.599486	10.513451	
353	-4.574891	10.940160	
354	-4.577627	11.360578	
355	-4.608037	11.761348	
356	-4.664491	12.124807	
357	-4.743676	12.432074	
358	-4.843107	12.669516	
359	-4.962833	12.833193	
360	-5.103568	12.927829	
361	-5.263653	12.962449	
362	-5.437343	12.947819	
363	-5.615890	12.897576	
364	-5.791929	12.829954	
365	-5.963032	12.766743	
366	-6.129964	12.727984	
367	-6.290942	12.722738	
368	-6.435145	12.738948	
369	-6.539473	12.740944	
370	-6.577054	12.686817	
371	-6.535487	12.556938	
372	-6.424280	12.363239	
373	-6.264449	12.133125	
374	-6.077616	11.891593	
375	-5.882536	11.655499	
376	-5.692948	11.434824	
377	-5.517402	11.235608	
378	-5.361450	11.064136	
379	-5.227551	10.930074	
380	-5.114630	10.846112	
381	-5.021858	10.827584	
382	-4.953601	10.890927	
383	-4.916844	11.039205	
384	-4.911707	11.244745	
385	-4.928528	11.458825	
386	-4.954486	11.638436	
387	-4.979949	11.759105	
388	-5.001073	11.812978	
389	-5.019683	11.802363	
390	-5.040044	11.735359	
391	-5.063905	11.625831	
392	-5.088657	11.491051	
393	-5.110487	11.345778	
394	-5.127709	11.201671	
395	-5.140980	11.073071	
396	-5.151645	10.978320	
397	-5.160335	10.932719	
398	-5.166990	10.941536	
399	-5.171395	10.998788	
400	-5.173236	11.090946	
401	-5.171762	11.201912	
402	-5.164703	11.314938	
403	-5.147369	11.413057	
404	-5.114355	11.482116	
405	-5.062316	11.512944	
406	-4.990302	11.498513	
407	-4.899722	11.432479	
408	-4.796230	11.314299	
409	-4.690956	11.156889	
410	-4.600702	10.994593	
411	-4.545481	10.881288	
412	-4.538806	10.863016	
413	-4.578837	10.947479	
414	-4.651503	11.105552	
415	-4.739781	11.293709	
416	-4.830838	11.473309	
417	-4.918493	11.619396	
418	-5.001303	11.720485	
419	-5.079900	11.775965	
420	-5.155649	11.794642	
421	-5.229837	11.792993	
422	-5.302623	11.790516	
423	-5.371548	11.801102	
424	-5.431255	11.826217	
425	-5.476436	11.857703	
426	-5.504627	11.885865	
427	-5.514901	11.903097	
428	-5.506397	11.905230	
429	-5.479576	11.893671	
430	-5.435902	11.872981	
431	-5.375624	11.846261	
432	-5.297930	11.816007	
433	-5.203343	11.787780	
434	-5.095437	11.770880	
435	-4.980513	11.775674	
436	-4.865312	11.809460	
437	-4.754648	11.873397	
438	-4.651080	11.961927	
439	-4.555726	12.064435	
440	-4.468163	12.167874	
441	-4.385720	12.259998	
442	-4.303403	12.333545	
443	-4.215422	12.388316	
444	-4.117561	12.428500	
445	-4.007707	12.458361	
446	-3.884644	12.481005	
447	-3.747439	12.500594	
448	-3.595979	12.523535	
449	-3.431824	12.556174	
450	-3.257856	12.602091	
451	-3.076709	12.661604	
452	-2.889638	12.732149	
453	-2.695473	12.808455	
454	-2.490102	12.884505	
455	-2.269082	12.956442	
456	-2.030815	13.021154	
457	-1.776104	13.072393	
458	-1.506940	13.103152	
459	-1.226924	13.112391	
460	-0.940053	13.105707	
461	-0.648458	13.090266	
462	-0.352980	13.071165	
463	-0.054528	13.050444	
464	0.246694	13.027890	
465	0.551877	13.002602	
466	0.862793	12.973934	
467	1.181798	12.942160	
468	1.513037	12.908850	
469	1.862235	12.876366	
470	2.233815	12.845914	
471	2.627460	12.815285	
472	3.038208	12.780065	
473	3.460717	12.737763	
474	3.892773	12.689604	
475	4.334917	12.638482	
476	4.788403	12.586409	
477	5.254293	12.534727	
478	5.734021	12.485124	
479	6.228857	12.438140	
480	6.736988	12.392017	
481	7.252947	12.344293	
482	7.772246	12.293167	
483	8.295402	12.238529	
484	8.827654	12.183808	
485	9.377830	12.134401	
486	9.956318	12.091748	
487	10.570137	12.049375	
488	11.218660	11.993765	
489	11.893022	11.909716	
490	12.579310	11.788761	
491	13.264626	11.632820	
492	13.941681	11.449040	
493	14.608520	11.243379	
494	15.265647	11.018462	
495	15.914244	10.773159	
496	16.555932	10.502156	
497	17.192637	10.195817	
498	17.826000	9.840616	
499	18.456564	9.423500	
500	19.083186	8.939253	
501	19.703193	8.392517	
502	20.314476	7.793901	
503	20.919548	7.155315	
504	21.527990	6.485168	
505	22.154203	5.788818	
506	22.813013	5.077950	
507	23.517666	4.375991	
508	24.279733	3.710867	
509	25.106697	3.105683	
510	25.997574	2.574858	
511	26.942723	2.125293	
512	27.929351	1.763460	
513	28.947373	1.500107	
514	29.992141	1.343068	
515	31.062827	1.287969	
516	32.158040	1.319468	
517	33.273694	1.418126	
518	34.403774	1.564367	
519	35.541106	1.740113	
520	36.677674	1.929585	
521	37.804262	2.119415	
522	38.908889	2.300000	
523	39.976300	2.467809	
524	40.990923	2.625107	
525	41.941733	2.775664	
526	42.825648	2.920629	
527	43.647655	3.059369	
528	44.418266	3.193732	
529	45.150172	3.329860	
530	45.855574	3.474898	
531	46.544553	3.632554	
532	47.223758	3.802246	
533	47.895441	3.980442	
534	48.558315	4.161247	
535	49.210224	4.338295	
536	49.851078	4.508507	
537	50.483797	4.673242	
538	51.110769	4.834349	
539	51.728120	4.987657	
540	52.324103	5.119319	
541	52.883931	5.209260	
542	53.396779	5.239808	
543	53.860034	5.201502	
544	54.279875	5.092396	
545	54.668663	4.915737	
546	55.040563	4.677646	
547	55.407922	4.383607	
548	55.777018	4.039169	
549	56.140480	3.657873	
550	56.470575	3.269508	
551	56.721576	2.920538	
552	56.843084	2.665063	
553	56.795936	2.549501	
554	56.561301	2.596756	
555	56.141720	2.800171	
556	55.557396	3.130515	
557	54.841118	3.544847	
558	54.035070	3.991617	
559	53.186032	4.419130	
560	52.335283	4.786309	
561	51.511066	5.067615	
562	50.728341	5.253602	
563	49.990152	5.349788	
564	49.286595	5.373465	
565	48.595478	5.348328	
566	47.891314	5.292976	
567	47.159103	5.207008	
568	46.399057	5.071089	
569	45.616354	4.863285	
570	44.806689	4.575200	
571	43.950973	4.217890	
572	43.020986	3.817731	
573	41.988177	3.406527	
574	40.828921	3.010789	
575	39.528669	2.641948	
576	38.087115	2.292907	
577	36.518269	1.945402	
578	34.844125	1.582757	
579	33.086284	1.203617	
580	31.259068	0.830205	
581	29.370103	0.499755	
582	27.428104	0.246802	
583	25.449900	0.091304	
584	23.464224	0.029398	
585	21.510616	0.029591	
586	19.629638	0.046800	
587	17.849834	0.046261	
588	16.181973	0.015551	
589	14.622152	-0.040080	
590	13.157559	-0.106662	
591	11.771938	-0.170108	
592	10.451763	-0.224142	
593	9.190053	-0.270642	
594	7.984215	-0.313141	
595	6.831363	-0.351356	
596	5.724630	-0.377892	
597	4.651001	-0.376098	
598	3.593609	-0.323830	
599	2.538116	-0.203905	
600	1.477448	-0.013427	
601	0.411643	0.234078	
602	-0.656331	0.516776	
603	-1.721769	0.813410	
604	-2.773782	1.102557	
605	-3.796923	1.365876	
606	-4.779780	1.598090	
607	-5.717769	1.807747	
608	-6.609451	2.010093	
609	-7.453803	2.221531	
610	-8.248313	2.454368	
611	-8.985297	2.710288	
612	-9.652307	2.979134	
613	-10.239246	3.243156	
614	-10.741782	3.480121	
615	-11.157434	3.667489	
616	-11.483360	3.789621	
617	-11.718546	3.841864	
618	-11.865190	3.828322	
619	-11.928059	3.757238	
620	-11.914385	3.639806	
621	-11.834708	3.492996	
622	-11.701354	3.339599	
623	-11.523233	3.200351	
624	-11.303457	3.086004	
625	-11.043888	3.000750	
626	-10.749659	2.951681	
627	-10.427739	2.949537	
628	-10.083128	3.000386	
629	-9.718558	3.100500	
630	-9.337264	3.237815	
631	-8.945034	3.394532	
632	-8.552085	3.549463	
633	-8.176156	3.681781	
634	-7.843144	3.774440	
635	-7.581737	3.814960	
636	-7.414307	3.797680	
637	-7.349039	3.732016	
638	-7.377699	3.650958	
639	-7.479330	3.607992	
640	-7.625729	3.660777	
641	-7.786309	3.853142	
642	-7.930912	4.203175	
643	-8.030299	4.697554	
644	-8.058813	5.294362	
645	-8.000443	5.935297	
646	-7.851759	6.560823	
647	-7.619409	7.120320	
648	-7.317988	7.577442	
649	-6.969203	7.914872	
650	-6.597398	8.136534	
651	-6.223220	8.264365	
652	-5.860622	8.329751	
653	-5.517704	8.362182	
654	-5.199978	8.383205	
655	-4.913116	8.410399	
656	-4.662921	8.464404	
657	-4.453504	8.570084	
658	-4.286217	8.751439	
659	-4.162025	9.024965	
660	-4.083879	9.393984	
661	-4.053417	9.846221	
662	-4.066200	10.356463	
663	-4.111851	10.892202	
664	-4.177430	11.419757	
665	-4.250133	11.909092	
666	-4.318714	12.335599	
667	-4.375862	12.680687	
668	-4.420736	12.933450	
669	-4.457885	13.090900	
670	-4.493737	13.156156	
671	-4.533713	13.137506	
672	-4.580445	13.047113	
673	-4.635469	12.898469	
674	-4.703613	12.705213	
675	-4.792715	12.482019	
676	-4.907762	12.246301	
677	-5.046823	12.018086	
678	-5.201688	11.816299	
679	-5.361374	11.653648	
680	-5.516297	11.533480	
681	-5.659590	11.450685	
682	-5.784135	11.395017	
683	-5.879153	11.353356	
684	-5.931307	11.312438	
685	-5.931188	11.262976	
686	-5.880570	11.200896	
687	-5.793381	11.124946	
688	-5.688481	11.035172	
689	-5.581206	10.935938	
690	-5.482649	10.843413	
691	-5.405648	10.791280	
692	-5.365558	10.820684	
693	-5.371967	10.953088	
694	-5.423739	11.174570	
695	-5.513050	11.447481	
696	-5.629656	11.728527	
697	-5.762263	11.980699	
698	-5.901100	12.184208	
699	-6.041057	12.340721	
700	-6.180581	12.462850	
701	-6.315945	12.559357	
702	-6.438099	12.631939	
703	-6.535856	12.680700	
704	-6.599730	12.707002	
705	-6.622487	12.713825	
706	-6.599954	12.707852	
707	-6.534865	12.700347	
708	-6.439172	12.702584	
709	-6.331412	12.719853	
710	-6.233103	12.751407	
711	-6.164861	12.794698	
712	-6.139541	12.847934	
713	-6.156754	12.909592	
714	-6.203170	12.976257	
715	-6.256765	13.041981	
716	-6.294496	13.100283	
717	-6.301102	13.145632	
718	-6.271400	13.173218	
719	-6.205638	13.178777	
720	-6.105003	13.159194	
721	-5.969319	13.113569	
722	-5.797225	13.044929	
723	-5.591782	12.962054	
724	-5.367324	12.879766	
725	-5.146089	12.814780	
726	-4.944526	12.775976	
727	-4.765143	12.757758	
728	-4.602204	12.744714	
729	-4.451329	12.720736	
730	-4.313067	12.674485	
731	-4.190285	12.601283	
732	-4.083924	12.503230	
733	-3.992444	12.389367	
734	-3.915982	12.275587	
735	-3.858779	12.181151	
736	-3.824817	12.122025	
737	-3.811899	12.105899	
738	-3.811526	12.131579	
739	-3.812595	12.191054	
740	-3.803458	12.271638	
741	-3.772541	12.358108	
742	-3.709910	12.435608	
743	-3.608411	12.491373	
744	-3.461817	12.514552	
745	-3.262997	12.496834	
746	-3.008896	12.433910	
747	-2.708816	12.325863	
748	-2.381699	12.177770	
749	-2.041807	12.001349	
750	-1.690026	11.814473	
751	-1.318517	11.635559	
752	-0.919527	11.475947	
753	-0.491999	11.337908	
754	-0.046490	11.219061	
755	0.394970	11.116529	
756	0.805622	11.029123	
757	1.161520	10.959404	
758	1.446204	10.913008	
759	1.651948	10.894086	
760	1.779641	10.901816	
761	1.841054	10.931273	
762	1.860015	10.975269	
763	1.867928	11.023263	
764	1.895036	11.061456	
765	1.962118	11.080119	
766	2.078610	11.082333	
767	2.245727	11.081215	
768	2.457932	11.086063	
769	2.704340	11.093984	
770	2.973999	11.094605	
771	3.260191	11.077474	
772	3.558936	11.035744	
773	3.866517	10.968034	
774	4.180661	10.877562	
775	4.502112	10.768863	
776	4.834665	10.644985	
777	5.184925	10.506128	
778	5.560218	10.350728	
779	5.964987	10.179025	
780	6.398899	9.995108	
781	6.857386	9.804686	
782	7.333361	9.611896	
783	7.819034	9.418208	
784	8.307714	9.221689	
785	8.795269	9.015958	
786	9.280222	8.790541	
787	9.764546	8.533321	
788	10.256189	8.235054	
789	10.769492	7.892831	
790	11.322190	7.509240	
791	11.930955	7.089954	
792	12.607395	6.642173	
793	13.356284	6.173583	
794	14.175503	5.692019	
795	15.057474	5.204081	
796	15.991415	4.714694	
797	16.965125	4.231247	
798	17.967883	3.764992	
799	18.994194	3.325068	
800	20.045857	2.915215	
801	21.130588	2.538284	
802	22.256186	2.200768	
803	23.424890	1.912411	
804	24.633199	1.684349	
805	25.874159	1.527705	
806	27.137787	1.451867	
807	28.410777	1.464030	
808	29.678536	1.569547	
809	30.928176	1.771580	
810	32.149356	2.070760	
811	33.334243	2.463389	
812	34.478168	2.938917	
813	35.579201	3.482237	
814	36.635727	4.078785	
815	37.644520	4.713587	
816	38.602415	5.365012	
817	39.510098	6.003904	
818	40.373851	6.601237	
819	41.205461	7.135375	
820	42.021029	7.594718	
821	42.837186	7.979663	
822	43.667338	8.302331	
823	44.520028	8.581348	
824	45.396416	8.836098	
825	46.288568	9.082047	
826	47.182290	9.324616	
827	48.060231	9.554764	
828	48.903350	9.751782	
829	49.695496	9.892236	
830	50.428316	9.958300	
831	51.099708	9.941538	
832	51.707518	9.846223	
833	52.244680	9.692838	
834	52.700791	9.512436	
835	53.069995	9.331224	
836	53.355989	9.159309	
837	53.566701	8.992713	
838	53.705410	8.822369	
839	53.768969	8.640141	
840	53.752607	8.440960	
841	53.654587	8.222655	
842	53.477070	7.983021	
843	53.224909	7.718435	
844	52.906302	7.426540	
845	52.533141	7.107886	
846	52.117219	6.763313	
847	51.664230	6.392804	
848	51.169663	6.000768	
849	50.620837	5.600004	
850	50.004276	5.205937	
851	49.311645	4.827236	
852	48.542377	4.463595	
853	47.705203	4.112852	
854	46.816340	3.780853	
855	45.895442	3.482544	
856	44.965714	3.230745	
857	44.054758	3.024960	
858	43.186839	2.851500	
859	42.370555	2.690601	
860	41.592278	2.523432	
861	40.817617	2.339240	
862	40.000145	2.141026	
863	39.097052	1.943421	
864	38.085116	1.764095	
865	36.968169	1.615837	
866	35.774995	1.500721	
867	34.547403	1.411023	
868	33.317515	1.342083	
869	32.090534	1.302832	
870	30.852469	1.308119	
871	29.590823	1.363497	
872	28.303988	1.459529	
873	26.999145	1.574602	
874	25.688237	1.682453	
875	24.382990	1.764841	
876	23.090634	1.821609	
877	21.815582	1.866779	
878	20.564552	1.912583	
879	19.344814	1.958899	
880	18.156613	1.997564	
881	16.991421	2.020837	
882	15.838144	2.023298	
883	14.689306	1.999980	
884	13.541190	1.947019	
885	12.390452	1.863458	
886	11.233920	1.748516	
887	10.071470	1.595978	
888	8.908311	1.393286	
889	7.756081	1.126706	
890	6.629962	0.788993	
891	5.540999	0.386869	
892	4.490504	-0.055071	
893	3.471473	-0.497858	
894	2.474037	-0.898990	
895	1.490285	-1.224756	
896	0.517564	-1.458427	
897	-0.440300	-1.602301	
898	-1.375290	-1.673141	
899	-2.278893	-1.693895	
900	-3.144063	-1.686496	
901	-3.965596	-1.667722	
902	-4.740526	-1.647191	
903	-5.468320	-1.627392	
904	-6.149831	-1.606395	
905	-6.786015	-1.581567	
906	-7.377342	-1.551311	
907	-7.923393	-1.514680	
908	-8.423204	-1.471149	
909	-8.876583	-1.421152	
910	-9.284642	-1.365728	
911	-9.649053	-1.305374	
912	-9.970754	-1.239852	
913	-10.248564	-1.168802	
914	-10.478990	-1.092263	
915	-10.658312	-1.011490	
916	-10.784537	-0.929216	
917	-10.856564	-0.847820	
918	-10.873182	-0.766861	
919	-10.833843	-0.682664	
920	-10.739430	-0.590159	
921	-10.592384	-0.485216	
922	-10.396433	-0.365758	
923	-10.157260	-0.231017	
924	-9.884882	-0.080366	
925	-9.594472	0.086178	
926	-9.304294	0.266226	
927	-9.034113	0.454329	
928	-8.804046	0.643100	
929	-8.630721	0.825105	
930	-8.522133	0.994371	
931	-8.476793	1.146814	
932	-8.488887	1.280148	
933	-8.553733	1.395253	
934	-8.667998	1.499997	
935	-8.825782	1.613742	
936	-9.015084	1.769002	
937	-9.217668	2.006343	
938	-9.412482	2.361035	
939	-9.580934	2.846604	
940	-9.710587	3.444753	
941	-9.794308	4.106644	
942	-9.826636	4.764539	
943	-9.802990	5.350002	
944	-9.722663	5.810854	
945	-9.589555	6.119138	
946	-9.409740	6.271324	
947	-9.191711	6.287044	
948	-8.948645	6.205886	
949	-8.695690	6.078185	
950	-8.442592	5.953426	
951	-8.191380	5.872763	
952	-7.941830	5.865777	
953	-7.695715	5.949823	
954	-7.457730	6.131757	
955	-7.238691	6.409957	
956	-7.058537	6.776095	
957	-6.944768	7.216799	
958	-6.924435	7.713915	
959	-7.007832	8.245682	
960	-7.178106	8.789088	
961	-7.399952	9.320421	
962	-7.633074	9.816278	
963	-7.840106	10.256110	
964	-7.994314	10.622744	
965	-8.085080	10.901351	
966	-8.117035	11.079436	
967	-8.104122	11.148899	
968	-8.061870	11.110830	
969	-8.002663	10.978828	
970	-7.935288	10.775338	
971	-7.866152	10.525453	
972	-7.800514	10.254027	
973	-7.742472	9.983142	
974	-7.693097	9.729007	
975	-7.648441	9.501923	
976	-7.599239	9.308316	
977	-7.532286	9.152063	
978	-7.433349	9.035272	
979	-7.292622	8.959034	
980	-7.111416	8.923409	
981	-6.904685	8.926297	
982	-6.695918	8.962670	
983	-6.507817	9.025603	
984	-6.354438	9.107435	
985	-6.237911	9.198529	
986	-6.150486	9.285521	
987	-6.079683	9.352780	
988	-6.013121	9.385637	
989	-5.941619	9.372721	
990	-5.859885	9.308887	
991	-5.765072	9.197719	
992	-5.655467	9.049887	
993	-5.531589	8.879560	
994	-5.398892	8.702046	
995	-5.267784	8.531198	
996	-5.149538	8.376581	
997	-5.052275	8.242591	
998	-4.979733	8.130318	
999	-4.932393	8.039866	
1000	-4.908920	7.969372	
1001	-4.905622	7.912449	
1002	-4.915461	7.860291	
1003	-4.929238	7.807873	
1004	-4.937524	7.756839	
1005	-4.931101	7.712713	
1006	-4.900665	7.680675	
1007	-4.837602	7.663498	
1008	-4.736789	7.662587	
1009	-4.600151	7.680045	
1010	-4.437576	7.718452	
1011	-4.263893	7.778638	
1012	-4.094255	7.858854	
1013	-3.940676	7.956938	
1014	-3.809831	8.072503	
1015	-3.701293	8.205344	
1016	-3.608404	8.352024	
1017	-3.522109	8.504674	
1018	-3.433069	8.651694	
1019	-3.330727	8.779189	
1020	-3.203172	8.874099	
1021	-3.039833	8.928807	
1022	-2.834969	8.943856	
1023	-2.589593	8.927844	
1024	-2.311655	8.896924	
1025	-2.014368	8.871353	
1026	-1.711536	8.866297	
1027	-1.413054	8.885217	
1028	-1.126780	8.924406	
1029	-0.863007	8.982700	
1030	-0.632337	9.064928	
1031	-0.439690	9.176764	
1032	-0.282306	9.316799	
1033	-0.151397	9.472968	
1034	-0.035106	9.627337	
1035	0.076615	9.765751	
1036	0.188224	9.883620	
1037	0.299664	9.984860	
1038	0.407778	10.078199	
1039	0.504694	10.173409	
1040	0.579008	10.279165	
1041	0.621233	10.404249	
1042	0.626909	10.557636	
1043	0.596269	10.743505	
1044	0.534386	10.956570	
1045	0.451841	11.184931	
1046	0.365473	11.419246	
1047	0.298856	11.659257	
1048	0.278648	11.910293	
1049	0.326147	12.173199	
1050	0.449368	12.438352	
1051	0.641305	12.689855	
1052	0.885104	12.913759	
1053	1.159349	13.100304	
1054	1.438944	13.241969	
1055	1.698957	13.333786	
1056	1.925118	13.375289	
1057	2.121257	13.370128	
1058	2.307498	13.321208	
1059	2.511307	13.226680	
1060	2.755655	13.082077	
1061	3.051080	12.883872	
1062	3.395094	12.630337	
1063	3.776631	12.323143	
1064	4.181139	11.971693	
1065	4.592114	11.594057	
1066	4.989376	11.209888	
1067	5.350314	10.833599	
1068	5.658252	10.474912	
1069	5.910329	10.140977	
1070	6.115153	9.835100	
1071	6.284326	9.555847	
1072	6.427828	9.300256	
1073	6.556951	9.067649	
1074	6.689917	8.859137	
1075	6.850035	8.675873	
1076	7.056785	8.520822	
1077	7.321742	8.400969	
1078	7.650982	8.326494	
1079	8.045399	8.309873	
1080	8.498019	8.364413	
1081	8.994528	8.496799	
1082	9.518929	8.700363	
1083	10.057645	8.957906	
1084	10.595757	9.243067	
1085	11.112680	9.517526	
1086	11.586409	9.738706	
1087	12.001195	9.872948	
1088	12.351065	9.900324	
1089	12.639020	9.814540	
1090	12.873005	9.620870	
1091	13.059287	9.325228	
1092	13.198093	8.917537	
1093	13.287160	8.365038	
1094	13.328128	7.614014	
1095	13.327363	6.574099	
1096	13.295526	5.049807	
1097	13.262267	2.517871	
1098	13.419171	-2.929506	
1099	16.986668	-24.875864	
1100	24.076854	-76.484841	
1101	23.959671	-151.743499	
1102	26.177123	-162.398449	
1103	26.495965	-166.368899	
1104	26.243527	-168.898648	
1105	25.698630	-170.929103	
1106	24.963014	-172.736774	
1107	24.093524	-174.404653	
1108	23.130583	-175.939107	
1109	22.104683	-177.308565	
1110	21.038331	-178.470260	
1111	19.946842	-179.399253	
1112	18.838402	179.905727	
1113	17.716798	179.438154	
1114	16.588577	179.183813	
1115	15.471522	179.106901	
1116	14.398807	179.155081	
1117	13.407739	179.282570	
1118	12.513236	179.465582	
1119	11.696956	179.702140	
1120	10.928762	-179.995243	
1121	10.188824	-179.608967	
1122	9.464812	-179.130991	
1123	8.739308	-178.577945	
1124	7.988487	-177.990675	
1125	7.190076	-177.421669	
1126	6.327274	-176.923194	
1127	5.390055	-176.531393	
1128	4.383086	-176.249159	
1129	3.333747	-176.040121	
1130	2.288156	-175.838853	
1131	1.297186	-175.582546	
1132	0.404551	-175.244304	
1133	-0.356468	-174.832046	
1134	-0.964966	-174.367996	
1135	-1.417124	-173.883182	
1136	-1.722425	-173.416876	
1137	-1.889925	-173.006000	
1138	-1.921968	-172.674480	
1139	-1.819984	-172.430533	
1140	-1.587864	-172.268757	
1141	-1.229545	-172.171841	
1142	-0.747464	-172.110629	
1143	-0.140629	-172.046573	
1144	0.591123	-171.941658	
1145	1.432256	-171.773380	
1146	2.345170	-171.539584	
1147	3.279944	-171.244403	
1148	4.191316	-170.875216	
1149	5.064127	-170.383047	
1150	5.940410	-169.676795	
1151	6.939409	-168.627812	
1152	8.286371	-167.050066	
1153	10.371823	-164.593641	
1154	13.872653	-160.344341	
1155	20.361583	-150.409385	
1156	52.076523	-84.140740	
1157	67.691399	-10.794936	
1158	63.649647	0.693056	
1159	60.166024	4.165214	
1160	57.551701	5.291641	
1161	55.444175	5.365765	
1162	53.598995	4.899869	
1163	51.901744	4.193882	
1164	50.315992	3.453035	
1165	48.843062	2.812173	
1166	47.497646	2.345661	
1167	46.297452	2.077662	
1168	45.256152	1.992731	
1169	44.369660	2.045617	
1170	43.600598	2.168388	
1171	42.871303	2.276626	
1172	42.076937	2.288320	
1173	41.122971	2.160236	
1174	39.964230	1.917358	
1175	38.612880	1.648847	
1176	37.112096	1.471117	
1177	35.507909	1.483842	
1178	33.842866	1.745650	
1179	32.158686	2.272248	
1180	30.495972	3.045229	
1181	28.893417	4.024641	
1182	27.383753	5.163204	
1183	25.987574	6.418975	
1184	24.710431	7.759812	
1185	23.541900	9.158203	
1186	22.458875	10.585620	
1187	21.434026	12.015144	
1188	20.444203	13.429671	
1189	19.479424	14.824512	
1190	18.547685	16.202761	
1191	17.671822	17.574505	
1192	16.902684	18.964949	
1193	16.409624	20.445681	
1194	17.040710	22.363020	
1195	19.183938	26.023650	
1196	12.600484	26.051630	
1197	9.656663	26.566908	
1198	7.829333	27.439277	
1199	6.411695	28.451755	
1200	5.204357	29.530075	
1201	4.123185	30.638883	
1202	3.121810	31.758330	
1203	2.173927	32.880940	
1204	1.269028	34.015928	
1205	0.418726	35.199312	
1206	-0.335997	36.494400	
1207	-0.949007	37.954256	
1208	-1.414667	39.574228	
1209	-1.770090	41.305307	
1210	-2.052023	43.109827	
1211	-2.268050	44.986385	
1212	-2.394490	46.958498	
1213	-2.377025	49.056754	
1214	-2.120288	51.305605	
1215	-1.445211	53.717142	
1216	0.057588	56.289358	
1217	3.636465	59.004645	
1218	15.836105	61.834671	
1219	107.259358	64.756083	
1220	154.062518	67.760870	
1221	161.421324	70.850176	
1222	164.019906	74.025893	
1223	165.225207	77.291355	
1224	165.857046	80.657354	
1225	166.220646	84.149974	
1226	166.469546	87.821362	
1227	166.712929	91.769583	
1228	167.066381	96.189329	
1229	167.695107	101.536348	
1230	168.877059	109.216146	
1231	171.123865	126.378539	
1232	175.383453	-66.774358	
1233	-176.897284	73.423278	
1234	-164.600580	88.139038	
1235	-148.605242	93.956204	
1236	-132.074307	97.389473	
1237	-118.062281	99.817679	
1238	-107.556546	101.699520	
1239	-100.140236	103.225966	
1240	-95.116127	104.469336	
1241	-91.843701	105.455143	
1242	-89.688646	106.232228	
1243	-88.034174	106.890432	
1244	-86.411751	107.508225	
1245	-84.635730	108.063872	
1246	-82.794659	108.350811	
1247	-81.082619	107.885928	
1248	-79.731534	105.548955	
1249	-79.506784	98.084901	
1250	126.359347	76.814601	
1251	116.796173	32.293184	
1252	16.256777	75.757660	
1253	-103.383819	0.514976	
1254	-86.587931	13.804338	
1255	-82.710587	18.589487	
1256	-80.487193	21.099724	
1257	-78.835441	24.160457	
1258	-77.957838	28.033294	
1259	-77.819168	31.687997	
1260	-77.604412	34.010304	
1261	-76.344619	34.632795	
1262	-73.701821	33.815639	
1263	-70.094374	32.046216	
1264	-66.721783	29.635250	
1265	-65.915827	26.423065	
1266	-72.916257	21.588898	
1267	-96.964370	13.946611	
1268	-129.134596	5.286686	
1269	-149.640050	-5.250843	
1270	-160.632574	-25.743696	
1271	-167.581212	-61.398144	
1272	-172.210411	-120.894724	
1273	-175.156546	169.669529	
1274	-176.914693	126.239634	
1275	-177.884478	105.840146	
1276	-178.387297	96.628149	
1277	-178.673607	92.031298	
1278	-178.908376	88.495823	
1279	-179.163152	84.229858	
1280	-179.449400	78.630121	
1281	-179.762091	71.885106	
1282	179.909039	64.897830	
1283	179.583357	58.965876	
1284	179.266995	54.784527	
1285	178.878496	51.345610	
1286	178.084716	45.205826	
1287	175.704203	28.672407	
1288	164.677761	-23.191397	
1289	92.672312	141.585828	
1290	61.951579	113.586277	
1291	83.120982	112.406639	
1292	95.213537	110.694752	
1293	105.225584	106.356011	
1294	115.661027	102.021740	
1295	124.345538	98.435054	
1296	129.989145	95.931453	
1297	133.351655	94.680875	
1298	135.500862	94.671681	
1299	137.066285	95.935403	
1300	138.324523	98.469300	
1301	139.354241	102.053301	
1302	140.149145	106.227027	
1303	140.672915	110.381570	
1304	140.829662	113.700002	
1305	140.276400	114.662329	
1306	137.728404	108.244292	
1307	147.108091	66.801249	
1308	155.265506	54.458583	
1309	157.739923	53.781166	
1310	159.301056	54.805450	
1311	160.504848	56.867835	
1312	161.544475	59.606047	
1313	162.513756	62.798925	
1314	163.459815	66.379804	
1315	164.405622	70.387654	
1316	165.361601	74.927668	
1317	166.331673	80.155497	
1318	167.316419	86.278970	
1319	168.314769	93.570712	
1320	169.324913	102.386121	
1321	170.344801	113.177566	
1322	171.372420	126.482295	
1323	172.405960	142.833343	
1324	173.443907	162.513331	
1325	174.485117	-174.872768	
1326	175.528880	-150.742315	
1327	176.574994	-127.243150	
1328	177.623869	-106.291294	
1329	178.676659	-88.835949	
1330	179.735438	-74.910188	
1331	-179.196616	-64.071470	
1332	-178.115068	-55.757746	
1333	-177.014217	-49.454392	
1334	-175.887390	-44.741688	
1335	-174.727718	-41.292684	
1336	-173.529580	-38.856919	
1337	-172.290680	-37.242943	
1338	-171.014411	-36.302668	
1339	-169.711735	-35.917541	
1340	-168.401574	-35.986757	
1341	-167.109023	-36.418592	
1342	-165.861584	-37.126013	
1343	-164.684601	-38.026381	
1344	-163.597505	-39.043621	
1345	-162.611910	-40.110708	
1346	-161.731705	-41.171056	
1347	-160.954542	-42.178471	
1348	-160.273934	-43.095997	
1349	-159.681342	-43.894166	
1350	-159.167870	-44.549004	
1351	-158.725377	-45.039982	
1352	-158.346922	-45.348085	
1353	-158.026501	-45.454309	
1354	-157.758076	-45.339556	
1355	-157.534162	-44.987152	
1356	-157.344908	-44.386390	
1357	-157.178675	-43.533124	
1358	-157.023768	-42.426887	
1359	-156.870178	-41.068109	
1360	-156.710770	-39.457281	
1361	-156.541962	-37.595083	
1362	-156.364009	-35.482595	
1363	-156.180987	-33.121359	
1364	-156.000551	-30.513307	
1365	-155.833532	-27.660730	
1366	-155.693310	-24.566497	
1367	-155.594855	-21.234736	
1368	-155.553207	-17.672147	
1369	-155.581253	-13.890035	
1370	-155.686913	-9.907005	
1371	-155.870322	-5.751916	
1372	-156.122169	-1.466102	
1373	-156.424364	2.896565	
1374	-156.753448	7.272901	
1375	-157.085696	11.596656	
1376	-157.401869	15.805939	
1377	-157.689934	19.849459	
1378	-157.945289	23.690138	
1379	-158.169242	27.306087	
1380	-158.366802	30.689804	
1381	-158.544583	33.846590	
1382	-158.709186	36.792954	
1383	-158.866083	39.555481	
1384	-159.018873	42.170424	
1385	-159.168780	44.684184	
1386	-159.314231	47.154762	
1387	-159.450446	49.654267	
1388	-159.568943	52.272461	
1389	-159.656961	55.121210	
1390	-159.696815	58.339271	
1391	-159.665360	62.095877	
1392	-159.533992	66.589576	
1393	-159.270141	72.035343	
1394	-158.841926	78.629297	
1395	-158.227953	86.482649	
1396	-157.432417	95.538177	
1397	-156.499563	105.527414	
1398	-155.514812	116.048707	
1399	-154.583870	126.769096	
1400	-153.803387	137.647482	
1401	-153.240771	149.011856	
1402	-133.346150	150.007613	
1403	NaN	NaN	
1404	NaN	NaN	
1405	NaN	NaN	
1406	NaN	NaN	
1407	NaN	NaN	
1408	NaN	NaN	
1409	NaN	NaN	
1410	NaN	NaN	
1411	NaN	NaN	
1412	NaN	NaN	
1413	NaN	NaN	
1414	NaN	NaN	
1415	NaN	NaN	
1416	NaN	NaN	
1417	NaN	NaN	
1418	NaN	NaN	
1419	NaN	NaN	
1420	NaN	NaN	
1421	NaN	NaN	
1422	NaN	NaN	
1423	NaN	NaN	
1424	NaN	NaN	
1425	NaN	NaN	
1426	NaN	NaN	
1427	NaN	NaN	
1428	NaN	NaN	
1429	NaN	NaN	
1430	NaN	NaN	
1431	NaN	NaN	
1432	NaN	NaN	
1433	NaN	NaN	
1434	NaN	NaN	
1435	NaN	NaN	
1436	NaN	NaN	
1437	NaN	NaN	
1438	NaN	NaN	
1439	NaN	NaN	
1440	NaN	NaN	
1441	NaN	NaN	
1442	NaN	NaN	
1443	NaN	NaN	
1444	NaN	NaN	
1445	NaN	NaN	
1446	NaN	NaN	
1447	NaN	NaN	
1448	NaN	NaN	
