Athlete_Engineering	// User ID
11-2-2021	// Evaluation date
P004_WALK3	24-1-2021	14:19:28:887	// Source file name and timestamp
250.000	// Sampling rate
5.333	// Data capture period



Sample #	Right_Leg_Flexion	Right_Leg_Abduction	
0	-6.296025	11.459253	
1	-6.336152	11.558739	
2	-6.384141	11.661701	
3	-6.431410	11.750909	
4	-6.470597	11.811622	
5	-6.500362	11.840576	
6	-6.524889	11.845275	
7	-6.550075	11.837187	
8	-6.580197	11.825647	
9	-6.615397	11.812765	
10	-6.651609	11.793269	
11	-6.682501	11.759109	
12	-6.701208	11.704296	
13	-6.702370	11.628389	
14	-6.683578	11.533761	
15	-6.646057	11.422417	
16	-6.596131	11.301555	
17	-6.544709	11.184666	
18	-6.503377	11.083078	
19	-6.481949	11.005740	
20	-6.488103	10.966045	
21	-6.524551	10.979572	
22	-6.585832	11.055172	
23	-6.659533	11.187888	
24	-6.730890	11.357347	
25	-6.788159	11.536630	
26	-6.826198	11.703301	
27	-6.844655	11.839369	
28	-6.843754	11.928951	
29	-6.824272	11.964189	
30	-6.790269	11.951240	
31	-6.749881	11.908944	
32	-6.712534	11.859954	
33	-6.683046	11.816769	
34	-6.657542	11.773126	
35	-6.626093	11.710328	
36	-6.579708	11.612706	
37	-6.516299	11.479809	
38	-6.443102	11.330192	
39	-6.374377	11.195603	
40	-6.325916	11.108934	
41	-6.310679	11.094994	
42	-6.336610	11.166383	
43	-6.405237	11.321159	
44	-6.510571	11.541834	
45	-6.639157	11.797413	
46	-6.773754	12.052277	
47	-6.899437	12.278954	
48	-7.006818	12.463711	
49	-7.091231	12.603075	
50	-7.150913	12.698647	
51	-7.185922	12.754081	
52	-7.197680	12.773602	
53	-7.188475	12.761184	
54	-7.160863	12.720452	
55	-7.117541	12.655320	
56	-7.061803	12.570903	
57	-6.998038	12.474817	
58	-6.932694	12.379739	
59	-6.874852	12.304126	
60	-6.832573	12.263486	
61	-6.806587	12.256770	
62	-6.789673	12.265770	
63	-6.772167	12.267885	
64	-6.746301	12.245838	
65	-6.707430	12.189929	
66	-6.654515	12.098702	
67	-6.591014	11.980742	
68	-6.525022	11.854483	
69	-6.466907	11.742868	
70	-6.426732	11.667765	
71	-6.412570	11.645777	
72	-6.426742	11.680496	
73	-6.463100	11.758314	
74	-6.510514	11.856557	
75	-6.559469	11.956418	
76	-6.606010	12.050224	
77	-6.650604	12.139152	
78	-6.693212	12.223613	
79	-6.730528	12.298008	
80	-6.758563	12.356444	
81	-6.775811	12.398827	
82	-6.783500	12.429516	
83	-6.784090	12.452953	
84	-6.779873	12.471204	
85	-6.773022	12.484016	
86	-6.766209	12.489130	
87	-6.762683	12.481777	
88	-6.766529	12.456361	
89	-6.782948	12.411686	
90	-6.816689	12.353870	
91	-6.868227	12.291581	
92	-6.931881	12.229790	
93	-6.998931	12.169882	
94	-7.061847	12.112417	
95	-7.116026	12.058025	
96	-7.159835	12.008655	
97	-7.194109	11.968697	
98	-7.221380	11.942731	
99	-7.244618	11.932258	
100	-7.266023	11.934987	
101	-7.286520	11.945423	
102	-7.305466	11.956364	
103	-7.321147	11.962065	
104	-7.332546	11.960431	
105	-7.340507	11.952418	
106	-7.347343	11.940446	
107	-7.356101	11.926733	
108	-7.369506	11.911292	
109	-7.388561	11.890816	
110	-7.411748	11.859362	
111	-7.435137	11.809899	
112	-7.453333	11.736303	
113	-7.461207	11.636201	
114	-7.456099	11.514302	
115	-7.440497	11.385416	
116	-7.422894	11.273176	
117	-7.412493	11.198096	
118	-7.410285	11.160776	
119	-7.405916	11.137506	
120	-7.384164	11.094424	
121	-7.334995	11.007665	
122	-7.259163	10.874484	
123	-7.168363	10.713736	
124	-7.082683	10.559661	
125	-7.024422	10.447636	
126	-7.009816	10.397120	
127	-7.044863	10.406047	
128	-7.126422	10.458899	
129	-7.243761	10.534936	
130	-7.379725	10.612010	
131	-7.514675	10.672423	
132	-7.631750	10.707613	
133	-7.720643	10.716981	
134	-7.779395	10.706192	
135	-7.812637	10.686360	
136	-7.825608	10.668387	
137	-7.817705	10.655209	
138	-7.782095	10.642261	
139	-7.711988	10.624435	
140	-7.605982	10.598861	
141	-7.468489	10.562856	
142	-7.308350	10.512594	
143	-7.137910	10.443602	
144	-6.971458	10.352536	
145	-6.821764	10.239943	
146	-6.695915	10.111188	
147	-6.593360	9.973497	
148	-6.507192	9.832509	
149	-6.426969	9.692222	
150	-6.340940	9.556094	
151	-6.237141	9.425106	
152	-6.105078	9.294929	
153	-5.938375	9.157603	
154	-5.735197	9.006397	
155	-5.496238	8.838114	
156	-5.224338	8.653705	
157	-4.926249	8.461231	
158	-4.612540	8.276523	
159	-4.292276	8.113786	
160	-3.964556	7.972141	
161	-3.616189	7.834185	
162	-3.229930	7.678431	
163	-2.794198	7.491199	
164	-2.306231	7.269427	
165	-1.771011	7.017035	
166	-1.198938	6.739251	
167	-0.601704	6.437953	
168	0.011878	6.110042	
169	0.636630	5.749598	
170	1.269693	5.351473	
171	1.911127	4.913728	
172	2.565251	4.440951	
173	3.239389	3.949939	
174	3.941875	3.474233	
175	4.682936	3.065209	
176	5.474515	2.779674	
177	6.322857	2.642998	
178	7.221704	2.624988	
179	8.156463	2.666569	
180	9.112147	2.718070	
181	10.076524	2.749242	
182	11.041154	2.743734	
183	12.002737	2.694462	
184	12.963252	2.602680	
185	13.927733	2.477621	
186	14.900483	2.333972	
187	15.881484	2.189977	
188	16.864172	2.068061	
189	17.836059	1.993958	
190	18.784322	1.988320	
191	19.701415	2.053728	
192	20.582103	2.170770	
193	21.417755	2.310072	
194	22.198714	2.451292	
195	22.918905	2.594076	
196	23.574317	2.754776	
197	24.161143	2.954856	
198	24.677882	3.208082	
199	25.126631	3.513127	
200	25.512088	3.854823	
201	25.839344	4.208666	
202	26.111276	4.545934	
203	26.328941	4.839699	
204	26.493730	5.067440	
205	26.607063	5.208915	
206	26.669944	5.244469	
207	26.684455	5.159463	
208	26.654317	4.952948	
209	26.584041	4.644750	
210	26.479285	4.277432	
211	26.346677	3.907108	
212	26.190046	3.584307	
213	26.007815	3.338511	
214	25.795329	3.171208	
215	25.546882	3.055141	
216	25.254845	2.944930	
217	24.910910	2.798654	
218	24.510390	2.594909	
219	24.054435	2.333141	
220	23.548913	2.023209	
221	23.002525	1.677105	
222	22.425061	1.306604	
223	21.825160	0.922623	
224	21.208027	0.532866	
225	20.575533	0.139363	
226	19.928953	-0.259944	
227	19.270696	-0.665312	
228	18.603033	-1.069388	
229	17.926391	-1.454602	
230	17.240163	-1.795122	
231	16.544532	-2.065016	
232	15.839813	-2.248249	
233	15.124216	-2.341875	
234	14.393896	-2.353244	
235	13.645713	-2.297968	
236	12.879069	-2.198258	
237	12.094474	-2.077780	
238	11.291561	-1.954478	
239	10.469298	-1.836815	
240	9.626093	-1.725847	
241	8.760961	-1.619898	
242	7.878599	-1.517038	
243	6.990608	-1.413131	
244	6.108659	-1.299231	
245	5.240589	-1.164221	
246	4.394510	-1.001232	
247	3.580978	-0.810872	
248	2.807475	-0.598459	
249	2.073675	-0.369212	
250	1.374735	-0.126249	
251	0.707567	0.128148	
252	0.072148	0.391161	
253	-0.532445	0.660552	
254	-1.111852	0.936796	
255	-1.677130	1.222606	
256	-2.241367	1.519318	
257	-2.813579	1.823426	
258	-3.396066	2.126765	
259	-3.986488	2.419413	
260	-4.579240	2.690917	
261	-5.165929	2.929709	
262	-5.739929	3.124354	
263	-6.301535	3.266327	
264	-6.855427	3.352314	
265	-7.403227	3.385859	
266	-7.937825	3.376983	
267	-8.440885	3.339305	
268	-8.888316	3.287398	
269	-9.265044	3.234851	
270	-9.574243	3.191616	
271	-9.830633	3.162775	
272	-10.048405	3.150232	
273	-10.235448	3.153194	
274	-10.393748	3.165684	
275	-10.521014	3.176451	
276	-10.613151	3.175414	
277	-10.671952	3.162268	
278	-10.711938	3.149315	
279	-10.754090	3.155114	
280	-10.810522	3.192180	
281	-10.873979	3.260996	
282	-10.918840	3.356689	
283	-10.913504	3.476567	
284	-10.834603	3.620247	
285	-10.671961	3.786347	
286	-10.427349	3.969936	
287	-10.111986	4.162188	
288	-9.742184	4.351133	
289	-9.336407	4.524178	
290	-8.915313	4.672608	
291	-8.500451	4.793426	
292	-8.110260	4.887242	
293	-7.758238	4.955785	
294	-7.452552	5.000849	
295	-7.192418	5.025098	
296	-6.967177	5.033740	
297	-6.763771	5.033607	
298	-6.574346	5.030620	
299	-6.397441	5.028843	
300	-6.237182	5.029614	
301	-6.102495	5.031345	
302	-6.003989	5.032373	
303	-5.950328	5.034377	
304	-5.947550	5.044602	
305	-6.000022	5.076715	
306	-6.108924	5.148626	
307	-6.267894	5.277945	
308	-6.459742	5.477658	
309	-6.658607	5.752215	
310	-6.838364	6.093774	
311	-6.981223	6.481353	
312	-7.080465	6.884459	
313	-7.136817	7.268059	
314	-7.151992	7.597031	
315	-7.127017	7.842152	
316	-7.067502	7.987089	
317	-6.986213	8.032024	
318	-6.897008	7.992844	
319	-6.808404	7.897804	
320	-6.726543	7.783350	
321	-6.662897	7.689694	
322	-6.633329	7.653940	
323	-6.649337	7.704217	
324	-6.713549	7.860756	
325	-6.820935	8.137039	
326	-6.961514	8.533303	
327	-7.123397	9.029110	
328	-7.293459	9.583988	
329	-7.455598	10.145808	
330	-7.592348	10.662259	
331	-7.691847	11.092367	
332	-7.754149	11.415372	
333	-7.791414	11.632056	
334	-7.822802	11.756727	
335	-7.867994	11.807116	
336	-7.941247	11.799614	
337	-8.047232	11.748831	
338	-8.183013	11.668681	
339	-8.344020	11.572225	
340	-8.524272	11.467902	
341	-8.712467	11.357799	
342	-8.892401	11.242993	
343	-9.046553	11.129242	
344	-9.159357	11.026110	
345	-9.220599	10.942152	
346	-9.228786	10.882361	
347	-9.193125	10.848799	
348	-9.131248	10.840217	
349	-9.062572	10.850629	
350	-9.002455	10.869676	
351	-8.959692	10.883371	
352	-8.937286	10.875632	
353	-8.935817	10.833514	
354	-8.954794	10.752545	
355	-8.990986	10.636004	
356	-9.038316	10.489068	
357	-9.089932	10.313510	
358	-9.140175	10.107155	
359	-9.186650	9.868776	
360	-9.231643	9.605012	
361	-9.279958	9.332829	
362	-9.335009	9.074370	
363	-9.399464	8.849434	
364	-9.478440	8.671317	
365	-9.576953	8.545410	
366	-9.693674	8.469879	
367	-9.819119	8.438960	
368	-9.939785	8.446453	
369	-10.043288	8.486928	
370	-10.119518	8.553138	
371	-10.160398	8.631510	
372	-10.161766	8.703418	
373	-10.123904	8.752955	
374	-10.049902	8.771699	
375	-9.945448	8.757403	
376	-9.819085	8.711452	
377	-9.679327	8.637448	
378	-9.530028	8.541228	
379	-9.369217	8.431404	
380	-9.193053	8.318193	
381	-9.000666	8.211356	
382	-8.797221	8.119175	
383	-8.595409	8.047488	
384	-8.412579	7.998181	
385	-8.263507	7.968927	
386	-8.155507	7.954220	
387	-8.089126	7.945598	
388	-8.060592	7.932327	
389	-8.063068	7.905216	
390	-8.087907	7.861741	
391	-8.126074	7.806746	
392	-8.167839	7.746320	
393	-8.201837	7.682337	
394	-8.216355	7.614879	
395	-8.203740	7.546623	
396	-8.166685	7.481995	
397	-8.120029	7.424655	
398	-8.081378	7.377367	
399	-8.059227	7.344418	
400	-8.052286	7.335155	
401	-8.055495	7.360635	
402	-8.063809	7.424094	
403	-8.074971	7.520737	
404	-8.089727	7.645357	
405	-8.107332	7.792878	
406	-8.121357	7.955050	
407	-8.119499	8.120271	
408	-8.086388	8.273472	
409	-8.008372	8.400379	
410	-7.879168	8.496884	
411	-7.704429	8.569812	
412	-7.501384	8.627199	
413	-7.291368	8.674070	
414	-7.091484	8.715340	
415	-6.912759	8.752930	
416	-6.762875	8.782929	
417	-6.645433	8.801731	
418	-6.554904	8.810302	
419	-6.475781	8.813186	
420	-6.389519	8.819165	
421	-6.283538	8.837226	
422	-6.155864	8.867025	
423	-6.013467	8.899669	
424	-5.867661	8.930373	
425	-5.730507	8.965741	
426	-5.611686	9.016270	
427	-5.514746	9.082940	
428	-5.436670	9.152709	
429	-5.372510	9.204987	
430	-5.318453	9.218977	
431	-5.270549	9.175104	
432	-5.223490	9.055221	
433	-5.169834	8.851772	
434	-5.099039	8.579934	
435	-4.999188	8.273709	
436	-4.862058	7.967404	
437	-4.687421	7.683878	
438	-4.481969	7.433992	
439	-4.254287	7.216373	
440	-4.012380	7.021476	
441	-3.765675	6.842381	
442	-3.525437	6.677413	
443	-3.300419	6.522224	
444	-3.092813	6.367129	
445	-2.898426	6.204841	
446	-2.709130	6.037432	
447	-2.517153	5.875981	
448	-2.320863	5.735912	
449	-2.125680	5.628979	
450	-1.938335	5.555664	
451	-1.762992	5.505752	
452	-1.603222	5.464877	
453	-1.463660	5.417678	
454	-1.349011	5.347489	
455	-1.263320	5.239217	
456	-1.207942	5.082378	
457	-1.177630	4.869158	
458	-1.158347	4.592414	
459	-1.127894	4.246419	
460	-1.059735	3.828899	
461	-0.930719	3.346372	
462	-0.727206	2.818283	
463	-0.444438	2.272760	
464	-0.082812	1.738312	
465	0.356017	1.235156	
466	0.872320	0.770078	
467	1.468131	0.342668	
468	2.144514	-0.044331	
469	2.898611	-0.382488	
470	3.721481	-0.661287	
471	4.598671	-0.872792	
472	5.514619	-1.016287	
473	6.458270	-1.101371	
474	7.427073	-1.148080	
475	8.428559	-1.184921	
476	9.476480	-1.242063	
477	10.581075	-1.339389	
478	11.740447	-1.478535	
479	12.940939	-1.645547	
480	14.166680	-1.821374	
481	15.408163	-1.990495	
482	16.662198	-2.141512	
483	17.927447	-2.262866	
484	19.201120	-2.338188	
485	20.480565	-2.346149	
486	21.771137	-2.268353	
487	23.090891	-2.097855	
488	24.463709	-1.838952	
489	25.908806	-1.503212	
490	27.436536	-1.109463	
491	29.049148	-0.683738	
492	30.739839	-0.254913	
493	32.485686	0.152927	
494	34.240547	0.528470	
495	35.943101	0.873756	
496	37.539607	1.196132	
497	38.999648	1.502165	
498	40.315556	1.797133	
499	41.496540	2.084505	
500	42.562472	2.364574	
501	43.536622	2.634291	
502	44.442466	2.888266	
503	45.302945	3.120644	
504	46.136234	3.327423	
505	46.952171	3.508944	
506	47.754640	3.669747	
507	48.547639	3.812995	
508	49.338696	3.935946	
509	50.133750	4.032747	
510	50.928459	4.099055	
511	51.708801	4.133494	
512	52.459305	4.137433	
513	53.165943	4.114246	
514	53.814091	4.069275	
515	54.391488	4.009575	
516	54.893414	3.941128	
517	55.320674	3.867679	
518	55.675254	3.792808	
519	55.961718	3.719521	
520	56.188280	3.648865	
521	56.361757	3.581472	
522	56.480466	3.517563	
523	56.531449	3.452730	
524	56.496345	3.375512	
525	56.362013	3.272371	
526	56.125677	3.135506	
527	55.794126	2.965483	
528	55.382544	2.769640	
529	54.910132	2.560501	
530	54.393205	2.352378	
531	53.842585	2.155800	
532	53.263638	1.974648	
533	52.656673	1.806893	
534	52.018668	1.646917	
535	51.343881	1.488326	
536	50.622991	1.325282	
537	49.843019	1.151568	
538	48.988237	0.960410	
539	48.043261	0.749606	
540	46.999877	0.527501	
541	45.863321	0.307774	
542	44.650575	0.098042	
543	43.382128	-0.097073	
544	42.080302	-0.261248	
545	40.775340	-0.367287	
546	39.502368	-0.396863	
547	38.286996	-0.353589	
548	37.134886	-0.256533	
549	36.033074	-0.125306	
550	34.956616	0.028283	
551	33.872062	0.198809	
552	32.741472	0.384193	
553	31.532131	0.584265	
554	30.227220	0.797014	
555	28.830711	1.015016	
556	27.363535	1.226417	
557	25.853995	1.417026	
558	24.328652	1.571171	
559	22.808370	1.676796	
560	21.308745	1.733427	
561	19.839908	1.751221	
562	18.404699	1.740440	
563	16.998557	1.704536	
564	15.612744	1.642428	
565	14.238547	1.553588	
566	12.868945	1.441777	
567	11.498742	1.316084	
568	10.126085	1.186752	
569	8.753909	1.058929	
570	7.388602	0.930353	
571	6.037609	0.793382	
572	4.708803	0.639548	
573	3.410186	0.465686	
574	2.147280	0.279966	
575	0.920619	0.103715	
576	-0.273595	-0.035607	
577	-1.439645	-0.115138	
578	-2.575290	-0.121992	
579	-3.668722	-0.055457	
580	-4.706415	0.071723	
581	-5.681077	0.237835	
582	-6.589757	0.420964	
583	-7.428547	0.605176	
584	-8.190794	0.781403	
585	-8.868355	0.945005	
586	-9.454220	1.094277	
587	-9.945116	1.231201	
588	-10.341558	1.360908	
589	-10.644226	1.487577	
590	-10.851358	1.609748	
591	-10.964087	1.721771	
592	-10.993387	1.820727	
593	-10.956383	1.909912	
594	-10.868110	1.996452	
595	-10.739928	2.086755	
596	-10.582732	2.183809	
597	-10.408334	2.287874	
598	-10.225282	2.398459	
599	-10.033232	2.516375	
600	-9.823960	2.644482	
601	-9.588994	2.785354	
602	-9.325880	2.937378	
603	-9.038701	3.093748	
604	-8.735683	3.246130	
605	-8.426800	3.386693	
606	-8.122793	3.505246	
607	-7.837062	3.588908	
608	-7.587253	3.626109	
609	-7.391734	3.609027	
610	-7.264387	3.534793	
611	-7.213305	3.408107	
612	-7.240311	3.244803	
613	-7.338154	3.076728	
614	-7.490452	2.953811	
615	-7.676813	2.934508	
616	-7.878296	3.066224	
617	-8.079612	3.367679	
618	-8.269034	3.822476	
619	-8.437205	4.385208	
620	-8.573957	4.994204	
621	-8.665215	5.586274	
622	-8.695713	6.110127	
623	-8.656044	6.533001	
624	-8.546642	6.841538	
625	-8.377488	7.040959	
626	-8.165788	7.152354	
627	-7.932239	7.207598	
628	-7.697639	7.244340	
629	-7.479339	7.303002	
630	-7.287525	7.423373	
631	-7.125580	7.639889	
632	-6.993355	7.977278	
633	-6.888843	8.446579	
634	-6.810160	9.044239	
635	-6.759016	9.755372	
636	-6.741257	10.555990	
637	-6.763281	11.413665	
638	-6.827654	12.289742	
639	-6.929427	13.141695	
640	-7.054980	13.926219	
641	-7.185954	14.605373	
642	-7.306661	15.152401	
643	-7.409452	15.553120	
644	-7.494873	15.803613	
645	-7.568921	15.907450	
646	-7.640719	15.874296	
647	-7.720666	15.719093	
648	-7.817810	15.461740	
649	-7.936697	15.128518	
650	-8.074082	14.752443	
651	-8.216921	14.368076	
652	-8.344564	14.003211	
653	-8.434172	13.673984	
654	-8.465794	13.386418	
655	-8.425824	13.143260	
656	-8.309097	12.950277	
657	-8.121593	12.816061	
658	-7.882733	12.747737	
659	-7.620719	12.747593	
660	-7.362844	12.810910	
661	-7.131025	12.925416	
662	-6.941912	13.073722	
663	-6.805317	13.237037	
664	-6.723562	13.397719	
665	-6.693917	13.539906	
666	-6.710324	13.649332	
667	-6.763419	13.714463	
668	-6.841096	13.729376	
669	-6.929953	13.696885	
670	-7.016740	13.629614	
671	-7.091381	13.546205	
672	-7.151021	13.463965	
673	-7.198977	13.394441	
674	-7.238680	13.343607	
675	-7.270317	13.312648	
676	-7.292382	13.298551	
677	-7.303893	13.295840	
678	-7.304397	13.298916	
679	-7.292772	13.303528	
680	-7.266845	13.306686	
681	-7.223982	13.305871	
682	-7.161310	13.297698	
683	-7.075441	13.276504	
684	-6.963451	13.235488	
685	-6.825297	13.170775	
686	-6.664450	13.083585	
687	-6.485545	12.978065	
688	-6.293196	12.859481	
689	-6.093764	12.734730	
690	-5.895912	12.612067	
691	-5.707866	12.500145	
692	-5.534727	12.407266	
693	-5.378253	12.341790	
694	-5.237817	12.315114	
695	-5.111448	12.342416	
696	-4.996214	12.436010	
697	-4.887596	12.595550	
698	-4.780558	12.805262	
699	-4.670904	13.043101	
700	-4.553326	13.292284	
701	-4.420094	13.544172	
702	-4.262966	13.795955	
703	-4.077004	14.046705	
704	-3.865394	14.291553	
705	-3.640934	14.520774	
706	-3.422308	14.724687	
707	-3.228269	14.896792	
708	-3.072640	15.034730	
709	-2.961984	15.140105	
710	-2.895637	15.213465	
711	-2.866122	15.248585	
712	-2.859386	15.235002	
713	-2.856014	15.167894	
714	-2.835345	15.054443	
715	-2.781879	14.908698	
716	-2.687717	14.744538	
717	-2.548806	14.577327	
718	-2.362540	14.426543	
719	-2.130967	14.313512	
720	-1.865477	14.257091	
721	-1.587168	14.265796	
722	-1.320447	14.328414	
723	-1.085265	14.416822	
724	-0.892882	14.503401	
725	-0.745068	14.573473	
726	-0.638999	14.623020	
727	-0.573994	14.651977	
728	-0.550479	14.661270	
729	-0.565133	14.651964	
730	-0.611939	14.623198	
731	-0.685973	14.569666	
732	-0.783660	14.480575	
733	-0.901048	14.338279	
734	-1.031322	14.118861	
735	-1.159698	13.806943	
736	-1.258038	13.428262	
737	-1.288541	13.068980	
738	-1.221414	12.836730	
739	-1.051480	12.784757	
740	-0.796923	12.885503	
741	-0.488021	13.066505	
742	-0.159734	13.247459	
743	0.154120	13.360328	
744	0.429357	13.366273	
745	0.657688	13.267944	
746	0.844680	13.102460	
747	1.001491	12.916889	
748	1.139707	12.752003	
749	1.271471	12.644657	
750	1.410288	12.634444	
751	1.569914	12.758254	
752	1.759483	13.028942	
753	1.980984	13.423680	
754	2.238976	13.906328	
755	2.551885	14.454630	
756	2.940335	15.047061	
757	3.397608	15.633131	
758	3.884800	16.147027	
759	4.364682	16.549245	
760	4.831539	16.846770	
761	5.305934	17.084009	
762	5.807586	17.306824	
763	6.333312	17.506220	
764	6.857034	17.584636	
765	7.352568	17.382486	
766	7.824211	16.743903	
767	8.318801	15.590968	
768	8.900668	13.985529	
769	9.599913	12.149348	
770	10.389002	10.408663	
771	11.217323	9.047590	
772	12.054529	8.120847	
773	12.894475	7.409333	
774	13.726825	6.663246	
775	14.538534	5.808161	
776	15.337803	4.904300	
777	16.154457	4.038202	
778	17.021429	3.269257	
779	17.963093	2.629983	
780	18.996751	2.141879	
781	20.136335	1.821904	
782	21.389357	1.673755	
783	22.748688	1.670642	
784	24.189878	1.752191	
785	25.680891	1.851441	
786	27.195835	1.927488	
787	28.718427	1.970970	
788	30.234596	1.990459	
789	31.727358	2.000443	
790	33.181867	2.013681	
791	34.591719	2.038446	
792	35.955914	2.082855	
793	37.271903	2.160023	
794	38.534306	2.285750	
795	39.737730	2.471979	
796	40.877966	2.723696	
797	41.951298	3.037917	
798	42.954689	3.401693	
799	43.887798	3.792295	
800	44.754664	4.182409	
801	45.560629	4.550032	
802	46.307324	4.887778	
803	46.996837	5.200144	
804	47.641623	5.490121	
805	48.263853	5.752684	
806	48.883216	5.980608	
807	49.504938	6.173367	
808	50.116667	6.339665	
809	50.695205	6.489454	
810	51.214515	6.625757	
811	51.652419	6.744412	
812	52.000437	6.833522	
813	52.268503	6.872819	
814	52.478622	6.841169	
815	52.655244	6.726575	
816	52.818277	6.528885	
817	52.980524	6.256569	
818	53.148804	5.923104	
819	53.324193	5.544716	
820	53.498279	5.140614	
821	53.648806	4.734235	
822	53.743245	4.348911	
823	53.751828	3.998013	
824	53.656215	3.680659	
825	53.446154	3.387118	
826	53.116011	3.104924	
827	52.665508	2.822746	
828	52.098376	2.536553	
829	51.424094	2.252049	
830	50.664396	1.976430	
831	49.849668	1.709018	
832	49.004591	1.441675	
833	48.142282	1.168057	
834	47.269290	0.891820	
835	46.388063	0.625870	
836	45.495830	0.387524	
837	44.585866	0.194298	
838	43.650161	0.058502	
839	42.680503	-0.016489	
840	41.669191	-0.033864	
841	40.611079	0.003152	
842	39.504823	0.094378	
843	38.351725	0.238493	
844	37.154635	0.427778	
845	35.917813	0.647348	
846	34.645796	0.875848	
847	33.341279	1.084891	
848	32.003913	1.243433	
849	30.630645	1.329524	
850	29.216123	1.336540	
851	27.753182	1.267628	
852	26.235846	1.130225	
853	24.665186	0.937004	
854	23.054091	0.708501	
855	21.426653	0.473290	
856	19.812869	0.262351	
857	18.241713	0.099805	
858	16.733492	-0.002498	
859	15.295476	-0.044536	
860	13.925749	-0.032845	
861	12.619882	0.025882	
862	11.372511	0.126435	
863	10.176356	0.263925	
864	9.023098	0.432673	
865	7.904987	0.623572	
866	6.816285	0.823107	
867	5.754256	1.017207	
868	4.718242	1.196339	
869	3.707703	1.356428	
870	2.721613	1.494770	
871	1.758141	1.607464	
872	0.811720	1.692001	
873	-0.130001	1.748118	
874	-1.083202	1.775793	
875	-2.059139	1.778053	
876	-3.057322	1.763880	
877	-4.065838	1.743640	
878	-5.065685	1.724257	
879	-6.035469	1.709168	
880	-6.955701	1.699534	
881	-7.810715	1.695216	
882	-8.588134	1.695345	
883	-9.279178	1.698645	
884	-9.880231	1.704135	
885	-10.392335	1.711268	
886	-10.817762	1.719077	
887	-11.157058	1.726537	
888	-11.408290	1.733950	
889	-11.568011	1.743224	
890	-11.634427	1.759453	
891	-11.611615	1.792615	
892	-11.511903	1.853340	
893	-11.354194	1.946242	
894	-11.158565	2.068387	
895	-10.942102	2.212823	
896	-10.718666	2.372515	
897	-10.498443	2.542043	
898	-10.284635	2.718643	
899	-10.071599	2.902376	
900	-9.849003	3.093613	
901	-9.607505	3.290512	
902	-9.339934	3.490249	
903	-9.041962	3.692135	
904	-8.714875	3.897843	
905	-8.366525	4.109665	
906	-8.012603	4.329450	
907	-7.678830	4.555942	
908	-7.396681	4.780002	
909	-7.194144	4.982233	
910	-7.089560	5.136320	
911	-7.089782	5.217225	
912	-7.191294	5.211600	
913	-7.380962	5.126402	
914	-7.634684	4.990958	
915	-7.919209	4.850809	
916	-8.198826	4.755464	
917	-8.441620	4.743405	
918	-8.622702	4.829702	
919	-8.726275	5.003381	
920	-8.747123	5.234666	
921	-8.689973	5.484472	
922	-8.566706	5.712514	
923	-8.393533	5.885814	
924	-8.189118	5.986520	
925	-7.971884	6.014838	
926	-7.756243	5.986660	
927	-7.550752	5.929504	
928	-7.359622	5.878284	
929	-7.185557	5.870037	
930	-7.031355	5.938719	
931	-6.900007	6.112513	
932	-6.793871	6.412253	
933	-6.712779	6.847380	
934	-6.652802	7.410562	
935	-6.606479	8.076832	
936	-6.563959	8.811168	
937	-6.516509	9.578885	
938	-6.459897	10.348806	
939	-6.392655	11.091110	
940	-6.312837	11.778150	
941	-6.218839	12.386821	
942	-6.112095	12.898182	
943	-5.997228	13.295998	
944	-5.879538	13.567652	
945	-5.763620	13.708171	
946	-5.655040	13.722578	
947	-5.562426	13.623386	
948	-5.496971	13.427373	
949	-5.468895	13.153876	
950	-5.482643	12.823618	
951	-5.534157	12.458521	
952	-5.612489	12.081300	
953	-5.704020	11.713309	
954	-5.796237	11.371179	
955	-5.880332	11.064073	
956	-5.952656	10.795050	
957	-6.014721	10.565987	
958	-6.070949	10.379803	
959	-6.124320	10.238215	
960	-6.173121	10.139456	
961	-6.210060	10.075312	
962	-6.224011	10.026812	
963	-6.208554	9.969441	
964	-6.171549	9.889958	
965	-6.131981	9.795254	
966	-6.105963	9.698784	
967	-6.093619	9.595698	
968	-6.076857	9.458732	
969	-6.035108	9.264640	
970	-5.963593	9.013626	
971	-5.873059	8.720295	
972	-5.782824	8.401604	
973	-5.720116	8.077634	
974	-5.715538	7.774154	
975	-5.794351	7.520755	
976	-5.972844	7.348101	
977	-6.258478	7.284153	
978	-6.648907	7.347199	
979	-7.129544	7.537210	
980	-7.670537	7.830530	
981	-8.226017	8.186007	
982	-8.743892	8.562679	
983	-9.184934	8.933328	
984	-9.532491	9.283408	
985	-9.786178	9.603294	
986	-9.954217	9.883720	
987	-10.050888	10.114532	
988	-10.092848	10.281883	
989	-10.094394	10.363766	
990	-10.065701	10.329252	
991	-10.011725	10.141465	
992	-9.927862	9.757441	
993	-9.794266	9.126816	
994	-9.577378	8.212555	
995	-9.258217	7.075824	
996	-8.902141	6.025938	
997	-8.686195	5.599532	
998	-8.727603	6.089845	
999	-8.927648	7.186923	
1000	-9.128043	8.347385	
1001	-9.268609	9.252862	
1002	-9.361130	9.830675	
1003	-9.430431	10.114165	
1004	-9.490270	10.165944	
1005	-9.537054	10.058573	
1006	-9.548217	9.881317	
1007	-9.487280	9.756755	
1008	-9.319459	9.829164	
1009	-9.032079	10.188555	
1010	-8.646760	10.795488	
1011	-8.213043	11.520742	
1012	-7.786449	12.250694	
1013	-7.411497	12.929311	
1014	-7.121604	13.535116	
1015	-6.945691	14.052690	
1016	-6.913039	14.459962	
1017	-7.057075	14.724988	
1018	-7.417599	14.798658	
1019	-8.038156	14.604415	
1020	-8.953195	14.036195	
1021	-10.133746	12.886033	
1022	-10.796981	9.502178	
1023	-16.018312	2.551968	
1024	-17.536727	8.487777	
1025	-14.713217	15.704991	
1026	-6.405552	33.598704	
1027	23.644560	118.248645	
1028	51.409322	-179.798652	
1029	56.481486	178.415342	
1030	62.121306	178.332702	
1031	66.671276	179.050833	
1032	69.978524	179.562066	
1033	72.194216	179.735387	
1034	73.538194	179.692623	
1035	74.290750	179.570399	
1036	74.744296	179.468909	
1037	75.149120	179.448291	
1038	75.652389	179.534114	
1039	76.267177	179.720499	
1040	76.915643	179.971660	
1041	77.515920	-179.765643	
1042	78.035003	-179.545032	
1043	78.474784	-179.418515	
1044	78.816248	-179.440022	
1045	78.967455	-179.651806	
1046	78.780075	179.940090	
1047	78.152368	179.372356	
1048	77.123421	178.705588	
1049	75.856324	178.000229	
1050	74.539835	177.302318	
1051	73.314396	176.640801	
1052	72.257880	176.032338	
1053	71.399081	175.486704	
1054	70.733739	175.007503	
1055	70.234381	174.588808	
1056	69.851379	174.213202	
1057	69.511697	173.854959	
1058	69.129379	173.487309	
1059	68.630931	173.091075	
1060	67.976816	172.660988	
1061	67.160239	172.204637	
1062	66.190785	171.734178	
1063	65.084583	171.259180	
1064	63.861615	170.785130	
1065	62.540075	170.314041	
1066	61.134469	169.845877	
1067	59.661991	169.381793	
1068	58.146325	168.925987	
1069	56.612453	168.483304	
1070	55.078165	168.055312	
1071	53.550062	167.638291	
1072	52.026646	167.223766	
1073	50.503377	166.800234	
1074	48.976645	166.355497	
1075	47.449144	165.880579	
1076	45.931257	165.372425	
1077	44.436816	164.832629	
1078	42.980407	164.265361	
1079	41.571865	163.676052	
1080	40.209289	163.070508	
1081	38.881695	162.455368	
1082	37.579082	161.839341	
1083	36.303900	161.235383	
1084	35.075866	160.661304	
1085	33.920282	160.134371	
1086	32.847446	159.664007	
1087	31.843048	159.250666	
1088	30.874839	158.890080	
1089	29.904677	158.576600	
1090	28.896888	158.304027	
1091	27.817075	158.065128	
1092	26.628194	157.852258	
1093	25.297124	157.661347	
1094	23.804434	157.496781	
1095	22.144808	157.372279	
1096	20.322830	157.307570	
1097	18.360055	157.330092	
1098	16.304416	157.480084	
1099	14.206986	157.799206	
1100	12.091571	158.304255	
1101	9.966857	158.973562	
1102	7.830397	159.750409	
1103	5.609376	160.535576	
1104	3.097493	161.161341	
1105	-0.067249	161.322501	
1106	-4.394073	159.990922	
1107	-16.797883	144.211616	
1108	-44.831786	157.564621	
1109	-13.909749	112.089968	
1110	-10.635523	107.023481	
1111	-11.438932	106.926287	
1112	-13.725366	109.389877	
1113	-21.631829	116.221131	
1114	-66.301688	167.377261	
1115	-42.779729	160.407018	
1116	-30.848260	159.547135	
1117	-19.100984	159.721058	
1118	-12.150826	164.101768	
1119	-9.612232	168.580217	
1120	-8.451609	173.349858	
1121	-6.432333	179.276575	
1122	-2.066778	-173.758251	
1123	5.309807	-166.296035	
1124	15.002392	-159.146686	
1125	-4.832438	-163.288193	
1126	134.646403	125.902238	
1127	-3.346882	137.903123	
1128	13.562397	128.447475	
1129	0.790775	133.998915	
1130	-8.580462	139.871515	
1131	-14.980068	143.655618	
1132	-19.780669	146.056358	
1133	-23.625251	147.539472	
1134	-26.839596	148.401208	
1135	-29.600114	148.836720	
1136	-32.010655	148.976771	
1137	-34.138901	148.910532	
1138	-36.034046	148.700239	
1139	-37.735793	148.391022	
1140	-39.279246	148.018229	
1141	-40.697837	147.613945	
1142	-42.025058	147.213871	
1143	-43.296452	146.864297	
1144	-44.554186	146.627479	
1145	-45.850687	146.583914	
1146	-47.241572	146.827841	
1147	-48.765498	147.451623	
1148	-50.418387	148.522326	
1149	-52.134968	150.054483	
1150	-53.802142	151.974303	
1151	-55.308223	154.091738	
1152	-56.582247	156.141786	
1153	-57.597737	157.894931	
1154	-58.363063	159.231877	
1155	-58.911130	160.137002	
1156	-59.288210	160.656423	
1157	-59.543494	160.860841	
1158	-59.721427	160.822530	
1159	-59.857663	160.603814	
1160	-59.978071	160.252846	
1161	-60.099686	159.803579	
1162	-60.232547	159.277847	
1163	-60.381692	158.688177	
1164	-60.548914	158.040504	
1165	-60.734145	157.336438	
1166	-60.936470	156.574969	
1167	-61.154830	155.753733	
1168	-61.388458	154.869953	
1169	-61.637115	153.921196	
1170	-61.901138	152.906000	
1171	-62.181330	151.824361	
1172	-62.478685	150.677992	
1173	-62.793929	149.470233	
1174	-63.126832	148.205559	
1175	-63.475201	146.888848	
1176	-63.833476	145.524877	
1177	-64.191374	144.119474	
1178	-64.535246	142.680552	
1179	-64.854228	141.212332	
1180	-65.146946	139.704352	
1181	-65.423270	138.125763	
1182	-65.700242	136.429877	
1183	-65.993898	134.565650	
1184	-66.310386	132.487791	
1185	-66.638673	130.161772	
1186	-66.945214	127.567771	
1187	-67.173924	124.701546	
1188	-67.253924	121.563067	
1189	-67.110977	118.127671	
1190	-66.682811	114.301529	
1191	-65.957297	109.894821	
1192	-65.039869	104.724661	
1193	-64.132337	98.870602	
1194	-63.334240	92.703142	
1195	-62.594938	86.599276	
1196	-61.867552	80.827813	
1197	-61.155681	75.570913	
1198	-60.478494	70.917072	
1199	-59.849459	66.867335	
1200	-59.272928	63.368043	
1201	-58.746704	60.342337	
1202	-58.265638	57.709378	
1203	-57.824196	55.394328	
1204	-57.417591	53.332781	
1205	-57.041998	51.472119	
1206	-56.694422	49.771173	
1207	-56.372551	48.198981	
1208	-56.074712	46.733107	
1209	-55.799906	45.357803	
1210	-55.547862	44.062234	
1211	-55.319062	42.838872	
1212	-55.114708	41.682134	
1213	-54.936629	40.587293	
1214	-54.787145	39.549641	
1215	-54.668897	38.563890	
1216	-54.584656	37.623782	
1217	-54.537125	36.721877	
1218	-54.528719	35.849495	
1219	-54.561340	34.996825	
1220	-54.636141	34.153172	
1221	-54.753277	33.307386	
1222	-54.911684	32.448429	
1223	-55.108898	31.566113	
1224	-55.340958	30.651929	
1225	-55.602448	29.699911	
1226	-55.886697	28.707427	
1227	-56.186165	27.675758	
1228	-56.492991	26.610376	
1229	-56.799649	25.520821	
1230	-57.099636	24.420191	
1231	-57.388112	23.324319	
1232	-57.662412	22.250749	
1233	-57.922414	21.217715	
1234	-58.170761	20.243254	
1235	-58.413012	19.344616	
1236	-58.657786	18.538028	
1237	-58.917041	17.838873	
1238	-59.206585	17.262255	
1239	-59.546996	16.823918	
1240	-59.965105	16.541415	
1241	-60.496244	16.435312	
1242	-61.187428	16.529929	
1243	-62.101338	16.852550	
1244	-63.320060	17.428783	
1245	-64.944784	18.269641	
1246	-67.081846	19.343402	
1247	-69.797716	20.526654	
1248	-73.031076	21.543952	
1249	-76.502089	21.930443	
1250	-79.742820	21.017177	
1251	-82.385401	17.759061	
1252	-85.104623	10.079789	
1253	-92.619346	-5.042946	
1254	-107.849312	-23.928040	
1255	-119.372303	-37.204366	
1256	-126.073535	-44.231575	
1257	-131.032773	-47.395589	
1258	-135.721912	-48.149410	
1259	-140.810133	-47.065398	
1260	-146.780469	-44.044671	
1261	-154.404626	-37.790731	
1262	-165.809134	-20.810270	
1263	178.704660	26.713117	
1264	173.723034	44.165675	
1265	170.520276	53.922688	
1266	163.299052	69.934325	
1267	152.732048	92.654177	
1268	137.169728	132.740964	
1269	121.523049	-165.490106	
1270	116.653634	-138.477115	
1271	119.467871	-127.933684	
1272	127.901502	-122.516926	
1273	139.850335	-119.069016	
1274	152.294150	-116.665187	
1275	162.759312	-115.086613	
1276	170.434627	-114.431408	
1277	175.661656	-114.854452	
1278	179.086088	-116.156747	
1279	-178.861985	-117.627475	
1280	-177.665279	-117.984357	
1281	-176.672288	-115.583333	
1282	-175.552471	-109.341766	
1283	-174.291934	-98.792338	
1284	-173.148321	-84.219156	
1285	-172.997793	-69.048452	
1286	-177.053847	-77.766594	
1287	169.594979	159.552738	
1288	155.292824	90.897180	
1289	139.696138	62.238274	
1290	120.580350	48.673852	
1291	96.522153	47.116468	
1292	108.464838	33.839300	
1293	94.208780	28.575724	
1294	66.050332	22.230056	
1295	NaN	NaN	
1296	NaN	NaN	
1297	NaN	NaN	
1298	NaN	NaN	
1299	NaN	NaN	
1300	NaN	NaN	
1301	NaN	NaN	
1302	NaN	NaN	
1303	NaN	NaN	
1304	NaN	NaN	
1305	NaN	NaN	
1306	NaN	NaN	
1307	NaN	NaN	
1308	NaN	NaN	
1309	NaN	NaN	
1310	NaN	NaN	
1311	NaN	NaN	
1312	NaN	NaN	
1313	NaN	NaN	
1314	NaN	NaN	
1315	NaN	NaN	
1316	NaN	NaN	
1317	NaN	NaN	
1318	NaN	NaN	
1319	NaN	NaN	
1320	NaN	NaN	
1321	NaN	NaN	
1322	NaN	NaN	
1323	NaN	NaN	
1324	NaN	NaN	
1325	NaN	NaN	
1326	NaN	NaN	
1327	NaN	NaN	
1328	NaN	NaN	
1329	NaN	NaN	
1330	NaN	NaN	
1331	NaN	NaN	
1332	NaN	NaN	
1333	NaN	NaN	
