Athlete_Engineering	// User ID
11-2-2021	// Evaluation date
P004_WALK5 (2CYCLES)	24-1-2021	14:21:49:493	// Source file name and timestamp
250.000	// Sampling rate
5.582	// Data capture period



Sample #	Right_Leg_Flexion	Right_Leg_Abduction	
0	-6.692602	10.465759	
1	-6.585954	10.315404	
2	-6.468579	10.185798	
3	-6.350926	10.083116	
4	-6.243264	10.015215	
5	-6.153950	9.992483	
6	-6.088653	10.024221	
7	-6.049518	10.113922	
8	-6.035241	10.258481	
9	-6.042294	10.449018	
10	-6.066442	10.670376	
11	-6.104605	10.903570	
12	-6.154751	11.131517	
13	-6.214348	11.343179	
14	-6.281453	11.534332	
15	-6.355547	11.702762	
16	-6.435513	11.843390	
17	-6.517806	11.952211	
18	-6.596704	12.031642	
19	-6.666873	12.087780	
20	-6.726027	12.124628	
21	-6.775236	12.142865	
22	-6.818295	12.142828	
23	-6.861758	12.126696	
24	-6.914461	12.097633	
25	-6.984992	12.058324	
26	-7.078598	12.010875	
27	-7.195730	11.957598	
28	-7.332462	11.901296	
29	-7.482207	11.844081	
30	-7.637536	11.786637	
31	-7.791115	11.729456	
32	-7.936277	11.673301	
33	-8.068267	11.617672	
34	-8.185747	11.560254	
35	-8.290563	11.498391	
36	-8.385853	11.430778	
37	-8.474365	11.358641	
38	-8.557381	11.286174	
39	-8.634225	11.219486	
40	-8.702527	11.164593	
41	-8.758358	11.125794	
42	-8.796449	11.105778	
43	-8.811925	11.107936	
44	-8.802977	11.138022	
45	-8.771817	11.200013	
46	-8.722263	11.288303	
47	-8.657156	11.386649	
48	-8.579550	11.476308	
49	-8.494793	11.544730	
50	-8.410333	11.589989	
51	-8.334123	11.620549	
52	-8.271746	11.648786	
53	-8.224357	11.682747	
54	-8.190503	11.724278	
55	-8.168891	11.771945	
56	-8.158783	11.823165	
57	-8.159422	11.874641	
58	-8.169550	11.921898	
59	-8.187000	11.959233	
60	-8.208941	11.980379	
61	-8.232560	11.978873	
62	-8.255486	11.948272	
63	-8.275798	11.883250	
64	-8.291569	11.781263	
65	-8.300262	11.643565	
66	-8.298920	11.474751	
67	-8.285131	11.281167	
68	-8.258123	11.070148	
69	-8.220039	10.851160	
70	-8.176642	10.637344	
71	-8.136284	10.445168	
72	-8.107391	10.292236	
73	-8.095645	10.195374	
74	-8.102513	10.167340	
75	-8.125384	10.209978	
76	-8.158095	10.309552	
77	-8.192487	10.441811	
78	-8.221092	10.582880	
79	-8.238317	10.715595	
80	-8.239552	10.829602	
81	-8.221096	10.919898	
82	-8.182608	10.985221	
83	-8.129529	11.026148	
84	-8.071735	11.044335	
85	-8.019293	11.042904	
86	-7.979575	11.026561	
87	-7.956985	11.001596	
88	-7.953282	10.975725	
89	-7.967438	10.956502	
90	-7.995781	10.948968	
91	-8.032970	10.954559	
92	-8.073284	10.971652	
93	-8.111680	10.996947	
94	-8.144543	11.026885	
95	-8.169907	11.058582	
96	-8.187084	11.090205	
97	-8.196112	11.120878	
98	-8.197175	11.150063	
99	-8.190541	11.176613	
100	-8.177519	11.198475	
101	-8.161027	11.213381	
102	-8.144572	11.219710	
103	-8.130650	11.217035	
104	-8.120132	11.206193	
105	-8.113180	11.188688	
106	-8.110090	11.166299	
107	-8.110705	11.141546	
108	-8.114054	11.118030	
109	-8.119370	11.099860	
110	-8.126553	11.090790	
111	-8.135425	11.093103	
112	-8.145774	11.105806	
113	-8.158091	11.124080	
114	-8.173254	11.142020	
115	-8.191200	11.156340	
116	-8.209840	11.167893	
117	-8.225171	11.181255	
118	-8.232610	11.203068	
119	-8.228695	11.239132	
120	-8.212678	11.291224	
121	-8.187246	11.355614	
122	-8.157467	11.424861	
123	-8.128919	11.491205	
124	-8.106114	11.548233	
125	-8.090969	11.590748	
126	-8.081545	11.614457	
127	-8.072048	11.615954	
128	-8.054909	11.592678	
129	-8.024647	11.542675	
130	-7.980762	11.465649	
131	-7.926967	11.366016	
132	-7.868824	11.255856	
133	-7.813419	11.156562	
134	-7.768706	11.094815	
135	-7.739439	11.089113	
136	-7.725031	11.139943	
137	-7.722785	11.234086	
138	-7.730450	11.352432	
139	-7.746276	11.474683	
140	-7.770285	11.584130	
141	-7.805337	11.670496	
142	-7.855191	11.728904	
143	-7.921690	11.757382	
144	-8.004226	11.755169	
145	-8.100732	11.722458	
146	-8.207624	11.661243	
147	-8.318851	11.576651	
148	-8.425674	11.477986	
149	-8.517573	11.378281	
150	-8.584767	11.290439	
151	-8.621614	11.220946	
152	-8.627504	11.167630	
153	-8.604439	11.124693	
154	-8.555266	11.088288	
155	-8.484423	11.056970	
156	-8.398552	11.030857	
157	-8.305368	11.011586	
158	-8.212349	10.999522	
159	-8.126671	10.989447	
160	-8.054477	10.971384	
161	-7.997881	10.937028	
162	-7.953116	10.882927	
163	-7.912023	10.807558	
164	-7.864691	10.709143	
165	-7.802298	10.585929	
166	-7.719475	10.435783	
167	-7.614152	10.255736	
168	-7.485452	10.043133	
169	-7.332821	9.797892	
170	-7.157437	9.524662	
171	-6.963780	9.233436	
172	-6.759519	8.937101	
173	-6.553547	8.646482	
174	-6.353736	8.368137	
175	-6.166083	8.106930	
176	-5.992111	7.863962	
177	-5.823505	7.627430	
178	-5.641738	7.372068	
179	-5.425195	7.072004	
180	-5.156236	6.712697	
181	-4.824278	6.296349	
182	-4.425968	5.841756	
183	-3.961765	5.371724	
184	-3.431670	4.897418	
185	-2.837673	4.424312	
186	-2.188908	3.967323	
187	-1.497777	3.546771	
188	-0.771563	3.179055	
189	-0.010599	2.875037	
190	0.789617	2.633676	
191	1.637088	2.439349	
192	2.541549	2.271646	
193	3.510558	2.116971	
194	4.542908	1.978367	
195	5.625703	1.875244	
196	6.741383	1.825007	
197	7.876189	1.826838	
198	9.020366	1.864059	
199	10.163807	1.911796	
200	11.293179	1.940674	
201	12.393180	1.927424	
202	13.451522	1.870214	
203	14.460712	1.786244	
204	15.415538	1.697871	
205	16.312961	1.630534	
206	17.152883	1.612808	
207	17.937036	1.666423	
208	18.667385	1.796912	
209	19.344256	1.997384	
210	19.967604	2.263911	
211	20.540225	2.600138	
212	21.066042	3.000294	
213	21.546078	3.436851	
214	21.978426	3.872432	
215	22.361488	4.277802	
216	22.696991	4.637351	
217	22.989421	4.946367	
218	23.242483	5.207309	
219	23.457869	5.426543	
220	23.637752	5.611581	
221	23.786272	5.768374	
222	23.907218	5.898944	
223	24.001209	6.000315	
224	24.066132	6.065366	
225	24.100261	6.084811	
226	24.104443	6.049573	
227	24.081006	5.953590	
228	24.031212	5.796030	
229	23.954195	5.580488	
230	23.847868	5.311405	
231	23.710026	4.992418	
232	23.539094	4.628043	
233	23.334821	4.224662	
234	23.097349	3.789572	
235	22.825052	3.330440	
236	22.514543	2.855762	
237	22.163289	2.374791	
238	21.771556	1.896996	
239	21.341386	1.432281	
240	20.874154	0.990685	
241	20.370823	0.580406	
242	19.834947	0.205202	
243	19.273186	-0.136621	
244	18.691879	-0.449275	
245	18.094104	-0.734457	
246	17.479813	-0.988808	
247	16.847039	-1.204445	
248	16.191751	-1.370782	
249	15.507694	-1.476976	
250	14.788010	-1.515595	
251	14.027578	-1.487610	
252	13.224558	-1.405309	
253	12.380731	-1.289671	
254	11.501850	-1.164295	
255	10.598032	-1.050830	
256	9.682246	-0.966559	
257	8.768543	-0.920673	
258	7.871618	-0.910876	
259	7.003477	-0.925754	
260	6.167784	-0.950956	
261	5.360772	-0.973856	
262	4.579106	-0.986782	
263	3.824981	-0.988475	
264	3.105226	-0.980880	
265	2.428055	-0.963574	
266	1.797228	-0.931192	
267	1.205579	-0.874885	
268	0.635671	-0.784390	
269	0.066934	-0.648338	
270	-0.518755	-0.455625	
271	-1.134242	-0.199143	
272	-1.784980	0.121556	
273	-2.468768	0.499338	
274	-3.176811	0.919659	
275	-3.894591	1.363971	
276	-4.602851	1.815050	
277	-5.279346	2.258375	
278	-5.902864	2.679682	
279	-6.457888	3.064328	
280	-6.936034	3.399594	
281	-7.337661	3.676247	
282	-7.673243	3.887939	
283	-7.954534	4.031712	
284	-8.183335	4.110932	
285	-8.356961	4.136049	
286	-8.480480	4.120907	
287	-8.564816	4.079935	
288	-8.617615	4.028198	
289	-8.640933	3.979502	
290	-8.634956	3.943865	
291	-8.603899	3.927503	
292	-8.560981	3.931801	
293	-8.527187	3.951871	
294	-8.520639	3.979273	
295	-8.543465	4.007024	
296	-8.581313	4.031860	
297	-8.617910	4.053126	
298	-8.646453	4.073120	
299	-8.667201	4.100853	
300	-8.680354	4.152882	
301	-8.681235	4.245530	
302	-8.660582	4.384690	
303	-8.611386	4.564729	
304	-8.535758	4.775165	
305	-8.445612	5.004769	
306	-8.356763	5.241389	
307	-8.280219	5.472794	
308	-8.217265	5.690875	
309	-8.161834	5.896112	
310	-8.107099	6.096737	
311	-8.048622	6.302282	
312	-7.980587	6.516582	
313	-7.893742	6.735165	
314	-7.782000	6.948276	
315	-7.649138	7.144744	
316	-7.505536	7.313344	
317	-7.358988	7.443884	
318	-7.212342	7.529164	
319	-7.069653	7.566737	
320	-6.938670	7.560644	
321	-6.824438	7.522839	
322	-6.724293	7.470828	
323	-6.632953	7.421660	
324	-6.551057	7.389052	
325	-6.487039	7.385423	
326	-6.451687	7.423108	
327	-6.452084	7.511383	
328	-6.489324	7.652227	
329	-6.558314	7.839552	
330	-6.648228	8.062753	
331	-6.744018	8.310658	
332	-6.832004	8.572999	
333	-6.907749	8.840945	
334	-6.976237	9.107448	
335	-7.044291	9.367465	
336	-7.114496	9.620764	
337	-7.185191	9.873422	
338	-7.256028	10.131733	
339	-7.331315	10.396663	
340	-7.416002	10.667917	
341	-7.510162	10.951495	
342	-7.605895	11.261465	
343	-7.688916	11.613644	
344	-7.745999	12.015701	
345	-7.771472	12.461387	
346	-7.768772	12.932345	
347	-7.749214	13.404870	
348	-7.728839	13.856514	
349	-7.725142	14.269334	
350	-7.752719	14.630903	
351	-7.815147	14.934322	
352	-7.901084	15.177731	
353	-7.992189	15.364964	
354	-8.073942	15.505444	
355	-8.139546	15.610352	
356	-8.189036	15.688274	
357	-8.226833	15.743401	
358	-8.259115	15.775817	
359	-8.292964	15.784690	
360	-8.336327	15.772715	
361	-8.395518	15.746716	
362	-8.468964	15.713105	
363	-8.543853	15.674232	
364	-8.603174	15.630782	
365	-8.636116	15.585894	
366	-8.639589	15.545640	
367	-8.612184	15.515709	
368	-8.552460	15.498722	
369	-8.464110	15.497025	
370	-8.358274	15.515971	
371	-8.249538	15.560401	
372	-8.150911	15.628823	
373	-8.070581	15.713168	
374	-8.009555	15.804143	
375	-7.961144	15.896697	
376	-7.915442	15.989333	
377	-7.867038	16.077842	
378	-7.818680	16.152347	
379	-7.777834	16.202421	
380	-7.750887	16.223903	
381	-7.739250	16.220045	
382	-7.738281	16.198267	
383	-7.739536	16.167978	
384	-7.735204	16.140348	
385	-7.721383	16.126017	
386	-7.697986	16.130969	
387	-7.666469	16.156343	
388	-7.628620	16.202271	
389	-7.587580	16.269298	
390	-7.548599	16.355693	
391	-7.516825	16.454646	
392	-7.492595	16.552695	
393	-7.468190	16.629962	
394	-7.430188	16.666249	
395	-7.366281	16.651324	
396	-7.270563	16.590187	
397	-7.144726	16.500265	
398	-6.997809	16.405334	
399	-6.844582	16.329616	
400	-6.699578	16.291760	
401	-6.569928	16.298917	
402	-6.455516	16.344840	
403	-6.355325	16.414617	
404	-6.269992	16.492118	
405	-6.199226	16.564985	
406	-6.140457	16.626403	
407	-6.089744	16.674721	
408	-6.042100	16.711858	
409	-5.990630	16.742069	
410	-5.926100	16.770177	
411	-5.839310	16.799357	
412	-5.724612	16.832698	
413	-5.580982	16.877138	
414	-5.410813	16.942500	
415	-5.218692	17.036443	
416	-5.010914	17.161855	
417	-4.793679	17.314801	
418	-4.571334	17.481537	
419	-4.348853	17.642487	
420	-4.135856	17.782258	
421	-3.945724	17.894799	
422	-3.789268	17.981156	
423	-3.669169	18.044993	
424	-3.579683	18.090670	
425	-3.508564	18.124432	
426	-3.438527	18.154815	
427	-3.351446	18.189247	
428	-3.234889	18.229453	
429	-3.085696	18.270900	
430	-2.910517	18.306063	
431	-2.724537	18.327841	
432	-2.546732	18.333122	
433	-2.392387	18.326670	
434	-2.267121	18.321851	
435	-2.165774	18.335085	
436	-2.075465	18.375875	
437	-1.981353	18.440841	
438	-1.872949	18.517581	
439	-1.745714	18.591089	
440	-1.598278	18.646043	
441	-1.432217	18.670377	
442	-1.253952	18.661546	
443	-1.072924	18.627873	
444	-0.896929	18.582416	
445	-0.729188	18.534847	
446	-0.568944	18.488195	
447	-0.413291	18.441119	
448	-0.257667	18.390620	
449	-0.096092	18.332563	
450	0.077446	18.261459	
451	0.266994	18.170662	
452	0.473884	18.054280	
453	0.699342	17.910423	
454	0.948856	17.740492	
455	1.232414	17.542919	
456	1.558273	17.308425	
457	1.926474	17.024691	
458	2.328568	16.688828	
459	2.752416	16.315657	
460	3.188391	15.934867	
461	3.632235	15.580040	
462	4.078677	15.274762	
463	4.513168	15.028390	
464	4.914304	14.845649	
465	5.262159	14.730439	
466	5.544295	14.677319	
467	5.758844	14.669463	
468	5.912734	14.688586	
469	6.016369	14.723439	
470	6.082256	14.770026	
471	6.128121	14.827594	
472	6.175196	14.894295	
473	6.240983	14.963857	
474	6.335711	15.025268	
475	6.463615	15.064959	
476	6.623965	15.068166	
477	6.812491	15.018648	
478	7.026095	14.896175	
479	7.269720	14.671667	
480	7.562528	14.308764	
481	7.935686	13.780359	
482	8.419422	13.090942	
483	9.034602	12.283433	
484	9.792161	11.419207	
485	10.687872	10.547080	
486	11.697656	9.688265	
487	12.783464	8.842111	
488	13.905101	7.998248	
489	15.029938	7.145911	
490	16.136408	6.278513	
491	17.212320	5.394005	
492	18.253361	4.495712	
493	19.264026	3.596581	
494	20.256758	2.721371	
495	21.249700	1.903786	
496	22.269048	1.184751	
497	23.350617	0.611131	
498	24.530777	0.227078	
499	25.830858	0.059594	
500	27.247247	0.105950	
501	28.753073	0.330911	
502	30.304813	0.677630	
503	31.851191	1.085499	
504	33.349557	1.504178	
505	34.777746	1.898184	
506	36.130742	2.247852	
507	37.412055	2.550343	
508	38.628572	2.814636	
509	39.788365	3.054823	
510	40.899107	3.286284	
511	41.966890	3.519030	
512	42.995594	3.752349	
513	43.986601	3.976474	
514	44.939492	4.177146	
515	45.854522	4.339583	
516	46.737255	4.451603	
517	47.598930	4.505685	
518	48.448737	4.499108	
519	49.287215	4.432561	
520	50.105045	4.310177	
521	50.883208	4.141945	
522	51.595442	3.944823	
523	52.214981	3.739085	
524	52.725428	3.541014	
525	53.130306	3.357333	
526	53.448460	3.186439	
527	53.699244	3.023929	
528	53.897354	2.866021	
529	54.055117	2.710862	
530	54.179177	2.560413	
531	54.267716	2.421297	
532	54.313576	2.303482	
533	54.306963	2.218821	
534	54.238555	2.179428	
535	54.104888	2.193609	
536	53.909039	2.261010	
537	53.656763	2.370453	
538	53.353665	2.502782	
539	53.002854	2.637716	
540	52.607314	2.756753	
541	52.175363	2.842581	
542	51.715418	2.884117	
543	51.225795	2.880864	
544	50.695216	2.838093	
545	50.109438	2.760997	
546	49.456630	2.653053	
547	48.733135	2.515227	
548	47.945853	2.346103	
549	47.108448	2.143941	
550	46.234265	1.909686	
551	45.329244	1.649999	
552	44.392004	1.377356	
553	43.420771	1.104675	
554	42.416924	0.839764	
555	41.382537	0.584628	
556	40.317427	0.337531	
557	39.219750	0.098040	
558	38.088100	-0.127141	
559	36.922048	-0.325646	
560	35.722320	-0.487162	
561	34.490695	-0.607615	
562	33.228648	-0.687455	
563	31.937739	-0.729920	
564	30.623552	-0.741132	
565	29.296295	-0.729201	
566	27.964009	-0.703017	
567	26.628774	-0.672474	
568	25.290773	-0.648086	
569	23.949687	-0.637617	
570	22.602179	-0.641438	
571	21.246088	-0.650758	
572	19.888204	-0.649358	
573	18.542334	-0.616810	
574	17.219980	-0.534645	
575	15.925268	-0.394843	
576	14.654967	-0.204566	
577	13.400768	0.016340	
578	12.154035	0.243918	
579	10.907773	0.459975	
580	9.652239	0.656632	
581	8.373244	0.833417	
582	7.059958	0.992253	
583	5.714504	1.137233	
584	4.353942	1.276251	
585	3.005178	1.416880	
586	1.697179	1.560408	
587	0.450771	1.699355	
588	-0.728703	1.817251	
589	-1.846670	1.894731	
590	-2.908468	1.919841	
591	-3.914992	1.891278	
592	-4.864922	1.815358	
593	-5.756407	1.702650	
594	-6.586814	1.563996	
595	-7.354253	1.407914	
596	-8.057675	1.241560	
597	-8.692921	1.072906	
598	-9.252287	0.911501	
599	-9.728622	0.767060	
600	-10.116994	0.647027	
601	-10.413288	0.554317	
602	-10.613927	0.486221	
603	-10.719289	0.437303	
604	-10.736852	0.405213	
605	-10.677308	0.392399	
606	-10.548253	0.403229	
607	-10.354666	0.442720	
608	-10.103152	0.517205	
609	-9.804160	0.633295	
610	-9.471852	0.794074	
611	-9.121576	0.994921	
612	-8.767916	1.223438	
613	-8.425743	1.463477	
614	-8.110059	1.698614	
615	-7.832953	1.914100	
616	-7.602281	2.099024	
617	-7.423315	2.248861	
618	-7.298707	2.368211	
619	-7.224990	2.472262	
620	-7.190260	2.585234	
621	-7.175805	2.736080	
622	-7.159135	2.950548	
623	-7.117661	3.240895	
624	-7.032388	3.599595	
625	-6.888687	4.000126	
626	-6.676202	4.402998	
627	-6.393105	4.766439	
628	-6.053996	5.059066	
629	-5.691106	5.266040	
630	-5.342486	5.387528	
631	-5.037858	5.437756	
632	-4.793988	5.444259	
633	-4.615986	5.441259	
634	-4.496788	5.460424	
635	-4.418854	5.527061	
636	-4.364048	5.662910	
637	-4.323298	5.888657	
638	-4.296945	6.221628	
639	-4.289624	6.671520	
640	-4.306791	7.236871	
641	-4.356288	7.902634	
642	-4.450024	8.640768	
643	-4.599109	9.415658	
644	-4.807003	10.191911	
645	-5.065802	10.939651	
646	-5.355624	11.634735	
647	-5.649357	12.255572	
648	-5.920804	12.781624	
649	-6.149707	13.196293	
650	-6.322459	13.490529	
651	-6.432057	13.663419	
652	-6.479049	13.720359	
653	-6.471677	13.670808	
654	-6.423503	13.527477	
655	-6.349703	13.307362	
656	-6.264284	13.032346	
657	-6.179019	12.727834	
658	-6.102574	12.421045	
659	-6.040664	12.139135	
660	-6.000255	11.904022	
661	-5.992536	11.725830	
662	-6.026131	11.603580	
663	-6.095976	11.531932	
664	-6.181402	11.503296	
665	-6.256091	11.508924	
666	-6.300754	11.545066	
667	-6.310398	11.612723	
668	-6.293991	11.709914	
669	-6.268094	11.830651	
670	-6.248638	11.968616	
671	-6.245900	12.113871	
672	-6.264502	12.246225	
673	-6.304571	12.338561	
674	-6.362002	12.368470	
675	-6.431092	12.323900	
676	-6.508206	12.201837	
677	-6.591497	12.009496	
678	-6.678546	11.767461	
679	-6.766189	11.506471	
680	-6.851346	11.257873	
681	-6.930710	11.045367	
682	-7.000567	10.880767	
683	-7.057010	10.761689	
684	-7.095893	10.672128	
685	-7.113233	10.589957	
686	-7.105535	10.498536	
687	-7.069894	10.393005	
688	-7.005416	10.278600	
689	-6.915427	10.164912	
690	-6.807921	10.060308	
691	-6.693819	9.970067	
692	-6.584734	9.897920	
693	-6.491180	9.847961	
694	-6.421356	9.825116	
695	-6.378908	9.833328	
696	-6.359624	9.871564	
697	-6.352141	9.930998	
698	-6.344094	9.996876	
699	-6.327318	10.053522	
700	-6.297335	10.089749	
701	-6.249692	10.102656	
702	-6.179777	10.096824	
703	-6.087353	10.080940	
704	-5.980574	10.067179	
705	-5.875594	10.073338	
706	-5.788881	10.121923	
707	-5.725897	10.231693	
708	-5.677005	10.406573	
709	-5.621221	10.631867	
710	-5.532124	10.880680	
711	-5.386036	11.124880	
712	-5.169123	11.343318	
713	-4.879604	11.524197	
714	-4.528082	11.664213	
715	-4.135437	11.768761	
716	-3.728228	11.850547	
717	-3.336355	11.922479	
718	-2.990098	11.992204	
719	-2.713543	12.066384	
720	-2.518515	12.159921	
721	-2.401408	12.298052	
722	-2.343004	12.504557	
723	-2.310224	12.783676	
724	-2.258283	13.111292	
725	-2.135222	13.441065	
726	-1.891729	13.716629	
727	-1.492683	13.877387	
728	-0.920727	13.859917	
729	-0.167517	13.602676	
730	0.779875	13.023721	
731	1.964667	11.891638	
732	3.682782	9.150293	
733	7.395012	-4.583398	
734	2.748536	-10.637564	
735	3.061091	-15.320369	
736	5.900958	-23.139618	
737	10.858476	-32.734730	
738	17.081232	-40.604180	
739	20.693439	-44.391728	
740	21.648340	-43.243225	
741	18.664131	-36.541897	
742	9.641367	-25.882043	
743	2.614712	-10.579786	
744	-1.969625	-0.658842	
745	-6.492229	5.159322	
746	-12.028656	16.853446	
747	-3.134105	22.533733	
748	-1.493543	21.373346	
749	-1.150421	21.359281	
750	-0.962324	21.534660	
751	-0.682430	21.726138	
752	-0.225128	21.849554	
753	0.418581	21.854675	
754	1.164424	21.720292	
755	1.779722	21.438701	
756	1.805197	20.958262	
757	0.601109	20.121872	
758	-1.659147	18.998730	
759	-3.663744	18.206552	
760	-5.249606	17.932622	
761	-6.828955	17.926628	
762	-8.493445	17.910815	
763	-10.036291	17.706399	
764	-11.190616	17.278422	
765	-11.821463	16.701295	
766	-11.963765	16.088154	
767	-11.755492	15.535294	
768	-11.363596	15.093621	
769	-10.936309	14.762044	
770	-10.571498	14.501554	
771	-10.299985	14.266578	
772	-10.096649	14.027368	
773	-9.909893	13.765156	
774	-9.679170	13.457905	
775	-9.327913	13.078185	
776	-8.751633	12.603269	
777	-7.818448	12.022972	
778	-6.379740	11.337365	
779	-4.303102	10.547234	
780	-1.550150	9.648634	
781	1.738708	8.659588	
782	5.296920	7.703907	
783	8.989489	7.087227	
784	12.732242	7.022389	
785	15.861312	7.057188	
786	17.944635	6.774862	
787	19.295201	6.267032	
788	20.297966	5.687899	
789	21.189474	5.107214	
790	22.095246	4.534481	
791	23.074725	3.968981	
792	24.144860	3.434619	
793	25.298906	2.966554	
794	26.520568	2.582897	
795	27.789787	2.282549	
796	29.085905	2.057459	
797	30.388605	1.900190	
798	31.678707	1.807119	
799	32.944154	1.781749	
800	34.187139	1.836900	
801	35.420748	1.989236	
802	36.653577	2.246874	
803	37.877590	2.602831	
804	39.068834	3.039001	
805	40.195004	3.532497	
806	41.227285	4.058325	
807	42.153137	4.591746	
808	42.980592	5.113278	
809	43.737907	5.608288	
810	44.469769	6.060752	
811	45.219078	6.453833	
812	46.006233	6.774525	
813	46.828215	7.010712	
814	47.668471	7.147401	
815	48.501219	7.172726	
816	49.294809	7.088659	
817	50.017745	6.915486	
818	50.645943	6.684934	
819	51.169257	6.430138	
820	51.589290	6.183868	
821	51.912862	5.977206	
822	52.151831	5.830194	
823	52.324184	5.746369	
824	52.447767	5.718617	
825	52.530332	5.739114	
826	52.567740	5.802830	
827	52.551482	5.899535	
828	52.475518	6.004070	
829	52.338722	6.078738	
830	52.144077	6.086862	
831	51.896298	6.004550	
832	51.601429	5.824177	
833	51.267204	5.553369	
834	50.899498	5.212392	
835	50.497047	4.829918	
836	50.052776	4.437031	
837	49.563400	4.058942	
838	49.035264	3.708485	
839	48.478163	3.389041	
840	47.897664	3.101511	
841	47.293961	2.845098	
842	46.662105	2.618404	
843	45.992617	2.423159	
844	45.274831	2.261246	
845	44.500335	2.129959	
846	43.664561	2.024388	
847	42.767374	1.942059	
848	41.812234	1.883034	
849	40.802952	1.846711	
850	39.740495	1.830799	
851	38.622673	1.834068	
852	37.445782	1.858592	
853	36.207377	1.908226	
854	34.910503	1.985411	
855	33.565975	2.088455	
856	32.187772	2.209729	
857	30.784777	2.336861	
858	29.356938	2.456172	
859	27.897159	2.553920	
860	26.395920	2.615489	
861	24.846021	2.626287	
862	23.245753	2.575093	
863	21.602914	2.458018	
864	19.940725	2.280436	
865	18.296883	2.055796	
866	16.710817	1.803078	
867	15.211313	1.544385	
868	13.811868	1.301101	
869	12.505643	1.087218	
870	11.261222	0.903376	
871	10.032284	0.736902	
872	8.778815	0.569966	
873	7.480787	0.391863	
874	6.139694	0.205504	
875	4.774329	0.021762	
876	3.410319	-0.152083	
877	2.070283	-0.316634	
878	0.772158	-0.474536	
879	-0.470552	-0.623373	
880	-1.650047	-0.754439	
881	-2.763758	-0.858503	
882	-3.813633	-0.934742	
883	-4.806278	-0.994020	
884	-5.750160	-1.051149	
885	-6.649006	-1.111876	
886	-7.494655	-1.165286	
887	-8.267833	-1.188941	
888	-8.953570	-1.163621	
889	-9.556489	-1.085041	
890	-10.096156	-0.965329	
891	-10.590144	-0.825415	
892	-11.045609	-0.682374	
893	-11.463416	-0.541699	
894	-11.843070	-0.399523	
895	-12.182129	-0.247314	
896	-12.476520	-0.075235	
897	-12.724022	0.124405	
898	-12.925193	0.355985	
899	-13.080290	0.621189	
900	-13.184803	0.916666	
901	-13.227196	1.227323	
902	-13.190430	1.515072	
903	-13.052539	1.703103	
904	-12.792588	1.688646	
905	-12.413563	1.425563	
906	-11.955152	0.987035	
907	-11.470884	0.504796	
908	-10.999647	0.084083	
909	-10.557477	-0.214343	
910	-10.143899	-0.363596	
911	-9.756288	-0.362512	
912	-9.401737	-0.227999	
913	-9.096840	0.012077	
914	-8.861927	0.321927	
915	-8.718123	0.658696	
916	-8.684372	0.977287	
917	-8.772817	1.239045	
918	-8.986820	1.419811	
919	-9.321541	1.515562	
920	-9.765064	1.543008	
921	-10.300506	1.529927	
922	-10.907801	1.495959	
923	-11.562314	1.435456	
924	-12.231586	1.318027	
925	-12.883383	1.123691	
926	-13.556739	0.929462	
927	-14.627715	0.976822	
928	-16.419651	1.508522	
929	-17.360580	2.971325	
930	-17.372421	5.210873	
931	-16.975179	7.559418	
932	-15.944964	9.780161	
933	-13.867383	11.880727	
934	-11.094564	13.777650	
935	-8.478122	15.417300	
936	-6.430964	16.688219	
937	-5.405105	17.247237	
938	-5.664236	16.928587	
939	-6.885352	15.939927	
940	-8.499229	14.686583	
941	-10.081592	13.418350	
942	-11.150763	12.282910	
943	-11.333334	11.498753	
944	-10.499804	11.288931	
945	-8.843437	11.684572	
946	-7.250919	12.427037	
947	-6.104734	13.287801	
948	-5.275023	14.041847	
949	-4.738158	14.495369	
950	-4.508033	14.585694	
951	-4.526922	14.373468	
952	-4.698824	13.962365	
953	-4.948092	13.441689	
954	-5.232487	12.878499	
955	-5.531390	12.319856	
956	-5.831655	11.789541	
957	-6.121053	11.292487	
958	-6.389712	10.828867	
959	-6.631963	10.403849	
960	-6.846060	10.027468	
961	-7.033472	9.710634	
962	-7.197624	9.461709	
963	-7.342145	9.284445	
964	-7.469959	9.176651	
965	-7.583389	9.129543	
966	-7.684689	9.128463	
967	-7.776800	9.154861	
968	-7.863856	9.189547	
969	-7.951089	9.216645	
970	-8.044028	9.226344	
971	-8.146976	9.215332	
972	-8.261717	9.185418	
973	-8.387093	9.142067	
974	-8.519442	9.093761	
975	-8.654359	9.050723	
976	-8.788875	9.021869	
977	-8.921806	9.010999	
978	-9.051462	9.013661	
979	-9.172832	9.016795	
980	-9.277841	9.004715	
981	-9.360149	8.967981	
982	-9.420903	8.904718	
983	-9.468206	8.816577	
984	-9.509493	8.708772	
985	-9.545620	8.589511	
986	-9.570700	8.463875	
987	-9.573672	8.329795	
988	-9.541336	8.180522	
989	-9.464671	8.009724	
990	-9.346249	7.818126	
991	-9.204482	7.622046	
992	-9.067557	7.451927	
993	-8.954074	7.330027	
994	-8.856375	7.249166	
995	-8.747581	7.183641	
996	-8.604493	7.120687	
997	-8.416950	7.073865	
998	-8.179776	7.067446	
999	-7.890494	7.115934	
1000	-7.552064	7.214975	
1001	-7.166787	7.341460	
1002	-6.735660	7.466641	
1003	-6.266997	7.575155	
1004	-5.775614	7.668926	
1005	-5.275292	7.757466	
1006	-4.775904	7.850211	
1007	-4.283534	7.954389	
1008	-3.800997	8.075126	
1009	-3.328392	8.215880	
1010	-2.863666	8.377888	
1011	-2.403930	8.558829	
1012	-1.947011	8.752554	
1013	-1.492244	8.950647	
1014	-1.040650	9.144911	
1015	-0.593891	9.329840	
1016	-0.151771	9.503501	
1017	0.288936	9.665236	
1018	0.733010	9.812729	
1019	1.184743	9.942125	
1020	1.646545	10.049952	
1021	2.118549	10.134218	
1022	2.598926	10.194834	
1023	3.083156	10.233928	
1024	3.563647	10.255724	
1025	4.033019	10.266226	
1026	4.488172	10.273791	
1027	4.930330	10.290928	
1028	5.362491	10.333595	
1029	5.788250	10.413904	
1030	6.212385	10.532747	
1031	6.641076	10.681965	
1032	7.080391	10.852023	
1033	7.534060	11.035977	
1034	8.002099	11.229321	
1035	8.480802	11.428857	
1036	8.964511	11.631782	
1037	9.448876	11.835458	
1038	9.932788	12.037246	
1039	10.416887	12.233487	
1040	10.900708	12.417920	
1041	11.381167	12.580568	
1042	11.853309	12.708155	
1043	12.313001	12.786137	
1044	12.759416	12.801456	
1045	13.195092	12.745469	
1046	13.624243	12.616619	
1047	14.050727	12.421214	
1048	14.477379	12.171452	
1049	14.908632	11.883051	
1050	15.352236	11.572925	
1051	15.815731	11.255480	
1052	16.302635	10.940054	
1053	16.812543	10.631424	
1054	17.342712	10.331321	
1055	17.889263	10.039588	
1056	18.448027	9.755011	
1057	19.015096	9.475914	
1058	19.587124	9.200536	
1059	20.161457	8.927271	
1060	20.736139	8.654784	
1061	21.309840	8.382058	
1062	21.881744	8.108382	
1063	22.451426	7.833315	
1064	23.018733	7.556636	
1065	23.583687	7.278292	
1066	24.146396	6.998349	
1067	24.706999	6.716953	
1068	25.265626	6.434299	
1069	25.822372	6.150605	
1070	26.377285	5.866101	
1071	26.930369	5.581007	
1072	27.481589	5.295529	
1073	28.030884	5.009845	
1074	28.578186	4.724094	
1075	29.123440	4.438363	
1076	29.666632	4.152672	
1077	30.207815	3.866964	
1078	30.747144	3.581089	
1079	31.284900	3.294803	
1080	31.821520	3.007776	
1081	32.357607	2.719613	
1082	32.893925	2.429908	
1083	33.431362	2.138320	
1084	33.970842	1.844691	
1085	34.513191	1.549191	
1086	35.058918	1.252504	
1087	35.607915	0.956027	
1088	36.159082	0.662081	
1089	36.709854	0.374102	
1090	37.255692	0.096810	
1091	37.789540	-0.163680	
1092	38.301326	-0.399800	
1093	38.777578	-0.602568	
1094	39.201261	-0.761777	
1095	39.552013	-0.866529	
1096	39.807052	-0.906519	
1097	39.944634	-0.874922	
1098	39.951533	-0.772465	
1099	39.829084	-0.609006	
1100	39.591326	-0.400186	
1101	39.258840	-0.162509	
1102	38.854151	0.089581	
1103	38.398965	0.345012	
1104	37.912390	0.596536	
1105	37.410182	0.840355	
1106	36.904867	1.075258	
1107	36.406435	1.301614	
1108	35.923291	1.520470	
1109	35.463154	1.732846	
1110	35.033652	1.939245	
1111	34.642426	2.139353	
1112	34.296554	2.331880	
1113	34.001155	2.514539	
1114	33.757043	2.684115	
1115	33.559358	2.836630	
1116	33.400490	2.967256	
1117	33.274536	3.070037	
1118	33.177175	3.139210	
1119	33.101899	3.172029	
1120	33.038251	3.169670	
1121	32.975465	3.136503	
1122	32.908247	3.080389	
1123	32.836916	3.011588	
1124	32.761594	2.939820	
1125	32.679742	2.872203	
1126	32.590327	2.810355	
1127	32.496026	2.748835	
1128	32.398631	2.679677	
1129	32.295263	2.597673	
1130	32.180545	2.500400	
1131	32.046885	2.387359	
1132	31.879930	2.262516	
1133	31.659350	2.135545	
1134	31.367901	2.017610	
1135	30.998924	1.916418	
1136	30.556383	1.835087	
1137	30.050964	1.773298	
1138	29.496258	1.728618	
1139	28.906053	1.697589	
1140	28.292659	1.676527	
1141	27.666086	1.662043	
1142	27.033848	1.651313	
1143	26.401147	1.642160	
1144	25.771263	1.633005	
1145	25.146012	1.622750	
1146	24.526183	1.610626	
1147	23.911927	1.596036	
1148	23.303053	1.578421	
1149	22.699262	1.557152	
1150	22.100292	1.531466	
1151	21.506005	1.500470	
1152	20.916410	1.463203	
1153	20.331633	1.418798	
1154	19.751826	1.366752	
1155	19.177022	1.307300	
1156	18.606934	1.241905	
1157	18.040683	1.173835	
1158	17.476488	1.108779	
1159	16.911314	1.055440	
1160	16.340505	1.026025	
1161	15.757429	1.036564	
1162	15.153159	1.107017	
1163	14.516194	1.261104	
1164	13.832276	1.525769	
1165	13.084390	1.929880	
1166	12.253238	2.501196	
1167	11.318917	3.259309	
1168	10.265358	4.200117	
1169	9.090111	5.264941	
1170	7.815650	6.307831	
1171	6.485780	7.114658	
1172	5.141731	7.487377	
1173	3.799528	7.310311	
1174	2.441334	6.544659	
1175	1.007217	5.181173	
1176	-0.629213	3.165882	
1177	-2.724999	0.238216	
1178	-5.919806	-4.649271	
1179	-14.360377	-16.304976	
1180	-115.122102	-44.777768	
1181	-151.110422	-71.837382	
1182	-157.255065	-84.867877	
1183	-160.461057	-91.003138	
1184	-162.607473	-93.989027	
1185	-164.175266	-95.328601	
1186	-165.353633	-95.765085	
1187	-166.229351	-95.766879	
1188	-166.847662	-95.683008	
1189	-167.238779	-95.782848	
1190	-167.433004	-96.234661	
1191	-167.466959	-97.087892	
1192	-167.378366	-98.327099	
1193	-167.198668	-99.941911	
1194	-166.954240	-101.924326	
1195	-166.670469	-104.224682	
1196	-166.370737	-106.720889	
1197	-166.070960	-109.211552	
1198	-165.774158	-111.450677	
1199	-165.474574	-113.230607	
1200	-165.171332	-114.473548	
1201	-164.874662	-115.259082	
1202	-164.595480	-115.764033	
1203	-164.331105	-116.165294	
1204	-164.066886	-116.576585	
1205	-163.793574	-117.069002	
1206	-163.516589	-117.715324	
1207	NaN	NaN	
1208	NaN	NaN	
1209	NaN	NaN	
1210	NaN	NaN	
1211	NaN	NaN	
1212	NaN	NaN	
1213	NaN	NaN	
1214	NaN	NaN	
1215	NaN	NaN	
1216	NaN	NaN	
1217	NaN	NaN	
1218	NaN	NaN	
1219	NaN	NaN	
1220	NaN	NaN	
1221	NaN	NaN	
1222	NaN	NaN	
1223	NaN	NaN	
1224	NaN	NaN	
1225	NaN	NaN	
1226	NaN	NaN	
1227	NaN	NaN	
1228	NaN	NaN	
1229	NaN	NaN	
1230	NaN	NaN	
1231	NaN	NaN	
1232	NaN	NaN	
1233	NaN	NaN	
1234	NaN	NaN	
1235	NaN	NaN	
1236	NaN	NaN	
1237	NaN	NaN	
1238	NaN	NaN	
1239	NaN	NaN	
1240	NaN	NaN	
1241	NaN	NaN	
1242	NaN	NaN	
1243	NaN	NaN	
1244	NaN	NaN	
1245	NaN	NaN	
1246	NaN	NaN	
1247	NaN	NaN	
1248	NaN	NaN	
1249	NaN	NaN	
1250	NaN	NaN	
1251	NaN	NaN	
1252	NaN	NaN	
1253	NaN	NaN	
1254	NaN	NaN	
1255	NaN	NaN	
1256	NaN	NaN	
1257	NaN	NaN	
1258	NaN	NaN	
1259	NaN	NaN	
1260	NaN	NaN	
1261	NaN	NaN	
1262	NaN	NaN	
1263	NaN	NaN	
1264	NaN	NaN	
1265	NaN	NaN	
1266	NaN	NaN	
1267	NaN	NaN	
1268	NaN	NaN	
1269	NaN	NaN	
1270	NaN	NaN	
1271	NaN	NaN	
1272	NaN	NaN	
1273	NaN	NaN	
1274	NaN	NaN	
1275	NaN	NaN	
1276	NaN	NaN	
1277	NaN	NaN	
1278	NaN	NaN	
1279	NaN	NaN	
1280	NaN	NaN	
1281	NaN	NaN	
1282	NaN	NaN	
1283	NaN	NaN	
1284	NaN	NaN	
1285	NaN	NaN	
1286	NaN	NaN	
1287	NaN	NaN	
1288	NaN	NaN	
1289	NaN	NaN	
1290	NaN	NaN	
1291	NaN	NaN	
1292	NaN	NaN	
1293	NaN	NaN	
1294	NaN	NaN	
1295	NaN	NaN	
1296	NaN	NaN	
1297	NaN	NaN	
1298	NaN	NaN	
1299	NaN	NaN	
1300	NaN	NaN	
1301	NaN	NaN	
1302	NaN	NaN	
1303	NaN	NaN	
1304	NaN	NaN	
1305	NaN	NaN	
1306	NaN	NaN	
1307	NaN	NaN	
1308	NaN	NaN	
1309	NaN	NaN	
1310	NaN	NaN	
1311	NaN	NaN	
1312	NaN	NaN	
1313	NaN	NaN	
1314	NaN	NaN	
1315	NaN	NaN	
1316	NaN	NaN	
1317	NaN	NaN	
1318	NaN	NaN	
1319	NaN	NaN	
1320	NaN	NaN	
1321	NaN	NaN	
1322	NaN	NaN	
1323	NaN	NaN	
1324	NaN	NaN	
1325	NaN	NaN	
1326	NaN	NaN	
1327	NaN	NaN	
1328	NaN	NaN	
1329	NaN	NaN	
1330	NaN	NaN	
1331	NaN	NaN	
1332	NaN	NaN	
1333	NaN	NaN	
1334	NaN	NaN	
1335	NaN	NaN	
1336	NaN	NaN	
1337	NaN	NaN	
1338	NaN	NaN	
1339	NaN	NaN	
1340	NaN	NaN	
1341	NaN	NaN	
1342	NaN	NaN	
1343	NaN	NaN	
1344	NaN	NaN	
1345	NaN	NaN	
1346	NaN	NaN	
1347	NaN	NaN	
1348	NaN	NaN	
1349	NaN	NaN	
1350	NaN	NaN	
1351	NaN	NaN	
1352	NaN	NaN	
1353	NaN	NaN	
1354	NaN	NaN	
1355	NaN	NaN	
1356	NaN	NaN	
1357	NaN	NaN	
1358	NaN	NaN	
1359	NaN	NaN	
1360	NaN	NaN	
1361	NaN	NaN	
1362	NaN	NaN	
1363	NaN	NaN	
1364	NaN	NaN	
1365	NaN	NaN	
1366	NaN	NaN	
1367	NaN	NaN	
1368	NaN	NaN	
1369	NaN	NaN	
1370	NaN	NaN	
1371	NaN	NaN	
1372	NaN	NaN	
1373	NaN	NaN	
1374	NaN	NaN	
1375	NaN	NaN	
1376	NaN	NaN	
1377	NaN	NaN	
1378	NaN	NaN	
1379	NaN	NaN	
1380	NaN	NaN	
1381	NaN	NaN	
1382	NaN	NaN	
1383	NaN	NaN	
1384	NaN	NaN	
1385	NaN	NaN	
1386	NaN	NaN	
1387	NaN	NaN	
1388	NaN	NaN	
1389	NaN	NaN	
1390	NaN	NaN	
1391	NaN	NaN	
1392	NaN	NaN	
1393	NaN	NaN	
1394	NaN	NaN	
1395	NaN	NaN	
