Athlete_Engineering	// User ID
11-2-2021	// Evaluation date
P004_SQUAT	24-1-2021	14:12:15:309	// Source file name and timestamp
250.000	// Sampling rate
8.683	// Data capture period



Sample #	Right_Leg_Flexion	Right_Leg_Abduction	
0	-5.541714	7.000283	
1	-5.535863	6.990818	
2	-5.531091	6.976749	
3	-5.526976	6.957990	
4	-5.522236	6.933941	
5	-5.515774	6.905212	
6	-5.507142	6.874070	
7	-5.496024	6.843097	
8	-5.481935	6.814681	
9	-5.465137	6.791887	
10	-5.447596	6.778658	
11	-5.432242	6.778230	
12	-5.421465	6.791074	
13	-5.416432	6.814314	
14	-5.416973	6.843045	
15	-5.421758	6.872175	
16	-5.428693	6.897306	
17	-5.435599	6.914967	
18	-5.441337	6.923325	
19	-5.446053	6.922298	
20	-5.450038	6.912400	
21	-5.453013	6.894310	
22	-5.454222	6.869356	
23	-5.452617	6.839162	
24	-5.447287	6.804891	
25	-5.438205	6.767718	
26	-5.426856	6.730153	
27	-5.416008	6.696220	
28	-5.408597	6.670219	
29	-5.406615	6.655434	
30	-5.410600	6.653429	
31	-5.419739	6.663742	
32	-5.432290	6.684188	
33	-5.446235	6.711902	
34	-5.459989	6.744148	
35	-5.472652	6.778276	
36	-5.483844	6.811946	
37	-5.493344	6.843836	
38	-5.500649	6.873397	
39	-5.504811	6.900060	
40	-5.504589	6.923340	
41	-5.498502	6.943305	
42	-5.485356	6.960320	
43	-5.465485	6.973913	
44	-5.441596	6.981222	
45	-5.418633	6.976898	
46	-5.403283	6.955030	
47	-5.403425	6.910085	
48	-5.427907	6.835759	
49	-5.487166	6.724305	
50	-5.593748	6.566634	
51	-5.760949	6.351148	
52	-5.999586	6.062010	
53	-6.314407	5.678997	
54	-6.699857	5.179186	
55	-7.133735	4.541686	
56	-7.572901	3.757628	
57	-7.961761	2.847730	
58	-8.254093	1.892500	
59	-8.430714	1.066279	
60	-8.495958	0.614474	
61	-8.457932	0.712747	
62	-8.315475	1.317342	
63	-8.062806	2.202570	
64	-7.708228	3.137607	
65	-7.286620	3.987910	
66	-6.849406	4.701208	
67	-6.443008	5.268058	
68	-6.095198	5.698838	
69	-5.816119	6.011917	
70	-5.605377	6.226940	
71	-5.457026	6.362655	
72	-5.362156	6.436889	
73	-5.310205	6.466403	
74	-5.289789	6.466232	
75	-5.289971	6.449170	
76	-5.301783	6.425849	
77	-5.319311	6.404570	
78	-5.339969	6.390244	
79	-5.363827	6.383967	
80	-5.392063	6.384655	
81	-5.425239	6.391227	
82	-5.462174	6.403432	
83	-5.499842	6.421285	
84	-5.534256	6.443885	
85	-5.561845	6.468876	
86	-5.580568	6.493250	
87	-5.590026	6.514093	
88	-5.590786	6.528457	
89	-5.583693	6.533682	
90	-5.569235	6.528314	
91	-5.547523	6.512832	
92	-5.519740	6.490481	
93	-5.489405	6.467473	
94	-5.461448	6.450908	
95	-5.440000	6.445335	
96	-5.427115	6.451207	
97	-5.423054	6.466287	
98	-5.426934	6.487808	
99	-5.436998	6.513453	
100	-5.451028	6.541027	
101	-5.467157	6.567936	
102	-5.484201	6.591427	
103	-5.501096	6.609577	
104	-5.516623	6.622140	
105	-5.530107	6.630727	
106	-5.541831	6.638252	
107	-5.552245	6.647521	
108	-5.561311	6.659833	
109	-5.568784	6.674391	
110	-5.574214	6.688394	
111	-5.576526	6.698659	
112	-5.574335	6.704157	
113	-5.566932	6.706577	
114	-5.555117	6.708433	
115	-5.541422	6.711177	
116	-5.529326	6.714752	
117	-5.521597	6.718051	
118	-5.519087	6.719857	
119	-5.520713	6.719891	
120	-5.523743	6.718809	
121	-5.524456	6.717518	
122	-5.519629	6.717154	
123	-5.507834	6.718875	
124	-5.489801	6.722570	
125	-5.468004	6.725710	
126	-5.445671	6.724503	
127	-5.425493	6.717481	
128	-5.408363	6.707108	
129	-5.392732	6.697284	
130	-5.375594	6.690670	
131	-5.354975	6.688079	
132	-5.331869	6.687861	
133	-5.310230	6.684572	
134	-5.295404	6.668704	
135	-5.292137	6.628504	
136	-5.303463	6.552962	
137	-5.330868	6.435013	
138	-5.374697	6.274182	
139	-5.433929	6.078398	
140	-5.505592	5.865464	
141	-5.585708	5.659164	
142	-5.672240	5.475714	
143	-5.767081	5.310770	
144	-5.875482	5.136961	
145	-6.002790	4.914836	
146	-6.148864	4.615126	
147	-6.303795	4.238580	
148	-6.446810	3.827403	
149	-6.549961	3.462129	
150	-6.591515	3.224407	
151	-6.570252	3.144501	
152	-6.502597	3.192369	
153	-6.407615	3.314614	
154	-6.299656	3.454636	
155	-6.190659	3.544851	
156	-6.091297	3.520000	
157	-6.007865	3.351308	
158	-5.940552	3.058571	
159	-5.885570	2.696706	
160	-5.837279	2.343125	
161	-5.788820	2.084953	
162	-5.733388	1.992830	
163	-5.666551	2.098390	
164	-5.588344	2.387097	
165	-5.504738	2.796217	
166	-5.428848	3.227619	
167	-5.380538	3.586913	
168	-5.380458	3.818927	
169	-5.439169	3.910676	
170	-5.547920	3.878729	
171	-5.675803	3.762931	
172	-5.778501	3.618896	
173	-5.818716	3.495186	
174	-5.781359	3.409512	
175	-5.671587	3.348549	
176	-5.506232	3.277294	
177	-5.308364	3.140250	
178	-5.102047	2.873632	
179	-4.905255	2.431940	
180	-4.725795	1.807585	
181	-4.564365	1.037271	
182	-4.422063	0.192184	
183	-4.304748	-0.645970	
184	-4.220717	-1.404368	
185	-4.175981	-2.027039	
186	-4.172612	-2.477138	
187	-4.210524	-2.734340	
188	-4.289076	-2.791327	
189	-4.406532	-2.654166	
190	-4.558091	-2.346125	
191	-4.733660	-1.910929	
192	-4.916923	-1.407835	
193	-5.089022	-0.896140	
194	-5.238882	-0.418231	
195	-5.371259	0.007832	
196	-5.499814	0.381762	
197	-5.629793	0.706280	
198	-5.748958	0.979417	
199	-5.836035	1.199779	
200	-5.875981	1.373575	
201	-5.867495	1.514358	
202	-5.821924	1.634907	
203	-5.757973	1.736238	
204	-5.694329	1.804538	
205	-5.645378	1.820540	
206	-5.620597	1.770426	
207	-5.622373	1.649296	
208	-5.644687	1.464689	
209	-5.679210	1.244477	
210	-5.720743	1.027037	
211	-5.756762	0.829884	
212	-5.755352	0.644864	
213	-5.676098	0.468268	
214	-5.489881	0.312596	
215	-5.185758	0.186732	
216	-4.777197	0.083074	
217	-4.313579	-0.005032	
218	-3.865759	-0.066696	
219	-3.485753	-0.083122	
220	-3.195639	-0.025993	
221	-3.012137	0.155278	
222	-2.950179	0.500293	
223	-2.997331	0.980391	
224	-3.106529	1.498260	
225	-3.221768	1.948824	
226	-3.304019	2.269333	
227	-3.334124	2.441677	
228	-3.303921	2.473738	
229	-3.211966	2.387460	
230	-3.062174	2.216406	
231	-2.856304	2.006613	
232	-2.584261	1.812900	
233	-2.226927	1.686211	
234	-1.771062	1.661921	
235	-1.219257	1.760389	
236	-0.587091	1.992831	
237	0.105566	2.362942	
238	0.841118	2.864218	
239	1.608057	3.474731	
240	2.401598	4.156077	
241	3.217547	4.863086	
242	4.043322	5.555483	
243	4.857422	6.203883	
244	5.639208	6.794621	
245	6.376937	7.330196	
246	7.067575	7.821218	
247	7.713785	8.277221	
248	8.321792	8.702552	
249	8.899985	9.097205	
250	9.458083	9.459564	
251	10.006558	9.788437	
252	10.555451	10.084121	
253	11.112107	10.348717	
254	11.679808	10.586026	
255	12.258997	10.800866	
256	12.848340	10.996852	
257	13.444218	11.173396	
258	14.041941	11.324241	
259	14.638866	11.439486	
260	15.235673	11.510922	
261	15.835123	11.536111	
262	16.441025	11.518099	
263	17.058251	11.463835	
264	17.692154	11.382893	
265	18.347020	11.285179	
266	19.024581	11.180082	
267	19.722904	11.078970	
268	20.435573	10.996615	
269	21.152630	10.946990	
270	21.863852	10.937030	
271	22.561712	10.965632	
272	23.242869	11.027343	
273	23.908661	11.115578	
274	24.564262	11.224411	
275	25.216678	11.348712	
276	25.872551	11.482901	
277	26.536964	11.621682	
278	27.213407	11.763252	
279	27.903646	11.910768	
280	28.607371	12.070604	
281	29.322436	12.249619	
282	30.045708	12.452467	
283	30.775026	12.679681	
284	31.510728	12.928254	
285	32.253621	13.193839	
286	33.002250	13.471466	
287	33.753961	13.754996	
288	34.507895	14.038736	
289	35.266991	14.321137	
290	36.038238	14.607154	
291	36.830894	14.907303	
292	37.653423	15.235116	
293	38.511188	15.605499	
294	39.406719	16.032706	
295	40.340663	16.524906	
296	41.308591	17.073101	
297	42.295774	17.642160	
298	43.279848	18.180890	
299	44.240492	18.645853	
300	45.164726	19.016203	
301	46.047373	19.295150	
302	46.891859	19.504867	
303	47.707830	19.675423	
304	48.503696	19.830028	
305	49.282624	19.978211	
306	50.045916	20.122335	
307	50.795744	20.265415	
308	51.533223	20.410864	
309	52.256748	20.558005	
310	52.964144	20.700250	
311	53.655503	20.828175	
312	54.332462	20.934132	
313	54.995332	21.014222	
314	55.642375	21.068052	
315	56.273902	21.099914	
316	56.896513	21.120293	
317	57.519859	21.143114	
318	58.150235	21.178260	
319	58.788573	21.225027	
320	59.430466	21.274138	
321	60.066865	21.316678	
322	60.687680	21.350526	
323	61.285799	21.380448	
324	61.858867	21.413500	
325	62.409342	21.453698	
326	62.942712	21.500403	
327	63.464526	21.549848	
328	63.979308	21.596922	
329	64.492427	21.639044	
330	65.011256	21.680678	
331	65.542580	21.729639	
332	66.087648	21.787485	
333	66.638659	21.846387	
334	67.181272	21.894849	
335	67.702250	21.926393	
336	68.192822	21.942935	
337	68.645498	21.950537	
338	69.055138	21.958067	
339	69.424932	21.982687	
340	69.765851	22.054699	
341	70.090270	22.218472	
342	70.405745	22.520572	
343	70.710358	22.982001	
344	70.997756	23.581987	
345	71.271510	24.265958	
346	71.557125	24.952585	
347	71.905356	25.536360	
348	72.376582	25.912160	
349	73.004645	26.024776	
350	73.770198	25.901560	
351	74.612499	25.627219	
352	75.462921	25.287735	
353	76.264203	24.939131	
354	76.974467	24.607422	
355	77.571938	24.301644	
356	78.057989	24.029046	
357	78.453032	23.800445	
358	78.787788	23.624695	
359	79.094036	23.507325	
360	79.396860	23.453895	
361	79.707779	23.460887	
362	80.021446	23.502694	
363	80.318911	23.537579	
364	80.577370	23.527281	
365	80.786643	23.454814	
366	80.960736	23.332521	
367	81.128397	23.193028	
368	81.313836	23.070430	
369	81.530863	22.992031	
370	81.787987	22.981020	
371	82.087519	23.053029	
372	82.416093	23.201575	
373	82.742512	23.389432	
374	83.035886	23.566942	
375	83.286207	23.700632	
376	83.503753	23.779389	
377	83.706391	23.804903	
378	83.911677	23.786438	
379	84.133934	23.739428	
380	84.382887	23.683234	
381	84.663904	23.639743	
382	84.978481	23.630869	
383	85.324405	23.673076	
384	85.698870	23.779323	
385	86.100590	23.964160	
386	86.523447	24.232551	
387	86.949737	24.568469	
388	87.352281	24.943400	
389	87.703534	25.326539	
390	87.985713	25.685849	
391	88.192444	25.988820	
392	88.324402	26.206808	
393	88.390215	26.323335	
394	88.409299	26.341611	
395	88.410473	26.284323	
396	88.426128	26.185154	
397	88.481780	26.076717	
398	88.588533	25.981791	
399	88.745666	25.911000	
400	88.947461	25.865036	
401	89.186801	25.838480	
402	89.455958	25.822083	
403	89.746281	25.802915	
404	90.047616	25.765701	
405	90.349908	25.698568	
406	90.646087	25.600790	
407	90.931096	25.484158	
408	91.195495	25.363931	
409	91.421157	25.247604	
410	91.587686	25.132825	
411	91.684755	25.013978	
412	91.717069	24.889198	
413	91.699468	24.764769	
414	91.649401	24.654082	
415	91.581567	24.569574	
416	91.508775	24.517670	
417	91.447105	24.501474	
418	91.414752	24.522180	
419	91.423982	24.576144	
420	91.475080	24.652645	
421	91.554655	24.733702	
422	91.637143	24.796456	
423	91.689307	24.818556	
424	91.676326	24.781684	
425	91.568336	24.671403	
426	91.347740	24.479488	
427	91.016997	24.210459	
428	90.601856	23.883327	
429	90.147047	23.525328	
430	89.706776	23.166131	
431	89.328666	22.834477	
432	89.037262	22.553882	
433	88.830851	22.337429	
434	88.693372	22.186001	
435	88.611523	22.094819	
436	88.580401	22.058968	
437	88.593636	22.070028	
438	88.638939	22.117358	
439	88.708647	22.199831	
440	88.806403	22.330433	
441	88.939325	22.525821	
442	89.109940	22.795628	
443	89.315342	23.139217	
444	89.543110	23.541982	
445	89.765717	23.971656	
446	89.949435	24.386125	
447	90.072967	24.749777	
448	90.133939	25.041399	
449	90.140121	25.250775	
450	90.100025	25.373964	
451	90.021021	25.411113	
452	89.909412	25.366236	
453	89.769432	25.250132	
454	89.607903	25.083684	
455	89.438833	24.895031	
456	89.275670	24.712157	
457	89.122313	24.558221	
458	88.976671	24.451060	
459	88.837719	24.403204	
460	88.707043	24.421822	
461	88.587924	24.510004	
462	88.483853	24.667652	
463	88.396250	24.888840	
464	88.322988	25.155946	
465	88.257966	25.437449	
466	88.189751	25.694782	
467	88.101604	25.894336	
468	87.976530	26.018456	
469	87.800547	26.069217	
470	87.561499	26.060489	
471	87.255825	26.006195	
472	86.898982	25.916923	
473	86.521934	25.804091	
474	86.156986	25.683251	
475	85.825391	25.573571	
476	85.532747	25.494295	
477	85.273375	25.458865	
478	85.037680	25.471576	
479	84.815371	25.529156	
480	84.593918	25.621329	
481	84.355851	25.727082	
482	84.079611	25.811442	
483	83.746450	25.829716	
484	83.349088	25.741856	
485	82.895287	25.528394	
486	82.403770	25.194361	
487	81.895793	24.762847	
488	81.389637	24.272760	
489	80.902770	23.786644	
490	80.457944	23.397631	
491	80.079067	23.201686	
492	79.774125	23.230886	
493	79.528701	23.432574	
494	79.318826	23.728629	
495	79.122335	24.065278	
496	78.921188	24.412501	
497	78.702474	24.749005	
498	78.457968	25.053020	
499	78.181564	25.301395	
500	77.867893	25.472231	
501	77.511641	25.546077	
502	77.108247	25.514688	
503	76.658688	25.394595	
504	76.171550	25.219955	
505	75.657847	25.018642	
506	75.126467	24.805165	
507	74.584497	24.592250	
508	74.039031	24.397640	
509	73.495913	24.236113	
510	72.955433	24.106830	
511	72.411934	23.991721	
512	71.859875	23.865476	
513	71.298486	23.707854	
514	70.731048	23.513200	
515	70.163106	23.292625	
516	69.600782	23.066173	
517	69.049732	22.853636	
518	68.517795	22.673197	
519	68.018394	22.542530	
520	67.569071	22.476237	
521	67.184346	22.479305	
522	66.866028	22.537627	
523	66.598092	22.618156	
524	66.351630	22.684227	
525	66.095259	22.709699	
526	65.803930	22.684435	
527	65.464509	22.617541	
528	65.078033	22.537576	
529	64.656342	22.480188	
530	64.212887	22.466206	
531	63.755700	22.494684	
532	63.285957	22.551501	
533	62.797752	22.612098	
534	62.281386	22.648589	
535	61.730143	22.646254	
536	61.142831	22.606181	
537	60.521533	22.535695	
538	59.869336	22.443900	
539	59.189857	22.342017	
540	58.489555	22.242554	
541	57.780673	22.155669	
542	57.079487	22.084797	
543	56.401005	22.026303	
544	55.754347	21.975297	
545	55.139602	21.931683	
546	54.548157	21.898900	
547	53.968079	21.877585	
548	53.390727	21.861982	
549	52.813042	21.841718	
550	52.235354	21.807288	
551	51.657712	21.756288	
552	51.075214	21.693812	
553	50.475008	21.623585	
554	49.840187	21.540355	
555	49.158474	21.433228	
556	48.427448	21.293179	
557	47.654257	21.116395	
558	46.853499	20.904078	
559	46.043933	20.660515	
560	45.243071	20.391187	
561	44.463306	20.103774	
562	43.712638	19.810597	
563	42.994524	19.525229	
564	42.303923	19.253003	
565	41.628232	18.989615	
566	40.955422	18.734097	
567	40.278731	18.498030	
568	39.595142	18.299330	
569	38.905183	18.157762	
570	38.212854	18.093526	
571	37.520236	18.110609	
572	36.825469	18.187739	
573	36.130313	18.298088	
574	35.443181	18.423270	
575	34.770334	18.542932	
576	34.109222	18.626594	
577	33.451783	18.640946	
578	32.788966	18.558059	
579	32.111530	18.357119	
580	31.410616	18.025989	
581	30.679805	17.566475	
582	29.917880	17.003053	
583	29.130469	16.387349	
584	28.327698	15.784840	
585	27.519587	15.248414	
586	26.715309	14.802924	
587	25.926306	14.452089	
588	25.166731	14.192238	
589	24.448967	14.015414	
590	23.778547	13.905751	
591	23.152172	13.839248	
592	22.559886	13.788644	
593	21.989501	13.731360	
594	21.428221	13.654284	
595	20.862540	13.552244	
596	20.281249	13.423694	
597	19.679343	13.266998	
598	19.059086	13.080195	
599	18.430062	12.865119	
600	17.808588	12.629562	
601	17.211231	12.379904	
602	16.644826	12.112537	
603	16.105430	11.819988	
604	15.587848	11.507802	
605	15.092953	11.204411	
606	14.624131	10.954770	
607	14.177733	10.800564	
608	13.738821	10.758263	
609	13.286714	10.811206	
610	12.804800	10.922308	
611	12.287201	11.054519	
612	11.739838	11.182095	
613	11.175543	11.286424	
614	10.605279	11.343091	
615	10.032489	11.318627	
616	9.452848	11.185168	
617	8.855506	10.934963	
618	8.227182	10.580525	
619	7.561303	10.149228	
620	6.864569	9.676927	
621	6.153939	9.199409	
622	5.451179	8.750372	
623	4.780854	8.362724	
624	4.166527	8.062055	
625	3.625023	7.860803	
626	3.162481	7.759673	
627	2.771826	7.746392	
628	2.433991	7.792666	
629	2.126430	7.861726	
630	1.833066	7.923167	
631	1.545417	7.960234	
632	1.257360	7.967456	
633	0.964461	7.946726	
634	0.668517	7.904208	
635	0.377981	7.847554	
636	0.101196	7.786320	
637	-0.159581	7.733207	
638	-0.407787	7.699635	
639	-0.649357	7.688899	
640	-0.889602	7.695238	
641	-1.129579	7.708966	
642	-1.364067	7.721804	
643	-1.584307	7.729551	
644	-1.785219	7.732758	
645	-1.971661	7.735556	
646	-2.157297	7.742546	
647	-2.357137	7.756051	
648	-2.580166	7.776882	
649	-2.826070	7.806521	
650	-3.087485	7.846381	
651	-3.355549	7.895547	
652	-3.622972	7.949865	
653	-3.883647	8.000831	
654	-4.131993	8.033592	
655	-4.362280	8.026900	
656	-4.567341	7.955779	
657	-4.738257	7.794021	
658	-4.866654	7.513551	
659	-4.947930	7.082982	
660	-4.982550	6.475623	
661	-4.976390	5.688719	
662	-4.942341	4.757020	
663	-4.906540	3.751445	
664	-4.919938	2.773254	
665	-5.055436	1.944228	
666	-5.373833	1.374152	
667	-5.887522	1.108627	
668	-6.559749	1.101256	
669	-7.330634	1.244346	
670	-8.135759	1.435184	
671	-8.909104	1.620478	
672	-9.587303	1.793972	
673	-10.118183	1.972244	
674	-10.465325	2.175333	
675	-10.612534	2.413876	
676	-10.569404	2.680435	
677	-10.372377	2.948371	
678	-10.079299	3.179673	
679	-9.753044	3.342964	
680	-9.440866	3.431162	
681	-9.167577	3.459710	
682	-8.941507	3.451019	
683	-8.761509	3.426492	
684	-8.623667	3.408275	
685	-8.526709	3.418980	
686	-8.472320	3.477838	
687	-8.462583	3.598614	
688	-8.498731	3.784852	
689	-8.579260	4.018841	
690	-8.696123	4.258762	
691	-8.833896	4.458172	
692	-8.973746	4.592219	
693	-9.098587	4.665094	
694	-9.195933	4.701158	
695	-9.258718	4.732081	
696	-9.286418	4.782489	
697	-9.286379	4.861502	
698	-9.273978	4.964090	
699	-9.269581	5.073774	
700	-9.291713	5.165225	
701	-9.350544	5.213544	
702	-9.446541	5.204831	
703	-9.574507	5.135855	
704	-9.727304	5.006591	
705	-9.894683	4.817717	
706	-10.059855	4.573938	
707	-10.198587	4.286607	
708	-10.284082	3.971909	
709	-10.297828	3.646656	
710	-10.239164	3.325494	
711	-10.123388	3.019649	
712	-9.970154	2.735789	
713	-9.795528	2.474655	
714	-9.612625	2.232323	
715	-9.433116	2.006643	
716	-9.265668	1.804567	
717	-9.115891	1.645500	
718	-8.989238	1.559439	
719	-8.891563	1.579717	
720	-8.825642	1.733447	
721	-8.788113	2.033111	
722	-8.769945	2.469652	
723	-8.760221	3.009995	
724	-8.749583	3.603875	
725	-8.730549	4.196208	
726	-8.698861	4.737142	
727	-8.656125	5.190782	
728	-8.607120	5.541846	
729	-8.555178	5.793642	
730	-8.501992	5.959450	
731	-8.448513	6.054651	
732	-8.393955	6.093156	
733	-8.335260	6.089010	
734	-8.267941	6.060460	
735	-8.186092	6.030332	
736	-8.083936	6.018296	
737	-7.961594	6.029288	
738	-7.826824	6.051475	
739	-7.689873	6.067670	
740	-7.560318	6.065618	
741	-7.446315	6.038532	
742	-7.352472	5.983112	
743	-7.279360	5.899809	
744	-7.225546	5.793297	
745	-7.189101	5.672279	
746	-7.168191	5.547572	
747	-7.162228	5.426271	
748	-7.173092	5.304975	
749	-7.205016	5.168412	
750	-7.262887	4.994515	
751	-7.349522	4.761467	
752	-7.463128	4.453127	
753	-7.595802	4.063115	
754	-7.733009	3.598046	
755	-7.856292	3.077918	
756	-7.950367	2.534181	
757	-8.007353	2.006866	
758	-8.025990	1.533887	
759	-8.014247	1.134096	
760	-7.993317	0.802272	
761	-7.992434	0.522530	
762	-8.036641	0.288388	
763	-8.140807	0.112930	
764	-8.312441	0.025724	
765	-8.550882	0.071184	
766	-8.838749	0.312466	
767	-9.140620	0.821951	
768	-9.440221	1.611500	
769	-9.799345	2.477384	
770	-10.240528	2.964956	
771	-10.632208	2.700518	
772	-10.993787	1.769309	
773	-11.450219	0.600024	
774	-11.956842	-0.436887	
775	-12.407820	-1.192118	
776	-12.751170	-1.663808	
777	-12.976040	-1.897458	
778	-13.087902	-1.939106	
779	-13.099779	-1.822871	
780	-13.029946	-1.573044	
781	-12.900596	-1.212497	
782	-12.736074	-0.770270	
783	-12.560878	-0.282201	
784	-12.398360	0.213862	
785	-12.269305	0.681133	
786	-12.189716	1.082263	
787	-12.167899	1.379287	
788	-12.200860	1.544118	
789	-12.272384	1.574056	
790	-12.355490	1.497194	
791	-12.420105	1.369263	
792	-12.443411	1.269601	
793	-12.413629	1.286316	
794	-12.324579	1.486481	
795	-12.172298	1.887460	
796	-11.957662	2.440222	
797	-11.685922	3.034386	
798	-11.365105	3.534522	
799	-11.020582	3.827265	
800	-10.721033	3.850160	
801	-10.586123	3.599889	
802	-10.743701	3.126117	
803	-11.181332	2.518290	
804	-11.626706	1.899363	
805	-11.805732	1.392692	
806	-11.698759	1.063044	
807	-11.419188	0.909369	
808	-11.067732	0.894134	
809	-10.703912	0.969640	
810	-10.359532	1.091197	
811	-10.051988	1.221027	
812	-9.791062	1.330160	
813	-9.582293	1.400514	
814	-9.428420	1.424508	
815	-9.329358	1.400745	
816	-9.282571	1.330384	
817	-9.283311	1.218028	
818	-9.322724	1.073562	
819	-9.385647	0.911757	
820	-9.452214	0.750181	
821	-9.504068	0.604985	
822	-9.530555	0.486588	
823	-9.530304	0.399056	
824	-9.508713	0.341247	
825	-9.474006	0.306450	
826	-9.433797	0.282986	
827	-9.393258	0.258562	
828	-9.354485	0.225129	
829	-9.316640	0.179635	
830	-9.277593	0.121890	
831	-9.236351	0.053071	
832	-9.193921	-0.024913	
833	-9.152061	-0.110244	
834	-9.111803	-0.201725	
835	-9.073346	-0.297880	
836	-9.036809	-0.395267	
837	-9.001983	-0.487689	
838	-8.967138	-0.565705	
839	-8.928735	-0.615108	
840	-8.882511	-0.616630	
841	-8.825451	-0.550257	
842	-8.759073	-0.403124	
843	-8.693051	-0.178083	
844	-8.643046	0.100384	
845	-8.618733	0.389297	
846	-8.613071	0.639493	
847	-8.605083	0.807084	
848	-8.571214	0.859775	
849	-8.493794	0.780973	
850	-8.362355	0.571656	
851	-8.172950	0.249934	
852	-7.931700	-0.149361	
853	-7.660884	-0.573111	
854	-7.400099	-0.950123	
855	-7.196196	-1.202180	
856	-7.087217	-1.267662	
857	-7.092340	-1.126817	
858	-7.208629	-0.812628	
859	-7.413866	-0.393248	
860	-7.675000	0.059370	
861	-7.951063	0.482884	
862	-8.196128	0.829586	
863	-8.373034	1.077764	
864	-8.462987	1.231995	
865	-8.462780	1.311209	
866	-8.379257	1.339582	
867	-8.225707	1.342292	
868	-8.019467	1.342022	
869	-7.780835	1.355689	
870	-7.533843	1.391253	
871	-7.306139	1.441676	
872	-7.124390	1.482852	
873	-7.005366	1.489971	
874	-6.949281	1.459411	
875	-6.942778	1.406359	
876	-6.967030	1.345304	
877	-7.004291	1.282601	
878	-7.042698	1.221825	
879	-7.076216	1.167438	
880	-7.100132	1.123400	
881	-7.108684	1.090181	
882	-7.095993	1.064883	
883	-7.058030	1.044401	
884	-6.995481	1.028261	
885	-6.916229	1.020339	
886	-6.832749	1.027640	
887	-6.752978	1.055428	
888	-6.672902	1.104764	
889	-6.579914	1.174643	
890	-6.464202	1.261536	
891	-6.326194	1.355441	
892	-6.173099	1.439185	
893	-6.011682	1.493367	
894	-5.846774	1.503596	
895	-5.682808	1.465153	
896	-5.521993	1.384331	
897	-5.361216	1.279654	
898	-5.191552	1.182020	
899	-5.000430	1.128205	
900	-4.775767	1.147800	
901	-4.509052	1.252056	
902	-4.194651	1.431559	
903	-3.828216	1.662532	
904	-3.407439	1.917332	
905	-2.934235	2.173799	
906	-2.417224	2.419863	
907	-1.872955	2.653179	
908	-1.322157	2.877953	
909	-0.782367	3.100920	
910	-0.263810	3.328295	
911	0.229028	3.565787	
912	0.693581	3.820273	
913	1.127911	4.098699	
914	1.533460	4.403811	
915	1.917718	4.730954	
916	2.292890	5.068639	
917	2.671716	5.402582	
918	3.063958	5.720325	
919	3.475484	6.012817	
920	3.909720	6.273469	
921	4.370109	6.497920	
922	4.861224	6.685960	
923	5.387089	6.843606	
924	5.948245	6.982241	
925	6.540012	7.115632	
926	7.153193	7.257042	
927	7.776933	7.416024	
928	8.401713	7.596368	
929	9.020925	7.797334	
930	9.631361	8.015825	
931	10.232897	8.245894	
932	10.826810	8.476111	
933	11.413463	8.689143	
934	11.992622	8.867899	
935	12.566754	9.005340	
936	13.141809	9.106751	
937	13.723651	9.182723	
938	14.314987	9.243930	
939	14.915444	9.300993	
940	15.523554	9.364078	
941	16.139034	9.440443	
942	16.763602	9.532831	
943	17.399347	9.640840	
944	18.046325	9.763032	
945	18.702446	9.897574	
946	19.365679	10.042114	
947	20.035036	10.193751	
948	20.709398	10.349921	
949	21.387516	10.509724	
950	22.070151	10.672727	
951	22.760609	10.835024	
952	23.461778	10.988317	
953	24.173262	11.125496	
954	24.892272	11.247072	
955	25.616702	11.360966	
956	26.345991	11.476463	
957	27.078743	11.600478	
958	27.811310	11.739515	
959	28.539752	11.901267	
960	29.261750	12.091873	
961	29.976367	12.312572	
962	30.684153	12.559173	
963	31.388920	12.823594	
964	32.097802	13.095423	
965	32.816966	13.363085	
966	33.547438	13.616055	
967	34.285928	13.847397	
968	35.027581	14.054390	
969	35.766906	14.238021	
970	36.499092	14.402625	
971	37.222438	14.555756	
972	37.939230	14.709157	
973	38.655202	14.879923	
974	39.378497	15.089489	
975	40.117558	15.360097	
976	40.878539	15.708984	
977	41.662470	16.140668	
978	42.462535	16.639111	
979	43.265134	17.167351	
980	44.056495	17.683070	
981	44.828370	18.157648	
982	45.576807	18.578605	
983	46.297813	18.940605	
984	46.986695	19.239048	
985	47.640972	19.467749	
986	48.262162	19.620145	
987	48.854717	19.694073	
988	49.425073	19.695788	
989	49.983806	19.638743	
990	50.548793	19.540210	
991	51.144488	19.423681	
992	51.795705	19.322816	
993	52.518263	19.276391	
994	53.311497	19.317218	
995	54.156974	19.460590	
996	55.024072	19.697229	
997	55.879335	19.998765	
998	56.694047	20.330886	
999	57.447177	20.664182	
1000	58.125068	20.980330	
1001	58.719819	21.274526	
1002	59.226973	21.555920	
1003	59.643707	21.845349	
1004	59.970848	22.168336	
1005	60.218288	22.545202	
1006	60.408336	22.981247	
1007	60.575750	23.458739	
1008	60.767130	23.933500	
1009	61.033718	24.346505	
1010	61.409252	24.661349	
1011	61.891208	24.895483	
1012	62.452835	25.091669	
1013	63.073114	25.252675	
1014	63.748621	25.322921	
1015	64.478309	25.246547	
1016	65.245685	25.030995	
1017	66.021338	24.734854	
1018	66.776242	24.407945	
1019	67.486773	24.063126	
1020	68.134411	23.690608	
1021	68.707015	23.278902	
1022	69.198974	22.822393	
1023	69.611193	22.320842	
1024	69.951700	21.781875	
1025	70.235158	21.231089	
1026	70.484706	20.732298	
1027	70.732919	20.403964	
1028	71.009519	20.384281	
1029	71.321362	20.733193	
1030	71.651382	21.378744	
1031	71.981354	22.186367	
1032	72.311026	23.049817	
1033	72.654693	23.900246	
1034	73.028024	24.664314	
1035	73.445883	25.245443	
1036	73.924169	25.554549	
1037	74.471699	25.557740	
1038	75.081920	25.293469	
1039	75.733575	24.852028	
1040	76.400163	24.340869	
1041	77.062793	23.852065	
1042	77.712450	23.446117	
1043	78.342249	23.154950	
1044	78.942009	22.989806	
1045	79.498557	22.945758	
1046	79.999265	23.005068	
1047	80.435550	23.144092	
1048	80.805115	23.343021	
1049	81.113998	23.592294	
1050	81.377688	23.892829	
1051	81.617969	24.250473	
1052	81.855652	24.666591	
1053	82.104438	25.128988	
1054	82.369243	25.605828	
1055	82.651487	26.043573	
1056	82.961466	26.373805	
1057	83.321268	26.539737	
1058	83.745136	26.532826	
1059	84.221945	26.395879	
1060	84.722228	26.185520	
1061	85.214237	25.943126	
1062	85.673904	25.693340	
1063	86.088970	25.449573	
1064	86.458614	25.217774	
1065	86.790176	25.001039	
1066	87.094821	24.803949	
1067	87.384073	24.634433	
1068	87.667230	24.504087	
1069	87.949681	24.428172	
1070	88.233165	24.419794	
1071	88.515071	24.475757	
1072	88.787173	24.571203	
1073	89.038505	24.672693	
1074	89.259103	24.751720	
1075	89.439829	24.787222	
1076	89.571587	24.762492	
1077	89.647208	24.663233	
1078	89.663552	24.481132	
1079	89.621398	24.219142	
1080	89.525904	23.892948	
1081	89.390145	23.529873	
1082	89.234620	23.162649	
1083	89.077837	22.817324	
1084	88.929373	22.507613	
1085	88.794268	22.241613	
1086	88.681179	22.030864	
1087	88.601105	21.885616	
1088	88.559284	21.798977	
1089	88.558398	21.748980	
1090	88.606323	21.716719	
1091	88.710123	21.690149	
1092	88.866498	21.656888	
1093	89.059472	21.601607	
1094	89.261112	21.506072	
1095	89.439165	21.353430	
1096	89.573830	21.139328	
1097	89.666303	20.877880	
1098	89.729992	20.595722	
1099	89.780021	20.324446	
1100	89.830255	20.093860	
1101	89.892553	19.922709	
1102	89.975376	19.814256	
1103	90.082498	19.760727	
1104	90.213021	19.749991	
1105	90.362565	19.769480	
1106	90.523738	19.807366	
1107	90.687420	19.853814	
1108	90.847078	19.904347	
1109	91.001038	19.960351	
1110	91.148944	20.023238	
1111	91.287561	20.089312	
1112	91.411085	20.151177	
1113	91.514623	20.202702	
1114	91.593569	20.240151	
1115	91.638303	20.258042	
1116	91.635212	20.248104	
1117	91.578350	20.206569	
1118	91.480832	20.142255	
1119	91.370738	20.072901	
1120	91.275515	20.014704	
1121	91.214806	19.980149	
1122	91.201926	19.980021	
1123	91.242555	20.021413	
1124	91.332189	20.104624	
1125	91.455459	20.219881	
1126	91.586964	20.345119	
1127	91.695691	20.449610	
1128	91.753325	20.506025	
1129	91.743318	20.504681	
1130	91.666828	20.456677	
1131	91.542292	20.386056	
1132	91.398296	20.321371	
1133	91.263923	20.288166	
1134	91.160779	20.302691	
1135	91.097401	20.369805	
1136	91.067579	20.484623	
1137	91.058043	20.639864	
1138	91.063493	20.837169	
1139	91.088745	21.086157	
1140	91.131401	21.386976	
1141	91.168856	21.718123	
1142	91.164186	22.041574	
1143	91.083712	22.316432	
1144	90.911946	22.510839	
1145	90.653368	22.608715	
1146	90.325579	22.611642	
1147	89.955043	22.537385	
1148	89.576812	22.416692	
1149	89.229294	22.284402	
1150	88.942493	22.165880	
1151	88.729946	22.069475	
1152	88.586896	21.986108	
1153	88.488909	21.888909	
1154	88.395411	21.738105	
1155	88.268312	21.502627	
1156	88.097449	21.187941	
1157	87.908633	20.843351	
1158	87.746314	20.542097	
1159	87.648573	20.353959	
1160	87.631331	20.329318	
1161	87.684077	20.492512	
1162	87.776930	20.837821	
1163	87.873441	21.332276	
1164	87.938649	21.923671	
1165	87.944973	22.551673	
1166	87.880070	23.162343	
1167	87.749216	23.715783	
1168	87.567413	24.183149	
1169	87.348174	24.541883	
1170	87.100143	24.776270	
1171	86.830704	24.881564	
1172	86.547945	24.866103	
1173	86.260453	24.750594	
1174	85.976763	24.566310	
1175	85.702902	24.353326	
1176	85.439111	24.156189	
1177	85.179770	24.012813	
1178	84.915880	23.943498	
1179	84.635870	23.950139	
1180	84.326715	24.022176	
1181	83.978450	24.142783	
1182	83.587113	24.292859	
1183	83.154642	24.450916	
1184	82.689292	24.593188	
1185	82.203036	24.698730	
1186	81.705847	24.754484	
1187	81.203941	24.754960	
1188	80.701873	24.700477	
1189	80.204527	24.596802	
1190	79.717694	24.452661	
1191	79.246526	24.277328	
1192	78.793351	24.079876	
1193	78.357085	23.865622	
1194	77.934651	23.635760	
1195	77.524017	23.396383	
1196	77.127144	23.166857	
1197	76.747830	22.973761	
1198	76.382586	22.829490	
1199	76.016083	22.719714	
1200	75.629720	22.617514	
1201	75.211173	22.503505	
1202	74.754827	22.371279	
1203	74.259097	22.223444	
1204	73.726168	22.067796	
1205	73.163518	21.914669	
1206	72.584057	21.773180	
1207	72.001777	21.647321	
1208	71.425292	21.535524	
1209	70.855434	21.434392	
1210	70.286990	21.341659	
1211	69.709596	21.253807	
1212	69.109244	21.162752	
1213	68.474412	21.058305	
1214	67.803018	20.933514	
1215	67.103939	20.786601	
1216	66.392448	20.620662	
1217	65.684378	20.444921	
1218	64.992165	20.274417	
1219	64.322210	20.125770	
1220	63.675663	20.013817	
1221	63.050654	19.946621	
1222	62.440647	19.916450	
1223	61.835014	19.902898	
1224	61.226691	19.892223	
1225	60.617114	19.888571	
1226	60.012211	19.906987	
1227	59.415232	19.957865	
1228	58.823099	20.030712	
1229	58.228102	20.093556	
1230	57.622091	20.113307	
1231	56.999526	20.073795	
1232	56.359264	19.978977	
1233	55.705813	19.848470	
1234	55.048088	19.706937	
1235	54.394826	19.571986	
1236	53.751494	19.453927	
1237	53.121186	19.364476	
1238	52.505213	19.317874	
1239	51.902138	19.321733	
1240	51.306770	19.366880	
1241	50.710721	19.428091	
1242	50.105671	19.478147	
1243	49.485860	19.499165	
1244	48.848835	19.482242	
1245	48.196107	19.422815	
1246	47.531825	19.318239	
1247	46.860254	19.169279	
1248	46.185297	18.984660	
1249	45.511722	18.783553	
1250	44.844523	18.588585	
1251	44.184632	18.412716	
1252	43.527162	18.255135	
1253	42.866457	18.107656	
1254	42.200536	17.960806	
1255	41.529977	17.808917	
1256	40.856494	17.655132	
1257	40.184567	17.513103	
1258	39.521514	17.401360	
1259	38.872531	17.330520	
1260	38.237240	17.299310	
1261	37.611053	17.299812	
1262	36.984885	17.312838	
1263	36.345557	17.306900	
1264	35.681768	17.255042	
1265	34.987775	17.140907	
1266	34.260636	16.941520	
1267	33.497498	16.619649	
1268	32.696589	16.141944	
1269	31.859345	15.497195	
1270	30.991369	14.701432	
1271	30.104351	13.813135	
1272	29.219975	12.966398	
1273	28.369379	12.362792	
1274	27.581419	12.159867	
1275	26.867032	12.349324	
1276	26.217962	12.786225	
1277	25.619470	13.314346	
1278	25.059484	13.831076	
1279	24.528569	14.281993	
1280	24.017364	14.641830	
1281	23.516488	14.900993	
1282	23.016710	15.055474	
1283	22.506906	15.097460	
1284	21.973814	15.012918	
1285	21.407378	14.793745	
1286	20.807852	14.455789	
1287	20.186808	14.043183	
1288	19.559653	13.611404	
1289	18.936901	13.204428	
1290	18.321749	12.844933	
1291	17.712899	12.536895	
1292	17.108490	12.271254	
1293	16.508552	12.031908	
1294	15.914688	11.801488	
1295	15.329137	11.564779	
1296	14.755218	11.309066	
1297	14.196507	11.024577	
1298	13.652749	10.706716	
1299	13.116980	10.355968	
1300	12.578560	9.974109	
1301	12.028440	9.562827	
1302	11.460276	9.127872	
1303	10.870427	8.686609	
1304	10.262594	8.275456	
1305	9.650722	7.945041	
1306	9.052008	7.733064	
1307	8.476108	7.634327	
1308	7.921472	7.600984	
1309	7.381921	7.572449	
1310	6.856342	7.503076	
1311	6.350890	7.368698	
1312	5.873273	7.161384	
1313	5.426229	6.887313	
1314	5.004022	6.568825	
1315	4.591469	6.246164	
1316	4.164486	5.977779	
1317	3.697382	5.827165	
1318	3.179786	5.823318	
1319	2.628747	5.928190	
1320	2.080379	6.059511	
1321	1.568332	6.144975	
1322	1.110155	6.146042	
1323	0.707899	6.046635	
1324	0.352977	5.840424	
1325	0.029474	5.529132	
1326	-0.281278	5.124132	
1327	-0.593820	4.645343	
1328	-0.915691	4.120933	
1329	-1.251289	3.590646	
1330	-1.603084	3.096997	
1331	-1.967018	2.662211	
1332	-2.332201	2.288307	
1333	-2.684424	1.978801	
1334	-3.006712	1.733316	
1335	-3.282143	1.529972	
1336	-3.502339	1.339843	
1337	-3.673660	1.149706	
1338	-3.813574	0.964275	
1339	-3.941462	0.802719	
1340	-4.072983	0.695246	
1341	-4.217689	0.669770	
1342	-4.376867	0.732288	
1343	-4.545572	0.866133	
1344	-4.718348	1.057536	
1345	-4.891891	1.313704	
1346	-5.065957	1.653547	
1347	-5.242253	2.079811	
1348	-5.417546	2.557704	
1349	-5.581912	3.030247	
1350	-5.727447	3.452015	
1351	-5.853277	3.800571	
1352	-5.962361	4.068703	
1353	-6.057786	4.257134	
1354	-6.141834	4.372334	
1355	-6.216797	4.425676	
1356	-6.285289	4.429222	
1357	-6.349161	4.387339	
1358	-6.409861	4.288061	
1359	-6.471628	4.104510	
1360	-6.543303	3.814127	
1361	-6.635452	3.423199	
1362	-6.755652	2.977997	
1363	-6.905904	2.556196	
1364	-7.083101	2.238405	
1365	-7.281325	2.077010	
1366	-7.494244	2.085867	
1367	-7.716616	2.246958	
1368	-7.944330	2.518846	
1369	-8.173878	2.843553	
1370	-8.403281	3.157130	
1371	-8.632066	3.408034	
1372	-8.857018	3.573102	
1373	-9.067463	3.657906	
1374	-9.244402	3.685653	
1375	-9.363241	3.685676	
1376	-9.399306	3.686505	
1377	-9.335492	3.712916	
1378	-9.171056	3.782163	
1379	-8.928418	3.897124	
1380	-8.650943	4.044698	
1381	-8.390483	4.207592	
1382	-8.194195	4.378465	
1383	-8.095911	4.559380	
1384	-8.108473	4.747026	
1385	-8.220848	4.921337	
1386	-8.407562	5.052959	
1387	-8.641634	5.119411	
1388	-8.897586	5.112342	
1389	-9.146476	5.039531	
1390	-9.355143	4.925710	
1391	-9.497513	4.802167	
1392	-9.568697	4.685740	
1393	-9.587786	4.564019	
1394	-9.589408	4.396694	
1395	-9.609839	4.135209	
1396	-9.671393	3.756725	
1397	-9.773476	3.288271	
1398	-9.898883	2.794587	
1399	-10.028641	2.340951	
1400	-10.150640	1.967738	
1401	-10.260217	1.687501	
1402	-10.358602	1.490688	
1403	-10.450397	1.351490	
1404	-10.540010	1.232613	
1405	-10.627426	1.092984	
1406	-10.703898	0.899759	
1407	-10.751729	0.633837	
1408	-10.751120	0.285877	
1409	-10.688578	-0.144737	
1410	-10.561725	-0.645991	
1411	-10.382361	-1.188266	
1412	-10.176569	-1.720857	
1413	-9.976359	-2.184524	
1414	-9.806749	-2.538032	
1415	-9.679427	-2.771517	
1416	-9.594540	-2.901321	
1417	-9.544556	-2.959933	
1418	-9.517811	-2.983974	
1419	-9.502266	-3.001010	
1420	-9.488668	-3.021511	
1421	-9.471246	-3.039148	
1422	-9.445991	-3.036176	
1423	-9.408635	-2.988237	
1424	-9.353650	-2.866495	
1425	-9.273993	-2.642684	
1426	-9.161224	-2.303250	
1427	-9.007622	-1.865962	
1428	-8.810722	-1.380293	
1429	-8.575404	-0.903431	
1430	-8.312149	-0.473371	
1431	-8.037505	-0.104005	
1432	-7.774265	0.202893	
1433	-7.543989	0.447770	
1434	-7.358995	0.631349	
1435	-7.223234	0.755644	
1436	-7.136658	0.824114	
1437	-7.096735	0.840546	
1438	-7.099279	0.807261	
1439	-7.139724	0.723688	
1440	-7.214858	0.586664	
1441	-7.325162	0.392169	
1442	-7.474432	0.137400	
1443	-7.666069	-0.175429	
1444	-7.899735	-0.531087	
1445	-8.169526	-0.889932	
1446	-8.463874	-1.184278	
1447	-8.768960	-1.339699	
1448	-9.073257	-1.311973	
1449	-9.368003	-1.106155	
1450	-9.643718	-0.769397	
1451	-9.889322	-0.371465	
1452	-10.097537	0.019037	
1453	-10.269767	0.353821	
1454	-10.414281	0.611356	
1455	-10.541633	0.790293	
1456	-10.661241	0.896030	
1457	-10.778191	0.933352	
1458	-10.890962	0.910272	
1459	-10.993075	0.842311	
1460	-11.077260	0.751333	
1461	-11.137858	0.663884	
1462	-11.171597	0.608388	
1463	-11.178879	0.605081	
1464	-11.164164	0.655694	
1465	-11.133627	0.747882	
1466	-11.093384	0.866798	
1467	-11.050864	0.996791	
1468	-11.014189	1.121195	
1469	-10.987342	1.229223	
1470	-10.967091	1.318980	
1471	-10.944443	1.392880	
1472	-10.908042	1.454926	
1473	-10.847650	1.512804	
1474	-10.757122	1.579217	
1475	-10.635582	1.668835	
1476	-10.486092	1.792689	
1477	-10.314279	1.952660	
1478	-10.129497	2.137550	
1479	-9.946644	2.325289	
1480	-9.784696	2.493693	
1481	-9.663003	2.629774	
1482	-9.598535	2.730994	
1483	-9.602514	2.805297	
1484	-9.675686	2.868879	
1485	-9.804709	2.934799	
1486	-9.963101	3.000206	
1487	-10.117952	3.044369	
1488	-10.236494	3.036967	
1489	-10.290546	2.950297	
1490	-10.265700	2.772710	
1491	-10.170745	2.516124	
1492	-10.032064	2.207460	
1493	-9.877032	1.872600	
1494	-9.724559	1.528904	
1495	-9.585425	1.185860	
1496	-9.464774	0.847647	
1497	-9.363871	0.515637	
1498	-9.281403	0.190201	
1499	-9.214626	-0.128377	
1500	-9.160340	-0.439288	
1501	-9.115404	-0.740472	
1502	-9.076802	-1.028291	
1503	-9.041744	-1.298257	
1504	-9.007845	-1.546466	
1505	-8.973032	-1.770715	
1506	-8.935263	-1.971327	
1507	-8.892211	-2.152563	
1508	-8.840749	-2.324759	
1509	-8.776444	-2.506417	
1510	-8.693893	-2.724664	
1511	-8.589166	-3.010940	
1512	-8.463673	-3.387124	
1513	-8.325950	-3.844576	
1514	-8.188822	-4.337034	
1515	-8.061717	-4.803700	
1516	-7.941828	-5.202599	
1517	-7.810302	-5.527166	
1518	-7.636045	-5.807941	
1519	-7.390755	-6.098838	
1520	-7.075480	-6.432234	
1521	-6.735782	-6.770562	
1522	-6.443227	-7.013774	
1523	-6.262509	-7.055317	
1524	-6.234159	-6.828694	
1525	-6.369972	-6.330378	
1526	-6.647827	-5.626716	
1527	-7.013253	-4.827829	
1528	-7.400514	-4.033346	
1529	-7.757711	-3.299284	
1530	-8.052533	-2.647128	
1531	-8.265666	-2.083670	
1532	-8.386827	-1.609768	
1533	-8.413200	-1.222657	
1534	-8.347698	-0.915829	
1535	-8.196674	-0.678013	
1536	-7.967211	-0.493090	
1537	-7.666320	-0.340720	
1538	-7.302162	-0.199660	
1539	-6.883640	-0.056132	
1540	-6.419030	0.088818	
1541	-5.919313	0.220812	
1542	-5.404138	0.317592	
1543	-4.900117	0.348285	
1544	-4.432348	0.274380	
1545	-4.021105	0.070407	
1546	-3.682082	-0.248811	
1547	-3.422369	-0.626876	
1548	-3.239875	-0.990339	
1549	-3.126341	-1.277399	
1550	-3.059262	-1.460575	
1551	-2.997145	-1.549198	
1552	-2.901578	-1.563485	
1553	-2.761404	-1.511370	
1554	-2.588694	-1.396948	
1555	-2.399251	-1.237585	
1556	-2.197889	-1.059881	
1557	-1.976284	-0.882809	
1558	-1.726486	-0.702403	
1559	-1.455322	-0.485578	
1560	-1.179160	-0.186642	
1561	-0.905859	0.220542	
1562	-0.627627	0.725993	
1563	-0.330743	1.291639	
1564	-0.007579	1.867226	
1565	0.340777	2.405899	
1566	0.708839	2.876564	
1567	1.091533	3.266177	
1568	1.486500	3.571427	
1569	1.893986	3.789338	
1570	2.316022	3.918080	
1571	2.755709	3.966514	
1572	3.218210	3.960452	
1573	3.711435	3.938398	
1574	4.238862	3.935153	
1575	4.790819	3.965468	
1576	5.351242	4.029694	
1577	5.912795	4.133693	
1578	6.480911	4.297045	
1579	7.069286	4.547680	
1580	7.692456	4.906083	
1581	8.353662	5.361021	
1582	9.038903	5.861639	
1583	9.726537	6.342471	
1584	10.400682	6.756556	
1585	11.054758	7.086852	
1586	11.688675	7.338953	
1587	12.306993	7.530368	
1588	12.916282	7.680470	
1589	13.521048	7.803467	
1590	14.122410	7.907707	
1591	14.719276	7.998361	
1592	15.309475	8.079595	
1593	15.891553	8.156693	
1594	16.466850	8.238893	
1595	17.039475	8.339917	
1596	17.614813	8.471410	
1597	18.198379	8.632953	
1598	18.794586	8.811112	
1599	19.405036	8.988837	
1600	20.027451	9.152661	
1601	20.656327	9.292298	
1602	21.286251	9.399694	
1603	21.916152	9.473220	
1604	22.549541	9.521855	
1605	23.190421	9.562540	
1606	23.840196	9.612997	
1607	24.497774	9.685528	
1608	25.160908	9.785388	
1609	25.827326	9.913589	
1610	26.494796	10.070084	
1611	27.160041	10.255382	
1612	27.818735	10.470751	
1613	28.468047	10.716719	
1614	29.108548	10.991152	
1615	29.741953	11.288386	
1616	30.367005	11.599197	
1617	30.979274	11.912507	
1618	31.574914	12.219205	
1619	32.153322	12.514654	
1620	32.717294	12.797960	
1621	33.273010	13.069301	
1622	33.830522	13.328106	
1623	34.403266	13.576224	
1624	35.005576	13.823766	
1625	35.648292	14.090590	
1626	36.335105	14.402063	
1627	37.063256	14.780265	
1628	37.825700	15.232538	
1629	38.609630	15.741839	
1630	39.395413	16.266427	
1631	40.162217	16.756299	
1632	40.895551	17.175551	
1633	41.589081	17.509669	
1634	42.242240	17.759575	
1635	42.857840	17.936646	
1636	43.440596	18.059290	
1637	43.996390	18.146921	
1638	44.531605	18.214328	
1639	45.052645	18.269837	
1640	45.566253	18.317253	
1641	46.079168	18.360387	
1642	46.596679	18.405983	
1643	47.121855	18.462173	
1644	47.655664	18.535401	
1645	48.197247	18.629064	
1646	48.744792	18.743718	
1647	49.296833	18.877017	
1648	49.852030	19.023098	
1649	50.406925	19.173555	
1650	50.955323	19.320527	
1651	51.491939	19.459494	
1652	52.015406	19.588753	
1653	52.525767	19.705465	
1654	53.021365	19.804851	
1655	53.500324	19.886336	
1656	53.962347	19.955906	
1657	54.407671	20.018165	
1658	54.836817	20.069768	
1659	55.252303	20.102050	
1660	55.659645	20.107036	
1661	56.066603	20.082168	
1662	56.481641	20.031678	
1663	56.912970	19.961795	
1664	57.367744	19.875834	
1665	57.849672	19.777557	
1666	58.356303	19.676569	
1667	58.879948	19.587396	
1668	59.412620	19.527042	
1669	59.950844	19.515108	
1670	60.497255	19.570876	
1671	61.056903	19.702313	
1672	61.630110	19.895467	
1673	62.210112	20.117578	
1674	62.787598	20.328604	
1675	63.356111	20.492864	
1676	63.913404	20.590820	
1677	64.458304	20.621365	
1678	64.987933	20.593326	
1679	65.498346	20.517322	
1680	65.986660	20.401866	
1681	66.452541	20.256011	
1682	66.899013	20.095116	
1683	67.333581	19.941534	
1684	67.768546	19.821457	
1685	68.220159	19.762769	
1686	68.708291	19.794731	
1687	69.252085	19.943058	
1688	69.857287	20.211144	
1689	70.507822	20.565808	
1690	71.175007	20.956785	
1691	71.832105	21.345762	
1692	72.457559	21.704844	
1693	73.033488	22.001440	
1694	73.549234	22.203447	
1695	74.007339	22.300691	
1696	74.425907	22.316582	
1697	74.833251	22.299804	
1698	75.257870	22.308555	
1699	75.718146	22.389452	
1700	76.215553	22.551816	
1701	76.740335	22.766558	
1702	77.284908	22.995437	
1703	77.847803	23.216148	
1704	78.425203	23.424229	
1705	78.999403	23.611835	
1706	79.537145	23.746280	
1707	80.003840	23.779602	
1708	80.381915	23.674803	
1709	80.680514	23.422620	
1710	80.931899	23.049278	
1711	81.176891	22.616802	
1712	81.448241	22.211494	
1713	81.757974	21.916056	
1714	82.095108	21.776332	
1715	82.436314	21.786581	
1716	82.759069	21.900221	
1717	83.049497	22.059001	
1718	83.306846	22.226125	
1719	83.544338	22.402992	
1720	83.782550	22.618064	
1721	84.036414	22.891963	
1722	84.306747	23.208593	
1723	84.586305	23.521900	
1724	84.872181	23.780641	
1725	85.169545	23.939445	
1726	85.486905	23.957811	
1727	85.831407	23.799422	
1728	86.206678	23.433424	
1729	86.610804	22.837683	
1730	87.032768	22.005276	
1731	87.449964	20.953900	
1732	87.833251	19.739809	
1733	88.162595	18.481614	
1734	88.444021	17.370049	
1735	88.708147	16.613530	
1736	88.985276	16.343119	
1737	89.280709	16.556999	
1738	89.570758	17.122205	
1739	89.816440	17.819651	
1740	89.981584	18.425573	
1741	90.043516	18.788918	
1742	89.994394	18.866917	
1743	89.841968	18.724454	
1744	89.614993	18.496067	
1745	89.360047	18.303438	
1746	89.121319	18.191185	
1747	88.924811	18.145568	
1748	88.782621	18.147441	
1749	88.702240	18.188952	
1750	88.687460	18.263493	
1751	88.736944	18.361516	
1752	88.846193	18.473183	
1753	89.008944	18.587372	
1754	89.215255	18.688385	
1755	89.450453	18.761078	
1756	89.697953	18.804220	
1757	89.942284	18.832107	
1758	90.169903	18.859004	
1759	90.369551	18.885242	
1760	90.533162	18.898044	
1761	90.657173	18.886864	
1762	90.743819	18.859713	
1763	90.803972	18.844335	
1764	90.858756	18.872182	
1765	90.929752	18.954404	
1766	91.024505	19.072795	
1767	91.137586	19.196433	
1768	91.260228	19.297950	
1769	91.380156	19.353087	
1770	91.479952	19.339074	
1771	91.545204	19.241253	
1772	91.573598	19.060996	
1773	91.576005	18.819009	
1774	91.571601	18.553282	
1775	91.580317	18.309837	
1776	91.614864	18.127302	
1777	91.678893	18.028263	
1778	91.771086	18.019600	
1779	91.884987	18.087664	
1780	92.006214	18.192750	
1781	92.116749	18.280371	
1782	92.204399	18.308586	
1783	92.269203	18.270554	
1784	92.323584	18.191766	
1785	92.388393	18.107161	
1786	92.487470	18.044378	
1787	92.640048	18.016893	
1788	92.854934	18.019758	
1789	93.133068	18.039128	
1790	93.467001	18.053789	
1791	93.824698	18.006363	
1792	94.138189	17.802056	
1793	94.323837	17.379915	
1794	94.319509	16.783045	
1795	94.101843	16.132440	
1796	93.679371	15.539163	
1797	93.084280	15.055431	
1798	92.369993	14.681550	
1799	91.603661	14.393776	
1800	90.848751	14.167618	
1801	90.149342	13.987010	
1802	89.530331	13.862281	
1803	89.008626	13.850141	
1804	88.597432	14.024331	
1805	88.302267	14.415861	
1806	88.118783	14.988942	
1807	88.030592	15.654580	
1808	88.007780	16.299847	
1809	88.014774	16.829917	
1810	88.022998	17.200587	
1811	88.017386	17.419254	
1812	87.996198	17.527273	
1813	87.967919	17.583316	
1814	87.943849	17.645687	
1815	87.924786	17.746570	
1816	87.897072	17.882699	
1817	87.849627	18.041451	
1818	87.784725	18.221726	
1819	87.708700	18.429852	
1820	87.630512	18.684471	
1821	87.569986	19.023597	
1822	87.549898	19.479752	
1823	87.574087	20.040541	
1824	87.618180	20.643321	
1825	87.643563	21.209965	
1826	87.618624	21.681508	
1827	87.529923	22.028902	
1828	87.381991	22.247041	
1829	87.190706	22.343739	
1830	86.972842	22.332084	
1831	86.737560	22.229191	
1832	86.486086	22.057405	
1833	86.216807	21.843069	
1834	85.928341	21.612429	
1835	85.619299	21.388799	
1836	85.288570	21.193402	
1837	84.936994	21.046187	
1838	84.568437	20.964371	
1839	84.189610	20.961636	
1840	83.807069	21.043405	
1841	83.421609	21.192711	
1842	83.026925	21.365290	
1843	82.614452	21.509035	
1844	82.178987	21.587254	
1845	81.723064	21.586017	
1846	81.257146	21.510537	
1847	80.794888	21.380894	
1848	80.347622	21.224956	
1849	79.919116	21.063622	
1850	79.505255	20.902439	
1851	79.100783	20.737981	
1852	78.703493	20.566077	
1853	78.313162	20.387292	
1854	77.930587	20.211447	
1855	77.557342	20.055632	
1856	77.195301	19.936086	
1857	76.846950	19.863504	
1858	76.515920	19.845024	
1859	76.204291	19.886627	
1860	75.906623	19.988607	
1861	75.607054	20.135054	
1862	75.284039	20.291784	
1863	74.918718	20.420616	
1864	74.499803	20.494973	
1865	74.023251	20.503017	
1866	73.489838	20.444564	
1867	72.903308	20.328261	
1868	72.271362	20.168958	
1869	71.609817	19.988377	
1870	70.942528	19.813924	
1871	70.293255	19.669126	
1872	69.678316	19.565259	
1873	69.105566	19.501875	
1874	68.575722	19.469946	
1875	68.082370	19.451718	
1876	67.610951	19.420266	
1877	67.140096	19.346108	
1878	66.647444	19.210560	
1879	66.116923	19.014888	
1880	65.544462	18.780097	
1881	64.940782	18.540553	
1882	64.326593	18.332117	
1883	63.720675	18.179355	
1884	63.132878	18.093149	
1885	62.567275	18.078864	
1886	62.026980	18.139815	
1887	61.514223	18.269695	
1888	61.026605	18.447586	
1889	60.555542	18.646979	
1890	60.090088	18.847484	
1891	59.622243	19.036628	
1892	59.150867	19.207736	
1893	58.680664	19.356792	
1894	58.214531	19.476477	
1895	57.747272	19.554380	
1896	57.267770	19.579202	
1897	56.764934	19.547976	
1898	56.230733	19.466955	
1899	55.661283	19.348367	
1900	55.058082	19.207973	
1901	54.428907	19.062415	
1902	53.786179	18.924243	
1903	53.139341	18.796371	
1904	52.486190	18.670641	
1905	51.813918	18.533678	
1906	51.108653	18.374887	
1907	50.363258	18.189436	
1908	49.579342	17.978592	
1909	48.764891	17.750079	
1910	47.929747	17.515060	
1911	47.082099	17.279886	
1912	46.226727	17.033709	
1913	45.365420	16.744864	
1914	44.500496	16.378601	
1915	43.636834	15.919104	
1916	42.779171	15.371990	
1917	41.930191	14.754827	
1918	41.094031	14.097433	
1919	40.281646	13.453410	
1920	39.511215	12.904678	
1921	38.798439	12.531389	
1922	38.142024	12.350876	
1923	37.521985	12.299521	
1924	36.914030	12.287959	
1925	36.302363	12.252368	
1926	35.682843	12.163332	
1927	35.060459	12.022596	
1928	34.443011	11.861695	
1929	33.836804	11.742186	
1930	33.245720	11.734240	
1931	32.664476	11.852823	
1932	32.074296	12.029361	
1933	31.453750	12.171988	
1934	30.790503	12.224596	
1935	30.084710	12.176740	
1936	29.349678	12.059975	
1937	28.607680	11.938501	
1938	27.883905	11.894878	
1939	27.201365	12.000431	
1940	26.568957	12.259578	
1941	25.974777	12.599478	
1942	25.397275	12.932358	
1943	24.816071	13.197212	
1944	24.213559	13.354804	
1945	23.576626	13.381035	
1946	22.898662	13.265561	
1947	22.178460	13.010227	
1948	21.418718	12.628705	
1949	20.626733	12.146335	
1950	19.813994	11.597094	
1951	18.993239	11.014810	
1952	18.178402	10.427372	
1953	17.385625	9.858491	
1954	16.628464	9.327748	
1955	15.912043	8.849468	
1956	15.233448	8.433852	
1957	14.586368	8.086260	
1958	13.964998	7.806659	
1959	13.365008	7.591268	
1960	12.782940	7.432456	
1961	12.216334	7.317869	
1962	11.664490	7.232635	
1963	11.127611	7.162659	
1964	10.603007	7.095846	
1965	10.081312	7.022301	
1966	9.548215	6.934631	
1967	8.991421	6.826836	
1968	8.404625	6.692566	
1969	7.784377	6.525335	
1970	7.125971	6.319112	
1971	6.424971	6.069537	
1972	5.683814	5.780766	
1973	4.916048	5.472083	
1974	4.142110	5.172506	
1975	3.381770	4.910434	
1976	2.652987	4.709056	
1977	1.977160	4.582707	
1978	1.382784	4.532451	
1979	0.902841	4.545757	
1980	0.566542	4.600830	
1981	0.388567	4.671935	
1982	0.360725	4.730859	
1983	0.448981	4.749911	
1984	0.596894	4.713654	
1985	0.737263	4.624365	
1986	0.809776	4.491106	
1987	0.775122	4.322128	
1988	0.615325	4.132195	
1989	0.325953	3.947150	
1990	-0.085495	3.793159	
1991	-0.595014	3.683516	
1992	-1.160654	3.610685	
1993	-1.731798	3.545700	
1994	-2.267428	3.456157	
1995	-2.746046	3.326851	
1996	-3.158299	3.155657	
1997	-3.495602	2.934311	
1998	-3.748807	2.640376	
1999	-3.915771	2.247064	
2000	-4.007471	1.738656	
2001	-4.049099	1.124362	
2002	-4.077079	0.446426	
2003	-4.128396	-0.233966	
2004	-4.227207	-0.869264	
2005	-4.381461	-1.442514	
2006	-4.587884	-1.958288	
2007	-4.835582	-2.427920	
2008	-5.108102	-2.860358	
2009	-5.387893	-3.257695	
2010	-5.662110	-3.616169	
2011	-5.925939	-3.931977	
2012	-6.181153	-4.206205	
2013	-6.430845	-4.445304	
2014	-6.675026	-4.657920	
2015	-6.911113	-4.849678	
2016	-7.136434	-5.020498	
2017	-7.347856	-5.169535	
2018	-7.539739	-5.302219	
2019	-7.702518	-5.428410	
2020	-7.822074	-5.553895	
2021	-7.882002	-5.676840	
2022	-7.869601	-5.791842	
2023	-7.783214	-5.895191	
2024	-7.639545	-5.985020	
2025	-7.478448	-6.052021	
2026	-7.357781	-6.065433	
2027	-7.334300	-5.973955	
2028	-7.440391	-5.730910	
2029	-7.669086	-5.328791	
2030	-7.972834	-4.818087	
2031	-8.282083	-4.284032	
2032	-8.536725	-3.795347	
2033	-8.706193	-3.376914	
2034	-8.788582	-3.017977	
2035	-8.799284	-2.689666	
2036	-8.760961	-2.358786	
2037	-8.698978	-1.998037	
2038	-8.638336	-1.593734	
2039	-8.600126	-1.149444	
2040	-8.599772	-0.683064	
2041	-8.646418	-0.220183	
2042	-8.742001	0.212098	
2043	-8.882024	0.589597	
2044	-9.057887	0.893598	
2045	-9.255227	1.113895	
2046	-9.451139	1.250496	
2047	-9.622274	1.305202	
2048	-9.759534	1.268735	
2049	-9.870488	1.123959	
2050	-9.967297	0.867399	
2051	-10.056278	0.527285	
2052	-10.136899	0.160741	
2053	-10.205710	-0.168298	
2054	-10.261916	-0.412589	
2055	-10.308674	-0.546345	
2056	-10.345941	-0.553143	
2057	-10.366168	-0.419595	
2058	-10.362388	-0.146949	
2059	-10.338823	0.232943	
2060	-10.309417	0.661299	
2061	-10.286113	1.076920	
2062	-10.273640	1.433645	
2063	-10.275401	1.699126	
2064	-10.295919	1.853405	
2065	-10.337362	1.890642	
2066	-10.401650	1.810574	
2067	-10.493236	1.609546	
2068	-10.612125	1.289208	
2069	-10.745181	0.874284	
2070	-10.868998	0.414806	
2071	-10.963602	-0.033644	
2072	-11.017854	-0.422351	
2073	-11.019023	-0.700488	
2074	-10.947781	-0.816484	
2075	-10.786563	-0.737959	
2076	-10.529384	-0.466133	
2077	-10.190280	-0.041963	
2078	-9.805435	0.458230	
2079	-9.420867	0.948514	
2080	-9.074680	1.363250	
2081	-8.789402	1.666908	
2082	-8.575004	1.846980	
2083	-8.434231	1.904000	
2084	-8.366979	1.844607	
2085	-8.373602	1.677536	
2086	-8.455906	1.411957	
2087	-8.614296	1.057379	
2088	-8.841567	0.625150	
2089	-9.116963	0.134568	
2090	-9.405720	-0.379080	
2091	-9.667856	-0.866012	
2092	-9.872742	-1.278348	
2093	-10.009029	-1.590773	
2094	-10.082874	-1.805985	
2095	-10.108694	-1.940900	
2096	-10.102482	-2.012515	
2097	-10.079637	-2.034379	
2098	-10.053092	-2.017950	
2099	-10.032249	-1.974437	
2100	-10.024344	-1.916355	
2101	-10.036229	-1.858354	
2102	-10.075151	-1.817042	
2103	-10.148804	-1.810046	
2104	-10.264735	-1.854860	
2105	-10.428934	-1.967194	
2106	-10.643722	-2.157895	
2107	-10.905166	-2.427126	
2108	-11.200429	-2.756759	
2109	-11.507984	-3.108775	
2110	-11.803596	-3.438170	
2111	-12.067728	-3.712767	
2112	-12.288443	-3.921801	
2113	-12.461050	-4.070801	
2114	-12.587408	-4.173112	
2115	-12.674335	-4.242495	
2116	-12.730374	-4.287866	
2117	-12.762613	-4.311347	
2118	-12.775699	-4.309260	
2119	-12.772888	-4.276360	
2120	-12.756983	-4.210164	
2121	-12.730153	-4.110478	
2122	-12.693757	-3.976859	
2123	-12.648714	-3.809394	
2124	-12.596095	-3.612705	
2125	-12.538061	-3.399514	
2126	-12.478418	-3.188822	
2127	-12.422070	-2.997427	
2128	-12.374533	-2.832417	
2129	-12.341694	-2.691009	
2130	-12.328317	-2.564110	
2131	-12.336436	-2.439628	
2132	-12.365537	-2.306998	
2133	-12.412261	-2.163941	
2134	-12.468826	-2.020373	
2135	-12.524173	-1.893596	
2136	-12.568329	-1.799043	
2137	-12.594904	-1.745352	
2138	-12.599794	-1.735291	
2139	-12.579596	-1.768656	
2140	-12.532299	-1.843560	
2141	-12.458624	-1.954480	
2142	-12.361507	-2.088580	
2143	-12.244406	-2.223515	
2144	-12.110329	-2.329598	
2145	-11.961855	-2.378809	
2146	-11.802230	-2.357153	
2147	-11.637767	-2.271516	
2148	-11.480079	-2.149057	
2149	-11.343778	-2.029219	
2150	-11.237944	-1.945723	
2151	-11.160240	-1.910245	
2152	-11.100137	-1.912930	
2153	-11.046039	-1.934543	
2154	-10.993293	-1.960668	
2155	-10.948914	-1.990851	
2156	-10.923672	-2.030814	
2157	-10.919969	-2.076606	
2158	-10.931070	-2.112186	
2159	-10.946058	-2.117195	
2160	-10.953816	-2.075251	
2161	-10.946520	-1.979449	
2162	-10.916458	-1.826749	
2163	-10.852663	-1.610622	
2164	-10.748853	-1.328382	
2165	-10.610993	-0.992057	
2166	-10.453377	-0.627227	
2167	-10.294194	-0.265891	
2168	-10.155609	0.059607	
2169	-10.056886	0.325492	
2170	-10.000886	0.528484	
