Athlete_Engineering	// User ID
11-2-2021	// Evaluation date
P004_FLEX	24-1-2021	14:13:23:637	// Source file name and timestamp
250.000	// Sampling rate
5.305	// Data capture period



Sample #	Right_Leg_Flexion	Right_Leg_Abduction	
0	-14.283716	-6.753589	
1	-14.280874	-6.793109	
2	-14.263248	-6.818200	
3	-14.246932	-6.875304	
4	-14.240450	-6.988073	
5	-14.246998	-7.158417	
6	-14.264614	-7.368924	
7	-14.284568	-7.585400	
8	-14.290813	-7.756963	
9	-14.260098	-7.815171	
10	-14.160850	-7.676184	
11	-13.952882	-7.249024	
12	-13.592519	-6.452657	
13	-13.045243	-5.243804	
14	-12.303380	-3.650056	
15	-11.400608	-1.789240	
16	-10.412753	0.144209	
17	-9.437569	1.935495	
18	-8.558564	3.432699	
19	-7.818122	4.592142	
20	-7.218765	5.449443	
21	-6.743484	6.062877	
22	-6.372403	6.481717	
23	-6.085757	6.742941	
24	-5.861367	6.875369	
25	-5.677902	6.899711	
26	-5.520116	6.830143	
27	-5.374468	6.683062	
28	-5.223346	6.483385	
29	-5.053527	6.259382	
30	-4.871628	6.033041	
31	-4.706475	5.815857	
32	-4.592443	5.611502	
33	-4.548725	5.422882	
34	-4.574650	5.257311	
35	-4.661668	5.123507	
36	-4.800682	5.026867	
37	-4.976274	4.971862	
38	-5.164792	4.964523	
39	-5.342204	5.008642	
40	-5.489719	5.102014	
41	-5.593218	5.236217	
42	-5.640802	5.397806	
43	-5.621434	5.569163	
44	-5.525329	5.728045	
45	-5.347760	5.850417	
46	-5.096878	5.922345	
47	-4.796345	5.952551	
48	-4.477722	5.968512	
49	-4.170751	5.997068	
50	-3.895281	6.049032	
51	-3.658988	6.117453	
52	-3.465042	6.185149	
53	-3.317498	6.235870	
54	-3.217279	6.262014	
55	-3.158831	6.264708	
56	-3.132267	6.250911	
57	-3.126914	6.231299	
58	-3.133777	6.217511	
59	-3.147450	6.219644	
60	-3.167250	6.245645	
61	-3.196205	6.300323	
62	-3.238734	6.382805	
63	-3.299508	6.485854	
64	-3.383868	6.597995	
65	-3.497937	6.704664	
66	-3.647275	6.788725	
67	-3.834196	6.834271	
68	-4.055683	6.831411	
69	-4.303097	6.776879	
70	-4.560922	6.671324	
71	-4.803667	6.517372	
72	-4.993749	6.319461	
73	-5.085275	6.084469	
74	-5.039467	5.825812	
75	-4.844516	5.569164	
76	-4.523954	5.347316	
77	-4.131172	5.184186	
78	-3.734679	5.086599	
79	-3.397946	5.049453	
80	-3.164859	5.062038	
81	-3.057754	5.109054	
82	-3.081842	5.169831	
83	-3.228729	5.220091	
84	-3.476853	5.236786	
85	-3.789351	5.202404	
86	-4.115677	5.107272	
87	-4.404669	4.955046	
88	-4.620916	4.769736	
89	-4.748464	4.590637	
90	-4.783945	4.454785	
91	-4.731873	4.384059	
92	-4.605057	4.383512	
93	-4.427157	4.443619	
94	-4.234393	4.542356	
95	-4.070817	4.649546	
96	-3.975369	4.735195	
97	-3.970362	4.777203	
98	-4.062448	4.761432	
99	-4.250339	4.676377	
100	-4.524404	4.511508	
101	-4.862923	4.260019	
102	-5.237966	3.921744	
103	-5.619871	3.511003	
104	-5.968041	3.074735	
105	-6.223385	2.706936	
106	-6.325354	2.524050	
107	-6.252242	2.590133	
108	-6.044775	2.863620	
109	-5.780726	3.233869	
110	-5.531896	3.594192	
111	-5.345088	3.877299	
112	-5.241071	4.055100	
113	-5.214989	4.130604	
114	-5.242288	4.127902	
115	-5.293092	4.077305	
116	-5.345555	4.002366	
117	-5.391101	3.915868	
118	-5.434323	3.821064	
119	-5.492664	3.710757	
120	-5.597169	3.563148	
121	-5.790571	3.337997	
122	-6.116479	2.976140	
123	-6.603785	2.403541	
124	-7.261457	1.539792	
125	-8.082157	0.315484	
126	-9.036883	-1.287860	
127	-10.060566	-3.178781	
128	-11.044025	-5.126953	
129	-11.843922	-6.809474	
130	-12.316236	-7.907631	
131	-12.363217	-8.200016	
132	-11.966734	-7.623430	
133	-11.190613	-6.291982	
134	-10.156931	-4.466910	
135	-9.006778	-2.477496	
136	-7.866068	-0.624476	
137	-6.832312	0.897042	
138	-5.969928	2.023838	
139	-5.303324	2.791133	
140	-4.816905	3.278134	
141	-4.467711	3.570946	
142	-4.207252	3.744095	
143	-4.003200	3.850809	
144	-3.850068	3.920147	
145	-3.764322	3.960973	
146	-3.766970	3.970914	
147	-3.866715	3.944931	
148	-4.053648	3.880052	
149	-4.300097	3.779611	
150	-4.566710	3.656552	
151	-4.815002	3.530367	
152	-5.018601	3.419912	
153	-5.165684	3.337880	
154	-5.256029	3.287228	
155	-5.297601	3.259406	
156	-5.302302	3.237629	
157	-5.280611	3.206338	
158	-5.239112	3.159166	
159	-5.183953	3.096908	
160	-5.126302	3.019967	
161	-5.084912	2.924443	
162	-5.085149	2.803193	
163	-5.151620	2.651927	
164	-5.293342	2.479292	
165	-5.494326	2.309950	
166	-5.721813	2.173686	
167	-5.942871	2.091699	
168	-6.134621	2.070987	
169	-6.287629	2.103970	
170	-6.405558	2.170978	
171	-6.498573	2.249703	
172	-6.574913	2.327527	
173	-6.642648	2.401900	
174	-6.717103	2.468399	
175	-6.814507	2.517939	
176	-6.931980	2.552900	
177	-7.035562	2.604338	
178	-7.070249	2.728363	
179	-6.989783	2.971958	
180	-6.785743	3.331479	
181	-6.488236	3.752206	
182	-6.144233	4.163917	
183	-5.799997	4.507000	
184	-5.490864	4.741811	
185	-5.234088	4.852340	
186	-5.028090	4.846526	
187	-4.856851	4.756816	
188	-4.695311	4.641498	
189	-4.515937	4.574145	
190	-4.297875	4.609596	
191	-4.035463	4.749611	
192	-3.740432	4.947954	
193	-3.437253	5.149033	
194	-3.156697	5.314180	
195	-2.930429	5.418078	
196	-2.784602	5.436284	
197	-2.732527	5.339301	
198	-2.769933	5.094702	
199	-2.873400	4.679062	
200	-2.998275	4.104132	
201	-3.074953	3.450844	
202	-3.014124	2.871184	
203	-2.730547	2.526077	
204	-2.177546	2.497846	
205	-1.375250	2.737610	
206	-0.406177	3.094708	
207	0.627724	3.417746	
208	1.645985	3.623878	
209	2.604692	3.696176	
210	3.499223	3.664124	
211	4.358325	3.591441	
212	5.218508	3.547100	
213	6.093655	3.563929	
214	6.975749	3.633938	
215	7.857613	3.738004	
216	8.738077	3.858053	
217	9.612453	3.971128	
218	10.473857	4.052064	
219	11.322680	4.082567	
220	12.167806	4.056376	
221	13.018757	3.978425	
222	13.879495	3.859666	
223	14.749413	3.713494	
224	15.627874	3.555933	
225	16.516722	3.405194	
226	17.419127	3.280673	
227	18.337063	3.202672	
228	19.270842	3.188705	
229	20.221565	3.247671	
230	21.194574	3.377276	
231	22.200394	3.564381	
232	23.249584	3.789180	
233	24.345037	4.033159	
234	25.480556	4.283072	
235	26.645639	4.527173	
236	27.829885	4.751423	
237	29.025152	4.941803	
238	30.226348	5.087801	
239	31.431603	5.181205	
240	32.642125	5.212099	
241	33.859366	5.169734	
242	35.079943	5.051714	
243	36.296420	4.872244	
244	37.508550	4.662852	
245	38.734189	4.471230	
246	40.003246	4.353144	
247	41.335919	4.347715	
248	42.726666	4.453970	
249	44.148529	4.635020	
250	45.571525	4.844427	
251	46.978878	5.047297	
252	48.368714	5.224553	
253	49.744222	5.370144	
254	51.106285	5.487775	
255	52.455685	5.585872	
256	53.797865	5.672610	
257	55.138822	5.754757	
258	56.475390	5.839437	
259	57.796041	5.933615	
260	59.092091	6.040205	
261	60.360531	6.156624	
262	61.596016	6.277610	
263	62.790572	6.397106	
264	63.944064	6.509304	
265	65.068923	6.613110	
266	66.184762	6.715869	
267	67.311681	6.830474	
268	68.465010	6.969788	
269	69.651352	7.143915	
270	70.868138	7.359457	
271	72.105750	7.618623	
272	73.349494	7.918467	
273	74.582371	8.251018	
274	75.790244	8.604494	
275	76.965781	8.965006	
276	78.108466	9.316524	
277	79.223537	9.641047	
278	80.319245	9.925631	
279	81.400501	10.169284	
280	82.466146	10.376151	
281	83.514948	10.543402	
282	84.551869	10.660999	
283	85.586103	10.722315	
284	86.624609	10.732189	
285	87.669294	10.705405	
286	88.719005	10.660817	
287	89.772908	10.617722	
288	90.832976	10.595364	
289	91.903459	10.612501	
290	92.987758	10.683158	
291	94.085280	10.811021	
292	95.186996	10.988354	
293	96.270208	11.199702	
294	97.301705	11.427652	
295	98.251027	11.657316	
296	99.100389	11.875990	
297	99.845598	12.070752	
298	100.494129	12.229076	
299	101.061762	12.341397	
300	101.567161	12.403251	
301	102.026610	12.414383	
302	102.449713	12.373914	
303	102.838733	12.279387	
304	103.194122	12.134648	
305	103.520042	11.958733	
306	103.823936	11.784470	
307	104.114743	11.644167	
308	104.404117	11.559642	
309	104.705226	11.552980	
310	105.026872	11.656313	
311	105.370260	11.896862	
312	105.729674	12.278486	
313	106.093373	12.776897	
314	106.448009	13.332208	
315	106.786643	13.850438	
316	107.110716	14.241782	
317	107.421305	14.468437	
318	107.711302	14.553496	
319	107.970261	14.550296	
320	108.193439	14.509424	
321	108.382608	14.465942	
322	108.540162	14.439991	
323	108.663434	14.440328	
324	108.743866	14.467194	
325	108.771762	14.514319	
326	108.742308	14.572274	
327	108.658178	14.632311	
328	108.528764	14.687320	
329	108.368700	14.730893	
330	108.195817	14.757230	
331	108.026958	14.760048	
332	107.873775	14.726814	
333	107.743427	14.632576	
334	107.644164	14.446831	
335	107.588598	14.157990	
336	107.587121	13.797243	
337	107.634693	13.432463	
338	107.705674	13.126683	
339	107.762817	12.897593	
340	107.771606	12.720980	
341	107.711629	12.575358	
342	107.579592	12.475064	
343	107.383178	12.454879	
344	107.133892	12.534086	
345	106.844217	12.701766	
346	106.526597	12.922533	
347	106.191628	13.146599	
348	105.846732	13.327350	
349	105.499122	13.444113	
350	105.160095	13.505646	
351	104.840142	13.530290	
352	104.537861	13.526634	
353	104.238129	13.488818	
354	103.920355	13.404729	
355	103.566252	13.267334	
356	103.163688	13.079135	
357	102.707076	12.850149	
358	102.196152	12.598071	
359	101.635191	12.351154	
360	101.030421	12.141247	
361	100.385814	11.984958	
362	99.701152	11.873330	
363	98.974620	11.783493	
364	98.209725	11.696119	
365	97.421774	11.598999	
366	96.636259	11.483106	
367	95.877496	11.343044	
368	95.156390	11.178269	
369	94.465315	10.991365	
370	93.779007	10.786691	
371	93.063898	10.572863	
372	92.298480	10.367087	
373	91.487151	10.191154	
374	90.650923	10.059558	
375	89.808915	9.974959	
376	88.971235	9.931966	
377	88.142510	9.919643	
378	87.325071	9.922248	
379	86.518353	9.919122	
380	85.718872	9.883899	
381	84.923335	9.785646	
382	84.131168	9.592520	
383	83.342646	9.277614	
384	82.555056	8.828455	
385	81.762209	8.256332	
386	80.957483	7.598158	
387	80.135592	6.914341	
388	79.291934	6.284402	
389	78.424017	5.787543	
390	77.536133	5.472725	
391	76.638490	5.342889	
392	75.738019	5.360001	
393	74.832673	5.464440	
394	73.913506	5.601847	
395	72.968856	5.743346	
396	71.989903	5.890745	
397	70.977700	6.067799	
398	69.951465	6.300592	
399	68.954187	6.598469	
400	68.040360	6.948295	
401	67.244561	7.320331	
402	66.560416	7.678344	
403	65.950913	7.991372	
404	65.373607	8.240560	
405	64.795455	8.416525	
406	64.193542	8.515243	
407	63.552517	8.537571	
408	62.864375	8.489026	
409	62.128296	8.379081	
410	61.350071	8.220303	
411	60.543935	8.023965	
412	59.733271	7.794046	
413	58.942582	7.529706	
414	58.185307	7.235925	
415	57.461150	6.927447	
416	56.763171	6.621455	
417	56.083155	6.330635	
418	55.412918	6.062726	
419	54.746724	5.821710	
420	54.084729	5.607442	
421	53.433222	5.415873	
422	52.800422	5.241918	
423	52.191404	5.083245	
424	51.607021	4.940831	
425	51.047712	4.814908	
426	50.517007	4.701535	
427	50.020242	4.594353	
428	49.560946	4.488121	
429	49.139053	4.379878	
430	48.751177	4.268854	
431	48.391435	4.156878	
432	48.051919	4.048690	
433	47.722698	3.950553	
434	47.392672	3.866605	
435	47.051576	3.796040	
436	46.691268	3.733758	
437	46.306038	3.671703	
438	45.893050	3.599258	
439	45.452429	3.505833	
440	44.987153	3.385282	
441	44.505073	3.237710	
442	44.021264	3.068649	
443	43.552515	2.885617	
444	43.106593	2.691156	
445	42.681771	2.480081	
446	42.275400	2.245502	
447	41.886482	1.985363	
448	41.511577	1.704164	
449	41.142245	1.411884	
450	40.766370	1.121301	
451	40.371957	0.843221	
452	39.951525	0.581705	
453	39.504457	0.334195	
454	39.035477	0.097385	
455	38.550205	-0.126644	
456	38.050787	-0.329266	
457	37.534664	-0.497629	
458	36.996985	-0.615730	
459	36.433911	-0.665859	
460	35.844870	-0.634919	
461	35.234543	-0.521605	
462	34.613376	-0.337426	
463	33.994807	-0.102474	
464	33.392359	0.159046	
465	32.818778	0.421221	
466	32.284046	0.657154	
467	31.792585	0.838723	
468	31.343196	0.935964	
469	30.930354	0.918967	
470	30.545348	0.768348	
471	30.177962	0.490932	
472	29.818453	0.124277	
473	29.462012	-0.274542	
474	29.113555	-0.643194	
475	28.785372	-0.922642	
476	28.488718	-1.067230	
477	28.226139	-1.067120	
478	27.989535	-0.961256	
479	27.766073	-0.812109	
480	27.545816	-0.668191	
481	27.323653	-0.551510	
482	27.097421	-0.464764	
483	26.867248	-0.401031	
484	26.636569	-0.349904	
485	26.412215	-0.299917	
486	26.202684	-0.240797	
487	26.016273	-0.167341	
488	25.860331	-0.081946	
489	25.741372	0.006240	
490	25.665607	0.084488	
491	25.639383	0.140008	
492	25.668691	0.162562	
493	25.757625	0.146467	
494	25.906865	0.092521	
495	26.112982	0.008874	
496	26.367635	-0.090605	
497	26.655916	-0.189679	
498	26.955726	-0.272316	
499	27.242490	-0.325324	
500	27.499869	-0.343164	
501	27.726302	-0.330247	
502	27.928228	-0.295974	
503	28.109681	-0.247980	
504	28.273544	-0.190116	
505	28.429957	-0.124694	
506	28.595929	-0.055319	
507	28.786085	0.012052	
508	29.006032	0.069824	
509	29.252040	0.109718	
510	29.516467	0.123535	
511	29.795359	0.104824	
512	30.089351	0.050975	
513	30.398220	-0.035936	
514	30.718273	-0.150017	
515	31.043852	-0.283857	
516	31.368319	-0.431183	
517	31.684713	-0.588391	
518	31.990924	-0.754281	
519	32.296240	-0.927466	
520	32.617495	-1.103138	
521	32.967102	-1.272230	
522	33.347722	-1.423389	
523	33.755785	-1.546610	
524	34.185240	-1.636970	
525	34.628331	-1.696765	
526	35.076056	-1.735803	
527	35.519665	-1.770453	
528	35.952451	-1.822884	
529	36.370772	-1.921364	
530	36.773293	-2.099074	
531	37.160043	-2.389166	
532	37.533683	-2.816576	
533	37.901813	-3.386081	
534	38.277233	-4.066989	
535	38.673748	-4.788311	
536	39.099936	-5.460443	
537	39.557266	-6.008305	
538	40.043439	-6.388131	
539	40.556288	-6.588056	
540	41.094967	-6.623871	
541	41.658517	-6.531626	
542	42.244310	-6.356678	
543	42.848722	-6.141332	
544	43.468756	-5.915612	
545	44.100741	-5.694744	
546	44.737129	-5.482324	
547	45.369559	-5.274650	
548	45.998452	-5.063460	
549	46.635721	-4.837311	
550	47.297238	-4.581549	
551	47.996638	-4.277683	
552	48.744362	-3.904397	
553	49.547053	-3.440712	
554	50.406049	-2.872600	
555	51.315780	-2.205860	
556	52.261885	-1.479774	
557	53.222132	-0.761979	
558	54.174427	-0.117784	
559	55.107299	0.419967	
560	56.022469	0.856248	
561	56.927840	1.213644	
562	57.828946	1.505456	
563	58.726485	1.731563	
564	59.618403	1.894911	
565	60.500261	2.009129	
566	61.363638	2.092738	
567	62.195552	2.164234	
568	62.979650	2.241526	
569	63.699075	2.340828	
570	64.339262	2.474650	
571	64.888943	2.653465	
572	65.341796	2.890340	
573	65.702745	3.204798	
574	65.996102	3.623103	
575	66.261847	4.168353	
576	66.535430	4.841217	
577	66.836178	5.604118	
578	67.182985	6.379675	
579	67.612800	7.067809	
580	68.176039	7.572753	
581	68.918709	7.828197	
582	69.868852	7.817480	
583	71.023317	7.576386	
584	72.332703	7.168328	
585	73.708901	6.651075	
586	75.060834	6.064314	
587	76.325776	5.441094	
588	77.479009	4.819607	
589	78.530292	4.242463	
590	79.511109	3.755609	
591	80.455467	3.407773	
592	81.388586	3.238195	
593	82.330205	3.256524	
594	83.299803	3.426827	
595	84.310602	3.683217	
596	85.358173	3.984022	
597	86.419970	4.334991	
598	87.464538	4.746108	
599	88.462077	5.194883	
600	89.395744	5.646484	
601	90.267130	6.086637	
602	91.091061	6.515594	
603	91.884979	6.918019	
604	92.657259	7.259454	
605	93.400496	7.511483	
606	94.098276	7.665670	
607	94.740878	7.730858	
608	95.334025	7.731798	
609	95.895819	7.705113	
610	96.449210	7.686444	
611	97.012919	7.699869	
612	97.593687	7.757984	
613	98.187902	7.865611	
614	98.789795	8.020834	
615	99.394184	8.215592	
616	99.993905	8.437740	
617	100.579598	8.674191	
618	101.142112	8.913013	
619	101.674427	9.141330	
620	102.171896	9.342028	
621	102.628980	9.498762	
622	103.033552	9.605045	
623	103.367321	9.660460	
624	103.615401	9.662141	
625	103.774866	9.614747	
626	103.855876	9.549018	
627	103.878635	9.518875	
628	103.869230	9.574719	
629	103.856517	9.737668	
630	103.871235	9.988570	
631	103.941929	10.268683	
632	104.084388	10.497188	
633	104.295377	10.610382	
634	104.559033	10.598724	
635	104.857123	10.508742	
636	105.173680	10.411161	
637	105.493426	10.366932	
638	105.796827	10.409729	
639	106.059856	10.539523	
640	106.262907	10.721106	
641	106.398935	10.887222	
642	106.472444	10.954175	
643	106.494200	10.857581	
644	106.476978	10.588775	
645	106.431911	10.198390	
646	106.365734	9.764613	
647	106.280556	9.358148	
648	106.176375	9.027651	
649	106.055075	8.799353	
650	105.922989	8.679324	
651	105.789476	8.656844	
652	105.664456	8.706969	
653	105.557844	8.791715	
654	105.476455	8.870569	
655	105.418180	8.919768	
656	105.372046	8.936360	
657	105.324204	8.923402	
658	105.260660	8.878647	
659	105.165304	8.793175	
660	105.020873	8.655042	
661	104.816466	8.457360	
662	104.553585	8.204647	
663	104.243115	7.911799	
664	103.899612	7.601685	
665	103.540496	7.306847	
666	103.185777	7.066886	
667	102.853393	6.914954	
668	102.554679	6.864600	
669	102.294346	6.908073	
670	102.072800	7.021706	
671	101.887615	7.171890	
672	101.733440	7.323086	
673	101.602695	7.448953	
674	101.488233	7.541457	
675	101.384434	7.611660	
676	101.286221	7.680490	
677	101.189810	7.765983	
678	101.094437	7.877998	
679	101.001314	8.021848	
680	100.910566	8.200674	
681	100.820178	8.412206	
682	100.728312	8.645738	
683	100.636456	8.881065	
684	100.550322	9.087204	
685	100.477928	9.222503	
686	100.427157	9.240254	
687	100.401147	9.104109	
688	100.389452	8.809547	
689	100.366403	8.391785	
690	100.305310	7.909247	
691	100.195130	7.422314	
692	100.041894	6.982713	
693	99.855410	6.624777	
694	99.639417	6.357806	
695	99.394549	6.169507	
696	99.121528	6.038097	
697	98.817717	5.944282	
698	98.476465	5.879585	
699	98.091155	5.846674	
700	97.657152	5.851701	
701	97.171781	5.898226	
702	96.634657	5.985398	
703	96.048437	6.107097	
704	95.421407	6.254378	
705	94.769976	6.417769	
706	94.118609	6.583447	
707	93.497428	6.729117	
708	92.935260	6.827058	
709	92.450987	6.855847	
710	92.049065	6.813813	
711	91.715996	6.721832	
712	91.419742	6.614321	
713	91.120087	6.525060	
714	90.781775	6.474091	
715	90.379715	6.462628	
716	89.903125	6.475459	
717	89.362019	6.484482	
718	88.785572	6.454863	
719	88.210129	6.358905	
720	87.666526	6.191123	
721	87.171028	5.973014	
722	86.721758	5.745075	
723	86.305085	5.551241	
724	85.907074	5.425017	
725	85.520847	5.384698	
726	85.147224	5.432559	
727	84.787911	5.550439	
728	84.436017	5.699098	
729	84.074144	5.829571	
730	83.680071	5.898177	
731	83.231072	5.873074	
732	82.706029	5.731347	
733	82.090426	5.456010	
734	81.382618	5.042296	
735	80.594885	4.507643	
736	79.746628	3.887380	
737	78.856132	3.218760	
738	77.938440	2.536056	
739	77.006944	1.873355	
740	76.073885	1.260982	
741	75.148824	0.723604	
742	74.235761	0.281464	
743	73.333872	-0.053569	
744	72.443672	-0.282957	
745	71.571432	-0.420988	
746	70.727904	-0.490128	
747	69.925024	-0.516048	
748	69.173115	-0.524069	
749	68.478212	-0.536565	
750	67.839613	-0.570981	
751	67.248289	-0.638628	
752	66.687672	-0.744233	
753	66.137988	-0.887697	
754	65.581861	-1.067763	
755	65.007789	-1.282544	
756	64.410509	-1.525369	
757	63.789639	-1.781868	
758	63.148811	-2.031178	
759	62.495721	-2.247614	
760	61.841269	-2.400932	
761	61.197393	-2.456570	
762	60.575642	-2.377336	
763	59.986808	-2.129170	
764	59.439566	-1.693150	
765	58.937464	-1.083036	
766	58.475957	-0.358907	
767	58.041968	0.385909	
768	57.617350	1.067044	
769	57.183858	1.640472	
770	56.726292	2.099704	
771	56.234652	2.459406	
772	55.705631	2.742513	
773	55.142323	2.970500	
774	54.553086	3.155996	
775	53.949137	3.299755	
776	53.340808	3.397171	
777	52.735277	3.452901	
778	52.136742	3.485092	
779	51.546981	3.509252	
780	50.965535	3.523995	
781	50.390041	3.514763	
782	49.817413	3.462987	
783	49.246477	3.355177	
784	48.679369	3.190313	
785	48.119154	2.974184	
786	47.567361	2.710725	
787	47.025035	2.410407	
788	46.492209	2.097687	
789	45.963328	1.794785	
790	45.428464	1.508382	
791	44.882888	1.241890	
792	44.333461	1.011856	
793	43.795909	0.851061	
794	43.285687	0.795659	
795	42.808965	0.863660	
796	42.362112	1.049725	
797	41.937787	1.337277	
798	41.528174	1.702749	
799	41.125572	2.114783	
800	40.724649	2.540627	
801	40.322977	2.948236	
802	39.917946	3.302467	
803	39.504191	3.566013	
804	39.073467	3.702461	
805	38.616490	3.681792	
806	38.127066	3.492421	
807	37.606865	3.150781	
808	37.066568	2.698440	
809	36.522640	2.190785	
810	35.994646	1.691653	
811	35.504861	1.277306	
812	35.075294	1.028375	
813	34.720490	0.994817	
814	34.441455	1.160956	
815	34.225108	1.451118	
816	34.048985	1.773534	
817	33.888171	2.059892	
818	33.720900	2.274898	
819	33.531759	2.408544	
820	33.313635	2.467807	
821	33.067926	2.470237	
822	32.801992	2.437849	
823	32.525623	2.390962	
824	32.249248	2.343106	
825	31.983722	2.298420	
826	31.740300	2.250451	
827	31.529778	2.183020	
828	31.358322	2.079702	
829	31.222045	1.937864	
830	31.108483	1.770219	
831	31.004543	1.594251	
832	30.901642	1.425135	
833	30.795454	1.274735	
834	30.684372	1.151494	
835	30.568761	1.060532	
836	30.450028	1.004142	
837	30.329436	0.982840	
838	30.208438	0.996373	
839	30.089857	1.043609	
840	29.977193	1.122318	
841	29.873056	1.229137	
842	29.779151	1.357900	
843	29.696974	1.497662	
844	29.627783	1.634414	
845	29.572195	1.755989	
846	29.530179	1.855598	
847	29.501536	1.931980	
848	29.486047	1.987766	
849	29.482911	2.027691	
850	29.490274	2.057147	
851	29.505260	2.081247	
852	29.524211	2.104455	
853	29.543043	2.130484	
854	29.557906	2.161868	
855	29.565960	2.198766	
856	29.565836	2.238115	
857	29.557640	2.274662	
858	29.542745	2.302925	
859	29.523474	2.318495	
860	29.502280	2.319411	
861	29.480533	2.308096	
862	29.457944	2.292044	
863	29.432916	2.281809	
864	29.402939	2.287824	
865	29.364497	2.318583	
866	29.313051	2.381206	
867	29.244332	2.482488	
868	29.156961	2.626963	
869	29.054087	2.812532	
870	28.942853	3.028587	
871	28.834021	3.256866	
872	28.741920	3.473372	
873	28.680262	3.656433	
874	28.655742	3.798511	
875	28.668642	3.907027	
876	28.718906	3.994081	
877	28.807793	4.069342	
878	28.935218	4.139317	
879	29.098740	4.207319	
880	29.294069	4.272427	
881	29.515346	4.328452	
882	29.755891	4.364090	
883	30.008999	4.366310	
884	30.268140	4.326804	
885	30.527880	4.246234	
886	30.785875	4.133153	
887	31.044335	4.000541	
888	31.309854	3.862378	
889	31.592000	3.730758	
890	31.901107	3.613926	
891	32.245286	3.515104	
892	32.627932	3.432175	
893	33.047561	3.358139	
894	33.499669	3.282621	
895	33.978986	3.195373	
896	34.481335	3.091086	
897	35.004872	2.972518	
898	35.550049	2.848742	
899	36.117729	2.729685	
900	36.706870	2.622424	
901	37.314703	2.530840	
902	37.939434	2.455913	
903	38.581355	2.397292	
904	39.240068	2.357404	
905	39.911014	2.343612	
906	40.586091	2.364643	
907	41.258436	2.425031	
908	41.926534	2.522121	
909	42.594433	2.645285	
910	43.268888	2.776725	
911	43.955156	2.895410	
912	44.653178	2.983056	
913	45.356361	3.028581	
914	46.054723	3.032293	
915	46.740343	3.009547	
916	47.410666	2.984808	
917	48.069604	2.977537	
918	48.728070	2.993886	
919	49.401491	3.028516	
920	50.103425	3.071597	
921	50.840108	3.116068	
922	51.609410	3.161280	
923	52.402394	3.212225	
924	53.205042	3.276068	
925	54.000512	3.357223	
926	54.772287	3.452526	
927	55.506038	3.550411	
928	56.189079	3.636179	
929	56.810383	3.698690	
930	57.363430	3.732882	
931	57.850549	3.738375	
932	58.286715	3.718357	
933	58.703230	3.682817	
934	59.152835	3.655519	
935	59.705260	3.674497	
936	60.419019	3.778732	
937	61.307829	3.991535	
938	62.335282	4.314082	
939	63.437674	4.724129	
940	64.549349	5.172167	
941	65.617370	5.587843	
942	66.608282	5.903423	
943	67.509015	6.075319	
944	68.322662	6.089707	
945	69.060589	5.953230	
946	69.733957	5.682738	
947	70.355351	5.312837	
948	70.952725	4.906042	
949	71.574884	4.533312	
950	72.275822	4.232202	
951	73.093640	3.982765	
952	74.040199	3.732295	
953	75.104690	3.453457	
954	76.263426	3.176115	
955	77.482630	2.964668	
956	78.716614	2.879202	
957	79.914012	2.956991	
958	81.031154	3.208916	
959	82.040835	3.619091	
960	82.933409	4.153384	
961	83.715537	4.773350	
962	84.407667	5.430435	
963	85.038684	6.051088	
964	85.639729	6.556315	
965	86.238777	6.902977	
966	86.855120	7.097924	
967	87.495585	7.184074	
968	88.155988	7.225792	
969	88.827648	7.295435	
970	89.503330	7.446927	
971	90.177555	7.689060	
972	90.843736	7.991166	
973	91.492311	8.314697	
974	92.111737	8.633975	
975	92.693241	8.938897	
976	93.236483	9.232278	
977	93.752627	9.524213	
978	94.264742	9.823665	
979	94.804965	10.130664	
980	95.402201	10.433387	
981	96.061981	10.712012	
982	96.760211	10.946194	
983	97.460662	11.125182	
984	98.134407	11.256120	
985	98.764929	11.358219	
986	99.344559	11.447269	
987	99.867958	11.529606	
988	100.327348	11.607813	
989	100.714523	11.688701	
990	101.025274	11.787618	
991	101.260977	11.925590	
992	101.430529	12.121779	
993	101.553499	12.385765	
994	101.657959	12.709183	
995	101.773190	13.059330	
996	101.923890	13.386303	
997	102.125164	13.647558	
998	102.376817	13.830669	
999	102.662309	13.951748	
1000	102.956712	14.033320	
1001	103.240084	14.087797	
1002	103.506604	14.119112	
1003	103.762075	14.124956	
1004	104.012141	14.087286	
1005	104.250741	13.972385	
1006	104.456299	13.758780	
1007	104.597876	13.466117	
1008	104.649415	13.152325	
1009	104.603092	12.890780	
1010	104.471922	12.748835	
1011	104.283650	12.768483	
1012	104.072228	12.953307	
1013	103.866852	13.267119	
1014	103.682677	13.643137	
1015	103.521169	14.006682	
1016	103.375594	14.299962	
1017	103.232451	14.486470	
1018	103.072431	14.541681	
1019	102.877437	14.450955	
1020	102.639445	14.214688	
1021	102.364375	13.853879	
1022	102.068721	13.413706	
1023	101.771554	12.957236	
1024	101.488194	12.547206	
1025	101.228281	12.231612	
1026	100.996091	12.042263	
1027	100.792123	11.996417	
1028	100.616526	12.094196	
1029	100.473299	12.313206	
1030	100.371205	12.604640	
1031	100.317806	12.902628	
1032	100.309328	13.152048	
1033	100.327334	13.331875	
1034	100.352053	13.446479	
1035	100.380929	13.497760	
1036	100.428501	13.476733	
1037	100.507743	13.380035	
1038	100.614920	13.225188	
1039	100.729840	13.049615	
1040	100.826007	12.894484	
1041	100.880300	12.783282	
1042	100.877404	12.710979	
1043	100.810345	12.652302	
1044	100.680065	12.579868	
1045	100.495348	12.474611	
1046	100.270802	12.324764	
1047	100.023022	12.124704	
1048	99.768412	11.879674	
1049	99.518636	11.607990	
1050	99.272668	11.334544	
1051	99.017431	11.080381	
1052	98.738411	10.854387	
1053	98.427135	10.652920	
1054	98.080834	10.466708	
1055	97.698574	10.286315	
1056	97.279437	10.103722	
1057	96.825507	9.914178	
1058	96.346982	9.720535	
1059	95.865720	9.538153	
1060	95.412928	9.393526	
1061	95.018914	9.308555	
1062	94.702606	9.280664	
1063	94.468332	9.283636	
1064	94.306754	9.289871	
1065	94.199052	9.288363	
1066	94.126286	9.282979	
1067	94.075353	9.279879	
1068	94.035137	9.278923	
1069	93.990581	9.273099	
1070	93.922738	9.252997	
1071	93.814320	9.211801	
1072	93.654251	9.147850	
1073	93.436377	9.066626	
1074	93.154572	8.981775	
1075	92.798977	8.912139	
1076	92.356385	8.876576	
1077	91.814550	8.891032	
1078	91.166289	8.969352	
1079	90.411438	9.125107	
1080	89.560079	9.370547	
1081	88.636393	9.710875	
1082	87.676214	10.135295	
1083	86.718115	10.611657	
1084	85.796613	11.089737	
1085	84.941053	11.507603	
1086	84.175207	11.799734	
1087	83.514226	11.911851	
1088	82.962496	11.813008	
1089	82.515959	11.494971	
1090	82.164212	10.969006	
1091	81.885755	10.268628	
1092	81.641827	9.447126	
1093	81.380817	8.561090	
1094	81.051680	7.652630	
1095	80.615127	6.743746	
1096	80.049292	5.841943	
1097	79.351660	4.954284	
1098	78.536686	4.099640	
1099	77.630289	3.303755	
1100	76.665440	2.585619	
1101	75.678867	1.953372	
1102	74.704906	1.407195	
1103	73.767529	0.941970	
1104	72.876015	0.550402	
1105	72.026438	0.225172	
1106	71.206853	-0.041514	
1107	70.403677	-0.258117	
1108	69.606874	-0.431395	
1109	68.811647	-0.564819	
1110	68.018242	-0.661404	
1111	67.231649	-0.728053	
1112	66.458611	-0.777110	
1113	65.702699	-0.823773	
1114	64.961806	-0.880966	
1115	64.228352	-0.955766	
1116	63.490639	-1.048923	
1117	62.734552	-1.156193	
1118	61.945946	-1.270726	
1119	61.114696	-1.385265	
1120	60.238433	-1.492950	
1121	59.322487	-1.586509	
1122	58.375734	-1.656255	
1123	57.406328	-1.688164	
1124	56.422510	-1.663525	
1125	55.437772	-1.561840	
1126	54.474695	-1.367838	
1127	53.564399	-1.078604	
1128	52.741324	-0.705845	
1129	52.032749	-0.272625	
1130	51.445223	0.189661	
1131	50.956964	0.637094	
1132	50.524941	1.012780	
1133	50.102896	1.266357	
1134	49.656908	1.378541	
1135	49.171446	1.368455	
1136	48.648244	1.287883	
1137	48.098887	1.203652	
1138	47.533354	1.163137	
1139	46.954059	1.170154	
1140	46.359439	1.198110	
1141	45.749349	1.217604	
1142	45.126381	1.209343	
1143	44.494640	1.165044	
1144	43.857681	1.084796	
1145	43.216842	0.973867	
1146	42.571556	0.841267	
1147	41.920774	0.697529	
1148	41.263418	0.551357	
1149	40.598113	0.410344	
1150	39.923790	0.284765	
1151	39.240804	0.188230	
1152	38.551333	0.134844	
1153	37.858701	0.136804	
1154	37.166303	0.203515	
1155	36.477580	0.340131	
1156	35.796502	0.545396	
1157	35.127470	0.811940	
1158	34.476711	1.132116	
1159	33.854168	1.504546	
1160	33.267701	1.925243	
1161	32.712147	2.368259	
1162	32.171139	2.791081	
1163	31.631631	3.161928	
1164	31.090329	3.467649	
1165	30.547811	3.701147	
1166	30.002707	3.853119	
1167	29.451387	3.911503	
1168	28.891914	3.868450	
1169	28.327347	3.731945	
1170	27.762211	3.526684	
1171	27.194955	3.285324	
1172	26.617062	3.046218	
1173	26.022121	2.853964	
1174	25.413948	2.744781	
1175	24.803219	2.723250	
1176	24.197649	2.760520	
1177	23.598349	2.816325	
1178	23.004911	2.859487	
1179	22.419657	2.875826	
1180	21.844650	2.864320	
1181	21.278288	2.827535	
1182	20.716341	2.767023	
1183	20.152476	2.685382	
1184	19.578636	2.588875	
1185	18.987902	2.486189	
1186	18.375956	2.383766	
1187	17.740302	2.281899	
1188	17.080413	2.174962	
1189	16.398913	2.055344	
1190	15.701261	1.918688	
1191	14.993779	1.767566	
1192	14.282226	1.611286	
1193	13.570788	1.462631	
1194	12.860881	1.333301	
1195	12.151647	1.230078	
1196	11.442409	1.156137	
1197	10.734404	1.116939	
1198	10.030751	1.122115	
1199	9.336265	1.179415	
1200	8.657401	1.288228	
1201	8.000910	1.439011	
1202	7.371852	1.614670	
1203	6.772980	1.790994	
1204	6.206397	1.937992	
1205	5.674908	2.023161	
1206	5.177814	2.020830	
1207	4.703824	1.924126	
1208	4.231354	1.744225	
1209	3.736965	1.498703	
1210	3.203852	1.206682	
1211	2.627894	0.892547	
1212	2.022217	0.588645	
1213	1.417948	0.335262	
1214	0.856876	0.176948	
1215	0.375963	0.150688	
1216	-0.007240	0.270518	
1217	-0.298581	0.520811	
1218	-0.519671	0.863684	
1219	-0.695805	1.253185	
1220	-0.847554	1.645973	
1221	-0.986412	2.009108	
1222	-1.114144	2.325572	
1223	-1.227758	2.593793	
1224	-1.325686	2.824435	
1225	-1.409860	3.035557	
1226	-1.484347	3.243664	
1227	-1.553268	3.456545	
1228	-1.619661	3.675046	
1229	-1.685904	3.900426	
1230	-1.755300	4.137860	
1231	-1.833700	4.392712	
1232	-1.929417	4.665379	
1233	-2.049992	4.949838	
1234	-2.198053	5.234646	
1235	-2.370435	5.504752	
1236	-2.560479	5.744384	
1237	-2.760870	5.940160	
1238	-2.966322	6.083109	
1239	-3.175355	6.168703	
1240	-3.390078	6.194231	
1241	-3.615368	6.153938	
1242	-3.858823	6.035404	
1243	-4.129403	5.823894	
1244	-4.433471	5.514939	
1245	-4.772170	5.121138	
1246	-5.141427	4.665865	
1247	-5.530689	4.175450	
1248	-5.923327	3.676297	
1249	-6.300927	3.195040	
1250	-6.645058	2.760732	
1251	-6.937657	2.404347	
1252	-7.164362	2.156120	
1253	-7.316727	2.042912	
1254	-7.391227	2.083292	
1255	-7.388074	2.279850	
1256	-7.312322	2.610039	
1257	-7.175738	3.027089	
1258	-6.996596	3.474473	
1259	-6.799103	3.896243	
1260	-6.612691	4.241215	
1261	-6.466323	4.472662	
1262	-6.379350	4.577735	
1263	-6.355814	4.567326	
1264	-6.384538	4.469733	
1265	-6.445444	4.321875	
1266	-6.519926	4.160071	
1267	-6.597377	4.014952	
1268	-6.673260	3.908598	
1269	-6.743770	3.848842	
1270	-6.805410	3.825061	
1271	-6.859240	3.812755	
1272	-6.912223	3.785996	
1273	-6.973402	3.729860	
1274	-7.049461	3.648204	
1275	-7.143738	3.564945	
1276	-7.256840	3.511173	
1277	-7.381630	3.505303	
1278	-7.493761	3.544858	
1279	-7.551335	3.609490	
1280	-7.511591	3.675405	
1281	-7.357191	3.735983	
1282	-7.109941	3.802637	
1283	-6.816833	3.885129	
1284	-6.525165	3.977744	
1285	-6.267262	4.064287	
1286	-6.057127	4.132676	
1287	-5.898559	4.181655	
1288	-5.793778	4.217613	
1289	-5.741719	4.251981	
1290	-5.738165	4.297261	
1291	-5.783442	4.357978	
1292	-5.884068	4.426849	
1293	-6.046674	4.489575	
1294	-6.274059	4.528261	
1295	-6.564546	4.521168	
1296	-6.912491	4.446017	
1297	-7.309649	4.290621	
1298	-7.743930	4.065007	
1299	-8.195620	3.799833	
1300	-8.636398	3.529695	
1301	-9.030450	3.286891	
1302	-9.339089	3.110081	
1303	-9.537687	3.035545	
1304	-9.633927	3.072196	
1305	-9.659676	3.201762	
1306	-9.641393	3.401704	
1307	-9.584793	3.656517	
1308	-9.483612	3.958630	
1309	-9.333176	4.305811	
1310	-9.137367	4.689072	
1311	-8.910088	5.082032	
1312	-8.675850	5.443471	
1313	-8.469149	5.727682	
1314	-8.326086	5.894749	
1315	-8.269016	5.919212	
1316	-8.295498	5.795450	
1317	-8.382191	5.534421	
1318	-8.502051	5.157593	
1319	-8.638882	4.700554	
1320	-8.784887	4.219919	
1321	-8.928660	3.785577	
1322	-9.054636	3.456912	
1323	-9.155513	3.259731	
1324	-9.237224	3.177685	
1325	-9.310769	3.162367	
1326	-9.383441	3.162553	
