Athlete_Engineering	// User ID
11-2-2021	// Evaluation date
P005_WALK1	24-1-2021	15:46:44:938	// Source file name and timestamp
250.000	// Sampling rate
6.849	// Data capture period



Sample #	Right_Leg_Flexion	Right_Leg_Abduction	
0	-9.389165	0.924238	
1	-9.394062	0.925557	
2	-9.398820	0.938912	
3	-9.402717	0.961895	
4	-9.405242	0.989128	
5	-9.406073	1.014745	
6	-9.405086	1.034264	
7	-9.402415	1.045327	
8	-9.398361	1.047765	
9	-9.393238	1.043407	
10	-9.387329	1.035665	
11	-9.380846	1.028137	
12	-9.373913	1.022651	
13	-9.366837	1.018905	
14	-9.360477	1.015773	
15	-9.356124	1.012145	
16	-9.354707	1.007091	
17	-9.355993	1.000240	
18	-9.358766	0.991949	
19	-9.361848	0.982927	
20	-9.364818	0.974192	
21	-9.367883	0.967441	
22	-9.371381	0.964878	
23	-9.375366	0.968737	
24	-9.379547	0.980922	
25	-9.383509	1.002028	
26	-9.386944	1.030169	
27	-9.389726	1.061212	
28	-9.391879	1.090472	
29	-9.393624	1.114367	
30	-9.395552	1.130877	
31	-9.398396	1.138902	
32	-9.402342	1.137723	
33	-9.406861	1.127339	
34	-9.411244	1.108864	
35	-9.414872	1.084058	
36	-9.417070	1.054701	
37	-9.417326	1.022958	
38	-9.415758	0.991994	
39	-9.413161	0.965324	
40	-9.410497	0.945624	
41	-9.408406	0.934279	
42	-9.407055	0.931339	
43	-9.406206	0.935782	
44	-9.405436	0.946357	
45	-9.404348	0.962200	
46	-9.402631	0.982329	
47	-9.400029	1.004693	
48	-9.396391	1.026394	
49	-9.391975	1.045116	
50	-9.387695	1.060115	
51	-9.384751	1.071831	
52	-9.383871	1.080809	
53	-9.385061	1.087348	
54	-9.387919	1.091698	
55	-9.391954	1.093738	
56	-9.396652	1.092768	
57	-9.401390	1.088218	
58	-9.405351	1.080251	
59	-9.407618	1.069589	
60	-9.407701	1.056946	
61	-9.406120	1.042467	
62	-9.404277	1.026005	
63	-9.403624	1.008399	
64	-9.404948	0.992122	
65	-9.408378	0.980110	
66	-9.413640	0.974138	
67	-9.420152	0.974675	
68	-9.427335	0.981350	
69	-9.434859	0.992630	
70	-9.442391	1.005932	
71	-9.449246	1.018943	
72	-9.454308	1.030183	
73	-9.456301	1.038106	
74	-9.454338	1.040571	
75	-9.448462	1.035775	
76	-9.439793	1.023768	
77	-9.430102	1.007221	
78	-9.421134	0.990705	
79	-9.414273	0.978578	
80	-9.410519	0.973250	
81	-9.410378	0.975051	
82	-9.413756	0.982398	
83	-9.420024	0.991974	
84	-9.428027	1.000068	
85	-9.436309	1.004306	
86	-9.443716	1.004344	
87	-9.449739	1.001454	
88	-9.454541	0.997590	
89	-9.458887	0.994389	
90	-9.463642	0.992422	
91	-9.468998	0.990904	
92	-9.474328	0.988225	
93	-9.478666	0.983184	
94	-9.481074	0.975701	
95	-9.480764	0.966418	
96	-9.477399	0.956121	
97	-9.471439	0.945621	
98	-9.464178	0.936007	
99	-9.457320	0.928909	
100	-9.452158	0.925995	
101	-9.448991	0.928063	
102	-9.447426	0.935015	
103	-9.447128	0.946411	
104	-9.447977	0.961194	
105	-9.449710	0.976851	
106	-9.451842	0.989805	
107	-9.453732	0.997023	
108	-9.454697	0.997129	
109	-9.454595	0.990807	
110	-9.454336	0.980665	
111	-9.455322	0.969874	
112	-9.458345	0.960694	
113	-9.463104	0.954681	
114	-9.468571	0.953402	
115	-9.473762	0.957801	
116	-9.478308	0.967042	
117	-9.482503	0.978674	
118	-9.486935	0.990076	
119	-9.491918	0.999924	
120	-9.497071	1.008613	
121	-9.501505	1.017283	
122	-9.504470	1.026367	
123	-9.505741	1.034969	
124	-9.505474	1.041346	
125	-9.503944	1.043909	
126	-9.501454	1.041832	
127	-9.498289	1.034757	
128	-9.494607	1.022424	
129	-9.490432	1.005165	
130	-9.485806	0.984550	
131	-9.480886	0.963077	
132	-9.475800	0.943398	
133	-9.470467	0.928129	
134	-9.464726	0.919980	
135	-9.458667	0.921092	
136	-9.452491	0.931575	
137	-9.445972	0.948731	
138	-9.438613	0.967989	
139	-9.430578	0.984964	
140	-9.423035	0.997106	
141	-9.417391	1.003961	
142	-9.414627	1.006617	
143	-9.415437	1.007166	
144	-9.420437	1.008284	
145	-9.429907	1.012462	
146	-9.443364	1.020905	
147	-9.459345	1.033027	
148	-9.475605	1.046893	
149	-9.489620	1.059966	
150	-9.499072	1.069651	
151	-9.502361	1.073729	
152	-9.499341	1.071227	
153	-9.491559	1.063250	
154	-9.481252	1.052509	
155	-9.470058	1.041884	
156	-9.458668	1.033012	
157	-9.447213	1.025376	
158	-9.435853	1.017184	
159	-9.425181	1.007494	
160	-9.416248	0.996920	
161	-9.410355	0.986910	
162	-9.408676	0.979228	
163	-9.411869	0.975681	
164	-9.419894	0.977630	
165	-9.431834	0.985415	
166	-9.445993	0.998537	
167	-9.460639	1.017043	
168	-9.474595	1.042188	
169	-9.487193	1.074507	
170	-9.498194	1.111357	
171	-9.507885	1.147677	
172	-9.517001	1.179141	
173	-9.526466	1.203987	
174	-9.536976	1.222776	
175	-9.548581	1.237153	
176	-9.560833	1.248411	
177	-9.573541	1.257009	
178	-9.587255	1.263043	
179	-9.602977	1.266643	
180	-9.621506	1.268144	
181	-9.643122	1.268171	
182	-9.667622	1.267323	
183	-9.694427	1.265511	
184	-9.722956	1.261697	
185	-9.753019	1.254109	
186	-9.784463	1.240671	
187	-9.816789	1.219548	
188	-9.849648	1.189545	
189	-9.883357	1.150349	
190	-9.918639	1.102275	
191	-9.956053	1.045515	
192	-9.995558	0.980097	
193	-10.036380	0.906669	
194	-10.077080	0.826994	
195	-10.115670	0.743795	
196	-10.149926	0.660170	
197	-10.177791	0.578697	
198	-10.197515	0.500445	
199	-10.207772	0.424407	
200	-10.208156	0.347681	
201	-10.199450	0.266243	
202	-10.183027	0.176111	
203	-10.160207	0.074274	
204	-10.132233	-0.041135	
205	-10.100411	-0.170933	
206	-10.066108	-0.315152	
207	-10.030654	-0.473365	
208	-9.995147	-0.643919	
209	-9.960265	-0.822069	
210	-9.926057	-0.998489	
211	-9.891739	-1.159603	
212	-9.855954	-1.289928	
213	-9.817548	-1.375917	
214	-9.776119	-1.410483	
215	-9.731694	-1.395291	
216	-9.683903	-1.339008	
217	-9.631837	-1.254416	
218	-9.574865	-1.157017	
219	-9.513274	-1.064382	
220	-9.448240	-0.994718	
221	-9.381718	-0.963777	
222	-9.316109	-0.981088	
223	-9.253230	-1.048203	
224	-9.193238	-1.159500	
225	-9.134655	-1.303491	
226	-9.075376	-1.463847	
227	-9.013689	-1.621030	
228	-8.948955	-1.754907	
229	-8.881956	-1.848838	
230	-8.814557	-1.895030	
231	-8.748431	-1.896316	
232	-8.683203	-1.862325	
233	-8.615588	-1.805630	
234	-8.540596	-1.740370	
235	-8.453631	-1.679516	
236	-8.351927	-1.630087	
237	-8.235051	-1.592085	
238	-8.104684	-1.563281	
239	-7.963870	-1.542634	
240	-7.816116	-1.528883	
241	-7.665109	-1.518994	
242	-7.514827	-1.509677	
243	-7.368443	-1.500860	
244	-7.226492	-1.495957	
245	-7.086603	-1.496351	
246	-6.944995	-1.496334	
247	-6.798408	-1.484253	
248	-6.645751	-1.448377	
249	-6.488217	-1.382346	
250	-6.326952	-1.287324	
251	-6.160508	-1.172028	
252	-5.985041	-1.050237	
253	-5.796260	-0.935693	
254	-5.590425	-0.838521	
255	-5.364500	-0.764321	
256	-5.116882	-0.713623	
257	-4.847873	-0.682917	
258	-4.558407	-0.667880	
259	-4.247843	-0.666284	
260	-3.913236	-0.679436	
261	-3.551524	-0.710897	
262	-3.162731	-0.761734	
263	-2.750424	-0.826766	
264	-2.319037	-0.896010	
265	-1.871396	-0.959375	
266	-1.408470	-1.010805	
267	-0.930108	-1.049911	
268	-0.435655	-1.079143	
269	0.074608	-1.097724	
270	0.598128	-1.099199	
271	1.131693	-1.076766	
272	1.674307	-1.032430	
273	2.227447	-0.980770	
274	2.793542	-0.941384	
275	3.375128	-0.926884	
276	3.974455	-0.938388	
277	4.593068	-0.969249	
278	5.231852	-1.010201	
279	5.891135	-1.053779	
280	6.570434	-1.097588	
281	7.268596	-1.142754	
282	7.984287	-1.188108	
283	8.715521	-1.226936	
284	9.459372	-1.250009	
285	10.212438	-1.251489	
286	10.971573	-1.231354	
287	11.734499	-1.192233	
288	12.500454	-1.134701	
289	13.269870	-1.056089	
290	14.042697	-0.953058	
291	14.816718	-0.824293	
292	15.587642	-0.671212	
293	16.351237	-0.499575	
294	17.105080	-0.322766	
295	17.847793	-0.160432	
296	18.577606	-0.030436	
297	19.292306	0.058774	
298	19.989650	0.108582	
299	20.667610	0.123797	
300	21.325096	0.106795	
301	21.962890	0.058103	
302	22.584038	-0.019407	
303	23.193246	-0.119618	
304	23.794907	-0.236980	
305	24.391134	-0.369398	
306	24.981751	-0.515988	
307	25.565536	-0.672746	
308	26.140378	-0.831617	
309	26.702591	-0.984321	
310	27.246908	-1.127588	
311	27.767167	-1.265088	
312	28.257584	-1.404867	
313	28.714343	-1.556005	
314	29.135960	-1.726430	
315	29.522081	-1.920925	
316	29.872365	-2.139869	
317	30.186260	-2.378894	
318	30.463535	-2.629740	
319	30.704721	-2.883410	
320	30.910506	-3.133717	
321	31.080955	-3.378110	
322	31.216049	-3.615491	
323	31.316879	-3.843540	
324	31.385421	-4.058972	
325	31.423017	-4.261058	
326	31.430014	-4.453935	
327	31.406688	-4.644124	
328	31.353457	-4.836664	
329	31.270208	-5.033985	
330	31.156076	-5.235732	
331	31.010355	-5.438044	
332	30.833801	-5.633538	
333	30.628597	-5.811911	
334	30.396923	-5.961813	
335	30.140109	-6.075705	
336	29.859045	-6.154584	
337	29.554760	-6.207558	
338	29.228567	-6.248462	
339	28.881842	-6.293382	
340	28.515832	-6.357164	
341	28.132019	-6.449333	
342	27.732705	-6.573579	
343	27.320682	-6.729572	
344	26.897980	-6.913122	
345	26.464839	-7.114835	
346	26.019803	-7.319521	
347	25.561041	-7.508203	
348	25.087757	-7.664260	
349	24.600295	-7.780755	
350	24.098919	-7.862346	
351	23.582846	-7.920827	
352	23.050538	-7.969436	
353	22.500422	-8.019018	
354	21.931608	-8.075098	
355	21.345009	-8.136353	
356	20.743724	-8.197213	
357	20.131963	-8.253505	
358	19.513800	-8.305629	
359	18.891947	-8.355793	
360	18.266583	-8.402866	
361	17.635976	-8.442407	
362	16.998852	-8.473047	
363	16.355822	-8.499797	
364	15.709115	-8.528811	
365	15.061981	-8.560772	
366	14.417838	-8.589764	
367	13.779440	-8.607729	
368	13.149138	-8.610872	
369	12.529353	-8.601600	
370	11.921648	-8.584080	
371	11.325552	-8.560370	
372	10.738911	-8.533080	
373	10.158780	-8.510032	
374	9.581782	-8.502888	
375	9.004710	-8.521543	
376	8.425231	-8.572288	
377	7.841247	-8.659776	
378	7.249351	-8.786601	
379	6.644985	-8.949909	
380	6.024672	-9.139555	
381	5.387794	-9.339675	
382	4.737181	-9.531976	
383	4.079075	-9.698289	
384	3.421219	-9.822465	
385	2.769474	-9.894057	
386	2.126220	-9.912211	
387	1.491546	-9.884044	
388	0.864649	-9.818356	
389	0.243683	-9.722008	
390	-0.374385	-9.600180	
391	-0.992451	-9.456173	
392	-1.611842	-9.290086	
393	-2.231908	-9.099434	
394	-2.850472	-8.882891	
395	-3.465017	-8.643856	
396	-4.073406	-8.390326	
397	-4.673225	-8.131561	
398	-5.260965	-7.874205	
399	-5.832610	-7.619816	
400	-6.385079	-7.364917	
401	-6.917219	-7.104351	
402	-7.429250	-6.835500	
403	-7.920485	-6.558652	
404	-8.388029	-6.274898	
405	-8.828591	-5.986267	
406	-9.241056	-5.697175	
407	-9.626969	-5.414261	
408	-9.988559	-5.144315	
409	-10.326235	-4.891162	
410	-10.638605	-4.653348	
411	-10.924513	-4.425104	
412	-11.183587	-4.201176	
413	-11.415138	-3.982176	
414	-11.617991	-3.775200	
415	-11.791540	-3.588862	
416	-11.936489	-3.427955	
417	-12.054759	-3.292003	
418	-12.148774	-3.177718	
419	-12.221112	-3.082612	
420	-12.275395	-3.006437	
421	-12.316806	-2.950661	
422	-12.350451	-2.918159	
423	-12.379898	-2.913254	
424	-12.408736	-2.940991	
425	-12.442611	-3.005399	
426	-12.488044	-3.108490	
427	-12.549038	-3.250107	
428	-12.624418	-3.427343	
429	-12.708053	-3.633539	
430	-12.792263	-3.856245	
431	-12.871351	-4.076170	
432	-12.942260	-4.270265	
433	-13.002947	-4.417373	
434	-13.050736	-4.503698	
435	-13.081908	-4.525875	
436	-13.092710	-4.490030	
437	-13.081805	-4.407676	
438	-13.052294	-4.290349	
439	-13.010799	-4.144609	
440	-12.964670	-3.969894	
441	-12.919597	-3.761897	
442	-12.878354	-3.519495	
443	-12.840607	-3.249082	
444	-12.803232	-2.963231	
445	-12.760816	-2.676872	
446	-12.707049	-2.405302	
447	-12.637437	-2.161996	
448	-12.551490	-1.953827	
449	-12.451874	-1.779529	
450	-12.341906	-1.634042	
451	-12.224525	-1.512812	
452	-12.102821	-1.412581	
453	-11.980999	-1.330069	
454	-11.864832	-1.260912	
455	-11.760577	-1.199764	
456	-11.673070	-1.140650	
457	-11.604446	-1.077095	
458	-11.553894	-1.003386	
459	-11.518244	-0.917455	
460	-11.493229	-0.821983	
461	-11.474659	-0.720813	
462	-11.458973	-0.614824	
463	-11.443794	-0.503139	
464	-11.428871	-0.387161	
465	-11.416458	-0.270998	
466	-11.409746	-0.158528	
467	-11.410371	-0.051127	
468	-11.417922	0.052374	
469	-11.431789	0.154316	
470	-11.452618	0.256978	
471	-11.481867	0.361704	
472	-11.520369	0.468319	
473	-11.567187	0.575153	
474	-11.619704	0.679555	
475	-11.675264	0.779026	
476	-11.732932	0.872343	
477	-11.793452	0.959899	
478	-11.857491	1.043355	
479	-11.923859	1.124385	
480	-11.988768	1.202969	
481	-12.046716	1.276211	
482	-12.092378	1.338567	
483	-12.121788	1.384375	
484	-12.132474	1.410671	
485	-12.123779	1.417444	
486	-12.097596	1.406448	
487	-12.058245	1.380875	
488	-12.011091	1.345527	
489	-11.960841	1.306593	
490	-11.910637	1.270794	
491	-11.862866	1.243342	
492	-11.820691	1.225918	
493	-11.787739	1.216701	
494	-11.766095	1.211886	
495	-11.755267	1.206793	
496	-11.752802	1.196289	
497	-11.754958	1.175611	
498	-11.757287	1.140830	
499	-11.755937	1.088732	
500	-11.748833	1.018727	
501	-11.735616	0.934990	
502	-11.716593	0.845379	
503	-11.691701	0.758973	
504	-11.660442	0.683434	
505	-11.622243	0.621782	
506	-11.576235	0.571429	
507	-11.520945	0.527525	
508	-11.454692	0.487440	
509	-11.376469	0.451978	
510	-11.286631	0.424117	
511	-11.186910	0.408078	
512	-11.079811	0.407906	
513	-10.967702	0.425825	
514	-10.852115	0.462119	
515	-10.733722	0.514687	
516	-10.612976	0.578016	
517	-10.490327	0.644471	
518	-10.365536	0.707490	
519	-10.237671	0.763922	
520	-10.106534	0.814475	
521	-9.973677	0.862922	
522	-9.841581	0.914865	
523	-9.711404	0.975880	
524	-9.581461	1.049196	
525	-9.448425	1.134549	
526	-9.310507	1.229040	
527	-9.169921	1.328411	
528	-9.032149	1.427384	
529	-8.902385	1.520286	
530	-8.783103	1.602909	
531	-8.674740	1.673496	
532	-8.577029	1.731792	
533	-8.488824	1.778586	
534	-8.407685	1.816422	
535	-8.331358	1.849061	
536	-8.259766	1.879336	
537	-8.195057	1.907495	
538	-8.140387	1.931689	
539	-8.098702	1.950438	
540	-8.071630	1.965547	
541	-8.058473	1.982834	
542	-8.055649	2.008325	
543	-8.057496	2.043259	
544	-8.058016	2.083841	
545	-8.051798	2.124622	
546	-8.034667	2.161094	
547	-8.004796	2.190695	
548	-7.962282	2.213281	
549	-7.907497	2.231305	
550	-7.841371	2.249020	
551	-7.766937	2.271377	
552	-7.688572	2.303686	
553	-7.609389	2.350462	
554	-7.530404	2.413336	
555	-7.452054	2.490744	
556	-7.375724	2.579532	
557	-7.303573	2.676169	
558	-7.237139	2.776277	
559	-7.176866	2.873576	
560	-7.123072	2.960587	
561	-7.076668	3.031675	
562	-7.038617	3.086623	
563	-7.008285	3.131888	
564	-6.981777	3.177754	
565	-6.952520	3.233021	
566	-6.914872	3.301774	
567	-6.867089	3.384368	
568	-6.810488	3.479457	
569	-6.747085	3.584186	
570	-6.678424	3.693706	
571	-6.604818	3.801679	
572	-6.524538	3.902157	
573	-6.434561	3.991990	
574	-6.332735	4.071340	
575	-6.218822	4.140941	
576	-6.093794	4.199491	
577	-5.959130	4.244750	
578	-5.816605	4.275493	
579	-5.667522	4.291051	
580	-5.511968	4.290816	
581	-5.349278	4.275498	
582	-5.178825	4.247918	
583	-5.000386	4.211663	
584	-4.814205	4.169435	
585	-4.620682	4.123152	
586	-4.420265	4.075057	
587	-4.213582	4.027952	
588	-4.000778	3.984292	
589	-3.780958	3.945146	
590	-3.552897	3.909758	
591	-3.315654	3.876923	
592	-3.068635	3.848157	
593	-2.811695	3.828723	
594	-2.544910	3.824621	
595	-2.267977	3.839044	
596	-1.979731	3.870665	
597	-1.678715	3.913575	
598	-1.364480	3.959692	
599	-1.037863	4.002793	
600	-0.700748	4.040401	
601	-0.356068	4.072115	
602	-0.006673	4.096033	
603	0.346517	4.106501	
604	0.704502	4.096153	
605	1.068127	4.060181	
606	1.436492	3.999481	
607	1.807850	3.921636	
608	2.181919	3.837772	
609	2.560435	3.757304	
610	2.945155	3.685421	
611	3.336561	3.623025	
612	3.734630	3.568297	
613	4.139236	3.519977	
614	4.549768	3.479054	
615	4.965581	3.446258	
616	5.387010	3.418467	
617	5.815599	3.388579	
618	6.253629	3.348701	
619	6.703669	3.294193	
620	7.167698	3.225672	
621	7.646323	3.146563	
622	8.139827	3.059660	
623	8.649719	2.966857	
624	9.178597	2.869904	
625	9.728980	2.769275	
626	10.301937	2.659606	
627	10.897070	2.525367	
628	11.515728	2.346939	
629	12.163238	2.114538	
630	12.846655	1.833329	
631	13.572317	1.516586	
632	14.344687	1.179207	
633	15.164323	0.834854	
634	16.027212	0.491221	
635	16.926523	0.146317	
636	17.853576	-0.209225	
637	18.797961	-0.585430	
638	19.749778	-0.984768	
639	20.702398	-1.398631	
640	21.652450	-1.812840	
641	22.599672	-2.213378	
642	23.547621	-2.587275	
643	24.501456	-2.925696	
644	25.464169	-3.227749	
645	26.435232	-3.497607	
646	27.412278	-3.737464	
647	28.393973	-3.943283	
648	29.380232	-4.107565	
649	30.369207	-4.226847	
650	31.355341	-4.305901	
651	32.331264	-4.355099	
652	33.291432	-4.385270	
653	34.233417	-4.404260	
654	35.156206	-4.415754	
655	36.058211	-4.420103	
656	36.937549	-4.414980	
657	37.793857	-4.395211	
658	38.627719	-4.356296	
659	39.437795	-4.300498	
660	40.220694	-4.237585	
661	40.973487	-4.179645	
662	41.694114	-4.136459	
663	42.379965	-4.113836	
664	43.027863	-4.113249	
665	43.635598	-4.132389	
666	44.203089	-4.167081	
667	44.731688	-4.212409	
668	45.222672	-4.262065	
669	45.677436	-4.309219	
670	46.098378	-4.348881	
671	46.487691	-4.377988	
672	46.844837	-4.393877	
673	47.165018	-4.392764	
674	47.439074	-4.368550	
675	47.655650	-4.314603	
676	47.806342	-4.227109	
677	47.890403	-4.104741	
678	47.914013	-3.947333	
679	47.885419	-3.757553	
680	47.811920	-3.541620	
681	47.699461	-3.308590	
682	47.551102	-3.072372	
683	47.365850	-2.852904	
684	47.141712	-2.670481	
685	46.880148	-2.536686	
686	46.587061	-2.450862	
687	46.270225	-2.405748	
688	45.935609	-2.396110	
689	45.584268	-2.422646	
690	45.211424	-2.490207	
691	44.809523	-2.602921	
692	44.373367	-2.759262	
693	43.903005	-2.949235	
694	43.401867	-3.157393	
695	42.872539	-3.372000	
696	42.315506	-3.589788	
697	41.730645	-3.811913	
698	41.117769	-4.039858	
699	40.476247	-4.275337	
700	39.804591	-4.521735	
701	39.100165	-4.786614	
702	38.359345	-5.083175	
703	37.578232	-5.427712	
704	36.753772	-5.835700	
705	35.884871	-6.317792	
706	34.972749	-6.873879	
707	34.020542	-7.489970	
708	33.032715	-8.142659	
709	32.014473	-8.806752	
710	30.971388	-9.460674	
711	29.909864	-10.088096	
712	28.837732	-10.676128	
713	27.763210	-11.213125	
714	26.692524	-11.688087	
715	25.628311	-12.091150	
716	24.569510	-12.416130	
717	23.512248	-12.663262	
718	22.451768	-12.838118	
719	21.384928	-12.948546	
720	20.311910	-13.002350	
721	19.236050	-13.004918	
722	18.161696	-12.958092	
723	17.091995	-12.861746	
724	16.028450	-12.715995	
725	14.971315	-12.521736	
726	13.919781	-12.280455	
727	12.872561	-11.995030	
728	11.828617	-11.671021	
729	10.787331	-11.316700	
730	9.748222	-10.941963	
731	8.710738	-10.557993	
732	7.674465	-10.177206	
733	6.639581	-9.811547	
734	5.607114	-9.470073	
735	4.578754	-9.158186	
736	3.556380	-8.878330	
737	2.542154	-8.630218	
738	1.538779	-8.410727	
739	0.548448	-8.215030	
740	-0.428431	-8.038992	
741	-1.392789	-7.881061	
742	-2.345780	-7.741776	
743	-3.287932	-7.621199	
744	-4.218535	-7.516124	
745	-5.135727	-7.419663	
746	-6.036902	-7.324022	
747	-6.919204	-7.223322	
748	-7.780351	-7.114309	
749	-8.619270	-6.996003	
750	-9.435577	-6.869751	
751	-10.227872	-6.740778	
752	-10.993219	-6.618362	
753	-11.728928	-6.511528	
754	-12.432850	-6.424884	
755	-13.100613	-6.359314	
756	-13.724534	-6.314713	
757	-14.295948	-6.290225	
758	-14.806926	-6.282945	
759	-15.250015	-6.288909	
760	-15.618375	-6.304682	
761	-15.906365	-6.327137	
762	-16.109802	-6.353418	
763	-16.226652	-6.380905	
764	-16.257835	-6.406121	
765	-16.207545	-6.424227	
766	-16.082892	-6.430100	
767	-15.892585	-6.420192	
768	-15.645466	-6.393328	
769	-15.350118	-6.349521	
770	-15.016334	-6.288752	
771	-14.657397	-6.211825	
772	-14.290212	-6.123362	
773	-13.932875	-6.034709	
774	-13.603276	-5.963094	
775	-13.319628	-5.926611	
776	-13.099187	-5.938541	
777	-12.954315	-6.003046	
778	-12.889797	-6.112191	
779	-12.903299	-6.245502	
780	-12.986884	-6.372650	
781	-13.127807	-6.457728	
782	-13.308939	-6.464462	
783	-13.509935	-6.362636	
784	-13.709709	-6.134737	
785	-13.890113	-5.780872	
786	-14.039006	-5.319577	
787	-14.150159	-4.782824	
788	-14.221791	-4.206695	
789	-14.256063	-3.622856	
790	-14.257250	-3.055444	
791	-14.229046	-2.522600	
792	-14.174419	-2.038488	
793	-14.097017	-1.614057	
794	-14.001468	-1.257653	
795	-13.892247	-0.975550	
796	-13.771973	-0.771021	
797	-13.640659	-0.641879	
798	-13.497379	-0.578671	
799	-13.343310	-0.566570	
800	-13.182723	-0.589610	
801	-13.021217	-0.632078	
802	-12.864481	-0.677721	
803	-12.718462	-0.711173	
804	-12.588795	-0.720811	
805	-12.479736	-0.700380	
806	-12.393655	-0.648527	
807	-12.330619	-0.566760	
808	-12.289082	-0.457794	
809	-12.267598	-0.325377	
810	-12.264582	-0.175099	
811	-12.276725	-0.014964	
812	-12.299193	0.145552	
813	-12.327503	0.297716	
814	-12.359231	0.435642	
815	-12.393913	0.556861	
816	-12.431519	0.660506	
817	-12.472071	0.744421	
818	-12.516185	0.804524	
819	-12.564766	0.836634	
820	-12.618241	0.837800	
821	-12.675886	0.806717	
822	-12.735702	0.744284	
823	-12.795254	0.654085	
824	-12.852187	0.542306	
825	-12.903405	0.416300	
826	-12.944619	0.282083	
827	-12.971761	0.142921	
828	-12.982807	0.000357	
829	-12.977695	-0.143022	
830	-12.956751	-0.281322	
831	-12.920040	-0.405773	
832	-12.868266	-0.506750	
833	-12.803303	-0.574956	
834	-12.727099	-0.602429	
835	-12.640062	-0.584511	
836	-12.540784	-0.521549	
837	-12.427817	-0.420113	
838	-12.302289	-0.293321	
839	-12.168303	-0.157306	
840	-12.030021	-0.025128	
841	-11.889097	0.096778	
842	-11.745347	0.208725	
843	-11.598333	0.316209	
844	-11.447790	0.427326	
845	-11.293935	0.549954	
846	-11.137960	0.689695	
847	-10.981850	0.849078	
848	-10.827993	1.027024	
849	-10.678932	1.217834	
850	-10.536425	1.411911	
851	-10.400278	1.598528	
852	-10.268003	1.767162	
853	-10.135344	1.907323	
854	-9.997784	2.010039	
855	-9.852647	2.071056	
856	-9.700522	2.093620	
857	-9.545006	2.088270	
858	-9.390930	2.068074	
859	-9.242806	2.042773	
860	-9.104213	2.016803	
861	-8.977096	1.990755	
862	-8.861368	1.963346	
863	-8.755788	1.932982	
864	-8.659127	1.898942	
865	-8.570682	1.861936	
866	-8.490438	1.823352	
867	-8.418474	1.783324	
868	-8.353637	1.740063	
869	-8.292996	1.692343	
870	-8.232060	1.642959	
871	-8.165176	1.599992	
872	-8.087241	1.574705	
873	-7.996791	1.575945	
874	-7.897306	1.603528	
875	-7.794567	1.646340	
876	-7.693353	1.688309	
877	-7.597089	1.717395	
878	-7.508638	1.729178	
879	-7.430012	1.723893	
880	-7.361908	1.702662	
881	-7.304157	1.665849	
882	-7.256665	1.613143	
883	-7.219435	1.545245	
884	-7.191490	1.465294	
885	-7.170398	1.378240	
886	-7.153156	1.289341	
887	-7.136813	1.203210	
888	-7.117849	1.122955	
889	-7.091987	1.049335	
890	-7.055416	0.981922	
891	-7.006186	0.921760	
892	-6.944743	0.871521	
893	-6.873855	0.832111	
894	-6.798188	0.800141	
895	-6.722562	0.769644	
896	-6.649355	0.735404	
897	-6.577694	0.694155	
898	-6.504897	0.644562	
899	-6.428046	0.587679	
900	-6.344700	0.526536	
901	-6.253272	0.464366	
902	-6.153114	0.403291	
903	-6.043918	0.344200	
904	-5.924796	0.287706	
905	-5.794171	0.235468	
906	-5.650788	0.190451	
907	-5.494680	0.156802	
908	-5.327254	0.140185	
909	-5.150892	0.147129	
910	-4.968067	0.183747	
911	-4.779602	0.254992	
912	-4.584151	0.363595	
913	-4.379825	0.508998	
914	-4.164323	0.687559	
915	-3.933937	0.893108	
916	-3.685586	1.116281	
917	-3.419877	1.343887	
918	-3.140989	1.561056	
919	-2.853990	1.755580	
920	-2.562486	1.920202	
921	-2.268279	2.051546	
922	-1.971302	2.149145	
923	-1.668766	2.215658	
924	-1.356327	2.256191	
925	-1.030782	2.277416	
926	-0.690236	2.287603	
927	-0.332667	2.295824	
928	0.043589	2.309841	
929	0.437935	2.333777	
930	0.846225	2.366264	
931	1.261759	2.400993	
932	1.678601	2.429880	
933	2.093859	2.445997	
934	2.507072	2.445055	
935	2.918732	2.426375	
936	3.329737	2.393776	
937	3.741721	2.354521	
938	4.157484	2.314938	
939	4.580934	2.277168	
940	5.016675	2.240840	
941	5.469516	2.204437	
942	5.943676	2.163670	
943	6.442256	2.112738	
944	6.967605	2.047400	
945	7.521824	1.963566	
946	8.106850	1.855059	
947	8.724066	1.715713	
948	9.373262	1.541643	
949	10.051571	1.330189	
950	10.753745	1.078732	
951	11.474385	0.786476	
952	12.211058	0.456809	
953	12.965915	0.096958	
954	13.744868	-0.282845	
955	14.555866	-0.668472	
956	15.406993	-1.042469	
957	16.304476	-1.388011	
958	17.251769	-1.692981	
959	18.250218	-1.951236	
960	19.299522	-2.161706	
961	20.396800	-2.326879	
962	21.535895	-2.452084	
963	22.708181	-2.546101	
964	23.904032	-2.620193	
965	25.114250	-2.683831	
966	26.330907	-2.741056	
967	27.546813	-2.791077	
968	28.754596	-2.831106	
969	29.946535	-2.858102	
970	31.114923	-2.869500	
971	32.253023	-2.863352	
972	33.355838	-2.837311	
973	34.419749	-2.787537	
974	35.442398	-2.709283	
975	36.423293	-2.598539	
976	37.363754	-2.453359	
977	38.266371	-2.274730	
978	39.134584	-2.066772	
979	39.972022	-1.836058	
980	40.781912	-1.590833	
981	41.567238	-1.341044	
982	42.331089	-1.098039	
983	43.076075	-0.872697	
984	43.803207	-0.673768	
985	44.511464	-0.507433	
986	45.198470	-0.376952	
987	45.861600	-0.282730	
988	46.498016	-0.223115	
989	47.103781	-0.195013	
990	47.673884	-0.194361	
991	48.203148	-0.217067	
992	48.686678	-0.259941	
993	49.119783	-0.320911	
994	49.498077	-0.398454	
995	49.818189	-0.490334	
996	50.078340	-0.592868	
997	50.277670	-0.701832	
998	50.415047	-0.813042	
999	50.489449	-0.920612	
1000	50.501737	-1.015600	
1001	50.455819	-1.088177	
1002	50.358232	-1.131048	
1003	50.215974	-1.140584	
1004	50.034020	-1.116857	
1005	49.814959	-1.064912	
1006	49.560870	-0.994590	
1007	49.274901	-0.916325	
1008	48.960475	-0.837892	
1009	48.619840	-0.765721	
1010	48.254178	-0.707005	
1011	47.864138	-0.670295	
1012	47.449271	-0.664106	
1013	47.007002	-0.693562	
1014	46.533401	-0.759946	
1015	46.025545	-0.864903	
1016	45.482604	-1.011855	
1017	44.905518	-1.201639	
1018	44.296504	-1.428632	
1019	43.658151	-1.680877	
1020	42.993058	-1.942621	
1021	42.304671	-2.198548	
1022	41.596904	-2.438029	
1023	40.871533	-2.656750	
1024	40.126577	-2.855841	
1025	39.358286	-3.040077	
1026	38.564186	-3.216444	
1027	37.743883	-3.393482	
1028	36.898013	-3.581140	
1029	36.027182	-3.792262	
1030	35.131779	-4.045084	
1031	34.212086	-4.362072	
1032	33.267762	-4.763597	
1033	32.297419	-5.260292	
1034	31.299254	-5.847711	
1035	30.272215	-6.505732	
1036	29.216965	-7.201634	
1037	28.135962	-7.894575	
1038	27.032037	-8.546778	
1039	25.906570	-9.140075	
1040	24.759295	-9.679532	
1041	23.590697	-10.175395	
1042	22.405031	-10.621298	
1043	21.209587	-10.993061	
1044	20.010692	-11.266041	
1045	18.812135	-11.428174	
1046	17.617049	-11.480905	
1047	16.429299	-11.435385	
1048	15.252465	-11.307996	
1049	14.087598	-11.116211	
1050	12.931885	-10.875827	
1051	11.779856	-10.600032	
1052	10.626239	-10.299700	
1053	9.468038	-9.984013	
1054	8.305286	-9.660556	
1055	7.141166	-9.335187	
1056	5.981355	-9.012908	
1057	4.831862	-8.698711	
1058	3.696499	-8.397111	
1059	2.576187	-8.111601	
1060	1.470555	-7.844963	
1061	0.379615	-7.599446	
1062	-0.695892	-7.376022	
1063	-1.754897	-7.173518	
1064	-2.796858	-6.988886	
1065	-3.822825	-6.817952	
1066	-4.835104	-6.654932	
1067	-5.835351	-6.492053	
1068	-6.823650	-6.321152	
1069	-7.798830	-6.135848	
1070	-8.757977	-5.932932	
1071	-9.695702	-5.712932	
1072	-10.604974	-5.479775	
1073	-11.478682	-5.239959	
1074	-12.310353	-5.001916	
1075	-13.093745	-4.775776	
1076	-13.821883	-4.572619	
1077	-14.486724	-4.402542	
1078	-15.080002	-4.272470	
1079	-15.594173	-4.184073	
1080	-16.022348	-4.132477	
1081	-16.358112	-4.108039	
1082	-16.596726	-4.100278	
1083	-16.736864	-4.099751	
1084	-16.780751	-4.097731	
1085	-16.733180	-4.087140	
1086	-16.601311	-4.064648	
1087	-16.394705	-4.032296	
1088	-16.124737	-3.997910	
1089	-15.804254	-3.972764	
1090	-15.447506	-3.967853	
1091	-15.069964	-3.991721	
1092	-14.688532	-4.049850	
1093	-14.321771	-4.146484	
1094	-13.989142	-4.288415	
1095	-13.709417	-4.485228	
1096	-13.498781	-4.743563	
1097	-13.368635	-5.061005	
1098	-13.323706	-5.423727	
1099	-13.360941	-5.806250	
1100	-13.469106	-6.173492	
1101	-13.630201	-6.487182	
1102	-13.823189	-6.714303	
1103	-14.028179	-6.832230	
1104	-14.229120	-6.829141	
1105	-14.414324	-6.703882	
1106	-14.575346	-6.466596	
1107	-14.705919	-6.135566	
1108	-14.801299	-5.730863	
1109	-14.857720	-5.270689	
1110	-14.872625	-4.771881	
1111	-14.844904	-4.251812	
1112	-14.774232	-3.728898	
1113	-14.661254	-3.220793	
1114	-14.509016	-2.742035	
1115	-14.323635	-2.303200	
1116	-14.113742	-1.911535	
1117	-13.889178	-1.571699	
1118	-13.659357	-1.286105	
1119	-13.432812	-1.055662	
1120	-13.217750	-0.880200	
1121	-13.021548	-0.757233	
1122	-12.849609	-0.681104	
1123	-12.705495	-0.644672	
1124	-12.591760	-0.640818	
1125	-12.510017	-0.661668	
1126	-12.460909	-0.697705	
1127	-12.444450	-0.737497	
1128	-12.459537	-0.768216	
1129	-12.502677	-0.778862	
1130	-12.567852	-0.763712	
1131	-12.648149	-0.722368	
1132	-12.737427	-0.658539	
1133	-12.830736	-0.578834	
1134	-12.924264	-0.490677	
1135	-13.015325	-0.400646	
1136	-13.102093	-0.313994	
1137	-13.183226	-0.234662	
1138	-13.257621	-0.164990	
1139	-13.324358	-0.105211	
1140	-13.383193	-0.054276	
1141	-13.435106	-0.012048	
1142	-13.481791	0.018889	
1143	-13.524308	0.032872	
1144	-13.562151	0.022097	
1145	-13.593223	-0.021609	
1146	-13.614918	-0.103956	
1147	-13.625710	-0.225108	
1148	-13.625888	-0.379710	
1149	-13.617333	-0.560403	
1150	-13.602708	-0.760308	
1151	-13.584175	-0.972411	
1152	-13.562840	-1.188354	
1153	-13.539136	-1.398970	
1154	-13.512733	-1.596451	
1155	-13.482135	-1.775963	
1156	-13.444787	-1.934714	
1157	-13.397219	-2.069722	
1158	-13.335680	-2.177163	
1159	-13.257577	-2.253790	
1160	-13.162446	-2.298792	
1161	-13.051930	-2.314722	
1162	-12.929439	-2.306512	
1163	-12.799765	-2.278690	
1164	-12.668343	-2.233184	
1165	-12.539719	-2.169885	
1166	-12.415730	-2.088871	
1167	-12.295143	-1.991042	
1168	-12.174753	-1.876958	
1169	-12.050685	-1.747047	
1170	-11.920147	-1.603422	
1171	-11.782764	-1.450045	
1172	-11.640230	-1.290549	
1173	-11.495520	-1.127127	
1174	-11.352300	-0.962216	
1175	-11.213811	-0.800491	
1176	-11.081720	-0.648608	
1177	-10.956161	-0.512765	
1178	-10.836634	-0.396274	
1179	-10.722714	-0.299629	
1180	-10.614687	-0.222578	
1181	-10.513891	-0.165337	
1182	-10.421874	-0.128083	
1183	-10.338982	-0.110088	
1184	-10.263525	-0.109456	
1185	-10.191684	-0.123421	
1186	-10.118397	-0.148549	
1187	-10.039153	-0.179993	
1188	-9.951724	-0.209782	
1189	-9.857112	-0.226807	
1190	-9.759091	-0.220613	
1191	-9.662142	-0.186551	
1192	-9.569925	-0.128041	
1193	-9.485650	-0.053985	
1194	-9.412366	0.026525	
1195	-9.351722	0.107115	
1196	-9.303198	0.182764	
1197	-9.264780	0.247714	
1198	-9.233481	0.296074	
1199	-9.205713	0.325569	
1200	-9.177787	0.342283	
1201	-9.145450	0.361336	
1202	-9.103655	0.401357	
1203	-9.047190	0.478385	
1204	-8.970648	0.603145	
1205	-8.869300	0.778908	
1206	-8.742437	0.998789	
1207	-8.595629	1.244439	
1208	-8.439054	1.488060	
1209	-8.283110	1.700146	
1210	-8.134028	1.860648	
1211	-7.992710	1.964533	
1212	-7.857444	2.018267	
1213	-7.727270	2.033474	
1214	-7.603158	2.022066	
1215	-7.487387	1.992777	
1216	-7.382616	1.950045	
1217	-7.290185	1.895832	
1218	-7.207812	1.832341	
1219	-7.129762	1.763010	
1220	-7.049741	1.691115	
1221	-6.963311	1.617745	
1222	-6.868670	1.541527	
1223	-6.765633	1.459828	
1224	-6.653928	1.369014	
1225	-6.533254	1.264370	
1226	-6.404211	1.141985	
1227	-6.268238	1.001569	
1228	-6.126906	0.848078	
1229	-5.981076	0.691092	
1230	-5.830572	0.541057	
1231	-5.674190	0.405766	
1232	-5.509326	0.290895	
1233	-5.332613	0.200376	
1234	-5.141491	0.133680	
1235	-4.934174	0.085186	
1236	-4.708482	0.047970	
1237	-4.462335	0.018223	
1238	-4.195187	-0.002254	
1239	-3.908059	-0.006890	
1240	-3.602828	0.010108	
1241	-3.281974	0.048536	
1242	-2.948136	0.103709	
1243	-2.603103	0.171105	
1244	-2.247101	0.247521	
1245	-1.879191	0.329038	
1246	-1.498160	0.410152	
1247	-1.103113	0.485541	
1248	-0.693560	0.551567	
1249	-0.268752	0.606054	
1250	0.173088	0.647602	
1251	0.634471	0.675842	
1252	1.117126	0.692576	
1253	1.620357	0.702002	
1254	2.141181	0.709050	
1255	2.676657	0.717117	
1256	3.225626	0.726890	
1257	3.788110	0.736553	
1258	4.364353	0.742509	
1259	4.954823	0.740105	
1260	5.560512	0.723532	
1261	6.183502	0.684044	
1262	6.827471	0.608887	
1263	7.496317	0.485627	
1264	8.191543	0.310281	
1265	8.912284	0.090164	
1266	9.658016	-0.160797	
1267	10.429958	-0.427030	
1268	11.230427	-0.693488	
1269	12.062471	-0.947208	
1270	12.929861	-1.179734	
1271	13.836429	-1.389347	
1272	14.785572	-1.579808	
1273	15.780501	-1.755819	
1274	16.823840	-1.919684	
1275	17.915900	-2.070404	
1276	19.053343	-2.203859	
1277	20.229784	-2.314541	
1278	21.437359	-2.398563	
1279	22.668015	-2.456212	
1280	23.914116	-2.491993	
1281	25.168056	-2.511613	
1282	26.421831	-2.518922	
1283	27.667365	-2.514563	
1284	28.896866	-2.495640	
1285	30.103510	-2.455964	
1286	31.282552	-2.386000	
1287	32.431263	-2.274374	
1288	33.548054	-2.113322	
1289	34.632213	-1.903516	
1290	35.683049	-1.652656	
1291	36.697814	-1.370282	
1292	37.670640	-1.064060	
1293	38.593355	-0.739348	
1294	39.457666	-0.401368	
1295	40.258373	-0.057908	
1296	40.995304	0.279125	
1297	41.673694	0.593806	
1298	42.304836	0.868350	
1299	42.904544	1.086829	
1300	43.488726	1.237387	
1301	44.070689	1.311956	
1302	44.662210	1.306761	
1303	45.277955	1.224514	
1304	45.941437	1.076572	
1305	46.684311	0.882573	
1306	47.536356	0.663965	
1307	48.517126	0.433696	
1308	49.632460	0.189203	
1309	50.868179	-0.085366	
1310	52.171962	-0.405949	
1311	53.425279	-0.771120	
1312	54.450107	-1.150568	
1313	55.080371	-1.489547	
1314	55.235073	-1.733524	
1315	54.932875	-1.858846	
1316	54.268863	-1.884014	
1317	53.385611	-1.851731	
1318	52.437184	-1.801579	
1319	51.546253	-1.756460	
1320	50.779234	-1.724676	
1321	50.151528	-1.707279	
1322	49.646649	-1.703110	
1323	49.234096	-1.710517	
1324	48.881315	-1.728370	
1325	48.558582	-1.757919	
1326	48.239043	-1.804886	
1327	47.897816	-1.879906	
1328	47.512119	-1.996082	
1329	47.062746	-2.165320	
1330	46.535733	-2.395305	
1331	45.923341	-2.686994	
1332	45.222653	-3.033780	
1333	44.432599	-3.423427	
1334	43.557559	-3.840796	
1335	42.614864	-4.269937	
1336	41.634626	-4.697127	
1337	40.651929	-5.115099	
1338	39.695499	-5.524611	
1339	38.779218	-5.930980	
1340	37.902857	-6.339092	
1341	37.058214	-6.750441	
1342	36.234445	-7.162903	
1343	35.421170	-7.572929	
1344	34.610134	-7.977716	
1345	33.795753	-8.375538	
1346	32.974984	-8.765334	
1347	32.147166	-9.146361	
1348	31.313574	-9.517631	
1349	30.476673	-9.877482	
1350	29.639633	-10.223888	
1351	28.805717	-10.554967	
1352	27.976625	-10.868682	
1353	27.150306	-11.162396	
1354	26.319501	-11.433506	
1355	25.470573	-11.680796	
1356	24.582061	-11.904894	
1357	23.628300	-12.106457	
1358	22.592347	-12.282726	
1359	21.476727	-12.425306	
1360	20.299538	-12.522420	
1361	19.082798	-12.564774	
1362	17.845708	-12.548626	
1363	16.604196	-12.473735	
1364	15.371818	-12.341041	
1365	14.159731	-12.153262	
1366	12.976143	-11.917114	
1367	11.826422	-11.643114	
1368	10.714478	-11.341286	
1369	9.643916	-11.017855	
1370	8.615347	-10.676921	
1371	7.619038	-10.324645	
1372	6.631714	-9.971179	
1373	5.626255	-9.628273	
1374	4.586813	-9.305380	
1375	3.512347	-9.007647	
1376	2.406556	-8.736203	
1377	1.271521	-8.490258	
1378	0.112604	-8.269775	
1379	-1.058471	-8.075644	
1380	-2.228440	-7.906786	
1381	-3.386273	-7.757136	
1382	-4.523163	-7.614263	
1383	-5.632494	-7.460294	
1384	-6.708573	-7.275807	
1385	-7.743809	-7.045041	
1386	-8.730082	-6.760607	
1387	-9.664855	-6.426877	
1388	-10.552444	-6.059456	
1389	-11.398194	-5.679901	
1390	-12.204160	-5.308887	
1391	-12.968544	-4.961337	
1392	-13.685756	-4.644964	
1393	-14.346747	-4.360676	
1394	-14.939562	-4.102648	
1395	-15.448896	-3.858570	
1396	-15.855011	-3.611197	
1397	-16.135694	-3.341985	
1398	-16.274051	-3.037855	
1399	-16.268327	-2.699200	
1400	-16.135403	-2.342923	
1401	-15.905041	-1.997289	
1402	-15.610730	-1.693736	
1403	-15.283724	-1.461773	
1404	-14.950333	-1.325920	
1405	-14.629647	-1.301825	
1406	-14.332761	-1.393664	
1407	-14.064518	-1.593895	
1408	-13.825645	-1.883026	
1409	-13.616179	-2.231402	
1410	-13.441476	-2.605408	
1411	-13.313034	-2.972306	
1412	-13.238341	-3.299793	
1413	-13.211552	-3.555921	
1414	-13.215738	-3.712328	
1415	-13.230326	-3.748179	
1416	-13.236580	-3.656312	
1417	-13.221326	-3.450804	
1418	-13.178946	-3.165752	
1419	-13.109761	-2.841887	
1420	-13.015524	-2.513490	
1421	-12.896517	-2.205077	
1422	-12.752740	-1.934128	
1423	-12.586855	-1.713633	
1424	-12.404808	-1.551320	
1425	-12.213251	-1.445930	
1426	-12.018154	-1.385242	
1427	-11.826611	-1.349542	
1428	-11.646327	-1.318398	
1429	-11.481249	-1.275804	
1430	-11.331266	-1.211794	
1431	-11.196616	-1.121601	
1432	-11.080295	-1.003655	
1433	-10.989358	-0.857684	
1434	-10.933707	-0.682976	
1435	-10.917960	-0.476477	
1436	-10.935640	-0.232486	
1437	-10.975886	0.052989	
1438	-11.034149	0.375275	
1439	-11.113337	0.719600	
1440	-11.216569	1.066230	
1441	-11.340963	1.395662	
1442	-11.477062	1.691937	
1443	-11.612826	1.944355	
1444	-11.738781	2.146625	
1445	-11.851362	2.294854	
1446	-11.952317	2.386143	
1447	-12.044519	2.418018	
1448	-12.128671	2.388980	
1449	-12.203643	2.300395	
1450	-12.268083	2.158490	
1451	-12.321142	1.974268	
1452	-12.362454	1.761198	
1453	-12.391417	1.532976	
1454	-12.406284	1.302444	
1455	-12.404215	1.080594	
1456	-12.382428	0.875250	
1457	-12.339758	0.690541	
1458	-12.276803	0.528817	
1459	-12.193935	0.393756	
1460	-12.090268	0.290676	
1461	-11.964908	0.223517	
1462	-11.817150	0.192400	
1463	-11.644994	0.194250	
1464	-11.446038	0.224446	
1465	-11.221851	0.277040	
1466	-10.980475	0.344729	
1467	-10.732852	0.420421	
1468	-10.487741	0.498999	
1469	-10.250659	0.576896	
1470	-10.024219	0.650503	
1471	-9.807166	0.716245	
1472	-9.594306	0.772166	
1473	-9.378599	0.818754	
1474	-9.155417	0.858506	
1475	-8.928206	0.895213	
1476	-8.711454	0.933326	
1477	-8.526225	0.976854	
1478	-8.386637	1.027718	
1479	-8.286660	1.084311	
1480	-8.202169	1.140287	
1481	-8.105230	1.183618	
1482	-7.976141	1.198116	
1483	-7.807312	1.169523	
1484	-7.600881	1.094272	
1485	-7.365578	0.983846	
1486	-7.114166	0.859009	
1487	-6.859274	0.739766	
1488	-6.611229	0.641052	
1489	-6.377774	0.571585	
1490	-6.160675	0.530121	
1491	-5.954766	0.506364	
1492	-5.753724	0.489603	
1493	-5.554315	0.474327	
1494	-5.354764	0.459436	
1495	-5.151372	0.445858	
1496	-4.938686	0.435106	
1497	-4.713096	0.429541	
1498	-4.473576	0.431234	
1499	-4.218975	0.438576	
1500	-3.946983	0.445501	
1501	-3.656092	0.443469	
1502	-3.348166	0.422356	
1503	-3.028285	0.370906	
1504	-2.701620	0.276914	
1505	-2.370240	0.123567	
1506	-2.031456	-0.115687	
1507	-1.679491	-0.476344	
1508	-1.309359	-0.997316	
1509	-0.917285	-1.716853	
1510	-0.498528	-2.668152	
1511	-0.048244	-3.871959	
1512	0.435520	-5.331687	
1513	0.950437	-7.035199	
1514	1.489950	-8.959493	
1515	2.043394	-11.074236	
1516	2.596278	-13.344239	
1517	3.131107	-15.731890	
1518	3.628722	-18.199830	
1519	4.069850	-20.713703	
1520	4.436375	-23.244421	
1521	4.712029	-25.769366	
1522	4.882444	-28.272266	
1523	4.934833	-30.741881	
1524	4.857710	-33.169962	
1525	4.641005	-35.548983	
1526	4.276802	-37.870122	
1527	3.760694	-40.121862	
1528	3.093555	-42.289452	
1529	2.283274	-44.355346	
1530	1.346037	-46.300493	
1531	0.306935	-48.106028	
1532	-0.799688	-49.754621	
1533	-1.929262	-51.230698	
1534	-3.024788	-52.519108	
1535	-4.014565	-53.602760	
1536	-4.814089	-54.461351	
1537	-5.338118	-55.074519	
1538	-5.523059	-55.430444	
1539	-5.347674	-55.534785	
1540	-4.837922	-55.412864	
1541	-4.054409	-55.103713	
1542	-3.072050	-54.650630	
1543	-1.962357	-54.093515	
1544	-0.783409	-53.465112	
1545	0.423037	-52.790282	
1546	1.630100	-52.086772	
1547	2.822506	-51.366438	
1548	3.993148	-50.636490	
1549	5.140171	-49.900589	
1550	6.264779	-49.159818	
1551	7.369693	-48.413498	
1552	8.458115	-47.659873	
1553	9.533073	-46.896651	
1554	10.597048	-46.121405	
1555	11.651782	-45.331852	
1556	12.698222	-44.526023	
1557	13.736552	-43.702351	
1558	14.766275	-42.859689	
1559	15.786323	-41.997301	
1560	16.795180	-41.114813	
1561	17.791011	-40.212159	
1562	18.771771	-39.289523	
1563	19.735314	-38.347279	
1564	20.679486	-37.385944	
1565	21.602193	-36.406125	
1566	22.501466	-35.408478	
1567	23.375497	-34.393671	
1568	24.222668	-33.362350	
1569	25.041560	-32.315101	
1570	25.830944	-31.252421	
1571	26.589766	-30.174689	
1572	27.317111	-29.082141	
1573	28.012159	-27.974855	
1574	28.674134	-26.852745	
1575	29.302246	-25.715582	
1576	29.895634	-24.563030	
1577	30.453323	-23.394718	
1578	30.974189	-22.210335	
1579	31.456963	-21.009745	
1580	31.900263	-19.793091	
1581	32.302675	-18.560876	
1582	32.662885	-17.313950	
1583	32.979852	-16.053392	
1584	33.253032	-14.780247	
1585	33.482649	-13.495161	
1586	33.670060	-12.198044	
1587	33.818296	-10.888025	
1588	33.932991	-9.564177	
1589	34.024045	-8.227542	
1590	34.108329	-6.884601	
1591	34.213114	-5.550996	
1592	34.378542	-4.252410	
1593	34.656090	-3.019330	
1594	35.100663	-1.876648	
1595	35.756298	-0.834499	
1596	36.635089	0.112886	
1597	36.079071	-0.280817	
1598	36.475887	0.238147	
1599	36.798971	0.797799	
1600	NaN	NaN	
1601	NaN	NaN	
1602	NaN	NaN	
1603	NaN	NaN	
1604	NaN	NaN	
1605	NaN	NaN	
1606	NaN	NaN	
1607	NaN	NaN	
1608	NaN	NaN	
1609	NaN	NaN	
1610	NaN	NaN	
1611	NaN	NaN	
1612	NaN	NaN	
1613	NaN	NaN	
1614	NaN	NaN	
1615	NaN	NaN	
1616	NaN	NaN	
1617	NaN	NaN	
1618	NaN	NaN	
1619	NaN	NaN	
1620	NaN	NaN	
1621	NaN	NaN	
1622	NaN	NaN	
1623	NaN	NaN	
1624	NaN	NaN	
1625	NaN	NaN	
1626	NaN	NaN	
1627	NaN	NaN	
1628	NaN	NaN	
1629	NaN	NaN	
1630	NaN	NaN	
1631	NaN	NaN	
1632	NaN	NaN	
1633	NaN	NaN	
1634	NaN	NaN	
1635	NaN	NaN	
1636	NaN	NaN	
1637	NaN	NaN	
1638	NaN	NaN	
1639	NaN	NaN	
1640	NaN	NaN	
1641	NaN	NaN	
1642	NaN	NaN	
1643	NaN	NaN	
1644	NaN	NaN	
1645	NaN	NaN	
1646	NaN	NaN	
1647	NaN	NaN	
1648	NaN	NaN	
1649	NaN	NaN	
1650	NaN	NaN	
1651	NaN	NaN	
1652	NaN	NaN	
1653	NaN	NaN	
1654	NaN	NaN	
1655	NaN	NaN	
1656	NaN	NaN	
1657	NaN	NaN	
1658	NaN	NaN	
1659	NaN	NaN	
1660	NaN	NaN	
1661	NaN	NaN	
1662	NaN	NaN	
1663	NaN	NaN	
1664	NaN	NaN	
1665	NaN	NaN	
1666	NaN	NaN	
1667	NaN	NaN	
1668	NaN	NaN	
1669	NaN	NaN	
1670	NaN	NaN	
1671	NaN	NaN	
1672	NaN	NaN	
1673	NaN	NaN	
1674	NaN	NaN	
1675	NaN	NaN	
1676	NaN	NaN	
1677	NaN	NaN	
1678	NaN	NaN	
1679	NaN	NaN	
1680	NaN	NaN	
1681	NaN	NaN	
1682	NaN	NaN	
1683	NaN	NaN	
1684	NaN	NaN	
1685	NaN	NaN	
1686	NaN	NaN	
1687	NaN	NaN	
1688	NaN	NaN	
1689	NaN	NaN	
1690	NaN	NaN	
1691	NaN	NaN	
1692	NaN	NaN	
1693	NaN	NaN	
1694	NaN	NaN	
1695	NaN	NaN	
1696	NaN	NaN	
1697	NaN	NaN	
1698	NaN	NaN	
1699	NaN	NaN	
1700	NaN	NaN	
1701	NaN	NaN	
1702	NaN	NaN	
1703	NaN	NaN	
1704	NaN	NaN	
1705	NaN	NaN	
1706	NaN	NaN	
1707	NaN	NaN	
1708	NaN	NaN	
1709	NaN	NaN	
1710	NaN	NaN	
1711	NaN	NaN	
1712	NaN	NaN	
