Athlete_Engineering	// User ID
11-2-2021	// Evaluation date
P005_WALK4	24-1-2021	15:48:53:037	// Source file name and timestamp
250.000	// Sampling rate
5.128	// Data capture period



Sample #	Right_Leg_Flexion	Right_Leg_Abduction	
0	-10.958323	-2.824035	
1	-10.932706	-2.880502	
2	-10.916243	-2.948928	
3	-10.914906	-3.038634	
4	-10.930125	-3.150314	
5	-10.958974	-3.275161	
6	-10.996905	-3.401747	
7	-11.039645	-3.520621	
8	-11.083415	-3.625151	
9	-11.124938	-3.711107	
10	-11.162098	-3.776428	
11	-11.194029	-3.821151	
12	-11.219911	-3.847136	
13	-11.238273	-3.858137	
14	-11.247923	-3.859745	
15	-11.248878	-3.858204	
16	-11.242252	-3.858689	
17	-11.230111	-3.864933	
18	-11.215519	-3.880846	
19	-11.201802	-3.911892	
20	-11.191152	-3.964134	
21	-11.183662	-4.041496	
22	-11.177549	-4.143505	
23	-11.170213	-4.265210	
24	-11.159597	-4.399090	
25	-11.145501	-4.537326	
26	-11.130048	-4.672539	
27	-11.116859	-4.796328	
28	-11.108971	-4.896987	
29	-11.106849	-4.959585	
30	-11.108780	-4.969379	
31	-11.113169	-4.914817	
32	-11.120242	-4.789032	
33	-11.132431	-4.592421	
34	-11.153669	-4.334214	
35	-11.187213	-4.030332	
36	-11.232689	-3.700794	
37	-11.284275	-3.371193	
38	-11.331655	-3.075029	
39	-11.364034	-2.845916	
40	-11.374859	-2.699991	
41	-11.363603	-2.626734	
42	-11.333310	-2.600760	
43	-11.287036	-2.601446	
44	-11.227708	-2.617345	
45	-11.160112	-2.638773	
46	-11.090847	-2.657185	
47	-11.026666	-2.669098	
48	-10.973153	-2.675245	
49	-10.933907	-2.677345	
50	-10.910273	-2.675994	
51	-10.901480	-2.669986	
52	-10.904810	-2.656915	
53	-10.915873	-2.633723	
54	-10.929691	-2.596511	
55	-10.942524	-2.540516	
56	-10.952783	-2.460664	
57	-10.960254	-2.352087	
58	-10.965086	-2.211331	
59	-10.967734	-2.039082	
60	-10.969128	-1.842232	
61	-10.970461	-1.634131	
62	-10.972794	-1.434031	
63	-10.976572	-1.263863	
64	-10.981282	-1.141422	
65	-10.985636	-1.075032	
66	-10.987900	-1.062705	
67	-10.986071	-1.094097	
68	-10.978152	-1.154962	
69	-10.962811	-1.232993	
70	-10.940428	-1.321925	
71	-10.913569	-1.421966	
72	-10.886029	-1.536867	
73	-10.861309	-1.670095	
74	-10.841551	-1.822315	
75	-10.827240	-1.990694	
76	-10.817819	-2.168346	
77	-10.812643	-2.341882	
78	-10.811824	-2.489698	
79	-10.817110	-2.584174	
80	-10.831780	-2.596507	
81	-10.858725	-2.505489	
82	-10.898529	-2.309176	
83	-10.948800	-2.029602	
84	-11.003919	-1.706904	
85	-11.055227	-1.389467	
86	-11.093116	-1.121559	
87	-11.111364	-0.927579	
88	-11.109934	-0.805588	
89	-11.092965	-0.738818	
90	-11.065443	-0.708431	
91	-11.031820	-0.696364	
92	-10.995113	-0.689274	
93	-10.956038	-0.685987	
94	-10.913662	-0.696743	
95	-10.867214	-0.733261	
96	-10.817120	-0.801444	
97	-10.765034	-0.900514	
98	-10.713659	-1.022964	
99	-10.666380	-1.154175	
100	-10.626952	-1.274196	
101	-10.599347	-1.362514	
102	-10.587041	-1.404674	
103	-10.591958	-1.397614	
104	-10.613832	-1.351364	
105	-10.649844	-1.286565	
106	-10.695131	-1.227112	
107	-10.744461	-1.190920	
108	-10.793398	-1.185716	
109	-10.838110	-1.210150	
110	-10.874830	-1.255470	
111	-10.900339	-1.308281	
112	-10.913649	-1.356449	
113	-10.916947	-1.394623	
114	-10.914023	-1.424566	
115	-10.907995	-1.451785	
116	-10.901178	-1.483051	
117	-10.895925	-1.524986	
118	-10.894153	-1.581987	
119	-10.896473	-1.654274	
120	-10.902069	-1.736838	
121	-10.909167	-1.819339	
122	-10.916100	-1.887918	
123	-10.922075	-1.928347	
124	-10.926697	-1.931449	
125	-10.929124	-1.900038	
126	-10.927900	-1.848289	
127	-10.921409	-1.792678	
128	-10.908394	-1.745362	
129	-10.888218	-1.713264	
130	-10.860970	-1.699243	
131	-10.827485	-1.704055	
132	-10.789447	-1.728044	
133	-10.749357	-1.770226	
134	-10.709993	-1.825583	
135	-10.673464	-1.884479	
136	-10.640200	-1.934985	
137	-10.608644	-1.965975	
138	-10.575997	-1.970295	
139	-10.539323	-1.947148	
140	-10.496333	-1.901183	
141	-10.445568	-1.838222	
142	-10.386139	-1.761345	
143	-10.317998	-1.670978	
144	-10.242781	-1.568406	
145	-10.163854	-1.458625	
146	-10.085236	-1.350796	
147	-10.010094	-1.256865	
148	-9.939295	-1.189270	
149	-9.870636	-1.159658	
150	-9.799695	-1.178493	
151	-9.722494	-1.254267	
152	-9.638139	-1.392813	
153	-9.549195	-1.596442	
154	-9.460002	-1.861432	
155	-9.375696	-2.168680	
156	-9.302488	-2.471248	
157	-9.245144	-2.707258	
158	-9.202444	-2.839563	
159	-9.166821	-2.873577	
160	-9.128027	-2.838634	
161	-9.076604	-2.766913	
162	-9.005868	-2.685109	
163	-8.913134	-2.611509	
164	-8.800090	-2.556675	
165	-8.671448	-2.527392	
166	-8.532571	-2.529398	
167	-8.387578	-2.567446	
168	-8.238342	-2.643311	
169	-8.084417	-2.752730	
170	-7.923988	-2.884848	
171	-7.755438	-3.023901	
172	-7.579132	-3.147765	
173	-7.398502	-3.225703	
174	-7.218825	-3.226321	
175	-7.044578	-3.132967	
176	-6.877509	-2.948582	
177	-6.715360	-2.688666	
178	-6.551977	-2.375454	
179	-6.379619	-2.034038	
180	-6.190592	-1.688895	
181	-5.976879	-1.365227	
182	-5.730504	-1.090162	
183	-5.446071	-0.885591	
184	-5.123234	-0.759152	
185	-4.766193	-0.704146	
186	-4.381072	-0.706215	
187	-3.974089	-0.750048	
188	-3.550726	-0.824103	
189	-3.114809	-0.922388	
190	-2.668463	-1.042273	
191	-2.213287	-1.180051	
192	-1.750741	-1.328491	
193	-1.281751	-1.477664	
194	-0.806945	-1.616875	
195	-0.326330	-1.737574	
196	0.162394	-1.836373	
197	0.664917	-1.914208	
198	1.189146	-1.973016	
199	1.741948	-2.015112	
200	2.326075	-2.043802	
201	2.939555	-2.062564	
202	3.577047	-2.074717	
203	4.232231	-2.083981	
204	4.900242	-2.095121	
205	5.578389	-2.113836	
206	6.265096	-2.144239	
207	6.958831	-2.187628	
208	7.658152	-2.245527	
209	8.362199	-2.322282	
210	9.070527	-2.425235	
211	9.782910	-2.564608	
212	10.500369	-2.751718	
213	11.226256	-2.993473	
214	11.964529	-3.286871	
215	12.715748	-3.618823	
216	13.474771	-3.969307	
217	14.230905	-4.313984	
218	14.969926	-4.627066	
219	15.679162	-4.884746	
220	16.353556	-5.067486	
221	16.997062	-5.161658	
222	17.617522	-5.163343	
223	18.220376	-5.082161	
224	18.807232	-4.938913	
225	19.378151	-4.758766	
226	19.933220	-4.565918	
227	20.472837	-4.379868	
228	20.998367	-4.212742	
229	21.512518	-4.068753	
230	22.018077	-3.945481	
231	22.516254	-3.837071	
232	23.006649	-3.738193	
233	23.488059	-3.646008	
234	23.958420	-3.560350	
235	24.414106	-3.482922	
236	24.850023	-3.414740	
237	25.261027	-3.352987	
238	25.643169	-3.290385	
239	25.993596	-3.218032	
240	26.309963	-3.129115	
241	26.590150	-3.020290	
242	26.832714	-2.890437	
243	27.037952	-2.739825	
244	27.207927	-2.571148	
245	27.344944	-2.389407	
246	27.450671	-2.199566	
247	27.526619	-2.005034	
248	27.574154	-1.808045	
249	27.593610	-1.610574	
250	27.584083	-1.415749	
251	27.544113	-1.229959	
252	27.471940	-1.064419	
253	27.365103	-0.934625	
254	27.220576	-0.857771	
255	27.036358	-0.849162	
256	26.813996	-0.918149	
257	26.559961	-1.064710	
258	26.284074	-1.278701	
259	25.995600	-1.543875	
260	25.698383	-1.845848	
261	25.388256	-2.176799	
262	25.056303	-2.531915	
263	24.694403	-2.904141	
264	24.297829	-3.285216	
265	23.866341	-3.668461	
266	23.404802	-4.046322	
267	22.920408	-4.405864	
268	22.418085	-4.728093	
269	21.899655	-4.994304	
270	21.366247	-5.196378	
271	20.819008	-5.341119	
272	20.257694	-5.446405	
273	19.680475	-5.536079	
274	19.085868	-5.635732	
275	18.474549	-5.766413	
276	17.849674	-5.937644	
277	17.216165	-6.144417	
278	16.579432	-6.370047	
279	15.944050	-6.595217	
280	15.313459	-6.808148	
281	14.690490	-7.006914	
282	14.077901	-7.194765	
283	13.478309	-7.376614	
284	12.892835	-7.560118	
285	12.319190	-7.757102	
286	11.751315	-7.977086	
287	11.180209	-8.212303	
288	10.592984	-8.424392	
289	9.974104	-8.553729	
290	9.316193	-8.562941	
291	8.628774	-8.467412	
292	7.930542	-8.312380	
293	7.237227	-8.140381	
294	6.558236	-7.980260	
295	5.898017	-7.844650	
296	5.257849	-7.733651	
297	4.638038	-7.643277	
298	4.039615	-7.571413	
299	3.463961	-7.519004	
300	2.910363	-7.486541	
301	2.373276	-7.468924	
302	1.842321	-7.454315	
303	1.305866	-7.428251	
304	0.754965	-7.377652	
305	0.184728	-7.291581	
306	-0.406667	-7.163167	
307	-1.019271	-6.992771	
308	-1.651962	-6.786523	
309	-2.302399	-6.552044	
310	-2.965931	-6.297513	
311	-3.633176	-6.034713	
312	-4.286895	-5.784063	
313	-4.904721	-5.571682	
314	-5.473203	-5.409286	
315	-5.997782	-5.280137	
316	-6.494971	-5.153286	
317	-6.980637	-5.003780	
318	-7.465870	-4.817803	
319	-7.956336	-4.590326	
320	-8.453077	-4.322175	
321	-8.953968	-4.018956	
322	-9.454753	-3.692313	
323	-9.950364	-3.359976	
324	-10.436214	-3.042238	
325	-10.909190	-2.755710	
326	-11.368269	-2.509045	
327	-11.814230	-2.303266	
328	-12.248872	-2.133741	
329	-12.673452	-1.992774	
330	-13.086922	-1.873440	
331	-13.486349	-1.771907	
332	-13.868345	-1.686610	
333	-14.229330	-1.616096	
334	-14.565370	-1.557837	
335	-14.871370	-1.509660	
336	-15.139633	-1.472232	
337	-15.360299	-1.447422	
338	-15.524397	-1.432217	
339	-15.627370	-1.416278	
340	-15.671136	-1.387954	
341	-15.662997	-1.342772	
342	-15.612575	-1.287691	
343	-15.531142	-1.239464	
344	-15.433228	-1.219527	
345	-15.336307	-1.250507	
346	-15.257499	-1.353210	
347	-15.209367	-1.539902	
348	-15.196944	-1.807657	
349	-15.217154	-2.136856	
350	-15.260808	-2.494159	
351	-15.316019	-2.839794	
352	-15.370736	-3.140157	
353	-15.414432	-3.378881	
354	-15.439981	-3.555893	
355	-15.444514	-3.676333	
356	-15.428466	-3.742599	
357	-15.393808	-3.755097	
358	-15.342515	-3.715041	
359	-15.275433	-3.625646	
360	-15.192101	-3.493657	
361	-15.091977	-3.329491	
362	-14.975618	-3.144177	
363	-14.845106	-2.946277	
364	-14.704629	-2.741229	
365	-14.560783	-2.531912	
366	-14.421077	-2.319860	
367	-14.291473	-2.106558	
368	-14.175617	-1.893006	
369	-14.075805	-1.679028	
370	-13.993840	-1.464332	
371	-13.930814	-1.250257	
372	-13.886059	-1.040053	
373	-13.856833	-0.836137	
374	-13.839517	-0.637590	
375	-13.831430	-0.441170	
376	-13.831811	-0.243044	
377	-13.840902	-0.039549	
378	-13.858117	0.171236	
379	-13.881210	0.387751	
380	-13.906676	0.605069	
381	-13.930763	0.815844	
382	-13.950612	1.009888	
383	-13.965097	1.173911	
384	-13.975037	1.295186	
385	-13.982252	1.367154	
386	-13.988031	1.390845	
387	-13.993164	1.373736	
388	-13.999232	1.328287	
389	-14.008693	1.265614	
390	-14.023420	1.188140	
391	-14.042895	1.090963	
392	-14.064215	0.970589	
393	-14.084391	0.830021	
394	-14.101375	0.675691	
395	-14.113206	0.514821	
396	-14.117655	0.356691	
397	-14.111934	0.211813	
398	-14.091909	0.088769	
399	-14.051596	-0.010256	
400	-13.983996	-0.096005	
401	-13.884769	-0.193352	
402	-13.756452	-0.331353	
403	-13.609203	-0.530075	
404	-13.458135	-0.792869	
405	-13.318743	-1.105219	
406	-13.204620	-1.440245	
407	-13.130031	-1.766708	
408	-13.111641	-2.050293	
409	-13.165210	-2.251290	
410	-13.298359	-2.331921	
411	-13.500160	-2.274028	
412	-13.730389	-2.094062	
413	-13.920114	-1.839338	
414	-13.996583	-1.566266	
415	-13.921515	-1.319546	
416	-13.710063	-1.122549	
417	-13.413696	-0.979767	
418	-13.087267	-0.885429	
419	-12.770462	-0.826351	
420	-12.486851	-0.780121	
421	-12.246789	-0.720448	
422	-12.050480	-0.629016	
423	-11.892474	-0.501306	
424	-11.765090	-0.342043	
425	-11.660158	-0.157705	
426	-11.570332	0.046915	
427	-11.489314	0.266319	
428	-11.410924	0.489657	
429	-11.328977	0.700618	
430	-11.238640	0.882262	
431	-11.138043	1.022890	
432	-11.028807	1.121164	
433	-10.914892	1.186243	
434	-10.800735	1.231964	
435	-10.690032	1.270152	
436	-10.584872	1.304911	
437	-10.484884	1.330399	
438	-10.387068	1.335750	
439	-10.286789	1.313289	
440	-10.179696	1.262986	
441	-10.063606	1.191085	
442	-9.939089	1.106372	
443	-9.808611	1.018008	
444	-9.675235	0.934287	
445	-9.541573	0.860847	
446	-9.409106	0.799693	
447	-9.278268	0.749991	
448	-9.149384	0.710373	
449	-9.022940	0.681957	
450	-8.898829	0.670161	
451	-8.776239	0.681829	
452	-8.653992	0.718553	
453	-8.530562	0.773743	
454	-8.404523	0.835738	
455	-8.275173	0.891917	
456	-8.142821	0.932675	
457	-8.009321	0.957121	
458	-7.878167	0.973988	
459	-7.752866	0.992599	
460	-7.634167	1.014474	
461	-7.518765	1.034317	
462	-7.401607	1.045585	
463	-7.279454	1.046255	
464	-7.152322	1.043502	
465	-7.022800	1.052245	
466	-6.893876	1.084631	
467	-6.766736	1.139383	
468	-6.640668	1.202261	
469	-6.514777	1.255533	
470	-6.389476	1.286920	
471	-6.266321	1.292965	
472	-6.146624	1.276169	
473	-6.030517	1.239620	
474	-5.917292	1.185273	
475	-5.806503	1.116807	
476	-5.698513	1.041873	
477	-5.593800	0.970298	
478	-5.492139	0.910622	
479	-5.392319	0.867820	
480	-5.292316	0.842813	
481	-5.190025	0.834593	
482	-5.084011	0.843543	
483	-4.973926	0.872660	
484	-4.860882	0.926745	
485	-4.747155	1.010233	
486	-4.634428	1.123432	
487	-4.522740	1.261421	
488	-4.412135	1.417886	
489	-4.303989	1.587452	
490	-4.199567	1.762564	
491	-4.098396	1.930017	
492	-3.998636	2.073323	
493	-3.898415	2.180929	
494	-3.796583	2.252129	
495	-3.692214	2.294290	
496	-3.583611	2.316872	
497	-3.468421	2.328943	
498	-3.344860	2.338512	
499	-3.212337	2.350381	
500	-3.071303	2.365175	
501	-2.923285	2.383110	
502	-2.770323	2.406917	
503	-2.613731	2.438513	
504	-2.453442	2.475218	
505	-2.287742	2.510664	
506	-2.113505	2.539270	
507	-1.927419	2.559721	
508	-1.727561	2.573156	
509	-1.514449	2.580741	
510	-1.290680	2.585436	
511	-1.059657	2.591911	
512	-0.824426	2.602451	
513	-0.586535	2.615307	
514	-0.345574	2.626594	
515	-0.099912	2.632769	
516	0.152013	2.632708	
517	0.410680	2.628683	
518	0.675318	2.626262	
519	0.944162	2.632972	
520	1.214794	2.656021	
521	1.484876	2.700878	
522	1.752932	2.769515	
523	2.019166	2.856495	
524	2.286236	2.947559	
525	2.558920	3.024835	
526	2.843114	3.071619	
527	3.145570	3.070574	
528	3.473261	3.003577	
529	3.830349	2.862112	
530	4.214955	2.659845	
531	4.620805	2.429291	
532	5.042632	2.203407	
533	5.478908	2.002787	
534	5.930843	1.836136	
535	6.401381	1.704313	
536	6.894743	1.601938	
537	7.415220	1.519012	
538	7.965895	1.445311	
539	8.548119	1.375716	
540	9.161446	1.312732	
541	9.804278	1.262887	
542	10.475514	1.227032	
543	11.175932	1.193368	
544	11.908422	1.141087	
545	12.677642	1.048822	
546	13.488995	0.901333	
547	14.346637	0.697433	
548	15.251873	0.454153	
549	16.202807	0.197633	
550	17.194573	-0.049644	
551	18.220335	-0.272566	
552	19.272974	-0.462220	
553	20.345972	-0.615538	
554	21.433954	-0.734258	
555	22.533748	-0.822047	
556	23.644037	-0.881331	
557	24.762861	-0.912623	
558	25.885869	-0.916772	
559	27.006617	-0.896126	
560	28.117144	-0.852328	
561	29.208153	-0.784467	
562	30.270214	-0.691145	
563	31.295594	-0.573531	
564	32.279075	-0.435907	
565	33.218888	-0.286061	
566	34.117999	-0.135329	
567	34.983007	0.005726	
568	35.821099	0.132495	
569	36.638086	0.246189	
570	37.437805	0.350616	
571	38.222151	0.450431	
572	38.992028	0.550300	
573	39.748345	0.652846	
574	40.491685	0.756943	
575	41.221478	0.858643	
576	41.936075	0.952728	
577	42.633121	1.033147	
578	43.309239	1.094563	
579	43.959322	1.135232	
580	44.575960	1.157957	
581	45.149553	1.169240	
582	45.668951	1.179209	
583	46.123334	1.199554	
584	46.506794	1.237146	
585	46.822109	1.289718	
586	47.077554	1.350037	
587	47.279874	1.413846	
588	47.432875	1.481908	
589	47.541211	1.555281	
590	47.611585	1.631653	
591	47.650181	1.706705	
592	47.660308	1.776052	
593	47.641867	1.834433	
594	47.591917	1.875036	
595	47.506116	1.891789	
596	47.381043	1.883036	
597	47.215191	1.851930	
598	47.008445	1.801402	
599	46.762172	1.728297	
600	46.478476	1.623574	
601	46.158605	1.478190	
602	45.803410	1.287161	
603	45.414668	1.048488	
604	44.995313	0.761285	
605	44.548643	0.427061	
606	44.076468	0.052702	
607	43.577453	-0.348330	
608	43.047689	-0.759790	
609	42.483326	-1.170825	
610	41.882284	-1.579890	
611	41.242408	-1.988697	
612	40.557984	-2.392910	
613	39.820397	-2.779156	
614	39.024090	-3.129985	
615	38.171541	-3.432066	
616	37.273436	-3.682902	
617	36.345734	-3.891053	
618	35.404617	-4.069740	
619	34.460881	-4.232111	
620	33.517654	-4.391428	
621	32.572813	-4.561209	
622	31.623543	-4.752271	
623	30.669009	-4.969733	
624	29.709484	-5.213452	
625	28.744421	-5.480264	
626	27.771981	-5.765231	
627	26.789632	-6.061966	
628	25.795343	-6.362641	
629	24.788960	-6.657818	
630	23.771815	-6.936424	
631	22.744578	-7.185776	
632	21.706562	-7.391886	
633	20.657080	-7.540964	
634	19.597045	-7.622446	
635	18.529741	-7.631041	
636	17.459645	-7.565807	
637	16.390269	-7.429543	
638	15.322957	-7.230038	
639	14.257262	-6.980193	
640	13.192722	-6.695887	
641	12.129975	-6.393841	
642	11.069983	-6.090086	
643	10.013410	-5.797924	
644	8.961218	-5.526730	
645	7.915081	-5.281872	
646	6.877044	-5.065221	
647	5.848510	-4.875704	
648	4.829218	-4.709052	
649	3.817958	-4.559501	
650	2.814201	-4.422946	
651	1.818073	-4.296487	
652	0.829148	-4.175871	
653	-0.153548	-4.056587	
654	-1.129906	-3.938253	
655	-2.097445	-3.826342	
656	-3.052050	-3.727582	
657	-3.989928	-3.642607	
658	-4.909231	-3.561734	
659	-5.809985	-3.468363	
660	-6.691769	-3.351573	
661	-7.551853	-3.217888	
662	-8.386247	-3.088700	
663	-9.192184	-2.985868	
664	-9.969499	-2.919871	
665	-10.720835	-2.887286	
666	-11.452550	-2.870809	
667	-12.173034	-2.843102	
668	-12.883937	-2.785967	
669	-13.574383	-2.706493	
670	-14.226795	-2.625628	
671	-14.823963	-2.559464	
672	-15.351091	-2.514475	
673	-15.797005	-2.490972	
674	-16.154442	-2.488201	
675	-16.419035	-2.508302	
676	-16.588899	-2.556711	
677	-16.663727	-2.640104	
678	-16.643039	-2.764734	
679	-16.526110	-2.936767	
680	-16.313369	-3.164825	
681	-16.008301	-3.459883	
682	-15.621266	-3.825032	
683	-15.174978	-4.234991	
684	-14.707634	-4.619435	
685	-14.266165	-4.881197	
686	-13.888731	-4.957844	
687	-13.592955	-4.864014	
688	-13.380757	-4.667415	
689	-13.246698	-4.446768	
690	-13.181972	-4.267351	
691	-13.178791	-4.162163	
692	-13.231834	-4.126325	
693	-13.334672	-4.128456	
694	-13.477009	-4.123635	
695	-13.644795	-4.063288	
696	-13.822176	-3.904588	
697	-13.993996	-3.618373	
698	-14.147358	-3.197331	
699	-14.272030	-2.662779	
700	-14.360277	-2.059749	
701	-14.407340	-1.439950	
702	-14.412420	-0.845385	
703	-14.377807	-0.301199	
704	-14.305956	0.181806	
705	-14.197994	0.600013	
706	-14.055269	0.950635	
707	-13.881518	1.228325	
708	-13.683422	1.426332	
709	-13.469483	1.540826	
710	-13.248478	1.573421	
711	-13.029014	1.530434	
712	-12.819856	1.420882	
713	-12.629622	1.254962	
714	-12.466582	1.044548	
715	-12.339276	0.803788	
716	-12.255592	0.546834	
717	-12.219755	0.286569	
718	-12.230676	0.035284	
719	-12.282762	-0.197238	
720	-12.367003	-0.405534	
721	-12.472171	-0.587970	
722	-12.587407	-0.746225	
723	-12.705050	-0.881655	
724	-12.821906	-0.987243	
725	-12.939201	-1.041736	
726	-13.060546	-1.016230	
727	-13.186932	-0.896836	
728	-13.313864	-0.700528	
729	-13.434323	-0.462460	
730	-13.541969	-0.215035	
731	-13.631537	0.019234	
732	-13.699275	0.226031	
733	-13.743930	0.395953	
734	-13.767331	0.522180	
735	-13.773952	0.599318	
736	-13.769443	0.621841	
737	-13.759093	0.584745	
738	-13.746454	0.487473	
739	-13.731999	0.334614	
740	-13.713331	0.130695	
741	-13.687795	-0.123998	
742	-13.654645	-0.431667	
743	-13.614629	-0.793064	
744	-13.568928	-1.205066	
745	-13.518398	-1.658339	
746	-13.462530	-2.134047	
747	-13.399904	-2.597779	
748	-13.330358	-2.992580	
749	-13.256186	-3.247377	
750	-13.181834	-3.309556	
751	-13.111488	-3.178748	
752	-13.044694	-2.909665	
753	-12.975692	-2.577754	
754	-12.898181	-2.241141	
755	-12.809452	-1.930229	
756	-12.710713	-1.656461	
757	-12.605364	-1.421540	
758	-12.497331	-1.222622	
759	-12.389852	-1.055157	
760	-12.284309	-0.914162	
761	-12.179814	-0.794101	
762	-12.074384	-0.688764	
763	-11.966176	-0.592863	
764	-11.853945	-0.504983	
765	-11.738146	-0.427932	
766	-11.622011	-0.362891	
767	-11.510463	-0.302065	
768	-11.407230	-0.231133	
769	-11.312304	-0.143170	
770	-11.222104	-0.046583	
771	-11.132336	0.043727	
772	-11.040476	0.117074	
773	-10.946158	0.168088	
774	-10.850084	0.193298	
775	-10.752648	0.189283	
776	-10.653497	0.153603	
777	-10.552236	0.086445	
778	-10.449116	-0.008886	
779	-10.345246	-0.126142	
780	-10.242480	-0.257334	
781	-10.143116	-0.395522	
782	-10.049532	-0.537092	
783	-9.962983	-0.682040	
784	-9.882287	-0.831985	
785	-9.804487	-0.986653	
786	-9.726827	-1.141959	
787	-9.647912	-1.290654	
788	-9.567441	-1.424146	
789	-9.485611	-1.535579	
790	-9.403145	-1.622311	
791	-9.321819	-1.684965	
792	-9.244437	-1.725321	
793	-9.173602	-1.745752	
794	-9.110329	-1.748542	
795	-9.053598	-1.734594	
796	-9.000839	-1.704310	
797	-8.949067	-1.661222	
798	-8.895959	-1.613860	
799	-8.840426	-1.571568	
800	-8.782427	-1.538431	
801	-8.721783	-1.512893	
802	-8.657234	-1.491049	
803	-8.586728	-1.467651	
804	-8.508401	-1.435920	
805	-8.422003	-1.389656	
806	-8.329970	-1.326677	
807	-8.236698	-1.249627	
808	-8.146236	-1.163943	
809	-8.060402	-1.075709	
810	-7.978881	-0.990000	
811	-7.900368	-0.910838	
812	-7.823100	-0.842268	
813	-7.744906	-0.787532	
814	-7.663665	-0.748064	
815	-7.577522	-0.725016	
816	-7.483955	-0.721247	
817	-7.379485	-0.741016	
818	-7.261285	-0.786144	
819	-7.128089	-0.851388	
820	-6.979424	-0.924794	
821	-6.815268	-0.992803	
822	-6.636749	-1.044098	
823	-6.447179	-1.070373	
824	-6.252473	-1.065440	
825	-6.059906	-1.022131	
826	-5.875303	-0.928967	
827	-5.700634	-0.770549	
828	-5.534582	-0.532875	
829	-5.375170	-0.212573	
830	-5.220046	0.172145	
831	-5.063804	0.576338	
832	-4.897412	0.943630	
833	-4.712025	1.234797	
834	-4.502648	1.437757	
835	-4.267951	1.557012	
836	-4.008745	1.605760	
837	-3.728302	1.602529	
838	-3.432572	1.566331	
839	-3.127628	1.513575	
840	-2.816370	1.456976	
841	-2.497801	1.404370	
842	-2.168885	1.358432	
843	-1.825746	1.317683	
844	-1.463418	1.278058	
845	-1.077187	1.235709	
846	-0.664925	1.191160	
847	-0.227424	1.151041	
848	0.232516	1.124804	
849	0.711501	1.118761	
850	1.207500	1.132554	
851	1.720355	1.161619	
852	2.250946	1.201599	
853	2.800577	1.249488	
854	3.369063	1.303860	
855	3.952674	1.364801	
856	4.546227	1.432063	
857	5.147168	1.504851	
858	5.756528	1.582840	
859	6.377023	1.666448	
860	7.011441	1.758972	
861	7.662923	1.867375	
862	8.336103	1.996689	
863	9.037123	2.142855	
864	9.772593	2.290600	
865	10.549388	2.416113	
866	11.375322	2.491648	
867	12.258126	2.491022	
868	13.202002	2.396088	
869	14.204785	2.206161	
870	15.258568	1.947029	
871	16.353713	1.665852	
872	17.482808	1.412826	
873	18.642010	1.227219	
874	19.830253	1.129805	
875	21.045515	1.118556	
876	22.280799	1.175991	
877	23.524999	1.285956	
878	24.766014	1.442900	
879	25.992274	1.645100	
880	27.194301	1.881038	
881	28.366092	2.123300	
882	29.504198	2.333300	
883	30.605994	2.470332	
884	31.668762	2.502530	
885	32.688305	2.420102	
886	33.657990	2.240840	
887	34.570172	2.000515	
888	35.418363	1.740454	
889	36.198713	1.502855	
890	36.911347	1.326651	
891	37.561206	1.239732	
892	38.157419	1.253895	
893	38.711545	1.365327	
894	39.235971	1.558611	
895	39.742934	1.812117	
896	40.244064	2.100870	
897	40.749577	2.397799	
898	41.266407	2.679448	
899	41.796949	2.932949	
900	42.339373	3.156334	
901	42.887892	3.353983	
902	43.432975	3.531949	
903	43.963332	3.692989	
904	44.468874	3.832699	
905	44.942260	3.941285	
906	45.378845	4.010149	
907	45.776370	4.035665	
908	46.134989	4.017501	
909	46.456803	3.956341	
910	46.744127	3.853640	
911	46.997530	3.711884	
912	47.215028	3.533445	
913	47.392632	3.318093	
914	47.525289	3.062067	
915	47.607121	2.761773	
916	47.631510	2.420174	
917	47.592971	2.049515	
918	47.490040	1.667040	
919	47.325715	1.287493	
920	47.105593	0.918995	
921	46.836524	0.564297	
922	46.525463	0.223731	
923	46.177510	-0.102416	
924	45.795554	-0.411600	
925	45.382047	-0.698451	
926	44.940030	-0.957953	
927	44.473730	-1.189659	
928	43.988755	-1.398594	
929	43.488998	-1.594505	
930	42.973843	-1.792055	
931	42.440307	-2.008598	
932	41.885580	-2.259920	
933	41.307093	-2.558465	
934	40.702948	-2.912680	
935	40.071558	-3.324866	
936	39.409057	-3.788677	
937	38.709306	-4.288146	
938	37.968426	-4.800120	
939	37.186778	-5.297911	
940	36.365683	-5.753755	
941	35.506917	-6.146102	
942	34.616283	-6.469679	
943	33.702571	-6.733522	
944	32.772840	-6.948625	
945	31.832028	-7.121168	
946	30.885304	-7.254957	
947	29.937291	-7.354591	
948	28.989403	-7.424982	
949	28.039884	-7.470122	
950	27.085849	-7.493076	
951	26.123733	-7.496695	
952	25.149107	-7.483969	
953	24.157752	-7.457256	
954	23.146543	-7.418208	
955	22.113373	-7.369715	
956	21.057115	-7.317101	
957	19.977527	-7.266057	
958	18.874308	-7.219194	
959	17.746043	-7.173774	
960	16.590959	-7.123076	
961	15.409645	-7.062614	
962	14.206361	-6.994119	
963	12.987023	-6.921740	
964	11.756824	-6.846683	
965	10.519256	-6.766495	
966	9.276015	-6.678341	
967	8.028160	-6.581996	
968	6.778281	-6.481134	
969	5.531512	-6.383252	
970	4.293444	-6.296382	
971	3.067088	-6.225924	
972	1.852321	-6.174998	
973	0.647072	-6.145725	
974	-0.551812	-6.138932	
975	-1.747888	-6.152921	
976	-2.943261	-6.184533	
977	-4.136609	-6.230640	
978	-5.323474	-6.285357	
979	-6.497521	-6.337083	
980	-7.651278	-6.370775	
981	-8.777281	-6.372242	
982	-9.869181	-6.330989	
983	-10.921500	-6.244021	
984	-11.928427	-6.119184	
985	-12.882360	-5.971952	
986	-13.773048	-5.816857	
987	-14.588725	-5.660836	
988	-15.318265	-5.501795	
989	-15.951891	-5.331279	
990	-16.480723	-5.138485	
991	-16.896993	-4.913274	
992	-17.194970	-4.649458	
993	-17.371784	-4.348077	
994	-17.428163	-4.016009	
995	-17.368650	-3.662332	
996	-17.200694	-3.299689	
997	-16.933664	-2.948126	
998	-16.578706	-2.633561	
999	-16.148520	-2.381405	
1000	-15.657053	-2.210847	
1001	-15.120078	-2.132064	
1002	-14.556035	-2.146102	
1003	-13.986472	-2.245919	
1004	-13.436470	-2.417806	
1005	-12.933566	-2.643693	
1006	-12.503545	-2.903850	
1007	-12.165597	-3.179282	
1008	-11.929979	-3.452186	
1009	-11.797792	-3.703415	
1010	-11.761496	-3.909399	
1011	-11.806095	-4.040944	
1012	-11.911584	-4.065336	
1013	-12.056408	-3.952468	
1014	-12.220527	-3.682853	
1015	-12.386874	-3.254916	
1016	-12.541250	-2.688913	
1017	-12.671894	-2.024463	
1018	-12.770119	-1.311238	
1019	-12.831345	-0.597215	
1020	-12.854716	0.077798	
1021	-12.841756	0.681564	
1022	-12.795609	1.188696	
1023	-12.720344	1.583267	
1024	-12.619768	1.860612	
1025	-12.497215	2.026305	
1026	-12.356950	2.093053	
1027	-12.205356	2.074764	
1028	-12.050334	1.979736	
1029	-11.899769	1.808876	
1030	-11.760305	1.561584	
1031	-11.637438	1.245267	
1032	-11.536785	0.881873	
1033	-11.464137	0.506091	
1034	-11.423770	0.155185	
1035	-11.417439	-0.140853	
1036	-11.444843	-0.361991	
1037	-11.504019	-0.497408	
1038	-11.591371	-0.545536	
1039	-11.701923	-0.513494	
1040	-11.829411	-0.416369	
1041	-11.966770	-0.275853	
1042	-12.107581	-0.113355	
1043	-12.246665	0.058234	
1044	-12.379104	0.235416	
1045	-12.499580	0.419589	
1046	-12.603223	0.612084	
1047	-12.687328	0.810879	
1048	-12.752350	1.010656	
1049	-12.801437	1.203753	
1050	-12.839756	1.380354	
1051	-12.873654	1.529679	
1052	-12.908149	1.639070	
1053	-12.944454	1.692491	
1054	-12.980637	1.678564	
1055	-13.014357	1.600355	
1056	-13.045056	1.470001	
1057	-13.075645	1.296131	
1058	-13.113042	1.079425	
1059	-13.164884	0.816354	
1060	-13.232483	0.507600	
1061	-13.304761	0.165792	
1062	-13.361046	-0.185378	
1063	-13.382402	-0.520353	
1064	-13.360319	-0.821061	
1065	-13.296898	-1.080156	
1066	-13.200071	-1.298118	
1067	-13.078166	-1.478389	
1068	-12.936323	-1.624454	
1069	-12.776356	-1.738971	
1070	-12.599143	-1.823435	
1071	-12.406520	-1.878190	
1072	-12.201782	-1.903407	
1073	-11.989100	-1.900309	
1074	-11.772252	-1.871000	
1075	-11.554624	-1.817736	
1076	-11.340608	-1.743135	
1077	-11.135994	-1.650056	
1078	-10.946550	-1.540527	
1079	-10.775964	-1.414861	
1080	-10.624403	-1.271587	
1081	-10.488828	-1.108941	
1082	-10.365326	-0.928012	
1083	-10.251203	-0.735030	
1084	-10.144919	-0.540175	
1085	-10.045368	-0.354211	
1086	-9.952111	-0.186023	
1087	-9.865603	-0.040088	
1088	-9.785826	0.086606	
1089	-9.709522	0.203164	
1090	-9.628923	0.317823	
1091	-9.534645	0.432919	
1092	-9.421138	0.546462	
1093	-9.289160	0.654931	
1094	-9.142522	0.753075	
1095	-8.983472	0.834484	
1096	-8.811752	0.893848	
1097	-8.626399	0.929283	
1098	-8.426819	0.945840	
1099	-8.213293	0.955381	
1100	-7.987790	0.969666	
1101	-7.753457	0.994950	
1102	-7.513402	1.032794	
1103	-7.270259	1.082585	
1104	-7.025947	1.142928	
1105	-6.781712	1.212523	
1106	-6.539170	1.290498	
1107	-6.301705	1.375488	
1108	-6.074504	1.464230	
1109	-5.862449	1.551427	
1110	-5.667248	1.631304	
1111	-5.486247	1.698941	
1112	-5.313444	1.750078	
1113	-5.140785	1.781248	
1114	-4.958668	1.791837	
1115	-4.758118	1.785368	
1116	-4.536841	1.765910	
1117	-4.304681	1.731334	
1118	-4.081548	1.671962	
1119	-3.888423	1.578193	
1120	-3.740900	1.446784	
1121	-3.649779	1.280614	
1122	-3.621774	1.090519	
1123	-3.658679	0.899130	
1124	-3.758504	0.740148	
1125	-3.914900	0.652488	
1126	-4.114583	0.670493	
1127	-4.338957	0.813026	
1128	-4.568302	1.072454	
1129	-4.782062	1.407422	
1130	-4.957742	1.749769	
1131	-5.074539	2.024289	
1132	-5.120694	2.171323	
1133	-5.098403	2.166358	
1134	-5.021765	2.027637	
1135	-4.909854	1.805231	
1136	-4.780571	1.559310	
1137	-4.647297	1.340450	
1138	-4.516971	1.179747	
1139	-4.389619	1.090712	
1140	-4.260528	1.074823	
1141	-4.123911	1.122432	
1142	-3.974925	1.214452	
1143	-3.809560	1.329194	
1144	-3.625348	1.448471	
1145	-3.422871	1.559616	
1146	-3.204963	1.655672	
1147	-2.973922	1.735693	
1148	-2.729936	1.803706	
1149	-2.471919	1.864918	
1150	-2.198655	1.923080	
1151	-1.908389	1.980969	
1152	-1.598419	2.039867	
1153	-1.266771	2.098172	
1154	-0.914016	2.152546	
1155	-0.542621	2.200527	
1156	-0.155559	2.241098	
1157	0.244080	2.272605	
1158	0.653888	2.291738	
1159	1.073651	2.295342	
1160	1.505666	2.282093	
1161	1.953349	2.252808	
1162	2.419871	2.210198	
1163	2.907227	2.157228	
1164	3.415651	2.094366	
1165	3.944274	2.019585	
1166	4.491891	1.931843	
1167	5.056315	1.833077	
1168	5.633479	1.726850	
1169	6.218069	1.617395	
1170	6.805353	1.510567	
1171	7.392539	1.414558	
1172	7.979431	1.339773	
1173	8.567591	1.298501	
1174	9.157689	1.304381	
1175	9.749314	1.371300	
1176	10.344261	1.511446	
1177	10.946859	1.732291	
1178	11.560924	2.030903	
1179	12.190616	2.386799	
1180	12.847121	2.756842	
1181	13.556126	3.071339	
1182	14.361020	3.230725	
1183	15.319148	3.102365	
1184	16.488669	2.515847	
1185	17.899883	1.269897	
1186	19.495556	-0.806438	
1187	21.046360	-3.683117	
1188	22.171042	-6.956690	
1189	22.590382	-10.019484	
1190	22.373768	-12.439031	
1191	21.904087	-14.095465	
1192	21.606018	-15.108549	
1193	21.719595	-15.680460	
1194	22.301789	-15.976266	
1195	23.331517	-16.093328	
1196	24.783579	-16.077429	
1197	26.652479	-15.948261	
1198	28.949681	-15.715503	
1199	31.692227	-15.382080	
1200	34.891350	-14.942272	
1201	38.545071	-14.382047	
1202	42.634572	-13.682931	
1203	47.125298	-12.825187	
1204	51.973829	-11.786898	
1205	57.133571	-10.542919	
1206	62.551888	-9.068615	
1207	68.160776	-7.345003	
1208	73.869599	-5.360868	
1209	79.569377	-3.114089	
1210	85.150060	-0.610492	
1211	90.519981	2.147492	
1212	95.612544	5.179953	
1213	100.378008	8.548111	
1214	104.768141	12.370160	
1215	108.716802	16.824764	
1216	112.125246	22.127184	
1217	114.861075	28.477110	
1218	116.771332	35.977614	
1219	117.716956	44.521930	
1220	117.625944	53.693687	
1221	116.538074	62.772524	
1222	114.633834	70.882329	
1223	112.261357	77.253427	
1224	109.894391	81.518644	
1225	107.951887	83.807793	
1226	106.631802	84.530311	
1227	105.920076	84.105101	
1228	105.702212	82.839856	
1229	105.854369	80.923140	
1230	106.278625	78.459549	
1231	106.903339	75.520437	
1232	107.678797	72.171714	
1233	108.578567	68.441493	
1234	109.597296	64.225337	
1235	110.711446	59.060612	
1236	111.552420	51.387597	
1237	109.004111	37.086109	
1238	97.020351	20.271662	
1239	86.879220	12.649285	
1240	80.699809	9.133425	
1241	75.992379	6.857228	
1242	71.816297	5.022689	
1243	68.035333	3.234617	
1244	72.527013	-5.356554	
1245	59.638414	1.151853	
1246	55.998652	-0.089422	
1247	52.622497	-1.418565	
1248	49.464982	-2.714594	
1249	46.542958	-3.939579	
1250	43.869566	-5.075347	
1251	41.450836	-6.114198	
1252	39.291007	-7.053997	
1253	37.391654	-7.894264	
1254	35.742701	-8.637281	
1255	34.318002	-9.291937	
1256	33.081057	-9.873378	
1257	31.992460	-10.397520	
1258	31.013602	-10.875163	
1259	30.108182	-11.310372	
1260	29.244986	-11.703184	
1261	28.401484	-12.053825	
1262	27.563230	-12.366598	
1263	26.720327	-12.650744	
1264	25.867827	-12.915839	
1265	25.008068	-13.164964	
1266	24.145958	-13.390399	
1267	23.278579	-13.572901	
1268	22.390714	-13.686372	
1269	21.460127	-13.707313	
1270	20.465436	-13.621855	
1271	19.392281	-13.425917	
1272	18.239539	-13.122319	
1273	17.023498	-12.720664	
1274	15.772944	-12.239544	
1275	14.516780	-11.705931	
1276	13.275553	-11.149819	
1277	12.059904	-10.596441	
1278	10.870594	-10.061210	
1279	9.700869	-9.549932	
1280	8.541781	-9.061236	
1281	7.032298	-6.634945	
1282	5.877794	-6.202805	
