Athlete_Engineering	// User ID
11-2-2021	// Evaluation date
P005_SQUAT	24-1-2021	15:43:45:371	// Source file name and timestamp
250.000	// Sampling rate
7.433	// Data capture period



Sample #	Right_Leg_Flexion	Right_Leg_Abduction	
0	-11.119203	-5.371795	
1	-11.119115	-5.389592	
2	-11.115560	-5.409873	
3	-11.109798	-5.432670	
4	-11.103632	-5.457516	
5	-11.097950	-5.484417	
6	-11.092209	-5.513618	
7	-11.085551	-5.544885	
8	-11.077808	-5.577285	
9	-11.069426	-5.609142	
10	-11.060839	-5.638535	
11	-11.052201	-5.664301	
12	-11.043522	-5.686308	
13	-11.035132	-5.704664	
14	-11.028438	-5.718964	
15	-11.025610	-5.728915	
16	-11.027805	-5.735386	
17	-11.034394	-5.739607	
18	-11.044184	-5.741608	
19	-11.056648	-5.739870	
20	-11.071956	-5.731713	
21	-11.090201	-5.714872	
22	-11.110594	-5.689796	
23	-11.131501	-5.659344	
24	-11.151475	-5.626076	
25	-11.170191	-5.590844	
26	-11.188076	-5.553494	
27	-11.205147	-5.514169	
28	-11.220638	-5.474521	
29	-11.233702	-5.437938	
30	-11.244169	-5.408250	
31	-11.252469	-5.388229	
32	-11.258929	-5.379114	
33	-11.263615	-5.380632	
34	-11.266996	-5.391101	
35	-11.270035	-5.408192	
36	-11.273127	-5.429964	
37	-11.275274	-5.455212	
38	-11.274561	-5.483392	
39	-11.269341	-5.514127	
40	-11.259311	-5.546318	
41	-11.245661	-5.577952	
42	-11.230267	-5.606789	
43	-11.214829	-5.631623	
44	-11.200280	-5.653062	
45	-11.187076	-5.671740	
46	-11.176061	-5.686265	
47	-11.168027	-5.694656	
48	-11.162524	-5.697221	
49	-11.158082	-5.696876	
50	-11.153343	-5.697035	
51	-11.147509	-5.700203	
52	-11.140360	-5.707745	
53	-11.132687	-5.718978	
54	-11.126338	-5.730529	
55	-11.123200	-5.737700	
56	-11.124238	-5.736957	
57	-11.129189	-5.727544	
58	-11.136635	-5.711354	
59	-11.145029	-5.691672	
60	-11.154224	-5.671547	
61	-11.165513	-5.652645	
62	-11.179938	-5.635595	
63	-11.196659	-5.621265	
64	-11.212992	-5.611101	
65	-11.226337	-5.606149	
66	-11.236086	-5.605915	
67	-11.243785	-5.608008	
68	-11.251681	-5.609312	
69	-11.260905	-5.608047	
70	-11.271302	-5.604226	
71	-11.282847	-5.598221	
72	-11.295887	-5.590005	
73	-11.310199	-5.580052	
74	-11.325022	-5.570217	
75	-11.339432	-5.563067	
76	-11.351926	-5.560608	
77	-11.360843	-5.563603	
78	-11.366171	-5.571009	
79	-11.369800	-5.580137	
80	-11.373361	-5.588036	
81	-11.376816	-5.592339	
82	-11.378953	-5.591423	
83	-11.378431	-5.584950	
84	-11.374507	-5.573905	
85	-11.367018	-5.559828	
86	-11.356088	-5.544724	
87	-11.342379	-5.531523	
88	-11.327397	-5.523444	
89	-11.312990	-5.522449	
90	-11.300447	-5.528466	
91	-11.290245	-5.539764	
92	-11.282393	-5.553434	
93	-11.276987	-5.566083	
94	-11.274629	-5.575617	
95	-11.276267	-5.582556	
96	-11.282829	-5.589042	
97	-11.294691	-5.596890	
98	-11.311007	-5.606898	
99	-11.329971	-5.619135	
100	-11.349798	-5.632770	
101	-11.369091	-5.646098	
102	-11.386546	-5.657779	
103	-11.400960	-5.667834	
104	-11.411528	-5.677376	
105	-11.417609	-5.687920	
106	-11.418359	-5.700700	
107	-11.412874	-5.716377	
108	-11.400810	-5.735118	
109	-11.383023	-5.756475	
110	-11.361432	-5.779568	
111	-11.337905	-5.804215	
112	-11.313020	-5.831952	
113	-11.286122	-5.865581	
114	-11.256872	-5.907411	
115	-11.226369	-5.957835	
116	-11.197096	-6.014813	
117	-11.172575	-6.073463	
118	-11.156408	-6.126831	
119	-11.150819	-6.168442	
120	-11.155851	-6.194475	
121	-11.169713	-6.204701	
122	-11.189876	-6.202697	
123	-11.213834	-6.194534	
124	-11.239093	-6.185909	
125	-11.262994	-6.180297	
126	-11.282751	-6.179192	
127	-11.296240	-6.182532	
128	-11.303299	-6.189062	
129	-11.305953	-6.197655	
130	-11.307182	-6.208410	
131	-11.309284	-6.222414	
132	-11.312907	-6.240840	
133	-11.317102	-6.264320	
134	-11.320250	-6.292486	
135	-11.321518	-6.323273	
136	-11.321387	-6.353455	
137	-11.320795	-6.380658	
138	-11.320463	-6.404054	
139	-11.320698	-6.423693	
140	-11.320933	-6.440586	
141	-11.319761	-6.456481	
142	-11.316061	-6.471993	
143	-11.310266	-6.485212	
144	-11.304715	-6.492669	
145	-11.302647	-6.491988	
146	-11.306320	-6.484016	
147	-11.315960	-6.472418	
148	-11.330662	-6.461293	
149	-11.349554	-6.453226	
150	-11.371516	-6.449040	
151	-11.394414	-6.448480	
152	-11.415336	-6.450647	
153	-11.431709	-6.454109	
154	-11.442070	-6.457523	
155	-11.445829	-6.460552	
156	-11.443149	-6.463722	
157	-11.435796	-6.466861	
158	-11.427477	-6.467915	
159	-11.422091	-6.464039	
160	-11.421514	-6.454153	
161	-11.425118	-6.440079	
162	-11.431165	-6.424852	
163	-11.438555	-6.410598	
164	-11.447018	-6.398418	
165	-11.456473	-6.388695	
166	-11.467442	-6.380602	
167	-11.480761	-6.373005	
168	-11.495763	-6.366505	
169	-11.510275	-6.363244	
170	-11.522803	-6.364724	
171	-11.533358	-6.370926	
172	-11.542172	-6.381092	
173	-11.548372	-6.394600	
174	-11.550251	-6.411272	
175	-11.546768	-6.431035	
176	-11.538388	-6.453186	
177	-11.526835	-6.475542	
178	-11.514742	-6.494234	
179	-11.504854	-6.505046	
180	-11.498599	-6.505046	
181	-11.495555	-6.492709	
182	-11.494140	-6.467119	
183	-11.491962	-6.427899	
184	-11.485800	-6.375842	
185	-11.472558	-6.312857	
186	-11.450377	-6.241502	
187	-11.418440	-6.164943	
188	-11.376663	-6.086064	
189	-11.325805	-6.006374	
190	-11.266785	-5.926798	
191	-11.200327	-5.848728	
192	-11.128329	-5.773335	
193	-11.054685	-5.700476	
194	-10.983422	-5.628748	
195	-10.916200	-5.556680	
196	-10.851721	-5.484273	
197	-10.786608	-5.413330	
198	-10.716583	-5.346148	
199	-10.637316	-5.284548	
200	-10.544981	-5.230186	
201	-10.436820	-5.184657	
202	-10.311219	-5.148866	
203	-10.167446	-5.122938	
204	-10.005809	-5.106580	
205	-9.828026	-5.098594	
206	-9.637176	-5.096361	
207	-9.437219	-5.096465	
208	-9.232501	-5.094847	
209	-9.027208	-5.086028	
210	-8.824464	-5.064018	
211	-8.625146	-5.025415	
212	-8.427261	-4.971398	
213	-8.226829	-4.906258	
214	-8.019683	-4.834731	
215	-7.802919	-4.760735	
216	-7.575553	-4.686534	
217	-7.338156	-4.612074	
218	-7.091734	-4.535712	
219	-6.837406	-4.455560	
220	-6.577395	-4.369559	
221	-6.315545	-4.274034	
222	-6.056109	-4.163126	
223	-5.801818	-4.031613	
224	-5.552816	-3.878830	
225	-5.307115	-3.709396	
226	-5.061940	-3.530542	
227	-4.814548	-3.348467	
228	-4.562019	-3.165126	
229	-4.300682	-2.976367	
230	-4.026062	-2.773195	
231	-3.733611	-2.546697	
232	-3.419653	-2.293306	
233	-3.081984	-2.016279	
234	-2.720058	-1.723025	
235	-2.334948	-1.420814	
236	-1.928890	-1.113737	
237	-1.504324	-0.802952	
238	-1.063202	-0.489372	
239	-0.606936	-0.175685	
240	-0.136298	0.134615	
241	0.348355	0.440712	
242	0.846102	0.746210	
243	1.355696	1.055205	
244	1.877843	1.366971	
245	2.416475	1.676223	
246	2.976631	1.977697	
247	3.561053	2.270040	
248	4.168928	2.557293	
249	4.796832	2.847750	
250	5.439929	3.150268	
251	6.093241	3.469631	
252	6.754028	3.803002	
253	7.424169	4.138556	
254	8.109818	4.458444	
255	8.817870	4.747529	
256	9.552202	5.001239	
257	10.312842	5.224162	
258	11.097782	5.422768	
259	11.904902	5.601239	
260	12.732349	5.762155	
261	13.577707	5.908188	
262	14.437834	6.042840	
263	15.309976	6.171598	
264	16.192404	6.302962	
265	17.083059	6.447350	
266	17.977868	6.614641	
267	18.871298	6.811991	
268	19.758100	7.042073	
269	20.633903	7.302225	
270	21.494433	7.586333	
271	22.334506	7.889116	
272	23.148800	8.208250	
273	23.934595	8.543073	
274	24.693357	8.894531	
275	25.429737	9.266303	
276	26.149872	9.662777	
277	26.859482	10.085879	
278	27.561688	10.534147	
279	28.256622	11.002625	
280	28.943038	11.483404	
281	29.619220	11.967813	
282	30.283396	12.447631	
283	30.935189	12.912855	
284	31.576283	13.349810	
285	32.209565	13.744335	
286	32.838487	14.086633	
287	33.467443	14.370650	
288	34.102222	14.589848	
289	34.748335	14.738753	
290	35.407613	14.820567	
291	36.076987	14.850176	
292	36.750254	14.849233	
293	37.420042	14.841208	
294	38.078643	14.851684	
295	38.719128	14.906779	
296	39.338098	15.019682	
297	39.936933	15.179319	
298	40.518512	15.360958	
299	41.084081	15.543094	
300	41.633946	15.710961	
301	42.168478	15.855141	
302	42.688081	15.972274	
303	43.194453	16.062828	
304	43.692602	16.127175	
305	44.190834	16.164719	
306	44.697778	16.174262	
307	45.218536	16.155159	
308	45.753217	16.111191	
309	46.298544	16.052672	
310	46.849888	15.992938	
311	47.401662	15.943381	
312	47.947200	15.910860	
313	48.480285	15.895718	
314	48.997448	15.890424	
315	49.497834	15.882366	
316	49.981279	15.859384	
317	50.447672	15.813108	
318	50.897062	15.739996	
319	51.329770	15.642035	
320	51.747347	15.526225	
321	52.153482	15.402192	
322	52.553500	15.279918	
323	52.952031	15.169510	
324	53.350311	15.082039	
325	53.746209	15.028915	
326	54.136969	15.020245	
327	54.521900	15.063481	
328	54.903572	15.160986	
329	55.287466	15.306717	
330	55.680286	15.485977	
331	56.087838	15.680216	
332	56.513977	15.872096	
333	56.960887	16.045803	
334	57.428882	16.186682	
335	57.914833	16.285755	
336	58.411173	16.345276	
337	58.907759	16.378416	
338	59.395972	16.401881	
339	59.871720	16.427499	
340	60.335292	16.459576	
341	60.789329	16.496347	
342	61.236102	16.531675	
343	61.674633	16.558371	
344	62.099969	16.571699	
345	62.505335	16.569837	
346	62.884148	16.554269	
347	63.230726	16.531957	
348	63.542108	16.515437	
349	63.820785	16.519942	
350	64.074625	16.560255	
351	64.313589	16.646563	
352	64.547106	16.779549	
353	64.782895	16.950400	
354	65.026324	17.145336	
355	65.281862	17.348012	
356	65.554555	17.540807	
357	65.848417	17.707466	
358	66.165201	17.834325	
359	66.505569	17.911434	
360	66.869634	17.934634	
361	67.255098	17.905439	
362	67.654408	17.830340	
363	68.055262	17.721282	
364	68.446453	17.593555	
365	68.823167	17.461737	
366	69.185691	17.339288	
367	69.534719	17.240779	
368	69.869304	17.180672	
369	70.187496	17.168861	
370	70.486987	17.208748	
371	70.765532	17.298760	
372	71.021963	17.433432	
373	71.257637	17.603138	
374	71.477312	17.794378	
375	71.688767	17.990438	
376	71.901115	18.173573	
377	72.122587	18.330599	
378	72.359679	18.456216	
379	72.617916	18.549725	
380	72.901750	18.611314	
381	73.212545	18.641946	
382	73.546963	18.644569	
383	73.897488	18.624847	
384	74.254533	18.590089	
385	74.609849	18.546124	
386	74.959347	18.494473	
387	75.301639	18.432526	
388	75.633889	18.356900	
389	75.950751	18.266391	
390	76.247064	18.162256	
391	76.520487	18.047623	
392	76.772044	17.926238	
393	77.004902	17.801194	
394	77.222895	17.676574	
395	77.430103	17.559629	
396	77.630544	17.458868	
397	77.827727	17.379573	
398	78.025562	17.320821	
399	78.229384	17.275306	
400	78.444578	17.231684	
401	78.674804	17.177677	
402	78.922456	17.101774	
403	79.189321	16.995264	
404	79.475108	16.856207	
405	79.774336	16.693358	
406	80.072032	16.529759	
407	80.341775	16.402597	
408	80.555787	16.347764	
409	80.705083	16.374557	
410	80.806151	16.459184	
411	80.884836	16.565473	
412	80.958292	16.667947	
413	81.029274	16.760408	
414	81.090126	16.853244	
415	81.134391	16.958871	
416	81.166682	17.074645	
417	81.198678	17.184367	
418	81.239751	17.271798	
419	81.294550	17.326132	
420	81.364613	17.340958	
421	81.449535	17.313820	
422	81.547184	17.246982	
423	81.653177	17.148492	
424	81.759976	17.032069	
425	81.854116	16.918607	
426	81.914205	16.837964	
427	81.919475	16.819425	
428	81.865641	16.874245	
429	81.767602	16.991729	
430	81.645803	17.152131	
431	81.514539	17.338520	
432	81.380464	17.539380	
433	81.246571	17.746596	
434	81.116450	17.952349	
435	80.995273	18.146394	
436	80.888111	18.314738	
437	80.799390	18.439672	
438	80.733434	18.502433	
439	80.692447	18.489732	
440	80.673273	18.399566	
441	80.667261	18.242177	
442	80.661723	18.039040	
443	80.640271	17.821173	
444	80.582912	17.625817	
445	80.469508	17.489003	
446	80.291149	17.429042	
447	80.060538	17.434383	
448	79.805667	17.475622	
449	79.553249	17.527807	
450	79.319035	17.578062	
451	79.108076	17.619988	
452	78.918056	17.649491	
453	78.740337	17.667696	
454	78.560384	17.684784	
455	78.362086	17.716730	
456	78.136017	17.773723	
457	77.884184	17.850519	
458	77.614655	17.931045	
459	77.333606	18.000423	
460	77.045272	18.049618	
461	76.755535	18.073445	
462	76.470249	18.070205	
463	76.190585	18.043844	
464	75.912787	18.004082	
465	75.631904	17.963603	
466	75.344633	17.935703	
467	75.050519	17.932746	
468	74.752489	17.963034	
469	74.455775	18.027763	
470	74.165183	18.121915	
471	73.882846	18.237838	
472	73.607794	18.367531	
473	73.336597	18.502419	
474	73.063778	18.632405	
475	72.782661	18.746129	
476	72.488027	18.833034	
477	72.178830	18.886683	
478	71.858181	18.907475	
479	71.530697	18.902991	
480	71.199396	18.885018	
481	70.864483	18.864078	
482	70.524320	18.845362	
483	70.176475	18.828557	
484	69.818427	18.810176	
485	69.448701	18.786703	
486	69.067075	18.757978	
487	68.673613	18.729209	
488	68.268451	18.709312	
489	67.852035	18.706624	
490	67.424958	18.724740	
491	66.988300	18.760265	
492	66.544184	18.804208	
493	66.096004	18.845230	
494	65.648540	18.871752	
495	65.206344	18.874786	
496	64.770614	18.852211	
497	64.339182	18.809406	
498	63.909951	18.754067	
499	63.482630	18.690719	
500	63.057685	18.619499	
501	62.634981	18.538446	
502	62.212196	18.447648	
503	61.783011	18.353500	
504	61.337683	18.269709	
505	60.866867	18.212345	
506	60.365908	18.191570	
507	59.836527	18.207443	
508	59.285586	18.252226	
509	58.722715	18.313723	
510	58.157651	18.377285	
511	57.597308	18.429556	
512	57.043756	18.463347	
513	56.494443	18.478357	
514	55.944563	18.476717	
515	55.389686	18.459852	
516	54.827466	18.429480	
517	54.258571	18.388555	
518	53.685964	18.341002	
519	53.112752	18.291658	
520	52.540549	18.245777	
521	51.969162	18.207560	
522	51.397315	18.179094	
523	50.823641	18.161190	
524	50.247156	18.154298	
525	49.666818	18.157813	
526	49.081174	18.169433	
527	48.489324	18.185117	
528	47.891564	18.199954	
529	47.288050	18.210594	
530	46.677967	18.215638	
531	46.060625	18.212613	
532	45.435694	18.197763	
533	44.801850	18.170648	
534	44.156837	18.135741	
535	43.499796	18.097159	
536	42.833311	18.053148	
537	42.162386	17.996491	
538	41.491298	17.919479	
539	40.822163	17.818380	
540	40.155768	17.694869	
541	39.492356	17.555170	
542	38.831901	17.407340	
543	38.174157	17.258226	
544	37.518071	17.111900	
545	36.861562	16.968294	
546	36.202925	16.822926	
547	35.542813	16.669490	
548	34.884395	16.502957	
549	34.230877	16.322081	
550	33.582827	16.130018	
551	32.937653	15.931488	
552	32.291033	15.729384	
553	31.638890	15.522861	
554	30.978462	15.306951	
555	30.308556	15.075517	
556	29.629476	14.826734	
557	28.941780	14.566030	
558	28.244890	14.303050	
559	27.538130	14.044688	
560	26.823167	13.790302	
561	26.104676	13.533477	
562	25.388149	13.267412	
563	24.677159	12.988462	
564	23.972995	12.696998	
565	23.275894	12.396298	
566	22.585796	12.089455	
567	21.902943	11.777337	
568	21.227986	11.459542	
569	20.560816	11.135718	
570	19.899756	10.806354	
571	19.242178	10.473851	
572	18.585285	10.142483	
573	17.926771	9.816858	
574	17.266273	9.500587	
575	16.606221	9.195690	
576	15.949924	8.902710	
577	15.299081	8.621854	
578	14.653925	8.354221	
579	14.015458	8.101823	
580	13.387232	7.867169	
581	12.774818	7.653025	
582	12.183343	7.461574	
583	11.615437	7.293814	
584	11.071129	7.149776	
585	10.549127	7.028281	
586	10.047781	6.926394	
587	9.564786	6.839880	
588	9.096348	6.764718	
589	8.636568	6.699073	
590	8.177737	6.644533	
591	7.712335	6.605218	
592	7.236066	6.585152	
593	6.750025	6.586010	
594	6.260521	6.606565	
595	5.776912	6.642862	
596	5.309374	6.687622	
597	4.867264	6.730926	
598	4.457294	6.764461	
599	4.081946	6.785153	
600	3.739143	6.793744	
601	3.423387	6.791283	
602	3.128087	6.778212	
603	2.847542	6.755418	
604	2.577102	6.724125	
605	2.312689	6.684579	
606	2.051394	6.636561	
607	1.792735	6.582203	
608	1.538554	6.527872	
609	1.291128	6.483406	
610	1.051925	6.459473	
611	0.822396	6.463772	
612	0.604852	6.497287	
613	0.401812	6.552244	
614	0.214846	6.612365	
615	0.044533	6.654641	
616	-0.108838	6.651949	
617	-0.245057	6.577394	
618	-0.364838	6.410056	
619	-0.471474	6.141018	
620	-0.570889	5.779271	
621	-0.668903	5.358746	
622	-0.769315	4.942354	
623	-0.873433	4.597814	
624	-0.979386	4.346647	
625	-1.083175	4.149923	
626	-1.181897	3.953549	
627	-1.276194	3.733951	
628	-1.370266	3.510651	
629	-1.470359	3.339747	
630	-1.582761	3.285034	
631	-1.712683	3.373109	
632	-1.863102	3.577852	
633	-2.033225	3.847905	
634	-2.218426	4.135464	
635	-2.411348	4.402484	
636	-2.603545	4.618660	
637	-2.787426	4.761933	
638	-2.958323	4.820556	
639	-3.116206	4.794469	
640	-3.265278	4.694630	
641	-3.411376	4.540646	
642	-3.559054	4.355290	
643	-3.709227	4.155371	
644	-3.858752	3.946217	
645	-4.003235	3.725868	
646	-4.140805	3.494331	
647	-4.273450	3.259130	
648	-4.404941	3.032696	
649	-4.537821	2.825521	
650	-4.672430	2.643211	
651	-4.807607	2.488449	
652	-4.941694	2.362665	
653	-5.073659	2.265963	
654	-5.203579	2.197299	
655	-5.332275	2.154638	
656	-5.461282	2.134464	
657	-5.593122	2.132159	
658	-5.730422	2.142917	
659	-5.874024	2.160906	
660	-6.022003	2.177280	
661	-6.170221	2.179583	
662	-6.313475	2.153402	
663	-6.446881	2.085663	
664	-6.567527	1.968185	
665	-6.675169	1.800640	
666	-6.771417	1.593535	
667	-6.859024	1.371219	
668	-6.942215	1.175541	
669	-7.026273	1.062089	
670	-7.115148	1.072252	
671	-7.209554	1.203010	
672	-7.307564	1.416643	
673	-7.406546	1.672991	
674	-7.503883	1.942977	
675	-7.596833	2.206367	
676	-7.683426	2.450174	
677	-7.763205	2.668333	
678	-7.836208	2.859889	
679	-7.901611	3.026317	
680	-7.957950	3.170035	
681	-8.004151	3.294442	
682	-8.039864	3.403920	
683	-8.065274	3.502808	
684	-8.080826	3.594056	
685	-8.086894	3.679093	
686	-8.084061	3.758446	
687	-8.073782	3.831630	
688	-8.057980	3.896351	
689	-8.037650	3.948220	
690	-8.012763	3.982861	
691	-7.983848	3.999060	
692	-7.952548	3.998553	
693	-7.920403	3.983455	
694	-7.887592	3.955375	
695	-7.852766	3.915781	
696	-7.814262	3.865844	
697	-7.771335	3.805766	
698	-7.723851	3.734381	
699	-7.671477	3.649762	
700	-7.613883	3.550594	
701	-7.551539	3.438223	
702	-7.486029	3.317796	
703	-7.419442	3.196210	
704	-7.353730	3.079188	
705	-7.290868	2.970486	
706	-7.233279	2.872326	
707	-7.183873	2.785922	
708	-7.145354	2.712016	
709	-7.119102	2.650787	
710	-7.104531	2.600675	
711	-7.099357	2.557777	
712	-7.100679	2.517650	
713	-7.106423	2.478018	
714	-7.116210	2.439751	
715	-7.131143	2.406119	
716	-7.153066	2.381583	
717	-7.183788	2.370240	
718	-7.224442	2.373718	
719	-7.275295	2.389841	
720	-7.335626	2.413748	
721	-7.403443	2.440916	
722	-7.475918	2.469324	
723	-7.550405	2.498873	
724	-7.624814	2.529467	
725	-7.697131	2.559503	
726	-7.764952	2.584924	
727	-7.826086	2.600119	
728	-7.879916	2.600918	
729	-7.927613	2.586555	
730	-7.970954	2.559118	
731	-8.011181	2.521670	
732	-8.048193	2.476217	
733	-8.080285	2.423072	
734	-8.105141	2.362372	
735	-8.121233	2.295820	
736	-8.128382	2.226781	
737	-8.127593	2.159050	
738	-8.120453	2.095318	
739	-8.108424	2.036582	
740	-8.092680	1.982826	
741	-8.073645	1.932643	
742	-8.050087	1.881686	
743	-8.019777	1.823608	
744	-7.981485	1.753228	
745	-7.935983	1.668355	
746	-7.885141	1.569276	
747	-7.829812	1.456768	
748	-7.768614	1.331010	
749	-7.699057	1.192670	
750	-7.619514	1.043771	
751	-7.529579	0.886859	
752	-7.429029	0.723999	
753	-7.317489	0.556996	
754	-7.195148	0.388895	
755	-7.063006	0.225353	
756	-6.922132	0.073995	
757	-6.772926	-0.058299	
758	-6.615511	-0.167699	
759	-6.450941	-0.253503	
760	-6.281590	-0.317290	
761	-6.109880	-0.362533	
762	-5.936594	-0.394120	
763	-5.760843	-0.417363	
764	-5.581351	-0.437247	
765	-5.396826	-0.458412	
766	-5.205198	-0.485090	
767	-5.003379	-0.520377	
768	-4.788046	-0.565316	
769	-4.556469	-0.618159	
770	-4.306695	-0.674181	
771	-4.037590	-0.726412	
772	-3.749438	-0.766801	
773	-3.444478	-0.787641	
774	-3.126354	-0.783685	
775	-2.798768	-0.753693	
776	-2.464640	-0.699662	
777	-2.126243	-0.624640	
778	-1.785220	-0.531615	
779	-1.441636	-0.424404	
780	-1.092752	-0.309784	
781	-0.732827	-0.198895	
782	-0.354666	-0.105668	
783	0.047763	-0.042539	
784	0.477354	-0.016593	
785	0.933283	-0.027827	
786	1.411117	-0.068465	
787	1.904146	-0.124153	
788	2.406643	-0.178994	
789	2.916013	-0.220830	
790	3.431906	-0.242281	
791	3.954744	-0.238775	
792	4.485343	-0.205785	
793	5.024985	-0.136644	
794	5.575041	-0.024149	
795	6.136352	0.133270	
796	6.709378	0.325917	
797	7.294615	0.533807	
798	7.892425	0.735205	
799	8.503358	0.917058	
800	9.128529	1.078859	
801	9.767935	1.227972	
802	10.418185	1.374020	
803	11.072751	1.528611	
804	11.724719	1.708466	
805	12.369845	1.940072	
806	13.007798	2.258388	
807	13.640694	2.684120	
808	14.270892	3.198389	
809	14.901087	3.753317	
810	15.535715	4.303626	
811	16.180582	4.820515	
812	16.840437	5.288409	
813	17.517388	5.700210	
814	18.211857	6.054705	
815	18.924476	6.355534	
816	19.656594	6.610356	
817	20.408555	6.828302	
818	21.178416	7.016926	
819	21.963050	7.182477	
820	22.759216	7.332596	
821	23.563229	7.476878	
822	24.370833	7.625179	
823	25.178211	7.785804	
824	25.983364	7.964128	
825	26.786239	8.162710	
826	27.587537	8.382498	
827	28.387855	8.622570	
828	29.187590	8.878746	
829	29.987109	9.144501	
830	30.786808	9.414566	
831	31.586934	9.686793	
832	32.387275	9.960366	
833	33.186550	10.233610	
834	33.981911	10.503595	
835	34.769523	10.766330	
836	35.545943	11.015956	
837	36.309026	11.244232	
838	37.057919	11.443467	
839	37.792644	11.612103	
840	38.513531	11.757964	
841	39.220409	11.896024	
842	39.912199	12.042583	
843	40.587892	12.209059	
844	41.248324	12.397608	
845	41.896819	12.601185	
846	42.538035	12.807841	
847	43.176168	13.005054	
848	43.813863	13.181783	
849	44.452596	13.329311	
850	45.093954	13.442274	
851	45.740485	13.519736	
852	46.395511	13.564716	
853	47.062171	13.582181	
854	47.742059	13.577500	
855	48.434318	13.556945	
856	49.136181	13.529326	
857	49.844401	13.505508	
858	50.555871	13.495167	
859	51.267157	13.503665	
860	51.974491	13.530928	
861	52.674397	13.572456	
862	53.363550	13.622284	
863	54.038590	13.676419	
864	54.697205	13.734255	
865	55.338632	13.798045	
866	55.961882	13.872104	
867	56.563852	13.960977	
868	57.139948	14.066861	
869	57.686285	14.188202	
870	58.200892	14.319645	
871	58.683734	14.453108	
872	59.137175	14.579667	
873	59.567064	14.691677	
874	59.982694	14.785234	
875	60.394328	14.861081	
876	60.810046	14.921800	
877	61.234650	14.968563	
878	61.669841	15.001774	
879	62.113351	15.024607	
880	62.558138	15.044696	
881	62.994401	15.070836	
882	63.413869	15.108091	
883	63.812906	15.157276	
884	64.192287	15.218689	
885	64.555435	15.294178	
886	64.908230	15.384225	
887	65.259497	15.483980	
888	65.619001	15.584012	
889	65.993634	15.675644	
890	66.385400	15.755288	
891	66.791996	15.824509	
892	67.208143	15.888338	
893	67.626992	15.953826	
894	68.041994	16.027810	
895	68.448945	16.114071	
896	68.847608	16.210640	
897	69.242008	16.309211	
898	69.638726	16.399501	
899	70.044023	16.475093	
900	70.461530	16.534904	
901	70.891392	16.581497	
902	71.330624	16.619985	
903	71.774654	16.657468	
904	72.219966	16.700671	
905	72.664894	16.752866	
906	73.106286	16.815209	
907	73.536246	16.891226	
908	73.944554	16.986489	
909	74.324527	17.103583	
910	74.675755	17.240119	
911	75.002605	17.390645	
912	75.311833	17.547793	
913	75.610734	17.702524	
914	75.905213	17.845453	
915	76.198117	17.968177	
916	76.489409	18.063051	
917	76.777722	18.123194	
918	77.061219	18.145229	
919	77.338515	18.132452	
920	77.610209	18.094790	
921	77.878714	18.046618	
922	78.146508	18.003612	
923	78.414993	17.977410	
924	78.683667	17.971238	
925	78.950047	17.982085	
926	79.211654	18.006862	
927	79.467960	18.045399	
928	79.719599	18.099128	
929	79.966641	18.169200	
930	80.209587	18.255019	
931	80.451743	18.352114	
932	80.697977	18.452655	
933	80.950066	18.550470	
934	81.204685	18.643538	
935	81.456331	18.730149	
936	81.700829	18.806209	
937	81.936044	18.868058	
938	82.160836	18.915389	
939	82.374495	18.950615	
940	82.577300	18.976876	
941	82.771459	18.996892	
942	82.961114	19.012821	
943	83.150801	19.026313	
944	83.343270	19.038075	
945	83.538720	19.047246	
946	83.736414	19.051032	
947	83.936567	19.046137	
948	84.140218	19.032431	
949	84.348032	19.013997	
950	84.559890	18.995938	
951	84.775121	18.982041	
952	84.993062	18.974203	
953	85.214146	18.971214	
954	85.439939	18.968926	
955	85.671015	18.963064	
956	85.904957	18.951526	
957	86.136817	18.934060	
958	86.361370	18.910956	
959	86.574925	18.883578	
960	86.775600	18.855636	
961	86.963300	18.831797	
962	87.140002	18.815051	
963	87.309062	18.805968	
964	87.473347	18.803128	
965	87.633969	18.803723	
966	87.790815	18.804511	
967	87.943678	18.802228	
968	88.092617	18.793546	
969	88.237904	18.776199	
970	88.379479	18.751164	
971	88.515782	18.723572	
972	88.643242	18.701429	
973	88.757413	18.692918	
974	88.855316	18.703062	
975	88.937516	18.730783	
976	89.008315	18.768573	
977	89.073028	18.806610	
978	89.134394	18.838423	
979	89.192233	18.862817	
980	89.245725	18.881897	
981	89.294708	18.898512	
982	89.339294	18.915063	
983	89.378606	18.933400	
984	89.409967	18.954367	
985	89.429914	18.977373	
986	89.435336	19.000971	
987	89.422987	19.023529	
988	89.389236	19.044507	
989	89.331252	19.067096	
990	89.248143	19.098439	
991	89.141505	19.145044	
992	89.015716	19.207725	
993	88.877371	19.280347	
994	88.733104	19.352616	
995	88.587436	19.415663	
996	88.442499	19.467026	
997	88.298824	19.511030	
998	88.156072	19.554917	
999	88.014220	19.604450	
1000	87.874264	19.661327	
1001	87.736889	19.722478	
1002	87.600954	19.780941	
1003	87.463879	19.827636	
1004	87.322643	19.854075	
1005	87.173503	19.855580	
1006	87.010415	19.834104	
1007	86.825252	19.799613	
1008	86.613637	19.764980	
1009	86.380798	19.736659	
1010	86.138788	19.712328	
1011	85.899557	19.686118	
1012	85.671286	19.653419	
1013	85.457228	19.612631	
1014	85.255470	19.565202	
1015	85.059758	19.514487	
1016	84.860743	19.463876	
1017	84.647751	19.415320	
1018	84.411499	19.368924	
1019	84.146233	19.323989	
1020	83.850024	19.280633	
1021	83.524837	19.240544	
1022	83.177034	19.206641	
1023	82.816338	19.182259	
1024	82.452753	19.170479	
1025	82.093159	19.173423	
1026	81.739649	19.191129	
1027	81.390484	19.220734	
1028	81.042365	19.256251	
1029	80.692368	19.288383	
1030	80.338566	19.306749	
1031	79.979378	19.304311	
1032	79.613486	19.278287	
1033	79.240927	19.228028	
1034	78.863797	19.154558	
1035	78.484938	19.061035	
1036	78.104356	18.952659	
1037	77.716817	18.836073	
1038	77.314568	18.718147	
1039	76.892241	18.605165	
1040	76.449224	18.501274	
1041	75.989534	18.405812	
1042	75.519197	18.314321	
1043	75.042305	18.224088	
1044	74.560444	18.138264	
1045	74.075647	18.065525	
1046	73.592356	18.019131	
1047	73.117478	18.014905	
1048	72.659478	18.059219	
1049	72.225274	18.137131	
1050	71.816727	18.221640	
1051	71.430711	18.291939	
1052	71.061496	18.339813	
1053	70.702167	18.368655	
1054	70.345201	18.390770	
1055	69.982760	18.421005	
1056	69.606948	18.470329	
1057	69.212043	18.542272	
1058	68.797824	18.631229	
1059	68.368695	18.725550	
1060	67.928713	18.814361	
1061	67.479305	18.890454	
1062	67.020998	18.949291	
1063	66.554264	18.988647	
1064	66.077986	19.008821	
1065	65.588833	19.012711	
1066	65.083158	19.004505	
1067	64.558532	18.987093	
1068	64.013546	18.962401	
1069	63.449131	18.934425	
1070	62.871568	18.909749	
1071	62.292111	18.895246	
1072	61.721785	18.895685	
1073	61.165897	18.911715	
1074	60.622430	18.938629	
1075	60.084672	18.966901	
1076	59.545485	18.985143	
1077	59.000300	18.984604	
1078	58.447240	18.962028	
1079	57.884820	18.920589	
1080	57.310721	18.870657	
1081	56.723773	18.828034	
1082	56.125293	18.808406	
1083	55.516702	18.820982	
1084	54.896772	18.864379	
1085	54.261719	18.927733	
1086	53.607715	18.995616	
1087	52.932861	19.051810	
1088	52.235846	19.082900	
1089	51.514162	19.082865	
1090	50.765972	19.054520	
1091	49.993169	19.007850	
1092	49.201836	18.957343	
1093	48.400513	18.917724	
1094	47.597166	18.900738	
1095	46.795661	18.914089	
1096	45.994595	18.959174	
1097	45.190053	19.029420	
1098	44.379819	19.111868	
1099	43.565790	19.189294	
1100	42.753763	19.242549	
1101	41.952163	19.252901	
1102	41.171428	19.200847	
1103	40.423197	19.064049	
1104	39.717549	18.820196	
1105	39.058527	18.453817	
1106	38.440146	17.963661	
1107	37.845394	17.370805	
1108	37.250110	16.722234	
1109	36.630970	16.080122	
1110	35.972142	15.505166	
1111	35.266596	15.047681	
1112	34.512644	14.746147	
1113	33.710528	14.622529	
1114	32.864208	14.662989	
1115	31.985616	14.807122	
1116	31.093792	14.975246	
1117	30.208644	15.105761	
1118	29.346203	15.164796	
1119	28.516694	15.137929	
1120	27.723319	15.024347	
1121	26.962304	14.834000	
1122	26.224870	14.581792	
1123	25.501434	14.280220	
1124	24.785597	13.936722	
1125	24.074114	13.555756	
1126	23.364508	13.140646	
1127	22.654537	12.694865	
1128	21.943358	12.224222	
1129	21.232279	11.737453	
1130	20.524469	11.244320	
1131	19.824089	10.754594	
1132	19.134883	10.277799	
1133	18.458308	9.820813	
1134	17.792770	9.385520	
1135	17.134725	8.970259	
1136	16.479993	8.573778	
1137	15.824819	8.198375	
1138	15.167575	7.849726	
1139	14.510314	7.533503	
1140	13.858099	7.253466	
1141	13.216218	7.012234	
1142	12.588101	6.810169	
1143	11.975274	6.643867	
1144	11.378075	6.508851	
1145	10.796303	6.403174	
1146	10.229726	6.327262	
1147	9.678488	6.281402	
1148	9.143533	6.263758	
1149	8.626404	6.269935	
1150	8.127997	6.293664	
1151	7.647427	6.328214	
1152	7.182150	6.368695	
1153	6.729362	6.413286	
1154	6.287570	6.461857	
1155	5.856783	6.514153	
1156	5.437263	6.569053	
1157	5.028490	6.624172	
1158	4.629678	6.675195	
1159	4.241069	6.715117	
1160	3.864194	6.735129	
1161	3.501286	6.727917	
1162	3.155176	6.690585	
1163	2.829318	6.624531	
1164	2.527205	6.533222	
1165	2.251483	6.420984	
1166	2.002600	6.294569	
1167	1.776769	6.166046	
1168	1.564776	6.053346	
1169	1.354255	5.974883	
1170	1.135277	5.940591	
1171	0.904397	5.948716	
1172	0.663695	5.991392	
1173	0.417652	6.061288	
1174	0.171066	6.153751	
1175	-0.071971	6.265539	
1176	-0.308263	6.392206	
1177	-0.535685	6.526184	
1178	-0.753735	6.657088	
1179	-0.963178	6.773189	
1180	-1.165127	6.862444	
1181	-1.361064	6.913834	
1182	-1.552929	6.919677	
1183	-1.742695	6.877428	
1184	-1.932529	6.790011	
1185	-2.124352	6.665143	
1186	-2.318548	6.514657	
1187	-2.514294	6.353465	
1188	-2.710866	6.196324	
1189	-2.907686	6.053449	
1190	-3.103815	5.928395	
1191	-3.298048	5.819069	
1192	-3.489229	5.720532	
1193	-3.676520	5.627628	
1194	-3.859264	5.535263	
1195	-4.036123	5.437421	
1196	-4.204268	5.327882	
1197	-4.359853	5.202150	
1198	-4.500167	5.058654	
1199	-4.625703	4.898947	
1200	-4.740091	4.727708	
1201	-4.848857	4.553143	
1202	-4.958291	4.385998	
1203	-5.073944	4.236278	
1204	-5.199233	4.109829	
1205	-5.335184	4.006469	
1206	-5.480785	3.920293	
1207	-5.633096	3.841770	
1208	-5.787495	3.760079	
1209	-5.938692	3.665280	
1210	-6.082307	3.550589	
1211	-6.216190	3.413979	
1212	-6.340734	3.258462	
1213	-6.458215	3.091094	
1214	-6.571742	2.920984	
1215	-6.684557	2.757344	
1216	-6.799478	2.608231	
1217	-6.917900	2.479462	
1218	-7.039392	2.374209	
1219	-7.162666	2.294044	
1220	-7.286526	2.239730	
1221	-7.409436	2.210115	
1222	-7.528455	2.200708	
1223	-7.638857	2.203547	
1224	-7.734576	2.208018	
1225	-7.809912	2.203151	
1226	-7.862375	2.181524	
1227	-7.893906	2.141292	
1228	-7.909152	2.084242	
1229	-7.912918	2.013534	
1230	-7.908771	1.933746	
1231	-7.898981	1.851017	
1232	-7.885061	1.771823	
1233	-7.868262	1.701400	
1234	-7.849701	1.642641	
1235	-7.830050	1.595792	
1236	-7.809044	1.559174	
1237	-7.785181	1.530394	
1238	-7.755801	1.506893	
1239	-7.717621	1.485693	
1240	-7.667738	1.463517	
1241	-7.604686	1.437657	
1242	-7.528784	1.406434	
1243	-7.441526	1.369189	
1244	-7.345002	1.326505	
1245	-7.242076	1.280308	
1246	-7.136868	1.234324	
1247	-7.034770	1.194211	
1248	-6.941287	1.165090	
1249	-6.860238	1.148797	
1250	-6.793149	1.144536	
1251	-6.739937	1.150779	
1252	-6.699446	1.165639	
1253	-6.669630	1.186848	
1254	-6.648088	1.212224	
1255	-6.632561	1.239784	
1256	-6.620930	1.267330	
1257	-6.611411	1.292345	
1258	-6.603118	1.312572	
1259	-6.596146	1.326450	
1260	-6.591021	1.332938	
1261	-6.588171	1.331356	
1262	-6.587738	1.321641	
1263	-6.589744	1.305245	
1264	-6.594442	1.285922	
1265	-6.602361	1.268474	
1266	-6.614056	1.255964	
1267	-6.629886	1.248357	
1268	-6.649802	1.243630	
1269	-6.673118	1.239299	
1270	-6.698486	1.232518	
1271	-6.724231	1.219864	
1272	-6.748828	1.198536	
1273	-6.770998	1.167724	
1274	-6.789496	1.127963	
1275	-6.803124	1.079257	
1276	-6.810825	1.020030	
1277	-6.811850	0.947610	
1278	-6.806592	0.860471	
1279	-6.797722	0.761476	
1280	-6.790513	0.659435	
1281	-6.791694	0.567451	
1282	-6.806773	0.498337	
1283	-6.836975	0.458319	
1284	-6.878618	0.444143	
1285	-6.925762	0.446981	
1286	-6.973244	0.457719	
1287	-7.017681	0.468800	
1288	-7.057026	0.474602	
1289	-7.090515	0.472100	
1290	-7.118921	0.460799	
1291	-7.143631	0.441676	
1292	-7.165155	0.416467	
1293	-7.182521	0.386898	
1294	-7.193627	0.353552	
1295	-7.196461	0.316751	
1296	-7.190317	0.278371	
1297	-7.175751	0.240844	
1298	-7.154198	0.204994	
1299	-7.128218	0.170212	
1300	-7.100995	0.135722	
1301	-7.074872	0.100719	
1302	-7.050595	0.064366	
1303	-7.027245	0.026559	
1304	-7.002371	-0.011417	
1305	-6.972919	-0.047036	
1306	-6.936724	-0.076989	
1307	-6.893286	-0.097692	
1308	-6.843567	-0.106184	
1309	-6.789586	-0.100652	
1310	-6.733696	-0.079889	
1311	-6.677432	-0.042404	
1312	-6.620726	0.014096	
1313	-6.561953	0.092523	
1314	-6.498204	0.195012	
1315	-6.425507	0.320998	
1316	-6.339524	0.466135	
1317	-6.236495	0.622615	
1318	-6.113631	0.781016	
1319	-5.969592	0.933040	
1320	-5.805720	1.073807	
1321	-5.626579	1.202363	
1322	-5.438755	1.320299	
1323	-5.249491	1.430313	
1324	-5.066025	1.535364	
1325	-4.894114	1.637191	
1326	-4.735549	1.734291	
1327	-4.586657	1.820993	
1328	-4.439562	1.889596	
1329	-4.286005	1.935271	
1330	-4.120679	1.958837	
1331	-3.941183	1.964065	
1332	-3.746087	1.953680	
1333	-3.534330	1.928772	
1334	-3.305806	1.890914	
1335	-3.062182	1.844667	
1336	-2.807711	1.798548	
1337	-2.547885	1.762364	
1338	-2.286354	1.742814	
1339	-2.024036	1.742883	
1340	-1.761048	1.765320	
1341	-1.498750	1.814926	
1342	-1.239594	1.896778	
1343	-0.985247	2.011965	
1344	-0.734964	2.153837	
1345	-0.484690	2.307621	
1346	-0.227849	2.454656	
1347	0.041473	2.578482	
1348	0.325913	2.669546	
1349	0.625256	2.727761	
1350	0.938342	2.761188	
1351	1.264441	2.780349	
1352	1.604097	2.792409	
1353	1.959634	2.799635	
1354	2.334514	2.802647	
1355	2.731883	2.804897	
1356	3.153480	2.813704	
1357	3.598815	2.837627	
1358	4.065105	2.884024	
1359	4.549374	2.957426	
1360	5.051262	3.057742	
1361	5.572997	3.181430	
1362	6.116530	3.325826	
1363	6.681379	3.491414	
1364	7.265079	3.680515	
1365	7.865123	3.894681	
1366	8.480772	4.132341	
1367	9.114151	4.387852	
1368	9.769932	4.652085	
1369	10.453498	4.913619	
1370	11.168901	5.159953	
1371	11.917276	5.378500	
1372	12.696192	5.557920	
1373	13.500404	5.690948	
1374	14.322921	5.777755	
1375	15.155499	5.826974	
1376	15.989224	5.852988	
1377	16.816896	5.871004	
1378	17.636193	5.893196	
1379	18.448859	5.926059	
1380	19.256444	5.967851	
1381	20.058434	6.010059	
1382	20.854197	6.043338	
1383	21.645473	6.062713	
1384	22.436132	6.070074	
1385	23.229664	6.072792	
1386	24.027391	6.078478	
1387	24.828151	6.091334	
1388	25.628963	6.113334	
1389	26.426898	6.145873	
1390	27.221101	6.189916	
1391	28.013148	6.247266	
1392	28.805960	6.321288	
1393	29.602687	6.415264	
1394	30.405593	6.531203	
1395	31.215010	6.671001	
1396	32.029615	6.838730	
1397	32.847879	7.041046	
1398	33.668515	7.284535	
1399	34.489253	7.572246	
1400	35.305874	7.901506	
1401	36.113219	8.264616	
1402	36.907394	8.652202	
1403	37.687188	9.055153	
1404	38.454164	9.463577	
1405	39.212296	9.866344	
1406	39.967425	10.253047	
1407	40.726150	10.615751	
1408	41.493917	10.948783	
1409	42.272537	11.249430	
1410	43.058716	11.520498	
1411	43.845918	11.770114	
1412	44.628092	12.007501	
1413	45.401499	12.238786	
1414	46.164308	12.465812	
1415	46.914984	12.688559	
1416	47.650199	12.908323	
1417	48.365025	13.127949	
1418	49.056172	13.349504	
1419	49.724109	13.571742	
1420	50.371711	13.789245	
1421	51.002167	13.994196	
1422	51.617655	14.179950	
1423	52.217887	14.344184	
1424	52.799678	14.489178	
1425	53.358910	14.619134	
1426	53.894113	14.736356	
1427	54.409421	14.838929	
1428	54.913902	14.923519	
1429	55.417238	14.991039	
1430	55.926071	15.046884	
1431	56.443708	15.094819	
1432	56.971056	15.133333	
1433	57.506317	15.158354	
1434	58.044545	15.167395	
1435	58.578788	15.161303	
1436	59.102863	15.143275	
1437	59.614630	15.116710	
1438	60.117013	15.085303	
1439	60.615140	15.054513	
1440	61.112090	15.031127	
1441	61.606656	15.022159	
1442	62.093775	15.034206	
1443	62.566916	15.071681	
1444	63.022273	15.134869	
1445	63.462433	15.219827	
1446	63.895790	15.320598	
1447	64.332116	15.433027	
1448	64.778433	15.556429	
1449	65.237568	15.691097	
1450	65.708922	15.835523	
1451	66.190122	15.985707	
1452	66.677973	16.136486	
1453	67.167981	16.285462	
1454	67.653627	16.436579	
1455	68.126993	16.599313	
1456	68.580555	16.784236	
1457	69.008549	16.998304	
1458	69.407666	17.241799	
1459	69.777921	17.507089	
1460	70.122943	17.779585	
1461	70.448601	18.041481	
1462	70.760990	18.275991	
1463	71.066467	18.467326	
1464	71.373267	18.597775	
1465	71.690712	18.651157	
1466	72.026105	18.622510	
1467	72.382401	18.521632	
1468	72.756688	18.368273	
1469	73.140048	18.186898	
1470	73.521641	18.001053	
1471	73.895287	17.826620	
1472	74.262629	17.670088	
1473	74.630408	17.532110	
1474	75.005237	17.411209	
1475	75.391263	17.305407	
1476	75.790919	17.212346	
1477	76.204577	17.130679	
1478	76.628980	17.062615	
1479	77.057817	17.012732	
1480	77.483720	16.983815	
1481	77.898198	16.976153	
1482	78.289999	16.989880	
1483	78.646814	17.024553	
1484	78.961076	17.076201	
1485	79.233753	17.136642	
1486	79.474012	17.194719	
1487	79.696819	17.238243	
1488	79.917506	17.259531	
1489	80.146146	17.261346	
1490	80.387254	17.255514	
1491	80.643065	17.254909	
1492	80.915486	17.266679	
1493	81.205563	17.291576	
1494	81.511688	17.328271	
1495	81.827967	17.378910	
1496	82.144244	17.450748	
1497	82.448909	17.550217	
1498	82.733098	17.674631	
1499	82.992891	17.811852	
1500	83.228410	17.949438	
1501	83.441878	18.083424	
1502	83.636658	18.217617	
1503	83.816775	18.355667	
1504	83.986165	18.494859	
1505	84.148942	18.626998	
1506	84.310669	18.743114	
1507	84.478197	18.835203	
1508	84.656771	18.895956	
1509	84.847888	18.920005	
1510	85.051177	18.905544	
1511	85.265951	18.856160	
1512	85.488696	18.781343	
1513	85.711583	18.693099	
1514	85.925561	18.601416	
1515	86.124626	18.511928	
1516	86.307477	18.426386	
1517	86.475945	18.345834	
1518	86.632579	18.273805	
1519	86.779768	18.215531	
1520	86.920167	18.174172	
1521	87.057584	18.148960	
1522	87.196831	18.137095	
1523	87.341670	18.136144	
1524	87.492631	18.144115	
1525	87.646633	18.157920	
1526	87.798408	18.172694	
1527	87.942558	18.183408	
1528	88.075084	18.187115	
1529	88.193791	18.183959	
1530	88.297946	18.177127	
1531	88.388009	18.171095	
1532	88.465368	18.168792	
1533	88.531862	18.170651	
1534	88.589310	18.175835	
1535	88.638875	18.183729	
1536	88.680754	18.194519	
1537	88.714858	18.208213	
1538	88.741424	18.223306	
1539	88.760764	18.237305	
1540	88.772680	18.248739	
1541	88.776294	18.258267	
1542	88.770951	18.267549	
1543	88.757560	18.277484	
1544	88.738312	18.288038	
1545	88.715316	18.299144	
1546	88.690410	18.311054	
1547	88.665726	18.324342	
1548	88.643521	18.340272	
1549	88.625110	18.361084	
1550	88.609797	18.389180	
1551	88.595082	18.425315	
1552	88.577805	18.468040	
1553	88.554573	18.516132	
1554	88.521142	18.571253	
1555	88.472716	18.636413	
1556	88.406340	18.710997	
1557	88.322590	18.788186	
1558	88.224623	18.857295	
1559	88.116773	18.907860	
1560	88.003614	18.932242	
1561	87.888409	18.926081	
1562	87.770826	18.887766	
1563	87.643737	18.820470	
1564	87.490779	18.736181	
1565	87.292817	18.651847	
1566	87.043737	18.576829	
1567	86.757220	18.507784	
1568	86.455908	18.436219	
1569	86.158779	18.356167	
1570	85.878366	18.265396	
1571	85.622861	18.164349	
1572	85.396589	18.056296	
1573	85.198274	17.948117	
1574	85.019664	17.849479	
1575	84.845915	17.771056	
1576	84.655719	17.726049	
1577	84.422185	17.732921	
1578	84.124678	17.805985	
1579	83.770063	17.931618	
1580	83.395263	18.058215	
1581	83.040386	18.124176	
1582	82.723498	18.097988	
1583	82.438280	17.990013	
1584	82.162909	17.841043	
1585	81.870124	17.704551	
1586	81.540749	17.621819	
1587	81.172604	17.604206	
1588	80.774433	17.638317	
1589	80.355637	17.700671	
1590	79.923386	17.767728	
1591	79.483371	17.824128	
1592	79.040066	17.868751	
1593	78.596642	17.912953	
1594	78.155470	17.971521	
1595	77.719193	18.053082	
1596	77.291406	18.153863	
1597	76.876760	18.255563	
1598	76.479484	18.333557	
1599	76.099661	18.373816	
1600	75.731258	18.380174	
1601	75.364763	18.365327	
1602	74.991321	18.339499	
1603	74.605036	18.306018	
1604	74.202982	18.262649	
1605	73.784255	18.206320	
1606	73.349369	18.137911	
1607	72.899213	18.063159	
1608	72.434018	17.989936	
1609	71.954882	17.924591	
1610	71.466346	17.869080	
1611	70.975515	17.822011	
1612	70.488360	17.782794	
1613	70.007177	17.752169	
1614	69.530855	17.729433	
1615	69.057281	17.712660	
1616	68.584968	17.701103	
1617	68.112691	17.695343	
1618	67.639539	17.695862	
1619	67.164933	17.702734	
1620	66.686614	17.716877	
1621	66.199481	17.741023	
1622	65.698267	17.778088	
1623	65.181366	17.827931	
1624	64.651856	17.886110	
1625	64.115719	17.945399	
1626	63.579275	17.998330	
1627	63.046718	18.039879	
1628	62.518088	18.070016	
1629	61.989158	18.094781	
1630	61.453937	18.123868	
1631	60.907014	18.164943	
1632	60.343990	18.219875	
1633	59.762142	18.286887	
1634	59.162260	18.364084	
1635	58.549278	18.449294	
1636	57.929666	18.538346	
1637	57.307212	18.624632	
1638	56.681349	18.699202	
1639	56.050009	18.751782	
1640	55.413632	18.773438	
1641	54.775515	18.758337	
1642	54.138496	18.703807	
1643	53.501690	18.611361	
1644	52.859898	18.487969	
1645	52.206142	18.345052	
1646	51.534294	18.198987	
1647	50.839086	18.073482	
1648	50.117747	17.991092	
1649	49.374307	17.956921	
1650	48.619163	17.957787	
1651	47.863220	17.976659	
1652	47.113312	18.002915	
1653	46.371054	18.032725	
1654	45.633950	18.063288	
1655	44.897774	18.087199	
1656	44.158349	18.095178	
1657	43.411719	18.084130	
1658	42.653848	18.059109	
1659	41.881877	18.028448	
1660	41.096621	17.999468	
1661	40.303159	17.976597	
1662	39.508539	17.959611	
1663	38.719383	17.941878	
1664	37.940930	17.910996	
1665	37.176367	17.852774	
1666	36.425627	17.755271	
1667	35.684491	17.609664	
1668	34.945332	17.410302	
1669	34.199584	17.157501	
1670	33.439712	16.860610	
1671	32.659529	16.537219	
1672	31.855250	16.207719	
1673	31.028064	15.886191	
1674	30.184794	15.573871	
1675	29.334543	15.263175	
1676	28.484246	14.946601	
1677	27.637554	14.618903	
1678	26.796886	14.274651	
1679	25.964987	13.908208	
1680	25.144689	13.515635	
1681	24.338237	13.096123	
1682	23.547387	12.651704	
1683	22.773668	12.185452	
1684	22.017840	11.700262	
1685	21.279274	11.199279	
1686	20.555634	10.687751	
1687	19.842772	10.174027	
1688	19.136542	9.666707	
1689	18.435871	9.170810	
1690	17.743287	8.688585	
1691	17.062861	8.223239	
1692	16.398298	7.779759	
1693	15.751426	7.362292	
1694	15.121061	6.972008	
1695	14.504021	6.607489	
1696	13.898016	6.265685	
1697	13.303032	5.942312	
1698	12.719924	5.633595	
1699	12.148380	5.338899	
1700	11.585747	5.061990	
1701	11.026925	4.810698	
1702	10.465649	4.594316	
1703	9.896902	4.418514	
1704	9.319604	4.281393	
1705	8.738416	4.173911	
1706	8.163102	4.083701	
1707	7.605330	3.999502	
1708	7.075024	3.914471	
1709	6.578356	3.828048	
1710	6.117456	3.745731	
1711	5.691310	3.675604	
1712	5.297434	3.624113	
1713	4.932670	3.595020	
1714	4.591960	3.590723	
1715	4.266889	3.612525	
1716	3.946524	3.658952	
1717	3.620854	3.724841	
1718	3.284264	3.802692	
1719	2.936992	3.882034	
1720	2.584732	3.946325	
1721	2.236244	3.975447	
1722	1.899757	3.954162	
1723	1.580583	3.877234	
1724	1.280499	3.749236	
1725	0.998448	3.583104	
1726	0.732639	3.395956	
1727	0.482283	3.202034	
1728	0.246668	3.009914	
1729	0.023711	2.825267	
1730	-0.188890	2.652238	
1731	-0.391435	2.491311	
1732	-0.581525	2.337526	
1733	-0.755285	2.182239	
1734	-0.910035	2.018924	
1735	-1.046614	1.849085	
1736	-1.169078	1.682677	
1737	-1.282557	1.532989	
1738	-1.391950	1.410457	
1739	-1.501763	1.318540	
1740	-1.615968	1.253821	
1741	-1.738309	1.210830	
1742	-1.872651	1.187102	
1743	-2.022126	1.183604	
1744	-2.187956	1.201098	
1745	-2.368878	1.235992	
1746	-2.560931	1.278762	
1747	-2.758280	1.315670	
1748	-2.954788	1.330897	
1749	-3.144986	1.308017	
1750	-3.324786	1.234514	
1751	-3.492195	1.107071	
1752	-3.647497	0.930516	
1753	-3.793454	0.713649	
1754	-3.935479	0.467710	
1755	-4.080722	0.204761	
1756	-4.235880	-0.065160	
1757	-4.404898	-0.335088	
1758	-4.588184	-0.600281	
1759	-4.783385	-0.857811	
1760	-4.986573	-1.107036	
1761	-5.193499	-1.349197	
1762	-5.400612	-1.585824	
1763	-5.605328	-1.817707	
1764	-5.805806	-2.044713	
1765	-6.001250	-2.265405	
1766	-6.192242	-2.476786	
1767	-6.379831	-2.674740	
1768	-6.564611	-2.854967	
1769	-6.747225	-3.013671	
1770	-6.928915	-3.147786	
1771	-7.110847	-3.255514	
1772	-7.292683	-3.337097	
1773	-7.471988	-3.394734	
1774	-7.645442	-3.432237	
1775	-7.810119	-3.455464	
1776	-7.963312	-3.472204	
1777	-8.102178	-3.490340	
1778	-8.224519	-3.515156	
1779	-8.329764	-3.547539	
1780	-8.419005	-3.584348	
1781	-8.494806	-3.619845	
1782	-8.560790	-3.647837	
1783	-8.620023	-3.665224	
1784	-8.673652	-3.673759	
1785	-8.721071	-3.678608	
1786	-8.760589	-3.686577	
1787	-8.790339	-3.704364	
1788	-8.809419	-3.736076	
1789	-8.818568	-3.781598	
1790	-8.819919	-3.837610	
1791	-8.815922	-3.900324	
1792	-8.808081	-3.967344	
1793	-8.796508	-4.037630	
1794	-8.780622	-4.109994	
1795	-8.760246	-4.181411	
1796	-8.736041	-4.246857	
1797	-8.708859	-4.300986	
1798	-8.678690	-4.340041	
1799	-8.644287	-4.363253	
1800	-8.603791	-4.373488	
1801	-8.555725	-4.376105	
1802	-8.499336	-4.377088	
1803	-8.434383	-4.382073	
1804	-8.361126	-4.394926	
1805	-8.280527	-4.416233	
1806	-8.194363	-4.444402	
1807	-8.105254	-4.477447	
1808	-8.016151	-4.512087	
1809	-7.929174	-4.542274	
1810	-7.845154	-4.559300	
1811	-7.764865	-4.552688	
1812	-7.690541	-4.512673	
1813	-7.625834	-4.434285	
1814	-7.574611	-4.320107	
1815	-7.539793	-4.179494	
1816	-7.522366	-4.024807	
1817	-7.521254	-3.867294	
1818	-7.534632	-3.714506	
1819	-7.561187	-3.569521	
1820	-7.600243	-3.431669	
1821	-7.651455	-3.298397	
1822	-7.714205	-3.168109	
1823	-7.786278	-3.043058	
1824	-7.862477	-2.930618	
1825	-7.935789	-2.840267	
1826	-8.001495	-2.777101	
1827	-8.059051	-2.739428	
1828	-8.109621	-2.722778	
1829	-8.154004	-2.723313	
1830	-8.192986	-2.738184	
1831	-8.227560	-2.765892	
1832	-8.258463	-2.806539	
1833	-8.286314	-2.860863	
1834	-8.312331	-2.928849	
1835	-8.339001	-3.008589	
1836	-8.369810	-3.096423	
1837	-8.407616	-3.189390	
1838	-8.452803	-3.288223	
1839	-8.502569	-3.397511	
1840	-8.552581	-3.521216	
1841	-8.600497	-3.656184	
1842	-8.647700	-3.791041	
1843	-8.697618	-3.912655	
1844	-8.753164	-4.012701	
1845	-8.815531	-4.088975	
1846	-8.884334	-4.143481	
1847	-8.958102	-4.180511	
1848	-9.034732	-4.205101	
1849	-9.112377	-4.221146	
1850	-9.189979	-4.231158	
1851	-9.266481	-4.237742	
1852	-9.340063	-4.243748	
1853	-9.408494	-4.252288	
1854	-9.469820	-4.267724	
1855	-9.523236	-4.294281	
1856	-9.570547	-4.332265	
1857	-9.616765	-4.376188	
1858	-9.667470	-4.417905	
