Athlete_Engineering	// User ID
11-2-2021	// Evaluation date
P005_FLEX	24-1-2021	15:45:06:221	// Source file name and timestamp
250.000	// Sampling rate
6.811	// Data capture period



Sample #	Right_Leg_Flexion	Right_Leg_Abduction	
0	-10.989336	-4.384357	
1	-11.006259	-4.345912	
2	-11.022466	-4.315900	
3	-11.037065	-4.296345	
4	-11.049365	-4.287750	
5	-11.059398	-4.288709	
6	-11.067962	-4.296373	
7	-11.076158	-4.307414	
8	-11.084602	-4.318623	
9	-11.092814	-4.327452	
10	-11.099600	-4.332816	
11	-11.103990	-4.335376	
12	-11.105523	-4.336887	
13	-11.104145	-4.339338	
14	-11.100603	-4.344593	
15	-11.096570	-4.354198	
16	-11.093753	-4.368850	
17	-11.093044	-4.388293	
18	-11.094611	-4.411669	
19	-11.098250	-4.436872	
20	-11.103286	-4.459427	
21	-11.108363	-4.473813	
22	-11.111599	-4.477620	
23	-11.111301	-4.474211	
24	-11.106955	-4.470645	
25	-11.099478	-4.473300	
26	-11.090358	-4.484948	
27	-11.080735	-4.504663	
28	-11.071384	-4.529291	
29	-11.063190	-4.554153	
30	-11.057029	-4.573961	
31	-11.053348	-4.585005	
32	-11.052396	-4.585552	
33	-11.054357	-4.574596	
34	-11.058907	-4.552303	
35	-11.065162	-4.521557	
36	-11.071880	-4.488469	
37	-11.077576	-4.460493	
38	-11.080974	-4.442732	
39	-11.081406	-4.436117	
40	-11.078849	-4.438306	
41	-11.074094	-4.445256	
42	-11.068736	-4.453118	
43	-11.064546	-4.459785	
44	-11.062801	-4.464946	
45	-11.063980	-4.469296	
46	-11.067528	-4.473723	
47	-11.071640	-4.478970	
48	-11.073888	-4.486132	
49	-11.072631	-4.496843	
50	-11.067836	-4.512487	
51	-11.060752	-4.533668	
52	-11.052904	-4.560336	
53	-11.045364	-4.591729	
54	-11.038619	-4.626245	
55	-11.032315	-4.661668	
56	-11.025231	-4.695463	
57	-11.016313	-4.725023	
58	-11.005931	-4.748280	
59	-10.996104	-4.764515	
60	-10.989714	-4.774469	
61	-10.989403	-4.779179	
62	-10.996818	-4.778872	
63	-11.012301	-4.773872	
64	-11.034556	-4.766362	
65	-11.060385	-4.760065	
66	-11.085364	-4.758155	
67	-11.105398	-4.762091	
68	-11.118345	-4.771818	
69	-11.124707	-4.786126	
70	-11.126516	-4.803164	
71	-11.125720	-4.821092	
72	-11.123686	-4.838438	
73	-11.121344	-4.854409	
74	-11.119483	-4.868868	
75	-11.118834	-4.881661	
76	-11.119550	-4.892432	
77	-11.120918	-4.901447	
78	-11.121772	-4.909884	
79	-11.121483	-4.918684	
80	-11.121265	-4.927550	
81	-11.123974	-4.935297	
82	-11.131819	-4.940703	
83	-11.144702	-4.943196	
84	-11.160881	-4.943371	
85	-11.178471	-4.942827	
86	-11.195897	-4.943261	
87	-11.211101	-4.945566	
88	-11.221052	-4.949538	
89	-11.222725	-4.954114	
90	-11.214863	-4.957642	
91	-11.199054	-4.958187	
92	-11.179419	-4.954273	
93	-11.161340	-4.945457	
94	-11.149693	-4.931884	
95	-11.147063	-4.913166	
96	-11.153215	-4.888114	
97	-11.166312	-4.856147	
98	-11.184437	-4.818864	
99	-11.205873	-4.780065	
100	-11.228608	-4.744542	
101	-11.250289	-4.716268	
102	-11.268627	-4.697043	
103	-11.281615	-4.686711	
104	-11.287855	-4.684131	
105	-11.287193	-4.687775	
106	-11.280669	-4.696203	
107	-11.269551	-4.708682	
108	-11.254639	-4.725323	
109	-11.236472	-4.746222	
110	-11.215836	-4.770362	
111	-11.193742	-4.795545	
112	-11.171003	-4.819514	
113	-11.148627	-4.840811	
114	-11.128494	-4.858516	
115	-11.112818	-4.871954	
116	-11.103063	-4.881325	
117	-11.099376	-4.888564	
118	-11.100363	-4.897044	
119	-11.103167	-4.909892	
120	-11.104389	-4.928167	
121	-11.101688	-4.950386	
122	-11.094529	-4.973906	
123	-11.083580	-4.996711	
124	-11.070046	-5.017459	
125	-11.055322	-5.034559	
126	-11.040644	-5.046405	
127	-11.027223	-5.052240	
128	-11.016644	-5.052133	
129	-11.010544	-5.046495	
130	-11.009841	-5.035919	
131	-11.014448	-5.021428	
132	-11.023440	-5.004785	
133	-11.035224	-4.988347	
134	-11.047776	-4.974375	
135	-11.059334	-4.964300	
136	-11.069170	-4.958554	
137	-11.077533	-4.957027	
138	-11.084863	-4.959890	
139	-11.091159	-4.968368	
140	-11.096019	-4.984108	
141	-11.099410	-5.007275	
142	-11.102216	-5.036002	
143	-11.105564	-5.067781	
144	-11.109677	-5.100588	
145	-11.113733	-5.133049	
146	-11.116785	-5.164384	
147	-11.118615	-5.194377	
148	-11.119592	-5.223428	
149	-11.119782	-5.252765	
150	-11.118433	-5.284453	
151	-11.114369	-5.320445	
152	-11.107053	-5.360671	
153	-11.097210	-5.401839	
154	-11.086323	-5.438407	
155	-11.076128	-5.464943	
156	-11.068388	-5.477747	
157	-11.063912	-5.475041	
158	-11.061738	-5.457390	
159	-11.060045	-5.428439	
160	-11.057599	-5.394280	
161	-11.053921	-5.361903	
162	-11.048658	-5.337997	
163	-11.041806	-5.328041	
164	-11.034470	-5.335567	
165	-11.028019	-5.361462	
166	-11.022062	-5.403493	
167	-11.013954	-5.456919	
168	-10.999955	-5.515748	
169	-10.976859	-5.573505	
170	-10.943517	-5.624143	
171	-10.900985	-5.663493	
172	-10.851104	-5.689882	
173	-10.795661	-5.703665	
174	-10.736982	-5.706801	
175	-10.678212	-5.702266	
176	-10.622266	-5.692832	
177	-10.570720	-5.680758	
178	-10.523395	-5.669300	
179	-10.478459	-5.663712	
180	-10.433453	-5.669685	
181	-10.386699	-5.690614	
182	-10.337813	-5.726242	
183	-10.287044	-5.773773	
184	-10.234623	-5.830260	
185	-10.180729	-5.894012	
186	-10.125173	-5.964239	
187	-10.066746	-6.039483	
188	-10.003499	-6.116381	
189	-9.933849	-6.190519	
190	-9.857263	-6.258543	
191	-9.774154	-6.319159	
192	-9.685686	-6.372532	
193	-9.593973	-6.419678	
194	-9.502259	-6.462573	
195	-9.414397	-6.503614	
196	-9.333972	-6.543519	
197	-9.264005	-6.579207	
198	-9.206768	-6.603548	
199	-9.162516	-6.608177	
200	-9.127700	-6.589216	
201	-9.094394	-6.552465	
202	-9.051933	-6.513555	
203	-8.990498	-6.491751	
204	-8.905244	-6.500004	
205	-8.798226	-6.537951	
206	-8.675690	-6.595335	
207	-8.543000	-6.662665	
208	-8.402368	-6.736906	
209	-8.254161	-6.819234	
210	-8.098617	-6.911676	
211	-7.936809	-7.015068	
212	-7.771619	-7.126813	
213	-7.607639	-7.240433	
214	-7.448605	-7.349423	
215	-7.295070	-7.451453	
216	-7.145359	-7.547336	
217	-6.997946	-7.637008	
218	-6.852314	-7.717546	
219	-6.708509	-7.783409	
220	-6.566383	-7.828335	
221	-6.424545	-7.848941	
222	-6.279721	-7.846448	
223	-6.127627	-7.824394	
224	-5.964761	-7.785881	
225	-5.789520	-7.732784	
226	-5.601973	-7.666169	
227	-5.402446	-7.587997	
228	-5.190047	-7.502512	
229	-4.962394	-7.414459	
230	-4.716649	-7.325801	
231	-4.451201	-7.234946	
232	-4.166747	-7.138928	
233	-3.865628	-7.035831	
234	-3.550100	-6.925502	
235	-3.221238	-6.808598	
236	-2.879020	-6.684699	
237	-2.522886	-6.549943	
238	-2.151813	-6.397027	
239	-1.763945	-6.221189	
240	-1.356935	-6.027047	
241	-0.929025	-5.827028	
242	-0.478901	-5.633909	
243	-0.004718	-5.456074	
244	0.495001	-5.296333	
245	1.019815	-5.152388	
246	1.567894	-5.019404	
247	2.136821	-4.892503	
248	2.722780	-4.766872	
249	3.320103	-4.637145	
250	3.922273	-4.497736	
251	4.523264	-4.343914	
252	5.118684	-4.172886	
253	5.706568	-3.984535	
254	6.287455	-3.781385	
255	6.863360	-3.567170	
256	7.436351	-3.344621	
257	8.008760	-3.114672	
258	8.584282	-2.877974	
259	9.167064	-2.636361	
260	9.760313	-2.392819	
261	10.366989	-2.150744	
262	10.990226	-1.912680	
263	11.632109	-1.679698	
264	12.293106	-1.452409	
265	12.972714	-1.232306	
266	13.670460	-1.022944	
267	14.387368	-0.830690	
268	15.126235	-0.662645	
269	15.889077	-0.522196	
270	16.674749	-0.407166	
271	17.479656	-0.311946	
272	18.299827	-0.229531	
273	19.132316	-0.151985	
274	19.976301	-0.071664	
275	20.833310	0.017458	
276	21.705183	0.120255	
277	22.592754	0.240208	
278	23.497521	0.377660	
279	24.422088	0.530142	
280	25.367813	0.693511	
281	26.333681	0.860599	
282	27.317605	1.020127	
283	28.318062	1.158814	
284	29.333698	1.265360	
285	30.361383	1.334213	
286	31.396841	1.365830	
287	32.437642	1.362736	
288	33.483788	1.326589	
289	34.535799	1.259417	
290	35.593926	1.166095	
291	36.659106	1.054786	
292	37.733299	0.935710	
293	38.817833	0.819582	
294	39.912057	0.716016	
295	41.014582	0.632106	
296	42.124776	0.571553	
297	43.242327	0.534874	
298	44.366564	0.521249	
299	45.495683	0.531140	
300	46.625187	0.567697	
301	47.747956	0.636145	
302	48.857146	0.741727	
303	49.948720	0.886450	
304	51.021273	1.066634	
305	52.075018	1.274159	
306	53.112104	1.500283	
307	54.137072	1.739138	
308	55.155520	1.988691	
309	56.171846	2.248933	
310	57.188350	2.520588	
311	58.205819	2.803774	
312	59.223800	3.095076	
313	60.239791	3.387764	
314	61.248675	3.675113	
315	62.244168	3.952019	
316	63.221669	4.215593	
317	64.179682	4.465102	
318	65.118682	4.699575	
319	66.039181	4.916389	
320	66.941225	5.114268	
321	67.826024	5.298294	
322	68.697718	5.482787	
323	69.562814	5.688763	
324	70.428057	5.935544	
325	71.298528	6.232588	
326	72.176635	6.577616	
327	73.062954	6.959384	
328	73.958156	7.360914	
329	74.863416	7.762173	
330	75.779489	8.143107	
331	76.706101	8.487932	
332	77.640942	8.788283	
333	78.578631	9.041722	
334	79.511664	9.248335	
335	80.432927	9.411068	
336	81.338188	9.538934	
337	82.227812	9.647669	
338	83.106846	9.756912	
339	83.982721	9.885677	
340	84.862037	10.046043	
341	85.748456	10.238130	
342	86.641192	10.451850	
343	87.534126	10.674138	
344	88.418582	10.894661	
345	89.289365	11.107327	
346	90.147576	11.309469	
347	90.997294	11.499990	
348	91.841231	11.677707	
349	92.679517	11.841137	
350	93.510400	11.989801	
351	94.331151	12.125919	
352	95.139158	12.255199	
353	95.932802	12.386469	
354	96.711317	12.530488	
355	97.473789	12.698715	
356	98.218426	12.902420	
357	98.942836	13.151046	
358	99.644993	13.449173	
359	100.324211	13.793154	
360	100.981391	14.169161	
361	101.618000	14.554511	
362	102.235141	14.923469	
363	102.834137	15.255272	
364	103.417428	15.539150	
365	103.988719	15.774021	
366	104.552320	15.965568	
367	105.111053	16.123591	
368	105.664139	16.260049	
369	106.207913	16.387520	
370	106.738260	16.517295	
371	107.251124	16.656608	
372	107.741396	16.807595	
373	108.203741	16.969033	
374	108.635809	17.137865	
375	109.040109	17.311013	
376	109.422455	17.489119	
377	109.789115	17.677747	
378	110.145183	17.882964	
379	110.494622	18.106084	
380	110.840686	18.342985	
381	111.185599	18.587328	
382	111.530157	18.833075	
383	111.874058	19.074585	
384	112.216900	19.306994	
385	112.559132	19.527035	
386	112.901428	19.731916	
387	113.242273	19.918082	
388	113.575169	20.082553	
389	113.888292	20.224461	
390	114.169132	20.343524	
391	114.410836	20.438263	
392	114.613655	20.509367	
393	114.781149	20.565851	
394	114.916476	20.624975	
395	115.021655	20.703714	
396	115.097823	20.811105	
397	115.144544	20.949085	
398	115.159516	21.117947	
399	115.139889	21.318765	
400	115.083740	21.551115	
401	114.990476	21.809289	
402	114.861386	22.079239	
403	114.702308	22.335773	
404	114.527856	22.539156	
405	114.361855	22.636744	
406	114.227678	22.582614	
407	114.132787	22.373213	
408	114.064150	22.063097	
409	113.999967	21.734057	
410	113.921526	21.450171	
411	113.815493	21.240744	
412	113.673304	21.106828	
413	113.491754	21.030375	
414	113.274440	20.975862	
415	113.032883	20.890111	
416	112.781225	20.725517	
417	112.526015	20.478929	
418	112.264798	20.193315	
419	111.993764	19.921866	
420	111.711438	19.705074	
421	111.417113	19.570325	
422	111.109195	19.535282	
423	110.783939	19.609811	
424	110.434814	19.796937	
425	110.053527	20.091735	
426	109.633492	20.477452	
427	109.175824	20.918638	
428	108.693435	21.355925	
429	108.207008	21.715688	
430	107.736545	21.931852	
431	107.296126	21.962695	
432	106.887629	21.809143	
433	106.495665	21.524950	
434	106.096554	21.186681	
435	105.673128	20.849339	
436	105.218277	20.532146	
437	104.729375	20.228702	
438	104.203873	19.921165	
439	103.638618	19.592058	
440	103.030599	19.232049	
441	102.378109	18.842351	
442	101.681335	18.430796	
443	100.941018	18.005273	
444	100.156548	17.571729	
445	99.326538	17.135676	
446	98.451663	16.701217	
447	97.535486	16.269118	
448	96.582235	15.837243	
449	95.595713	15.401315	
450	94.580171	14.953745	
451	93.540665	14.482290	
452	92.483185	13.972755	
453	91.414491	13.415662	
454	90.340969	12.810000	
455	89.268242	12.161263	
456	88.201441	11.478689	
457	87.143495	10.773869	
458	86.093037	10.057143	
459	85.044295	9.333341	
460	83.986335	8.604383	
461	82.902601	7.876073	
462	81.776033	7.157862	
463	80.597036	6.455591	
464	79.365630	5.768297	
465	78.086950	5.093236	
466	76.767953	4.430610	
467	75.419166	3.781430	
468	74.055265	3.143768	
469	72.689724	2.513459	
470	71.329083	1.886789	
471	69.972754	1.262081	
472	68.615848	0.641568	
473	67.250559	0.033841	
474	65.866410	-0.545270	
475	64.452238	-1.075172	
476	62.999886	-1.536023	
477	61.507603	-1.915189	
478	59.982439	-2.212695	
479	58.438350	-2.440201	
480	56.887892	-2.609291	
481	55.334926	-2.719753	
482	53.775296	-2.761101	
483	52.202452	-2.722936	
484	50.612720	-2.602663	
485	49.007811	-2.407878	
486	47.393569	-2.155857	
487	45.776528	-1.870566	
488	44.161933	-1.576297	
489	42.554600	-1.289917	
490	40.959547	-1.017971	
491	39.380153	-0.760182	
492	37.816841	-0.514697	
493	36.268824	-0.282984	
494	34.736173	-0.071972	
495	33.219893	0.108583	
496	31.721253	0.249437	
497	30.240753	0.343939	
498	28.776396	0.390152	
499	27.323446	0.389895	
500	25.876886	0.344536	
501	24.433861	0.254362	
502	22.993465	0.122924	
503	21.555191	-0.040683	
504	20.119033	-0.225217	
505	18.687806	-0.421776	
506	17.268949	-0.625534	
507	15.873240	-0.835790	
508	14.511652	-1.054596	
509	13.193159	-1.283668	
510	11.923963	-1.521598	
511	10.707549	-1.763646	
512	9.545651	-2.004711	
513	8.439941	-2.242950	
514	7.393383	-2.480784	
515	6.409815	-2.722546	
516	5.491889	-2.970064	
517	4.639664	-3.219477	
518	3.850617	-3.462362	
519	3.120037	-3.689937	
520	2.441997	-3.896748	
521	1.811132	-4.081133	
522	1.223523	-4.242309	
523	0.675935	-4.377735	
524	0.165059	-4.483856	
525	-0.312129	-4.558458	
526	-0.757686	-4.602294	
527	-1.172025	-4.619129	
528	-1.554111	-4.613101	
529	-1.903435	-4.585483	
530	-2.221656	-4.534953	
531	-2.511946	-4.459828	
532	-2.777115	-4.358156	
533	-3.018053	-4.226612	
534	-3.233281	-4.061020	
535	-3.419381	-3.858201	
536	-3.571802	-3.617574	
537	-3.686416	-3.341903	
538	-3.761457	-3.037059	
539	-3.798636	-2.710620	
540	-3.803277	-2.368933	
541	-3.783770	-2.014681	
542	-3.750109	-1.648999	
543	-3.711612	-1.277088	
544	-3.674872	-0.911220	
545	-3.643420	-0.567847	
546	-3.619046	-0.261382	
547	-3.603215	-0.000365	
548	-3.597739	0.210963	
549	-3.604901	0.368458	
550	-3.627407	0.466572	
551	-3.668510	0.501478	
552	-3.731881	0.475413	
553	-3.819881	0.397967	
554	-3.930547	0.283775	
555	-4.055366	0.148809	
556	-4.179652	0.006962	
557	-4.288166	-0.131803	
558	-4.373686	-0.261449	
559	-4.438550	-0.380586	
560	-4.488866	-0.493437	
561	-4.531022	-0.607426	
562	-4.571061	-0.728565	
563	-4.613304	-0.857860	
564	-4.660216	-0.989872	
565	-4.713930	-1.114338	
566	-4.776491	-1.221735	
567	-4.848956	-1.309325	
568	-4.931512	-1.381661	
569	-5.024401	-1.446607	
570	-5.128340	-1.513063	
571	-5.243920	-1.590691	
572	-5.370527	-1.688277	
573	-5.505966	-1.811319	
574	-5.647087	-1.960996	
575	-5.790672	-2.134161	
576	-5.934392	-2.324019	
577	-6.077579	-2.522276	
578	-6.220992	-2.721705	
579	-6.365714	-2.916993	
580	-6.512236	-3.104475	
581	-6.660326	-3.282855	
582	-6.809030	-3.454642	
583	-6.955987	-3.626369	
584	-7.097012	-3.807188	
585	-7.227230	-4.006780	
586	-7.343072	-4.232297	
587	-7.444083	-4.484177	
588	-7.534204	-4.753307	
589	-7.621270	-5.022027	
590	-7.713997	-5.268757	
591	-7.818492	-5.473371	
592	-7.937182	-5.619631	
593	-8.070221	-5.694707	
594	-8.217104	-5.690399	
595	-8.377032	-5.608006	
596	-8.548259	-5.461746	
597	-8.727530	-5.275007	
598	-8.910646	-5.071312	
599	-9.093845	-4.867469	
600	-9.275036	-4.672691	
601	-9.454519	-4.491070	
602	-9.634421	-4.324584	
603	-9.816318	-4.175729	
604	-9.998741	-4.049019	
605	-10.176791	-3.950825	
606	-10.343887	-3.886745	
607	-10.494333	-3.857030	
608	-10.624967	-3.854517	
609	-10.735002	-3.867788	
610	-10.825197	-3.885652	
611	-10.897098	-3.899082	
612	-10.952451	-3.901270	
613	-10.993443	-3.887287	
614	-11.023309	-3.854182	
615	-11.046302	-3.802484	
616	-11.066710	-3.737608	
617	-11.087284	-3.667889	
618	-11.108633	-3.600438	
619	-11.130373	-3.539272	
620	-11.152168	-3.485641	
621	-11.173494	-3.438408	
622	-11.192987	-3.395591	
623	-11.208287	-3.357554	
624	-11.216908	-3.328307	
625	-11.217931	-3.312228	
626	-11.212735	-3.309373	
627	-11.203920	-3.314737	
628	-11.193956	-3.322515	
629	-11.184443	-3.330651	
630	-11.175501	-3.340996	
631	-11.165632	-3.356386	
632	-11.152660	-3.378423	
633	-11.134887	-3.406811	
634	-11.111330	-3.439365	
635	-11.081602	-3.473069	
636	-11.046201	-3.506900	
637	-11.006288	-3.543416	
638	-10.962875	-3.586125	
639	-10.917047	-3.636376	
640	-10.870906	-3.694054	
641	-10.827405	-3.759782	
642	-10.789445	-3.834791	
643	-10.759773	-3.918836	
644	-10.740957	-4.009235	
645	-10.734276	-4.102606	
646	-10.738323	-4.197139	
647	-10.748516	-4.292518	
648	-10.758442	-4.387554	
649	-10.762534	-4.478294	
650	-10.757527	-4.558893	
651	-10.742328	-4.623849	
652	-10.718033	-4.670092	
653	-10.687908	-4.699820	
654	-10.656575	-4.720989	
655	-10.628574	-4.742325	
656	-10.607009	-4.767718	
657	-10.593339	-4.795299	
658	-10.588201	-4.820081	
659	-10.591692	-4.837056	
660	-10.602870	-4.843024	
661	-10.619869	-4.836917	
662	-10.640467	-4.819614	
663	-10.661992	-4.793682	
664	-10.681110	-4.762255	
665	-10.694585	-4.727688	
666	-10.700491	-4.691911	
667	-10.698793	-4.657576	
668	-10.691018	-4.627912	
669	-10.679341	-4.606012	
670	-10.665669	-4.594500	
671	-10.651385	-4.595002	
672	-10.637526	-4.607744	
673	-10.624808	-4.631944	
674	-10.613748	-4.666714	
675	-10.604883	-4.712066	
676	-10.598432	-4.769510	
677	-10.594086	-4.841283	
678	-10.591915	-4.928096	
679	-10.593328	-5.027513	
680	-10.601015	-5.134790	
681	-10.618229	-5.245074	
682	-10.648219	-5.354862	
683	-10.693611	-5.462497	
684	-10.754310	-5.568747	
685	-10.824959	-5.676409	
686	-10.896448	-5.787966	
687	-10.959514	-5.904086	
688	-11.001352	-6.025763	
689	-11.000180	-6.157250	
690	-10.932070	-6.302687	
691	-10.784635	-6.457808	
692	-10.562951	-6.608544	
693	-10.287800	-6.739390	
694	-9.989230	-6.842696	
695	-9.695751	-6.920936	
696	-9.426621	-6.980230	
697	-9.192001	-7.023153	
698	-8.996045	-7.048998	
699	-8.838743	-7.057911	
700	-8.716742	-7.053051	
701	-8.623726	-7.040144	
702	-8.550734	-7.024609	
703	-8.487259	-7.007983	
704	-8.423603	-6.986345	
705	-8.352923	-6.951177	
706	-8.271158	-6.892703	
707	-8.176065	-6.805459	
708	-8.066859	-6.692966	
709	-7.944170	-6.567661	
710	-7.810376	-6.446315	
711	-7.669670	-6.344889	
712	-7.527042	-6.274769	
713	-7.387249	-6.239838	
714	-7.254285	-6.235571	
715	-7.130440	-6.251806	
716	-7.015884	-6.277581	
717	-6.909752	-6.304257	
718	-6.810996	-6.325968	
719	-6.718059	-6.339556	
720	-6.628799	-6.345180	
721	-6.540718	-6.346457	
722	-6.450443	-6.349006	
723	-6.353499	-6.357671	
724	-6.245461	-6.373793	
725	-6.123184	-6.394706	
726	-5.985365	-6.415759	
727	-5.832959	-6.432568	
728	-5.669079	-6.442306	
729	-5.498194	-6.444259	
730	-5.325354	-6.439300	
731	-5.155653	-6.428421	
732	-4.993115	-6.413067	
733	-4.839044	-6.398104	
734	-4.691589	-6.391268	
735	-4.546954	-6.396236	
736	-4.400446	-6.407562	
737	-4.246462	-6.414039	
738	-4.078379	-6.406826	
739	-3.889638	-6.385005	
740	-3.675773	-6.354370	
741	-3.435809	-6.321416	
742	-3.172090	-6.288095	
743	-2.888787	-6.250662	
744	-2.590240	-6.201576	
745	-2.280119	-6.132309	
746	-1.961008	-6.036148	
747	-1.633822	-5.909981	
748	-1.297540	-5.754135	
749	-0.949704	-5.571605	
750	-0.587320	-5.368281	
751	-0.207640	-5.152736	
752	0.191277	-4.933871	
753	0.610459	-4.717913	
754	1.050060	-4.506236	
755	1.508835	-4.293641	
756	1.983929	-4.069402	
757	2.472186	-3.823833	
758	2.971629	-3.555592	
759	3.481472	-3.272150	
760	4.001620	-2.983693	
761	4.532722	-2.697127	
762	5.075703	-2.414628	
763	5.630702	-2.135307	
764	6.197346	-1.857064	
765	6.776168	-1.577672	
766	7.369158	-1.295114	
767	7.979211	-1.008470	
768	8.609904	-0.721147	
769	9.266744	-0.443092	
770	9.957977	-0.185551	
771	10.691799	0.048484	
772	11.472021	0.266847	
773	12.296830	0.482369	
774	13.160582	0.707642	
775	14.056922	0.952976	
776	14.982859	1.223765	
777	15.941651	1.517887	
778	16.941880	1.825344	
779	17.993036	2.131023	
780	19.099702	2.421710	
781	20.257752	2.692060	
782	21.456843	2.942722	
783	22.687097	3.174163	
784	23.941622	3.383183	
785	25.213847	3.564022	
786	26.496205	3.712884	
787	27.781883	3.831843	
788	29.066243	3.926990	
789	30.345402	4.003547	
790	31.613294	4.066031	
791	32.861313	4.119710	
792	34.081533	4.165141	
793	35.269884	4.194945	
794	36.427131	4.201797	
795	37.558902	4.185684	
796	38.675161	4.150540	
797	39.786924	4.098572	
798	40.900984	4.031218	
799	42.018244	3.953557	
800	43.136969	3.874553	
801	44.256066	3.804604	
802	45.376179	3.757018	
803	46.498993	3.749776	
804	47.625179	3.800710	
805	48.753947	3.922001	
806	49.885773	4.121751	
807	51.024243	4.406438	
808	52.173124	4.775482	
809	53.330643	5.211493	
810	54.486420	5.677201	
811	55.624288	6.126206	
812	56.729205	6.521415	
813	57.793300	6.846977	
814	58.817757	7.108754	
815	59.810127	7.326068	
816	60.778676	7.519474	
817	61.727562	7.702533	
818	62.655918	7.879501	
819	63.560853	8.045230	
820	64.442377	8.189233	
821	65.306599	8.303998	
822	66.164041	8.389919	
823	67.025164	8.454051	
824	67.897820	8.506527	
825	68.787429	8.556858	
826	69.698089	8.611150	
827	70.632680	8.671762	
828	71.590744	8.739746	
829	72.566238	8.817124	
830	73.548676	8.905672	
831	74.527167	9.004344	
832	75.493581	9.109340	
833	76.442983	9.216768	
834	77.372585	9.325400	
835	78.280880	9.437693	
836	79.167594	9.558378	
837	80.033691	9.691859	
838	80.880587	9.840756	
839	81.709828	10.006432	
840	82.523456	10.189843	
841	83.323451	10.391024	
842	84.111105	10.607854	
843	84.887301	10.835740	
844	85.652751	11.068971	
845	86.407991	11.302717	
846	87.153434	11.533273	
847	87.889201	11.756988	
848	88.614591	11.970392	
849	89.327594	12.171035	
850	90.025540	12.357591	
851	90.707294	12.529905	
852	91.374880	12.689475	
853	92.032146	12.840252	
854	92.681844	12.989136	
855	93.324042	13.144851	
856	93.956560	13.315527	
857	94.576345	13.506586	
858	95.180553	13.719792	
859	95.767371	13.953690	
860	96.336841	14.205151	
861	96.890631	14.470375	
862	97.430688	14.744295	
863	97.958541	15.019476	
864	98.476274	15.285636	
865	98.987927	15.530700	
866	99.499553	15.744586	
867	100.017782	15.923515	
868	100.547544	16.070844	
869	101.089904	16.194477	
870	101.642083	16.303290	
871	102.199368	16.404529	
872	102.756628	16.503449	
873	103.309445	16.604130	
874	103.855135	16.709030	
875	104.392498	16.817309	
876	104.921126	16.924590	
877	105.441964	17.025471	
878	105.958099	17.117135	
879	106.474086	17.200868	
880	106.994424	17.280155	
881	107.522140	17.358528	
882	108.057747	17.439202	
883	108.599155	17.524557	
884	109.142382	17.615297	
885	109.682067	17.710410	
886	110.212010	17.807291	
887	110.726646	17.902391	
888	111.222508	17.993447	
889	111.698287	18.082326	
890	112.154128	18.177189	
891	112.591436	18.292029	
892	113.012619	18.441124	
893	113.420030	18.631356	
894	113.814757	18.859519	
895	114.195755	19.115584	
896	114.559584	19.386864	
897	114.901550	19.660044	
898	115.217876	19.921835	
899	115.506937	20.160068	
900	115.768855	20.365288	
901	116.004557	20.531114	
902	116.214857	20.654156	
903	116.399840	20.735601	
904	116.559134	20.782405	
905	116.692718	20.805500	
906	116.801108	20.816731	
907	116.884716	20.825897	
908	116.943417	20.838166	
909	116.976775	20.853352	
910	116.984191	20.867149	
911	116.964932	20.873294	
912	116.918678	20.866113	
913	116.846276	20.842277	
914	116.749971	20.801566	
915	116.632921	20.747513	
916	116.498110	20.687201	
917	116.347293	20.629123	
918	116.180949	20.580224	
919	115.998786	20.543968	
920	115.799925	20.520221	
921	115.582810	20.506241	
922	115.345157	20.497493	
923	115.084361	20.488202	
924	114.799043	20.473156	
925	114.491026	20.450998	
926	114.165249	20.425077	
927	113.827766	20.399727	
928	113.485162	20.376654	
929	113.145251	20.355151	
930	112.815753	20.333262	
931	112.501436	20.306907	
932	112.202801	20.269453	
933	111.916754	20.214368	
934	111.638151	20.138358	
935	111.361629	20.042592	
936	111.082623	19.933145	
937	110.797145	19.820380	
938	110.502172	19.715981	
939	110.197105	19.628936	
940	109.883957	19.562188	
941	109.565451	19.511246	
942	109.243462	19.466396	
943	108.919544	19.416905	
944	108.595498	19.353269	
945	108.271609	19.267154	
946	107.944810	19.150731	
947	107.610229	18.995945	
948	107.263960	18.795072	
949	106.903258	18.543783	
950	106.524945	18.244373	
951	106.124902	17.905356	
952	105.699746	17.537719	
953	105.249261	17.152538	
954	104.776841	16.760977	
955	104.287053	16.370993	
956	103.782381	15.982064	
957	103.261933	15.587161	
958	102.722755	15.179959	
959	102.161970	14.756872	
960	101.577945	14.314200	
961	100.969953	13.847173	
962	100.336654	13.351189	
963	99.674559	12.822762	
964	98.977880	12.259644	
965	98.240164	11.659927	
966	97.456806	11.021626	
967	96.626695	10.344403	
968	95.751316	9.631644	
969	94.831848	8.890873	
970	93.867850	8.133144	
971	92.858632	7.372243	
972	91.804235	6.623219	
973	90.705434	5.899330	
974	89.564789	5.208401	
975	88.387941	4.551433	
976	87.182935	3.923810	
977	85.958457	3.316837	
978	84.723265	2.720253	
979	83.486195	2.127649	
980	82.255210	1.540626	
981	81.036227	0.966157	
982	79.831993	0.411077	
983	78.640186	-0.119011	
984	77.453621	-0.617668	
985	76.265766	-1.076457	
986	75.076027	-1.485120	
987	73.887969	-1.834474	
988	72.704877	-2.121047	
989	71.528917	-2.348561	
990	70.361002	-2.526655	
991	69.198551	-2.666839	
992	68.034530	-2.775295	
993	66.860004	-2.851583	
994	65.667942	-2.895780	
995	64.455472	-2.913093	
996	63.223667	-2.912356	
997	61.975775	-2.903958	
998	60.715274	-2.898948	
999	59.443948	-2.907183	
1000	58.161457	-2.933825	
1001	56.867832	-2.977526	
1002	55.565245	-3.033599	
1003	54.255893	-3.098178	
1004	52.939663	-3.167424	
1005	51.615044	-3.235261	
1006	50.282018	-3.296012	
1007	48.944368	-3.348338	
1008	47.609984	-3.395047	
1009	46.289711	-3.441968	
1010	44.994809	-3.498617	
1011	43.733094	-3.575909	
1012	42.507127	-3.680265	
1013	41.316143	-3.811769	
1014	40.157996	-3.967423	
1015	39.028460	-4.142496	
1016	37.920818	-4.329564	
1017	36.828483	-4.519174	
1018	35.747357	-4.700946	
1019	34.675355	-4.864037	
1020	33.612293	-4.997796	
1021	32.560550	-5.092034	
1022	31.523545	-5.138845	
1023	30.503653	-5.135925	
1024	29.501867	-5.086226	
1025	28.517958	-4.994437	
1026	27.550203	-4.865036	
1027	26.595318	-4.701803	
1028	25.649519	-4.508172	
1029	24.710295	-4.289344	
1030	23.776925	-4.054254	
1031	22.849298	-3.814415	
1032	21.926455	-3.580766	
1033	21.005773	-3.362478	
1034	20.083401	-3.166740	
1035	19.155960	-2.995723	
1036	18.221973	-2.844729	
1037	17.281868	-2.706572	
1038	16.337458	-2.576909	
1039	15.392311	-2.454947	
1040	14.452527	-2.342389	
1041	13.525979	-2.243333	
1042	12.619330	-2.163455	
1043	11.735139	-2.107857	
1044	10.871495	-2.078748	
1045	10.023494	-2.074206	
1046	9.185701	-2.089371	
1047	8.355812	-2.119054	
1048	7.536770	-2.159428	
1049	6.733810	-2.207411	
1050	5.949304	-2.257896	
1051	5.181593	-2.302536	
1052	4.427900	-2.331704	
1053	3.687063	-2.336143	
1054	2.960471	-2.309152	
1055	2.251895	-2.250485	
1056	1.566730	-2.166167	
1057	0.911167	-2.064087	
1058	0.291517	-1.952286	
1059	-0.286561	-1.840206	
1060	-0.819034	-1.738124	
1061	-1.304451	-1.654323	
1062	-1.744209	-1.593805	
1063	-2.141808	-1.559853	
1064	-2.502080	-1.555209	
1065	-2.830853	-1.580742	
1066	-3.134401	-1.633691	
1067	-3.418501	-1.708217	
1068	-3.686991	-1.797901	
1069	-3.940308	-1.896821	
1070	-4.176072	-1.997453	
1071	-4.391445	-2.088391	
1072	-4.584180	-2.155512	
1073	-4.751379	-2.187041	
1074	-4.888357	-2.179857	
1075	-4.990112	-2.142211	
1076	-5.054582	-2.091180	
1077	-5.084530	-2.047531	
1078	-5.086630	-2.029737	
1079	-5.069216	-2.049136	
1080	-5.041281	-2.110074	
1081	-5.012667	-2.214228	
1082	-4.993184	-2.362580	
1083	-4.990690	-2.552672	
1084	-5.009497	-2.775647	
1085	-5.049341	-3.016163	
1086	-5.105597	-3.255627	
1087	-5.171045	-3.478447	
1088	-5.238038	-3.677423	
1089	-5.300044	-3.853550	
1090	-5.352567	-4.010914	
1091	-5.394027	-4.150717	
1092	-5.426515	-4.267738	
1093	-5.455363	-4.351716	
1094	-5.487341	-4.392818	
1095	-5.528176	-4.386454	
1096	-5.580125	-4.334389	
1097	-5.641092	-4.243018	
1098	-5.706170	-4.120492	
1099	-5.770383	-3.973463	
1100	-5.830724	-3.804214	
1101	-5.886563	-3.610544	
1102	-5.938412	-3.391166	
1103	-5.986217	-3.153092	
1104	-6.028958	-2.912891	
1105	-6.065580	-2.690584	
1106	-6.095570	-2.501284	
1107	-6.118839	-2.349272	
1108	-6.135926	-2.227944	
1109	-6.148365	-2.124476	
1110	-6.158442	-2.024338	
1111	-6.168718	-1.914885	
1112	-6.181531	-1.789898	
1113	-6.198556	-1.652930	
1114	-6.220967	-1.516768	
1115	-6.249396	-1.400264	
1116	-6.282792	-1.323703	
1117	-6.318177	-1.301921	
1118	-6.352572	-1.337456	
1119	-6.384885	-1.418755	
1120	-6.416205	-1.524134	
1121	-6.448973	-1.628812	
1122	-6.485995	-1.712836	
1123	-6.529999	-1.765882	
1124	-6.583270	-1.786914	
1125	-6.646815	-1.782299	
1126	-6.719791	-1.764327	
1127	-6.799553	-1.748629	
1128	-6.881950	-1.750723	
1129	-6.962333	-1.783491	
1130	-7.037315	-1.855579	
1131	-7.105704	-1.970240	
1132	-7.168136	-2.124676	
1133	-7.226235	-2.309481	
1134	-7.281876	-2.507710	
1135	-7.336990	-2.693972	
1136	-7.394049	-2.834912	
1137	-7.456555	-2.895285	
1138	-7.528952	-2.854776	
1139	-7.615578	-2.724783	
1140	-7.718470	-2.542823	
1141	-7.835654	-2.349691	
1142	-7.961534	-2.175792	
1143	-8.088677	-2.040917	
1144	-8.210093	-1.955149	
1145	-8.321452	-1.917864	
1146	-8.421906	-1.919327	
1147	-8.512940	-1.946221	
1148	-8.596686	-1.986865	
1149	-8.674974	-2.032987	
1150	-8.749119	-2.079938	
1151	-8.820047	-2.127296	
1152	-8.888351	-2.178651	
1153	-8.953718	-2.239773	
1154	-9.014165	-2.316338	
1155	-9.066884	-2.412237	
1156	-9.110594	-2.528238	
1157	-9.146740	-2.660674	
1158	-9.178596	-2.801414	
1159	-9.209912	-2.939999	
1160	-9.243949	-3.066164	
1161	-9.282529	-3.171310	
1162	-9.325217	-3.249410	
1163	-9.369444	-3.297836	
1164	-9.411842	-3.317776	
1165	-9.449635	-3.313646	
1166	-9.481138	-3.292151	
1167	-9.506028	-3.261720	
1168	-9.525479	-3.230853	
1169	-9.541480	-3.205457	
1170	-9.555837	-3.188386	
1171	-9.569771	-3.181730	
1172	-9.583953	-3.188320	
1173	-9.598487	-3.210686	
1174	-9.612584	-3.249200	
1175	-9.624350	-3.301131	
1176	-9.631370	-3.361424	
1177	-9.631992	-3.424693	
1178	-9.626223	-3.486502	
1179	-9.615194	-3.544023	
1180	-9.599695	-3.597315	
1181	-9.579479	-3.649086	
1182	-9.554083	-3.701949	
1183	-9.524032	-3.756896	
1184	-9.491282	-3.813991	
1185	-9.459051	-3.872555	
1186	-9.430999	-3.930886	
1187	-9.409979	-3.987170	
1188	-9.397447	-4.040694	
1189	-9.393725	-4.091548	
1190	-9.398337	-4.139468	
1191	-9.409876	-4.183179	
1192	-9.425760	-4.220048	
1193	-9.443042	-4.245966	
1194	-9.460395	-4.256178	
1195	-9.478957	-4.246299	
1196	-9.500822	-4.212431	
1197	-9.527262	-4.151282	
1198	-9.558072	-4.061085	
1199	-9.591445	-3.942614	
1200	-9.624375	-3.799808	
1201	-9.653518	-3.639875	
1202	-9.675686	-3.472446	
1203	-9.688052	-3.308127	
1204	-9.688514	-3.158261	
1205	-9.676029	-3.035561	
1206	-9.650758	-2.952840	
1207	-9.613850	-2.920535	
1208	-9.566940	-2.945777	
1209	-9.511883	-3.031475	
1210	-9.450558	-3.172901	
1211	-9.384650	-3.354175	
1212	-9.315885	-3.549051	
1213	-9.245874	-3.727508	
1214	-9.175034	-3.865614	
1215	-9.102413	-3.952351	
1216	-9.027184	-3.989279	
1217	-8.950009	-3.986217	
1218	-8.873034	-3.956850	
1219	-8.798469	-3.915898	
1220	-8.727042	-3.878634	
1221	-8.658148	-3.860635	
1222	-8.590643	-3.876352	
1223	-8.522747	-3.937544	
1224	-8.452391	-4.050616	
1225	-8.378375	-4.213289	
1226	-8.300707	-4.415020	
1227	-8.219986	-4.640268	
1228	-8.136579	-4.870184	
1229	-8.049794	-5.086205	
1230	-7.957646	-5.277791	
1231	-7.857795	-5.446520	
1232	-7.748644	-5.601756	
1233	-7.629377	-5.752656	
1234	-7.499548	-5.902929	
1235	-7.359009	-6.050031	
1236	-7.207882	-6.187086	
1237	-7.046697	-6.306727	
1238	-6.876714	-6.405243	
1239	-6.699842	-6.482913	
1240	-6.518343	-6.539759	
1241	-6.334636	-6.571678	
1242	-6.150571	-6.571145	
1243	-5.966203	-6.531001	
1244	-5.778844	-6.448429	
1245	-5.582966	-6.327246	
1246	-5.371467	-6.175620	
1247	-5.137438	-6.000388	
1248	-4.875003	-5.803907	
1249	-4.579849	-5.584702	
1250	-4.250054	-5.338807	
1251	-3.886101	-5.061061	
1252	-3.489495	-4.747549	
1253	-3.060677	-4.398830	
1254	-2.597883	-4.021369	
1255	-2.097924	-3.626519	
1256	-1.557985	-3.228589	
1257	-0.977236	-2.841199	
1258	-0.357322	-2.471970	
1259	0.299084	-2.119612	
1260	0.990407	-1.775465	
1261	1.716817	-1.427371	
1262	2.479702	-1.063213	
1263	3.280872	-0.672646	
1264	4.121347	-0.248080	
1265	5.000742	0.213443	
1266	5.918091	0.708717	
1267	6.873455	1.228419	
1268	7.869367	1.758760	
1269	8.910513	2.284251	
1270	10.001342	2.789751	
1271	11.144002	3.261770	
1272	12.338203	3.691088	
1273	13.581804	4.074425	
1274	14.870554	4.411198	
1275	16.198059	4.697418	
1276	17.557928	4.920907	
1277	18.945913	5.061401	
1278	20.357654	5.101551	
1279	21.783317	5.046728	
1280	23.206642	4.933884	
1281	24.611367	4.815457	
1282	25.988994	4.732549	
1283	27.341883	4.699601	
1284	28.679494	4.709721	
1285	30.010951	4.753818	
1286	31.342006	4.832593	
1287	32.676746	4.950778	
1288	34.018058	5.106668	
1289	35.367164	5.290177	
1290	36.723555	5.486432	
1291	38.084427	5.678583	
1292	39.445242	5.853597	
1293	40.801113	6.010099	
1294	42.146701	6.155826	
1295	43.476270	6.296765	
1296	44.786026	6.433737	
1297	46.076476	6.566483	
1298	47.351746	6.695233	
1299	48.616403	6.820544	
1300	49.873342	6.945578	
1301	51.124163	7.076618	
1302	52.369540	7.218766	
1303	53.608342	7.372275	
1304	54.837356	7.533420	
1305	56.052699	7.698102	
1306	57.251709	7.865484	
1307	58.433574	8.038333	
1308	59.598516	8.220324	
1309	60.746770	8.415077	
1310	61.878378	8.627024	
1311	62.994054	8.860314	
1312	64.095795	9.115909	
1313	65.185995	9.389350	
1314	66.266398	9.670500	
1315	67.338429	9.945704	
1316	68.404004	10.201469	
1317	69.465888	10.427497	
1318	70.527713	10.618458	
1319	71.592973	10.775174	
1320	72.663126	10.903578	
1321	73.736833	11.010479	
1322	74.810368	11.100074	
1323	75.877927	11.174510	
1324	76.932939	11.236730	
1325	77.970896	11.292579	
1326	78.990880	11.350344	
1327	79.994321	11.417638	
1328	80.982904	11.498486	
1329	81.957733	11.593025	
1330	82.919416	11.698477	
1331	83.867664	11.810307	
1332	84.800687	11.924405	
1333	85.715864	12.039523	
1334	86.610748	12.158190	
1335	87.482858	12.284931	
1336	88.329737	12.422971	
1337	89.150368	12.572952	
1338	89.945969	12.734150	
1339	90.719223	12.905319	
1340	91.473342	13.085384	
1341	92.211928	13.275161	
1342	92.939085	13.478125	
1343	93.658944	13.699065	
1344	94.374581	13.941554	
1345	95.087497	14.207069	
1346	95.798389	14.497663	
1347	96.507765	14.816483	
1348	97.215414	15.162382	
1349	97.919954	15.526220	
1350	98.619389	15.895260	
1351	99.311846	16.261180	
1352	99.995611	16.621650	
1353	100.668979	16.974022	
1354	101.330877	17.311859	
1355	101.981896	17.629378	
1356	102.624694	17.925634	
1357	103.263554	18.202178	
1358	103.903464	18.459004	
1359	104.549125	18.694178	
1360	105.203858	18.905471	
1361	105.867729	19.092854	
1362	106.536065	19.261970	
1363	107.201055	19.424241	
1364	107.855302	19.591456	
1365	108.493613	19.769969	
1366	109.112899	19.960083	
1367	109.712288	20.159788	
1368	110.293435	20.367557	
1369	110.859863	20.582092	
1370	111.415577	20.801882	
1371	111.963737	21.026025	
1372	112.505920	21.254981	
1373	113.042375	21.490610	
1374	113.572434	21.735038	
1375	114.094122	21.988451	
1376	114.603935	22.247778	
1377	115.097685	22.507152	
1378	115.571345	22.758858	
1379	116.020895	22.994461	
1380	116.441666	23.206469	
1381	116.828325	23.390223	
1382	117.175623	23.545583	
1383	117.479180	23.677839	
1384	117.736109	23.796703	
1385	117.945572	23.912469	
1386	118.109181	24.030564	
1387	118.231411	24.147584	
1388	118.319874	24.251176	
1389	118.384123	24.325671	
1390	118.431875	24.361189	
1391	118.465016	24.356524	
1392	118.479301	24.312605	
1393	118.467460	24.227484	
1394	118.422166	24.098889	
1395	118.337323	23.927714	
1396	118.208404	23.718905	
1397	118.032662	23.482173	
1398	117.809865	23.232482	
1399	117.543788	22.988916	
1400	117.243718	22.772033	
1401	116.924242	22.600110	
1402	116.602516	22.486212	
1403	116.294198	22.437317	
1404	116.009481	22.453293	
1405	115.750395	22.525251	
1406	115.510451	22.635535	
1407	115.276462	22.759686	
1408	115.032861	22.870893	
1409	114.768461	22.946778	
1410	114.480331	22.973592	
1411	114.170557	22.946382	
1412	113.840744	22.869021	
1413	113.490431	22.753080	
1414	113.118694	22.613423	
1415	112.725015	22.463820	
1416	112.308652	22.315526	
1417	111.869261	22.177739	
1418	111.409795	22.057884	
1419	110.938031	21.960874	
1420	110.463312	21.887423	
1421	109.991157	21.832984	
1422	109.521169	21.789129	
1423	109.048730	21.745923	
1424	108.566287	21.692378	
1425	108.063441	21.615726	
1426	107.528870	21.502503	
1427	106.953544	21.340921	
1428	106.331915	21.122961	
1429	105.662053	20.846876	
1430	104.946378	20.518147	
1431	104.190620	20.146909	
1432	103.400808	19.745329	
1433	102.581508	19.327286	
1434	101.735417	18.908023	
1435	100.862705	18.501230	
1436	99.961373	18.114930	
1437	99.029659	17.750646	
1438	98.067625	17.406292	
1439	97.076272	17.078474	
1440	96.057206	16.762799	
1441	95.013244	16.455810	
1442	93.947301	16.158716	
1443	92.860942	15.875808	
1444	91.754505	15.607291	
1445	90.627377	15.346693	
1446	89.477603	15.085957	
1447	88.302126	14.821003	
1448	87.098296	14.551597	
1449	85.865671	14.275732	
1450	84.606958	13.985108	
1451	83.327841	13.666880	
1452	82.036127	13.308376	
1453	80.740548	12.899458	
1454	79.448715	12.433228	
1455	78.165076	11.907828	
1456	76.891737	11.328537	
1457	75.630767	10.708055	
1458	74.382762	10.063809	
1459	73.141971	9.414165	
1460	71.894091	8.778287	
1461	70.621224	8.177982	
1462	69.312463	7.634267	
1463	67.971582	7.159836	
1464	66.613757	6.753787	
1465	65.253073	6.401086	
1466	63.893222	6.078764	
1467	62.529982	5.766591	
1468	61.157568	5.453389	
1469	59.770172	5.135104	
1470	58.362450	4.808993	
1471	56.932564	4.468687	
1472	55.484283	4.102798	
1473	54.025385	3.698787	
1474	52.564615	3.249646	
1475	51.109247	2.757537	
1476	49.662680	2.233617	
1477	48.223428	1.697111	
1478	46.787269	1.171516	
1479	45.350862	0.677145	
1480	43.913890	0.226788	
1481	42.478988	-0.173361	
1482	41.050274	-0.521558	
1483	39.630894	-0.817701	
1484	38.221316	-1.060957	
1485	36.821159	-1.250922	
1486	35.432698	-1.389732	
1487	34.061200	-1.483535	
1488	32.712643	-1.546029	
1489	31.391889	-1.598825	
1490	30.100494	-1.662790	
1491	28.834355	-1.747684	
1492	27.584801	-1.849079	
1493	26.342860	-1.952754	
1494	25.102452	-2.041708	
1495	23.861368	-2.101618	
1496	22.621418	-2.123702	
1497	21.388021	-2.106288	
1498	20.169774	-2.056046	
1499	18.977075	-1.986357	
1500	17.818901	-1.912624	
1501	16.700368	-1.848962	
1502	15.622490	-1.806052	
1503	14.583103	-1.788775	
1504	13.578923	-1.796155	
1505	12.607647	-1.823597	
1506	11.668495	-1.865326	
1507	10.761598	-1.915332	
1508	9.886758	-1.966476	
1509	9.042481	-2.010612	
1510	8.226678	-2.040887	
1511	7.438574	-2.053621	
1512	6.679858	-2.048504	
1513	5.953795	-2.027778	
1514	5.263132	-1.994829	
1515	4.609075	-1.952720	
1516	3.991721	-1.902667	
1517	3.410110	-1.842735	
1518	2.862325	-1.768978	
1519	2.346769	-1.678778	
1520	1.862726	-1.572011	
1521	1.409879	-1.449600	
1522	0.988711	-1.313508	
1523	0.601415	-1.167644	
1524	0.251938	-1.015972	
1525	-0.055388	-0.859147	
1526	-0.318011	-0.694171	
1527	-0.535651	-0.517474	
1528	-0.708678	-0.328421	
1529	-0.837223	-0.131568	
1530	-0.922462	0.062887	
1531	-0.968954	0.240883	
1532	-0.986054	0.387707	
1533	-0.987237	0.491212	
1534	-0.987814	0.544065	
1535	-1.001673	0.544372	
1536	-1.037883	0.495430	
1537	-1.099045	0.404883	
1538	-1.182660	0.281933	
1539	-1.283180	0.134187	
1540	-1.392283	-0.032501	
1541	-1.502030	-0.211275	
1542	-1.611494	-0.391739	
1543	-1.725803	-0.562001	
1544	-1.846644	-0.714995	
1545	-1.966815	-0.852282	
1546	-2.073691	-0.981036	
1547	-2.156967	-1.106890	
1548	-2.214586	-1.227943	
1549	-2.253174	-1.332227	
1550	-2.284337	-1.400168	
1551	-2.319663	-1.413905	
1552	-2.366603	-1.366702	
1553	-2.427835	-1.263365	
1554	-2.503468	-1.115742	
1555	-2.592618	-0.939757	
1556	-2.693325	-0.752039	
1557	-2.802739	-0.565430	
1558	-2.918795	-0.386174	
1559	-3.041210	-0.215680	
1560	-3.170083	-0.056741	
1561	-3.304533	0.082394	
1562	-3.443107	0.192189	
1563	-3.584330	0.269568	
1564	-3.726967	0.319497	
1565	-3.870759	0.349377	
1566	-4.016190	0.363611	
1567	-4.162409	0.361883	
1568	-4.306167	0.339466	
1569	-4.444046	0.290387	
1570	-4.575303	0.212871	
1571	-4.701536	0.111600	
1572	-4.823955	-0.004942	
1573	-4.941978	-0.128107	
1574	-5.055208	-0.250104	
1575	-5.166440	-0.362884	
1576	-5.281517	-0.459193	
1577	-5.406687	-0.535823	
1578	-5.547252	-0.592996	
1579	-5.706995	-0.629264	
1580	-5.886448	-0.639710	
1581	-6.081839	-0.621952	
1582	-6.286690	-0.582942	
1583	-6.494913	-0.538261	
1584	-6.702668	-0.506547	
1585	-6.907760	-0.504083	
1586	-7.108070	-0.540023	
1587	-7.300524	-0.614748	
1588	-7.481449	-0.722317	
1589	-7.648343	-0.853155	
1590	-7.800723	-0.995989	
1591	-7.939437	-1.140047	
1592	-8.066156	-1.276252	
1593	-8.183092	-1.397018	
1594	-8.292542	-1.496192	
1595	-8.396654	-1.569888	
1596	-8.497088	-1.617414	
1597	-8.594288	-1.640954	
1598	-8.687032	-1.644159	
1599	-8.772878	-1.631341	
1600	-8.849362	-1.607598	
1601	-8.915568	-1.579124	
1602	-8.973184	-1.553658	
1603	-9.025334	-1.539906	
1604	-9.074034	-1.544306	
1605	-9.119587	-1.567138	
1606	-9.161748	-1.602388	
1607	-9.199976	-1.641672	
1608	-9.233028	-1.678130	
1609	-9.259233	-1.708009	
1610	-9.277205	-1.730621	
1611	-9.286248	-1.746905	
1612	-9.286312	-1.757153	
1613	-9.277709	-1.759976	
1614	-9.260620	-1.753345	
1615	-9.235191	-1.736069	
1616	-9.202841	-1.708713	
1617	-9.167175	-1.674266	
1618	-9.132984	-1.637961	
1619	-9.104276	-1.606087	
1620	-9.083100	-1.584689	
1621	-9.069863	-1.578235	
1622	-9.064466	-1.588394	
1623	-9.067116	-1.614033	
1624	-9.078248	-1.652169	
1625	-9.097935	-1.698145	
1626	-9.125773	-1.744798	
1627	-9.161399	-1.783463	
1628	-9.204752	-1.807594	
1629	-9.255483	-1.814818	
1630	-9.311474	-1.806873	
1631	-9.367543	-1.790088	
1632	-9.416492	-1.773549	
1633	-9.452275	-1.764322	
1634	-9.472211	-1.764943	
1635	-9.476956	-1.774428	
1636	-9.469435	-1.790328	
1637	-9.453775	-1.810531	
1638	-9.434473	-1.834464	
1639	-9.415729	-1.863211	
1640	-9.401042	-1.898000	
1641	-9.392876	-1.938835	
1642	-9.392265	-1.985596	
1643	-9.398838	-2.039692	
1644	-9.411180	-2.102976	
1645	-9.427068	-2.175798	
1646	-9.443478	-2.257184	
1647	-9.456647	-2.346160	
1648	-9.462962	-2.442199	
1649	-9.460421	-2.544040	
1650	-9.449170	-2.647759	
1651	-9.430939	-2.746658	
1652	-9.408475	-2.833884	
1653	-9.385380	-2.904988	
1654	-9.366139	-2.958284	
1655	-9.355566	-2.994309	
1656	-9.357231	-3.015098	
1657	-9.372413	-3.023159	
1658	-9.400761	-3.021008	
1659	-9.441020	-3.011098	
1660	-9.490600	-2.995907	
1661	-9.545071	-2.979255	
1662	-9.598487	-2.967658	
1663	-9.644835	-2.968229	
1664	-9.680328	-2.983803	
1665	-9.704431	-3.011225	
1666	-9.718852	-3.044599	
1667	-9.726445	-3.079113	
1668	-9.730854	-3.112269	
1669	-9.736238	-3.142806	
1670	-9.746690	-3.169363	
1671	-9.765462	-3.190341	
1672	-9.794209	-3.204692	
1673	-9.832202	-3.213130	
1674	-9.875844	-3.219215	
1675	-9.919526	-3.228547	
1676	-9.958213	-3.245578	
1677	-9.989637	-3.271355	
1678	-10.013891	-3.304897	
1679	-10.031618	-3.345420	
1680	-10.043236	-3.392274	
1681	-10.049467	-3.443520	
1682	-10.051699	-3.495356	
1683	-10.051356	-3.543340	
1684	-10.049009	-3.584294	
1685	-10.044465	-3.616621	
1686	-10.037636	-3.639266	
1687	-10.028773	-3.652030	
1688	-10.017920	-3.657588	
1689	-10.004734	-3.662325	
1690	-9.988763	-3.674765	
1691	-9.969547	-3.702883	
1692	-9.946694	-3.751542	
1693	-9.920233	-3.821027	
1694	-9.890914	-3.907489	
1695	-9.860123	-4.004560	
1696	-9.829083	-4.105503	
1697	-9.797936	-4.205993	
1698	-9.766115	-4.304816	
1699	-9.733556	-4.401333	
1700	-9.700946	-4.493932	
1701	-9.669165	-4.580827	
1702	-9.638890	-4.661055	
