Athlete_Engineering	// User ID
11-2-2021	// Evaluation date
P006_WALK3	25-1-2021	13:28:01:507	// Source file name and timestamp
250.000	// Sampling rate
5.250	// Data capture period



Sample #	Right_Leg_Flexion	Right_Leg_Abduction	
0	-72.661189	6.326659	
1	-72.583064	7.196190	
2	-72.618054	6.099439	
3	-72.548987	6.057099	
4	-72.530087	5.156993	
5	-72.526544	4.414395	
6	-72.534792	4.745189	
7	-72.282271	4.868919	
8	-72.188157	5.356961	
9	-72.652482	5.909776	
10	-72.812092	5.064010	
11	-72.783521	5.201714	
12	-72.756650	5.002530	
13	-72.646319	5.814368	
14	-72.699132	5.641242	
15	-72.792447	6.242210	
16	-72.791789	5.631848	
17	-72.385495	5.996200	
18	-72.451096	7.353406	
19	-72.512627	5.357888	
20	-72.545315	5.971943	
21	-72.402978	7.721146	
22	-72.646687	5.914976	
23	-72.449388	6.231069	
24	-72.686773	7.534506	
25	-72.742616	5.868750	
26	-72.668129	6.248810	
27	-72.748878	7.530783	
28	-72.653278	6.146469	
29	-72.589513	5.308617	
30	-72.570116	8.408346	
31	-72.411722	5.954975	
32	-72.227861	4.453010	
33	-72.193737	5.362960	
34	-72.299042	6.889810	
35	-72.274642	6.012773	
36	-72.154559	5.815661	
37	-72.074001	6.581048	
38	-72.058896	5.098273	
39	-71.937882	9.764942	
40	-71.852847	7.586951	
41	-71.967784	9.725734	
42	-71.681799	8.076633	
43	-71.750013	9.657871	
44	-71.704137	7.130496	
45	-71.677610	8.387781	
46	-71.877669	9.703990	
47	-71.985793	6.318562	
48	-72.044167	8.087712	
49	-71.939948	8.181102	
50	-72.122164	5.797007	
51	-71.992311	3.958823	
52	-71.913215	5.811584	
53	-72.287660	6.099545	
54	-72.393011	3.737056	
55	-72.216402	5.397366	
56	-72.229481	4.213147	
57	-72.059417	3.146302	
58	-72.131316	2.464921	
59	-72.201958	2.205488	
60	-72.307214	2.051341	
61	-72.494589	2.174439	
62	-72.430306	2.703655	
63	-72.492889	2.669946	
64	-72.117793	4.921694	
65	-72.112770	6.245719	
66	-72.484506	5.774401	
67	-72.348249	6.401946	
68	-72.350077	3.819360	
69	-71.700290	22.490938	
70	-72.627625	11.986996	
71	-72.896072	12.313124	
72	-72.444304	10.455965	
73	-72.189307	7.335066	
74	-72.776046	10.607560	
75	-72.902857	9.207398	
76	-72.812942	10.185085	
77	-72.754268	12.173968	
78	-72.748243	9.680716	
79	-72.514554	11.568881	
80	-72.715221	11.824225	
81	-72.888532	10.857646	
82	-72.831767	13.229804	
83	-73.239343	10.276496	
84	-72.558571	18.954836	
85	-72.857189	14.928251	
86	-73.067122	11.318272	
87	-73.070988	12.635633	
88	-73.024005	13.017597	
89	-72.896854	11.493424	
90	-72.837194	11.413659	
91	-72.669223	15.055964	
92	-72.667278	15.134488	
93	-72.812974	16.039815	
94	-72.650613	16.210531	
95	-72.820955	15.991978	
96	-72.814137	16.403534	
97	-72.757849	15.590568	
98	-72.982011	15.048492	
99	-72.843576	15.642175	
100	-72.680937	13.402655	
101	-72.832202	13.033142	
102	-72.596485	13.464973	
103	-72.397944	13.874598	
104	-72.405809	12.590032	
105	-72.497377	11.517295	
106	-72.074127	9.334151	
107	-71.727175	19.122890	
108	-72.252509	15.372675	
109	-72.080795	18.598572	
110	-71.767120	22.008379	
111	-72.434182	16.146237	
112	-72.701875	11.352417	
113	-72.135481	17.126454	
114	-72.213328	17.644804	
115	-71.911719	20.021157	
116	-72.486779	12.610300	
117	-71.871067	18.256036	
118	-71.575860	21.879951	
119	-71.678441	20.163106	
120	-71.766779	22.090169	
121	-71.720051	21.145398	
122	-71.689823	20.994190	
123	-72.321267	12.773744	
124	-72.558882	11.253281	
125	-72.271157	8.454125	
126	-72.685171	11.264533	
127	-72.852092	12.622760	
128	-72.869605	12.667428	
129	-72.985635	14.157749	
130	-72.655826	11.434432	
131	-72.777107	14.921174	
132	-72.696687	15.293330	
133	-72.865203	15.196253	
134	-72.278387	13.266067	
135	-72.063809	13.535473	
136	-71.974400	10.869629	
137	-72.348176	13.738190	
138	-72.611278	16.174397	
139	-71.897764	9.846793	
140	-72.326791	14.835716	
141	-71.946269	10.619875	
142	-71.789970	9.652404	
143	-71.999052	8.884238	
144	-71.778254	8.989822	
145	-71.675495	10.052778	
146	-71.637500	10.959604	
147	-71.780110	10.264386	
148	-71.565108	10.748154	
149	-71.660237	13.089071	
150	-71.235670	14.093597	
151	-72.015151	16.368788	
152	-71.892662	16.775668	
153	-71.712001	16.277699	
154	-71.751304	16.652083	
155	-71.697158	16.410449	
156	-72.013282	17.232935	
157	-71.740785	13.103477	
158	-71.408505	12.484541	
159	-71.224762	10.900174	
160	-71.690109	13.359778	
161	-72.361398	13.902636	
162	-72.296304	15.959862	
163	-71.462570	14.225523	
164	-71.415804	19.897624	
165	-70.954775	17.504441	
166	-71.236852	17.855352	
167	-70.692737	13.660594	
168	-70.537688	13.430878	
169	-70.650265	13.628002	
170	-70.672344	13.960105	
171	-71.360763	16.366983	
172	-71.017250	17.051699	
173	-70.997256	17.506365	
174	-70.773673	17.701150	
175	-70.719578	19.036831	
176	-70.606981	20.309842	
177	-70.094825	18.224249	
178	-70.342354	16.813634	
179	-70.320815	16.304982	
180	-70.383794	17.420422	
181	-69.868339	17.519780	
182	-69.430076	15.672993	
183	-69.265248	13.220793	
184	-68.883535	12.563265	
185	-68.661398	13.256627	
186	-68.583622	12.547355	
187	-68.818889	15.196429	
188	-68.687236	17.088570	
189	-68.061585	15.013500	
190	-67.950144	12.978515	
191	-67.745191	15.445497	
192	-67.687246	14.903322	
193	-67.297297	15.068366	
194	-66.959676	15.144491	
195	-66.926311	16.136557	
196	-66.704903	16.234271	
197	-66.290952	15.243294	
198	-65.840672	13.119077	
199	-65.460824	16.070782	
200	-65.287652	14.499133	
201	-64.569821	26.081265	
202	-65.075579	25.664523	
203	-64.577423	15.292551	
204	-63.864827	15.306083	
205	-63.604478	14.221935	
206	-63.970717	8.960607	
207	-63.882291	8.560396	
208	-63.601870	8.623789	
209	-62.288006	16.343063	
210	-61.623691	19.494879	
211	-61.307911	16.078502	
212	-61.138345	13.725327	
213	-61.032585	16.703199	
214	-60.470788	16.767597	
215	-60.254226	15.779099	
216	-59.748007	16.167067	
217	-59.029388	19.352668	
218	-58.855248	17.727268	
219	-58.689891	16.324670	
220	-58.776882	11.833553	
221	-58.202587	11.649304	
222	-56.967033	15.174105	
223	-56.661629	17.347326	
224	-56.260514	15.677531	
225	-55.491104	15.049897	
226	-55.232369	14.996976	
227	-54.943513	15.012364	
228	-55.025817	11.333036	
229	-54.544333	11.298910	
230	-53.969483	10.583259	
231	-52.933689	14.780658	
232	-52.589180	14.721368	
233	-52.139339	14.394035	
234	-51.062529	13.374432	
235	-51.532891	10.139627	
236	-50.867464	9.446265	
237	-49.617191	12.295469	
238	-49.363513	11.794300	
239	-48.609758	11.323880	
240	-48.878880	8.446862	
241	-48.704120	10.152088	
242	-47.250920	12.229902	
243	-46.607017	12.080853	
244	-46.563269	10.590131	
245	-46.841070	7.512051	
246	-46.448644	9.007386	
247	-45.208656	10.673858	
248	-45.121978	10.290695	
249	-44.864529	10.583527	
250	-44.511000	9.826662	
251	-44.356616	9.192506	
252	-44.208058	8.839641	
253	-43.572464	9.518758	
254	-43.220063	9.363691	
255	-42.783305	9.726434	
256	-42.414935	7.866849	
257	-41.912870	7.588861	
258	-40.603462	9.995786	
259	-39.826705	11.033767	
260	-40.462466	8.104901	
261	-40.596772	7.542685	
262	-40.196036	7.876981	
263	-39.793099	7.270616	
264	-39.912807	7.970442	
265	-39.492136	7.535012	
266	-39.502027	6.701621	
267	-39.272999	7.420613	
268	-39.301416	7.938979	
269	-38.256810	7.838200	
270	-36.151460	12.397066	
271	-38.596674	9.051368	
272	-38.350622	7.958354	
273	-37.050059	9.203885	
274	-37.395392	8.957179	
275	-37.847847	8.473433	
276	-37.560896	8.184499	
277	-37.061011	8.040932	
278	-37.351339	7.625010	
279	-36.980357	8.129203	
280	-36.721194	7.902683	
281	-37.221937	7.515237	
282	-36.057671	8.656442	
283	-37.389544	8.423413	
284	-37.292221	8.112046	
285	-35.579778	9.848131	
286	-35.905268	8.988386	
287	-36.387454	8.140187	
288	-37.269359	7.512930	
289	-32.023542	13.592476	
290	-36.988072	6.502616	
291	-36.919486	7.227737	
292	NaN	NaN	
293	-36.689751	8.904129	
294	-36.466831	9.135555	
295	-36.051648	9.456199	
296	-36.640696	9.839886	
297	-37.149535	9.310868	
298	-34.679058	12.109453	
299	-36.186247	10.603548	
300	-35.659956	10.984170	
301	-36.575136	9.622233	
302	-36.449026	7.650470	
303	-37.272702	7.050188	
304	-35.401044	9.433780	
305	-36.733298	8.829156	
306	-36.462615	7.529431	
307	-40.509859	5.436619	
308	-39.602812	5.901718	
309	-37.211548	7.947574	
310	-40.863178	5.658273	
311	-37.636354	7.253816	
312	-36.428023	7.938348	
313	-37.255760	7.406249	
314	-37.154108	6.675282	
315	-36.485647	7.635346	
316	-37.362107	7.554696	
317	-36.562435	8.094012	
318	-38.445604	6.829593	
319	-38.678308	6.414932	
320	-39.905646	5.489225	
321	-35.249085	6.354919	
322	-38.105326	5.639618	
323	-38.661722	5.967786	
324	-37.522009	6.376962	
325	-37.647059	6.457078	
326	-40.103746	5.855387	
327	-40.117563	5.663490	
328	-39.054689	6.165805	
329	-38.649546	6.148035	
330	-39.072109	6.676083	
331	-39.535329	6.334304	
332	-40.934626	6.363831	
333	-39.059855	6.545764	
334	-40.612560	6.018860	
335	-40.081541	7.338214	
336	-39.112209	6.458509	
337	-41.390484	5.965605	
338	-39.381980	7.402479	
339	-41.939689	4.830375	
340	-42.001186	4.394081	
341	-40.434339	6.271319	
342	-39.732186	6.932522	
343	-42.073688	4.997491	
344	-42.292551	5.486094	
345	-39.205016	7.487107	
346	-43.227401	2.726110	
347	-38.833947	5.189469	
348	-40.792544	6.718736	
349	-40.809434	6.270378	
350	-42.271989	5.382421	
351	-41.747605	5.490373	
352	-42.102544	6.041245	
353	-42.777108	5.782617	
354	-43.002471	6.400571	
355	-46.265944	6.069839	
356	-44.187884	6.333860	
357	-44.061132	6.538240	
358	-44.374961	6.180341	
359	-45.423551	6.862571	
360	-46.559177	7.255658	
361	-44.644704	7.866108	
362	-45.961180	6.684563	
363	-48.287785	0.291400	
364	-48.177545	2.372942	
365	-47.802344	5.306065	
366	-45.626909	6.539490	
367	-45.327848	6.510498	
368	-47.683651	1.027790	
369	-47.092667	3.869151	
370	-47.710716	6.286935	
371	-46.068741	5.766230	
372	-44.072865	7.215955	
373	-46.119622	6.070513	
374	-45.487885	5.330547	
375	-45.306314	6.105155	
376	-45.455208	5.410198	
377	-45.618519	5.914872	
378	-47.685080	5.736754	
379	-45.384989	5.442258	
380	-45.215650	4.597732	
381	-47.139106	4.632063	
382	-47.052006	4.572471	
383	-46.118732	5.441201	
384	-46.538347	5.084717	
385	-47.470974	5.864635	
386	-49.707340	2.081735	
387	-48.047191	3.027608	
388	-49.066344	7.992580	
389	-47.906258	7.047820	
390	-49.248365	1.367947	
391	-48.968622	8.187988	
392	-49.162988	4.235348	
393	-48.916922	11.488921	
394	-49.048000	8.329049	
395	-52.072034	0.284958	
396	-51.157028	0.466962	
397	-49.929409	2.371586	
398	-49.983916	2.156923	
399	-50.064295	1.004062	
400	-50.852810	4.345714	
401	-50.268790	3.377185	
402	-48.736152	5.270862	
403	-51.464062	3.240633	
404	-49.810906	4.151412	
405	-49.517769	2.582807	
406	-51.471849	3.780797	
407	-50.307484	4.469998	
408	-50.955105	4.935841	
409	-51.050498	4.734819	
410	-49.754950	3.721914	
411	-52.402640	4.549809	
412	-53.316200	4.395560	
413	-53.019500	4.716231	
414	-52.363871	4.961012	
415	-51.534180	3.501173	
416	-51.928584	4.714949	
417	-53.047478	4.746042	
418	-52.346961	4.932436	
419	-53.163956	4.819494	
420	-52.895452	3.670029	
421	-53.134384	3.028568	
422	-54.576289	3.103544	
423	-53.742098	3.573655	
424	-54.021533	2.539442	
425	-57.009099	7.406971	
426	-57.019594	10.644485	
427	-58.207693	5.379772	
428	-56.599586	5.371438	
429	-58.200529	4.801966	
430	-57.268588	10.102231	
431	-58.502761	7.636468	
432	-59.054521	6.626511	
433	-58.123439	6.775117	
434	-59.211136	7.374175	
435	-59.988372	8.032199	
436	-59.797096	8.137990	
437	-60.697573	8.520364	
438	-59.486500	7.660002	
439	-60.142810	7.518211	
440	-61.495101	8.922612	
441	-61.444217	6.725280	
442	-61.968472	8.116632	
443	-61.971914	8.730109	
444	-62.375301	7.652264	
445	-61.820084	15.822505	
446	-62.202145	11.102580	
447	-62.714445	8.596605	
448	-63.460616	9.401382	
449	-63.443180	9.253838	
450	-63.906299	9.419707	
451	-64.448935	11.334100	
452	-64.435692	11.194082	
453	-63.706553	10.130869	
454	-65.098391	10.359381	
455	-63.850726	9.163289	
456	-65.063444	9.972808	
457	-65.739670	10.850433	
458	-65.969757	11.207991	
459	-66.515142	11.310901	
460	-66.945462	13.233625	
461	-66.152127	10.956162	
462	-67.474391	12.173051	
463	-65.808590	12.430829	
464	-67.278241	12.121754	
465	-67.857878	12.437244	
466	-67.459498	13.549709	
467	-68.949338	16.055955	
468	-67.912197	14.629213	
469	-68.439870	14.602968	
470	-68.934544	16.031407	
471	-68.507331	12.997789	
472	-69.536471	15.774642	
473	-69.218903	15.648772	
474	-69.468214	16.253181	
475	-70.565334	15.983775	
476	-69.629936	12.964907	
477	-69.890353	12.964265	
478	-69.999275	14.309854	
479	-70.136599	14.141848	
480	-70.642101	15.013005	
481	-71.834451	14.645268	
482	-71.245352	12.203001	
483	-70.603014	13.916245	
484	-71.716721	13.402320	
485	-71.275050	15.374242	
486	-72.450131	16.233386	
487	-72.342173	15.589522	
488	-70.990022	14.346913	
489	-72.483611	15.862054	
490	-72.746342	17.856501	
491	-72.187226	14.673519	
492	-73.005062	16.247466	
493	-73.213384	18.982611	
494	-73.014415	15.894594	
495	-71.947091	14.042440	
496	-72.932741	16.212886	
497	-73.138161	13.613916	
498	-72.687454	12.950409	
499	-72.174460	14.925300	
500	-73.222905	14.033358	
501	-73.614684	16.575320	
502	-72.603220	13.435716	
503	-73.410780	14.289592	
504	-74.300928	17.170522	
505	-73.519821	14.555563	
506	-72.887167	13.931283	
507	-73.365676	13.914086	
508	-74.066852	14.738159	
509	-74.536163	14.399801	
510	-74.755765	17.016789	
511	-74.060146	15.661112	
512	-73.452709	17.179798	
513	-74.058018	12.755790	
514	-74.802405	17.303923	
515	-74.985693	17.844110	
516	-74.368581	17.575616	
517	-73.949381	18.557540	
518	-75.333233	18.512409	
519	-75.805788	21.751394	
520	-76.471765	18.975198	
521	-75.075305	20.436261	
522	-75.247462	20.022473	
523	-75.331812	20.752746	
524	-76.787110	23.884636	
525	-77.089142	20.896056	
526	-76.716499	22.140280	
527	-72.720459	14.541939	
528	-75.613126	21.034378	
529	-78.040474	32.132947	
530	-73.016709	17.475480	
531	-74.226683	19.452216	
532	-76.140883	30.112831	
533	-76.440242	31.791162	
534	-72.793488	18.001922	
535	-74.040853	23.259214	
536	-77.182608	34.650442	
537	-72.429244	22.059272	
538	-73.406119	26.390703	
539	-75.214542	28.723740	
540	-75.010025	31.441684	
541	-70.656095	23.394629	
542	-69.463172	21.678459	
543	-73.618117	30.752751	
544	-69.423833	22.473103	
545	-69.738015	24.728106	
546	-72.582192	30.776442	
547	-67.688664	20.713594	
548	-68.417978	24.044404	
549	-70.399965	28.414679	
550	-66.655507	21.927528	
551	-65.165384	26.814979	
552	-67.702750	26.426607	
553	-67.793596	25.708977	
554	-66.520238	26.119033	
555	-65.823381	23.840999	
556	-65.125759	23.868672	
557	-65.031940	31.039421	
558	-65.152410	26.088288	
559	-64.492669	25.926746	
560	-63.793134	25.482360	
561	-63.944373	25.729259	
562	-63.673268	28.408218	
563	-61.657090	26.123125	
564	-61.803769	25.269694	
565	-62.305147	26.525747	
566	-61.474503	25.743984	
567	-60.730283	24.189180	
568	-59.985271	24.605267	
569	-59.631658	24.917747	
570	-58.948686	23.067969	
571	-57.739385	23.653063	
572	-57.124584	24.396946	
573	-57.211929	23.646348	
574	-57.027759	23.045515	
575	-56.549067	22.217226	
576	-56.042463	21.195461	
577	-55.385840	21.113676	
578	-54.046032	19.827177	
579	-54.531672	19.452901	
580	-54.030646	21.450571	
581	-53.413533	24.682293	
582	-52.048114	26.738153	
583	-52.971830	20.450633	
584	-51.648646	22.260232	
585	-49.934331	24.160035	
586	-50.568457	23.963148	
587	-50.506746	23.063566	
588	-50.224377	22.605126	
589	-48.875452	23.141661	
590	-48.430578	22.335886	
591	-48.201879	21.444833	
592	-50.296797	16.632693	
593	-50.061660	16.463826	
594	-48.326008	17.506457	
595	-48.987956	14.905508	
596	-48.899355	14.688675	
597	-47.473686	15.934095	
598	-46.006301	17.423308	
599	-45.600335	18.013492	
600	-44.786787	18.828072	
601	-42.941763	21.880289	
602	-43.106093	21.850667	
603	-46.674070	14.501836	
604	-46.400992	14.595424	
605	-46.225856	11.943007	
606	-44.380569	16.046212	
607	-45.280936	13.367834	
608	-43.647887	10.738287	
609	-45.484495	11.274608	
610	-42.807674	16.756822	
611	-42.262287	11.395946	
612	-45.114007	10.431946	
613	-45.765287	12.897092	
614	-42.626474	11.999269	
615	-44.501575	10.243622	
616	-45.014857	12.335371	
617	-44.621033	12.669666	
618	-42.759201	12.265418	
619	-41.431577	9.748623	
620	-44.762754	10.352824	
621	-45.196562	10.722301	
622	-45.208378	10.655262	
623	-45.356436	11.010343	
624	-44.755428	10.906451	
625	-45.316688	10.550812	
626	-45.493321	11.352511	
627	-45.605645	11.527302	
628	-45.349786	11.152901	
629	-45.032238	11.392743	
630	-43.121494	10.958717	
631	-44.169955	13.145825	
632	-44.033496	13.519018	
633	-44.330641	11.050995	
634	-44.944136	11.763360	
635	-44.633267	11.697234	
636	-45.047650	11.928129	
637	-45.872702	11.343745	
638	-42.397693	9.652806	
639	-44.404302	9.947125	
640	-46.423175	10.992775	
641	-45.705919	10.802986	
642	-46.384232	10.916147	
643	-46.780760	11.104113	
644	-46.583339	12.224160	
645	-47.644852	12.867767	
646	-44.099853	11.925136	
647	-47.563646	12.180304	
648	-43.570389	14.250742	
649	-43.218604	11.092397	
650	-46.936797	10.188378	
651	-46.643578	11.507305	
652	-46.899124	11.152657	
653	-45.083362	11.704442	
654	-46.554452	12.106523	
655	-47.419433	10.986956	
656	-45.174130	13.158383	
657	-47.185898	11.777600	
658	-45.527040	11.584274	
659	-46.361846	11.281891	
660	-47.419304	11.568444	
661	-45.533492	11.718920	
662	-44.652162	13.958125	
663	-45.694723	12.640511	
664	-47.713740	11.483568	
665	-46.089947	12.688587	
666	-46.063645	10.535603	
667	-45.247532	10.895200	
668	-44.978358	11.452960	
669	-46.153580	10.802680	
670	-46.268991	10.915355	
671	-46.288472	10.449872	
672	-44.861820	14.405631	
673	-45.992283	11.294621	
674	-46.362164	10.905855	
675	-45.689313	13.268700	
676	-45.323058	11.434382	
677	-49.340300	9.797207	
678	-47.726561	11.519293	
679	-47.789423	10.353048	
680	-49.287419	9.020339	
681	-49.227040	10.129514	
682	-49.186048	14.742585	
683	-48.843980	11.313857	
684	-48.558489	13.373019	
685	-50.743547	9.432714	
686	-50.536231	14.504847	
687	-49.644150	14.707582	
688	-50.773501	14.028205	
689	-50.198934	15.003205	
690	-51.686760	7.113927	
691	-50.187847	12.704403	
692	-51.367588	8.454066	
693	-51.819556	5.845607	
694	-50.984205	9.963291	
695	-50.835020	12.839862	
696	-50.176855	8.680706	
697	-51.057060	6.587871	
698	-50.752582	10.577440	
699	-51.857700	7.541546	
700	-51.930072	5.411796	
701	-51.300950	6.934677	
702	-51.877373	6.162889	
703	-51.931759	4.649517	
704	-50.905439	6.673531	
705	-51.998467	6.209260	
706	-52.688814	3.892582	
707	-49.197336	10.983885	
708	-50.847236	7.210756	
709	-53.230210	4.339420	
710	-52.467277	4.989091	
711	-51.971807	4.620126	
712	-53.028343	8.699425	
713	-53.732808	4.582920	
714	-54.003956	5.766574	
715	-54.109174	5.620972	
716	-54.468915	4.604052	
717	-54.766233	4.263488	
718	-54.697874	4.320895	
719	-55.096101	4.462802	
720	-56.595298	4.477971	
721	-56.405336	5.526254	
722	-55.986360	2.959159	
723	-56.819630	3.189176	
724	-56.299975	3.419973	
725	-55.096317	11.289999	
726	-56.504779	10.124118	
727	-55.398662	11.577905	
728	-55.584487	11.837733	
729	-55.881570	12.216416	
730	-56.767381	11.797185	
731	-57.236770	11.005088	
732	-57.729783	9.919047	
733	-57.641850	9.383745	
734	-57.517169	10.601915	
735	-58.851166	11.921424	
736	-59.551059	11.564370	
737	-58.913244	13.000699	
738	-58.631873	12.799073	
739	-60.265927	13.138938	
740	-60.147536	13.910054	
741	NaN	NaN	
742	NaN	NaN	
743	NaN	NaN	
744	NaN	NaN	
745	NaN	NaN	
746	NaN	NaN	
747	-60.768354	0.985130	
748	-59.106824	10.039100	
749	-61.225020	11.745039	
750	-60.343318	1.931008	
751	-61.996885	3.274277	
752	-62.631906	3.859275	
753	-61.818808	12.300715	
754	-62.170641	17.311205	
755	-61.678311	18.364630	
756	-62.887967	17.383721	
757	-62.617682	18.377325	
758	-63.300275	12.672125	
759	-64.107045	11.304872	
760	-61.578513	10.616120	
761	-62.743132	11.453174	
762	-64.119367	11.436647	
763	-62.012770	10.128493	
764	-63.305610	9.442032	
765	-63.663005	16.075222	
766	-63.094542	17.027795	
767	-64.365569	18.923028	
768	-63.740527	18.481635	
769	-65.032758	12.701916	
770	-64.676964	17.119339	
771	-63.830555	6.002001	
772	-64.097458	15.343938	
773	-64.212352	16.868219	
774	-63.788477	2.449028	
775	-65.125904	6.430340	
776	-63.693447	15.206162	
777	-64.595417	14.720420	
778	-64.268892	5.389915	
779	-64.756042	16.056272	
780	-65.908682	16.484509	
781	-64.213555	4.685158	
782	-65.115543	5.535535	
783	-65.422882	7.829554	
784	-65.178501	-1.436707	
785	-65.897741	4.577264	
786	-65.199916	7.592050	
787	-65.632356	4.209527	
788	-65.925927	6.191977	
789	-66.726725	-0.446520	
790	-66.914508	3.639185	
791	-66.637565	6.380358	
792	-66.809805	5.542576	
793	-66.931275	5.437972	
794	-66.781378	6.718403	
795	-66.568801	6.582110	
796	-67.128098	-1.102659	
797	-69.909344	0.864971	
798	-68.370422	-1.043318	
799	-68.494704	6.652870	
800	-69.222365	8.141786	
801	-67.697498	5.402727	
802	-68.824982	7.051920	
803	-68.936595	6.077916	
804	-70.262861	11.497491	
805	-69.144934	8.894207	
806	-69.114000	3.444708	
807	-68.845145	7.165190	
808	-69.560200	9.574252	
809	-71.797172	11.060961	
810	-73.253888	14.240784	
811	-70.430401	7.019179	
812	-71.160692	13.282803	
813	-73.346244	1.756170	
814	-71.067787	6.489533	
815	-70.589782	1.989229	
816	-71.017057	-4.281317	
817	-72.577873	-4.483104	
818	-74.272653	-0.935498	
819	-73.519859	1.594204	
820	-72.301146	-2.244372	
821	-73.228816	-1.249155	
822	-73.067345	-2.362192	
823	-73.745851	6.199142	
824	-73.142520	7.971402	
825	-73.258932	3.467164	
826	-72.274092	10.027934	
827	-72.998964	9.816678	
828	-75.268119	7.459043	
829	-74.016729	2.539740	
830	-74.287468	-2.070347	
831	-73.306178	4.462986	
832	-74.699664	-0.332914	
833	-74.616190	-2.541655	
834	-72.878118	-2.551389	
835	-74.795719	-2.068115	
836	-74.406782	0.755731	
837	-73.370715	1.111925	
838	-72.964053	-3.619515	
839	-74.713627	0.405402	
840	-72.218472	9.140117	
841	-73.577997	1.600733	
842	-73.588667	4.650207	
843	-72.633253	-0.474306	
844	-73.624344	7.339436	
845	-72.847106	4.001479	
846	-73.866863	10.812537	
847	-73.633907	6.493607	
848	-72.762464	2.642157	
849	-73.935691	8.639106	
850	-73.187431	8.867981	
851	-72.959266	11.333407	
852	-72.368858	11.035435	
853	-72.022848	21.101644	
854	-72.142362	21.951512	
855	-73.209243	15.452167	
856	-71.745141	15.069634	
857	-71.075410	23.539924	
858	-71.757535	13.223958	
859	-71.675192	20.007315	
860	-70.950377	22.967326	
861	-69.978233	20.219198	
862	-69.355152	21.826604	
863	-68.956726	21.714894	
864	-69.029475	11.077590	
865	-68.995655	24.955788	
866	-69.503476	20.742578	
867	-68.686262	22.542528	
868	-68.652521	29.793738	
869	-64.575934	18.670726	
870	-64.841792	22.461437	
871	-65.186664	25.313187	
872	-63.739913	25.249220	
873	-63.224583	25.199444	
874	-62.741472	24.088608	
875	-63.657749	25.978191	
876	-62.334536	32.382918	
877	-63.226024	37.949616	
878	-62.030398	27.873185	
879	-60.208419	26.853730	
880	-61.213724	33.334539	
881	-61.244460	32.062818	
882	-59.238465	28.116360	
883	-59.108590	27.720689	
884	-58.897404	28.004993	
885	-58.814595	27.776572	
886	-56.371577	26.220663	
887	-55.880271	26.095566	
888	-56.348728	26.261446	
889	-55.555626	26.632083	
890	-55.041531	25.565567	
891	-55.463448	26.245667	
892	-53.655294	24.183357	
893	-52.440058	24.137634	
894	-54.688036	26.101400	
895	-53.538757	23.582126	
896	-51.056335	20.517029	
897	-52.660297	23.160522	
898	-51.540761	23.312631	
899	-51.441918	22.264454	
900	-50.222254	15.614517	
901	-48.750040	21.788235	
902	-50.538711	19.471007	
903	-48.645437	17.703730	
904	-48.139355	16.953051	
905	-47.849335	14.972190	
906	-47.097140	15.393957	
907	-46.400880	19.808861	
908	-46.402444	20.920188	
909	-46.336345	19.154350	
910	-46.706929	16.819751	
911	-45.711798	17.909687	
912	-44.940470	16.241143	
913	-44.017319	15.839035	
914	-45.159312	15.853005	
915	-43.742548	17.055763	
916	-43.433396	15.882164	
917	-44.123357	15.543442	
918	-41.843562	14.843092	
919	-41.221896	14.696271	
920	-42.600662	16.931629	
921	-41.518634	17.358737	
922	-41.960064	16.906548	
923	-41.370271	16.652131	
924	-41.194940	15.858130	
925	-40.785812	16.277745	
926	-40.363770	17.196263	
927	-39.010160	16.766553	
928	-39.546463	17.246957	
929	-39.506010	16.803427	
930	-39.662909	16.707700	
931	-39.579527	16.966835	
932	-39.233670	16.464335	
933	-40.960611	14.704595	
934	-40.065666	13.755895	
935	-38.449427	12.369675	
936	-40.087814	9.112636	
937	-40.595517	8.699683	
938	-39.840194	9.330978	
939	-41.818990	10.928009	
940	-40.456719	10.391570	
941	-40.470698	9.220715	
942	-40.521501	8.249671	
943	-40.989962	9.857079	
944	-42.619923	7.553300	
945	-43.665448	9.554128	
946	-42.020967	11.322986	
947	-41.881610	9.977065	
948	-42.353478	11.132929	
949	-42.252142	11.272694	
950	-42.278672	10.746917	
951	-41.560702	10.364298	
952	-42.007062	11.396995	
953	-41.968036	11.260847	
954	-42.261771	11.279814	
955	-42.653338	10.910512	
956	-43.013652	9.341966	
957	-42.568630	11.233357	
958	-42.240773	10.257202	
959	-43.318661	10.959063	
960	-41.974940	10.207761	
961	-43.077792	10.959046	
962	-44.082044	12.075448	
963	-41.429429	8.509622	
964	-44.347938	10.259292	
965	-45.525329	11.030429	
966	-45.938303	11.152904	
967	-45.663835	11.143923	
968	-45.495205	11.124032	
969	-44.969571	9.775869	
970	-46.514173	10.120295	
971	-46.923506	10.359789	
972	-45.170130	8.443112	
973	-45.593229	7.949571	
974	-44.171160	7.830981	
975	-44.898501	8.220123	
976	-44.690552	8.049187	
977	-45.714613	9.818793	
978	-46.263210	9.377507	
979	-44.784115	9.267279	
980	-47.145469	10.459755	
981	-47.830606	8.529959	
982	-46.515772	9.215220	
983	-44.459792	8.335363	
984	-45.656017	9.111417	
985	-47.235434	7.988739	
986	-45.641264	8.184002	
987	-46.607255	10.816382	
988	-46.136223	9.873856	
989	-44.333068	7.568151	
990	-45.250562	10.536558	
991	-46.124426	10.916872	
992	-44.467976	9.100186	
993	-46.567313	5.746250	
994	-45.102305	7.290108	
995	-44.090299	8.340787	
996	-46.116210	8.048055	
997	-47.131361	6.436297	
998	-45.572082	8.185404	
999	-47.311000	7.534132	
1000	-48.380736	7.778677	
1001	-47.117514	8.682811	
1002	-47.254113	7.553365	
1003	-48.009056	6.757126	
1004	-47.624427	8.056752	
1005	-49.823339	6.888167	
1006	-48.878126	8.191457	
1007	-48.595422	4.811728	
1008	-46.837095	5.412899	
1009	-49.975049	8.168020	
1010	-50.988628	9.688833	
1011	-51.642871	9.207383	
1012	-50.786026	9.049492	
1013	-51.954144	10.540949	
1014	-51.322240	7.092330	
1015	-51.598956	6.262724	
1016	-53.315658	9.313503	
1017	-52.668620	8.474493	
1018	-52.723574	11.434652	
1019	-51.528517	8.912125	
1020	NaN	NaN	
1021	NaN	NaN	
1022	NaN	NaN	
1023	NaN	NaN	
1024	NaN	NaN	
1025	NaN	NaN	
1026	NaN	NaN	
1027	NaN	NaN	
1028	NaN	NaN	
1029	NaN	NaN	
1030	NaN	NaN	
1031	NaN	NaN	
1032	NaN	NaN	
1033	NaN	NaN	
1034	NaN	NaN	
1035	NaN	NaN	
1036	NaN	NaN	
1037	NaN	NaN	
1038	NaN	NaN	
1039	NaN	NaN	
1040	NaN	NaN	
1041	NaN	NaN	
1042	NaN	NaN	
1043	NaN	NaN	
1044	NaN	NaN	
1045	NaN	NaN	
1046	NaN	NaN	
1047	NaN	NaN	
1048	NaN	NaN	
1049	NaN	NaN	
1050	NaN	NaN	
1051	NaN	NaN	
1052	NaN	NaN	
1053	NaN	NaN	
1054	NaN	NaN	
1055	NaN	NaN	
1056	NaN	NaN	
1057	NaN	NaN	
1058	NaN	NaN	
1059	NaN	NaN	
1060	NaN	NaN	
1061	NaN	NaN	
1062	NaN	NaN	
1063	NaN	NaN	
1064	NaN	NaN	
1065	NaN	NaN	
1066	NaN	NaN	
1067	NaN	NaN	
1068	NaN	NaN	
1069	NaN	NaN	
1070	NaN	NaN	
1071	NaN	NaN	
1072	NaN	NaN	
1073	NaN	NaN	
1074	NaN	NaN	
1075	NaN	NaN	
1076	NaN	NaN	
1077	NaN	NaN	
1078	NaN	NaN	
1079	NaN	NaN	
1080	NaN	NaN	
1081	NaN	NaN	
1082	NaN	NaN	
1083	NaN	NaN	
1084	NaN	NaN	
1085	NaN	NaN	
1086	NaN	NaN	
1087	NaN	NaN	
1088	NaN	NaN	
1089	NaN	NaN	
1090	-66.651199	7.655577	
1091	-65.646605	3.604304	
1092	-66.697484	6.195299	
1093	-67.573913	10.790814	
1094	-67.366655	8.335392	
1095	-66.264838	5.035596	
1096	-67.050472	2.613483	
1097	-68.853108	9.246230	
1098	-67.170840	2.181491	
1099	-68.329265	6.336559	
1100	-70.291971	3.650653	
1101	-67.586942	2.797292	
1102	-69.249327	8.196595	
1103	-70.120404	3.842573	
1104	-74.145049	8.771542	
1105	-73.864564	9.802012	
1106	-70.640096	7.976656	
1107	-70.765649	9.046388	
1108	-73.769862	8.140909	
1109	-69.243208	5.163069	
1110	-72.186486	5.429949	
1111	-68.613835	3.074467	
1112	-72.222152	7.140666	
1113	-71.388127	-3.544779	
1114	-71.885461	3.736748	
1115	-68.840096	0.956444	
1116	-66.343065	-1.806891	
1117	-73.616179	-3.517031	
1118	-71.811644	-1.669438	
1119	-70.147259	0.743057	
1120	-70.028666	2.500407	
1121	-76.604424	-4.303255	
1122	-71.329578	-1.518069	
1123	-76.486823	15.708708	
1124	-76.218549	7.967283	
1125	-77.582936	13.501414	
1126	-72.990672	8.012412	
1127	-69.412507	10.293317	
1128	-74.961203	9.911236	
1129	-71.913617	4.152425	
1130	-70.680135	3.181049	
1131	NaN	NaN	
1132	NaN	NaN	
1133	NaN	NaN	
1134	NaN	NaN	
1135	NaN	NaN	
1136	NaN	NaN	
1137	NaN	NaN	
1138	NaN	NaN	
1139	NaN	NaN	
1140	NaN	NaN	
1141	NaN	NaN	
1142	NaN	NaN	
1143	NaN	NaN	
1144	NaN	NaN	
1145	NaN	NaN	
1146	NaN	NaN	
1147	NaN	NaN	
1148	NaN	NaN	
1149	NaN	NaN	
1150	NaN	NaN	
1151	NaN	NaN	
1152	NaN	NaN	
1153	NaN	NaN	
1154	NaN	NaN	
1155	NaN	NaN	
1156	NaN	NaN	
1157	NaN	NaN	
1158	NaN	NaN	
1159	NaN	NaN	
1160	NaN	NaN	
1161	NaN	NaN	
1162	NaN	NaN	
1163	NaN	NaN	
1164	NaN	NaN	
1165	NaN	NaN	
1166	NaN	NaN	
1167	NaN	NaN	
1168	NaN	NaN	
1169	NaN	NaN	
1170	NaN	NaN	
1171	NaN	NaN	
1172	NaN	NaN	
1173	NaN	NaN	
1174	NaN	NaN	
1175	NaN	NaN	
1176	NaN	NaN	
1177	NaN	NaN	
1178	NaN	NaN	
1179	NaN	NaN	
1180	NaN	NaN	
1181	NaN	NaN	
1182	NaN	NaN	
1183	NaN	NaN	
1184	NaN	NaN	
1185	NaN	NaN	
1186	NaN	NaN	
1187	NaN	NaN	
1188	NaN	NaN	
1189	NaN	NaN	
1190	NaN	NaN	
1191	NaN	NaN	
1192	NaN	NaN	
1193	NaN	NaN	
1194	NaN	NaN	
1195	NaN	NaN	
1196	NaN	NaN	
1197	NaN	NaN	
1198	NaN	NaN	
1199	NaN	NaN	
1200	NaN	NaN	
1201	NaN	NaN	
1202	NaN	NaN	
1203	NaN	NaN	
1204	NaN	NaN	
1205	NaN	NaN	
1206	NaN	NaN	
1207	NaN	NaN	
1208	NaN	NaN	
1209	NaN	NaN	
1210	NaN	NaN	
1211	NaN	NaN	
1212	NaN	NaN	
1213	NaN	NaN	
1214	NaN	NaN	
1215	NaN	NaN	
1216	NaN	NaN	
1217	NaN	NaN	
1218	NaN	NaN	
1219	NaN	NaN	
1220	NaN	NaN	
1221	NaN	NaN	
1222	NaN	NaN	
1223	NaN	NaN	
1224	NaN	NaN	
1225	NaN	NaN	
1226	NaN	NaN	
1227	NaN	NaN	
1228	NaN	NaN	
1229	NaN	NaN	
1230	NaN	NaN	
1231	NaN	NaN	
1232	NaN	NaN	
1233	NaN	NaN	
1234	NaN	NaN	
1235	NaN	NaN	
1236	NaN	NaN	
1237	NaN	NaN	
1238	NaN	NaN	
1239	NaN	NaN	
1240	NaN	NaN	
1241	NaN	NaN	
1242	NaN	NaN	
1243	NaN	NaN	
1244	NaN	NaN	
1245	NaN	NaN	
1246	NaN	NaN	
1247	NaN	NaN	
1248	NaN	NaN	
1249	NaN	NaN	
1250	NaN	NaN	
1251	NaN	NaN	
1252	NaN	NaN	
1253	NaN	NaN	
1254	NaN	NaN	
1255	NaN	NaN	
1256	NaN	NaN	
1257	-53.728870	27.005166	
1258	-56.264697	29.199335	
1259	-50.063487	23.188397	
1260	-52.254585	25.224743	
1261	-53.224620	26.242562	
1262	-51.945757	26.187847	
1263	-52.958626	27.340710	
1264	-51.243597	26.488123	
1265	-50.068498	25.578223	
1266	-51.535718	24.096660	
1267	-37.115866	15.246477	
1268	-47.937003	22.409605	
1269	-50.495560	24.615228	
1270	-46.827548	26.112741	
1271	-49.190689	32.351694	
1272	-46.374354	23.195320	
1273	-43.054618	20.083797	
1274	-44.906470	21.017334	
1275	NaN	NaN	
1276	NaN	NaN	
1277	NaN	NaN	
1278	NaN	NaN	
1279	NaN	NaN	
1280	NaN	NaN	
1281	NaN	NaN	
1282	NaN	NaN	
1283	NaN	NaN	
1284	-46.781114	21.295117	
1285	-42.638015	17.259694	
1286	-45.396930	12.348878	
1287	-43.265546	12.933696	
1288	NaN	NaN	
1289	NaN	NaN	
1290	NaN	NaN	
1291	NaN	NaN	
1292	NaN	NaN	
1293	NaN	NaN	
1294	NaN	NaN	
1295	NaN	NaN	
1296	NaN	NaN	
1297	NaN	NaN	
1298	NaN	NaN	
1299	NaN	NaN	
1300	NaN	NaN	
1301	NaN	NaN	
1302	NaN	NaN	
1303	NaN	NaN	
1304	NaN	NaN	
1305	NaN	NaN	
1306	NaN	NaN	
1307	NaN	NaN	
1308	NaN	NaN	
1309	NaN	NaN	
1310	NaN	NaN	
1311	NaN	NaN	
1312	NaN	NaN	
