Athlete_Engineering	// User ID
11-2-2021	// Evaluation date
P007_WALK2	25-1-2021	18:07:32:799	// Source file name and timestamp
250.000	// Sampling rate
5.622	// Data capture period



Sample #	Right_Leg_Flexion	Right_Leg_Abduction	
0	-70.527600	31.031828	
1	-70.401785	31.315035	
2	-70.440386	31.114149	
3	-70.347580	31.337187	
4	-70.395007	31.629050	
5	-70.490169	31.458819	
6	-70.338392	32.171287	
7	-70.443625	31.657938	
8	-70.434750	31.450304	
9	-70.421551	31.360531	
10	-70.546922	32.091488	
11	-70.910528	32.022203	
12	-70.554952	31.377176	
13	-70.573800	31.802310	
14	-70.603970	31.499748	
15	-70.551264	31.540336	
16	-70.532351	31.858645	
17	-70.609246	31.702838	
18	-70.610942	31.338355	
19	-70.584554	31.402949	
20	-70.547102	31.093532	
21	-70.554517	30.984426	
22	-70.607730	30.588009	
23	-70.631363	30.759777	
24	-70.566666	30.892601	
25	-70.509483	30.303013	
26	-70.537739	30.503027	
27	-70.529780	29.745535	
28	-70.457021	29.964719	
29	-70.346811	30.573442	
30	-70.432565	30.132325	
31	-70.446775	30.249288	
32	-70.354305	30.581845	
33	-70.408075	30.270412	
34	-70.349063	29.889563	
35	-70.260442	30.180340	
36	-70.252670	30.028547	
37	-70.286128	30.070700	
38	-70.362211	30.244824	
39	-70.390734	29.952462	
40	-70.361591	29.767844	
41	-70.370317	29.957950	
42	-70.277535	30.105220	
43	-70.222699	30.077416	
44	-70.260553	30.121867	
45	-70.285164	30.167791	
46	-70.342014	30.453213	
47	-70.445096	30.692814	
48	-70.444897	30.729154	
49	-70.427163	30.650075	
50	-70.477799	30.751295	
51	-70.455006	30.838651	
52	-70.466405	30.639136	
53	-70.517849	30.905029	
54	-70.546036	30.764143	
55	-70.511970	30.566195	
56	-70.502970	30.746758	
57	-70.485255	30.596991	
58	-70.569083	30.763540	
59	-70.521110	30.661722	
60	-70.452594	30.562219	
61	-70.473537	30.526688	
62	-70.434941	30.374693	
63	-70.561595	30.726968	
64	-70.593223	30.822104	
65	-70.622909	30.695894	
66	-70.624482	31.038504	
67	-70.661283	30.609928	
68	-70.739130	30.668677	
69	-70.830389	31.133955	
70	-70.890740	31.103651	
71	-70.935200	30.644152	
72	-70.953132	30.535083	
73	-70.934316	31.063942	
74	-70.921915	30.959968	
75	-70.869168	30.779878	
76	-70.917150	30.751209	
77	-71.004874	30.856548	
78	-71.069577	30.561359	
79	-70.993383	30.434792	
80	-70.966958	30.861387	
81	-71.032642	31.108721	
82	-70.972322	30.850390	
83	-70.884667	30.681220	
84	-70.888814	30.536107	
85	-70.946259	30.091549	
86	-70.862628	29.963327	
87	-70.790945	29.990748	
88	-70.803306	29.822773	
89	-70.729429	29.870950	
90	-70.757102	30.225656	
91	-70.688312	30.086060	
92	-70.585129	30.097092	
93	-70.608877	30.177755	
94	-70.565283	29.895672	
95	-70.486355	30.035515	
96	-70.436940	30.222581	
97	-70.390080	30.244778	
98	-70.313080	30.216196	
99	-70.271086	29.841410	
100	-70.428335	29.342989	
101	-70.405240	29.530730	
102	-70.362286	29.936961	
103	-70.413120	30.000891	
104	-70.377888	29.900736	
105	-70.380921	29.734215	
106	-70.340090	29.848866	
107	-70.297471	29.801430	
108	-70.279008	29.576038	
109	-70.313030	29.405466	
110	-70.334925	28.618102	
111	-70.269014	28.680657	
112	-70.288514	29.507478	
113	-70.277595	29.539795	
114	-70.257881	29.615870	
115	-70.323307	29.522108	
116	-70.385351	29.354877	
117	-70.469137	29.976874	
118	-70.446225	29.144387	
119	-70.371935	28.358115	
120	-70.336440	28.142013	
121	-70.330533	28.249400	
122	-70.376267	29.081630	
123	-70.469855	29.112037	
124	-70.283915	28.887860	
125	-70.221180	28.406984	
126	-70.383471	28.543725	
127	-70.474347	28.939252	
128	-70.556645	29.364258	
129	-70.499896	29.372005	
130	-70.514039	28.996628	
131	-70.571076	29.572681	
132	-70.585292	30.134761	
133	-70.600222	30.201692	
134	-70.539513	30.205277	
135	-70.413740	30.372273	
136	-70.453578	30.421857	
137	-70.462351	30.096999	
138	-70.079571	30.612419	
139	-70.252016	31.532475	
140	-70.320944	31.638407	
141	-70.040941	31.203680	
142	-70.146865	31.199190	
143	-70.082246	31.126549	
144	-70.431228	30.741904	
145	-70.365419	30.773343	
146	-70.442012	30.830687	
147	-70.612524	30.950548	
148	-70.559220	30.924699	
149	-70.704442	30.985705	
150	-70.726065	31.461166	
151	-70.735317	31.314077	
152	-70.713842	31.288920	
153	-70.668173	30.892132	
154	-70.672659	30.156332	
155	-70.620231	30.226692	
156	-70.596008	30.145975	
157	-70.532063	29.885773	
158	-70.439192	29.538457	
159	-70.487259	30.115663	
160	-70.527856	30.267409	
161	-70.524833	30.169124	
162	-70.673522	30.446376	
163	-70.676043	30.588756	
164	-70.682307	31.058938	
165	-70.643769	31.384585	
166	-70.462323	31.206708	
167	-70.594462	31.308157	
168	-70.573311	31.790644	
169	-70.452062	30.974429	
170	-70.617699	31.020444	
171	-70.757124	31.712349	
172	-70.786887	31.187182	
173	-70.815387	31.822710	
174	-70.997982	32.973362	
175	-71.223729	33.529387	
176	-71.149889	33.694695	
177	-71.127617	34.134678	
178	-71.315871	34.423095	
179	-71.331589	33.901310	
180	-71.309336	34.710145	
181	-71.378443	35.931702	
182	-71.592538	36.141183	
183	-71.622670	36.508234	
184	-71.672663	35.753137	
185	-71.770965	36.030280	
186	-71.829521	36.507594	
187	-72.116765	34.023683	
188	-72.180803	34.322514	
189	-72.116581	35.887258	
190	-72.022308	36.562999	
191	-71.865881	37.279328	
192	-71.777035	37.501261	
193	-71.931442	37.880312	
194	-72.029814	37.739447	
195	-71.989956	38.206161	
196	-71.889157	38.555712	
197	-71.633503	37.970088	
198	-71.558835	38.822233	
199	-71.495410	37.235045	
200	-71.136250	34.893431	
201	-71.192499	35.850235	
202	-71.163923	35.930972	
203	-71.399047	37.552828	
204	-71.345709	38.831987	
205	-70.856788	38.554981	
206	-70.986204	38.123125	
207	-70.794882	38.984841	
208	-70.964958	38.833233	
209	-70.704773	37.423953	
210	-70.421635	37.259975	
211	-70.224169	37.338171	
212	NaN	NaN	
213	NaN	NaN	
214	-69.291755	34.598029	
215	-69.124804	34.239457	
216	-68.936318	34.143186	
217	-68.731014	32.682428	
218	-68.467386	33.862387	
219	-68.342024	34.476102	
220	-68.087787	34.148530	
221	-67.485992	34.140155	
222	-67.180555	32.983329	
223	-67.054493	32.679060	
224	-66.443546	32.455487	
225	-65.970852	31.759091	
226	-65.692437	30.977317	
227	-65.209557	31.059378	
228	-64.750785	30.641158	
229	-64.252628	30.069116	
230	-63.761279	30.011194	
231	-63.415488	29.674043	
232	-62.902081	29.460874	
233	-62.380560	28.773778	
234	-62.003956	28.710694	
235	-61.545224	28.094604	
236	-61.186421	27.435357	
237	-60.230776	27.450362	
238	-59.539879	26.577337	
239	-58.941610	26.411512	
240	-58.498693	26.806089	
241	-58.243660	27.031952	
242	-57.144939	27.345337	
243	-56.148868	25.973577	
244	-55.413433	25.214426	
245	-53.630863	27.782648	
246	-53.367871	25.478656	
247	-53.924393	24.232104	
248	-53.138777	26.219642	
249	-52.379561	25.966032	
250	-51.771200	25.863448	
251	-50.872539	25.217320	
252	-50.449083	25.162391	
253	-50.132439	25.085488	
254	-49.657194	23.193756	
255	-49.146753	23.157984	
256	-48.766976	23.819926	
257	-48.061547	23.779939	
258	-47.152638	23.137442	
259	-46.349638	22.850235	
260	-45.984528	23.516064	
261	-46.009768	22.095417	
262	-45.926916	20.884877	
263	-45.376641	20.838015	
264	-45.107039	20.130744	
265	-44.829464	19.843212	
266	-44.211358	19.496819	
267	-43.571397	20.959007	
268	-43.244468	20.798596	
269	-43.062402	19.008615	
270	-42.229496	19.593039	
271	-42.115816	19.603535	
272	-42.213218	19.337897	
273	-41.594511	19.748291	
274	-40.961234	20.722393	
275	-41.096759	20.332778	
276	-40.831408	19.164927	
277	-40.165654	19.691912	
278	-40.311368	20.034582	
279	-39.509037	20.958280	
280	-39.149499	19.885036	
281	-39.665105	19.506867	
282	-38.794392	20.576850	
283	-38.784122	19.184906	
284	-38.932804	19.096529	
285	-38.328187	20.281697	
286	-37.265745	21.249582	
287	-36.918974	21.119351	
288	-37.672132	19.873880	
289	-37.290544	19.625594	
290	-37.397792	19.766825	
291	-36.701606	20.218166	
292	-36.304149	19.971732	
293	-36.608194	19.713855	
294	-35.604600	20.318193	
295	-35.491675	20.416459	
296	-35.125250	20.810745	
297	-35.022077	20.460440	
298	-35.187404	20.105081	
299	-34.967145	19.791310	
300	-34.888819	20.148998	
301	-34.235714	21.032635	
302	-33.779551	20.988935	
303	-33.828651	20.904344	
304	-33.855784	20.615762	
305	-33.687970	20.452207	
306	-32.063118	21.411867	
307	-32.170390	20.812752	
308	-32.583123	20.160159	
309	-32.868805	19.868755	
310	-33.574745	19.689827	
311	-32.809484	20.413386	
312	-32.869081	20.993728	
313	-32.707303	21.166507	
314	-32.066980	21.782235	
315	-32.737828	21.330477	
316	-31.973391	20.688195	
317	-31.799987	21.132914	
318	-32.242402	21.039949	
319	-32.079115	21.269296	
320	-32.399851	20.805819	
321	-31.932443	20.584369	
322	-32.360935	20.751081	
323	-31.951806	20.874629	
324	-32.072731	20.572776	
325	-31.677410	20.893047	
326	-31.651782	20.859740	
327	-32.159632	20.358868	
328	-32.061825	20.475938	
329	-32.483798	21.009636	
330	-32.783098	20.942296	
331	-33.487541	19.939150	
332	-34.064369	19.352165	
333	-34.494409	19.739844	
334	-33.618846	19.845964	
335	-33.538119	19.844692	
336	-34.163486	19.840387	
337	-34.439282	19.498502	
338	-34.176333	19.929116	
339	-34.877143	19.865456	
340	-34.554729	19.985862	
341	-34.202698	20.378796	
342	-34.452427	20.523754	
343	-33.920340	20.302586	
344	-34.952750	19.523363	
345	-35.505167	19.735952	
346	-34.538993	20.602803	
347	-35.059885	19.389852	
348	-35.337935	19.868224	
349	-34.738077	20.437676	
350	-35.589674	19.032629	
351	-35.949766	19.372698	
352	-35.037226	19.793740	
353	-34.214335	20.182148	
354	-34.030149	19.376853	
355	-34.209922	19.933720	
356	-34.148430	20.103206	
357	-34.314909	19.622927	
358	-34.545986	20.023615	
359	-34.864038	18.398848	
360	-35.005791	18.521393	
361	-34.590401	19.351807	
362	-34.355364	19.236499	
363	-34.612855	19.122454	
364	-35.181584	18.752050	
365	-34.689712	18.789142	
366	-34.431649	18.313635	
367	-35.402473	17.495249	
368	-34.144056	19.348265	
369	-34.420781	19.414220	
370	-35.429623	17.545071	
371	-34.605019	17.538874	
372	-34.730064	17.736575	
373	-35.318331	17.317672	
374	-35.302522	16.517946	
375	-35.021382	16.523587	
376	-35.080791	16.526974	
377	-34.793638	15.774545	
378	-35.059757	15.435839	
379	-34.490846	16.797726	
380	-34.383009	16.775057	
381	-34.972140	16.206766	
382	-34.792011	16.591100	
383	-35.183028	16.222048	
384	-35.237378	15.720501	
385	-35.216652	15.851243	
386	NaN	NaN	
387	NaN	NaN	
388	-35.300834	16.114230	
389	-35.971158	16.279183	
390	-36.662863	16.079201	
391	-36.552543	16.631531	
392	-36.347151	16.913841	
393	-37.091165	17.033353	
394	-37.574648	17.305280	
395	-37.657497	17.131881	
396	-38.373173	17.200545	
397	-38.171833	17.645130	
398	-38.561232	16.909207	
399	-39.154378	16.376979	
400	-39.199359	17.318451	
401	-39.500945	17.186557	
402	-39.724475	17.088170	
403	-39.918812	15.930069	
404	-39.819495	16.498001	
405	-40.339348	16.417806	
406	-40.830210	15.034364	
407	-41.409138	15.136235	
408	-41.567165	15.932998	
409	-41.174471	16.835319	
410	-41.231090	17.279786	
411	-41.373468	18.048910	
412	-41.889135	16.696245	
413	-42.095486	16.018810	
414	-42.346103	16.332838	
415	-42.773497	16.023227	
416	-43.392806	15.598004	
417	-43.229251	17.041488	
418	-43.179556	17.525673	
419	-44.150404	16.429862	
420	-44.664869	16.554617	
421	-44.705138	16.981393	
422	-44.585968	17.996201	
423	-45.877397	17.654000	
424	-46.554062	17.873497	
425	-45.926096	18.650502	
426	-46.751812	17.515181	
427	-47.760636	17.464437	
428	-47.920661	18.375962	
429	-47.922281	18.030834	
430	-48.629640	18.654388	
431	-48.353662	19.491641	
432	-49.631958	19.166675	
433	-50.602049	19.826661	
434	-50.452644	19.783811	
435	-50.080113	20.155147	
436	-49.641555	20.257494	
437	-50.508581	20.273853	
438	-50.829870	22.043582	
439	-51.657385	21.753686	
440	-52.102327	21.354932	
441	-52.278323	22.738205	
442	-52.120447	22.717533	
443	-53.116056	21.724017	
444	-53.455928	22.796554	
445	-53.248167	23.969970	
446	-55.198703	23.308256	
447	-55.297788	23.385065	
448	-54.810230	25.353631	
449	-55.338517	25.634425	
450	-55.407694	26.025272	
451	-56.139469	24.763286	
452	-56.412884	23.410213	
453	-56.746357	25.421142	
454	-57.200829	25.298814	
455	-57.847015	25.002861	
456	-57.554434	26.209134	
457	-57.958328	26.101536	
458	-58.748499	25.920676	
459	-58.116047	26.155411	
460	-58.254342	25.356089	
461	-58.556044	25.230203	
462	-58.939998	25.185569	
463	-59.526353	25.105637	
464	-59.679313	25.242818	
465	-59.791931	24.762049	
466	-59.498340	25.112896	
467	-59.566970	25.584491	
468	-60.569132	24.732033	
469	-60.368624	24.910162	
470	-60.663326	24.408284	
471	-61.504010	24.584553	
472	-61.465699	25.200906	
473	-61.826595	24.212471	
474	-61.765423	24.065398	
475	-61.920224	24.065697	
476	-62.580899	25.435697	
477	-62.923113	25.890833	
478	-63.073428	24.548055	
479	-63.079206	23.629649	
480	-63.609686	24.462686	
481	-63.962208	24.663652	
482	-63.992987	24.288202	
483	-64.464218	24.513361	
484	-64.814881	24.442491	
485	-64.523525	25.543709	
486	-64.595636	25.115473	
487	-65.574085	24.954659	
488	-66.058936	25.518253	
489	-66.090425	25.051113	
490	-66.084681	25.370189	
491	-66.520100	25.335644	
492	-66.985528	24.892118	
493	-66.744299	24.976708	
494	-66.925149	25.382106	
495	-67.095952	26.185270	
496	-66.908545	25.884983	
497	-67.022642	25.342874	
498	-67.398318	26.178248	
499	-67.812755	26.065056	
500	-67.791377	25.396962	
501	-66.476887	29.176980	
502	-66.363581	28.498557	
503	-67.391586	24.551763	
504	-67.246983	26.219768	
505	-67.418431	25.789259	
506	-64.958443	30.027518	
507	-65.853488	30.420125	
508	-68.259239	25.955850	
509	-68.185548	26.102608	
510	-68.627611	25.858440	
511	-68.534953	26.238448	
512	-69.335495	27.164768	
513	-70.000794	28.144138	
514	-69.178123	26.794036	
515	-69.074056	26.075138	
516	-69.482004	27.881483	
517	-69.089644	27.960769	
518	-68.815088	26.780198	
519	-69.246318	26.136858	
520	-69.385291	27.330749	
521	-69.480280	28.636804	
522	-68.495909	26.435412	
523	-68.165106	25.787755	
524	-68.346015	26.902624	
525	-67.951997	26.121822	
526	-68.750428	27.084405	
527	-68.281348	28.122750	
528	-67.490967	27.513656	
529	-68.238824	28.526942	
530	-68.041572	29.633418	
531	-67.446403	29.389038	
532	-67.296432	30.372482	
533	-66.516914	29.761244	
534	-65.272478	28.601165	
535	-64.630283	29.417956	
536	-64.711056	29.186826	
537	-63.259971	28.520885	
538	-61.970609	27.974670	
539	-61.957078	28.575101	
540	-61.298350	29.426540	
541	-60.945628	29.303182	
542	-60.103590	28.928644	
543	-59.443061	28.769111	
544	-59.158526	28.922343	
545	-58.544221	28.277776	
546	-58.188225	28.353445	
547	-57.040434	28.570513	
548	-56.222759	28.062711	
549	-55.888140	27.704385	
550	-55.473542	27.259257	
551	-54.822831	27.423584	
552	-54.797139	27.601072	
553	-54.512018	27.103947	
554	-53.178215	27.135615	
555	-52.846921	26.921000	
556	-52.628445	26.809489	
557	-51.933798	27.335101	
558	-51.228976	26.859203	
559	-50.537256	25.975318	
560	-50.198680	26.607901	
561	-49.799013	25.192828	
562	-48.986428	24.800245	
563	-48.567577	25.041824	
564	-48.458792	24.600337	
565	-48.060165	25.090476	
566	-47.483198	23.908039	
567	-46.324231	23.948750	
568	-45.868483	23.964403	
569	-45.775715	23.554093	
570	-45.045610	23.870374	
571	-43.874055	24.255809	
572	-43.755597	24.089508	
573	-44.053489	22.836641	
574	-44.136319	22.545326	
575	-43.684414	23.065561	
576	-42.813085	23.471868	
577	-42.035508	23.879744	
578	-41.454854	23.584065	
579	-41.116936	23.363987	
580	-40.577109	23.230572	
581	-40.472129	23.024795	
582	-40.250058	22.141661	
583	-40.009614	21.894514	
584	-38.898138	22.649526	
585	-37.960766	22.366318	
586	-38.173104	21.439243	
587	-37.990824	21.338155	
588	-37.544446	21.280300	
589	-37.648876	20.678565	
590	-36.911561	21.032362	
591	-36.438153	21.124837	
592	-36.185452	20.751933	
593	-35.771674	20.370779	
594	-35.684470	19.987098	
595	-35.059981	20.485412	
596	-34.905953	20.344116	
597	-35.506734	19.049164	
598	-35.005787	19.989606	
599	-34.521254	20.702181	
600	-34.965345	20.319909	
601	-35.096921	19.997095	
602	-34.804480	19.385301	
603	-34.530082	18.993898	
604	-34.609022	19.149844	
605	-34.884002	19.315058	
606	-35.234461	19.432162	
607	-35.064827	19.571903	
608	-35.055564	19.338484	
609	-34.419258	19.758910	
610	-34.118809	20.049642	
611	-35.141918	19.588565	
612	-35.666765	19.377399	
613	-35.864175	19.372024	
614	-35.840537	19.052302	
615	-35.994668	19.852733	
616	-36.270373	20.213195	
617	-36.753799	19.212717	
618	-37.444496	19.243357	
619	-37.383114	20.215894	
620	-37.793147	20.248694	
621	-37.910117	20.210391	
622	-37.684233	20.860656	
623	-38.873456	20.941223	
624	-39.242552	20.815778	
625	-39.144916	20.963872	
626	-38.654484	21.385974	
627	-38.315674	21.931269	
628	-39.358124	21.984996	
629	-38.490385	22.401584	
630	-37.464124	22.633060	
631	-38.453698	22.725459	
632	-39.099737	22.703513	
633	-38.773553	22.788424	
634	-39.531958	22.617955	
635	-40.112895	22.622939	
636	-38.770995	22.840597	
637	-38.183426	22.646882	
638	-38.311341	22.486830	
639	-38.275134	22.400804	
640	-39.116657	22.116538	
641	-39.041944	21.799792	
642	-38.364523	21.668924	
643	-38.368570	21.520977	
644	-39.006495	21.297250	
645	-38.571360	21.173609	
646	-37.852442	20.963383	
647	-39.067360	20.405554	
648	-38.825903	20.004701	
649	-38.551633	19.742527	
650	-38.755616	19.721142	
651	-38.750144	19.871085	
652	-38.705447	19.849522	
653	-40.004425	19.462249	
654	-41.393589	19.208825	
655	-42.130350	18.802199	
656	-43.720732	18.711662	
657	-44.171886	19.024182	
658	-44.916346	19.013943	
659	-45.395294	18.895541	
660	-44.958883	19.141747	
661	-44.644830	18.888195	
662	-43.408849	18.517498	
663	-42.455212	18.413601	
664	-42.794724	18.168779	
665	-42.361403	18.271717	
666	-42.734131	17.554647	
667	-42.907654	17.235162	
668	-41.966692	17.740773	
669	-42.389812	18.017697	
670	-43.020807	18.035456	
671	-43.119547	18.099288	
672	-42.329099	18.552347	
673	-41.536650	18.847453	
674	NaN	NaN	
675	NaN	NaN	
676	-45.136794	18.078738	
677	-45.530653	18.407992	
678	-45.907032	17.845923	
679	-46.625583	17.564142	
680	-46.704897	18.068333	
681	-47.300052	17.379647	
682	-48.282904	16.946021	
683	-48.219670	17.368634	
684	NaN	NaN	
685	NaN	NaN	
686	NaN	NaN	
687	NaN	NaN	
688	NaN	NaN	
689	NaN	NaN	
690	NaN	NaN	
691	NaN	NaN	
692	-51.067672	19.680885	
693	-51.616230	19.905499	
694	-51.841088	20.565828	
695	-51.916439	20.874347	
696	-53.361357	20.297619	
697	-53.472258	20.223715	
698	-53.480638	20.692479	
699	-54.230772	20.918241	
700	-54.617424	20.975849	
701	-55.001774	21.411502	
702	NaN	NaN	
703	NaN	NaN	
704	-56.440272	21.294973	
705	-56.745723	21.739857	
706	-57.306618	22.185656	
707	-57.422534	22.471016	
708	-57.711648	22.155199	
709	-58.112240	22.386118	
710	-58.622688	23.023360	
711	-58.573397	22.869742	
712	-59.138903	23.091631	
713	-59.825678	23.361920	
714	-59.912615	23.337350	
715	-60.329218	23.476372	
716	-60.569678	23.759829	
717	-61.212454	24.070732	
718	-61.137808	24.129527	
719	-61.190378	24.083296	
720	-61.228443	23.748249	
721	-61.422297	23.837848	
722	-61.863664	24.434304	
723	-62.297971	24.660091	
724	-62.923968	24.721856	
725	-63.441555	24.602697	
726	-63.404990	24.557936	
727	-63.329479	24.092032	
728	-63.627520	24.093352	
729	-64.171012	24.580385	
730	-64.181832	24.739183	
731	-64.489929	24.800628	
732	-64.639217	25.064133	
733	-64.609113	24.973413	
734	-64.970372	25.264819	
735	-64.629839	24.967755	
736	-64.842569	25.078706	
737	-65.113773	25.637224	
738	-64.962541	25.576790	
739	-65.307458	25.960639	
740	-65.755503	25.934598	
741	-65.671287	25.653649	
742	-65.907054	25.430421	
743	-66.465506	25.871013	
744	NaN	NaN	
745	NaN	NaN	
746	NaN	NaN	
747	NaN	NaN	
748	-67.276656	26.314489	
749	-67.383459	26.788899	
750	-67.514876	27.451760	
751	-67.634355	26.841838	
752	-67.744315	26.667780	
753	-67.733153	25.802877	
754	-67.898277	26.986836	
755	-68.156298	27.709262	
756	-68.275199	25.707789	
757	-68.330256	25.739976	
758	-68.203161	25.341629	
759	-68.421311	25.717933	
760	-68.634739	26.465967	
761	-68.807679	26.434371	
762	-68.854656	25.935443	
763	-69.024069	27.126765	
764	-69.251000	27.807085	
765	-69.530086	27.409233	
766	-69.485307	27.966445	
767	-69.247016	27.620290	
768	-69.532768	27.066076	
769	-70.049122	27.652411	
770	-70.163023	27.732402	
771	-69.985117	27.199127	
772	-69.904027	27.276552	
773	-70.157694	27.492944	
774	-70.332912	27.707047	
775	-70.553523	27.015526	
776	-70.699194	26.769842	
777	-70.370996	27.009062	
778	-70.368040	27.164536	
779	-70.507139	27.960263	
780	-71.029639	28.728833	
781	-71.217324	28.016124	
782	-70.678020	27.484716	
783	-70.695574	27.643443	
784	-71.170264	28.050489	
785	-71.249507	28.380340	
786	-71.052027	29.193988	
787	-70.851840	29.290806	
788	-71.028884	28.962148	
789	-70.964324	29.017509	
790	-70.607131	29.189101	
791	-70.671937	29.957587	
792	NaN	NaN	
793	NaN	NaN	
794	-69.738413	28.625975	
795	-69.578380	30.945095	
796	-69.051844	31.787005	
797	-68.223933	29.933921	
798	-67.624417	29.891535	
799	-66.823858	29.908310	
800	-66.802642	30.442815	
801	-66.506949	30.974755	
802	-65.793451	31.130381	
803	-65.627676	31.567351	
804	-65.051132	31.448542	
805	-64.465623	32.093345	
806	-64.234127	32.137385	
807	-63.598349	31.615721	
808	-62.731231	31.614080	
809	-62.330907	31.240024	
810	-61.766063	31.044836	
811	-61.154361	30.950543	
812	-61.015120	30.667999	
813	-60.538985	30.294397	
814	-59.400744	29.788999	
815	-58.904277	29.354832	
816	-58.221692	28.771579	
817	-57.592181	28.618972	
818	-57.363274	28.541797	
819	-56.880312	28.031108	
820	-55.800805	27.655819	
821	-55.060123	27.681144	
822	-54.612271	27.668856	
823	-54.278030	27.465212	
824	-53.809803	27.389987	
825	-53.021574	27.324560	
826	-52.065857	27.049385	
827	-51.810336	27.150972	
828	-51.431355	27.070510	
829	-50.372301	26.867996	
830	-50.069527	26.965056	
831	-49.501867	26.509744	
832	-49.109735	26.718970	
833	-48.737443	27.050550	
834	-47.978736	26.544404	
835	-47.370849	26.173281	
836	-47.191417	26.396738	
837	-46.627962	26.288004	
838	-45.845241	25.703693	
839	-45.296137	25.720933	
840	-44.546603	25.618427	
841	-44.234712	25.035881	
842	-43.681176	25.115375	
843	-42.967878	25.204241	
844	-42.248725	24.943257	
845	-41.525828	24.924700	
846	-41.389345	24.822835	
847	-41.048061	24.900070	
848	-40.508503	24.862122	
849	-40.194495	24.666259	
850	-39.896656	24.388695	
851	-39.289937	23.926647	
852	-38.983738	23.753294	
853	-38.859927	23.871956	
854	-38.269317	23.527896	
855	-38.176846	23.366100	
856	-38.300654	22.964310	
857	-38.104673	22.610617	
858	-37.820238	23.082335	
859	-37.597406	22.924970	
860	-37.351036	22.724284	
861	-37.673331	22.651272	
862	-37.641636	22.846517	
863	-37.298266	23.105474	
864	-36.826478	22.514057	
865	-37.016094	22.391971	
866	-37.209099	22.364790	
867	-36.744188	22.371191	
868	-37.300169	22.471165	
869	-37.268757	22.208966	
870	-37.509267	22.222225	
871	-37.813675	22.268730	
872	-37.287639	22.343490	
873	-37.171539	22.179674	
874	-37.370435	22.040398	
875	-38.003604	21.933385	
876	-38.650705	21.906588	
877	-38.782044	22.152239	
878	-38.702055	22.551754	
879	-38.363199	22.778596	
880	-39.302393	23.050619	
881	-39.897730	23.510431	
882	-39.959036	23.631912	
883	-40.308372	23.691986	
884	-40.174746	23.765547	
885	-40.188410	23.827301	
886	-40.366945	23.500815	
887	-40.818713	23.577167	
888	-40.752897	24.081448	
889	-41.494007	24.006911	
890	-41.218695	24.182483	
891	-41.125971	24.208746	
892	-42.124011	23.808366	
893	-41.893002	23.923347	
894	NaN	NaN	
895	NaN	NaN	
896	-42.664051	24.646669	
897	-42.545072	24.124067	
898	-42.059148	23.974616	
899	-41.746799	23.993206	
900	-42.248803	23.819344	
901	-42.314091	23.776104	
902	-42.133879	23.685261	
903	-41.954898	23.498267	
904	-41.604161	23.384476	
905	-41.993214	23.270943	
906	-41.863419	23.094018	
907	-41.538556	22.823134	
908	-41.649984	22.637000	
909	-42.143840	22.724180	
910	-41.694940	22.849384	
911	-40.929329	22.708343	
912	-41.118117	22.187398	
913	-41.237485	22.153478	
914	-40.692184	22.497969	
915	-40.489733	22.316944	
916	-40.434527	21.660059	
917	NaN	NaN	
918	NaN	NaN	
919	-40.638401	21.264911	
920	-40.958262	21.109963	
921	-40.724575	21.332020	
922	-41.039111	21.624067	
923	-41.534860	21.317178	
924	-41.395811	20.917312	
925	-41.533227	21.169435	
926	-42.374510	21.170998	
927	-43.184772	21.262256	
928	-44.798847	20.893440	
929	-44.473821	21.255244	
930	-42.972262	21.914164	
931	-43.427633	20.935357	
932	-43.069386	21.082716	
933	-42.924138	20.621844	
934	-42.771408	20.122992	
935	-42.583899	20.174306	
936	-41.769060	19.451171	
937	-40.977999	18.716597	
938	-40.678175	18.353418	
939	-40.721377	18.307785	
940	-41.445023	18.446548	
941	-41.850084	18.438588	
942	-42.495701	18.626198	
943	-43.000249	18.571600	
944	-42.619474	18.600671	
945	-42.237718	19.376343	
946	-42.682523	19.418891	
947	-43.225707	19.425806	
948	-43.537854	19.324579	
949	-45.402298	18.077384	
950	-46.259212	18.122856	
951	-45.861711	18.843351	
952	-46.273046	18.383176	
953	-46.060578	18.161188	
954	-45.597335	18.372468	
955	-46.784862	17.997592	
956	-47.684167	17.826289	
957	-48.089972	18.719085	
958	-48.511901	18.760421	
959	-47.970417	18.282088	
960	-48.151293	18.608351	
961	-48.455715	19.023750	
962	-49.245939	19.193499	
963	-49.782504	19.423867	
964	-49.588288	19.399618	
965	-50.334316	19.100067	
966	-50.171617	19.157537	
967	-50.460210	18.827444	
968	-51.056084	19.441759	
969	-51.601476	19.637902	
970	-51.935300	19.231351	
971	-51.453261	19.966343	
972	-52.090479	20.123176	
973	-52.946726	19.684417	
974	-53.062389	20.034786	
975	-53.462701	20.276690	
976	-53.098229	20.473922	
977	-53.838761	20.805086	
978	-55.191124	20.533967	
979	-55.114898	19.849799	
980	-56.131206	20.538190	
981	-57.096759	21.080698	
982	-56.731834	20.793187	
983	-56.929817	20.665515	
984	-57.343396	20.656419	
985	NaN	NaN	
986	NaN	NaN	
987	-57.903219	21.854296	
988	-58.812565	21.773674	
989	-58.650841	21.690286	
990	-58.194681	21.815700	
991	-58.398264	22.348790	
992	-59.166163	22.598302	
993	-59.123158	21.720479	
994	-59.023718	21.748058	
995	-59.213352	22.680695	
996	-58.526065	22.632531	
997	-58.792318	22.570105	
998	-59.984203	23.067976	
999	-59.281007	22.274894	
1000	-59.039130	21.806737	
1001	-60.101137	22.862073	
1002	-60.314962	23.050085	
1003	-59.763100	22.602413	
1004	-60.561126	22.657873	
1005	-61.414672	22.895620	
1006	-60.762273	22.542687	
1007	-60.915587	22.297706	
1008	-61.634309	22.791768	
1009	-61.930722	22.738569	
1010	-62.460001	22.069909	
1011	-62.488167	22.166876	
1012	-62.159039	22.318721	
1013	-63.283655	22.284020	
1014	-63.526525	22.020749	
1015	-63.217653	22.384433	
1016	-64.672083	22.748530	
1017	-65.110491	23.174443	
1018	-65.144746	24.216909	
1019	-66.053095	23.833987	
1020	-65.702356	22.504354	
1021	-66.616542	24.279871	
1022	-67.850369	24.340976	
1023	-67.631795	24.346265	
1024	-67.640610	25.337859	
1025	-67.534669	23.944411	
1026	-68.523157	24.271772	
1027	-68.480974	23.759588	
1028	-68.320068	23.479072	
1029	-68.749911	22.837344	
1030	-69.279271	22.949596	
1031	-69.123286	23.429876	
1032	-69.272685	22.371871	
1033	-69.763459	22.846735	
1034	-69.906518	23.099195	
1035	-69.535542	22.943102	
1036	-70.786984	24.682631	
1037	-73.488118	27.940150	
1038	-72.931786	25.710564	
1039	-70.910450	22.955774	
1040	-71.386455	26.439219	
1041	-71.799271	26.770472	
1042	-71.722763	24.418558	
1043	-72.731804	26.110321	
1044	-72.120338	25.135687	
1045	-72.003155	24.696082	
1046	-72.611492	24.720321	
1047	-72.630206	24.664674	
1048	-72.564534	24.685466	
1049	-72.903683	24.685449	
1050	-72.596364	26.840409	
1051	-72.607518	26.225495	
1052	-73.027308	26.161331	
1053	-72.350111	25.888871	
1054	-73.110137	26.992141	
1055	-73.905024	29.463229	
1056	-73.090846	26.322974	
1057	-71.378122	23.225716	
1058	-71.501918	26.081521	
1059	-72.835068	27.146759	
1060	-73.522690	27.724057	
1061	-71.853197	26.551540	
1062	-71.684585	27.198012	
1063	-73.549017	28.738990	
1064	-74.243696	26.823500	
1065	-74.654417	29.016514	
1066	-73.740909	27.662430	
1067	-74.343346	28.533827	
1068	-74.362459	30.057219	
1069	-71.894527	25.256245	
1070	-72.060441	26.009084	
1071	-73.594741	32.638827	
1072	-71.400830	28.909710	
1073	-70.581042	27.200969	
1074	-71.445605	31.433366	
1075	-68.751282	28.944816	
1076	-67.407933	26.945595	
1077	-68.227579	30.080306	
1078	-66.414646	30.046239	
1079	-65.842559	29.894350	
1080	-66.496973	31.477773	
1081	-63.958390	28.846027	
1082	-63.404876	29.387741	
1083	-63.132102	30.529313	
1084	-62.422260	29.620088	
1085	-63.014072	31.930471	
1086	-63.285856	31.961705	
1087	-63.542633	32.376267	
1088	-61.687838	32.306511	
1089	-60.147527	30.440987	
1090	-59.409832	29.866974	
1091	-61.285493	31.804487	
1092	-61.800844	33.948608	
1093	-58.272461	30.543392	
1094	-56.989453	29.631778	
1095	-57.787168	31.616417	
1096	-59.209408	33.228184	
1097	-59.853906	34.545793	
1098	-55.851785	30.296386	
1099	-55.097988	29.731997	
1100	-56.259151	31.786428	
1101	-54.021883	30.309051	
1102	-53.769035	30.260568	
1103	-53.384642	30.020432	
1104	-53.128538	30.754099	
1105	-52.431526	30.247275	
1106	-51.377570	28.501640	
1107	-51.921071	29.356672	
1108	-46.709921	25.660005	
1109	-47.082100	26.233135	
1110	-50.637562	30.319724	
1111	-48.686710	28.402217	
1112	-49.075540	27.895647	
1113	-48.920831	28.759537	
1114	-46.782731	27.809656	
1115	-46.966515	27.864037	
1116	-47.777771	28.382836	
1117	-46.663166	28.340151	
1118	-47.181037	29.701124	
1119	-46.900364	29.156550	
1120	-45.048863	26.830921	
1121	-45.046704	27.379921	
1122	-42.663156	26.340617	
1123	-42.220407	26.016505	
1124	-43.227986	26.479735	
1125	-41.700701	25.615515	
1126	-42.293981	26.265881	
1127	-43.217115	26.433410	
1128	-41.783958	25.211102	
1129	-41.402559	25.697552	
1130	-42.649441	26.240560	
1131	-40.077923	24.540915	
1132	-41.663436	25.027959	
1133	-40.622488	25.146315	
1134	-39.004369	24.311122	
1135	-41.965810	23.502422	
1136	-39.206429	23.306881	
1137	-39.282445	24.549776	
1138	-43.204656	28.646805	
1139	-40.698507	26.564155	
1140	-40.123311	23.921170	
1141	-39.465229	23.283075	
1142	-37.588854	22.112380	
1143	-42.006000	24.118130	
1144	-40.241633	23.976718	
1145	-38.681122	22.871003	
1146	-39.123354	22.462219	
1147	-39.168641	21.337412	
1148	-40.754218	22.912672	
1149	-40.724259	24.384668	
1150	-42.670019	24.025224	
1151	-41.360329	23.689821	
1152	-40.306118	22.953162	
1153	-43.886556	23.868401	
1154	-45.378508	24.684477	
1155	-45.846067	23.887315	
1156	-43.868300	23.846995	
1157	-45.797318	24.742731	
1158	-42.760981	21.854007	
1159	-43.323029	21.974192	
1160	-45.131203	23.231615	
1161	-42.621407	22.254798	
1162	-43.673851	24.700831	
1163	-43.500075	24.496938	
1164	-42.689378	23.658002	
1165	-40.457944	22.510368	
1166	-42.871961	24.301571	
1167	-43.878638	26.276946	
1168	-45.053500	25.892322	
1169	-46.320616	26.527974	
1170	-43.202527	24.615338	
1171	-45.473508	25.438760	
1172	NaN	NaN	
1173	NaN	NaN	
1174	NaN	NaN	
1175	NaN	NaN	
1176	NaN	NaN	
1177	NaN	NaN	
1178	NaN	NaN	
1179	NaN	NaN	
1180	NaN	NaN	
1181	NaN	NaN	
1182	NaN	NaN	
1183	NaN	NaN	
1184	NaN	NaN	
1185	NaN	NaN	
1186	NaN	NaN	
1187	NaN	NaN	
1188	NaN	NaN	
1189	NaN	NaN	
1190	NaN	NaN	
1191	NaN	NaN	
1192	NaN	NaN	
1193	NaN	NaN	
1194	135.539339	106.577589	
1195	131.040382	105.574004	
1196	131.442576	103.863982	
1197	132.314203	104.320457	
1198	131.366390	104.294634	
1199	129.188022	104.824833	
1200	NaN	NaN	
1201	133.110127	107.365740	
1202	129.347900	105.751256	
1203	134.390679	107.047188	
1204	138.330268	107.829865	
1205	137.282393	107.811313	
1206	138.325565	108.466337	
1207	138.189402	109.274506	
1208	129.434857	107.114177	
1209	129.810303	107.509694	
1210	130.534096	108.661221	
1211	130.940548	109.495784	
1212	141.783265	113.634289	
1213	139.337469	113.380737	
1214	140.371143	114.321166	
1215	NaN	NaN	
1216	NaN	NaN	
1217	NaN	NaN	
1218	NaN	NaN	
1219	NaN	NaN	
1220	NaN	NaN	
1221	NaN	NaN	
1222	NaN	NaN	
1223	NaN	NaN	
1224	NaN	NaN	
1225	NaN	NaN	
1226	NaN	NaN	
1227	NaN	NaN	
1228	NaN	NaN	
1229	NaN	NaN	
1230	NaN	NaN	
1231	NaN	NaN	
1232	NaN	NaN	
1233	NaN	NaN	
1234	NaN	NaN	
1235	NaN	NaN	
1236	NaN	NaN	
1237	NaN	NaN	
1238	NaN	NaN	
1239	NaN	NaN	
1240	NaN	NaN	
1241	NaN	NaN	
1242	NaN	NaN	
1243	NaN	NaN	
1244	NaN	NaN	
1245	NaN	NaN	
1246	NaN	NaN	
1247	NaN	NaN	
1248	NaN	NaN	
1249	NaN	NaN	
1250	NaN	NaN	
1251	NaN	NaN	
1252	NaN	NaN	
1253	NaN	NaN	
1254	NaN	NaN	
1255	NaN	NaN	
1256	NaN	NaN	
1257	NaN	NaN	
1258	NaN	NaN	
1259	NaN	NaN	
1260	NaN	NaN	
1261	NaN	NaN	
1262	NaN	NaN	
1263	NaN	NaN	
1264	NaN	NaN	
1265	NaN	NaN	
1266	NaN	NaN	
1267	NaN	NaN	
1268	NaN	NaN	
1269	NaN	NaN	
1270	NaN	NaN	
1271	NaN	NaN	
1272	NaN	NaN	
1273	NaN	NaN	
1274	NaN	NaN	
1275	NaN	NaN	
1276	NaN	NaN	
1277	NaN	NaN	
1278	NaN	NaN	
1279	NaN	NaN	
1280	NaN	NaN	
1281	NaN	NaN	
1282	NaN	NaN	
1283	NaN	NaN	
1284	NaN	NaN	
1285	NaN	NaN	
1286	NaN	NaN	
1287	NaN	NaN	
1288	NaN	NaN	
1289	NaN	NaN	
1290	NaN	NaN	
1291	NaN	NaN	
1292	NaN	NaN	
1293	NaN	NaN	
1294	NaN	NaN	
1295	NaN	NaN	
1296	NaN	NaN	
1297	NaN	NaN	
1298	NaN	NaN	
1299	NaN	NaN	
1300	NaN	NaN	
1301	NaN	NaN	
1302	NaN	NaN	
1303	NaN	NaN	
1304	NaN	NaN	
1305	NaN	NaN	
1306	NaN	NaN	
1307	NaN	NaN	
1308	NaN	NaN	
1309	NaN	NaN	
1310	NaN	NaN	
1311	NaN	NaN	
1312	NaN	NaN	
1313	NaN	NaN	
1314	NaN	NaN	
1315	NaN	NaN	
1316	NaN	NaN	
1317	NaN	NaN	
1318	NaN	NaN	
1319	NaN	NaN	
1320	NaN	NaN	
1321	NaN	NaN	
1322	NaN	NaN	
1323	NaN	NaN	
1324	NaN	NaN	
1325	NaN	NaN	
1326	NaN	NaN	
1327	NaN	NaN	
1328	NaN	NaN	
1329	NaN	NaN	
1330	NaN	NaN	
1331	NaN	NaN	
1332	NaN	NaN	
1333	NaN	NaN	
1334	NaN	NaN	
1335	NaN	NaN	
1336	NaN	NaN	
1337	NaN	NaN	
1338	NaN	NaN	
1339	NaN	NaN	
1340	NaN	NaN	
1341	NaN	NaN	
1342	NaN	NaN	
1343	NaN	NaN	
1344	NaN	NaN	
1345	NaN	NaN	
1346	NaN	NaN	
1347	NaN	NaN	
1348	NaN	NaN	
1349	NaN	NaN	
1350	NaN	NaN	
1351	NaN	NaN	
1352	NaN	NaN	
1353	NaN	NaN	
1354	NaN	NaN	
1355	NaN	NaN	
1356	NaN	NaN	
1357	NaN	NaN	
1358	NaN	NaN	
1359	NaN	NaN	
1360	NaN	NaN	
1361	NaN	NaN	
1362	NaN	NaN	
1363	NaN	NaN	
1364	NaN	NaN	
1365	NaN	NaN	
1366	NaN	NaN	
1367	NaN	NaN	
1368	NaN	NaN	
1369	NaN	NaN	
1370	NaN	NaN	
1371	NaN	NaN	
1372	NaN	NaN	
1373	NaN	NaN	
1374	NaN	NaN	
1375	NaN	NaN	
1376	NaN	NaN	
1377	NaN	NaN	
1378	NaN	NaN	
1379	NaN	NaN	
1380	NaN	NaN	
1381	NaN	NaN	
1382	NaN	NaN	
1383	NaN	NaN	
1384	NaN	NaN	
1385	NaN	NaN	
1386	NaN	NaN	
1387	NaN	NaN	
1388	NaN	NaN	
1389	NaN	NaN	
1390	NaN	NaN	
1391	NaN	NaN	
1392	NaN	NaN	
1393	NaN	NaN	
1394	NaN	NaN	
1395	NaN	NaN	
1396	NaN	NaN	
1397	NaN	NaN	
1398	NaN	NaN	
1399	NaN	NaN	
1400	NaN	NaN	
1401	NaN	NaN	
1402	NaN	NaN	
1403	NaN	NaN	
1404	NaN	NaN	
1405	NaN	NaN	
