Athlete_Engineering	// User ID
11-2-2021	// Evaluation date
P007_SQUAT	25-1-2021	18:02:51:283	// Source file name and timestamp
250.000	// Sampling rate
6.105	// Data capture period



Sample #	Right_Leg_Flexion	Right_Leg_Abduction	
0	-63.590150	35.873437	
1	-63.390080	35.934509	
2	-64.050330	36.059319	
3	-64.364412	36.209322	
4	-64.014063	36.269513	
5	-64.009012	36.157521	
6	-64.091141	35.924206	
7	-64.172378	35.977215	
8	-64.377887	36.179173	
9	-63.803517	36.053241	
10	-63.754421	35.998401	
11	-64.404622	36.255114	
12	-62.769487	37.075369	
13	-63.045899	36.939004	
14	-64.304444	36.125351	
15	-63.850829	35.758800	
16	-63.782472	35.459415	
17	-64.093446	35.855246	
18	-63.067970	36.087023	
19	-63.013372	36.072467	
20	-64.100161	36.119261	
21	-63.958475	35.893888	
22	-63.633611	36.009549	
23	-64.028484	35.789720	
24	-63.991448	35.797158	
25	-63.999405	35.900375	
26	-63.292080	35.349736	
27	-63.062619	35.611709	
28	-63.811383	35.921695	
29	-63.702510	35.806664	
30	-63.543105	35.609867	
31	-63.964086	35.813113	
32	-64.101158	35.974356	
33	-63.576315	35.803586	
34	-63.544720	35.961287	
35	-63.489801	36.086576	
36	-63.765561	36.153494	
37	-63.981171	36.113087	
38	-63.805309	35.796936	
39	-63.704550	35.588268	
40	-63.831820	35.670526	
41	-61.982448	35.054362	
42	-62.015848	34.920024	
43	-64.079750	35.412711	
44	NaN	NaN	
45	NaN	NaN	
46	NaN	NaN	
47	NaN	NaN	
48	-62.269058	35.223741	
49	-62.195475	35.170683	
50	-62.114291	35.057822	
51	-61.219837	34.789559	
52	-60.145223	34.366620	
53	-60.940585	34.360996	
54	-61.851025	34.194515	
55	-60.561667	33.664907	
56	-60.148066	33.655596	
57	-60.883256	34.242962	
58	-60.104446	33.959806	
59	-60.082469	33.870559	
60	-60.343427	33.974461	
61	-59.664759	33.540581	
62	-59.118841	33.514900	
63	-58.601602	33.502929	
64	-58.151698	33.449763	
65	-57.886981	33.074739	
66	-57.251694	32.517606	
67	-56.970989	32.048558	
68	-56.707839	31.875179	
69	-56.576637	32.079757	
70	-56.634917	32.142935	
71	-55.829391	32.343118	
72	-55.214455	32.002404	
73	-55.078905	31.604409	
74	-54.243817	31.491626	
75	-53.706120	31.084973	
76	-53.731551	30.291854	
77	-53.060427	29.998160	
78	-52.481174	29.932163	
79	-52.170067	29.782974	
80	-51.792798	29.652055	
81	-50.181449	29.140418	
82	-49.596004	29.009799	
83	-50.011500	28.858495	
84	-49.714549	28.419914	
85	-48.842452	27.887721	
86	-48.252243	28.315814	
87	-48.410458	28.352784	
88	-48.102576	28.147233	
89	-47.038286	27.806979	
90	-45.221121	27.992251	
91	-44.549061	27.487615	
92	-45.729812	26.465954	
93	-45.184890	26.941936	
94	-44.208170	26.807080	
95	-44.456496	26.688251	
96	-43.515472	27.038018	
97	-42.707501	26.968666	
98	-42.148284	26.668063	
99	-42.090179	26.470479	
100	-41.282234	25.922048	
101	-40.491021	25.607407	
102	-39.707887	25.732558	
103	-38.881886	25.904089	
104	-38.272388	26.092689	
105	-37.366700	25.901222	
106	-36.823995	25.646878	
107	-35.636613	25.371186	
108	-35.251202	25.303356	
109	NaN	NaN	
110	NaN	NaN	
111	NaN	NaN	
112	NaN	NaN	
113	NaN	NaN	
114	NaN	NaN	
115	NaN	NaN	
116	NaN	NaN	
117	-31.708726	25.216622	
118	-30.707880	25.300167	
119	-30.076197	25.414800	
120	-29.314126	25.624161	
121	-28.475164	25.763600	
122	-28.238816	25.913547	
123	-27.477329	25.509113	
124	-25.480424	25.574004	
125	-24.678314	26.328291	
126	NaN	NaN	
127	NaN	NaN	
128	-26.670990	25.651465	
129	-25.788626	25.808637	
130	-24.831882	25.921431	
131	-23.147089	25.849258	
132	-22.168132	25.787130	
133	-22.446429	25.660794	
134	-21.935599	25.676041	
135	NaN	NaN	
136	NaN	NaN	
137	NaN	NaN	
138	NaN	NaN	
139	NaN	NaN	
140	NaN	NaN	
141	NaN	NaN	
142	NaN	NaN	
143	-16.791904	24.666672	
144	-16.378598	24.642048	
145	-15.929600	24.752148	
146	-14.385661	24.937876	
147	-13.442113	24.972961	
148	-13.439138	25.071023	
149	-12.696833	25.220278	
150	-11.768541	25.190581	
151	-11.118682	24.834106	
152	-10.511813	24.452497	
153	-10.438249	24.675932	
154	-9.685653	24.884016	
155	-8.123295	25.134495	
156	-8.557441	24.607344	
157	-8.410938	23.633166	
158	-6.747637	24.629101	
159	-6.322849	24.660518	
160	-5.036333	24.072305	
161	-5.063448	24.186906	
162	-5.351357	24.430728	
163	-4.736436	24.443926	
164	-4.498946	23.727396	
165	-2.987795	24.123498	
166	-1.694813	25.047445	
167	-1.287869	25.095060	
168	-0.840458	24.784151	
169	-0.361782	24.247375	
170	-0.160876	24.390749	
171	1.089693	24.563339	
172	1.652752	24.510138	
173	2.229300	24.633977	
174	2.162668	24.800038	
175	3.576072	25.178101	
176	4.410345	25.389985	
177	4.402611	24.972081	
178	5.940101	25.187285	
179	6.273572	25.127373	
180	7.235202	25.203980	
181	6.971277	25.758418	
182	6.696415	24.251552	
183	7.213738	25.246746	
184	8.327841	25.627906	
185	9.224674	24.695972	
186	9.781992	25.168282	
187	10.842379	26.156355	
188	11.433631	26.728608	
189	11.917846	25.900565	
190	13.457783	25.767259	
191	13.759037	26.735617	
192	13.756442	27.357187	
193	14.356609	26.585607	
194	14.804032	26.125753	
195	16.091039	25.892002	
196	16.956821	25.845409	
197	17.319343	26.189557	
198	17.489818	26.711855	
199	18.532734	26.392950	
200	19.150760	25.922555	
201	19.297692	25.583327	
202	19.782696	25.478396	
203	20.852451	25.696185	
204	20.775310	25.502700	
205	21.186661	25.431809	
206	23.028966	25.534076	
207	23.894846	26.541307	
208	24.070254	26.573681	
209	24.290851	26.083964	
210	24.910745	26.057877	
211	25.293399	26.202832	
212	25.613767	26.106561	
213	26.241630	25.251938	
214	25.694063	24.805904	
215	26.886703	26.205560	
216	28.769646	27.051930	
217	29.027177	26.190077	
218	28.970349	26.183922	
219	30.180195	27.256924	
220	31.705791	27.710638	
221	31.601375	26.408325	
222	31.301750	25.515430	
223	29.698019	24.454779	
224	30.334082	25.338598	
225	30.550551	24.034028	
226	33.050960	25.098617	
227	34.292354	25.761667	
228	32.655771	22.952128	
229	32.897181	23.573097	
230	35.242651	25.050096	
231	34.620472	23.376433	
232	35.517593	23.484879	
233	36.019911	24.415638	
234	35.834086	23.719564	
235	36.755563	24.111250	
236	36.840922	23.236315	
237	40.938551	27.248655	
238	40.778746	26.697332	
239	34.387512	16.908402	
240	37.973489	21.638846	
241	36.316000	20.185586	
242	46.642123	31.306402	
243	47.326795	35.210478	
244	40.026957	21.633624	
245	49.179201	33.724150	
246	46.427460	28.127825	
247	29.213250	5.748477	
248	NaN	NaN	
249	NaN	NaN	
250	NaN	NaN	
251	NaN	NaN	
252	NaN	NaN	
253	NaN	NaN	
254	NaN	NaN	
255	46.845887	27.251824	
256	46.359372	27.480402	
257	47.850983	28.817768	
258	49.394226	29.073814	
259	49.261752	27.896244	
260	50.231066	28.480714	
261	49.721147	28.243004	
262	50.297560	28.284343	
263	50.359801	28.622606	
264	50.714441	28.520558	
265	52.609693	29.561869	
266	51.197356	29.243227	
267	51.075249	30.122077	
268	53.203381	31.372794	
269	52.758854	30.712449	
270	52.497357	29.972321	
271	53.260388	30.154678	
272	53.153354	30.745929	
273	52.909663	30.299281	
274	53.909127	31.018568	
275	54.493375	31.875924	
276	54.969365	31.973454	
277	55.169895	31.807530	
278	54.070845	31.294887	
279	54.287573	31.503692	
280	54.660206	31.386428	
281	55.057717	31.918009	
282	55.207896	32.133258	
283	55.110139	32.047364	
284	56.026197	32.654395	
285	56.090552	32.589336	
286	55.934869	32.460598	
287	55.796640	32.217290	
288	55.696592	32.121051	
289	55.753596	32.164406	
290	55.882464	32.945904	
291	56.605405	33.168714	
292	56.949072	32.647499	
293	56.724414	32.606045	
294	56.896872	32.730107	
295	57.132552	33.113477	
296	56.871884	32.904285	
297	56.463331	32.196136	
298	56.162049	31.777124	
299	56.599984	31.736021	
300	56.284136	31.849474	
301	55.970098	31.981585	
302	56.252733	31.897391	
303	56.341683	31.769354	
304	55.955907	31.753222	
305	55.817428	31.815328	
306	56.320191	31.580659	
307	56.226923	30.809320	
308	55.815297	30.732784	
309	56.235156	31.961817	
310	56.863026	30.959130	
311	56.516146	29.751400	
312	56.461478	30.385546	
313	56.307492	30.607734	
314	56.119135	30.838280	
315	56.221385	30.937341	
316	55.751192	30.761254	
317	55.376342	30.426058	
318	54.836734	30.535272	
319	55.235176	30.855517	
320	55.003323	30.950736	
321	53.765377	29.662201	
322	54.343557	29.952277	
323	54.807301	28.791999	
324	54.760653	35.148324	
325	54.568105	35.400165	
326	53.067968	27.327102	
327	54.074124	31.553525	
328	53.569284	30.913324	
329	52.777101	28.550074	
330	52.188739	28.198576	
331	51.191419	27.469163	
332	52.539164	30.105858	
333	51.982498	29.344706	
334	51.319726	27.931638	
335	51.445517	28.956177	
336	51.156293	28.180712	
337	50.648474	28.123282	
338	50.727800	29.059206	
339	NaN	NaN	
340	NaN	NaN	
341	NaN	NaN	
342	NaN	NaN	
343	49.209107	28.162560	
344	47.365242	26.658400	
345	46.754491	26.308886	
346	48.110376	27.002158	
347	47.580576	25.360648	
348	46.913066	25.731187	
349	47.327004	26.164405	
350	45.878768	24.154202	
351	44.624092	22.472199	
352	45.673647	23.003692	
353	NaN	NaN	
354	NaN	NaN	
355	NaN	NaN	
356	NaN	NaN	
357	NaN	NaN	
358	NaN	NaN	
359	44.562867	26.280884	
360	39.102395	19.821678	
361	39.271307	20.533951	
362	39.675783	21.119159	
363	36.310505	17.523356	
364	46.300556	29.679767	
365	45.224090	29.286006	
366	35.268510	17.733332	
367	33.214809	16.205272	
368	35.040412	19.574110	
369	34.419797	19.564613	
370	32.567544	18.319880	
371	32.736299	19.054483	
372	33.805508	18.492098	
373	33.891604	18.919529	
374	32.867919	19.740224	
375	32.476918	19.391686	
376	31.587317	18.135747	
377	31.432403	18.125235	
378	32.538436	19.861995	
379	30.034904	19.516749	
380	27.706805	18.541038	
381	29.042229	19.152592	
382	27.614968	18.912503	
383	27.477880	19.000274	
384	27.632159	18.978993	
385	26.684063	18.379074	
386	26.961111	20.386042	
387	23.675020	17.530332	
388	22.297946	15.233968	
389	23.236756	21.222775	
390	23.101213	23.259641	
391	19.588147	13.561047	
392	18.719464	13.242652	
393	20.806120	20.142235	
394	19.631918	19.252945	
395	19.475011	19.138581	
396	18.742918	19.177743	
397	18.197050	18.916993	
398	16.816442	19.245912	
399	15.621555	18.844158	
400	15.453616	18.642418	
401	14.256668	19.060822	
402	13.692312	18.715053	
403	13.514898	18.743221	
404	12.484739	19.093874	
405	11.973871	19.231006	
406	11.360259	19.172614	
407	10.147451	18.361743	
408	9.855869	18.210802	
409	8.927229	18.729498	
410	7.860710	18.691646	
411	8.081866	18.717981	
412	6.732042	18.481530	
413	5.349845	18.390020	
414	5.285654	19.103399	
415	4.622922	18.891997	
416	3.730897	18.755321	
417	2.470733	18.199272	
418	2.047836	18.546200	
419	1.772119	19.419073	
420	0.048971	18.766808	
421	-0.613583	19.099425	
422	-1.026454	19.127939	
423	NaN	NaN	
424	NaN	NaN	
425	NaN	NaN	
426	NaN	NaN	
427	NaN	NaN	
428	NaN	NaN	
429	NaN	NaN	
430	NaN	NaN	
431	NaN	NaN	
432	NaN	NaN	
433	NaN	NaN	
434	NaN	NaN	
435	NaN	NaN	
436	NaN	NaN	
437	-12.633688	20.273386	
438	-13.239404	20.462344	
439	-14.510438	21.196362	
440	-15.182849	21.371188	
441	-15.240169	21.799056	
442	-16.454784	21.493014	
443	-16.868228	22.170189	
444	-18.017038	22.458726	
445	-19.414444	21.785718	
446	-19.568551	22.704316	
447	-20.651400	22.562795	
448	-21.921558	22.931140	
449	-22.961184	23.063429	
450	-24.324921	22.919714	
451	-25.187322	23.701867	
452	-25.252474	24.552027	
453	-26.499516	24.311463	
454	-27.991903	24.203425	
455	-28.276987	24.525377	
456	-29.143631	24.908759	
457	-30.553869	25.400596	
458	-31.398296	25.584493	
459	-32.120891	25.741359	
460	-32.192943	25.126034	
461	-32.981766	24.842900	
462	-34.531968	25.067695	
463	-35.358286	25.228220	
464	-35.511542	25.670526	
465	-35.713742	26.396137	
466	-36.021143	26.873058	
467	-36.239205	27.180001	
468	-35.728539	27.619241	
469	-36.099722	27.589810	
470	-37.513385	27.824761	
471	-37.202752	27.945317	
472	-38.916094	27.936356	
473	-41.281498	28.470498	
474	-40.581195	28.983114	
475	-41.486857	29.049955	
476	-41.005933	28.880544	
477	-41.064589	29.170358	
478	-42.227236	29.484968	
479	-42.424084	29.592418	
480	-42.423823	29.537828	
481	-42.837056	29.405339	
482	-44.365998	29.647861	
483	-43.988932	29.756191	
484	-43.743940	29.864045	
485	-44.276891	29.884592	
486	-44.702461	29.848452	
487	-45.239196	29.832176	
488	-45.993607	30.311549	
489	-46.160102	30.471082	
490	-46.296485	30.514908	
491	-46.887710	31.004331	
492	-46.551999	31.051697	
493	-46.721477	31.090816	
494	-47.014405	31.329223	
495	-46.229374	31.227556	
496	-46.795184	31.068336	
497	-47.584712	31.203964	
498	-48.329188	31.657590	
499	-48.906207	31.845982	
500	-49.143441	31.822339	
501	-49.378940	31.774679	
502	-49.389395	31.850024	
503	-49.574239	31.898789	
504	-49.357813	31.684270	
505	-49.771463	31.752079	
506	-50.502890	31.545219	
507	-50.449890	31.422190	
508	-50.458615	31.636456	
509	-50.199022	31.480416	
510	-50.242939	31.455033	
511	-49.942636	31.771823	
512	-49.269969	31.597754	
513	-49.440773	31.456791	
514	-49.287081	31.919346	
515	-48.585611	31.956175	
516	-48.698129	31.819544	
517	-48.636253	32.160718	
518	-47.844694	32.301213	
519	-48.670956	32.396524	
520	-49.757834	32.241151	
521	-49.808079	32.069369	
522	-48.968850	32.034957	
523	-48.971729	32.169653	
524	-49.389232	31.960985	
525	-48.726740	31.650218	
526	-49.475504	31.980487	
527	-48.878526	31.705782	
528	-49.043705	31.635689	
529	-49.787698	31.491109	
530	-48.536534	31.278280	
531	-48.488307	31.299231	
532	-48.955711	30.858153	
533	-48.935574	30.981234	
534	-48.524715	31.204612	
535	-48.559103	31.334609	
536	-48.458312	31.492056	
537	-48.394602	31.439952	
538	-47.755022	31.452511	
539	-47.387986	31.310800	
540	-47.695368	31.427119	
541	-46.805309	31.166121	
542	-46.861075	31.010863	
543	-47.280683	31.123272	
544	-46.800665	31.208015	
545	-46.697143	31.145510	
546	-46.525494	30.855140	
547	-45.805786	30.638138	
548	-45.058802	30.292168	
549	-44.959084	30.230957	
550	-45.103898	30.141547	
551	-44.622415	29.968876	
552	-44.390226	30.216420	
553	-44.235916	30.358051	
554	-43.766218	30.225154	
555	-42.403268	30.147581	
556	-42.158537	29.822825	
557	-41.343000	29.513820	
558	-40.396996	29.574057	
559	-39.542408	29.233432	
560	-39.433707	29.016198	
561	-39.768073	28.940958	
562	-38.620627	28.579886	
563	-38.393633	28.573668	
564	-37.174493	28.597437	
565	-36.534821	29.005439	
566	-36.587393	29.034236	
567	-35.957717	28.844047	
568	-34.885155	28.764455	
569	-33.831547	28.493827	
570	-33.204832	28.200189	
571	-32.704378	28.065136	
572	-32.363449	27.955678	
573	-32.066779	27.650044	
574	-30.908928	27.282154	
575	NaN	NaN	
576	NaN	NaN	
577	NaN	NaN	
578	-28.104704	26.664170	
579	-27.718170	26.685491	
580	-26.963140	26.707418	
581	-26.617621	26.335022	
582	-25.147025	26.176217	
583	-23.812647	25.992626	
584	-22.875283	25.839219	
585	-21.571097	26.060264	
586	-21.878071	26.131988	
587	-22.399984	26.055942	
588	-21.948918	25.639501	
589	-21.051219	25.281503	
590	-19.609406	25.400201	
591	-19.152015	25.069498	
592	-18.918590	24.849019	
593	-17.359892	25.515818	
594	-16.013907	25.748541	
595	-16.021468	25.287403	
596	-15.540102	24.893013	
597	-14.315273	24.811350	
598	-13.144701	25.173405	
599	-12.247260	25.266092	
600	-11.886188	24.770483	
601	-10.194165	24.625128	
602	-9.336215	25.033212	
603	-8.889245	25.199789	
604	-8.419800	24.390567	
605	-7.188793	24.434566	
606	-5.566620	24.474083	
607	-5.437788	23.633302	
608	-4.774485	23.569819	
609	-3.843186	23.393295	
610	-2.988813	23.996230	
611	-2.241029	23.961866	
612	-1.526573	23.780043	
613	-0.275632	24.286978	
614	0.377735	24.124742	
615	1.794354	24.266924	
616	2.820830	24.273966	
617	2.301782	24.112047	
618	3.257976	23.211367	
619	4.485323	23.389471	
620	4.486925	23.525217	
621	5.496929	23.535131	
622	6.873529	24.108928	
623	7.333428	22.882296	
624	7.506263	22.456137	
625	8.349841	24.269258	
626	9.329011	24.030678	
627	9.847781	23.148723	
628	10.479213	23.660214	
629	11.169476	23.429447	
630	12.047325	23.668671	
631	13.599296	23.317483	
632	14.098053	23.509237	
633	14.029819	23.994166	
634	15.017378	23.736275	
635	16.114456	23.789665	
636	16.794661	23.802599	
637	17.509269	23.899333	
638	18.062912	23.874635	
639	18.433030	23.787139	
640	19.471066	24.006806	
641	21.026740	24.356604	
642	21.442602	24.202725	
643	21.915841	23.861352	
644	22.774615	23.428318	
645	22.687110	23.708430	
646	24.204155	24.711407	
647	25.206266	24.692537	
648	25.889566	24.646392	
649	26.455447	24.337761	
650	26.079548	24.575796	
651	26.904690	25.363730	
652	28.698667	25.575984	
653	29.202092	26.038202	
654	28.785545	24.894575	
655	29.759649	25.239357	
656	31.316458	25.533325	
657	32.285404	25.197803	
658	30.954904	23.533690	
659	30.561038	21.407058	
660	31.043366	22.769393	
661	31.616374	23.126435	
662	31.580580	23.031047	
663	31.418168	21.391932	
664	35.034224	28.615997	
665	34.951566	28.961061	
666	33.503965	19.227676	
667	NaN	NaN	
668	NaN	NaN	
669	37.178790	24.048478	
670	37.001522	23.931750	
671	39.668890	28.933480	
672	25.387442	7.878973	
673	26.009112	7.664457	
674	40.138076	26.519716	
675	35.703067	20.850038	
676	39.218087	25.332346	
677	44.822333	29.466087	
678	41.921010	26.101606	
679	NaN	NaN	
680	NaN	NaN	
681	NaN	NaN	
682	NaN	NaN	
683	NaN	NaN	
684	NaN	NaN	
685	NaN	NaN	
686	NaN	NaN	
687	48.978365	30.638703	
688	49.131995	30.474475	
689	48.331683	29.989480	
690	47.887220	29.738708	
691	47.155426	28.963500	
692	49.741421	30.974956	
693	50.627446	31.438177	
694	51.569982	31.369107	
695	51.417929	31.232780	
696	51.557291	31.676854	
697	52.568797	32.200275	
698	52.928506	31.962654	
699	52.543713	32.452473	
700	53.098568	33.364994	
701	54.208745	34.484054	
702	54.261050	33.558944	
703	55.807465	38.553440	
704	54.702629	38.068404	
705	54.202497	33.255139	
706	56.407990	35.300134	
707	56.564636	34.685158	
708	56.518643	35.143091	
709	56.455091	35.834692	
710	57.048658	35.703739	
711	57.385611	36.174313	
712	57.592678	36.771127	
713	57.274505	35.039367	
714	57.022271	34.173456	
715	57.681093	34.503598	
716	58.517229	35.515162	
717	58.345730	35.321153	
718	58.720769	35.359986	
719	59.735691	35.944871	
720	59.328383	35.770422	
721	59.013719	36.179941	
722	59.680661	36.733262	
723	59.395517	37.150686	
724	59.127797	36.813662	
725	59.940000	37.412234	
726	60.150092	37.877806	
727	60.470973	38.616067	
728	60.965053	39.061153	
729	60.970415	38.986991	
730	60.940736	39.361222	
731	61.768025	40.258670	
732	62.112160	40.802334	
733	62.121176	39.920444	
734	62.166384	40.025041	
735	62.199293	40.013100	
736	62.579431	40.021845	
737	62.557833	40.678500	
738	62.512603	40.777709	
739	63.104826	41.201172	
740	62.999257	41.145649	
741	62.914754	40.808012	
742	63.245387	40.842574	
743	63.267712	40.791892	
744	63.253786	40.205354	
745	62.501453	39.369604	
746	62.365131	39.215308	
747	62.816441	39.510115	
748	62.827610	39.689168	
749	62.918688	39.550510	
750	62.714822	38.907447	
751	63.773199	41.598419	
752	63.583894	40.662622	
753	63.591004	41.001481	
754	63.607964	41.739313	
755	62.479976	38.255639	
756	62.399350	39.074412	
757	62.462122	39.577844	
758	62.735557	39.672587	
759	62.639619	39.559630	
760	62.569648	38.364693	
761	62.607360	38.252687	
762	62.090415	38.053574	
763	61.231629	37.497232	
764	61.227126	38.369257	
765	61.593045	38.685844	
766	61.403396	37.917984	
767	60.841867	37.560665	
768	61.023872	37.550222	
769	61.367013	37.136716	
770	60.919555	37.234433	
771	60.395764	37.057851	
772	60.137557	36.798235	
773	60.046352	36.482992	
774	59.824057	35.761357	
775	59.129929	34.992956	
776	58.855792	34.683108	
777	58.651295	34.696844	
778	58.144166	34.437908	
779	58.466999	35.017702	
780	58.341056	34.699006	
781	57.056546	33.074740	
782	57.022571	32.876246	
783	56.957127	33.076789	
784	55.855020	31.799800	
785	55.556818	31.322381	
786	55.369132	31.505236	
787	55.428623	31.807934	
788	55.830874	32.789365	
789	55.429235	32.474315	
790	55.302927	31.959628	
791	55.337475	32.376190	
792	55.408568	32.759961	
793	53.902754	30.914919	
794	52.713970	30.287314	
795	53.811714	32.388137	
796	53.901402	32.539762	
797	52.643794	30.976972	
798	51.903582	30.716568	
799	52.063228	31.318650	
800	52.327609	30.351952	
801	52.027547	33.127826	
802	51.289163	32.566956	
803	50.065354	29.149137	
804	49.491553	30.247940	
805	49.513458	29.613811	
806	46.553579	27.992834	
807	47.391705	26.840289	
808	48.343230	28.105928	
809	47.509568	27.133991	
810	44.486024	23.153090	
811	46.591150	26.844142	
812	49.243312	30.291631	
813	44.092250	25.019459	
814	43.071231	24.050087	
815	43.997865	25.464837	
816	43.438733	24.661040	
817	44.542393	26.478636	
818	40.353038	21.569245	
819	42.043595	24.344942	
820	41.204904	23.777423	
821	38.314775	20.710861	
822	39.067637	23.485093	
823	37.313173	22.033029	
824	36.039053	20.677011	
825	34.705229	19.604649	
826	33.062270	18.763579	
827	37.472933	23.674449	
828	37.165047	23.633767	
829	32.078507	19.115825	
830	33.464597	21.555001	
831	34.065556	21.955664	
832	32.605734	21.705572	
833	31.779045	21.786115	
834	31.389720	21.636698	
835	30.435664	21.661885	
836	30.774662	21.548964	
837	29.846103	21.602358	
838	28.223106	21.471394	
839	27.690130	21.785769	
840	26.981684	21.743177	
841	25.778777	20.989996	
842	24.156447	20.967869	
843	24.034140	21.254045	
844	24.077956	21.240112	
845	23.364428	21.982248	
846	21.654568	21.451920	
847	20.963006	20.778403	
848	20.168173	21.247419	
849	19.826517	21.088321	
850	19.363836	22.199078	
851	18.745555	22.112354	
852	18.178857	21.126429	
853	16.682801	21.172222	
854	15.569006	20.560849	
855	14.316346	20.742850	
856	14.031639	21.202158	
857	13.663154	21.244800	
858	12.452697	20.924958	
859	11.700117	21.106777	
860	10.569659	21.194803	
861	10.083761	20.852274	
862	10.000630	20.736869	
863	8.858208	21.644197	
864	7.637486	21.634701	
865	6.925095	21.386371	
866	6.515124	21.848915	
867	5.016325	21.269763	
868	4.261096	21.186092	
869	4.369998	21.249726	
870	3.359976	21.292101	
871	3.106830	21.297877	
872	1.948367	22.089140	
873	1.056563	21.988573	
874	0.539358	21.660575	
875	-1.290581	21.777131	
876	-1.824482	22.280261	
877	-2.461273	22.635042	
878	-2.959609	22.436398	
879	-3.523210	22.058153	
880	-5.076588	21.039067	
881	-6.172949	21.050765	
882	NaN	NaN	
883	NaN	NaN	
884	-8.336704	22.429239	
885	-9.560728	22.029621	
886	-9.304915	22.723763	
887	-10.432569	22.809479	
888	-11.486275	22.593466	
889	-12.301153	22.409853	
890	-13.339668	22.733128	
891	-13.711292	23.175003	
892	-16.188092	22.588284	
893	-17.572288	22.529063	
894	-17.177453	22.975927	
895	-16.951322	23.570221	
896	-19.088478	23.561257	
897	-20.749398	23.571471	
898	-21.688029	23.588034	
899	-22.322072	23.974370	
900	-22.844404	24.003542	
901	-23.663060	24.053158	
902	-24.154120	24.819966	
903	-25.954007	24.846776	
904	-26.272637	24.998352	
905	-26.948239	24.997294	
906	-28.857632	25.181983	
907	-29.789679	25.724535	
908	-30.407653	26.165771	
909	-30.988798	26.481972	
910	-31.380000	26.715490	
911	-32.556191	26.926290	
912	-32.977610	27.201917	
913	-33.831151	27.697199	
914	-33.025131	27.894443	
915	-33.638683	28.213491	
916	-34.528056	28.378968	
917	-34.770794	28.515124	
918	-36.708158	28.663074	
919	-35.785026	28.350934	
920	-36.156600	28.573167	
921	-38.093246	29.013892	
922	-39.128368	29.468478	
923	-39.565954	29.911484	
924	-40.282886	30.111700	
925	-40.369346	30.382315	
926	-40.323644	30.255824	
927	-41.042642	30.188610	
928	-41.512425	30.484268	
929	-41.852150	30.271106	
930	-42.554547	30.153258	
931	-42.933816	30.122450	
932	-43.855703	30.146675	
933	-44.002494	30.155602	
934	-43.805961	30.078002	
935	-43.769566	29.936191	
936	-44.393142	30.006567	
937	-45.819671	30.183344	
938	-45.906447	30.258892	
939	-46.131180	30.473736	
940	-46.550823	30.623437	
941	-46.933766	30.930896	
942	-47.320054	31.176787	
943	-47.713307	31.152877	
944	-48.166221	31.401253	
945	-47.592300	31.567919	
946	-48.081776	31.934139	
947	-49.275512	32.193170	
948	-48.825552	32.038421	
949	-49.275308	31.767231	
950	-48.212716	31.579989	
951	-48.349483	32.003685	
952	-50.315366	32.298210	
953	-50.522108	32.081888	
954	-50.777690	32.178130	
955	-50.514582	32.568715	
956	-50.452520	32.636945	
957	-50.697946	32.614559	
958	-50.290091	32.521844	
959	-50.055049	32.618047	
960	-50.552949	32.881277	
961	-49.793976	32.768603	
962	-49.786215	33.162129	
963	-49.922804	33.175206	
964	-49.907144	32.957397	
965	-50.598304	33.253064	
966	-50.085251	33.094176	
967	-49.620188	32.741602	
968	-50.211461	32.851550	
969	-50.336183	32.695547	
970	-49.742228	32.461870	
971	-49.706711	32.292752	
972	-49.665003	32.307811	
973	-49.521151	32.537729	
974	-49.733689	32.323060	
975	-49.831804	31.987763	
976	-49.333365	32.107505	
977	-49.925546	32.306372	
978	-49.812212	32.171031	
979	-49.504938	32.778848	
980	-50.078060	32.918583	
981	-49.721989	32.582859	
982	-49.795345	32.805643	
983	-50.112732	32.905182	
984	-50.237452	32.797008	
985	-50.133677	32.737358	
986	-50.056834	32.801638	
987	-50.099344	32.880456	
988	-49.580767	32.504221	
989	-49.812075	32.653505	
990	-49.420595	32.652155	
991	-49.244303	32.370820	
992	-49.251089	32.363769	
993	-49.247085	32.254789	
994	-49.618535	32.313502	
995	-49.256644	32.100712	
996	-49.107966	32.185710	
997	-48.418951	32.314885	
998	-48.074999	32.185420	
999	-48.189839	32.191257	
1000	-47.590540	31.988488	
1001	-47.075028	31.730000	
1002	-46.600072	31.644902	
1003	-47.317852	31.255957	
1004	-47.745448	31.208002	
1005	-46.486430	31.431052	
1006	-46.740287	31.462014	
1007	-46.410362	31.202432	
1008	-46.087868	30.945281	
1009	-46.520238	31.209792	
1010	-45.515244	31.125006	
1011	-44.655894	30.893033	
1012	-44.553586	30.690577	
1013	-44.314042	30.364352	
1014	-44.901242	30.248094	
1015	-45.565064	30.338775	
1016	-43.730667	29.759181	
1017	-43.500102	29.883907	
1018	-42.694255	30.053412	
1019	-41.980265	29.551417	
1020	-42.983327	29.878918	
1021	-42.164980	29.625597	
1022	-41.421777	29.379014	
1023	-40.473382	29.338156	
1024	-40.275844	29.099252	
1025	-39.825555	28.940243	
1026	-39.270892	28.742245	
1027	-38.013540	28.591368	
1028	-37.526279	28.699784	
1029	-37.897063	28.558561	
1030	-36.215405	28.212699	
1031	-34.950977	28.163489	
1032	NaN	NaN	
1033	NaN	NaN	
1034	-33.854465	27.460885	
1035	-33.121114	27.461600	
1036	-32.613958	27.388521	
1037	-31.750836	27.424130	
1038	-29.193087	26.191144	
1039	-29.149031	26.367201	
1040	-29.807298	27.712240	
1041	-27.858765	26.896329	
1042	-27.338081	26.408860	
1043	-27.259102	26.177586	
1044	-27.196028	25.949865	
1045	-25.167098	25.496786	
1046	-26.722693	25.452480	
1047	-27.562599	26.044772	
1048	-24.231333	26.256980	
1049	-24.502569	26.015946	
1050	-24.304901	25.858852	
1051	-23.446606	25.741055	
1052	-22.805305	25.365011	
1053	-22.015892	25.139267	
1054	-21.127295	24.800263	
1055	-20.460431	24.552619	
1056	-19.820072	24.650731	
1057	-19.129381	23.917718	
1058	-17.846004	23.577393	
1059	-16.438347	24.495150	
1060	-15.813590	24.863495	
1061	-15.230027	24.177832	
1062	-14.172417	24.070877	
1063	-13.106275	24.117074	
1064	-12.992507	23.698797	
1065	-11.959588	23.263412	
1066	-11.347605	23.133749	
1067	-11.471680	22.956039	
1068	-10.056699	22.944685	
1069	-9.124251	22.889244	
1070	-8.866048	22.354597	
1071	-7.554154	21.947648	
1072	-6.452681	21.630874	
1073	-5.830651	22.057107	
1074	-5.071350	21.830029	
1075	-4.492830	22.008712	
1076	-3.576892	22.281526	
1077	-2.828943	21.239650	
1078	-2.167667	21.006476	
1079	-0.995158	21.995647	
1080	-0.390010	22.038149	
1081	-0.263772	21.124998	
1082	NaN	NaN	
1083	NaN	NaN	
1084	2.668995	20.874314	
1085	3.191089	20.990683	
1086	4.376398	21.011245	
1087	4.947997	20.700696	
1088	5.420740	20.184139	
1089	6.520849	20.548758	
1090	6.434309	20.393907	
1091	7.604495	20.133791	
1092	9.316792	19.950602	
1093	10.458184	21.063499	
1094	10.707235	20.593268	
1095	11.589771	20.003733	
1096	13.081577	21.170717	
1097	13.085998	20.659951	
1098	14.038091	20.514831	
1099	14.764218	20.079971	
1100	15.336276	20.136926	
1101	15.644833	20.371895	
1102	16.765783	20.574624	
1103	17.953442	20.959206	
1104	18.577595	20.867756	
1105	19.477552	20.536453	
1106	19.689823	20.683123	
1107	NaN	NaN	
1108	NaN	NaN	
1109	22.412042	21.004033	
1110	23.347102	20.915774	
1111	23.537868	20.684294	
1112	23.729102	20.688024	
1113	24.671435	21.104262	
1114	25.536655	21.473616	
1115	26.727283	21.278056	
1116	27.317056	21.330326	
1117	27.623287	21.522117	
1118	28.298377	21.486895	
1119	29.474819	21.795080	
1120	30.871353	22.013259	
1121	31.272168	21.683235	
1122	32.189007	21.949148	
1123	29.937134	21.192674	
1124	31.779484	20.987728	
1125	32.795922	20.911377	
1126	33.930220	21.522698	
1127	34.251662	21.560445	
1128	33.952408	20.992090	
1129	34.724879	21.285806	
1130	35.661656	22.159444	
1131	35.708513	21.980352	
1132	NaN	NaN	
1133	NaN	NaN	
1134	36.886431	20.927133	
1135	38.596057	21.780063	
1136	39.241496	22.566293	
1137	38.594824	21.801475	
1138	39.703200	21.550468	
1139	39.929267	22.544318	
1140	38.594635	21.432782	
1141	41.074094	22.254497	
1142	41.747744	22.683480	
1143	41.814673	22.827539	
1144	44.228057	25.818181	
1145	45.869926	27.022402	
1146	46.730207	26.308889	
1147	42.739831	20.576957	
1148	45.092461	23.010034	
1149	47.241744	26.231512	
1150	46.004909	24.010408	
1151	46.971716	24.659526	
1152	47.404791	23.227802	
1153	49.839716	30.596008	
1154	49.281435	30.794269	
1155	49.620861	25.509798	
1156	49.897546	26.904891	
1157	50.415411	26.698397	
1158	51.387702	27.521748	
1159	51.281789	27.070246	
1160	51.404988	27.026436	
1161	52.205923	27.504689	
1162	52.517958	27.884433	
1163	53.112251	28.242217	
1164	54.382415	28.009645	
1165	54.061378	27.837704	
1166	54.202047	28.655714	
1167	54.699960	28.313110	
1168	54.588411	27.732614	
1169	55.340748	28.082374	
1170	56.890947	28.474022	
1171	56.836051	28.606782	
1172	56.583402	29.610974	
1173	57.446825	29.232446	
1174	57.824713	28.693512	
1175	57.754936	29.075359	
1176	57.759636	29.264099	
1177	58.349650	29.338302	
1178	58.790221	28.912170	
1179	59.123659	30.136367	
1180	59.329313	30.313288	
1181	59.928456	30.296719	
1182	60.342418	31.291808	
1183	60.403050	30.785720	
1184	62.096966	34.213601	
1185	61.504923	33.975202	
1186	60.848311	30.020570	
1187	61.808294	31.102974	
1188	61.509777	31.415590	
1189	61.663896	31.340776	
1190	61.692740	31.189142	
1191	62.899319	34.603095	
1192	64.313985	38.727669	
1193	63.161672	34.404747	
1194	62.580011	32.226346	
1195	62.699449	31.234320	
1196	62.904244	32.028456	
1197	62.791561	32.470822	
1198	63.489296	35.046210	
1199	63.336277	35.035888	
1200	62.298839	31.028907	
1201	63.254000	32.701696	
1202	63.652092	32.987967	
1203	63.992954	32.784002	
1204	64.055228	33.114114	
1205	64.095903	33.706524	
1206	63.928106	33.934972	
1207	63.768689	33.872549	
1208	64.222723	34.018984	
1209	63.924167	34.101284	
1210	64.266082	32.825663	
1211	64.430205	32.968761	
1212	63.982847	33.790072	
1213	63.523577	33.842590	
1214	63.504631	33.814379	
1215	63.410176	33.701911	
1216	63.134283	33.917594	
1217	63.263341	33.542582	
1218	63.027096	33.367545	
1219	63.356944	34.066009	
1220	63.629979	33.972432	
1221	63.573265	33.317376	
1222	63.055894	32.615064	
1223	62.545283	32.117165	
1224	62.435781	32.374921	
1225	62.470425	32.634688	
1226	62.176647	32.248398	
1227	62.334333	32.398697	
1228	62.766025	32.758669	
1229	62.420159	31.812966	
1230	60.678977	30.766523	
1231	60.500986	29.973191	
1232	61.488983	30.803684	
1233	60.625384	30.639938	
1234	60.155112	30.795119	
1235	60.530202	31.556613	
1236	60.181756	30.085455	
1237	59.487054	29.794005	
1238	59.407098	30.669577	
1239	59.452605	30.135260	
1240	59.175429	30.086425	
1241	58.856947	30.317857	
1242	58.648502	29.549116	
1243	58.818279	29.381066	
1244	58.802557	28.768729	
1245	58.491658	29.112172	
1246	58.486296	29.676244	
1247	58.329346	29.260376	
1248	57.780257	29.507930	
1249	57.756415	29.534055	
1250	57.109007	29.269983	
1251	56.687466	28.931038	
1252	57.010005	29.394737	
1253	56.576430	29.348462	
1254	55.578942	28.259964	
1255	55.413300	28.492257	
1256	55.546016	28.620528	
1257	54.947863	28.311869	
1258	54.120348	27.752267	
1259	53.922090	27.374408	
1260	54.443808	30.058079	
1261	53.420813	28.487616	
1262	52.320564	30.695601	
1263	52.017380	31.043440	
1264	51.048406	25.334307	
1265	51.209197	27.611471	
1266	51.754584	30.398925	
1267	51.190643	28.217503	
1268	50.997948	26.122854	
1269	49.474393	26.049220	
1270	50.512034	25.893395	
1271	49.205709	25.988834	
1272	45.200244	23.965031	
1273	47.013709	24.075522	
1274	47.370806	24.508896	
1275	45.369176	24.012867	
1276	45.512162	20.923118	
1277	46.698012	22.420401	
1278	42.662133	20.895823	
1279	41.287182	19.150613	
1280	41.454683	19.098183	
1281	39.849185	16.440919	
1282	41.901906	19.860673	
1283	42.236158	20.289298	
1284	41.351570	20.610704	
1285	39.951083	20.315493	
1286	39.307976	19.104293	
1287	39.151104	19.230901	
1288	38.680307	18.786716	
1289	37.924393	19.086750	
1290	36.128519	18.184834	
1291	36.751436	18.441408	
1292	35.478277	18.762226	
1293	35.074467	18.268131	
1294	35.381799	18.259538	
1295	34.523113	19.001225	
1296	34.324471	19.196305	
1297	32.442729	17.891092	
1298	31.353117	18.207257	
1299	30.865734	18.613918	
1300	30.961011	18.698631	
1301	30.688309	19.220464	
1302	29.171587	18.971608	
1303	27.169374	18.230888	
1304	NaN	NaN	
1305	NaN	NaN	
1306	25.038358	18.724679	
1307	25.136268	18.251566	
1308	24.824824	18.051502	
1309	23.226068	18.606453	
1310	22.928107	18.767125	
1311	22.786031	18.263246	
1312	22.054115	17.654505	
1313	20.410584	17.511182	
1314	19.692404	17.861974	
1315	19.319738	17.906101	
1316	17.625859	17.982887	
1317	16.950176	18.217881	
1318	16.695790	18.241114	
1319	15.975747	18.328469	
1320	14.959626	18.324968	
1321	14.048798	18.187371	
1322	13.033997	18.266948	
1323	12.413624	18.317196	
1324	11.918882	17.999159	
1325	11.024439	17.933128	
1326	10.101053	18.005380	
1327	8.723299	18.092926	
1328	7.934831	17.922579	
1329	7.425181	18.703149	
1330	6.923487	18.728606	
1331	5.797161	17.800219	
1332	4.737424	17.898274	
1333	4.927347	19.059876	
1334	3.473380	18.905536	
1335	2.046601	17.918069	
1336	1.594752	18.197018	
1337	0.619508	18.316531	
1338	-0.591660	18.128917	
1339	-0.330583	18.548629	
1340	-0.334214	18.676325	
1341	-2.509696	18.080320	
1342	-3.197475	18.814640	
1343	-4.071479	19.162191	
1344	-5.142623	18.412172	
1345	-5.915263	19.444404	
1346	-6.448130	19.935279	
1347	-6.906943	20.047467	
1348	-8.239958	19.257306	
1349	-9.087178	18.624578	
1350	-11.210437	18.469226	
1351	-11.422371	19.191233	
1352	-11.751202	19.807687	
1353	-13.270302	18.431887	
1354	-13.858269	18.579755	
1355	-15.591031	18.509503	
1356	-15.192558	19.192758	
1357	-16.389565	19.658811	
1358	-18.062265	19.611976	
1359	-17.893856	19.579272	
1360	-18.836874	20.268549	
1361	-20.001014	20.579609	
1362	-20.024977	20.550564	
1363	-20.960887	21.030017	
1364	-22.242175	21.102691	
1365	-22.829159	21.295678	
1366	-23.682163	21.662057	
1367	-24.064201	22.255843	
1368	-25.575685	22.396033	
1369	-26.962586	22.295003	
1370	-27.577368	22.311046	
1371	-28.160834	22.492506	
1372	-29.169149	23.070314	
1373	-30.284222	23.284038	
1374	-32.005780	23.385733	
1375	-32.225501	23.957523	
1376	-32.159156	24.191986	
1377	-33.690611	24.456430	
1378	-34.500427	24.695039	
1379	-35.271379	25.097618	
1380	-35.985472	25.632397	
1381	-36.860504	26.165702	
1382	-38.022520	26.231883	
1383	-38.638143	26.135436	
1384	-39.256066	26.466075	
1385	-40.276596	26.849001	
1386	-40.861070	27.224870	
1387	-41.238136	27.560859	
1388	-41.056982	27.629520	
1389	-39.992261	27.169950	
1390	-40.148070	26.912638	
1391	-41.252599	27.524816	
1392	-41.788689	27.893701	
1393	-42.906675	28.204172	
1394	-44.148327	28.338098	
1395	-44.812498	28.227429	
1396	-45.172517	28.711942	
1397	-45.251754	28.844715	
1398	-46.830977	28.850274	
1399	-48.101637	28.791827	
1400	-48.563287	29.155149	
1401	-49.240965	29.839366	
1402	-49.516148	30.377771	
1403	-50.039347	30.648943	
1404	NaN	NaN	
1405	NaN	NaN	
1406	NaN	NaN	
1407	-50.672091	30.228664	
1408	-50.391562	30.446482	
1409	-51.349885	30.746717	
1410	-51.992460	30.982804	
1411	-52.340966	31.044884	
1412	-52.997705	30.989424	
1413	-53.368463	31.135603	
1414	-53.369194	31.385311	
1415	-53.366578	31.132138	
1416	-53.944303	30.994307	
1417	-54.040884	31.374717	
1418	-54.470100	31.586723	
1419	-54.603866	31.593875	
1420	-55.108798	32.224570	
1421	-55.678142	32.763265	
1422	-55.675212	32.588418	
1423	-56.039746	33.041521	
1424	-56.408392	33.273072	
1425	-55.980682	33.431401	
1426	-55.664567	33.316670	
1427	-56.245599	32.824510	
1428	-56.271700	33.032004	
1429	-56.112863	32.835746	
1430	-56.342344	32.813114	
1431	-57.115093	33.127195	
1432	-58.038341	33.147400	
1433	-58.370489	33.321010	
1434	-57.309535	33.548384	
1435	-56.248698	33.345972	
1436	-57.627537	33.411301	
1437	-57.898206	33.457079	
1438	-57.124544	33.760111	
1439	-57.375296	34.234024	
1440	-57.464820	34.031755	
1441	-58.317549	34.319388	
1442	-58.735201	35.157106	
1443	-58.429871	35.308675	
1444	-58.762368	35.064391	
1445	-58.877705	35.059902	
1446	-59.049179	35.158622	
1447	-58.452661	34.801378	
1448	-58.065644	34.837333	
1449	-58.323000	34.139102	
1450	-58.493157	33.953455	
1451	-58.754042	33.607944	
1452	-58.996661	33.940233	
1453	-58.273971	34.765765	
1454	-58.416402	33.686316	
1455	-58.871656	33.837641	
1456	-58.802907	33.595847	
1457	-57.554159	34.491601	
1458	-57.669766	34.706959	
1459	-57.829775	34.684823	
1460	-58.073609	35.016814	
1461	-58.103827	34.803563	
1462	-57.962660	34.672674	
1463	-58.255923	34.848843	
1464	-57.724951	34.628877	
1465	-58.099562	35.054505	
1466	-59.363809	35.287620	
1467	-58.804963	35.143274	
1468	-59.247200	35.344230	
1469	-60.147450	35.408554	
1470	-59.521714	35.137729	
1471	-58.790754	34.815511	
1472	-58.903251	35.207699	
1473	-59.055997	35.028885	
1474	-59.254546	35.497390	
1475	-59.269361	35.552614	
1476	-59.289807	35.596525	
1477	-59.444719	35.669421	
1478	-58.891829	35.108271	
1479	-58.960753	36.295533	
1480	-59.424004	36.751186	
1481	-59.183241	36.678746	
1482	-59.181211	36.896612	
1483	-59.986221	36.996904	
1484	-60.243813	36.764978	
1485	-60.012251	36.446828	
1486	-60.108081	36.889608	
1487	-60.272909	36.776785	
1488	-59.810392	36.468299	
1489	-60.052039	37.095291	
1490	-60.736067	37.398186	
1491	-60.447900	37.029313	
1492	-60.583170	37.031781	
1493	-60.665557	37.567073	
1494	-60.888576	37.890450	
1495	-61.051186	37.918995	
1496	-61.158182	37.669683	
1497	-61.154099	37.344282	
1498	-61.234448	37.328156	
1499	-61.443627	37.254784	
1500	-61.405017	37.332717	
1501	-61.500722	37.397953	
1502	-61.070998	37.321342	
1503	-61.252841	37.150530	
1504	-61.428412	37.053539	
1505	-61.282394	37.293965	
1506	-61.502666	37.111948	
1507	-61.426243	37.004063	
1508	-61.894189	37.640360	
1509	-61.608263	37.572579	
1510	-61.405864	37.474007	
1511	-61.815857	37.108038	
1512	-61.885032	37.143855	
1513	-61.844392	37.712038	
1514	-61.788302	37.863395	
1515	-62.115612	37.893930	
1516	-62.021423	37.972870	
1517	-62.351819	38.103547	
1518	-62.648780	38.071067	
1519	-62.116931	37.790274	
1520	-62.409949	37.778665	
1521	-63.067253	38.283815	
1522	-63.013807	37.882439	
1523	-63.123871	38.019589	
1524	-63.186439	38.104450	
1525	-63.090136	37.983558	
1526	-63.060505	38.391983	
