Athlete_Engineering	// User ID
11-2-2021	// Evaluation date
P008_WALK4	27-1-2021	13:43:07:678	// Source file name and timestamp
250.000	// Sampling rate
5.042	// Data capture period



Sample #	Right_Leg_Flexion	Right_Leg_Abduction	
0	-82.211085	-41.471846	
1	-82.713939	-44.098582	
2	-82.310135	-41.836856	
3	-82.808416	-46.582023	
4	-82.617237	-44.543603	
5	-82.368660	-42.564898	
6	-82.332254	-42.932935	
7	-82.426179	-43.174364	
8	-81.964394	-39.986028	
9	-80.235704	-26.666990	
10	-81.760349	-38.089713	
11	-80.736459	-26.584196	
12	-82.042632	-40.053623	
13	-81.180553	-28.354282	
14	-82.210759	-41.116647	
15	-80.881665	-26.375656	
16	-82.263013	-40.805214	
17	-80.407690	-24.233497	
18	-82.972882	-47.349112	
19	-82.453702	-41.705923	
20	-80.536393	-24.671119	
21	-82.808612	-46.540979	
22	-81.963477	-37.064447	
23	-81.023014	-28.343151	
24	-82.371634	-41.093748	
25	-81.046230	-28.152488	
26	-82.835423	-46.050638	
27	-81.811415	-34.976180	
28	-81.225544	-29.618567	
29	-82.146101	-38.386460	
30	-80.589965	-26.045111	
31	-82.555667	-43.503142	
32	-82.465311	-44.168887	
33	-82.102779	-40.401181	
34	-82.390067	-42.857034	
35	-82.052864	-38.913759	
36	-82.080895	-39.461029	
37	-82.095472	-39.478655	
38	-82.346055	-41.897751	
39	-81.925326	-38.099119	
40	-81.978487	-41.785760	
41	-81.984297	-41.112313	
42	-82.242516	-39.856425	
43	-81.828277	-40.424677	
44	-79.000630	-6.352447	
45	-79.378289	-9.178926	
46	-82.128516	-37.878928	
47	-82.396993	-41.258064	
48	-82.182722	-39.801097	
49	-80.147544	-18.693023	
50	-80.175500	-19.467153	
51	-80.603888	-22.847566	
52	-81.214729	-28.839047	
53	-81.234763	-29.652475	
54	-81.147759	-28.737025	
55	-81.212230	-29.700884	
56	-79.546998	-12.667132	
57	-79.589375	-11.534992	
58	-79.804795	-11.838491	
59	-81.911363	-32.392855	
60	-81.602040	-29.628339	
61	-81.534629	-30.945494	
62	-81.435088	-26.289494	
63	-81.422641	-25.744033	
64	-81.778005	-29.012076	
65	-82.088771	-31.415210	
66	-82.485911	-34.774706	
67	-81.995753	-29.362717	
68	-81.746237	-28.715905	
69	-81.848122	-30.156909	
70	-81.890699	-30.466708	
71	-81.756136	-30.157488	
72	-81.898981	-33.031387	
73	-81.578352	-28.379388	
74	-81.005125	-21.997869	
75	-81.021976	-23.127105	
76	-81.102036	-23.412232	
77	-81.261619	-23.309294	
78	-81.173093	-22.937996	
79	-80.880044	-21.259243	
80	-80.438672	-19.529745	
81	-79.878596	-15.479299	
82	-79.831011	-13.130968	
83	-79.737156	-10.949364	
84	-79.844260	-13.416851	
85	-79.707659	-12.767667	
86	-79.721367	-12.371282	
87	-79.840714	-14.254326	
88	-79.761410	-14.440576	
89	-79.711787	-14.407721	
90	-79.579240	-15.158582	
91	-79.152142	-13.026675	
92	-78.028553	-2.224134	
93	-78.422004	-4.001381	
94	-79.399297	-13.068055	
95	-79.669895	-17.872952	
96	-80.188956	-22.736974	
97	-79.380567	-13.104645	
98	-79.555863	-14.172476	
99	-79.515056	-16.194207	
100	-78.897931	-15.630677	
101	-78.850528	-12.148662	
102	-78.287687	-16.080909	
103	-77.713856	-11.687250	
104	-77.779193	-11.444800	
105	-78.346047	-9.474041	
106	-77.679881	-8.562685	
107	-77.749657	-11.485393	
108	-77.240121	-11.729125	
109	-77.304830	-11.389087	
110	-76.731950	-8.436084	
111	-76.731173	-9.542699	
112	-76.668174	-8.913381	
113	-76.609165	-11.088029	
114	-76.460729	-11.595408	
115	-75.838889	-9.566604	
116	-76.119956	-12.940129	
117	-75.737552	-14.246363	
118	-74.098761	-6.217972	
119	-74.028402	-6.325661	
120	-73.971410	-3.459037	
121	-74.072511	-7.441909	
122	-73.593059	-4.832185	
123	-73.387292	-5.862084	
124	-73.247398	-6.771824	
125	-72.603793	-5.814875	
126	-72.187595	-5.874494	
127	-71.841781	-6.464496	
128	-71.342380	-6.354909	
129	-70.394634	-5.398492	
130	-69.891508	-4.628011	
131	-69.422965	0.280398	
132	-69.005949	-0.161609	
133	-68.660958	-0.683538	
134	-67.883458	-2.535391	
135	-67.381507	-2.125360	
136	-66.492979	-1.937559	
137	-66.228989	-3.745815	
138	-63.147435	4.584093	
139	-62.614466	4.671072	
140	-62.398755	4.625640	
141	-61.346877	4.918476	
142	-59.610710	8.509338	
143	-60.048817	6.739341	
144	-62.410822	-3.971150	
145	-62.011903	-4.380896	
146	-62.639492	-7.290511	
147	-57.075263	8.037040	
148	-56.254470	6.250321	
149	-56.250413	5.702185	
150	-54.722462	7.476154	
151	-60.659190	-8.609572	
152	-61.615648	-11.896100	
153	-60.416703	-8.717130	
154	-59.918079	-8.927475	
155	-58.805554	-6.420493	
156	-59.677346	-11.386517	
157	-59.314215	-11.078028	
158	-58.927554	-10.112206	
159	-58.023233	-9.734474	
160	-58.671221	-12.151892	
161	-58.374443	-11.451766	
162	-58.304857	-11.508355	
163	-57.995137	-10.886792	
164	-57.976063	-12.059769	
165	-57.487466	-10.963783	
166	-58.424143	-12.902494	
167	-57.792111	-11.824320	
168	-57.331409	-13.041745	
169	-57.262987	-11.976764	
170	-57.606561	-12.867008	
171	-57.059342	-13.652913	
172	-56.624829	-13.575639	
173	-56.453107	-14.258907	
174	-56.685080	-13.958655	
175	-55.998174	-12.622994	
176	-55.657866	-13.676550	
177	-54.987216	-13.135069	
178	-54.344000	-12.986418	
179	-53.474100	-10.979045	
180	-54.182685	-12.047713	
181	-54.382773	-13.900341	
182	-54.168116	-13.635198	
183	-54.105893	-14.132459	
184	-53.819559	-14.096577	
185	-53.590835	-14.086347	
186	-53.683242	-14.879573	
187	-53.476634	-14.843387	
188	-53.577497	-14.962637	
189	-52.549993	-14.376470	
190	-53.245086	-15.582933	
191	-53.235909	-14.033216	
192	-52.750530	-13.813983	
193	-52.186992	-14.969415	
194	-52.547482	-15.700358	
195	-52.012928	-16.006416	
196	-51.718626	-14.424949	
197	-51.776611	-14.868813	
198	-51.683977	-14.862449	
199	-51.418862	-15.225072	
200	-51.299160	-15.340413	
201	-50.809720	-14.642502	
202	-50.426113	-14.615329	
203	-50.079158	-15.116896	
204	-50.209735	-14.786211	
205	-50.203619	-15.279065	
206	-49.750238	-14.587284	
207	-49.337412	-14.678757	
208	-49.485711	-15.530476	
209	-49.612860	-15.749769	
210	-49.111289	-15.380530	
211	-49.093303	-15.361246	
212	-49.244003	-16.260447	
213	-48.754017	-16.282527	
214	-48.663129	-16.498058	
215	-48.308803	-15.806410	
216	-48.787310	-16.184273	
217	-48.918890	-15.837272	
218	-48.274540	-15.477550	
219	-48.276300	-15.100314	
220	-47.774275	-16.241152	
221	-48.484863	-17.154196	
222	-47.726120	-16.426866	
223	-46.924425	-15.358324	
224	-47.644627	-16.992860	
225	-48.360253	-18.003407	
226	-47.850023	-17.241210	
227	-48.188254	-17.343627	
228	-47.807317	-16.832866	
229	-48.029061	-17.663991	
230	-48.088033	-18.090115	
231	-48.201584	-18.247826	
232	-48.018051	-18.122084	
233	-48.229963	-18.877301	
234	-48.708645	-19.127667	
235	-48.250668	-19.159992	
236	-48.777447	-19.592433	
237	-48.305219	-18.641798	
238	-48.567904	-19.117316	
239	-48.747619	-19.958113	
240	-48.444183	-19.683592	
241	-48.305901	-19.582590	
242	-48.327384	-19.604943	
243	-48.983650	-20.173561	
244	-48.609939	-20.441244	
245	-48.169695	-20.008863	
246	-48.357757	-19.655092	
247	-48.258956	-19.749479	
248	-48.367512	-20.271900	
249	-48.697102	-20.368943	
250	-48.727419	-20.750386	
251	-49.015185	-21.699602	
252	-49.180864	-21.032355	
253	-49.225700	-21.218050	
254	-48.649614	-20.718011	
255	-49.438266	-21.421047	
256	-49.086624	-20.949331	
257	-48.988419	-20.472555	
258	-49.227014	-20.387934	
259	-48.999656	-20.835466	
260	-49.203471	-20.609531	
261	-50.025663	-20.957119	
262	-50.276534	-20.454853	
263	-50.128592	-20.054269	
264	-50.697133	-21.254983	
265	-51.284364	-21.205779	
266	-51.895438	-21.749957	
267	-52.137101	-21.508613	
268	-51.500516	-21.076877	
269	-52.609242	-21.471455	
270	-52.279476	-20.433588	
271	-52.487293	-20.959995	
272	-52.862458	-21.341317	
273	-52.793845	-20.638342	
274	-53.532261	-21.720417	
275	-52.816836	-20.490593	
276	-50.118619	-17.235926	
277	-54.396897	-22.246185	
278	-54.058813	-22.219181	
279	-54.471334	-21.986522	
280	-55.205410	-22.975186	
281	-55.576955	-23.902867	
282	-55.798404	-23.615113	
283	-55.181099	-24.388019	
284	-56.471055	-25.407644	
285	-57.181480	-24.764936	
286	-57.335895	-26.222500	
287	-57.432728	-26.176699	
288	-57.192813	-25.895969	
289	-57.887823	-26.683303	
290	-58.510234	-26.226988	
291	-59.015037	-25.276612	
292	-59.113190	-26.652182	
293	-59.296069	-26.577786	
294	-59.685377	-27.250520	
295	-60.105508	-27.192341	
296	-60.163758	-27.205307	
297	-60.525838	-25.716884	
298	-60.192294	-26.328520	
299	-61.186720	-28.788974	
300	-61.232731	-27.427294	
301	-61.694793	-28.579449	
302	-61.788153	-27.993728	
303	-62.527890	-27.294353	
304	-63.020144	-28.047555	
305	-62.860644	-27.251686	
306	-63.919099	-28.372352	
307	-63.886506	-27.859618	
308	-63.542219	-27.499845	
309	-64.600796	-28.962893	
310	-64.890261	-27.787310	
311	-65.018152	-28.367576	
312	-65.464599	-30.146341	
313	-67.271791	-31.753893	
314	-66.774732	-30.391759	
315	-66.293962	-29.904227	
316	-66.397355	-29.530000	
317	-67.260892	-32.207082	
318	-66.775877	-31.510613	
319	-67.086222	-29.991071	
320	-67.952302	-30.870753	
321	-68.229122	-30.818618	
322	-68.858452	-30.742393	
323	-70.022115	-34.873942	
324	-69.274292	-31.483074	
325	-71.363768	-32.977844	
326	-72.738275	-36.380024	
327	-73.255172	-39.249052	
328	-74.333062	-39.402461	
329	-74.118261	-37.872977	
330	-73.661557	-36.448325	
331	-73.680325	-36.378689	
332	-74.587363	-39.194757	
333	-75.099179	-40.958376	
334	-75.081502	-39.736732	
335	-75.393942	-38.745395	
336	-76.139740	-41.813957	
337	-75.526129	-41.314200	
338	-75.224837	-39.556516	
339	-77.090715	-42.030830	
340	-78.022963	-40.510365	
341	-75.907510	-39.159735	
342	-77.069558	-42.793685	
343	-76.166773	-39.578753	
344	-75.869126	-37.180910	
345	-75.456077	-37.100123	
346	-76.386201	-37.920751	
347	-76.868913	-39.035829	
348	-77.019317	-38.752031	
349	-77.400208	-38.840952	
350	-77.625142	-40.252477	
351	-77.959271	-42.415689	
352	-78.054292	-40.561515	
353	-77.941057	-37.916827	
354	-78.312989	-44.405117	
355	-78.773091	-42.820881	
356	-78.968315	-42.191922	
357	-78.402987	-38.600447	
358	-78.769920	-39.724396	
359	-79.788534	-42.887772	
360	-79.512675	-40.103152	
361	-79.912496	-41.777867	
362	-80.917533	-39.703071	
363	-80.784595	-39.027935	
364	-80.519687	-37.289283	
365	-81.480856	-37.988266	
366	-81.855501	-39.105243	
367	-82.635740	-38.006528	
368	-82.360509	-39.307811	
369	-83.215884	-38.802792	
370	-84.099689	-34.434913	
371	-83.985171	-38.548648	
372	-84.206552	-39.574507	
373	-84.496128	-38.758887	
374	-84.803360	-39.246615	
375	-85.251377	-40.368539	
376	-85.243478	-43.368094	
377	-85.851504	-46.268106	
378	-86.989852	-46.680786	
379	-87.148015	-51.574520	
380	-87.298728	-54.580541	
381	-86.878289	-54.657152	
382	-87.787881	-60.684261	
383	-88.782387	-73.311589	
384	-89.300026	-80.967979	
385	-89.162834	-73.726832	
386	-89.338006	-79.290164	
387	-89.918593	-88.389969	
388	-90.270707	-96.310024	
389	-90.636827	-99.571521	
390	-91.369674	-114.894208	
391	-92.413320	-127.184908	
392	-92.486033	-124.254791	
393	-93.145475	-136.699992	
394	-93.601613	-145.785010	
395	-93.514739	-145.872169	
396	-93.726939	-156.560181	
397	-94.053997	-160.410003	
398	-94.804637	-155.800687	
399	-95.237696	-163.054133	
400	-95.843517	-168.566537	
401	-96.237844	-169.857319	
402	-96.342209	-172.436697	
403	-97.264669	-171.983700	
404	-97.226176	176.549989	
405	-96.949955	177.012050	
406	-96.852504	176.972053	
407	-97.110452	178.373838	
408	-96.990745	173.902924	
409	-96.934354	172.784991	
410	-96.410407	173.373478	
411	-95.803425	166.670322	
412	-95.765295	162.562926	
413	-95.853642	163.695149	
414	-94.990991	161.581408	
415	-94.326546	159.523887	
416	-93.885580	148.783903	
417	-93.501408	143.889928	
418	-92.150350	130.905884	
419	-91.063261	118.464290	
420	-91.342614	126.460654	
421	-91.384916	122.086966	
422	-89.983710	89.625492	
423	-89.126216	73.198010	
424	-87.834070	54.495039	
425	-86.310337	35.052652	
426	-85.652916	36.147756	
427	-85.799632	36.072611	
428	-84.668155	26.409113	
429	-83.131528	25.802961	
430	-81.535039	18.851753	
431	-81.236420	23.123011	
432	-79.261263	29.904387	
433	-80.158438	17.161395	
434	-79.534334	14.643877	
435	-78.201290	15.210065	
436	-77.778648	13.899304	
437	-77.370720	14.294685	
438	-75.548683	11.260463	
439	-75.289154	12.947746	
440	-73.980828	12.167208	
441	-73.450324	11.629949	
442	-74.405063	11.740608	
443	-72.571063	9.369586	
444	-71.463346	6.870084	
445	-70.692730	10.943911	
446	-70.847393	9.512928	
447	-70.393455	7.270871	
448	-68.632484	9.106732	
449	-69.344715	3.564497	
450	-68.697855	5.388977	
451	-66.958187	11.937602	
452	-67.687444	3.477778	
453	-65.247171	4.530126	
454	-65.830073	1.560005	
455	-65.402571	1.931849	
456	-64.914814	3.379513	
457	-64.143844	1.325791	
458	-62.889405	1.563860	
459	-62.418578	7.910792	
460	-61.485069	6.632460	
461	-61.460674	-1.869762	
462	-61.677254	-3.070820	
463	-59.440382	4.557858	
464	-58.751776	3.837347	
465	-60.072232	-3.489496	
466	-59.397671	-3.923789	
467	-58.601363	-4.956357	
468	-57.285244	-4.342608	
469	-57.871101	-3.508828	
470	-56.095092	0.092906	
471	-56.104717	0.337291	
472	-56.258022	-4.939239	
473	-55.781272	-5.903187	
474	-55.480186	-5.409945	
475	-54.575857	-3.683126	
476	-54.207466	-7.247584	
477	-54.734781	-7.273840	
478	-54.570452	-6.993688	
479	-54.243278	-7.886968	
480	-54.566802	-9.876734	
481	-53.817027	-9.626243	
482	-55.025600	-10.284227	
483	-53.763129	-10.369297	
484	-53.402070	-10.202244	
485	-53.874204	-10.549393	
486	-55.207211	-11.951979	
487	-54.342169	-12.630470	
488	-54.779562	-11.353802	
489	-54.907011	-11.840198	
490	-53.485239	-12.719791	
491	-54.387330	-13.148910	
492	-55.972344	-13.946872	
493	-56.333021	-14.388213	
494	-55.860217	-13.815833	
495	-55.087497	-14.883751	
496	-55.369697	-14.496772	
497	-55.074933	-15.113972	
498	-55.033261	-15.027020	
499	-57.493817	-16.878185	
500	-57.262907	-15.888822	
501	-57.315785	-14.906358	
502	-57.361368	-15.818127	
503	-57.804954	-15.481614	
504	-57.059364	-14.755658	
505	-58.105374	-16.094144	
506	-58.843031	-16.918331	
507	-57.551904	-16.086230	
508	-57.514208	-16.425768	
509	-56.487859	-14.651441	
510	-57.173866	-14.957605	
511	-56.368435	-13.336269	
512	-57.786843	-12.441713	
513	-57.589542	-12.821941	
514	-56.979267	-11.622176	
515	-58.056695	-13.448291	
516	-56.640264	-12.443955	
517	-60.187394	-15.516014	
518	-60.254502	-14.240586	
519	-59.489540	-13.948866	
520	-57.830257	-13.907612	
521	-60.075843	-13.791552	
522	-59.772950	-12.721135	
523	-60.004802	-12.366881	
524	-59.343495	-12.360744	
525	-60.512950	-13.578670	
526	-61.326844	-13.850099	
527	-60.792765	-13.178949	
528	-61.449332	-13.909757	
529	-60.139147	-11.444384	
530	-60.377025	-14.551075	
531	-60.557418	-15.025469	
532	-61.628060	-15.124245	
533	-61.652786	-14.184424	
534	-61.746029	-13.960457	
535	-61.679485	-14.196610	
536	-61.903833	-14.899406	
537	-62.112777	-14.113626	
538	-63.607642	-16.560471	
539	-62.896235	-15.422547	
540	-63.963854	-15.258887	
541	-63.607666	-15.447059	
542	-63.934954	-15.787667	
543	-63.962300	-15.902806	
544	-63.755489	-16.869846	
545	-64.227162	-17.343387	
546	-64.134099	-19.712420	
547	-64.923359	-20.893859	
548	-65.473543	-20.788696	
549	-65.152580	-21.249105	
550	-65.828121	-21.005512	
551	-67.120036	-20.087554	
552	-66.176707	-18.731240	
553	-62.445365	-15.938734	
554	-66.588543	-21.948480	
555	-61.712136	-17.187965	
556	-62.804849	-18.959333	
557	-62.981780	-18.965176	
558	-62.060661	-16.159121	
559	-62.008106	-17.526244	
560	-62.248717	-17.768816	
561	-62.890127	-20.179037	
562	-63.018652	-19.145398	
563	-64.726123	-23.061129	
564	-63.436021	-20.808153	
565	-64.353435	-19.836145	
566	-63.971502	-18.845993	
567	-63.595503	-17.739654	
568	-64.003783	-18.127183	
569	-64.403770	-18.349476	
570	-63.727360	-18.680554	
571	-65.043774	-21.362920	
572	-67.221367	-24.340564	
573	-67.091272	-26.108390	
574	-65.763423	-24.773863	
575	-66.088871	-25.107276	
576	-65.317121	-20.807422	
577	-65.726646	-21.521373	
578	-65.789822	-22.000062	
579	-66.540312	-22.941839	
580	-66.367281	-22.162030	
581	-66.704365	-24.200178	
582	-66.880857	-26.138117	
583	-68.401148	-30.033636	
584	-66.935695	-26.407589	
585	-68.344431	-28.796713	
586	-67.981568	-27.553550	
587	-67.457055	-27.386446	
588	-67.292090	-28.150280	
589	-67.848876	-28.239167	
590	-68.463484	-28.980877	
591	-68.104595	-27.712355	
592	-68.841935	-27.959034	
593	-69.270283	-29.162424	
594	-69.150953	-29.450342	
595	-69.679538	-28.692923	
596	-70.062745	-28.858365	
597	-70.463599	-28.684822	
598	-70.043013	-27.466269	
599	-70.544808	-28.422093	
600	-70.761212	-28.828418	
601	-71.316525	-29.621478	
602	-71.782331	-31.279528	
603	-73.758393	-35.012621	
604	-74.374658	-34.509454	
605	-73.965497	-34.945367	
606	-73.876836	-36.258025	
607	-74.838767	-36.745826	
608	-75.464697	-38.209442	
609	-75.691787	-39.083201	
610	-75.103477	-37.854393	
611	-76.624419	-41.854580	
612	-76.493910	-40.215072	
613	-76.741667	-42.747536	
614	-76.819932	-42.389393	
615	-76.807783	-42.634358	
616	-77.397865	-44.212775	
617	-77.718654	-44.921522	
618	-77.730561	-43.685790	
619	-78.460331	-46.215737	
620	-77.527176	-43.711357	
621	-78.409089	-44.500321	
622	-78.554868	-43.739240	
623	-79.444500	-44.551401	
624	-79.606294	-47.838540	
625	-79.526952	-48.505225	
626	-79.810952	-47.309511	
627	-80.738944	-51.009964	
628	-80.504098	-49.541732	
629	-80.378099	-47.712892	
630	-80.938860	-49.974382	
631	-79.776660	-39.582926	
632	-80.043439	-41.402343	
633	-78.979057	-38.038341	
634	-81.376542	-46.453173	
635	-81.329391	-44.692339	
636	-80.586707	-39.567844	
637	-81.557961	-43.216533	
638	-81.113304	-41.942004	
639	-82.239466	-45.403147	
640	-82.372851	-44.747676	
641	-83.270706	-48.906322	
642	-83.346536	-50.820034	
643	-83.627500	-51.089059	
644	-83.721067	-51.279446	
645	-84.129384	-52.268700	
646	-84.023108	-51.162031	
647	-85.180528	-56.275077	
648	-86.061250	-59.675585	
649	-85.422660	-51.444995	
650	-86.671663	-57.954811	
651	-87.080214	-63.345077	
652	-87.356030	-67.322232	
653	-88.651537	-76.646235	
654	-87.785151	-65.247837	
655	-88.364828	-71.807085	
656	-89.116361	-78.589701	
657	-89.382688	-80.827071	
658	-90.397594	-96.584964	
659	-90.224882	-92.866189	
660	-90.368022	-95.542590	
661	-91.248826	-115.704685	
662	-91.641399	-116.706159	
663	-92.269379	-133.157408	
664	-91.942224	-120.340059	
665	-92.921612	-144.541219	
666	-93.031698	-155.467654	
667	-92.898267	-151.794385	
668	-94.447678	-159.137335	
669	-94.787217	-172.757603	
670	-92.969687	144.989773	
671	-93.248422	156.315200	
672	-95.354033	164.690137	
673	-97.710426	177.762411	
674	-98.532754	177.579506	
675	-98.420351	-179.176902	
676	-99.022645	170.384341	
677	-99.384502	172.634749	
678	-98.890262	157.797360	
679	-100.478525	176.927495	
680	-102.173841	176.431018	
681	-101.225621	175.852658	
682	-101.792650	169.026410	
683	-102.373446	177.481181	
684	-103.553696	174.896395	
685	-102.965843	177.702647	
686	-102.008950	173.055914	
687	-101.313036	171.798798	
688	-102.052465	-179.209637	
689	-102.256578	-179.013591	
690	-102.164485	-177.977969	
691	-103.527511	175.914001	
692	-104.026570	172.570547	
693	-104.511599	-177.680251	
694	-104.276137	178.179607	
695	-103.261603	178.774709	
696	-102.619526	-179.954262	
697	-102.231689	176.862148	
698	-103.370687	175.388402	
699	-102.198935	176.322116	
700	-100.995260	175.622480	
701	-102.532323	175.252165	
702	-102.480920	172.365654	
703	-102.123744	174.325445	
704	-101.874518	176.214184	
705	-101.100914	173.444720	
706	-100.260484	167.614705	
707	-101.028723	168.064482	
708	-99.815769	163.469588	
709	-99.586583	164.401309	
710	-99.066254	158.956154	
711	-97.712664	157.222068	
712	-96.497231	145.395249	
713	-95.974361	125.976221	
714	-95.553767	141.100663	
715	-94.873359	130.963608	
716	-94.220371	124.519419	
717	-92.981960	117.794133	
718	-90.618237	97.331776	
719	-90.025642	90.245741	
720	-89.127141	80.990780	
721	-87.954000	68.822275	
722	-86.880391	62.715260	
723	-85.587610	57.299995	
724	-84.954316	49.431709	
725	-82.705719	38.299138	
726	-83.104598	44.788478	
727	-82.575988	37.032201	
728	-80.250513	28.167523	
729	-80.013751	27.635828	
730	-78.636357	24.331250	
731	-76.696163	19.723283	
732	-76.194925	18.025544	
733	-73.884453	15.956113	
734	-74.604085	15.972145	
735	-73.432188	16.164503	
736	-73.619486	16.661942	
737	-72.309274	15.968270	
738	-71.484316	17.899426	
739	-71.601327	13.799006	
740	-70.596109	11.429076	
741	-69.012952	10.087058	
742	-68.463351	11.059132	
743	-68.858559	10.668569	
744	-68.595347	11.540207	
745	-68.800887	12.559811	
746	-67.977382	9.760294	
747	-68.147090	11.863295	
748	-65.338062	7.137442	
749	-65.556466	8.094700	
750	-66.378408	8.370448	
751	-65.037756	5.655035	
752	-65.530925	8.406794	
753	-65.363602	5.444198	
754	-63.015467	3.333036	
755	-62.783328	4.425781	
756	-63.316126	5.783845	
757	-59.728168	0.292649	
758	-61.226724	-0.793271	
759	-62.947206	1.110584	
760	-61.432507	0.147795	
761	-61.027442	-0.247978	
762	-60.323945	3.935575	
763	-60.282091	-1.852943	
764	-59.298762	-2.611092	
765	-58.844058	-3.165831	
766	-58.837513	-1.981117	
767	-56.928555	-4.241120	
768	-58.417704	-5.118125	
769	-61.816806	-1.482228	
770	-59.513055	-1.379337	
771	-58.764683	-3.666001	
772	-57.856709	-6.590375	
773	-57.802577	-7.991626	
774	-58.121183	-4.103616	
775	-59.347838	-2.614451	
776	-59.055457	-5.568549	
777	-57.756710	-9.277106	
778	-59.955901	-4.384220	
779	-58.391291	-7.372946	
780	-60.084274	-9.636865	
781	-57.366961	-9.972483	
782	-57.521690	-10.361845	
783	-57.839635	-12.848682	
784	-59.064643	-10.697557	
785	-57.082619	-11.791039	
786	-57.450565	-10.705059	
787	-57.191120	-7.105616	
788	-56.931481	-9.761790	
789	-55.223306	-14.075389	
790	-55.442338	-14.117577	
791	-55.725750	-15.207697	
792	-56.354736	-18.255612	
793	-55.581358	-16.142984	
794	-55.768485	-16.088139	
795	-56.241591	-16.769431	
796	-56.150582	-17.864229	
797	-55.828313	-18.512796	
798	-55.072394	-17.372106	
799	-55.279567	-13.923664	
800	-55.045734	-16.695250	
801	-54.345461	-15.317381	
802	-55.583923	-14.944508	
803	-55.452524	-13.871705	
804	-54.829339	-13.854921	
805	-54.386389	-14.260172	
806	-53.888710	-15.399558	
807	-54.139572	-15.169328	
808	-54.707453	-15.167045	
809	-54.014229	-15.682096	
810	-53.528283	-15.386488	
811	-54.150995	-16.374955	
812	-53.043251	-16.005461	
813	-51.941747	-15.706641	
814	-52.472373	-13.252485	
815	-51.001356	-17.926512	
816	-52.471783	-18.596633	
817	-54.547973	-19.520816	
818	-52.951990	-15.599074	
819	-51.934288	-15.792117	
820	-53.275255	-15.820477	
821	-53.853805	-16.440835	
822	-52.730255	-16.228696	
823	-52.146642	-17.237703	
824	-52.657950	-18.027311	
825	-52.364302	-17.913623	
826	-52.014777	-19.187381	
827	-52.459164	-18.981136	
828	-52.261276	-18.264409	
829	-53.324232	-18.084542	
830	-55.123746	-18.943885	
831	-55.677376	-18.756355	
832	-55.633827	-19.133142	
833	-56.772819	-20.898625	
834	-58.152505	-22.980120	
835	-57.839199	-21.713242	
836	-57.541102	-21.711586	
837	-58.745401	-21.649114	
838	-61.436393	-22.091746	
839	-60.346768	-20.941818	
840	-63.038225	-22.046778	
841	-59.211585	-20.410284	
842	-61.243216	-21.625119	
843	-62.455463	-22.628576	
844	-59.587786	-22.515298	
845	-64.046119	-22.056934	
846	-63.838962	-23.751272	
847	-63.384742	-25.029800	
848	-61.052630	-24.701430	
849	-64.346759	-25.566501	
850	-65.099601	-25.534541	
851	-63.799217	-24.034447	
852	-65.325017	-25.238948	
853	-64.075212	-24.680744	
854	-63.451449	-25.927822	
855	-63.104149	-25.892513	
856	-62.182145	-26.049885	
857	-65.012544	-25.808927	
858	-62.570524	-25.770115	
859	-61.159647	-25.496319	
860	-62.851025	-24.940755	
861	-60.819750	-25.574961	
862	-61.103820	-25.812651	
863	-61.249939	-26.591489	
864	-62.942058	-26.714522	
865	-62.504321	-23.988771	
866	-62.043405	-28.509937	
867	-64.638746	-28.310045	
868	-61.366628	-29.102698	
869	-63.911100	-30.879053	
870	-67.249699	-29.567778	
871	-66.088084	-28.977204	
872	-64.784852	-33.199060	
873	-67.986471	-33.357248	
874	-65.106089	-33.268511	
875	-65.497535	-31.246046	
876	-69.489469	-32.661834	
877	-68.980751	-34.874120	
878	-67.291493	-32.487170	
879	-67.222112	-33.131112	
880	-69.152907	-33.211454	
881	-66.102451	-30.056572	
882	-66.396964	-31.725490	
883	-66.899961	-33.157890	
884	-70.809900	-33.708782	
885	-71.110324	-29.925509	
886	-71.220675	-32.575943	
887	-70.869146	-32.648394	
888	-72.332205	-28.799676	
889	-73.314710	-30.542105	
890	-73.170055	-32.308428	
891	-73.539785	-31.040201	
892	-74.668578	-31.604813	
893	-75.328615	-34.589698	
894	-74.533328	-32.287927	
895	-74.691455	-32.637363	
896	-75.778368	-36.621804	
897	-74.988526	-39.418523	
898	-76.220441	-35.954697	
899	-76.498729	-38.114054	
900	-78.382150	-39.023978	
901	-78.039551	-41.521981	
902	-78.443684	-41.570386	
903	NaN	NaN	
904	NaN	NaN	
905	NaN	NaN	
906	NaN	NaN	
907	-78.656380	-42.988102	
908	-76.163254	-39.768564	
909	-80.068955	-48.624728	
910	-79.823409	-49.669719	
911	-78.632234	-43.731864	
912	-78.975771	-46.329780	
913	-81.525484	-50.530122	
914	-80.187420	-44.568859	
915	-81.488726	-50.343812	
916	-82.448512	-54.425515	
917	-81.705631	-51.430431	
918	-82.705440	-52.909072	
919	-82.530577	-53.016315	
920	-84.862629	-61.612541	
921	-83.895734	-55.649440	
922	-82.387460	-51.799739	
923	-81.521188	-49.370024	
924	-84.350213	-60.053336	
925	-83.935879	-60.483043	
926	-86.518385	-67.463709	
927	-85.344321	-62.020738	
928	-87.338186	-73.815107	
929	-86.989020	-70.658948	
930	-85.353184	-66.663154	
931	-88.753708	-81.720717	
932	-88.504556	-79.998381	
933	-85.910067	-68.844652	
934	-88.811839	-81.889064	
935	-89.359211	-84.557181	
936	-88.099572	-76.962823	
937	-89.209637	-84.660575	
938	NaN	NaN	
939	NaN	NaN	
940	NaN	NaN	
941	NaN	NaN	
942	NaN	NaN	
943	NaN	NaN	
944	NaN	NaN	
945	NaN	NaN	
946	NaN	NaN	
947	NaN	NaN	
948	NaN	NaN	
949	NaN	NaN	
950	NaN	NaN	
951	NaN	NaN	
952	NaN	NaN	
953	NaN	NaN	
954	NaN	NaN	
955	NaN	NaN	
956	NaN	NaN	
957	NaN	NaN	
958	NaN	NaN	
959	NaN	NaN	
960	NaN	NaN	
961	NaN	NaN	
962	NaN	NaN	
963	NaN	NaN	
964	NaN	NaN	
965	NaN	NaN	
966	NaN	NaN	
967	NaN	NaN	
968	NaN	NaN	
969	NaN	NaN	
970	NaN	NaN	
971	NaN	NaN	
972	NaN	NaN	
973	NaN	NaN	
974	NaN	NaN	
975	NaN	NaN	
976	NaN	NaN	
977	NaN	NaN	
978	NaN	NaN	
979	120.254364	111.733030	
980	131.056164	115.877706	
981	134.582076	118.253665	
982	-170.608813	117.467642	
983	176.451317	118.529247	
984	131.063576	117.966586	
985	NaN	NaN	
986	NaN	NaN	
987	NaN	NaN	
988	NaN	NaN	
989	NaN	NaN	
990	NaN	NaN	
991	NaN	NaN	
992	NaN	NaN	
993	NaN	NaN	
994	NaN	NaN	
995	NaN	NaN	
996	NaN	NaN	
997	NaN	NaN	
998	NaN	NaN	
999	NaN	NaN	
1000	NaN	NaN	
1001	NaN	NaN	
1002	NaN	NaN	
1003	NaN	NaN	
1004	NaN	NaN	
1005	NaN	NaN	
1006	NaN	NaN	
1007	NaN	NaN	
1008	NaN	NaN	
1009	NaN	NaN	
1010	NaN	NaN	
1011	NaN	NaN	
1012	NaN	NaN	
1013	NaN	NaN	
1014	NaN	NaN	
1015	NaN	NaN	
1016	NaN	NaN	
1017	NaN	NaN	
1018	NaN	NaN	
1019	NaN	NaN	
1020	NaN	NaN	
1021	NaN	NaN	
1022	NaN	NaN	
1023	NaN	NaN	
1024	NaN	NaN	
1025	NaN	NaN	
1026	NaN	NaN	
1027	NaN	NaN	
1028	NaN	NaN	
1029	NaN	NaN	
1030	NaN	NaN	
1031	NaN	NaN	
1032	NaN	NaN	
1033	NaN	NaN	
1034	NaN	NaN	
1035	NaN	NaN	
1036	NaN	NaN	
1037	NaN	NaN	
1038	NaN	NaN	
1039	NaN	NaN	
1040	NaN	NaN	
1041	NaN	NaN	
1042	NaN	NaN	
1043	NaN	NaN	
1044	NaN	NaN	
1045	NaN	NaN	
1046	NaN	NaN	
1047	NaN	NaN	
1048	NaN	NaN	
1049	NaN	NaN	
1050	NaN	NaN	
1051	NaN	NaN	
1052	NaN	NaN	
1053	NaN	NaN	
1054	NaN	NaN	
1055	NaN	NaN	
1056	NaN	NaN	
1057	NaN	NaN	
1058	NaN	NaN	
1059	NaN	NaN	
1060	NaN	NaN	
1061	NaN	NaN	
1062	NaN	NaN	
1063	NaN	NaN	
1064	NaN	NaN	
1065	NaN	NaN	
1066	NaN	NaN	
1067	NaN	NaN	
1068	NaN	NaN	
1069	NaN	NaN	
1070	NaN	NaN	
1071	NaN	NaN	
1072	NaN	NaN	
1073	NaN	NaN	
1074	NaN	NaN	
1075	NaN	NaN	
1076	NaN	NaN	
1077	NaN	NaN	
1078	NaN	NaN	
1079	NaN	NaN	
1080	NaN	NaN	
1081	NaN	NaN	
1082	NaN	NaN	
1083	NaN	NaN	
1084	NaN	NaN	
1085	NaN	NaN	
1086	NaN	NaN	
1087	NaN	NaN	
1088	NaN	NaN	
1089	NaN	NaN	
1090	NaN	NaN	
1091	NaN	NaN	
1092	NaN	NaN	
1093	NaN	NaN	
1094	NaN	NaN	
1095	NaN	NaN	
1096	NaN	NaN	
1097	NaN	NaN	
1098	NaN	NaN	
1099	NaN	NaN	
1100	NaN	NaN	
1101	NaN	NaN	
1102	NaN	NaN	
1103	NaN	NaN	
1104	NaN	NaN	
1105	NaN	NaN	
1106	NaN	NaN	
1107	NaN	NaN	
1108	NaN	NaN	
1109	NaN	NaN	
1110	NaN	NaN	
1111	NaN	NaN	
1112	NaN	NaN	
1113	NaN	NaN	
1114	NaN	NaN	
1115	NaN	NaN	
1116	NaN	NaN	
1117	NaN	NaN	
1118	NaN	NaN	
1119	NaN	NaN	
1120	NaN	NaN	
1121	NaN	NaN	
1122	NaN	NaN	
1123	NaN	NaN	
1124	NaN	NaN	
1125	NaN	NaN	
1126	NaN	NaN	
1127	NaN	NaN	
1128	NaN	NaN	
1129	NaN	NaN	
1130	NaN	NaN	
1131	NaN	NaN	
1132	NaN	NaN	
1133	NaN	NaN	
1134	NaN	NaN	
1135	NaN	NaN	
1136	NaN	NaN	
1137	NaN	NaN	
1138	NaN	NaN	
1139	NaN	NaN	
1140	NaN	NaN	
1141	NaN	NaN	
1142	NaN	NaN	
1143	NaN	NaN	
1144	NaN	NaN	
1145	NaN	NaN	
1146	NaN	NaN	
1147	NaN	NaN	
1148	NaN	NaN	
1149	NaN	NaN	
1150	NaN	NaN	
1151	NaN	NaN	
1152	NaN	NaN	
1153	NaN	NaN	
1154	NaN	NaN	
1155	NaN	NaN	
1156	NaN	NaN	
1157	NaN	NaN	
1158	NaN	NaN	
1159	NaN	NaN	
1160	NaN	NaN	
1161	NaN	NaN	
1162	NaN	NaN	
1163	NaN	NaN	
1164	NaN	NaN	
1165	NaN	NaN	
1166	NaN	NaN	
1167	NaN	NaN	
1168	NaN	NaN	
1169	NaN	NaN	
1170	NaN	NaN	
1171	NaN	NaN	
1172	NaN	NaN	
1173	NaN	NaN	
1174	NaN	NaN	
1175	NaN	NaN	
1176	NaN	NaN	
1177	NaN	NaN	
1178	NaN	NaN	
1179	NaN	NaN	
1180	NaN	NaN	
1181	NaN	NaN	
1182	NaN	NaN	
1183	NaN	NaN	
1184	NaN	NaN	
1185	NaN	NaN	
1186	NaN	NaN	
1187	NaN	NaN	
1188	NaN	NaN	
1189	NaN	NaN	
1190	NaN	NaN	
1191	NaN	NaN	
1192	NaN	NaN	
1193	NaN	NaN	
1194	NaN	NaN	
1195	NaN	NaN	
1196	NaN	NaN	
1197	NaN	NaN	
1198	NaN	NaN	
1199	NaN	NaN	
1200	NaN	NaN	
1201	NaN	NaN	
1202	NaN	NaN	
1203	NaN	NaN	
1204	NaN	NaN	
1205	NaN	NaN	
1206	NaN	NaN	
1207	NaN	NaN	
1208	NaN	NaN	
1209	NaN	NaN	
1210	NaN	NaN	
1211	NaN	NaN	
1212	NaN	NaN	
1213	NaN	NaN	
1214	NaN	NaN	
1215	NaN	NaN	
1216	NaN	NaN	
1217	NaN	NaN	
1218	NaN	NaN	
1219	NaN	NaN	
1220	NaN	NaN	
1221	NaN	NaN	
1222	NaN	NaN	
1223	NaN	NaN	
1224	NaN	NaN	
1225	NaN	NaN	
1226	NaN	NaN	
1227	NaN	NaN	
1228	NaN	NaN	
1229	NaN	NaN	
1230	NaN	NaN	
1231	NaN	NaN	
1232	NaN	NaN	
1233	NaN	NaN	
1234	NaN	NaN	
1235	NaN	NaN	
1236	NaN	NaN	
1237	NaN	NaN	
1238	NaN	NaN	
1239	NaN	NaN	
1240	NaN	NaN	
1241	NaN	NaN	
1242	NaN	NaN	
1243	NaN	NaN	
1244	NaN	NaN	
1245	NaN	NaN	
1246	NaN	NaN	
1247	NaN	NaN	
1248	NaN	NaN	
1249	NaN	NaN	
1250	NaN	NaN	
1251	NaN	NaN	
1252	NaN	NaN	
1253	NaN	NaN	
1254	NaN	NaN	
1255	NaN	NaN	
1256	NaN	NaN	
1257	NaN	NaN	
1258	NaN	NaN	
1259	NaN	NaN	
1260	NaN	NaN	
