Athlete_Engineering	// User ID
11-2-2021	// Evaluation date
P008_WALK2	27-1-2021	13:36:20:261	// Source file name and timestamp
250.000	// Sampling rate
4.743	// Data capture period



Sample #	Right_Leg_Flexion	Right_Leg_Abduction	
0	-60.140185	-16.582686	
1	-60.132180	-16.893455	
2	-60.172639	-16.875836	
3	-60.007632	-16.817136	
4	-60.323637	-15.855243	
5	-60.439446	-15.781587	
6	-60.410215	-16.130573	
7	-60.785414	-15.148380	
8	-60.514189	-16.242577	
9	-60.639006	-16.384108	
10	-60.600404	-15.869633	
11	-60.369552	-17.555661	
12	-60.009028	-12.006558	
13	-60.752889	-12.289459	
14	-61.102448	-17.182742	
15	-60.869907	-15.006351	
16	-61.002766	-15.381272	
17	-60.973915	-15.487676	
18	-61.010962	-15.577965	
19	-60.909336	-16.058012	
20	-60.948372	-13.955681	
21	-61.063727	-17.284697	
22	-59.510898	-10.494160	
23	-59.534914	-7.969203	
24	-61.215462	-16.456172	
25	-60.863569	-14.773867	
26	-60.801709	-16.021995	
27	-61.051842	-16.738212	
28	-61.280492	-15.414858	
29	-60.804782	-15.495638	
30	-60.837031	-16.464611	
31	-61.030389	-16.744617	
32	-61.220950	-18.169768	
33	-61.382669	-18.631417	
34	-61.648097	-19.538538	
35	-61.535008	-18.175629	
36	-61.610393	-18.291798	
37	-61.438110	-17.137922	
38	-61.253802	-16.393968	
39	-61.469291	-17.485751	
40	-61.192589	-15.976318	
41	-60.910183	-15.253638	
42	-61.401295	-16.479193	
43	-61.448371	-17.177328	
44	-60.750504	-15.602934	
45	-61.065365	-16.291621	
46	-61.270669	-16.370408	
47	-61.363360	-16.426311	
48	-61.402925	-16.526147	
49	-61.423949	-16.302360	
50	-61.505164	-16.118394	
51	-61.373544	-15.532094	
52	-61.476243	-16.056810	
53	-61.589886	-17.070932	
54	-61.748662	-17.439240	
55	-61.696708	-17.938803	
56	-62.080457	-18.288227	
57	-61.976884	-16.369920	
58	-61.196598	-14.739737	
59	-60.986826	-14.406528	
60	-61.054832	-15.239959	
61	-60.720407	-14.220936	
62	-60.281394	-12.939634	
63	-60.488714	-15.235542	
64	-61.285652	-15.576696	
65	-61.103046	-15.500096	
66	-60.841939	-14.869598	
67	-61.118662	-14.134051	
68	-61.210418	-15.659390	
69	-60.224678	-14.681984	
70	-59.485285	-15.014808	
71	-60.306071	-15.821704	
72	-60.323538	-12.988939	
73	-59.596863	-11.326035	
74	-59.566389	-12.431835	
75	-58.778016	-12.182735	
76	-57.992946	-11.707205	
77	-58.115339	-11.702061	
78	-58.050845	-11.760024	
79	-57.909549	-12.201263	
80	-57.376948	-11.283980	
81	-57.792258	-13.139154	
82	-57.260264	-14.084079	
83	-57.003484	-12.801169	
84	-56.783733	-10.678732	
85	-56.118746	-9.535284	
86	-56.156075	-10.147852	
87	-55.874100	-10.272487	
88	-55.749871	-9.928772	
89	-54.904845	-8.864382	
90	-54.557729	-9.605125	
91	-54.446255	-9.533462	
92	-53.860264	-8.271372	
93	-54.335700	-10.032243	
94	-54.615232	-10.138707	
95	-53.582307	-7.969106	
96	-53.768343	-7.834354	
97	-53.407555	-7.401553	
98	-52.329495	-7.759413	
99	-53.213694	-10.164610	
100	-52.942329	-8.415461	
101	-52.731541	-7.989437	
102	-52.560931	-8.211369	
103	-51.773462	-6.687785	
104	-51.209944	-6.453907	
105	-50.858420	-6.845893	
106	-50.632214	-5.631541	
107	-50.085984	-6.219058	
108	-50.006641	-6.787033	
109	-49.902424	-5.262700	
110	-48.590904	-5.297373	
111	-48.562858	-5.895258	
112	-48.913559	-6.157280	
113	-47.489526	-4.793301	
114	-47.156615	-4.433851	
115	-47.490548	-4.848411	
116	-46.441811	-4.563636	
117	-45.455826	-2.564646	
118	-45.377580	-2.820406	
119	-45.724177	-3.186922	
120	-45.479578	-2.457117	
121	-44.734160	-2.338153	
122	-44.242939	-1.723836	
123	-44.227446	-3.689472	
124	-44.265403	-4.522736	
125	-43.258657	-3.436935	
126	-42.750639	-3.925762	
127	-42.387928	-4.201127	
128	-41.868265	-4.015483	
129	-41.566275	-3.886482	
130	-41.202594	-4.098736	
131	-40.666484	-3.797799	
132	-40.341845	-3.761055	
133	-39.751865	-2.604159	
134	-39.482593	-2.624746	
135	-40.002471	-4.265238	
136	-39.560666	-3.982189	
137	-39.317727	-3.840038	
138	-39.624268	-4.693190	
139	-38.704396	-4.271366	
140	-38.094804	-3.209942	
141	-37.974111	-3.628424	
142	-38.309289	-4.475514	
143	-37.937036	-4.241774	
144	-37.761038	-4.513560	
145	-37.375349	-4.869897	
146	-36.451856	-4.533978	
147	-37.001698	-5.376796	
148	-37.320453	-5.143531	
149	-37.009116	-5.342852	
150	-36.479304	-5.593510	
151	-36.486286	-5.576703	
152	-36.766965	-5.572173	
153	-36.553881	-5.127689	
154	-35.733240	-6.071773	
155	-35.210805	-6.234358	
156	-35.743542	-6.027075	
157	-36.110219	-6.256851	
158	-35.693796	-6.618143	
159	-35.719000	-7.438519	
160	-36.657078	-8.017648	
161	-36.348685	-7.606192	
162	-36.012479	-7.529347	
163	-35.888124	-7.349651	
164	-34.876863	-6.082691	
165	-35.037849	-6.814218	
166	-35.530118	-7.942587	
167	-34.610538	-7.552293	
168	-34.535515	-7.551539	
169	-34.893609	-8.143712	
170	-35.085869	-7.907302	
171	-35.047021	-8.331722	
172	-34.558391	-8.808932	
173	-34.188281	-8.366414	
174	-35.509878	-12.626784	
175	-34.818040	-11.460003	
176	-33.608291	-8.568434	
177	-34.752208	-10.421387	
178	-34.145453	-9.085384	
179	-33.529310	-8.707498	
180	-33.756055	-9.399107	
181	-33.939274	-9.924954	
182	-33.629959	-9.467446	
183	-33.515456	-9.596769	
184	-33.544572	-10.361557	
185	-33.871254	-10.091856	
186	-33.046225	-9.729738	
187	-32.996683	-10.182109	
188	-34.384128	-10.997906	
189	-33.581236	-10.476410	
190	-33.549540	-10.486997	
191	-34.123269	-10.933091	
192	-34.498898	-10.186321	
193	-32.933740	-8.560522	
194	-32.690152	-10.090460	
195	-34.541820	-11.698467	
196	-32.891814	-11.098413	
197	-33.866935	-11.875971	
198	-33.836149	-11.742360	
199	-33.095943	-11.935247	
200	-34.295764	-13.578052	
201	-33.881328	-13.419622	
202	-33.352856	-12.756556	
203	-33.415137	-13.548463	
204	-33.675099	-13.600235	
205	-33.407912	-13.704459	
206	-32.940235	-13.769171	
207	-32.453110	-13.143921	
208	-32.527709	-13.561492	
209	-33.391474	-14.252534	
210	-32.533557	-13.375703	
211	-33.609688	-16.222623	
212	-34.128657	-16.040744	
213	-32.006805	-11.564282	
214	-32.331730	-12.967802	
215	-32.639758	-14.099110	
216	-32.678269	-13.320242	
217	-32.343667	-14.691152	
218	-32.161620	-13.687802	
219	-32.081468	-12.419297	
220	-31.905674	-13.529116	
221	-32.199820	-14.061200	
222	-31.535361	-13.204188	
223	-32.265897	-15.195981	
224	-32.797784	-15.873015	
225	-31.966758	-15.469407	
226	-32.566976	-15.784728	
227	-33.148354	-15.146647	
228	-31.833898	-15.689988	
229	-31.951791	-15.500307	
230	-32.407832	-15.569669	
231	-32.217036	-16.168859	
232	-33.732225	-14.728840	
233	-34.225941	-14.397499	
234	-32.150495	-14.703702	
235	-33.238650	-15.756368	
236	-35.077369	-15.936428	
237	-34.483831	-15.440885	
238	-34.317800	-15.581410	
239	-34.324392	-16.347732	
240	-35.245876	-16.769739	
241	-33.655173	-15.265582	
242	-33.651410	-16.030199	
243	-34.897357	-16.241121	
244	-34.880499	-16.009307	
245	-34.933155	-18.063920	
246	-34.597838	-17.197232	
247	-35.289875	-17.071442	
248	-36.048693	-17.758787	
249	-36.898004	-16.870984	
250	-37.187294	-17.786448	
251	-37.466293	-18.576075	
252	-37.468253	-18.636716	
253	-38.002394	-18.738653	
254	-38.655159	-18.378326	
255	-39.047235	-17.695454	
256	-38.880488	-17.190330	
257	-37.843080	-17.763889	
258	-39.173182	-19.167973	
259	-39.271242	-18.673093	
260	-38.922044	-19.749347	
261	-40.355227	-19.103365	
262	-39.906710	-16.794135	
263	-39.017559	-18.085207	
264	-40.546053	-18.386830	
265	-41.117310	-17.826980	
266	-39.846733	-16.883031	
267	-40.440863	-16.052145	
268	-40.553072	-17.317640	
269	-40.564387	-17.871824	
270	-40.006380	-18.078892	
271	-41.503009	-19.937218	
272	-42.058498	-20.089293	
273	-40.329133	-18.917730	
274	-41.864157	-19.257629	
275	-41.427825	-18.575774	
276	-41.151002	-18.151161	
277	-41.554039	-19.176434	
278	-41.014543	-19.273448	
279	-41.011150	-18.849522	
280	-41.029418	-19.488146	
281	-40.332970	-19.126165	
282	-40.753876	-15.891017	
283	-43.151487	-17.793506	
284	-42.491096	-20.112371	
285	-42.572607	-18.383053	
286	-43.496531	-19.288865	
287	-43.213290	-21.937221	
288	-42.754727	-21.514826	
289	-44.096068	-21.457837	
290	-44.215325	-20.330512	
291	-42.947770	-20.432033	
292	-44.285525	-21.955875	
293	-45.018358	-20.590219	
294	-45.746687	-20.505958	
295	-45.646746	-21.728265	
296	-45.418959	-21.618410	
297	-44.592640	-21.089630	
298	-43.992758	-22.241040	
299	-47.092479	-21.999294	
300	-46.369081	-20.261560	
301	-45.489052	-22.470146	
302	-46.728127	-22.538625	
303	-45.471468	-20.100536	
304	-45.742206	-20.479741	
305	-46.128691	-23.291813	
306	-46.529134	-23.106969	
307	-46.098717	-21.582918	
308	-46.970270	-23.463440	
309	-47.744667	-23.564890	
310	-47.734861	-23.552197	
311	-47.697066	-24.567647	
312	-47.953707	-24.152496	
313	-48.175021	-24.044333	
314	-47.286990	-23.432149	
315	-48.691940	-23.264091	
316	-50.541425	-23.715631	
317	-50.836288	-24.569482	
318	-50.890061	-25.014475	
319	-50.846309	-25.368273	
320	-50.676983	-25.184055	
321	-51.018607	-25.157949	
322	-51.224403	-25.256736	
323	-51.171337	-25.163090	
324	-50.904529	-25.950252	
325	-51.819765	-25.832878	
326	-52.545568	-26.379351	
327	-52.756887	-27.030714	
328	-52.390660	-26.518792	
329	-52.453305	-26.592823	
330	-52.557215	-26.250286	
331	-52.974805	-26.792258	
332	-55.063738	-27.556971	
333	-55.046113	-26.972860	
334	-55.163125	-27.085587	
335	-55.580218	-27.112494	
336	-55.041281	-26.257065	
337	-55.712825	-26.868713	
338	-56.635671	-27.509963	
339	-56.059779	-27.743135	
340	-55.794331	-27.477455	
341	-55.813990	-27.093417	
342	-56.749706	-27.759370	
343	-56.851570	-27.273137	
344	-56.339946	-27.419470	
345	-57.407725	-29.283472	
346	-56.604036	-28.634777	
347	-57.383691	-27.053703	
348	-58.032308	-27.780086	
349	-57.475816	-27.719303	
350	-57.677484	-27.506127	
351	-57.151490	-25.525954	
352	-57.500623	-25.017931	
353	-57.664743	-26.974350	
354	-57.561283	-26.497855	
355	-57.675241	-26.064551	
356	-56.900179	-25.733407	
357	-57.450552	-25.974549	
358	-58.502187	-26.393260	
359	-58.781128	-26.874124	
360	-58.945623	-26.699521	
361	-58.592096	-26.847746	
362	-58.404389	-26.121209	
363	-58.524302	-25.318746	
364	-58.581704	-26.183232	
365	-59.194459	-25.688258	
366	-59.549237	-25.033400	
367	-59.402174	-24.550910	
368	-59.981392	-24.879960	
369	-59.935561	-24.319644	
370	-59.664396	-25.222920	
371	-59.865435	-25.787847	
372	-59.841357	-25.449097	
373	-60.109394	-24.849441	
374	-59.907692	-24.974031	
375	-60.402403	-25.125290	
376	-60.580043	-24.601304	
377	-59.734539	-24.281632	
378	-60.425299	-22.575375	
379	-61.239097	-23.245744	
380	-60.721965	-23.851100	
381	-61.216207	-24.187561	
382	-61.300644	-21.774414	
383	-60.908457	-21.076411	
384	-61.542154	-22.396178	
385	-62.076989	-22.497141	
386	-62.049635	-22.326563	
387	-61.792424	-21.620247	
388	-62.428208	-22.005664	
389	-63.578238	-22.156746	
390	-63.405743	-18.768033	
391	-62.909474	-18.989834	
392	-63.481359	-18.831096	
393	-63.918781	-18.733387	
394	-63.305106	-18.276251	
395	-64.757931	-19.975691	
396	-63.775998	-13.013581	
397	-62.828335	-10.609354	
398	-64.738236	-19.274212	
399	-63.770872	-16.575893	
400	-64.747079	-17.250159	
401	-65.291021	-17.585496	
402	-65.302584	-17.698276	
403	-65.767732	-17.118700	
404	-65.252168	-16.696921	
405	-65.160621	-17.853603	
406	-65.632334	-17.456735	
407	-65.660326	-17.153985	
408	-66.076720	-16.928087	
409	-66.197938	-15.908038	
410	-66.344796	-16.952987	
411	-67.018767	-17.149976	
412	-67.594573	-15.934551	
413	-67.316016	-15.923244	
414	-67.409348	-16.670584	
415	-67.531913	-16.226929	
416	-67.662762	-16.022132	
417	-68.042666	-16.880942	
418	-68.040589	-15.067336	
419	-68.152919	-16.706588	
420	-68.305876	-18.832461	
421	-68.599770	-18.007230	
422	-68.133559	-17.856588	
423	-68.188991	-17.690218	
424	-68.831291	-16.048568	
425	-68.688715	-15.372673	
426	-68.567903	-15.813238	
427	-68.513773	-16.236342	
428	-67.975070	-16.274729	
429	-67.833410	-16.160377	
430	-67.842917	-15.384461	
431	-67.364380	-15.013282	
432	-67.338301	-13.741095	
433	-67.076096	-12.064267	
434	-66.384845	-15.869426	
435	-66.175790	-14.768745	
436	-65.921992	-11.165776	
437	-65.109926	-11.849947	
438	-64.038633	-10.030919	
439	-63.625371	-6.946573	
440	-63.737321	-6.605292	
441	-62.456331	-5.959287	
442	-61.586360	-6.131507	
443	-61.201227	-5.719035	
444	-59.863747	-4.471490	
445	-59.212575	-5.226632	
446	-58.523818	-4.108015	
447	-57.526033	-4.516967	
448	-57.076256	-4.014824	
449	-56.540243	-3.137929	
450	-56.081905	-3.627152	
451	-55.378049	-2.916315	
452	-54.223567	-1.992907	
453	-53.868212	-1.691269	
454	-53.683295	-2.496430	
455	-53.302948	-2.291521	
456	-52.537120	-1.201731	
457	-51.730045	-1.457514	
458	-51.530813	-1.742548	
459	-50.791798	-1.380972	
460	-49.667336	-0.804359	
461	-49.891099	-1.273547	
462	-49.231005	-0.569283	
463	-48.254954	0.545972	
464	-47.998958	0.060222	
465	-47.801711	-0.067266	
466	-47.051155	-0.333458	
467	-46.495015	-0.161876	
468	-46.360692	-0.085208	
469	-46.192094	0.437866	
470	-45.740045	0.297305	
471	-44.738135	-0.868281	
472	-44.565133	-0.178914	
473	-43.665826	0.937930	
474	-42.329881	0.658300	
475	-41.882672	0.332727	
476	-41.503374	0.871547	
477	-41.141558	-0.002611	
478	-41.120491	-0.814757	
479	-40.950984	-0.925318	
480	-40.899855	-1.646394	
481	-40.794653	-1.223229	
482	-39.773682	-0.731362	
483	-39.723138	-2.041610	
484	-40.208081	-2.793190	
485	-38.878895	-2.422207	
486	-39.040055	-2.570739	
487	-39.167448	-3.021191	
488	-38.374053	-3.494145	
489	-38.711502	-3.876560	
490	-38.288431	-3.773771	
491	-37.787395	-4.066157	
492	-36.979739	-4.881202	
493	-36.850776	-6.102837	
494	-37.606855	-6.339756	
495	-37.007588	-6.001008	
496	-36.475490	-7.083281	
497	-36.495571	-7.910733	
498	-36.795409	-8.713457	
499	-36.611273	-7.633569	
500	-36.989941	-7.751331	
501	-37.229926	-9.898131	
502	-36.812322	-9.822944	
503	-37.530585	-10.922901	
504	-37.926705	-11.016393	
505	-38.053197	-10.921007	
506	-37.854822	-11.004628	
507	-37.713515	-10.176343	
508	-38.468377	-11.596416	
509	-38.004410	-10.540935	
510	-38.123599	-11.305539	
511	-38.046578	-11.423871	
512	-38.732233	-12.041337	
513	-38.760663	-12.800489	
514	-38.795414	-13.283241	
515	-39.452618	-14.161016	
516	-40.294952	-12.870934	
517	-39.763808	-13.567305	
518	-40.652461	-13.847396	
519	-41.105722	-14.116176	
520	-39.446467	-13.574788	
521	-37.835541	-13.246848	
522	-38.656837	-13.294993	
523	-39.668710	-13.078812	
524	-37.511629	-12.535663	
525	-38.446613	-11.092135	
526	-39.031747	-11.169729	
527	-39.025362	-12.938548	
528	-39.154327	-13.339222	
529	-38.378200	-11.319369	
530	-38.627037	-11.295385	
531	-37.979999	-11.042681	
532	-38.226175	-11.287722	
533	-38.433466	-11.568383	
534	-38.219901	-12.088837	
535	-37.975403	-12.381812	
536	-37.765479	-12.213152	
537	-37.549986	-11.438102	
538	-36.879712	-10.090455	
539	-36.706819	-8.862501	
540	-36.262588	-8.290999	
541	-35.869016	-9.734370	
542	-36.211628	-10.697618	
543	-35.833143	-9.843940	
544	-36.619416	-10.823138	
545	-36.549087	-11.135704	
546	-35.828270	-10.309463	
547	-35.338386	-10.102512	
548	-34.444451	-8.802849	
549	-35.075222	-9.622537	
550	-35.358264	-10.091874	
551	-34.336136	-9.414861	
552	-34.782966	-10.830337	
553	-34.621781	-10.074387	
554	-34.411173	-9.695970	
555	-34.702302	-10.621274	
556	-33.729672	-10.345326	
557	-34.017070	-11.825466	
558	-34.726326	-12.557360	
559	-35.156383	-12.079228	
560	-34.579678	-11.506121	
561	-34.798983	-11.632971	
562	-35.071352	-12.209773	
563	-34.627641	-11.133805	
564	-35.998745	-11.715564	
565	-36.521945	-12.640287	
566	-36.589920	-12.792390	
567	-38.028104	-13.794409	
568	-38.118364	-13.781181	
569	-39.116944	-14.043080	
570	-39.386154	-14.654143	
571	-39.198076	-15.517140	
572	-40.002994	-15.931181	
573	-40.998086	-15.884801	
574	-41.657990	-15.679747	
575	-40.834400	-16.562545	
576	-40.238058	-16.233994	
577	-41.159397	-15.616984	
578	-40.461420	-16.423439	
579	-40.378226	-16.552655	
580	-40.950802	-16.114746	
581	-39.647429	-15.714138	
582	-40.520764	-15.766378	
583	-40.051316	-15.350570	
584	-39.013113	-13.845210	
585	-39.025918	-12.693437	
586	-39.279521	-12.952320	
587	-41.314001	-13.044285	
588	-42.110688	-12.169850	
589	-40.276018	-11.072209	
590	-40.514266	-11.536805	
591	-40.461425	-11.490495	
592	-40.820914	-11.729623	
593	-41.863799	-12.344018	
594	-41.898206	-12.936165	
595	-42.091980	-13.083789	
596	-42.551943	-14.047192	
597	-42.420712	-14.947317	
598	-41.654446	-15.256856	
599	-42.248632	-17.075464	
600	-42.894071	-17.947117	
601	-43.172332	-18.068811	
602	-43.855132	-18.761669	
603	-43.843158	-18.729182	
604	-43.891525	-18.464567	
605	-45.127202	-18.840262	
606	-44.956644	-19.974178	
607	-45.892008	-21.751789	
608	-46.495192	-22.483945	
609	-46.586984	-22.851576	
610	-47.096584	-23.963438	
611	-49.252492	-24.431977	
612	-51.357426	-24.007360	
613	-50.915518	-23.508975	
614	-50.614077	-22.576204	
615	-50.765966	-22.340961	
616	-50.749186	-22.742226	
617	-50.573515	-21.847598	
618	-52.244211	-22.737614	
619	-51.360625	-25.446285	
620	-51.857908	-25.596042	
621	-50.400441	-26.581418	
622	-52.112612	-24.292587	
623	-53.909427	-22.399222	
624	-52.033553	-23.259013	
625	-52.843586	-23.778597	
626	-54.317513	-22.376626	
627	-54.089776	-23.674104	
628	-54.705173	-23.441836	
629	-54.943961	-23.341049	
630	-55.002380	-23.806414	
631	-54.396996	-23.656911	
632	-55.239580	-23.547948	
633	-57.371301	-24.032096	
634	-56.883314	-24.353076	
635	-55.950030	-24.498799	
636	-56.697524	-25.466075	
637	-56.439338	-25.462724	
638	-57.115633	-26.056161	
639	-58.425144	-26.970249	
640	-57.187850	-25.478336	
641	-57.627526	-24.953157	
642	-57.925299	-26.223962	
643	-57.343879	-26.802641	
644	-58.327193	-26.724322	
645	-59.093927	-25.419338	
646	-58.540300	-24.372867	
647	-58.410956	-24.712593	
648	-58.428888	-26.880052	
649	-58.023858	-24.986721	
650	-58.341049	-22.721009	
651	-59.688398	-24.364163	
652	-59.907042	-24.014648	
653	-59.656782	-25.281038	
654	-59.207525	-26.657825	
655	-59.193432	-24.799227	
656	-60.169600	-24.061636	
657	-59.380746	-24.062609	
658	-59.499403	-23.790585	
659	-60.469702	-25.008234	
660	-61.591017	-25.809653	
661	-61.467603	-23.745020	
662	-60.404681	-21.463417	
663	-62.058955	-23.524087	
664	-62.083985	-22.951050	
665	-61.982180	-23.965829	
666	-63.703965	-25.908924	
667	-64.242088	-22.189954	
668	-62.774673	-22.683135	
669	-64.025486	-24.820588	
670	-64.269686	-25.350333	
671	-63.533123	-23.906317	
672	-64.256876	-23.646185	
673	-64.145407	-23.809579	
674	-64.813195	-23.535381	
675	-63.701635	-22.887749	
676	-64.919452	-23.395475	
677	-65.400816	-22.826807	
678	-64.519191	-23.479119	
679	-64.976496	-24.364445	
680	-64.060860	-21.631999	
681	-65.203499	-22.968363	
682	-66.914025	-21.477316	
683	-67.193042	-21.506380	
684	-66.553206	-27.030086	
685	-66.115779	-26.464935	
686	-66.335180	-26.992050	
687	-67.772126	-26.252252	
688	-68.751366	-24.746049	
689	-67.410984	-22.289560	
690	-66.758092	-22.552526	
691	-66.397566	-23.967539	
692	-67.475238	-22.839627	
693	-67.423847	-21.914143	
694	-66.965054	-21.106593	
695	-68.154135	-20.057722	
696	-66.204642	-19.016545	
697	-67.211056	-19.914063	
698	-70.031495	-20.445129	
699	-69.646421	-19.423204	
700	-67.279313	-24.449662	
701	-69.221215	-24.795970	
702	-68.997062	-24.665697	
703	-69.046279	-23.309729	
704	-70.454729	-20.392353	
705	-69.942170	-20.208249	
706	-70.407234	-19.974884	
707	-71.093300	-19.989537	
708	-72.075612	-19.869968	
709	-72.055826	-20.796919	
710	-71.917536	-14.139712	
711	-71.642293	-14.681451	
712	-70.935144	-20.981648	
713	-71.698343	-19.853219	
714	-72.029980	-22.281736	
715	-72.842462	-19.616267	
716	-72.059861	-15.824868	
717	-72.174892	-15.902400	
718	-72.662236	-17.299068	
719	-72.051864	-15.781409	
720	-71.213395	-13.779808	
721	-70.978261	-15.967433	
722	-70.122320	-15.459948	
723	-70.713787	-14.225310	
724	-70.003897	-12.222273	
725	-67.888341	-11.177087	
726	-70.061451	-10.108316	
727	-69.630392	-9.842045	
728	-67.112803	-8.498154	
729	-65.656365	-6.219480	
730	-65.365229	-5.559684	
731	-64.376975	-5.188982	
732	-63.990495	-4.059875	
733	-63.419888	-4.691859	
734	-61.653530	-4.851194	
735	-60.748426	-2.553280	
736	-60.903231	-3.054908	
737	-59.454181	-4.400075	
738	-58.842012	-4.398667	
739	-57.958214	-5.166427	
740	-57.057913	-4.971592	
741	-56.743755	-3.931963	
742	-55.905417	-4.112338	
743	-55.633536	-4.175819	
744	-55.815716	-1.886286	
745	-54.943270	-1.006935	
746	-52.850974	-2.903773	
747	-53.446938	-3.117372	
748	-52.011727	-1.988020	
749	-51.129693	-2.832492	
750	-52.541668	-3.783392	
751	-50.402723	-3.238974	
752	-48.674691	-3.962071	
753	-49.924556	-1.090426	
754	-49.118120	-2.160227	
755	-47.959885	-3.611923	
756	-48.464235	-4.345874	
757	-48.030603	-2.540396	
758	-47.275684	-1.042943	
759	-47.162193	-4.202877	
760	-47.990921	-3.348477	
761	-46.389468	-3.623937	
762	-44.469530	-4.096032	
763	-45.575326	-4.341788	
764	-46.083179	-1.346664	
765	-45.355598	-1.537172	
766	-43.717037	-3.738584	
767	-45.385826	-0.010794	
768	-43.719594	-2.508318	
769	-42.364656	-2.352598	
770	NaN	NaN	
771	-40.995132	-6.244883	
772	-43.513688	-7.764407	
773	-43.502900	-5.842605	
774	-42.897359	-6.410855	
775	-43.572638	-3.386917	
776	-42.716949	-4.975899	
777	-40.838153	-6.750483	
778	-39.539209	-8.393744	
779	-40.442395	-7.359070	
780	-39.717859	-3.262595	
781	-38.564815	-6.533139	
782	-39.411677	-6.405802	
783	-38.612308	-6.459882	
784	-38.024588	-6.713445	
785	-38.126490	-6.874797	
786	-37.551057	-6.638436	
787	NaN	NaN	
788	NaN	NaN	
789	NaN	NaN	
790	NaN	NaN	
791	NaN	NaN	
792	NaN	NaN	
793	NaN	NaN	
794	NaN	NaN	
795	NaN	NaN	
796	NaN	NaN	
797	NaN	NaN	
798	NaN	NaN	
799	NaN	NaN	
800	NaN	NaN	
801	NaN	NaN	
802	NaN	NaN	
803	NaN	NaN	
804	NaN	NaN	
805	NaN	NaN	
806	NaN	NaN	
807	NaN	NaN	
808	NaN	NaN	
809	NaN	NaN	
810	NaN	NaN	
811	NaN	NaN	
812	NaN	NaN	
813	NaN	NaN	
814	NaN	NaN	
815	NaN	NaN	
816	NaN	NaN	
817	NaN	NaN	
818	NaN	NaN	
819	NaN	NaN	
820	NaN	NaN	
821	NaN	NaN	
822	NaN	NaN	
823	-36.160099	-10.854875	
824	-37.190774	-10.965681	
825	-39.986834	-9.940217	
826	-37.732783	-9.915516	
827	NaN	NaN	
828	NaN	NaN	
829	NaN	NaN	
830	NaN	NaN	
831	NaN	NaN	
832	NaN	NaN	
833	NaN	NaN	
834	NaN	NaN	
835	NaN	NaN	
836	NaN	NaN	
837	NaN	NaN	
838	NaN	NaN	
839	NaN	NaN	
840	NaN	NaN	
841	NaN	NaN	
842	NaN	NaN	
843	NaN	NaN	
844	NaN	NaN	
845	NaN	NaN	
846	NaN	NaN	
847	NaN	NaN	
848	NaN	NaN	
849	NaN	NaN	
850	NaN	NaN	
851	NaN	NaN	
852	NaN	NaN	
853	NaN	NaN	
854	NaN	NaN	
855	NaN	NaN	
856	NaN	NaN	
857	NaN	NaN	
858	NaN	NaN	
859	NaN	NaN	
860	NaN	NaN	
861	NaN	NaN	
862	NaN	NaN	
863	NaN	NaN	
864	NaN	NaN	
865	NaN	NaN	
866	NaN	NaN	
867	NaN	NaN	
868	NaN	NaN	
869	NaN	NaN	
870	NaN	NaN	
871	NaN	NaN	
872	NaN	NaN	
873	NaN	NaN	
874	NaN	NaN	
875	NaN	NaN	
876	NaN	NaN	
877	NaN	NaN	
878	NaN	NaN	
879	NaN	NaN	
880	NaN	NaN	
881	NaN	NaN	
882	NaN	NaN	
883	NaN	NaN	
884	NaN	NaN	
885	NaN	NaN	
886	NaN	NaN	
887	NaN	NaN	
888	NaN	NaN	
889	NaN	NaN	
890	NaN	NaN	
891	NaN	NaN	
892	NaN	NaN	
893	NaN	NaN	
894	NaN	NaN	
895	NaN	NaN	
896	NaN	NaN	
897	NaN	NaN	
898	NaN	NaN	
899	NaN	NaN	
900	NaN	NaN	
901	NaN	NaN	
902	NaN	NaN	
903	NaN	NaN	
904	NaN	NaN	
905	NaN	NaN	
906	NaN	NaN	
907	NaN	NaN	
908	NaN	NaN	
909	NaN	NaN	
910	NaN	NaN	
911	NaN	NaN	
912	NaN	NaN	
913	NaN	NaN	
914	NaN	NaN	
915	NaN	NaN	
916	NaN	NaN	
917	NaN	NaN	
918	NaN	NaN	
919	NaN	NaN	
920	NaN	NaN	
921	NaN	NaN	
922	NaN	NaN	
923	NaN	NaN	
924	NaN	NaN	
925	NaN	NaN	
926	NaN	NaN	
927	NaN	NaN	
928	NaN	NaN	
929	NaN	NaN	
930	NaN	NaN	
931	NaN	NaN	
932	NaN	NaN	
933	NaN	NaN	
934	NaN	NaN	
935	NaN	NaN	
936	NaN	NaN	
937	NaN	NaN	
938	NaN	NaN	
939	NaN	NaN	
940	NaN	NaN	
941	NaN	NaN	
942	NaN	NaN	
943	NaN	NaN	
944	NaN	NaN	
945	NaN	NaN	
946	NaN	NaN	
947	NaN	NaN	
948	NaN	NaN	
949	NaN	NaN	
950	NaN	NaN	
951	NaN	NaN	
952	NaN	NaN	
953	NaN	NaN	
954	NaN	NaN	
955	NaN	NaN	
956	NaN	NaN	
957	NaN	NaN	
958	NaN	NaN	
959	NaN	NaN	
960	NaN	NaN	
961	NaN	NaN	
962	NaN	NaN	
963	NaN	NaN	
964	NaN	NaN	
965	NaN	NaN	
966	NaN	NaN	
967	NaN	NaN	
968	NaN	NaN	
969	NaN	NaN	
970	NaN	NaN	
971	NaN	NaN	
972	NaN	NaN	
973	NaN	NaN	
974	NaN	NaN	
975	NaN	NaN	
976	NaN	NaN	
977	NaN	NaN	
978	NaN	NaN	
979	NaN	NaN	
980	NaN	NaN	
981	NaN	NaN	
982	NaN	NaN	
983	NaN	NaN	
984	NaN	NaN	
985	NaN	NaN	
986	NaN	NaN	
987	NaN	NaN	
988	NaN	NaN	
989	NaN	NaN	
990	NaN	NaN	
991	NaN	NaN	
992	NaN	NaN	
993	NaN	NaN	
994	NaN	NaN	
995	NaN	NaN	
996	NaN	NaN	
997	NaN	NaN	
998	NaN	NaN	
999	NaN	NaN	
1000	NaN	NaN	
1001	NaN	NaN	
1002	NaN	NaN	
1003	NaN	NaN	
1004	NaN	NaN	
1005	NaN	NaN	
1006	NaN	NaN	
1007	NaN	NaN	
1008	NaN	NaN	
1009	NaN	NaN	
1010	NaN	NaN	
1011	NaN	NaN	
1012	NaN	NaN	
1013	NaN	NaN	
1014	NaN	NaN	
1015	NaN	NaN	
1016	NaN	NaN	
1017	NaN	NaN	
1018	NaN	NaN	
1019	NaN	NaN	
1020	NaN	NaN	
1021	NaN	NaN	
1022	NaN	NaN	
1023	NaN	NaN	
1024	NaN	NaN	
1025	NaN	NaN	
1026	NaN	NaN	
1027	NaN	NaN	
1028	NaN	NaN	
1029	NaN	NaN	
1030	NaN	NaN	
1031	NaN	NaN	
1032	NaN	NaN	
1033	NaN	NaN	
1034	NaN	NaN	
1035	NaN	NaN	
1036	NaN	NaN	
1037	NaN	NaN	
1038	NaN	NaN	
1039	NaN	NaN	
1040	NaN	NaN	
1041	NaN	NaN	
1042	NaN	NaN	
1043	NaN	NaN	
1044	NaN	NaN	
1045	NaN	NaN	
1046	NaN	NaN	
1047	NaN	NaN	
1048	NaN	NaN	
1049	NaN	NaN	
1050	NaN	NaN	
1051	NaN	NaN	
1052	NaN	NaN	
1053	NaN	NaN	
1054	NaN	NaN	
1055	NaN	NaN	
1056	NaN	NaN	
1057	NaN	NaN	
1058	NaN	NaN	
1059	NaN	NaN	
1060	NaN	NaN	
1061	NaN	NaN	
1062	NaN	NaN	
1063	NaN	NaN	
1064	NaN	NaN	
1065	NaN	NaN	
1066	NaN	NaN	
1067	NaN	NaN	
1068	NaN	NaN	
1069	NaN	NaN	
1070	NaN	NaN	
1071	NaN	NaN	
1072	NaN	NaN	
1073	NaN	NaN	
1074	NaN	NaN	
1075	NaN	NaN	
1076	NaN	NaN	
1077	NaN	NaN	
1078	NaN	NaN	
1079	NaN	NaN	
1080	NaN	NaN	
1081	NaN	NaN	
1082	NaN	NaN	
1083	NaN	NaN	
1084	NaN	NaN	
1085	NaN	NaN	
1086	NaN	NaN	
1087	NaN	NaN	
1088	NaN	NaN	
1089	NaN	NaN	
1090	NaN	NaN	
1091	NaN	NaN	
1092	NaN	NaN	
1093	NaN	NaN	
1094	NaN	NaN	
1095	NaN	NaN	
1096	NaN	NaN	
1097	NaN	NaN	
1098	NaN	NaN	
1099	NaN	NaN	
1100	NaN	NaN	
1101	NaN	NaN	
1102	NaN	NaN	
1103	NaN	NaN	
1104	NaN	NaN	
1105	NaN	NaN	
1106	NaN	NaN	
1107	NaN	NaN	
1108	NaN	NaN	
1109	NaN	NaN	
1110	NaN	NaN	
1111	NaN	NaN	
1112	NaN	NaN	
1113	NaN	NaN	
1114	NaN	NaN	
1115	NaN	NaN	
1116	NaN	NaN	
1117	NaN	NaN	
1118	NaN	NaN	
1119	NaN	NaN	
1120	NaN	NaN	
1121	NaN	NaN	
1122	NaN	NaN	
1123	NaN	NaN	
1124	NaN	NaN	
1125	NaN	NaN	
1126	NaN	NaN	
1127	NaN	NaN	
1128	NaN	NaN	
1129	NaN	NaN	
1130	NaN	NaN	
1131	NaN	NaN	
1132	NaN	NaN	
1133	NaN	NaN	
1134	NaN	NaN	
1135	NaN	NaN	
1136	NaN	NaN	
1137	NaN	NaN	
1138	NaN	NaN	
1139	NaN	NaN	
1140	NaN	NaN	
1141	NaN	NaN	
1142	NaN	NaN	
1143	NaN	NaN	
1144	NaN	NaN	
1145	NaN	NaN	
1146	NaN	NaN	
1147	NaN	NaN	
1148	NaN	NaN	
1149	NaN	NaN	
1150	NaN	NaN	
1151	NaN	NaN	
1152	NaN	NaN	
1153	NaN	NaN	
1154	NaN	NaN	
1155	NaN	NaN	
1156	NaN	NaN	
1157	NaN	NaN	
1158	NaN	NaN	
1159	NaN	NaN	
1160	NaN	NaN	
1161	NaN	NaN	
1162	NaN	NaN	
1163	NaN	NaN	
1164	NaN	NaN	
1165	NaN	NaN	
1166	NaN	NaN	
1167	NaN	NaN	
1168	NaN	NaN	
1169	NaN	NaN	
1170	NaN	NaN	
1171	NaN	NaN	
1172	NaN	NaN	
1173	NaN	NaN	
1174	NaN	NaN	
1175	NaN	NaN	
1176	NaN	NaN	
1177	NaN	NaN	
1178	NaN	NaN	
1179	NaN	NaN	
1180	NaN	NaN	
1181	NaN	NaN	
1182	NaN	NaN	
1183	NaN	NaN	
1184	NaN	NaN	
1185	NaN	NaN	
