Athlete_Engineering	// User ID
11-2-2021	// Evaluation date
P009_WALK6	27-1-2021	15:26:11:499	// Source file name and timestamp
250.000	// Sampling rate
5.832	// Data capture period



Sample #	Right_Leg_Flexion	Right_Leg_Abduction	
0	-48.453569	5.016941	
1	-48.514018	4.970960	
2	-48.444952	5.079973	
3	-48.271074	5.042005	
4	-48.302818	4.924799	
5	-48.233409	4.923800	
6	-48.144029	5.069717	
7	-48.150199	4.819873	
8	-48.925698	4.363528	
9	-49.465185	3.880008	
10	-48.788131	4.344747	
11	-48.529772	4.772708	
12	-48.772697	4.176675	
13	-48.470449	4.372944	
14	-48.194991	3.808713	
15	-48.300243	3.065352	
16	-48.565010	3.151480	
17	-48.852477	3.306220	
18	-48.080392	4.000899	
19	-48.368841	3.674125	
20	-49.412124	3.876201	
21	-48.503243	5.135887	
22	-48.141955	4.487320	
23	-48.704475	4.044282	
24	-48.725984	5.501981	
25	-48.351452	5.640876	
26	-48.392910	4.831030	
27	-48.978473	4.759681	
28	-48.700204	4.650025	
29	-48.551178	4.822508	
30	-48.499060	5.337071	
31	-47.953280	5.923724	
32	-47.892110	5.917411	
33	-47.970562	5.672732	
34	-47.728113	5.739788	
35	-47.804540	5.696532	
36	-48.048222	5.690032	
37	-47.904791	5.647726	
38	-48.393450	5.827623	
39	-48.974495	5.856307	
40	-48.347109	5.442932	
41	-47.947777	5.875178	
42	-47.724575	6.041772	
43	-47.556706	5.818271	
44	-46.931169	5.840498	
45	-46.547858	5.639123	
46	-47.074785	5.396418	
47	-46.647750	6.199456	
48	-46.085320	6.305076	
49	-45.400823	6.042222	
50	-45.606893	5.864356	
51	-45.910732	5.358027	
52	-45.844158	5.804348	
53	-46.249678	5.955543	
54	-45.569719	5.903871	
55	-46.207174	7.091607	
56	-44.405434	6.273688	
57	-41.870561	5.309644	
58	-42.427855	4.966990	
59	-41.947333	4.328640	
60	-41.936163	4.914044	
61	-41.477886	5.432709	
62	-42.431805	6.580105	
63	-43.445888	7.072238	
64	-43.934687	5.496198	
65	-41.787930	4.714588	
66	-39.466698	5.523335	
67	-39.724577	6.431084	
68	-39.414117	7.252286	
69	-39.361332	7.200474	
70	-39.400542	7.132605	
71	-38.177556	2.205836	
72	-37.553506	3.263009	
73	-38.393997	2.074138	
74	-37.872625	6.958106	
75	-36.530484	5.657443	
76	-35.857719	2.762793	
77	-35.730409	4.506939	
78	-37.775626	5.136649	
79	-38.745025	4.823703	
80	-38.002351	4.582860	
81	-38.186392	5.185816	
82	-37.607301	5.067374	
83	-37.659449	5.305363	
84	-37.602041	5.567022	
85	-36.746696	4.654582	
86	-36.543385	4.549088	
87	-35.716177	5.162392	
88	-34.681859	5.599597	
89	-33.977155	5.373257	
90	-33.224262	5.099574	
91	-32.945261	5.239768	
92	-32.560993	5.239079	
93	-31.841667	7.356566	
94	-31.606883	8.026743	
95	-31.345695	7.323249	
96	-31.706670	6.470230	
97	-31.299026	6.547446	
98	-30.671223	6.541821	
99	-30.618601	6.695248	
100	-28.191717	5.905641	
101	-25.772291	4.924081	
102	-26.161674	5.199994	
103	-25.901784	5.116965	
104	-24.942484	4.860856	
105	-24.690237	4.393490	
106	-24.736525	3.456583	
107	-24.488231	3.043274	
108	-25.910232	3.768368	
109	-26.445911	5.296934	
110	-25.187252	4.831891	
111	-21.919031	4.315704	
112	-20.505880	4.849883	
113	-20.534351	6.082939	
114	-18.928439	9.010154	
115	-18.531849	6.937784	
116	-17.884495	8.874396	
117	-17.104156	9.605057	
118	-19.278553	11.693453	
119	-21.408334	13.422478	
120	-21.873455	14.694592	
121	-20.631869	15.478441	
122	-18.438613	5.905176	
123	-18.556380	4.703023	
124	-18.921632	3.727309	
125	-18.264019	3.679034	
126	-17.846560	3.857304	
127	-15.058889	2.178688	
128	-15.025002	2.161838	
129	-14.949804	2.607549	
130	-11.422653	1.499230	
131	-14.784048	2.349071	
132	-16.976048	3.078095	
133	-15.500042	3.481363	
134	-12.538408	4.185880	
135	-12.159180	5.278471	
136	-14.765208	7.079552	
137	-13.927773	6.016186	
138	-13.565309	5.103931	
139	-13.358709	5.240629	
140	-12.934201	5.176299	
141	-12.962113	4.461008	
142	-12.591764	3.836012	
143	-11.713996	3.706230	
144	-11.846368	3.898997	
145	-11.432855	2.494611	
146	-7.566251	2.274299	
147	-12.603845	1.046259	
148	-13.981183	1.240772	
149	-11.137815	2.558648	
150	-11.596162	1.374626	
151	-11.934271	-0.018281	
152	-12.408857	-0.801266	
153	-12.963096	-2.343475	
154	-13.838817	-2.519826	
155	-12.496205	-4.066063	
156	-10.339388	-1.722471	
157	-10.086859	-1.599066	
158	-11.115525	-2.526870	
159	-11.905479	0.305071	
160	-10.831818	0.596416	
161	-12.120202	-0.673895	
162	-12.527238	-1.099089	
163	-11.641501	-1.021633	
164	-11.915302	-1.726938	
165	-10.369136	-1.814559	
166	-11.214084	-4.139341	
167	-13.071484	-4.444814	
168	-11.509501	-2.736638	
169	-10.332956	-2.047773	
170	-11.679687	-1.582110	
171	-11.341450	-2.156947	
172	-11.374293	-2.235427	
173	-12.932927	-1.744945	
174	-12.236077	-2.340675	
175	-12.166359	-1.223493	
176	-12.338416	-2.755452	
177	-11.920131	-2.314051	
178	-11.820015	-1.191652	
179	-11.619056	-2.075708	
180	-12.097883	-0.938156	
181	-11.545669	-0.581996	
182	-12.322940	-1.260302	
183	-12.878753	-1.250146	
184	-10.999046	-1.162289	
185	-11.085429	-2.226519	
186	-12.696101	-1.648715	
187	-12.498381	-0.595371	
188	-12.554742	-1.368836	
189	-12.512764	-1.842068	
190	-12.761731	-1.457442	
191	-12.618049	-1.013427	
192	-12.295056	-1.150033	
193	-12.559437	-1.298185	
194	-13.815766	-1.741858	
195	-12.890306	-2.819910	
196	-13.165176	-2.433950	
197	-14.687822	-1.315742	
198	-14.730650	-2.410214	
199	-13.406857	-3.068009	
200	-12.341723	-1.323345	
201	-12.343080	-1.046528	
202	-12.473612	-0.834686	
203	-12.695849	-1.370043	
204	-13.344757	-2.023073	
205	-14.762646	-0.780134	
206	-14.864210	-0.704313	
207	-15.710883	-1.183667	
208	-14.521923	-0.471521	
209	-14.330886	-0.087654	
210	-14.764906	-0.017882	
211	-14.520694	0.158369	
212	-15.178350	-0.405140	
213	-15.223391	-0.696787	
214	-16.226702	-0.692553	
215	-16.745849	-1.111359	
216	-17.483077	-1.110851	
217	-16.059106	-1.998261	
218	-14.503141	-1.802686	
219	-15.793464	0.109938	
220	-16.470665	0.108360	
221	-17.417114	-0.425532	
222	-17.677568	-0.734260	
223	-18.387001	-0.649974	
224	-18.455439	-0.549632	
225	-19.417337	-0.838596	
226	-17.760279	-1.353496	
227	-18.061696	-1.081964	
228	-20.561245	-1.267614	
229	-20.497888	-2.230241	
230	-21.118679	-1.824959	
231	-21.295780	-1.852988	
232	-22.105960	-2.351330	
233	-22.075713	-2.280126	
234	-21.857141	-2.855579	
235	-22.673871	-2.675482	
236	-22.942684	-2.398225	
237	-22.684971	-2.817263	
238	-22.686829	-3.028206	
239	-22.706073	-2.991775	
240	-23.080618	-2.963479	
241	-23.363487	-2.896216	
242	-20.777911	-3.025282	
243	-21.656721	-3.352378	
244	-24.024192	-3.592734	
245	-23.367049	-3.947755	
246	-24.002167	-3.758485	
247	-24.201238	-3.107550	
248	-23.865291	-3.583917	
249	-22.884541	-2.649864	
250	-21.286072	-2.498951	
251	-22.587787	-3.431797	
252	-23.486357	-2.572024	
253	-23.540353	-2.462544	
254	-23.545723	-2.807194	
255	-20.814071	-2.607777	
256	-21.058244	-3.259302	
257	-23.508945	-4.188110	
258	-22.197569	-3.598249	
259	-21.729099	-3.302949	
260	-23.675816	-4.117183	
261	-22.004533	-3.400283	
262	-21.842003	-2.505547	
263	-22.742095	-2.477185	
264	-22.632396	-2.546491	
265	-23.500829	-3.006927	
266	-23.710598	-2.957976	
267	-22.709890	-2.576767	
268	-22.477602	-2.734118	
269	-23.232226	-2.885814	
270	-23.029615	-2.978234	
271	-23.305633	-3.096645	
272	-23.842994	-3.243416	
273	-23.970600	-3.978853	
274	-24.359700	-4.692917	
275	-23.970286	-4.896831	
276	-24.951078	-4.932935	
277	-25.434506	-5.057321	
278	-24.878771	-5.042025	
279	-25.876537	-5.240676	
280	-25.283210	-4.940461	
281	-25.702966	-4.760645	
282	-25.994187	-4.751988	
283	-24.703623	-4.857571	
284	-24.952054	-5.006721	
285	-25.775671	-4.838631	
286	-26.110689	-4.980807	
287	-26.446354	-5.564127	
288	-27.008303	-5.348403	
289	-26.583375	-4.932680	
290	-26.563515	-5.255018	
291	-28.854291	-5.538485	
292	-27.943105	-5.593424	
293	-27.671197	-4.365067	
294	-28.633888	-2.794032	
295	-28.005918	-2.836006	
296	-28.137032	-2.958052	
297	-28.111196	-3.334750	
298	-28.460532	-3.867010	
299	-29.110593	-3.907398	
300	-29.155649	-4.022622	
301	-27.761760	-4.333082	
302	-28.001316	-4.410432	
303	-29.533902	-3.959000	
304	-29.830916	-4.298461	
305	-29.445751	-4.353538	
306	-29.379468	-4.040217	
307	-29.138841	-3.619047	
308	-30.414846	-3.888339	
309	-30.718076	-4.026197	
310	-30.383727	-4.215469	
311	-31.201347	-4.725661	
312	-31.261148	-3.579023	
313	-31.165922	-3.310679	
314	-30.935185	-3.253323	
315	-31.651694	-2.817103	
316	-32.513557	-3.117560	
317	-32.271864	-3.050064	
318	-31.971018	-3.008075	
319	-32.601242	-3.009609	
320	-32.979921	-3.315812	
321	-33.285647	-3.137067	
322	-33.405524	-2.248383	
323	-33.898298	-1.740255	
324	-34.518001	-1.952040	
325	-33.448564	-2.148507	
326	-33.793573	-1.858478	
327	-34.881525	-1.526008	
328	-35.011495	-1.112022	
329	-34.609289	-0.448469	
330	-35.035779	-1.063632	
331	-35.690677	-1.168205	
332	-35.938238	-1.102479	
333	-35.798201	-0.879990	
334	-36.532792	0.144419	
335	-37.095772	-0.534974	
336	-35.468553	-0.750088	
337	-36.193196	-0.991975	
338	-37.005288	0.129525	
339	-36.925178	0.903551	
340	-37.133095	-0.098764	
341	-37.147761	0.540090	
342	-37.426472	0.833209	
343	-37.397628	0.692663	
344	-37.534824	1.145931	
345	-37.445298	0.671611	
346	-37.647803	0.732445	
347	-37.946045	0.873594	
348	-38.044541	1.156243	
349	-37.827278	1.485740	
350	-37.936415	1.162473	
351	-38.321966	2.284884	
352	-37.858202	2.009283	
353	-38.056112	2.943035	
354	-38.321729	2.618302	
355	-38.494077	0.319320	
356	-38.464484	0.444931	
357	-38.298370	0.613669	
358	-38.509890	0.192344	
359	-39.032908	0.320489	
360	-39.017992	0.124149	
361	-38.743177	0.144196	
362	-39.098094	1.084257	
363	-39.165939	1.273623	
364	-39.641833	1.186607	
365	-39.998405	0.930418	
366	-39.830494	1.617592	
367	-39.464655	1.544229	
368	-39.721460	1.265092	
369	-40.382036	1.604720	
370	-40.506288	1.991435	
371	-40.526654	2.176328	
372	-40.659980	2.034776	
373	-40.939677	2.068447	
374	-41.105439	2.446707	
375	-41.173179	2.729186	
376	-41.378096	2.740340	
377	-41.588275	2.700449	
378	-41.755217	2.104455	
379	-41.834152	1.714662	
380	-42.290960	2.096558	
381	-42.629841	2.773541	
382	-42.522298	2.881696	
383	-41.906444	3.709277	
384	-42.062855	4.214389	
385	-42.762381	4.113351	
386	-42.840153	4.098755	
387	-43.087355	4.002849	
388	-43.187727	4.155790	
389	-43.223692	4.386935	
390	-43.540912	4.378630	
391	-44.014838	4.634192	
392	-44.119519	5.140209	
393	-44.448486	5.511223	
394	-44.744949	5.553514	
395	-45.022293	5.384773	
396	-45.136825	6.135904	
397	-45.238158	6.707637	
398	-45.635650	6.784209	
399	-45.851263	6.990568	
400	-46.074291	7.302360	
401	-46.288571	7.325643	
402	-46.907658	7.536216	
403	-47.306107	7.964279	
404	-47.340321	7.721818	
405	-47.701645	7.920097	
406	-48.054820	8.386915	
407	-48.354477	8.363520	
408	-48.530199	8.453864	
409	-48.775194	8.628020	
410	-48.907646	8.892667	
411	-49.288867	9.174748	
412	-49.732213	9.402017	
413	-49.924103	9.825639	
414	-50.514831	10.261298	
415	-50.641337	10.408757	
416	-50.703763	10.530801	
417	-51.084720	10.716782	
418	-51.433306	11.147070	
419	-51.693430	11.626565	
420	-51.811460	11.353543	
421	-52.411571	11.834600	
422	-52.798263	12.169667	
423	-53.201598	12.420375	
424	-53.537259	12.970679	
425	-53.949373	13.517775	
426	-54.619980	14.390442	
427	-54.764128	14.640120	
428	-55.180755	14.825871	
429	-55.564116	14.846981	
430	-56.390207	15.944438	
431	-56.817802	16.451999	
432	-56.435819	15.919574	
433	-57.041425	17.275724	
434	-57.395257	19.089612	
435	-57.175945	19.674858	
436	-57.102051	17.682953	
437	-57.034751	17.094589	
438	-57.280081	16.587890	
439	-57.624896	16.432948	
440	-57.486392	17.365363	
441	-57.176083	16.819459	
442	-56.867397	17.092672	
443	-56.381069	15.816528	
444	-56.030183	15.013874	
445	-56.016005	15.278136	
446	-55.823093	15.041574	
447	-55.334293	14.732148	
448	-55.131900	14.574592	
449	-54.810159	15.449594	
450	-54.349922	15.978148	
451	-53.520445	14.208400	
452	-52.835140	13.504949	
453	-52.704417	14.615083	
454	-52.209420	14.591055	
455	-51.630588	14.780411	
456	-51.272383	15.023847	
457	-50.664503	14.853043	
458	-50.221851	15.113418	
459	-49.791515	15.223222	
460	-49.180568	14.932931	
461	-49.144606	14.840065	
462	-48.653203	15.130682	
463	-47.796996	14.585709	
464	-47.109798	13.813252	
465	-46.547093	14.147809	
466	-46.155928	14.052932	
467	-45.315779	13.472370	
468	-44.849275	13.760412	
469	-44.419772	13.408595	
470	-43.620640	12.353125	
471	-43.348245	12.374534	
472	-42.525321	12.267800	
473	-41.547602	11.427064	
474	-40.956637	10.841358	
475	-40.079337	10.428373	
476	-39.592889	9.761303	
477	-38.769381	9.560937	
478	-37.771691	9.284905	
479	-37.313335	8.675960	
480	-36.488471	8.167515	
481	-35.698934	7.520165	
482	-35.156041	7.350945	
483	-34.543264	7.045376	
484	-34.146211	6.634792	
485	-33.232014	5.749006	
486	-32.335777	5.127749	
487	-31.913875	5.637958	
488	-31.269291	5.244967	
489	-30.828040	4.478855	
490	-30.305652	4.861072	
491	-29.832763	4.745489	
492	-29.448828	3.565262	
493	-28.467610	3.514562	
494	-27.761144	3.660349	
495	-27.411970	3.356518	
496	-26.768157	3.925691	
497	-26.247513	3.491134	
498	-25.482443	2.870756	
499	-24.748605	3.102639	
500	-24.253361	3.127260	
501	-23.711195	2.957534	
502	-22.874832	2.746672	
503	-22.565835	2.075021	
504	-22.230168	1.687687	
505	-21.111526	1.715451	
506	-20.515178	1.594243	
507	-19.880089	1.898853	
508	-19.256793	1.213158	
509	-18.851847	0.956503	
510	-18.293204	1.062128	
511	-17.609279	0.697049	
512	-17.439495	0.684504	
513	-16.834825	0.169072	
514	-15.906615	0.082073	
515	-15.285360	0.293547	
516	-14.456071	-0.271305	
517	-14.296572	-0.510968	
518	-13.878662	-0.516269	
519	-13.732913	-0.935152	
520	-13.797461	-1.058193	
521	-13.271962	-1.823449	
522	-13.016116	-2.031633	
523	-12.551624	-1.781878	
524	-12.147199	-1.675720	
525	-12.039256	-1.666033	
526	-11.665663	-1.715543	
527	-11.284244	-1.924068	
528	-11.334450	-2.722715	
529	-11.439720	-3.258094	
530	-11.285250	-3.334352	
531	-10.920761	-2.824927	
532	-10.811635	-2.883723	
533	-10.538980	-2.902793	
534	-10.713922	-3.382466	
535	-10.882264	-3.645969	
536	-10.520588	-3.121066	
537	-10.826545	-3.604626	
538	-10.939171	-3.953661	
539	-10.591217	-3.443076	
540	-10.737744	-3.472424	
541	-10.867707	-3.548224	
542	-10.690542	-3.018210	
543	-10.691832	-2.827857	
544	-11.029579	-3.247997	
545	-10.894246	-3.078714	
546	-10.920367	-3.271605	
547	-11.465969	-3.731858	
548	-11.765366	-3.271717	
549	-11.808069	-3.471477	
550	-11.359949	-3.688916	
551	-11.715817	-3.806590	
552	-11.828722	-3.653565	
553	-11.874493	-3.279376	
554	-12.095849	-3.556581	
555	-11.895276	-3.409167	
556	-12.191740	-3.503136	
557	-12.116651	-3.233837	
558	-12.301497	-2.926375	
559	-12.596666	-2.837912	
560	-12.286873	-2.329097	
561	-12.815431	-2.098017	
562	-13.059898	-1.931119	
563	-12.966994	-1.827131	
564	-13.211650	-1.537522	
565	-13.215252	-1.406923	
566	-13.820914	-1.379404	
567	-14.257999	-1.328343	
568	-14.159662	-0.673882	
569	-14.290001	-0.517840	
570	-14.937811	-0.569466	
571	-15.567932	-0.268152	
572	-15.906375	-0.337743	
573	-16.244103	-0.070445	
574	-16.576792	0.041446	
575	-17.036753	-0.193137	
576	-17.402236	-0.172205	
577	-17.659269	0.013231	
578	-18.031719	-0.030443	
579	-18.369159	-0.094665	
580	-18.690008	0.182699	
581	-19.001748	0.092133	
582	-19.209541	-0.279448	
583	-19.486307	-0.332273	
584	-19.671721	-0.412076	
585	-20.093342	-0.105890	
586	-20.440899	-0.283069	
587	-20.498851	-0.358253	
588	-20.778611	-0.151255	
589	-21.565084	-0.411608	
590	-22.159689	-0.491483	
591	-21.909909	-0.867098	
592	-22.007752	-0.772461	
593	-23.118822	-0.795159	
594	-22.994153	-1.205275	
595	-22.541012	-1.274127	
596	-23.023041	-1.042736	
597	-23.040585	-0.931713	
598	-22.978912	-1.104412	
599	-23.448023	-1.113382	
600	-23.713011	-1.024516	
601	-24.040942	-0.738298	
602	-24.638850	-0.901219	
603	-24.546711	-1.308156	
604	-24.540620	-1.315010	
605	-24.555498	-0.931564	
606	-24.294869	-0.870257	
607	-24.343069	-0.898094	
608	-24.518263	-0.658221	
609	-24.852138	-1.028756	
610	-25.383000	-1.265173	
611	-25.595971	-1.134235	
612	-26.240957	-1.411987	
613	-26.901716	-1.678779	
614	-26.936375	-1.264871	
615	-27.047073	-0.999210	
616	-27.605186	-1.088029	
617	-28.012972	-1.178479	
618	-28.190356	-0.907599	
619	-28.274884	-0.589634	
620	-29.075682	-0.897018	
621	-29.538562	-0.570297	
622	-29.008084	-0.379994	
623	-29.354875	-0.611030	
624	-29.514612	-0.432459	
625	-29.838854	-0.553050	
626	-30.206339	0.334043	
627	-29.335162	1.375401	
628	-29.643850	1.133078	
629	-30.437048	1.421059	
630	-30.372371	1.847756	
631	-31.032336	0.583598	
632	-30.955273	-0.295434	
633	-30.336327	-0.210395	
634	-30.506117	0.025172	
635	-31.030867	0.550158	
636	-31.078998	0.602750	
637	-31.056290	0.146284	
638	-31.693513	0.222979	
639	-32.098145	0.378964	
640	-32.084906	0.027654	
641	-32.487508	0.100499	
642	-32.817534	0.206619	
643	-32.863001	0.328599	
644	-33.385391	0.354926	
645	-33.361012	0.640997	
646	-33.816108	0.890453	
647	-34.922595	0.745167	
648	-35.116191	0.439276	
649	-34.936560	0.685738	
650	-35.436486	1.178323	
651	-36.128984	1.052709	
652	-35.993145	1.289742	
653	-36.281763	1.401290	
654	-36.844613	1.158373	
655	-36.802994	1.599728	
656	-36.867856	1.735940	
657	-36.729639	1.395768	
658	-36.903979	1.726555	
659	-37.151883	1.492880	
660	-37.151084	1.452366	
661	-37.304943	2.052326	
662	-37.071507	2.041397	
663	-36.642912	2.180298	
664	-37.289457	2.989632	
665	-37.400893	2.574009	
666	-37.447763	1.663354	
667	-38.297175	1.639106	
668	-37.700818	2.054744	
669	-37.602463	2.812495	
670	-37.917934	3.122338	
671	-38.174419	2.962311	
672	-38.366683	3.176022	
673	-38.567889	3.566539	
674	-38.177456	3.183356	
675	-38.080988	3.003021	
676	-38.967578	3.147777	
677	-39.033225	3.028711	
678	-39.295311	3.535952	
679	-39.310067	3.976849	
680	-39.291382	3.918495	
681	-39.382065	4.339194	
682	-39.448888	4.127086	
683	-39.551239	3.972112	
684	-39.905077	4.421062	
685	-40.096516	4.595480	
686	-40.053420	4.509969	
687	-40.300430	4.605261	
688	-40.318719	4.575730	
689	-40.371306	4.469557	
690	-40.542486	4.804134	
691	-40.942124	5.530754	
692	-41.604361	6.774155	
693	-41.745157	6.956233	
694	-41.505453	6.021400	
695	-41.917044	5.096571	
696	-41.993869	6.021936	
697	-42.381069	2.725133	
698	-43.010762	2.601383	
699	-43.144056	6.243157	
700	-43.675985	5.691389	
701	-44.408571	7.185293	
702	-44.414191	5.765305	
703	-44.512566	5.257487	
704	-44.688487	6.268160	
705	-44.839141	6.846656	
706	-44.987733	8.690857	
707	-45.320342	8.017658	
708	-45.556623	6.976809	
709	-45.366412	6.905709	
710	-45.729379	7.312503	
711	-46.181789	7.476694	
712	-45.952360	7.383445	
713	-45.643370	7.502190	
714	-45.963050	7.745798	
715	-46.434168	8.029776	
716	-46.334566	8.132745	
717	-46.618290	7.940471	
718	-46.959606	8.255273	
719	-46.694743	8.344739	
720	-47.482824	10.430583	
721	-48.190415	10.687923	
722	-47.829437	9.098808	
723	-47.373305	9.460817	
724	-48.002871	9.750180	
725	-48.459269	10.130554	
726	-48.357982	10.494642	
727	-48.691650	10.947228	
728	-48.553476	10.836403	
729	-48.499923	10.854370	
730	-48.656033	11.055135	
731	-48.954087	10.975781	
732	-49.554569	11.635189	
733	-49.509925	11.696715	
734	-49.065809	11.530843	
735	-49.685957	12.141661	
736	-50.332166	12.345750	
737	-50.021369	12.559702	
738	-49.903271	12.320158	
739	-49.826327	12.274240	
740	-49.549842	12.833400	
741	-50.106489	13.760920	
742	-50.595550	13.889311	
743	-50.335375	13.044925	
744	-50.600536	13.407967	
745	-51.315957	13.806252	
746	-51.234678	13.433661	
747	-51.054774	13.607442	
748	-51.543631	14.382868	
749	-51.364471	14.282270	
750	-51.289652	13.943729	
751	-52.196453	14.501401	
752	-52.622364	14.272752	
753	-52.484644	14.205093	
754	-52.463957	14.696092	
755	-53.037932	15.265489	
756	-53.467559	15.294086	
757	-53.352892	15.230362	
758	-53.663702	15.475892	
759	-53.953882	15.576500	
760	-53.910133	15.746153	
761	-54.074998	15.433025	
762	-54.068051	15.337460	
763	-53.892459	15.215883	
764	-54.292103	15.504939	
765	-54.460383	15.949164	
766	-53.757054	15.475375	
767	-54.263099	15.517374	
768	-54.565918	16.008373	
769	-53.807180	16.360270	
770	-53.683007	16.568303	
771	-52.674734	16.404313	
772	-52.261218	16.979966	
773	-52.270027	17.122981	
774	-51.791477	17.058907	
775	-51.597507	17.237057	
776	-50.963464	16.989230	
777	-50.868156	15.104358	
778	-49.577450	16.687910	
779	-48.714276	18.737675	
780	-48.324820	17.647545	
781	-47.633614	18.304777	
782	-47.911454	18.292818	
783	-47.434943	18.807407	
784	-46.096205	19.001803	
785	-45.277897	17.134071	
786	-44.828530	16.859875	
787	-44.178485	16.583604	
788	-43.950665	16.554692	
789	-43.449597	16.187352	
790	-41.646593	14.762100	
791	-41.237132	14.240931	
792	-40.995177	13.858805	
793	-40.073837	12.737526	
794	-39.236605	11.820150	
795	-38.666873	12.441659	
796	-38.113656	13.084046	
797	-35.878269	12.447476	
798	-35.785919	11.498266	
799	-35.778274	10.977545	
800	-34.166043	10.209166	
801	-34.003097	9.572425	
802	-34.277348	9.231136	
803	-33.377235	9.741606	
804	-32.355624	10.212657	
805	-32.044299	9.816801	
806	-31.450433	8.792363	
807	-30.230438	8.799961	
808	-29.295827	8.645938	
809	-29.948489	7.663457	
810	-29.929393	7.297131	
811	-28.162404	6.431459	
812	-27.518303	6.054264	
813	-27.449951	5.644619	
814	-27.287671	5.097978	
815	-26.329265	4.722568	
816	-25.574126	4.384225	
817	-24.800889	3.983458	
818	-24.581958	3.949167	
819	-24.634303	3.850227	
820	-23.162916	3.542976	
821	-23.574649	3.655536	
822	-23.271873	3.471088	
823	-22.824308	3.566144	
824	-22.132382	3.507998	
825	-21.326277	3.012418	
826	-20.679972	3.455978	
827	-20.144294	3.394052	
828	-20.326084	3.008796	
829	-19.626435	3.139652	
830	-19.650236	3.041235	
831	-17.932100	2.333013	
832	-17.855485	2.319789	
833	-17.748675	1.788336	
834	-16.585694	0.635893	
835	-17.092138	0.506603	
836	-15.993888	0.387027	
837	-16.495765	-0.302554	
838	-14.449207	-0.921588	
839	-14.878814	-0.142057	
840	-14.712257	-0.411056	
841	-12.496692	-0.930740	
842	-14.110567	-1.242244	
843	-12.767969	-1.395717	
844	-12.260139	-1.356373	
845	-11.594352	-1.453129	
846	-10.912052	-2.028803	
847	-11.911487	-2.278959	
848	-10.989511	-2.493699	
849	-11.370354	-2.421847	
850	-11.927906	-2.820877	
851	-11.256433	-3.004118	
852	-11.094776	-2.774935	
853	-10.686499	-2.829545	
854	-10.652097	-3.349564	
855	-10.623122	-3.236903	
856	-10.356959	-2.821181	
857	-10.696161	-3.193686	
858	-10.902322	-2.852324	
859	-10.395859	-2.886942	
860	-10.627389	-2.580131	
861	-10.544461	-2.528738	
862	-10.200568	-2.813751	
863	-10.168724	-2.568200	
864	-9.787512	-2.586487	
865	-10.704399	-2.499691	
866	-10.577929	-2.687548	
867	-10.071486	-2.746061	
868	-10.877829	-3.013093	
869	-10.220901	-2.599334	
870	-11.065908	-2.632276	
871	-11.517700	-3.077232	
872	-11.473854	-2.897354	
873	-12.166962	-3.253818	
874	-11.480972	-3.565919	
875	-11.613945	-3.888406	
876	-11.341496	-3.912299	
877	-11.184209	-3.620163	
878	-11.608735	-3.308665	
879	-11.237488	-3.627996	
880	-11.581978	-3.590786	
881	-11.376031	-3.496518	
882	-11.803873	-4.092622	
883	-12.324399	-4.007472	
884	-11.805972	-3.688718	
885	-12.056503	-3.855406	
886	-11.241213	-3.530626	
887	-11.366059	-3.410752	
888	-12.412882	-3.293901	
889	-12.727639	-3.481954	
890	-12.068952	-3.051938	
891	-11.302766	-2.569113	
892	-12.514523	-3.798661	
893	-13.305132	-3.450164	
894	-13.116705	-2.880392	
895	-13.023890	-3.189900	
896	-13.986428	-3.364987	
897	-14.549113	-3.129080	
898	-13.459367	-2.730918	
899	-14.176423	-3.127968	
900	-14.190796	-2.964967	
901	-14.077371	-2.666824	
902	-14.826532	-2.693461	
903	-16.442175	-2.765658	
904	-16.547258	-2.997458	
905	-15.716574	-3.123356	
906	-16.339977	-2.707487	
907	-16.097609	-2.879636	
908	-17.043827	-2.929042	
909	-17.528277	-2.466485	
910	-17.779196	-2.797825	
911	-18.439645	-2.771401	
912	-18.539359	-2.977944	
913	-18.747275	-2.852907	
914	-19.277428	-2.253674	
915	-18.444829	-2.696841	
916	-18.874347	-3.041273	
917	-20.399922	-2.942425	
918	-19.775373	-2.657649	
919	-20.381441	-1.925222	
920	-20.689041	-1.804749	
921	-20.586129	-2.798249	
922	-21.054058	-2.478149	
923	-21.482830	-1.910933	
924	-23.036968	-2.297071	
925	-22.440880	-1.809215	
926	-22.184777	-1.797180	
927	-23.373921	-1.665705	
928	-23.251759	-1.041396	
929	-23.961303	-1.413937	
930	-23.352390	-1.111231	
931	-23.563363	-0.702968	
932	-25.133451	-0.855078	
933	-23.703953	-0.804038	
934	-22.726460	-0.729845	
935	-22.668012	1.339564	
936	-22.967906	1.180826	
937	-24.142648	-1.899309	
938	-23.477244	-1.311570	
939	-24.065940	-1.234764	
940	-25.129663	-1.391678	
941	-24.279873	-1.063271	
942	-25.140483	0.219988	
943	-26.065919	-0.910757	
944	-24.605458	-0.634495	
945	-22.676674	0.161746	
946	-24.052350	-2.025224	
947	-25.332749	-0.543771	
948	-26.092405	-0.219489	
949	-27.314559	-1.702608	
950	-25.988269	-1.690880	
951	-27.326647	-0.986568	
952	-27.836427	-0.496253	
953	-26.651298	-1.065254	
954	-27.474452	-1.622427	
955	-27.782908	-1.154725	
956	-28.460466	-0.634355	
957	-29.820067	-0.691915	
958	-29.969736	-1.411942	
959	-29.266538	-0.714767	
960	-31.723887	0.636688	
961	-32.287644	-0.067605	
962	-31.736204	0.269630	
963	-30.992282	0.234872	
964	-30.543229	-0.107854	
965	-32.719723	0.245968	
966	-32.551118	0.024515	
967	-32.020274	0.118609	
968	-32.511084	0.250426	
969	-31.751731	-0.824177	
970	-32.488428	-0.871441	
971	-33.456131	0.602038	
972	-32.657616	0.071185	
973	-35.591986	0.710882	
974	-35.853331	1.106199	
975	-34.148559	-0.184646	
976	-34.145437	-0.505243	
977	-34.794925	-0.094721	
978	-34.001356	-2.019925	
979	-31.855901	-3.356564	
980	-34.657974	0.124693	
981	-36.948603	0.918771	
982	-35.273352	0.577769	
983	-37.062229	1.863491	
984	-35.302638	-0.968189	
985	-35.352950	-1.139105	
986	-36.914950	0.971805	
987	-36.880916	0.547790	
988	-38.673100	1.709445	
989	-38.729459	0.820317	
990	-38.694924	0.499903	
991	-38.502220	0.406880	
992	-38.762068	0.710606	
993	-39.061852	-0.364178	
994	-37.321474	-4.466001	
995	-39.358432	-2.128876	
996	-39.061007	-1.630611	
997	-39.843034	-1.288649	
998	-40.454431	0.289045	
999	-38.009737	-1.114431	
1000	-39.463007	-0.566550	
1001	-41.012791	-0.767628	
1002	-39.127642	-3.069859	
1003	-39.793292	-2.859716	
1004	-41.598584	-0.028040	
1005	-39.193207	-0.831976	
1006	-39.126787	-2.306794	
1007	-39.711663	-2.093844	
1008	-42.029336	0.163072	
1009	-42.082021	-1.027328	
1010	-42.137471	-1.778225	
1011	-40.481500	-3.142351	
1012	-41.101110	-1.596855	
1013	-41.371169	-1.848920	
1014	-40.627267	-2.793282	
1015	-41.241216	-3.453726	
1016	-39.578126	-4.362867	
1017	-39.815074	-3.364322	
1018	-42.264446	-0.840360	
1019	-41.106516	0.404391	
1020	-41.813817	-1.240965	
1021	-43.706576	-0.320603	
1022	-42.496561	3.879796	
1023	-43.379436	4.914807	
1024	-42.645517	1.436667	
1025	-44.398028	1.468419	
1026	-45.483477	1.856026	
1027	-44.717426	-0.954423	
1028	-43.677484	-1.263907	
1029	-44.231899	0.189563	
1030	-45.218446	1.210156	
1031	-43.911639	-0.100273	
1032	-45.110875	-0.090786	
1033	-45.378583	-0.028633	
1034	-45.526075	1.130822	
1035	-45.542747	0.448412	
1036	-46.211022	2.041047	
1037	-46.084634	1.156290	
1038	-46.594396	0.717138	
1039	-46.276883	2.855567	
1040	-45.044831	1.114016	
1041	-47.472829	4.996210	
1042	-48.752473	7.297225	
1043	-48.458720	4.107863	
1044	-49.344230	4.621011	
1045	-49.396529	3.398899	
1046	-45.456337	2.141395	
1047	-45.723766	1.932232	
1048	-48.532949	5.224705	
1049	-47.555184	5.379719	
1050	-49.592252	3.999066	
1051	-49.670735	4.931070	
1052	-47.373251	4.182921	
1053	-47.784791	6.120991	
1054	-46.321231	5.295201	
1055	-47.644356	6.048642	
1056	-49.279556	6.061741	
1057	-48.423989	3.965535	
1058	-47.953582	4.286321	
1059	-48.212229	4.648332	
1060	-49.503742	6.586102	
1061	-49.743501	6.336861	
1062	-49.620647	5.760823	
1063	-49.129104	5.386353	
1064	-49.421124	3.876913	
1065	-49.388219	3.763592	
1066	-49.575343	6.610376	
1067	-50.063331	9.075433	
1068	-49.773381	8.573942	
1069	-50.033933	6.463762	
1070	-50.093210	6.070827	
1071	-49.357099	7.329228	
1072	-49.824420	8.204492	
1073	-50.540753	6.129663	
1074	-50.540707	6.267351	
1075	-51.019511	7.086734	
1076	-51.430986	5.706219	
1077	-51.129790	5.557474	
1078	-51.494586	7.198273	
1079	-51.356301	7.118439	
1080	-51.328392	7.346845	
1081	-51.839418	7.128317	
1082	-52.211568	6.183762	
1083	-52.436870	6.890463	
1084	-52.669256	7.252656	
1085	-53.039441	7.392114	
1086	-53.248697	8.259450	
1087	-53.306132	8.630397	
1088	-54.380506	8.715676	
1089	-54.811888	8.439709	
1090	-54.726464	8.713228	
1091	-55.406935	11.075369	
1092	-56.020281	12.159236	
1093	-56.537752	11.253808	
1094	-56.931968	11.984338	
1095	-56.587829	12.182485	
1096	-56.852376	12.744620	
1097	-57.460796	10.602248	
1098	-56.595437	8.498064	
1099	-56.424905	10.400184	
1100	-57.001005	12.383905	
1101	-56.443870	12.685314	
1102	-56.075291	12.940761	
1103	-56.375436	13.275839	
1104	-56.220665	13.554014	
1105	-55.678693	12.241023	
1106	-55.214524	13.393995	
1107	-55.138026	11.894959	
1108	-55.213004	9.138184	
1109	-55.161199	11.524110	
1110	-54.442776	11.476787	
1111	-54.110826	10.659799	
1112	-53.213989	13.877437	
1113	-53.007437	14.900381	
1114	-52.871232	14.131223	
1115	-52.012409	15.653449	
1116	-50.405704	16.175600	
1117	-50.920411	12.632235	
1118	-51.961183	11.872342	
1119	-50.923362	19.335242	
1120	NaN	NaN	
1121	NaN	NaN	
1122	NaN	NaN	
1123	NaN	NaN	
1124	NaN	NaN	
1125	NaN	NaN	
1126	NaN	NaN	
1127	-48.744917	18.981697	
1128	-43.169648	15.210093	
1129	-40.535455	11.438513	
1130	-44.360759	15.722923	
1131	NaN	NaN	
1132	-43.758883	12.276371	
1133	-39.035488	8.783487	
1134	-42.873628	15.461652	
1135	-40.963509	16.964085	
1136	-38.388685	12.714056	
1137	-37.425344	11.695689	
1138	-37.836295	10.904975	
1139	-36.709246	10.203631	
1140	NaN	NaN	
1141	-34.855567	7.634249	
1142	-34.782874	6.822260	
1143	-33.081147	5.327911	
1144	NaN	NaN	
1145	NaN	NaN	
1146	NaN	NaN	
1147	NaN	NaN	
1148	NaN	NaN	
1149	NaN	NaN	
1150	NaN	NaN	
1151	NaN	NaN	
1152	NaN	NaN	
1153	NaN	NaN	
1154	NaN	NaN	
1155	NaN	NaN	
1156	NaN	NaN	
1157	NaN	NaN	
1158	NaN	NaN	
1159	NaN	NaN	
1160	NaN	NaN	
1161	NaN	NaN	
1162	NaN	NaN	
1163	NaN	NaN	
1164	NaN	NaN	
1165	NaN	NaN	
1166	NaN	NaN	
1167	NaN	NaN	
1168	NaN	NaN	
1169	NaN	NaN	
1170	NaN	NaN	
1171	NaN	NaN	
1172	NaN	NaN	
1173	NaN	NaN	
1174	NaN	NaN	
1175	NaN	NaN	
1176	NaN	NaN	
1177	NaN	NaN	
1178	NaN	NaN	
1179	NaN	NaN	
1180	NaN	NaN	
1181	NaN	NaN	
1182	NaN	NaN	
1183	NaN	NaN	
1184	NaN	NaN	
1185	NaN	NaN	
1186	NaN	NaN	
1187	NaN	NaN	
1188	NaN	NaN	
1189	NaN	NaN	
1190	NaN	NaN	
1191	NaN	NaN	
1192	NaN	NaN	
1193	NaN	NaN	
1194	NaN	NaN	
1195	NaN	NaN	
1196	NaN	NaN	
1197	NaN	NaN	
1198	NaN	NaN	
1199	NaN	NaN	
1200	NaN	NaN	
1201	NaN	NaN	
1202	NaN	NaN	
1203	NaN	NaN	
1204	NaN	NaN	
1205	NaN	NaN	
1206	NaN	NaN	
1207	NaN	NaN	
1208	NaN	NaN	
1209	NaN	NaN	
1210	NaN	NaN	
1211	NaN	NaN	
1212	NaN	NaN	
1213	NaN	NaN	
1214	NaN	NaN	
1215	NaN	NaN	
1216	NaN	NaN	
1217	NaN	NaN	
1218	NaN	NaN	
1219	NaN	NaN	
1220	NaN	NaN	
1221	NaN	NaN	
1222	NaN	NaN	
1223	NaN	NaN	
1224	NaN	NaN	
1225	NaN	NaN	
1226	NaN	NaN	
1227	NaN	NaN	
1228	NaN	NaN	
1229	NaN	NaN	
1230	NaN	NaN	
1231	NaN	NaN	
1232	NaN	NaN	
1233	NaN	NaN	
1234	NaN	NaN	
1235	NaN	NaN	
1236	NaN	NaN	
1237	NaN	NaN	
1238	NaN	NaN	
1239	NaN	NaN	
1240	NaN	NaN	
1241	NaN	NaN	
1242	NaN	NaN	
1243	NaN	NaN	
1244	NaN	NaN	
1245	NaN	NaN	
1246	NaN	NaN	
1247	NaN	NaN	
1248	NaN	NaN	
1249	NaN	NaN	
1250	NaN	NaN	
1251	NaN	NaN	
1252	NaN	NaN	
1253	NaN	NaN	
1254	NaN	NaN	
1255	NaN	NaN	
1256	NaN	NaN	
1257	NaN	NaN	
1258	NaN	NaN	
1259	NaN	NaN	
1260	NaN	NaN	
1261	NaN	NaN	
1262	NaN	NaN	
1263	NaN	NaN	
1264	NaN	NaN	
1265	NaN	NaN	
1266	NaN	NaN	
1267	NaN	NaN	
1268	NaN	NaN	
1269	NaN	NaN	
1270	NaN	NaN	
1271	NaN	NaN	
1272	NaN	NaN	
1273	NaN	NaN	
1274	NaN	NaN	
1275	NaN	NaN	
1276	NaN	NaN	
1277	NaN	NaN	
1278	NaN	NaN	
1279	NaN	NaN	
1280	NaN	NaN	
1281	NaN	NaN	
1282	NaN	NaN	
1283	NaN	NaN	
1284	NaN	NaN	
1285	NaN	NaN	
1286	NaN	NaN	
1287	NaN	NaN	
1288	NaN	NaN	
1289	NaN	NaN	
1290	NaN	NaN	
1291	NaN	NaN	
1292	NaN	NaN	
1293	NaN	NaN	
1294	NaN	NaN	
1295	NaN	NaN	
1296	NaN	NaN	
1297	NaN	NaN	
1298	NaN	NaN	
1299	NaN	NaN	
1300	NaN	NaN	
1301	NaN	NaN	
1302	NaN	NaN	
1303	NaN	NaN	
1304	NaN	NaN	
1305	NaN	NaN	
1306	NaN	NaN	
1307	NaN	NaN	
1308	NaN	NaN	
1309	NaN	NaN	
1310	NaN	NaN	
1311	NaN	NaN	
1312	NaN	NaN	
1313	NaN	NaN	
1314	NaN	NaN	
1315	NaN	NaN	
1316	NaN	NaN	
1317	NaN	NaN	
1318	NaN	NaN	
1319	NaN	NaN	
1320	NaN	NaN	
1321	NaN	NaN	
1322	NaN	NaN	
1323	NaN	NaN	
1324	NaN	NaN	
1325	NaN	NaN	
1326	NaN	NaN	
1327	NaN	NaN	
1328	NaN	NaN	
1329	NaN	NaN	
1330	NaN	NaN	
1331	NaN	NaN	
1332	NaN	NaN	
1333	NaN	NaN	
1334	NaN	NaN	
1335	NaN	NaN	
1336	NaN	NaN	
1337	NaN	NaN	
1338	NaN	NaN	
1339	NaN	NaN	
1340	NaN	NaN	
1341	NaN	NaN	
1342	NaN	NaN	
1343	NaN	NaN	
1344	NaN	NaN	
1345	NaN	NaN	
1346	NaN	NaN	
1347	NaN	NaN	
1348	NaN	NaN	
1349	NaN	NaN	
1350	NaN	NaN	
1351	NaN	NaN	
1352	NaN	NaN	
1353	NaN	NaN	
1354	NaN	NaN	
1355	NaN	NaN	
1356	NaN	NaN	
1357	NaN	NaN	
1358	NaN	NaN	
1359	NaN	NaN	
1360	NaN	NaN	
1361	NaN	NaN	
1362	NaN	NaN	
1363	NaN	NaN	
1364	NaN	NaN	
1365	NaN	NaN	
1366	NaN	NaN	
1367	NaN	NaN	
1368	NaN	NaN	
1369	NaN	NaN	
1370	NaN	NaN	
1371	NaN	NaN	
1372	NaN	NaN	
1373	NaN	NaN	
1374	NaN	NaN	
1375	NaN	NaN	
1376	NaN	NaN	
1377	NaN	NaN	
1378	NaN	NaN	
1379	NaN	NaN	
1380	NaN	NaN	
1381	NaN	NaN	
1382	NaN	NaN	
1383	NaN	NaN	
1384	NaN	NaN	
1385	NaN	NaN	
1386	NaN	NaN	
1387	NaN	NaN	
1388	NaN	NaN	
1389	NaN	NaN	
1390	NaN	NaN	
1391	NaN	NaN	
1392	NaN	NaN	
1393	NaN	NaN	
1394	NaN	NaN	
1395	NaN	NaN	
1396	NaN	NaN	
1397	NaN	NaN	
1398	NaN	NaN	
1399	NaN	NaN	
1400	NaN	NaN	
1401	NaN	NaN	
1402	NaN	NaN	
1403	NaN	NaN	
1404	NaN	NaN	
1405	NaN	NaN	
1406	NaN	NaN	
1407	NaN	NaN	
1408	NaN	NaN	
1409	NaN	NaN	
1410	NaN	NaN	
1411	NaN	NaN	
1412	NaN	NaN	
1413	NaN	NaN	
1414	NaN	NaN	
1415	NaN	NaN	
1416	NaN	NaN	
1417	NaN	NaN	
1418	NaN	NaN	
1419	NaN	NaN	
1420	NaN	NaN	
1421	NaN	NaN	
1422	NaN	NaN	
1423	NaN	NaN	
1424	NaN	NaN	
1425	NaN	NaN	
1426	NaN	NaN	
1427	NaN	NaN	
1428	NaN	NaN	
1429	NaN	NaN	
1430	NaN	NaN	
1431	NaN	NaN	
1432	NaN	NaN	
1433	NaN	NaN	
1434	NaN	NaN	
1435	NaN	NaN	
1436	NaN	NaN	
1437	NaN	NaN	
1438	NaN	NaN	
1439	NaN	NaN	
1440	NaN	NaN	
1441	NaN	NaN	
1442	NaN	NaN	
1443	NaN	NaN	
1444	NaN	NaN	
1445	NaN	NaN	
1446	NaN	NaN	
1447	NaN	NaN	
1448	NaN	NaN	
1449	NaN	NaN	
1450	NaN	NaN	
1451	NaN	NaN	
1452	NaN	NaN	
1453	NaN	NaN	
1454	NaN	NaN	
1455	NaN	NaN	
1456	NaN	NaN	
1457	NaN	NaN	
1458	NaN	NaN	
