Athlete_Engineering	// User ID
11-2-2021	// Evaluation date
P009_WALK4	27-1-2021	15:24:49:604	// Source file name and timestamp
250.000	// Sampling rate
5.362	// Data capture period



Sample #	Right_Leg_Flexion	Right_Leg_Abduction	
0	-38.282429	14.957985	
1	-39.955603	13.142559	
2	-39.911355	12.418330	
3	-39.535542	13.850539	
4	-40.581255	14.299585	
5	-38.226301	13.338502	
6	-34.356643	11.740732	
7	-34.946128	12.629955	
8	-34.198892	12.859139	
9	-36.146358	14.768107	
10	-38.190801	15.716550	
11	-37.938373	14.781312	
12	-38.004564	15.267716	
13	-36.306979	14.402845	
14	-34.503654	13.537390	
15	-34.586284	14.157846	
16	-33.369739	14.381198	
17	-33.660474	11.426683	
18	-34.197389	8.669648	
19	-35.355157	9.516819	
20	-36.672819	9.728373	
21	-35.544770	10.480018	
22	-34.539685	12.744308	
23	-34.154432	13.965572	
24	-34.415805	12.124289	
25	-34.774409	10.412785	
26	-32.327980	9.142245	
27	-29.727086	7.893233	
28	-29.535470	7.311955	
29	-29.709691	7.156640	
30	-29.561068	7.123930	
31	-30.817642	7.905044	
32	-32.918421	7.851403	
33	-30.368840	9.878010	
34	-28.170845	12.451823	
35	-28.153207	11.286655	
36	-25.715301	10.520124	
37	-23.185356	10.144928	
38	-22.819756	10.837319	
39	-21.602725	10.496185	
40	-23.128159	11.093943	
41	-24.318922	12.107306	
42	NaN	NaN	
43	NaN	NaN	
44	NaN	NaN	
45	NaN	NaN	
46	NaN	NaN	
47	NaN	NaN	
48	-21.547795	10.140955	
49	-20.802270	9.833133	
50	-12.193058	10.322195	
51	-16.138038	7.809668	
52	-23.182922	6.894658	
53	-16.578467	7.729418	
54	-19.503494	6.874191	
55	-18.002381	7.125055	
56	-16.883233	6.181647	
57	-17.756917	5.816333	
58	-16.643282	6.886208	
59	-17.230064	5.725134	
60	-17.272393	5.099458	
61	-15.600787	5.373394	
62	-13.043244	6.117254	
63	-15.338009	5.074126	
64	-13.482653	3.772937	
65	-11.323757	4.191544	
66	-12.875164	4.932972	
67	-12.472874	4.808256	
68	-8.451748	4.621809	
69	-9.440440	4.338069	
70	-12.971578	4.165072	
71	-11.222015	3.364039	
72	-13.165704	2.345110	
73	-10.633178	1.616708	
74	-9.350080	2.376937	
75	-7.865676	2.992031	
76	-9.217942	1.846762	
77	-10.330103	2.171808	
78	-9.749191	2.343214	
79	-9.455468	4.234844	
80	-8.574573	4.418903	
81	-11.460131	3.256111	
82	-9.816256	1.718690	
83	-6.329693	0.345160	
84	-7.112142	0.739035	
85	-6.618578	0.923535	
86	-2.540213	-0.133011	
87	-5.149983	0.435563	
88	-8.419449	-0.019281	
89	-6.793995	0.517956	
90	-6.590662	0.823148	
91	-8.092178	0.618867	
92	-5.170426	-0.291365	
93	-4.146595	0.328467	
94	-6.380812	1.337447	
95	-6.604198	0.923168	
96	-4.692505	-0.986332	
97	-5.422273	-0.532085	
98	-3.899095	0.066917	
99	-5.095140	-0.218922	
100	-9.254018	-0.715895	
101	-7.416022	-0.861196	
102	-8.188367	-1.003213	
103	-7.137960	-1.218620	
104	-6.994047	-0.720607	
105	-8.196944	0.327521	
106	-8.499623	-0.141888	
107	-8.963710	-2.245377	
108	-7.549204	1.481767	
109	-7.950267	0.715379	
110	-9.300596	-0.475623	
111	-8.626595	0.807187	
112	-8.983965	1.732311	
113	-8.942165	0.358359	
114	-8.360528	0.156028	
115	-9.483518	0.460626	
116	-10.858590	-0.533840	
117	-9.501935	-0.225847	
118	-8.683262	0.324200	
119	-9.525186	0.519139	
120	-8.342409	0.549236	
121	-9.039082	0.454506	
122	-6.894395	-0.431505	
123	-7.567251	-0.981439	
124	-10.097922	0.133578	
125	-8.933536	0.447186	
126	-9.515851	0.370420	
127	-9.642128	0.827541	
128	-9.840539	0.799592	
129	-10.183788	0.853197	
130	-9.651439	1.934436	
131	-9.985808	1.597695	
132	-10.370891	1.517643	
133	-9.676213	2.097754	
134	-10.137417	1.404344	
135	-10.829054	0.815496	
136	-10.652210	0.950551	
137	-11.529605	0.715861	
138	-11.372124	1.572116	
139	-10.897156	2.344087	
140	-11.404188	2.841188	
141	-9.594016	0.879615	
142	-10.292763	1.733268	
143	-12.756200	3.089624	
144	-12.768591	2.372979	
145	-12.568539	2.945511	
146	-13.191637	2.283670	
147	-13.227713	2.808505	
148	-12.354604	3.639543	
149	-13.445255	2.485413	
150	-13.718844	2.737640	
151	-13.963904	3.092444	
152	-15.706404	0.261062	
153	-16.426857	-0.120013	
154	-16.172821	1.102260	
155	-17.372410	0.053672	
156	-17.262259	0.295718	
157	-16.710343	1.018978	
158	-17.988586	0.584237	
159	-18.546140	0.168882	
160	-18.908158	0.150797	
161	-19.163332	0.348341	
162	-19.861739	0.077246	
163	-19.762106	0.434790	
164	-19.028692	0.734556	
165	-19.625247	0.368730	
166	-20.268159	0.078848	
167	-20.689481	0.101617	
168	-20.653588	0.027022	
169	-21.373355	-0.085652	
170	-19.732950	-0.855244	
171	-19.547543	-0.223980	
172	-22.178780	0.474867	
173	-22.135221	-0.194161	
174	-22.420015	-0.275438	
175	-23.165353	-0.785516	
176	-23.002051	-0.482371	
177	-22.960248	-0.185310	
178	-23.417793	-0.140293	
179	-23.009303	0.510132	
180	-22.704270	-0.027857	
181	-23.531622	-0.548853	
182	-23.343555	0.260371	
183	-23.116145	0.128066	
184	-23.396677	-0.002856	
185	-23.748813	0.271755	
186	-22.971695	-0.397996	
187	-20.641032	-1.665488	
188	-22.742523	-1.011013	
189	-22.372810	-0.601719	
190	-19.851037	-1.312516	
191	-23.275200	-0.651115	
192	-24.877760	0.291520	
193	-25.376161	0.363047	
194	-23.453629	-0.012310	
195	-23.257586	0.474478	
196	-24.182922	0.605738	
197	-22.200286	0.140631	
198	-22.532706	0.606794	
199	-22.617691	1.163283	
200	-22.756982	0.494655	
201	-23.148269	0.190969	
202	-23.682184	0.153011	
203	-24.445437	0.367032	
204	-23.894852	0.584053	
205	-24.149583	0.376714	
206	-24.366975	0.140196	
207	-23.770432	-0.439098	
208	-25.973678	-0.499900	
209	-25.562283	-0.452187	
210	-24.039726	-0.821672	
211	-24.838873	-0.947508	
212	-24.828844	-0.744842	
213	-25.744559	-0.930708	
214	-25.359022	-1.047865	
215	-25.657997	-1.114917	
216	-27.329367	-1.236588	
217	-26.531514	-1.183361	
218	-25.849776	-1.042124	
219	-25.972591	-0.918331	
220	-26.024575	-0.815290	
221	-27.060151	0.035474	
222	-26.343257	0.289700	
223	-25.763405	0.647688	
224	-27.024920	1.464098	
225	-27.856303	1.322745	
226	-27.763821	1.300926	
227	-28.644252	1.278194	
228	-29.051641	0.896322	
229	-27.593079	0.489474	
230	-28.957611	0.487683	
231	-29.714296	0.623897	
232	-27.988817	0.114562	
233	-28.278407	-0.056572	
234	-29.731260	0.295084	
235	-29.180776	0.520501	
236	-29.896549	0.626669	
237	-30.785147	0.619157	
238	-30.591778	1.038660	
239	-31.588351	1.172737	
240	-31.807815	1.187364	
241	-31.854990	1.528344	
242	-32.271087	1.560190	
243	-32.568870	0.668300	
244	-32.801337	0.132543	
245	-32.985824	0.440150	
246	-33.523211	0.639015	
247	-33.646208	0.742251	
248	-33.682690	0.604018	
249	-33.237504	0.723299	
250	-33.999915	0.973260	
251	-34.540287	1.282859	
252	-34.161774	1.742153	
253	-34.912846	2.024995	
254	-35.378376	2.108428	
255	-35.370985	2.305991	
256	-35.117701	2.454899	
257	-35.928163	1.966629	
258	-35.921434	2.129174	
259	-36.475549	2.302295	
260	-36.895608	2.348573	
261	-35.966869	2.411990	
262	-36.980870	2.453750	
263	-37.203426	2.870778	
264	-37.212912	2.866813	
265	-37.720170	2.833330	
266	-36.871392	2.641155	
267	-37.367404	2.893849	
268	-38.414498	3.082761	
269	-37.791911	3.158384	
270	-37.708848	3.163221	
271	-38.059244	3.092799	
272	-38.319344	3.245692	
273	-38.711468	3.137294	
274	-39.251126	3.153253	
275	-39.395103	3.277053	
276	-38.022877	3.204876	
277	-38.469054	3.259334	
278	-39.106371	3.957134	
279	-38.906561	3.699051	
280	-39.689545	3.101039	
281	-39.525217	3.325280	
282	-39.580875	3.458154	
283	-40.053225	3.884777	
284	-40.091521	4.379163	
285	-40.349476	4.178703	
286	-40.799671	3.970739	
287	-40.823315	4.093997	
288	-40.534154	4.454010	
289	-41.032554	4.890140	
290	-41.374430	5.087178	
291	-40.944358	5.383260	
292	-41.553582	5.853334	
293	-41.878914	5.381765	
294	-41.717627	5.027268	
295	-41.777486	5.439728	
296	-42.030819	5.600702	
297	-42.645463	5.519964	
298	-42.621684	6.089001	
299	-42.851437	5.878657	
300	-43.489299	5.551559	
301	-43.232403	6.108936	
302	-43.380070	6.260949	
303	-43.832607	6.300680	
304	-43.763447	6.272422	
305	-43.840956	6.221808	
306	-43.899779	6.484844	
307	-44.385970	7.289301	
308	-44.762283	7.546165	
309	-44.836828	7.484512	
310	-44.825646	7.104996	
311	-45.349148	7.237410	
312	-45.847017	7.675506	
313	-45.746602	8.262801	
314	-45.929587	8.870642	
315	-46.204959	8.722095	
316	-46.991822	8.976715	
317	-47.368270	8.596954	
318	-46.971908	8.669068	
319	-46.804719	9.104054	
320	-47.654616	9.212488	
321	-48.554656	9.615198	
322	-48.486527	9.781775	
323	-48.003642	9.336237	
324	-47.823886	9.214421	
325	-48.226110	9.621292	
326	-48.479226	10.091740	
327	-48.941981	10.610942	
328	-49.277686	10.366658	
329	-49.238771	10.199170	
330	-49.320906	10.504851	
331	-49.552753	11.217054	
332	-49.929612	11.641012	
333	-50.139717	11.665613	
334	-50.272329	11.570266	
335	-50.694116	11.860003	
336	-50.963002	12.741879	
337	-50.920710	13.323382	
338	-51.152801	13.833751	
339	-50.309871	13.495851	
340	-50.467145	13.669633	
341	-51.710495	14.727287	
342	-52.233935	14.964874	
343	-52.788994	15.360323	
344	-53.042478	15.801100	
345	-53.301387	16.154640	
346	-53.300677	16.368973	
347	-53.342688	16.429184	
348	-53.392427	16.742976	
349	-53.547189	17.174117	
350	-53.956834	17.273351	
351	-53.965731	17.420982	
352	-54.127651	17.922402	
353	-54.676800	18.142961	
354	-54.753092	18.276133	
355	-54.522955	17.787068	
356	-54.083125	17.090889	
357	-54.395244	17.542171	
358	-54.933913	17.829319	
359	-55.254658	17.553424	
360	-54.941729	17.496021	
361	-54.726602	18.177326	
362	-54.791884	17.778458	
363	-54.556041	17.277520	
364	-54.759601	17.460013	
365	-54.619618	17.451815	
366	-54.498877	16.988374	
367	-54.131769	16.263356	
368	-53.955394	16.601636	
369	-53.942658	16.747770	
370	-53.590967	16.702023	
371	-53.317359	16.726341	
372	-52.848329	16.897540	
373	-52.323212	15.974223	
374	-52.076643	15.556569	
375	-51.756337	16.159268	
376	-51.618312	16.582054	
377	-51.388194	16.647707	
378	-50.672294	16.156918	
379	-49.904071	16.065814	
380	-49.599387	16.553984	
381	-49.302706	16.381442	
382	-48.522547	16.253291	
383	-47.840503	16.216715	
384	-47.262341	15.923121	
385	-46.660204	15.989193	
386	-45.932687	15.548098	
387	-45.214159	15.490008	
388	-44.686896	15.245892	
389	-43.967144	15.261449	
390	-43.280891	14.700323	
391	-42.529755	13.995458	
392	-41.703137	13.726725	
393	-41.019165	13.020257	
394	-40.200297	12.819802	
395	-39.149739	12.317944	
396	-38.540571	12.098461	
397	-37.867408	12.086777	
398	-37.117708	11.785571	
399	-36.171020	11.333047	
400	-35.533173	11.332312	
401	-34.940959	11.148677	
402	-34.032512	10.328378	
403	-33.617612	10.286659	
404	-32.963538	10.046572	
405	-32.789992	9.534545	
406	-32.579006	9.444427	
407	-31.996829	9.268166	
408	-31.232165	8.163589	
409	-30.426199	7.765871	
410	-29.943719	7.503502	
411	-29.014996	6.907849	
412	-28.017054	6.719011	
413	-27.635827	6.204927	
414	-27.391185	6.203714	
415	-27.068826	5.942796	
416	-26.301079	5.720635	
417	-25.486847	5.774645	
418	-24.864191	5.666587	
419	-23.865290	5.851626	
420	-23.515054	5.445330	
421	-23.167333	4.960728	
422	-22.516994	4.771921	
423	-21.925704	4.315668	
424	-21.306695	4.279115	
425	-20.508765	4.215496	
426	-19.573779	3.812561	
427	-19.371756	3.639505	
428	-19.023171	3.149264	
429	-18.047807	2.829300	
430	-17.425684	2.591488	
431	-16.852542	2.396284	
432	-16.170344	2.094370	
433	-15.977715	1.511052	
434	-15.284806	1.601939	
435	-14.515366	1.597053	
436	-14.179197	1.244769	
437	-13.640716	1.181548	
438	-13.106074	0.852638	
439	-12.847086	0.447975	
440	-12.509213	0.650602	
441	-12.400715	0.317366	
442	-12.094865	-0.006023	
443	-11.584285	0.225898	
444	-11.257041	-0.001139	
445	-10.856128	-0.351854	
446	-10.810737	-0.064699	
447	-10.805901	-0.253768	
448	-10.471977	-1.016738	
449	-10.324889	-1.031690	
450	-10.220010	-1.679839	
451	-9.998178	-1.544415	
452	-10.123263	-0.829186	
453	-10.288159	-1.731728	
454	-9.855843	-1.840237	
455	-9.510087	-1.439574	
456	-9.655213	-2.014765	
457	-9.801032	-1.881766	
458	-9.660071	-1.487944	
459	-9.530986	-1.525806	
460	-9.674906	-1.605786	
461	-9.466075	-1.768839	
462	-9.581562	-1.403250	
463	-10.039374	-1.572668	
464	-10.107091	-1.858429	
465	-9.953655	-1.742850	
466	-10.079759	-1.784676	
467	-10.531678	-2.089451	
468	-10.781844	-2.147913	
469	-10.704986	-1.835432	
470	-10.929439	-2.206012	
471	-11.031859	-1.980570	
472	-10.950402	-1.581085	
473	-11.452222	-1.815266	
474	-11.636122	-1.687196	
475	-11.835689	-2.130362	
476	-12.116619	-2.548799	
477	-12.218528	-2.278572	
478	-12.405916	-1.997981	
479	-12.324464	-1.899160	
480	-12.396308	-1.897498	
481	-12.557728	-2.157047	
482	-12.717421	-2.288880	
483	-12.888500	-2.241730	
484	-12.904956	-2.439355	
485	-13.149020	-2.668756	
486	-13.102768	-1.958775	
487	-13.139145	-1.761376	
488	-13.222923	-2.040612	
489	-13.176806	-1.867263	
490	-13.461124	-2.267899	
491	-13.340319	-2.085780	
492	-13.538275	-2.169336	
493	-13.756254	-2.089886	
494	-13.685867	-1.794721	
495	-13.951074	-1.939486	
496	-14.166629	-1.929793	
497	-14.449539	-1.772312	
498	-14.431505	-1.390391	
499	-14.662555	-1.428356	
500	-14.897625	-1.213804	
501	-15.046321	-1.344449	
502	-15.352128	-1.556487	
503	-15.556456	-1.814579	
504	-15.537270	-1.789758	
505	-15.836291	-1.960615	
506	-16.140985	-2.644031	
507	-16.159331	-2.344110	
508	-16.355313	-2.362367	
509	-16.795470	-2.847649	
510	-17.120581	-3.170082	
511	-17.451214	-3.189274	
512	-17.581254	-3.421625	
513	-17.589730	-3.526698	
514	-18.257417	-3.754948	
515	-18.473530	-3.609569	
516	-18.599457	-3.199511	
517	-18.723031	-3.718891	
518	-19.054357	-3.615763	
519	-19.326906	-3.457881	
520	-19.365941	-3.618165	
521	-19.365697	-3.597508	
522	-19.244202	-3.732601	
523	-19.464780	-3.702561	
524	-19.658197	-3.356848	
525	-19.859491	-3.539880	
526	-20.072390	-3.450722	
527	-19.967819	-3.205866	
528	-20.022981	-3.681466	
529	-20.343449	-4.007827	
530	-20.359855	-3.928357	
531	-20.597466	-3.753005	
532	-20.656786	-4.057147	
533	-20.550844	-4.543626	
534	-20.446661	-4.392372	
535	-20.547868	-4.490194	
536	-20.566821	-5.006294	
537	-20.295659	-4.573204	
538	-20.552576	-4.660050	
539	-21.269285	-5.503397	
540	-21.535773	-5.496777	
541	-21.960075	-4.979362	
542	-22.982766	-4.782730	
543	-23.314924	-4.703885	
544	-23.722089	-5.042629	
545	-23.651603	-5.206042	
546	-23.458243	-4.540095	
547	-24.043585	-4.617321	
548	-24.904672	-4.751578	
549	-25.464120	-4.287381	
550	-25.453072	-4.458260	
551	-24.961340	-4.389761	
552	-25.385003	-4.318496	
553	-26.229457	-4.473930	
554	-26.148947	-3.945339	
555	-26.513446	-3.785550	
556	-26.716223	-3.733211	
557	-26.314640	-3.608817	
558	-25.915266	-3.342735	
559	-26.652186	-3.513040	
560	-27.403819	-4.285438	
561	-27.445416	-4.124139	
562	-28.151444	-3.826161	
563	-28.463896	-3.847222	
564	-28.804525	-3.050317	
565	-29.215910	-2.207109	
566	-29.022240	-2.023035	
567	-29.108670	-1.399429	
568	-29.877678	-1.406324	
569	-30.787290	-1.594717	
570	-31.215032	-2.476758	
571	-31.437637	-2.881347	
572	-32.007353	-3.144758	
573	-32.309585	-2.766342	
574	-32.960190	-2.405984	
575	-33.645208	-1.499728	
576	-34.014381	-1.353520	
577	-34.686581	-1.891087	
578	-35.127746	-1.808379	
579	-35.582555	-1.885895	
580	-35.556641	-1.596068	
581	-35.874200	-1.430790	
582	-36.279860	-1.170110	
583	-36.465198	-0.546645	
584	-37.008723	-0.419393	
585	-37.201771	-0.465943	
586	-37.146766	-0.206931	
587	-37.241698	-0.110195	
588	-37.326420	0.110786	
589	-37.621147	0.408337	
590	-37.981775	0.412093	
591	-37.447128	0.813004	
592	-37.406044	1.384411	
593	-37.612012	1.384685	
594	-37.994510	1.503795	
595	-37.979642	1.800506	
596	-38.031455	2.232335	
597	-38.132024	2.313459	
598	-38.302543	2.096801	
599	-38.859362	2.494915	
600	-38.981416	2.736959	
601	-38.943491	2.976168	
602	-38.970704	2.473061	
603	-39.580322	2.079377	
604	-39.850378	2.278911	
605	-40.024253	1.662906	
606	-40.562996	2.111615	
607	-40.556557	3.135362	
608	-40.559047	3.422494	
609	-40.829469	3.577270	
610	-40.872080	3.366082	
611	-41.159082	4.055069	
612	-41.589209	4.144604	
613	-41.807605	3.583321	
614	-42.279818	4.072963	
615	-42.588608	4.410531	
616	-42.106317	4.332766	
617	-42.475334	4.682087	
618	-42.752680	4.880094	
619	-42.692848	5.224094	
620	-43.300521	5.820038	
621	-43.510656	5.693388	
622	-43.283236	5.990102	
623	-43.712844	6.047877	
624	-43.970054	6.143682	
625	-44.228825	7.292111	
626	-44.415579	6.807867	
627	-44.641075	6.704704	
628	-45.179869	7.700089	
629	-45.327413	7.519777	
630	-45.541698	7.756475	
631	-45.198131	8.132252	
632	-45.381587	8.269164	
633	-45.880752	8.261997	
634	-46.714698	8.951885	
635	-46.748807	9.617920	
636	-46.526305	9.602487	
637	-47.089622	9.607146	
638	-47.591891	9.968017	
639	-47.853397	9.926311	
640	-47.743112	10.296191	
641	-48.222839	9.900788	
642	-48.819364	10.003138	
643	-48.506941	10.630737	
644	-48.493862	10.585595	
645	-48.815519	10.983200	
646	-48.958083	10.721264	
647	-49.465394	10.643781	
648	-49.487569	10.838083	
649	-49.587980	11.699906	
650	-49.774401	11.635071	
651	-50.157399	12.508018	
652	-50.336069	12.817702	
653	-50.063323	11.811013	
654	-50.113045	12.309738	
655	-50.416502	12.597525	
656	-51.149810	13.090919	
657	-51.282773	13.521070	
658	-51.141918	13.359456	
659	-51.478505	13.638911	
660	-51.136514	13.303263	
661	-50.823126	12.997786	
662	-51.427712	14.082759	
663	-51.771694	14.704337	
664	-51.668047	14.670239	
665	-51.418303	14.278967	
666	-51.982265	13.921756	
667	-52.800914	14.650797	
668	-52.813369	14.782915	
669	-52.994279	15.412783	
670	-53.374852	15.995936	
671	-53.987585	15.793545	
672	-54.233140	16.098097	
673	-54.394359	16.270927	
674	-54.311109	15.828093	
675	-54.646953	16.094808	
676	-55.203395	16.223789	
677	-55.158874	15.836219	
678	-54.966649	16.013963	
679	-54.780718	15.636103	
680	-54.767396	15.826922	
681	-54.592218	16.512802	
682	-54.459691	17.081189	
683	-54.390044	17.218229	
684	-54.553856	17.399580	
685	-54.680082	17.269021	
686	-54.091376	17.461095	
687	-53.555227	17.360189	
688	-53.795337	17.074040	
689	-53.494237	17.220890	
690	-52.669117	17.735243	
691	-52.341573	17.889821	
692	-51.756482	19.256770	
693	-51.097068	19.845257	
694	-50.920326	18.576176	
695	-50.482198	19.222965	
696	-49.300276	19.199962	
697	-49.013019	18.873082	
698	-48.674782	17.457979	
699	-47.350056	17.414374	
700	-46.751851	18.393331	
701	-46.400034	18.203676	
702	-45.407059	18.135606	
703	-45.107708	17.464813	
704	-44.364024	16.269094	
705	-43.359205	15.774430	
706	-43.093810	16.115936	
707	-42.054463	16.127143	
708	-42.104405	15.756020	
709	-41.781143	15.162452	
710	-40.240062	14.565948	
711	-39.724944	14.561537	
712	-39.030091	14.554203	
713	-38.436037	14.246011	
714	-37.326822	13.717291	
715	-36.129508	12.890309	
716	-36.201583	12.267429	
717	-35.210943	11.422006	
718	-34.035616	10.607835	
719	-33.782942	10.913689	
720	-33.216289	11.376330	
721	-31.945121	10.469715	
722	-30.517506	9.729818	
723	-30.458157	9.410546	
724	-29.773030	8.427633	
725	-28.514785	7.860534	
726	-28.473740	7.933127	
727	-28.035217	7.432960	
728	-27.003923	6.795834	
729	-26.203479	6.309230	
730	-25.944299	6.223388	
731	-25.247467	6.083313	
732	-24.974749	5.724234	
733	-24.179143	5.960673	
734	-23.796924	5.979548	
735	-23.757927	5.443879	
736	-22.850713	5.143785	
737	-22.597936	5.298469	
738	-21.947824	5.400934	
739	-21.746031	5.134091	
740	-21.941505	5.156691	
741	-20.592211	4.921612	
742	-19.054288	4.580748	
743	-19.130849	4.492730	
744	-18.278409	4.256394	
745	-17.850516	3.860563	
746	-17.907914	3.323969	
747	-16.336991	3.206546	
748	-16.274420	3.065784	
749	-16.049011	2.195371	
750	-14.947155	1.720554	
751	-15.434493	1.765395	
752	-14.474084	1.200103	
753	-14.095249	1.018690	
754	-13.911093	0.434805	
755	-13.092800	-0.109631	
756	-13.441439	-0.715387	
757	-11.955680	-0.889225	
758	-12.341419	-0.375233	
759	-11.773147	-0.487780	
760	-10.701110	-0.751860	
761	-11.207342	-0.913282	
762	-10.315516	-0.928581	
763	-10.378429	-1.076845	
764	-10.204342	-1.112806	
765	-9.668444	-1.224557	
766	-10.323629	-1.600904	
767	-9.652886	-1.867220	
768	-9.070468	-1.662748	
769	-9.532204	-1.604340	
770	-8.650228	-1.739741	
771	-9.122392	-2.116392	
772	-9.616167	-2.339342	
773	-9.340338	-2.007805	
774	-10.222374	-2.110031	
775	-10.206271	-2.051814	
776	-10.213546	-1.918476	
777	-10.214106	-1.735418	
778	-10.282783	-1.891418	
779	-10.186713	-1.573196	
780	-10.374421	-1.211420	
781	-11.395891	-1.550795	
782	-11.211736	-1.303695	
783	-11.347342	-1.215825	
784	-12.010810	-1.205933	
785	-11.180146	-1.309929	
786	-11.135462	-1.578074	
787	-11.703880	-1.701502	
788	-12.573526	-1.653899	
789	-12.424620	-1.679941	
790	-11.384817	-2.039215	
791	-11.536324	-1.541521	
792	-11.451975	-1.838768	
793	-12.217506	-2.117813	
794	-12.365813	-1.565701	
795	-11.910164	-2.079832	
796	-12.518518	-2.327832	
797	-12.915949	-1.904393	
798	-13.179089	-1.479118	
799	-13.292328	-1.564284	
800	-13.471997	-1.499318	
801	-13.418718	-1.202683	
802	-13.677979	-0.974277	
803	-13.724309	-0.880169	
804	-13.828498	-0.826915	
805	-14.357716	-0.314813	
806	-14.242385	-0.281741	
807	-14.783495	-0.777429	
808	-15.098647	-0.652659	
809	-14.757589	0.061419	
810	-14.015740	0.406315	
811	-15.389325	0.200862	
812	-15.984779	0.534763	
813	-14.794780	1.000931	
814	-15.343910	0.922445	
815	-15.797428	0.803411	
816	-16.326580	0.898227	
817	-16.479396	1.345314	
818	-17.274639	1.478025	
819	-17.699584	1.311437	
820	-16.822608	0.797732	
821	-16.683913	0.474775	
822	-17.333615	0.827457	
823	-17.787335	0.838503	
824	-18.601732	0.771059	
825	-18.556211	0.585519	
826	-18.344416	0.040493	
827	-19.133565	0.041744	
828	-18.485837	0.132117	
829	-18.927866	-0.087345	
830	-20.052037	0.049373	
831	-19.957347	0.357022	
832	-21.352952	0.613625	
833	-22.423632	1.352291	
834	-22.821880	1.074483	
835	-23.859323	0.530039	
836	-24.089744	1.093638	
837	-23.268807	1.452048	
838	-23.099770	1.277541	
839	-23.832765	0.961615	
840	-24.348449	1.043113	
841	-24.414305	2.168870	
842	-24.832815	2.355005	
843	-26.524036	1.657874	
844	-26.353077	2.051739	
845	-24.890489	1.631127	
846	-24.407833	1.261595	
847	-24.103153	1.830990	
848	-25.534224	1.902632	
849	-25.882573	1.474658	
850	-24.478825	1.252426	
851	-24.503208	0.680553	
852	-25.410528	0.768499	
853	-26.259619	0.656920	
854	-25.991343	1.168249	
855	-26.354506	0.990681	
856	-26.433445	0.326757	
857	-26.783302	0.748678	
858	-27.446660	1.460285	
859	-25.800010	1.674115	
860	-27.292957	1.332659	
861	-28.674865	1.468041	
862	-28.127187	1.329220	
863	-29.068909	2.030854	
864	-30.605005	2.791644	
865	-30.438798	3.383053	
866	-29.445275	3.570975	
867	-29.920429	3.268717	
868	-30.042604	4.191532	
869	-31.331889	3.466937	
870	-31.123067	3.063185	
871	-31.994142	3.722816	
872	-32.166781	2.979653	
873	-31.559646	2.394612	
874	-32.985111	2.763681	
875	-34.039449	3.138268	
876	-34.052849	3.675573	
877	-33.346209	5.151639	
878	-33.575544	3.680459	
879	-34.773272	3.444778	
880	-33.005354	3.702411	
881	-33.465182	3.289842	
882	-34.856657	2.906187	
883	-35.455558	3.255674	
884	-36.286774	3.234292	
885	-34.304418	2.807108	
886	-35.951727	3.227264	
887	-36.284147	3.850698	
888	-36.528162	4.678542	
889	-36.929088	4.371384	
890	-35.978059	3.562438	
891	-36.938544	4.334289	
892	-35.961056	4.443829	
893	-37.419730	4.997321	
894	-37.638392	4.580689	
895	-36.645695	3.975267	
896	-38.185579	6.335709	
897	-37.994507	5.912166	
898	-38.804171	4.556281	
899	-37.268077	4.499859	
900	-36.844876	4.633798	
901	-38.067119	5.470415	
902	-38.147551	5.132371	
903	-37.639921	3.351995	
904	-37.572053	4.175501	
905	-38.683009	6.078132	
906	-37.676295	4.785726	
907	-38.327024	3.799047	
908	-39.856656	3.466356	
909	-39.853383	3.632541	
910	-39.431859	4.010433	
911	-40.528095	5.248101	
912	-39.820066	5.279061	
913	-39.822073	7.391268	
914	-40.664037	6.598882	
915	-40.633965	4.262416	
916	-40.859000	5.328261	
917	-40.653599	5.138513	
918	-40.356644	5.137436	
919	-39.497128	5.896629	
920	-40.664566	5.032873	
921	-41.185405	4.054356	
922	-40.557458	6.831792	
923	-39.885925	7.058336	
924	-41.301873	6.747076	
925	-41.541693	7.591427	
926	-42.092141	5.039936	
927	-42.539122	4.645980	
928	-42.675537	5.684965	
929	-42.438036	5.864026	
930	-42.367740	5.882585	
931	-43.316792	6.426776	
932	-42.827796	6.095658	
933	-43.084172	6.214326	
934	-43.010792	6.315956	
935	-43.230843	6.674200	
936	-42.867645	4.981089	
937	-43.027452	4.252057	
938	-44.081704	5.187230	
939	-43.269140	7.774559	
940	-43.400439	9.860230	
941	-43.748415	9.706086	
942	-44.045944	10.254622	
943	-44.209332	10.419841	
944	-44.503963	7.901377	
945	-45.646222	7.384321	
946	-45.331715	8.535240	
947	-45.589018	9.111973	
948	-45.893851	9.383529	
949	-46.145465	8.585702	
950	-47.151183	10.384809	
951	-46.435682	10.427870	
952	-45.604377	9.487349	
953	-46.100653	10.216367	
954	-47.377547	9.409192	
955	-47.459831	8.775760	
956	-46.461053	9.024890	
957	-47.815248	9.918852	
958	-47.288694	10.664577	
959	-47.897552	13.880412	
960	-49.148448	13.616391	
961	-47.655497	10.606303	
962	-48.729158	11.530382	
963	-47.767447	9.811766	
964	-48.189601	11.428395	
965	-49.704323	12.616894	
966	-49.304451	9.539353	
967	-49.119452	9.087216	
968	-48.992027	8.857953	
969	-50.921896	12.062770	
970	-50.081894	13.393066	
971	-50.643815	13.241895	
972	-52.124662	14.628456	
973	-50.897137	13.881608	
974	-51.076881	13.282488	
975	-51.871622	12.948719	
976	-52.015961	12.790127	
977	-51.550443	11.036281	
978	-51.152856	10.938917	
979	-52.077050	14.245023	
980	-52.904967	16.523113	
981	-52.119768	14.383955	
982	-51.797772	13.456319	
983	-52.707001	14.178942	
984	-53.456354	16.378776	
985	-53.010348	15.822308	
986	-52.471829	12.341627	
987	-54.469520	15.254730	
988	-54.924695	14.748264	
989	-54.136374	13.620423	
990	-54.506185	13.564346	
991	-53.950301	11.401668	
992	-54.810630	13.714160	
993	-55.441975	13.805039	
994	-54.352808	11.894667	
995	-54.504734	13.412626	
996	-55.489423	13.786299	
997	-55.816969	14.790000	
998	-55.746785	16.227628	
999	-56.693040	14.148019	
1000	-56.697933	15.366172	
1001	-56.830586	15.588121	
1002	-57.469898	15.712036	
1003	-57.294948	17.569479	
1004	-57.590860	16.149129	
1005	-57.690944	14.272866	
1006	-58.291923	15.120306	
1007	-59.110508	16.411303	
1008	-58.911978	14.283386	
1009	-58.242493	15.230829	
1010	-58.419587	15.660554	
1011	-59.177838	14.381787	
1012	-58.956093	17.088869	
1013	-58.125395	17.778999	
1014	-58.217726	15.657401	
1015	-58.401172	15.618127	
1016	-57.504219	13.929892	
1017	-57.603933	12.755117	
1018	-57.100170	12.717238	
1019	-56.272413	11.226842	
1020	-55.863968	11.418357	
1021	-54.454724	8.025439	
1022	-55.309256	12.845453	
1023	-57.189882	17.709963	
1024	-56.237109	18.920592	
1025	-55.549461	21.374628	
1026	-54.448793	18.853961	
1027	-54.382190	18.509655	
1028	-53.965790	18.222514	
1029	-54.222815	22.044564	
1030	-54.560760	20.302657	
1031	-52.044662	23.527631	
1032	-50.523367	21.581674	
1033	-51.857441	19.882879	
1034	-51.023331	20.715322	
1035	-51.021262	20.528465	
1036	-50.340374	20.826315	
1037	-50.106424	18.665468	
1038	-49.496954	18.943497	
1039	-49.612045	19.497691	
1040	-46.060645	17.748706	
1041	-45.847058	15.818018	
1042	-48.076001	19.310507	
1043	-42.539478	14.948888	
1044	-41.803995	13.054657	
1045	-44.040095	17.447796	
1046	-40.414942	11.912759	
1047	-38.630779	10.158051	
1048	-37.980837	10.359283	
1049	-37.481522	8.029581	
1050	-37.243331	9.430258	
1051	-34.543197	4.153116	
1052	-34.880857	6.881218	
1053	-36.051926	10.015849	
1054	-33.508440	5.416597	
1055	NaN	NaN	
1056	NaN	NaN	
1057	NaN	NaN	
1058	NaN	NaN	
1059	NaN	NaN	
1060	NaN	NaN	
1061	NaN	NaN	
1062	NaN	NaN	
1063	-32.426176	6.619430	
1064	-28.427076	3.570777	
1065	NaN	NaN	
1066	NaN	NaN	
1067	NaN	NaN	
1068	NaN	NaN	
1069	NaN	NaN	
1070	NaN	NaN	
1071	NaN	NaN	
1072	NaN	NaN	
1073	NaN	NaN	
1074	NaN	NaN	
1075	NaN	NaN	
1076	NaN	NaN	
1077	NaN	NaN	
1078	NaN	NaN	
1079	NaN	NaN	
1080	NaN	NaN	
1081	-19.826906	3.124113	
1082	-15.711376	2.490852	
1083	-14.958806	3.154136	
1084	-19.011476	2.826267	
1085	NaN	NaN	
1086	NaN	NaN	
1087	NaN	NaN	
1088	NaN	NaN	
1089	NaN	NaN	
1090	NaN	NaN	
1091	NaN	NaN	
1092	NaN	NaN	
1093	NaN	NaN	
1094	NaN	NaN	
1095	NaN	NaN	
1096	NaN	NaN	
1097	NaN	NaN	
1098	NaN	NaN	
1099	NaN	NaN	
1100	NaN	NaN	
1101	NaN	NaN	
1102	NaN	NaN	
1103	NaN	NaN	
1104	NaN	NaN	
1105	NaN	NaN	
1106	NaN	NaN	
1107	NaN	NaN	
1108	NaN	NaN	
1109	NaN	NaN	
1110	NaN	NaN	
1111	NaN	NaN	
1112	NaN	NaN	
1113	NaN	NaN	
1114	NaN	NaN	
1115	NaN	NaN	
1116	NaN	NaN	
1117	NaN	NaN	
1118	NaN	NaN	
1119	NaN	NaN	
1120	NaN	NaN	
1121	NaN	NaN	
1122	NaN	NaN	
1123	NaN	NaN	
1124	NaN	NaN	
1125	NaN	NaN	
1126	NaN	NaN	
1127	NaN	NaN	
1128	NaN	NaN	
1129	NaN	NaN	
1130	NaN	NaN	
1131	NaN	NaN	
1132	NaN	NaN	
1133	NaN	NaN	
1134	NaN	NaN	
1135	NaN	NaN	
1136	NaN	NaN	
1137	NaN	NaN	
1138	NaN	NaN	
1139	NaN	NaN	
1140	NaN	NaN	
1141	NaN	NaN	
1142	NaN	NaN	
1143	NaN	NaN	
1144	NaN	NaN	
1145	NaN	NaN	
1146	NaN	NaN	
1147	NaN	NaN	
1148	NaN	NaN	
1149	NaN	NaN	
1150	NaN	NaN	
1151	NaN	NaN	
1152	NaN	NaN	
1153	NaN	NaN	
1154	NaN	NaN	
1155	NaN	NaN	
1156	NaN	NaN	
1157	NaN	NaN	
1158	NaN	NaN	
1159	NaN	NaN	
1160	NaN	NaN	
1161	NaN	NaN	
1162	NaN	NaN	
1163	NaN	NaN	
1164	NaN	NaN	
1165	NaN	NaN	
1166	NaN	NaN	
1167	NaN	NaN	
1168	NaN	NaN	
1169	NaN	NaN	
1170	NaN	NaN	
1171	NaN	NaN	
1172	NaN	NaN	
1173	NaN	NaN	
1174	NaN	NaN	
1175	NaN	NaN	
1176	NaN	NaN	
1177	NaN	NaN	
1178	NaN	NaN	
1179	NaN	NaN	
1180	NaN	NaN	
1181	NaN	NaN	
1182	NaN	NaN	
1183	NaN	NaN	
1184	NaN	NaN	
1185	NaN	NaN	
1186	NaN	NaN	
1187	NaN	NaN	
1188	NaN	NaN	
1189	NaN	NaN	
1190	NaN	NaN	
1191	NaN	NaN	
1192	NaN	NaN	
1193	NaN	NaN	
1194	NaN	NaN	
1195	NaN	NaN	
1196	NaN	NaN	
1197	NaN	NaN	
1198	NaN	NaN	
1199	NaN	NaN	
1200	NaN	NaN	
1201	NaN	NaN	
1202	NaN	NaN	
1203	NaN	NaN	
1204	NaN	NaN	
1205	NaN	NaN	
1206	NaN	NaN	
1207	NaN	NaN	
1208	NaN	NaN	
1209	NaN	NaN	
1210	NaN	NaN	
1211	NaN	NaN	
1212	NaN	NaN	
1213	NaN	NaN	
1214	NaN	NaN	
1215	NaN	NaN	
1216	NaN	NaN	
1217	NaN	NaN	
1218	NaN	NaN	
1219	NaN	NaN	
1220	NaN	NaN	
1221	NaN	NaN	
1222	NaN	NaN	
1223	NaN	NaN	
1224	NaN	NaN	
1225	NaN	NaN	
1226	NaN	NaN	
1227	NaN	NaN	
1228	NaN	NaN	
1229	NaN	NaN	
1230	NaN	NaN	
1231	NaN	NaN	
1232	NaN	NaN	
1233	NaN	NaN	
1234	NaN	NaN	
1235	NaN	NaN	
1236	NaN	NaN	
1237	NaN	NaN	
1238	NaN	NaN	
1239	NaN	NaN	
1240	NaN	NaN	
1241	NaN	NaN	
1242	NaN	NaN	
1243	NaN	NaN	
1244	NaN	NaN	
1245	NaN	NaN	
1246	NaN	NaN	
1247	NaN	NaN	
1248	NaN	NaN	
1249	NaN	NaN	
1250	NaN	NaN	
1251	NaN	NaN	
1252	NaN	NaN	
1253	NaN	NaN	
1254	NaN	NaN	
1255	NaN	NaN	
1256	NaN	NaN	
1257	NaN	NaN	
1258	NaN	NaN	
1259	NaN	NaN	
1260	NaN	NaN	
1261	NaN	NaN	
1262	NaN	NaN	
1263	NaN	NaN	
1264	NaN	NaN	
1265	NaN	NaN	
1266	NaN	NaN	
1267	NaN	NaN	
1268	NaN	NaN	
1269	NaN	NaN	
1270	NaN	NaN	
1271	NaN	NaN	
1272	NaN	NaN	
1273	NaN	NaN	
1274	NaN	NaN	
1275	NaN	NaN	
1276	NaN	NaN	
1277	NaN	NaN	
1278	NaN	NaN	
1279	NaN	NaN	
1280	NaN	NaN	
1281	NaN	NaN	
1282	NaN	NaN	
1283	NaN	NaN	
1284	NaN	NaN	
1285	NaN	NaN	
1286	NaN	NaN	
1287	NaN	NaN	
1288	NaN	NaN	
1289	NaN	NaN	
1290	NaN	NaN	
1291	NaN	NaN	
1292	NaN	NaN	
1293	NaN	NaN	
1294	NaN	NaN	
1295	NaN	NaN	
1296	NaN	NaN	
1297	NaN	NaN	
1298	NaN	NaN	
1299	NaN	NaN	
1300	NaN	NaN	
1301	NaN	NaN	
1302	NaN	NaN	
1303	NaN	NaN	
1304	NaN	NaN	
1305	NaN	NaN	
1306	NaN	NaN	
1307	NaN	NaN	
1308	NaN	NaN	
1309	NaN	NaN	
1310	NaN	NaN	
1311	NaN	NaN	
1312	NaN	NaN	
1313	NaN	NaN	
1314	NaN	NaN	
1315	NaN	NaN	
1316	NaN	NaN	
1317	NaN	NaN	
1318	NaN	NaN	
1319	NaN	NaN	
1320	NaN	NaN	
1321	NaN	NaN	
1322	NaN	NaN	
1323	NaN	NaN	
1324	NaN	NaN	
1325	NaN	NaN	
1326	NaN	NaN	
1327	NaN	NaN	
1328	NaN	NaN	
1329	NaN	NaN	
1330	NaN	NaN	
1331	NaN	NaN	
1332	NaN	NaN	
1333	NaN	NaN	
1334	NaN	NaN	
1335	NaN	NaN	
1336	NaN	NaN	
1337	NaN	NaN	
1338	NaN	NaN	
1339	NaN	NaN	
1340	NaN	NaN	
