Athlete_Engineering	// User ID
11-2-2021	// Evaluation date
P009_SQUAT	27-1-2021	15:19:18:094	// Source file name and timestamp
250.000	// Sampling rate
8.806	// Data capture period



Sample #	Right_Leg_Flexion	Right_Leg_Abduction	
0	-51.269311	18.442909	
1	-51.258218	18.333191	
2	-51.312251	18.279990	
3	-51.091387	18.253920	
4	-51.298084	18.261731	
5	-51.153778	18.030391	
6	-51.339783	18.163864	
7	-51.425868	18.098036	
8	-51.413001	18.231267	
9	-51.093494	18.069255	
10	-51.298444	18.344023	
11	-51.237258	18.336936	
12	-51.374133	18.529732	
13	-51.189377	18.508429	
14	-51.221880	18.550120	
15	-51.264823	18.534174	
16	-51.409076	18.751201	
17	-51.127940	18.685099	
18	-51.067535	18.884628	
19	-51.161679	19.573638	
20	-51.246601	19.149836	
21	-50.921120	19.041332	
22	-50.606997	18.487040	
23	-50.633341	18.740699	
24	-51.021356	19.144009	
25	-51.034505	19.381467	
26	-50.754171	19.699365	
27	-50.872721	19.378773	
28	-50.878083	19.221323	
29	-51.090523	19.268200	
30	-50.578512	18.777955	
31	-50.569331	18.723220	
32	-50.572752	18.967330	
33	-50.517310	19.235181	
34	-50.570025	18.833662	
35	-50.551307	18.657972	
36	-50.002872	18.670038	
37	-50.190369	18.630925	
38	-50.042650	17.956233	
39	-49.649732	18.093267	
40	-49.646509	17.737916	
41	-49.545804	17.676411	
42	-49.550853	17.873665	
43	-49.610403	18.279400	
44	-49.963902	17.812350	
45	-49.373811	17.322575	
46	-48.750290	17.092025	
47	-48.858519	17.528798	
48	-48.536991	17.459887	
49	-48.918072	17.185314	
50	-48.778511	17.284852	
51	-49.115998	17.372129	
52	-48.972434	17.412200	
53	-48.539397	17.469241	
54	-48.268413	17.386073	
55	-47.332634	16.176025	
56	-47.464499	17.013394	
57	-47.024625	16.572283	
58	-46.254740	16.651207	
59	-46.204902	17.388468	
60	-46.069962	16.925904	
61	-46.147138	16.086223	
62	-45.177572	15.391729	
63	-45.310128	14.615778	
64	-44.980547	15.014876	
65	-44.834785	15.175896	
66	-44.603853	14.866991	
67	-44.005533	14.199534	
68	-44.496461	15.334188	
69	-44.262469	15.526833	
70	-44.175313	15.342045	
71	-43.832626	15.226632	
72	-42.936276	14.118323	
73	-42.259194	13.763936	
74	-41.929384	13.260275	
75	-41.827352	13.386723	
76	-41.651836	14.375159	
77	-40.428259	12.945909	
78	-40.774017	14.099981	
79	-41.059566	15.423138	
80	-41.098720	16.710645	
81	-40.545224	15.763303	
82	-38.393493	11.001441	
83	-41.114696	17.895648	
84	-39.277375	14.294636	
85	-38.411242	13.560003	
86	-39.576427	19.848606	
87	-36.931087	13.227222	
88	-37.213020	15.905812	
89	-39.039909	20.683976	
90	-38.073114	15.724888	
91	-35.041576	13.013139	
92	-37.590685	21.623118	
93	-36.719218	19.899307	
94	-33.968676	13.502890	
95	-34.518229	16.766361	
96	-32.686459	12.251012	
97	-34.055760	18.097754	
98	-33.234057	17.388340	
99	-33.139564	18.261398	
100	-31.657280	15.783164	
101	-29.415677	10.694185	
102	-29.057620	11.023976	
103	-28.300161	11.174269	
104	-28.377453	12.308955	
105	-27.689543	11.177853	
106	-26.723952	7.738899	
107	-26.147010	8.757034	
108	-25.292937	7.854532	
109	-24.886378	8.474574	
110	-24.219563	9.141331	
111	-23.179731	9.000231	
112	-22.679589	8.214976	
113	-21.934478	8.146161	
114	-21.562984	7.590835	
115	-20.922292	7.918820	
116	-19.924116	7.790395	
117	-18.716386	7.181000	
118	-18.085466	7.062727	
119	-17.553739	6.982188	
120	-17.324773	7.201997	
121	-17.398052	7.300081	
122	-16.818900	8.134938	
123	-16.834898	10.272355	
124	-16.006110	7.841118	
125	-15.580306	7.955410	
126	-14.271065	7.278760	
127	-13.915230	7.287715	
128	-13.313077	7.281522	
129	-12.602064	6.970208	
130	-11.922457	6.817971	
131	-11.927155	7.793281	
132	-11.722696	7.196818	
133	-11.265574	7.943030	
134	-10.299941	7.351044	
135	-9.039963	6.864863	
136	-8.814992	7.753906	
137	-8.535736	8.174335	
138	-7.302919	6.932618	
139	-7.008696	7.113168	
140	-6.687317	7.805757	
141	-6.571960	7.617479	
142	-6.144688	7.199141	
143	-5.197960	6.527427	
144	-4.145925	6.285638	
145	-3.980381	6.774885	
146	-2.964398	6.912633	
147	-2.296449	6.603762	
148	-1.857609	6.191235	
149	-1.696498	6.000296	
150	-1.234506	6.358168	
151	-0.433828	6.593774	
152	-0.060949	5.552914	
153	1.546680	2.806347	
154	-0.217590	7.926257	
155	-1.234597	9.836334	
156	1.519056	3.951339	
157	1.690078	4.643762	
158	2.273744	3.749371	
159	2.758633	3.330889	
160	3.435488	3.885242	
161	4.103918	2.805314	
162	4.434275	3.393316	
163	5.020305	3.300684	
164	5.829888	2.912313	
165	6.366017	3.384400	
166	7.119278	3.151734	
167	7.899360	2.661850	
168	8.610351	3.160856	
169	9.159919	3.209651	
170	9.978648	2.910295	
171	10.785784	2.588888	
172	11.202588	2.359660	
173	11.739804	2.684952	
174	12.807403	2.363657	
175	12.953304	2.465283	
176	13.667027	2.604420	
177	14.141826	2.209193	
178	14.861554	3.156833	
179	15.400481	2.531921	
180	16.252013	3.196941	
181	16.472202	2.943647	
182	16.971540	3.113989	
183	17.851127	2.210134	
184	18.312200	1.636806	
185	18.455125	2.312767	
186	18.766776	2.210004	
187	19.605216	1.801659	
188	20.384521	2.276220	
189	20.780444	2.591220	
190	21.507228	2.256355	
191	22.150927	2.268849	
192	22.788412	2.170407	
193	23.048644	2.393102	
194	23.497484	3.302626	
195	24.336762	2.808274	
196	24.759789	2.762443	
197	25.328647	2.318011	
198	26.091105	2.469630	
199	26.886954	2.219592	
200	27.711625	2.507052	
201	27.887316	2.076213	
202	28.464027	1.869836	
203	28.925719	2.374623	
204	29.610828	1.763055	
205	29.994028	1.761747	
206	30.216188	1.921073	
207	31.056129	2.181391	
208	31.393153	1.881496	
209	31.769520	2.098931	
210	31.577598	2.162366	
211	32.697122	2.832373	
212	33.169564	2.428854	
213	33.612568	2.010099	
214	34.167589	2.295354	
215	34.595555	1.472583	
216	35.164754	1.278909	
217	35.113140	1.434552	
218	36.059109	0.123381	
219	35.860673	1.149972	
220	36.737715	0.957105	
221	37.110613	-0.227446	
222	37.590823	0.077472	
223	37.728594	0.334558	
224	37.799245	-0.102395	
225	38.507430	0.825106	
226	38.803229	0.944882	
227	39.517516	0.349864	
228	39.882142	0.291752	
229	39.882716	0.971430	
230	39.950352	1.110950	
231	40.843025	0.648493	
232	40.001861	1.529243	
233	41.375842	0.720391	
234	40.378932	0.913210	
235	41.029522	0.722922	
236	41.850786	1.395064	
237	43.856553	-0.267974	
238	46.564782	-4.381704	
239	44.797898	-1.837822	
240	47.983309	-4.877457	
241	47.259294	-2.620168	
242	49.627898	-6.662331	
243	48.730892	-5.173324	
244	51.620977	-7.532170	
245	50.482138	-5.906211	
246	49.885736	-5.459547	
247	51.628678	-7.147386	
248	46.368288	0.772112	
249	46.150636	-0.116742	
250	46.924618	0.322716	
251	47.456174	-0.058770	
252	47.753203	0.655477	
253	48.206378	0.217107	
254	48.812169	0.052431	
255	48.469057	0.636678	
256	48.996030	-0.028371	
257	49.458949	0.028923	
258	49.107571	-0.216801	
259	49.711981	-0.668000	
260	50.072768	0.059539	
261	50.300715	-1.046181	
262	50.571548	-0.236878	
263	51.909098	0.291547	
264	52.480765	-0.301035	
265	52.360840	-0.640858	
266	52.991125	-0.753864	
267	53.146289	-1.574320	
268	53.511719	-1.558348	
269	53.607891	-1.293808	
270	53.304319	-2.858586	
271	54.501723	-1.738345	
272	54.352896	-1.105560	
273	54.259942	-1.667008	
274	54.817628	-1.823113	
275	54.903406	-1.580987	
276	54.964571	-1.665537	
277	55.681299	-1.478896	
278	55.889724	-1.114186	
279	55.579417	-2.458610	
280	56.454759	-1.660961	
281	56.848874	-1.155217	
282	56.968204	-1.185807	
283	57.239517	-1.536679	
284	57.390276	-2.776256	
285	57.845630	-0.894220	
286	58.196809	-2.181021	
287	57.982553	-2.661542	
288	58.947960	-1.455145	
289	57.790641	-1.993912	
290	56.213485	-3.752605	
291	59.518120	-0.401744	
292	57.881899	-0.569120	
293	56.597406	-1.437702	
294	58.070879	-5.623704	
295	56.495622	-11.568999	
296	57.415306	-2.982921	
297	58.650124	-3.561190	
298	58.490465	-2.937100	
299	57.913974	-5.127082	
300	58.492952	-4.814188	
301	59.424761	-3.673578	
302	59.636871	-3.289081	
303	60.638105	5.508170	
304	63.193900	2.921621	
305	61.231450	-1.889222	
306	61.439627	6.192107	
307	60.676636	-5.393316	
308	64.047685	0.730211	
309	63.151431	-1.917459	
310	64.774851	0.554255	
311	63.665660	-0.292077	
312	61.544017	-3.846241	
313	65.438857	3.463413	
314	64.044357	-0.964475	
315	61.298916	-2.904043	
316	63.046138	-2.403055	
317	64.812964	0.076511	
318	64.291960	0.997878	
319	62.892773	1.680174	
320	64.605951	-4.814587	
321	64.594571	-4.885025	
322	64.215691	-3.266338	
323	64.102473	-5.605478	
324	65.591386	-4.753729	
325	65.302104	-3.247201	
326	65.894576	-2.975663	
327	65.125178	-3.858547	
328	65.260068	-8.237753	
329	65.679393	-4.624386	
330	65.494411	-4.617747	
331	65.969978	-7.377359	
332	66.151185	-6.815620	
333	67.037706	-5.475279	
334	66.227050	-6.236810	
335	66.500139	-7.488490	
336	66.601406	-6.372376	
337	66.836672	-6.781670	
338	67.369778	-6.856361	
339	67.480565	-7.310831	
340	67.468171	-8.725085	
341	67.576357	-10.367296	
342	67.688791	-10.241835	
343	69.364548	-12.596897	
344	69.677640	-12.128379	
345	69.400550	-12.226287	
346	69.158502	-12.366959	
347	67.926275	-8.319757	
348	68.596273	-8.686543	
349	69.045491	-9.334510	
350	69.500987	-11.301451	
351	69.607354	-10.778356	
352	69.883582	-12.588814	
353	70.051783	-12.654114	
354	70.020789	-12.955915	
355	69.926503	-11.542351	
356	69.965096	-11.208407	
357	69.704435	-11.825740	
358	69.548652	-12.937790	
359	69.486821	-13.507550	
360	69.923129	-11.561480	
361	69.928164	-12.042878	
362	69.944087	-13.225853	
363	69.753091	-14.744645	
364	69.938425	-11.335745	
365	70.264523	-12.563604	
366	70.297193	-11.204470	
367	69.990863	-8.404466	
368	70.210634	-10.616925	
369	70.069515	-11.125783	
370	69.491355	-9.892246	
371	69.614399	-10.765940	
372	69.395553	-10.407663	
373	68.031036	-8.037531	
374	67.719222	-7.065909	
375	68.033270	-6.235414	
376	69.027878	-10.045750	
377	68.880803	-6.826165	
378	67.521776	1.426993	
379	68.513956	-2.050404	
380	68.602703	-0.913921	
381	68.561769	-10.620220	
382	68.423693	-10.101681	
383	68.092766	-8.679843	
384	67.579730	-10.160284	
385	67.339649	-11.966778	
386	67.345131	-9.424798	
387	67.047664	-9.704333	
388	66.808582	-10.358928	
389	66.795273	-7.635647	
390	65.954854	-4.923752	
391	65.830473	-5.866153	
392	66.002094	-6.102572	
393	65.895441	-6.486308	
394	66.479106	-8.509430	
395	66.132861	-5.814772	
396	64.614005	-5.495859	
397	64.481206	-10.893492	
398	64.697266	-8.857042	
399	64.569443	-8.733942	
400	63.157672	-7.952550	
401	62.149932	-4.650700	
402	62.491059	-5.464658	
403	62.353935	-5.477891	
404	61.345029	-4.095491	
405	61.202652	-5.148442	
406	60.001607	-4.921869	
407	61.013224	-4.890075	
408	59.733591	-3.920980	
409	60.469320	-7.339820	
410	60.126956	-6.754850	
411	59.630902	-6.256459	
412	58.988546	-6.886452	
413	58.545129	-7.746830	
414	58.170959	-4.267004	
415	57.729783	-7.534070	
416	57.358075	-6.443126	
417	56.521640	-7.959037	
418	55.974449	-6.378664	
419	55.972806	-5.720445	
420	56.736989	-7.105443	
421	54.201564	-5.083129	
422	53.900017	-2.873776	
423	53.254285	-5.472894	
424	53.349697	-5.683139	
425	51.289236	-2.047525	
426	50.802000	-2.875063	
427	52.518532	-6.414446	
428	52.114606	-6.307273	
429	51.309727	-4.164512	
430	51.645496	-5.388699	
431	49.832092	-3.097999	
432	51.177616	-5.549012	
433	49.699312	-4.771449	
434	48.142899	-2.670134	
435	48.795565	-4.454623	
436	46.014160	-3.122066	
437	45.926627	-1.648430	
438	47.384231	-3.972318	
439	46.607432	-1.994188	
440	45.798355	-3.621200	
441	44.295589	-1.446089	
442	43.715526	-0.626619	
443	43.286306	-0.923119	
444	42.396275	0.451699	
445	43.212961	-0.933163	
446	41.727155	-0.967454	
447	40.046142	2.460057	
448	39.345702	2.002432	
449	38.942010	1.778230	
450	38.732342	2.878193	
451	38.123992	3.542714	
452	38.112349	4.050786	
453	37.272442	3.740927	
454	36.548079	4.042796	
455	36.131093	4.398083	
456	35.766532	3.898770	
457	34.576551	4.511134	
458	33.436618	4.257915	
459	32.701913	3.920454	
460	31.986456	3.422933	
461	32.133347	2.974463	
462	31.211646	3.617492	
463	30.055757	3.077009	
464	28.657934	2.656808	
465	28.073322	2.439951	
466	28.005334	2.978427	
467	27.595455	3.483398	
468	25.906710	3.642054	
469	26.212689	2.886102	
470	25.807896	3.115155	
471	25.181339	3.937918	
472	25.023455	3.704431	
473	24.381357	4.831732	
474	24.041488	4.256698	
475	23.511981	3.475059	
476	22.425705	4.764950	
477	21.896477	4.446688	
478	21.309961	5.480391	
479	21.001569	5.532665	
480	20.189653	5.918860	
481	19.567061	4.726281	
482	19.475143	5.314972	
483	19.295698	6.123394	
484	18.703342	4.881505	
485	18.843751	4.023448	
486	17.454605	6.166391	
487	17.515532	6.935852	
488	16.172964	7.245752	
489	19.466034	6.542616	
490	18.385263	5.463653	
491	16.418444	4.993109	
492	15.360921	4.618823	
493	16.115283	5.940752	
494	17.284124	4.677718	
495	15.192700	2.149126	
496	13.209036	6.165444	
497	12.946072	5.084966	
498	12.347836	5.485418	
499	11.632749	6.059076	
500	11.521906	5.654954	
501	10.889081	6.521307	
502	10.480646	5.899522	
503	9.891793	5.993242	
504	9.130505	6.145557	
505	7.695760	5.504210	
506	7.240619	4.665477	
507	7.527781	5.453182	
508	7.069369	5.534648	
509	6.839135	5.303438	
510	6.120540	5.158770	
511	5.306618	5.209415	
512	4.844351	5.210842	
513	4.504839	5.160990	
514	3.651477	5.275974	
515	3.343722	4.933661	
516	2.825452	5.428371	
517	2.286893	5.185103	
518	1.566259	5.623881	
519	1.177672	5.555756	
520	0.872502	5.918775	
521	0.422379	5.757912	
522	-0.586328	6.353980	
523	-1.209423	6.460921	
524	-1.660334	6.286518	
525	-2.344541	6.451380	
526	-3.029681	6.383611	
527	-3.479810	5.929969	
528	-4.009621	6.046999	
529	-4.421932	6.397143	
530	-4.924337	5.559731	
531	-6.009137	5.572548	
532	-6.837598	6.166837	
533	-7.589377	7.294487	
534	-7.907432	7.114378	
535	-8.581930	6.492740	
536	-9.012779	7.321950	
537	-10.024050	7.430890	
538	-10.429311	7.329091	
539	-10.490647	7.790430	
540	-10.969110	7.622101	
541	-11.027727	7.199814	
542	-11.854189	7.996315	
543	-12.293948	8.063829	
544	-12.979523	8.216230	
545	-13.410955	7.916025	
546	-14.506743	8.248526	
547	-14.678659	8.233208	
548	-14.975830	8.653386	
549	-15.854426	8.793510	
550	-15.921040	8.110085	
551	-16.798641	8.732616	
552	-18.114916	9.808857	
553	-18.534892	9.518747	
554	-18.890410	9.329567	
555	-19.660977	9.764388	
556	-20.474800	9.664631	
557	-20.843631	9.199125	
558	-20.968986	9.080037	
559	-21.820551	8.876430	
560	-22.301925	9.052694	
561	-22.967833	8.786089	
562	-23.343635	8.984117	
563	-23.884926	9.008583	
564	-24.390920	8.944615	
565	-24.982693	8.856212	
566	-25.577076	9.025294	
567	-26.118923	9.331763	
568	-27.054382	10.073102	
569	-27.337535	9.600225	
570	-27.777021	9.652331	
571	-27.739979	9.411077	
572	-28.473216	10.713430	
573	-28.833496	10.348327	
574	-29.131934	9.016249	
575	-29.408869	9.347486	
576	-29.899968	8.540752	
577	-29.851726	7.660253	
578	-29.949304	7.482764	
579	-29.830156	7.178420	
580	-31.789715	13.253683	
581	-32.009281	12.997948	
582	-31.784055	11.387483	
583	-32.463685	9.864955	
584	-33.331435	12.555533	
585	-33.116028	9.453656	
586	-34.221844	13.722063	
587	-35.231057	15.615553	
588	-38.587096	23.103780	
589	-38.561876	21.051166	
590	-37.828162	20.167403	
591	-35.341314	13.459242	
592	-35.692995	13.498310	
593	-35.828685	13.513455	
594	-35.998417	13.069243	
595	-36.608689	14.116301	
596	-37.737839	16.523079	
597	-38.391671	16.164893	
598	-34.610855	5.856956	
599	-37.766508	14.091257	
600	-37.109624	9.807519	
601	-37.215856	11.995231	
602	-37.206030	11.359225	
603	-37.911162	11.918728	
604	-37.748974	11.390247	
605	-38.119133	11.195611	
606	-38.430634	11.853545	
607	-38.795723	11.847008	
608	-39.232019	12.252297	
609	-39.366474	12.426251	
610	-39.267217	12.090073	
611	-40.745429	14.031268	
612	-42.909888	17.810870	
613	-40.621803	13.100574	
614	-41.683414	15.070990	
615	-41.527437	14.607422	
616	-42.088617	14.367159	
617	-42.233655	14.414316	
618	-42.751471	14.539209	
619	-42.814948	14.400785	
620	-42.840886	14.334084	
621	-42.412558	14.006768	
622	-42.718388	13.299071	
623	-42.845189	13.161240	
624	-43.435751	13.720936	
625	-44.142369	14.325948	
626	-43.973588	14.238076	
627	-43.856673	14.330816	
628	-44.173295	14.303372	
629	-44.497482	14.522899	
630	-44.559080	14.247687	
631	-44.692596	13.965747	
632	-45.765107	14.721511	
633	-45.539670	14.597125	
634	-45.837421	15.023351	
635	-46.586211	15.194564	
636	-46.735063	14.733837	
637	-46.725675	14.764419	
638	-46.967435	14.618738	
639	-47.196860	14.840890	
640	-46.739173	14.533099	
641	-46.245951	13.131362	
642	-46.427613	13.420019	
643	-46.835341	13.468724	
644	-47.726205	14.035785	
645	-47.756347	15.090153	
646	-47.109976	13.473716	
647	-47.353856	13.751771	
648	-47.465453	14.405622	
649	-47.371131	13.731839	
650	-47.493204	13.896880	
651	-48.620593	15.450954	
652	-48.276801	14.821180	
653	-47.311865	13.705687	
654	-47.731876	13.881342	
655	-47.521206	13.471300	
656	-47.626031	13.973664	
657	-47.797098	13.969257	
658	-47.878163	14.073051	
659	-48.323561	14.769116	
660	-49.542247	16.393154	
661	-49.492136	16.363212	
662	-48.929878	15.792388	
663	-47.399065	13.340487	
664	-47.755471	13.991777	
665	-47.678431	13.904833	
666	-47.739667	13.716313	
667	-47.871555	14.004756	
668	-47.805475	13.771546	
669	-47.397845	13.475156	
670	-47.861337	13.757201	
671	-47.798027	13.608358	
672	-47.692666	13.376092	
673	-48.355924	14.214717	
674	-48.299458	14.477195	
675	-48.174412	13.656738	
676	-48.885548	14.782059	
677	-48.780235	14.520437	
678	-48.720986	14.513568	
679	-48.266221	13.645267	
680	-48.150925	12.978443	
681	-48.210294	13.105574	
682	-48.302831	13.199753	
683	-48.678574	13.536140	
684	-48.215049	12.916005	
685	-48.199451	13.128540	
686	-48.397558	13.232778	
687	-48.423699	13.685499	
688	-47.761264	12.382383	
689	-47.701083	12.979652	
690	-48.014514	12.639318	
691	-47.955232	12.660911	
692	-47.998538	12.716357	
693	-47.792212	13.229376	
694	-47.884110	12.669742	
695	-47.806961	13.231566	
696	-47.601514	13.276524	
697	-47.808613	13.076358	
698	-47.829584	13.084525	
699	-47.918884	13.110480	
700	-47.564499	12.481201	
701	-47.691155	12.821760	
702	-47.641590	12.932509	
703	-47.353919	13.129410	
704	-47.262729	12.638867	
705	-47.565797	12.775614	
706	-47.307674	13.202166	
707	-47.498779	13.225195	
708	-47.741147	14.332401	
709	-47.307844	12.839164	
710	-47.460726	13.075963	
711	-47.526599	13.669824	
712	-46.735164	12.094052	
713	-46.198448	9.899205	
714	-46.830705	13.811127	
715	-42.506293	9.912930	
716	-47.611971	14.159587	
717	-46.491705	13.512969	
718	-46.917857	13.592448	
719	-46.807209	13.492341	
720	-46.389120	13.527210	
721	-46.515035	13.580383	
722	-46.880870	13.778920	
723	-46.307883	13.929668	
724	-46.546051	14.450571	
725	-46.296715	14.252831	
726	-46.233119	14.125673	
727	-46.253174	14.021938	
728	-46.071722	13.541094	
729	-45.713963	12.804702	
730	-45.800048	13.016256	
731	-45.647324	13.122292	
732	-45.614174	13.356438	
733	-45.568804	13.016746	
734	-44.865470	11.955232	
735	-44.193064	12.087216	
736	-44.208675	11.665454	
737	-44.211982	12.321978	
738	-43.289602	11.264869	
739	-43.173870	11.532566	
740	-43.301713	12.451981	
741	-42.921447	11.783533	
742	-42.975451	11.754991	
743	-42.571987	11.780397	
744	-42.024460	11.412292	
745	-41.901440	11.826360	
746	-41.128384	10.836881	
747	-41.064043	10.069343	
748	-41.382069	11.783992	
749	-40.531164	9.984135	
750	-39.800228	8.985498	
751	-39.676302	9.086922	
752	-39.325590	8.405004	
753	-39.571941	13.485850	
754	-39.015948	12.460408	
755	-38.414973	12.611598	
756	-38.090235	12.154438	
757	-37.777813	12.113745	
758	-37.563162	10.871593	
759	-36.549800	5.745335	
760	-35.846338	7.993951	
761	-35.698497	10.166784	
762	-34.838121	5.425999	
763	-34.441465	6.241414	
764	-34.011850	7.357563	
765	-34.151008	10.349300	
766	-32.717347	5.767492	
767	-32.575483	7.948118	
768	-31.480534	7.721409	
769	-30.805319	6.827127	
770	-30.576535	7.189083	
771	-30.740318	8.194540	
772	-29.611214	6.897825	
773	-28.714407	6.715858	
774	-27.938436	6.628193	
775	-27.145774	6.190265	
776	-26.371761	6.063847	
777	-25.509413	5.906696	
778	-25.412654	5.657958	
779	-24.340656	5.187299	
780	-23.379802	4.833388	
781	-23.399229	4.215219	
782	-22.785950	4.989862	
783	-21.955989	5.114216	
784	-20.936172	4.753744	
785	-19.907858	4.431491	
786	-19.112068	3.961557	
787	-18.005206	3.739779	
788	-17.431869	4.244724	
789	-17.235513	4.624483	
790	-16.543491	4.247273	
791	-15.410253	3.896251	
792	-14.526796	4.411243	
793	-14.106666	4.235688	
794	-13.593494	4.150709	
795	-12.852302	4.506685	
796	-12.065597	4.368498	
797	-11.457273	4.326227	
798	-10.632761	4.423613	
799	-9.724759	4.305676	
800	-8.762404	4.011446	
801	-8.314466	4.006214	
802	-7.953711	4.097780	
803	-7.177860	4.096211	
804	-6.254451	4.412181	
805	-5.496388	4.471087	
806	-5.091992	4.878887	
807	-4.711752	5.104501	
808	-3.482260	4.284992	
809	-2.898019	4.211566	
810	-2.694673	4.462250	
811	-1.910337	4.044904	
812	-1.768805	4.909120	
813	-0.737230	5.037354	
814	-0.251649	4.593098	
815	0.685114	4.215396	
816	0.740411	4.214935	
817	1.589612	4.770413	
818	2.320290	4.365776	
819	2.884790	4.161799	
820	3.442677	3.360692	
821	4.088076	3.639702	
822	4.799113	3.257707	
823	5.653326	3.697304	
824	6.297983	3.485856	
825	6.476598	3.612740	
826	7.210768	4.001557	
827	8.819146	3.717236	
828	8.482535	3.736404	
829	9.042788	3.014615	
830	9.787460	3.023903	
831	10.586599	2.778092	
832	11.184776	2.156687	
833	11.471436	1.723788	
834	12.099992	1.661978	
835	12.834137	2.049088	
836	13.283747	1.263932	
837	13.707232	1.703505	
838	14.884231	1.279612	
839	15.355716	2.105279	
840	15.704418	1.666745	
841	15.996067	1.807733	
842	16.851202	2.218640	
843	17.658137	2.492793	
844	18.191168	2.061889	
845	19.006307	2.163995	
846	19.664103	1.950567	
847	19.809049	1.944369	
848	19.793904	1.894698	
849	20.688623	2.147405	
850	21.323557	2.216301	
851	21.948968	2.890533	
852	22.723761	2.169816	
853	23.120931	1.842605	
854	24.360331	2.231887	
855	24.498133	3.507150	
856	25.197890	5.306281	
857	25.128038	4.045910	
858	25.756485	1.950313	
859	26.320799	2.981549	
860	27.639334	1.790232	
861	27.781432	1.141348	
862	28.779118	1.518194	
863	29.191617	0.729271	
864	29.295522	1.399838	
865	29.581420	1.619188	
866	30.064629	2.235192	
867	30.589821	2.002091	
868	30.983430	1.516637	
869	31.484802	1.344403	
870	32.310839	1.503547	
871	32.466682	1.260821	
872	33.036701	0.934469	
873	33.637491	1.061041	
874	33.767655	1.157661	
875	34.104844	1.145656	
876	34.342500	0.351578	
877	34.974987	1.011248	
878	35.587181	0.877236	
879	35.755417	0.866137	
880	36.353855	0.632521	
881	36.992205	0.193693	
882	37.394067	0.401051	
883	37.387038	0.562144	
884	37.931651	-0.352442	
885	38.120416	0.854205	
886	38.711778	0.412218	
887	39.058917	0.003325	
888	39.060063	1.613562	
889	40.143889	0.466520	
890	40.430570	-0.105902	
891	40.781756	0.786652	
892	41.369557	0.809382	
893	41.461004	0.204257	
894	41.718345	0.341285	
895	42.050735	-0.024619	
896	42.369103	-0.125349	
897	42.567382	-0.214546	
898	42.918440	-0.437473	
899	43.257812	-0.315497	
900	43.600911	0.199298	
901	43.757581	0.108917	
902	44.274312	-0.366216	
903	44.538540	0.032561	
904	44.833196	0.286884	
905	45.604837	0.411893	
906	45.356210	-0.313328	
907	45.579629	-1.153255	
908	46.370843	0.124533	
909	45.871007	-1.470963	
910	46.638736	-1.019841	
911	47.376229	0.668686	
912	47.514682	-0.472209	
913	48.035298	0.279438	
914	48.083420	-0.318631	
915	48.414653	-1.337380	
916	48.520253	-0.730708	
917	48.490023	-1.090142	
918	49.214955	-0.873683	
919	49.528010	0.437803	
920	49.811585	-0.302550	
921	49.953225	-0.732978	
922	50.112850	-0.894717	
923	50.494624	-0.264982	
924	50.913190	-0.863693	
925	50.925957	-1.881187	
926	51.506180	-0.425851	
927	52.445068	0.064409	
928	51.981092	-0.063041	
929	52.339525	0.580974	
930	53.193649	0.138204	
931	52.706065	-0.085470	
932	52.235544	-2.168804	
933	53.946959	0.547666	
934	53.291428	-0.193001	
935	52.961005	-2.697377	
936	53.470028	-2.373176	
937	53.379173	-2.107592	
938	54.014491	-1.563016	
939	53.825839	4.103246	
940	53.940082	1.872636	
941	54.772925	-2.303101	
942	54.939613	-2.775760	
943	55.050389	-3.447612	
944	55.373018	-3.513872	
945	56.107595	-3.706301	
946	56.126508	-4.475294	
947	55.010118	-3.519894	
948	55.736715	-1.490427	
949	55.864802	-2.476490	
950	55.724026	-3.127665	
951	56.332303	-3.506757	
952	57.187734	-4.716441	
953	57.628593	-4.618350	
954	56.196389	0.049980	
955	56.558207	1.303107	
956	56.911178	-0.655039	
957	56.953538	-2.180981	
958	57.105550	-1.492851	
959	57.336993	-0.149037	
960	57.717402	-0.852071	
961	57.945839	-2.283902	
962	58.428329	-1.695531	
963	58.534174	-0.170808	
964	58.100217	-3.544013	
965	58.848125	-3.513557	
966	58.954164	-3.911312	
967	59.291499	-2.428381	
968	59.377922	-2.255335	
969	59.370190	-2.218592	
970	59.904615	-2.745580	
971	60.212016	-1.864016	
972	60.293893	-1.705256	
973	60.534337	-2.366590	
974	60.573145	-1.945348	
975	60.729078	-2.237651	
976	61.317828	-2.922160	
977	62.099443	0.200136	
978	62.281212	-0.534587	
979	62.640805	-0.814686	
980	62.735007	-1.449264	
981	62.737233	-1.271962	
982	62.691649	-0.932017	
983	62.964038	-0.702700	
984	62.994423	0.861155	
985	63.103251	0.121369	
986	63.205514	0.415274	
987	63.377493	0.550187	
988	63.415169	0.568699	
989	63.689281	0.385282	
990	63.851760	0.559374	
991	63.961837	0.363543	
992	64.747805	0.035293	
993	65.117944	0.640151	
994	64.669117	-0.051767	
995	64.990782	-0.224321	
996	64.841048	0.269954	
997	64.797905	-0.449556	
998	64.943727	-2.257178	
999	64.881611	-2.460777	
1000	64.883284	-3.844506	
1001	64.831632	-3.509470	
1002	65.018831	-2.007354	
1003	64.815844	-3.678732	
1004	65.062408	-2.057845	
1005	64.718408	-0.618001	
1006	64.859722	-1.126121	
1007	64.741004	0.233533	
1008	64.690355	0.782332	
1009	64.902584	-0.338093	
1010	65.052931	-0.612795	
1011	64.971040	-0.484583	
1012	65.235037	-0.770134	
1013	65.042551	0.857745	
1014	65.096852	0.571859	
1015	64.944991	1.773162	
1016	65.139011	0.549364	
1017	64.899135	8.438967	
1018	64.793895	7.129707	
1019	64.414212	8.485263	
1020	64.437733	8.827765	
1021	64.360205	8.889233	
1022	64.427960	8.527628	
1023	64.547120	6.298257	
1024	64.596854	8.509926	
1025	64.411981	9.089191	
1026	64.520051	8.405004	
1027	64.171880	7.977366	
1028	64.063014	7.085284	
1029	63.824041	7.539221	
1030	63.925668	4.860709	
1031	63.943642	-1.120575	
1032	63.684544	-0.579871	
1033	63.596387	-2.083599	
1034	63.480009	-2.099820	
1035	63.223468	0.044003	
1036	63.568274	-1.056467	
1037	63.502602	-2.092550	
1038	63.415063	0.454673	
1039	63.123339	-0.390569	
1040	63.163947	-0.001600	
1041	62.906455	0.449901	
1042	62.528563	0.383158	
1043	62.562403	0.716963	
1044	62.148149	-0.064112	
1045	61.701957	-0.857089	
1046	60.826157	-2.386854	
1047	60.862891	-2.305262	
1048	60.577345	-1.285533	
1049	60.447300	1.447165	
1050	60.176391	-0.874849	
1051	59.831161	-2.105814	
1052	59.775837	-1.427338	
1053	59.241305	-2.129097	
1054	58.720146	-1.105689	
1055	58.948674	-1.273687	
1056	58.668466	-2.283166	
1057	58.145074	-1.942715	
1058	57.972134	-2.057231	
1059	57.663649	-2.209715	
1060	57.364424	-2.009959	
1061	57.053878	-0.279709	
1062	57.491722	0.880867	
1063	57.177252	1.938377	
1064	56.677985	1.301711	
1065	56.155076	-1.054820	
1066	56.322614	-0.690601	
1067	55.746904	-0.781533	
1068	55.725977	-1.800947	
1069	55.619362	-0.229449	
1070	55.242134	-0.808665	
1071	54.944275	-0.518529	
1072	54.574313	2.066338	
1073	54.409349	0.631763	
1074	54.267038	0.338250	
1075	53.570619	0.991012	
1076	53.820991	0.451859	
1077	53.690311	0.145248	
1078	53.002700	1.874493	
1079	53.206272	2.177772	
1080	53.173378	2.580455	
1081	52.483863	2.021816	
1082	52.265981	1.771029	
1083	51.588551	1.632634	
1084	51.401882	1.098963	
1085	50.890356	0.907185	
1086	50.546576	1.747377	
1087	50.098886	1.494936	
1088	49.501420	1.855090	
1089	49.550660	1.731915	
1090	49.179731	2.158864	
1091	48.735298	2.762791	
1092	48.239635	2.345345	
1093	47.669859	2.879555	
1094	47.241626	2.291530	
1095	46.970477	2.971058	
1096	46.401167	2.024729	
1097	46.012927	1.801537	
1098	45.884159	1.667578	
1099	45.450722	1.631997	
1100	44.872294	1.657217	
1101	44.416008	1.821440	
1102	43.729279	1.758617	
1103	43.287149	1.593229	
1104	42.832552	2.819015	
1105	42.138138	2.103145	
1106	41.978822	2.044512	
1107	41.229371	2.158867	
1108	40.736498	1.642524	
1109	40.214871	1.346537	
1110	39.712526	1.862128	
1111	39.142072	2.375747	
1112	38.396790	2.398175	
1113	38.427533	2.281515	
1114	37.506631	1.749310	
1115	37.178768	1.915032	
1116	36.732355	2.644785	
1117	36.227558	1.870743	
1118	35.488024	2.180568	
1119	35.067228	2.172049	
1120	34.825411	3.032354	
1121	34.220529	2.827170	
1122	33.889155	2.112338	
1123	33.632409	2.286339	
1124	33.889074	2.429972	
1125	33.623928	3.168922	
1126	32.848450	3.473469	
1127	32.092368	3.427314	
1128	31.886060	3.575765	
1129	32.038538	3.136704	
1130	31.725551	3.691109	
1131	31.631875	4.076119	
1132	31.057585	3.589165	
1133	30.141208	5.444189	
1134	30.301592	4.930093	
1135	29.700776	3.727386	
1136	29.024897	4.886236	
1137	28.548986	3.849684	
1138	27.148487	4.852299	
1139	26.378238	5.891101	
1140	26.203594	6.122847	
1141	25.423623	5.906999	
1142	24.789238	5.468105	
1143	24.066050	6.202576	
1144	24.889670	5.371496	
1145	25.099658	6.707513	
1146	22.946771	7.040228	
1147	22.978241	6.804206	
1148	22.801409	6.277262	
1149	21.157974	8.565709	
1150	19.442892	12.783108	
1151	20.174886	8.286063	
1152	20.097375	5.867333	
1153	19.611226	6.064703	
1154	17.980913	7.004193	
1155	18.662784	6.367110	
1156	17.912497	5.731702	
1157	16.818287	6.150648	
1158	16.775038	5.637929	
1159	16.722957	5.805072	
1160	14.969016	6.220007	
1161	14.225811	6.334549	
1162	13.905959	6.522794	
1163	12.978402	6.152598	
1164	12.117638	6.013387	
1165	12.153380	6.671910	
1166	10.909113	6.316395	
1167	10.178793	5.961496	
1168	9.738227	6.587690	
1169	8.363378	6.863608	
1170	7.987510	6.125846	
1171	7.421462	6.460323	
1172	6.543398	6.672430	
1173	5.575117	6.208789	
1174	5.074790	7.180768	
1175	4.463909	6.671720	
1176	3.530464	6.090674	
1177	3.218961	7.151989	
1178	2.130022	7.511622	
1179	1.015202	7.249883	
1180	0.471020	7.224102	
1181	-0.164466	7.309457	
1182	-0.898997	7.532552	
1183	-2.049521	6.902920	
1184	-2.883101	6.755225	
1185	-4.074679	6.621032	
1186	-4.849280	6.909858	
1187	-5.016937	7.052174	
1188	-6.207771	7.275349	
1189	-7.208635	7.476901	
1190	-8.097321	7.100960	
1191	-8.979626	7.212525	
1192	-9.509692	7.192050	
1193	-10.131477	6.993286	
1194	-10.863922	6.712211	
1195	-12.401110	7.871735	
1196	-13.032829	7.734297	
1197	-13.447877	7.094128	
1198	-14.638313	7.383268	
1199	-14.298832	6.769460	
1200	-15.411482	7.475048	
1201	-16.711304	8.136352	
1202	-17.246085	8.163082	
1203	-17.335658	7.304520	
1204	-17.907357	7.618886	
1205	-19.093047	7.148038	
1206	-19.738076	7.514817	
1207	-20.782233	7.950397	
1208	-21.545517	7.756689	
1209	-22.595328	7.625665	
1210	-23.217076	8.160326	
1211	-24.041179	8.335555	
1212	-25.038231	8.181604	
1213	-25.177747	7.426451	
1214	-25.817046	6.762522	
1215	-26.849129	7.853158	
1216	-27.641015	8.137254	
1217	-28.163278	8.170952	
1218	-28.853677	8.232166	
1219	-29.846431	8.963280	
1220	-30.056297	8.962133	
1221	-31.539257	10.016758	
1222	-31.867897	9.800154	
1223	-31.925131	8.950704	
1224	-32.298574	8.574100	
1225	-32.750357	8.938542	
1226	-33.043693	8.514674	
1227	-33.352477	7.917329	
1228	-34.098766	9.170076	
1229	-34.389063	8.857707	
1230	-35.085348	9.268051	
1231	-35.719625	10.003602	
1232	-36.588560	10.836598	
1233	-36.698133	10.340376	
1234	-37.393936	11.352478	
1235	-36.652097	9.969179	
1236	-37.720047	11.278273	
1237	-37.968629	11.317305	
1238	-38.542358	11.537121	
1239	-39.266661	12.169318	
1240	-38.939978	11.386222	
1241	-39.108660	11.501040	
1242	-39.661473	11.600913	
1243	-39.772931	11.547597	
1244	-39.919300	11.625556	
1245	-39.936491	11.749243	
1246	-40.311203	11.403090	
1247	-40.653632	11.837246	
1248	-40.955342	12.058659	
1249	-40.763695	11.619617	
1250	-40.863258	11.405661	
1251	-41.498731	11.707977	
1252	-41.354783	11.298891	
1253	-41.668105	10.994615	
1254	-41.796469	11.278969	
1255	-42.020666	10.954333	
1256	-42.312295	11.149345	
1257	-42.690422	11.400228	
1258	-43.157917	11.605093	
1259	-43.493975	11.555936	
1260	-43.742590	11.620947	
1261	-44.014997	11.777816	
1262	-44.070859	11.588688	
1263	-44.464221	11.194777	
1264	-43.950223	10.472226	
1265	-44.173209	11.990761	
1266	-44.230982	12.452623	
1267	-44.882057	10.811117	
1268	-45.392335	10.360058	
1269	-45.391142	9.600972	
1270	-45.689022	10.106572	
1271	-45.674095	10.277842	
1272	-45.679787	10.471447	
1273	-46.031376	10.651575	
1274	-46.340467	10.465919	
1275	-46.663024	10.744960	
1276	-46.686900	10.593472	
1277	-46.197621	10.265676	
1278	-46.359854	9.868763	
1279	-46.798901	10.999658	
1280	-46.811018	10.936012	
1281	-46.830918	11.841062	
1282	-46.545234	9.120877	
1283	-46.687465	9.107745	
1284	-47.753496	15.865979	
1285	-47.604810	15.075968	
1286	-47.535136	15.056388	
1287	-47.731074	15.808781	
1288	-47.882633	16.533195	
1289	-46.579420	12.916897	
1290	-44.389358	5.949525	
1291	-44.921039	7.535495	
1292	-46.064178	11.183450	
1293	-48.704141	20.160509	
1294	-47.965509	16.372066	
1295	-47.354315	14.030003	
1296	-47.329297	13.609090	
1297	-48.368685	15.935216	
1298	-50.647915	21.891556	
1299	-46.949828	13.201833	
1300	-47.969805	14.757907	
1301	-47.380433	13.527968	
1302	-47.666431	14.635481	
1303	-47.548870	13.760584	
1304	-47.904635	14.657153	
1305	-47.786287	14.368247	
1306	-47.289268	14.498351	
1307	-47.242602	13.875979	
1308	-47.810736	14.659612	
1309	-47.513789	14.425189	
1310	-47.566194	14.062045	
1311	-47.799882	14.342270	
1312	-47.601331	13.901895	
1313	-48.108760	13.771125	
1314	-47.983395	13.907380	
1315	-48.403905	14.413599	
1316	-48.180130	13.864532	
1317	-48.817101	13.569386	
1318	-48.951746	13.743322	
1319	-48.528411	13.935737	
1320	-48.886276	15.490121	
1321	-48.409973	15.538241	
1322	-48.478123	15.785556	
1323	-48.410506	15.860087	
1324	-48.879441	16.116664	
1325	-48.413891	15.684299	
1326	-47.863479	14.462057	
1327	-48.375163	15.733210	
1328	-47.613986	14.117872	
1329	-47.896295	15.081996	
1330	-48.465417	16.117416	
1331	-48.176095	16.240420	
1332	-48.147150	15.819656	
1333	-48.091425	15.318999	
1334	-47.794008	14.751024	
1335	-46.412965	12.034769	
1336	-47.146135	13.492985	
1337	-46.833038	13.204448	
1338	-47.167957	13.238819	
1339	-47.038935	12.851773	
1340	-46.203289	11.802717	
1341	-46.975714	13.463539	
1342	-47.119485	14.197960	
1343	-47.238867	14.352682	
1344	-47.209026	13.605515	
1345	-46.650936	12.047186	
1346	-46.874749	13.178301	
1347	-47.380523	13.556334	
1348	-47.610603	14.150774	
1349	-47.159369	12.936916	
1350	-47.598191	13.596298	
1351	-47.780568	15.965230	
1352	-48.384937	15.836018	
1353	-48.214150	17.432817	
1354	-48.271576	16.426604	
1355	-47.989570	16.164080	
1356	-48.367959	17.370238	
1357	-47.427660	15.739641	
1358	-47.261896	15.597539	
1359	-47.624291	15.919017	
1360	-47.411133	15.999742	
1361	-47.856466	16.901367	
1362	-47.134409	15.385697	
1363	-46.856702	14.645929	
1364	-47.058019	14.858080	
1365	-47.062785	14.668135	
1366	-45.710872	11.154079	
1367	-46.760293	13.330087	
1368	-47.011317	11.890759	
1369	-46.476394	12.449891	
1370	-46.465395	12.401806	
1371	-46.787543	16.151230	
1372	-46.460933	15.318301	
1373	-46.510253	13.348288	
1374	-46.502035	13.583580	
1375	-46.607411	13.589359	
1376	-46.547679	13.591479	
1377	-46.262603	13.462155	
1378	-46.328153	14.189286	
1379	-46.718674	14.494134	
1380	-46.490374	14.304683	
1381	-46.370236	14.306881	
1382	-46.800986	14.544496	
1383	-46.406952	13.849942	
1384	-45.949596	13.266201	
1385	-45.840316	13.400763	
1386	-45.753612	13.428080	
1387	-45.979102	13.939656	
1388	-46.143036	14.177566	
1389	-46.253582	14.598919	
1390	-45.989487	14.577565	
1391	-45.830985	14.537475	
1392	-45.699875	14.780156	
1393	-45.646559	16.046579	
1394	-45.759839	16.407644	
1395	-45.371287	15.968914	
1396	-44.940624	14.987458	
1397	-44.410036	14.285061	
1398	-44.204188	13.407814	
1399	-44.108882	13.533791	
1400	-44.291749	13.466763	
1401	-43.492991	12.909562	
1402	-43.889511	14.524118	
1403	-43.460122	13.708858	
1404	-43.016492	13.125012	
1405	-43.184554	13.469323	
1406	-43.400879	14.043115	
1407	-43.222311	14.050203	
1408	-43.496637	15.318420	
1409	-43.547886	17.154962	
1410	-44.118889	18.481570	
1411	-43.706324	17.703778	
1412	-42.652238	15.944009	
1413	-45.375393	24.796775	
1414	-43.047179	18.075857	
1415	-41.879353	15.798153	
1416	-43.126457	18.604034	
1417	-40.797410	9.424997	
1418	-41.417066	14.647718	
1419	-41.059340	14.294797	
1420	-40.658198	14.928286	
1421	-40.290501	14.690562	
1422	-39.616669	13.377036	
1423	-39.133889	10.270425	
1424	-39.361432	14.605999	
1425	-39.253835	14.782138	
1426	-38.728797	13.488403	
1427	-37.756542	10.537615	
1428	-38.038121	13.213911	
1429	-37.227249	10.048663	
1430	-37.633332	14.474100	
1431	-36.923463	13.289569	
1432	-36.454064	13.179697	
1433	-35.700786	11.255371	
1434	-35.026665	9.123680	
1435	-35.559173	13.778200	
1436	-35.585791	9.025685	
1437	-34.511849	10.070443	
1438	-34.124619	9.958861	
1439	-34.141346	10.454044	
1440	-33.802587	10.573378	
1441	-32.872869	9.195316	
1442	-32.374684	8.894401	
1443	-31.647199	9.136796	
1444	-31.334635	8.815304	
1445	-31.054246	8.356143	
1446	-30.604677	7.754022	
1447	-29.915810	7.431764	
1448	-29.195254	7.406912	
1449	-28.783016	7.616319	
1450	-27.885968	7.266487	
1451	-27.360574	6.600063	
1452	-27.075687	7.192616	
1453	-26.548314	7.220542	
1454	-25.676860	6.614380	
1455	-25.386151	6.184112	
1456	-24.842982	6.152737	
1457	-23.916510	5.987743	
1458	-23.766323	5.696962	
1459	-22.907591	5.799976	
1460	-22.236952	5.520803	
1461	-21.402155	5.694481	
1462	-20.964562	6.075728	
1463	-20.938617	6.297061	
1464	-20.003334	5.586987	
1465	-19.165623	5.826704	
1466	-18.200730	5.535009	
1467	-17.413318	5.487968	
1468	-16.798928	4.712758	
1469	-16.276226	4.054310	
1470	-16.020716	4.912030	
1471	-15.216824	4.766851	
1472	-14.685025	4.614111	
1473	-13.808678	4.341890	
1474	-13.094127	4.273068	
1475	-12.606731	4.126477	
1476	-12.452449	4.404123	
1477	-12.492155	5.237752	
1478	-11.992489	5.079612	
1479	-10.995675	5.081533	
1480	-10.007095	4.646347	
1481	-9.818370	4.922663	
1482	-9.098314	4.742093	
1483	-8.846100	5.075842	
1484	-8.214965	4.280766	
1485	-8.009466	4.830875	
1486	-6.454229	4.139963	
1487	-6.216933	4.141731	
1488	-5.574995	3.448049	
1489	-4.790562	4.036634	
1490	-4.218755	4.429858	
1491	-3.475927	4.104509	
1492	-3.142250	4.076119	
1493	-2.278309	3.080289	
1494	-1.904744	2.662923	
1495	-1.131438	3.840111	
1496	-0.523011	3.852111	
1497	-0.117898	2.498327	
1498	1.119475	2.484579	
1499	1.657670	2.162492	
1500	1.733690	2.635977	
1501	2.188270	3.417490	
1502	2.872095	3.120169	
1503	3.453115	3.249744	
1504	4.446382	3.019781	
1505	5.050705	3.167523	
1506	5.297839	3.175243	
1507	6.110002	2.864042	
1508	6.677233	2.578739	
1509	7.298493	1.821956	
1510	7.668726	1.804806	
1511	8.280990	0.983694	
1512	9.176331	0.292303	
1513	9.992800	0.483749	
1514	10.599840	0.237372	
1515	11.033481	0.717466	
1516	12.148870	0.309463	
1517	12.344860	0.169274	
1518	13.045109	1.025599	
1519	13.768430	0.688195	
1520	14.654567	0.294324	
1521	14.938898	0.902256	
1522	15.528825	0.733617	
1523	15.948044	0.323524	
1524	16.462768	0.033105	
1525	17.702422	1.282259	
1526	17.860891	0.838052	
1527	18.470932	0.804536	
1528	19.123361	0.922327	
1529	19.702304	0.637708	
1530	20.639272	0.019834	
1531	20.470942	0.431386	
1532	21.226949	1.046484	
1533	21.556381	0.540615	
1534	21.892485	0.411130	
1535	22.525511	-0.512048	
1536	23.325381	0.348246	
1537	23.939210	-0.056325	
1538	24.713822	0.316424	
1539	24.998497	0.314206	
1540	25.926809	0.240509	
1541	26.003811	0.237706	
1542	26.700873	0.370102	
1543	27.079865	0.094042	
1544	27.856346	0.591974	
1545	28.130222	-0.267637	
1546	29.178696	-0.277914	
1547	29.151541	-0.354674	
1548	29.187637	-0.303343	
1549	29.899616	-0.423867	
1550	31.146530	-0.479710	
1551	30.890374	-0.887677	
1552	32.239437	-0.570368	
1553	32.672183	-0.194135	
1554	33.311246	0.101424	
1555	34.108063	0.075832	
1556	34.387635	0.836447	
1557	34.814146	-0.374057	
1558	35.754903	1.312609	
1559	37.267262	2.842900	
1560	38.320417	3.246895	
1561	39.438772	3.851346	
1562	38.792023	3.372841	
1563	40.531065	4.514498	
1564	40.502544	3.725932	
1565	39.458199	1.209145	
1566	40.516206	1.558582	
1567	42.061809	4.456430	
1568	42.760036	4.093728	
1569	42.178987	1.779377	
1570	43.901825	4.535549	
1571	42.066135	0.853083	
1572	41.405579	-0.901897	
1573	43.764315	1.910009	
1574	44.181268	1.770776	
1575	44.820635	2.034476	
1576	45.336376	1.989537	
1577	46.237676	2.415309	
1578	45.553598	1.168846	
1579	44.860300	-0.603735	
1580	46.372023	1.257305	
1581	45.570800	-1.037436	
1582	48.002618	3.811171	
1583	48.202541	3.926302	
1584	48.306282	1.832550	
1585	47.174275	-0.174551	
1586	47.768681	-0.029890	
1587	48.073380	0.472684	
1588	48.942495	0.581201	
1589	49.999342	1.146024	
1590	52.481780	1.866234	
1591	50.049171	-0.273967	
1592	50.343217	0.169133	
1593	51.079625	-0.177723	
1594	50.784580	-0.278106	
1595	51.243128	-0.577855	
1596	52.175563	-0.287476	
1597	52.345175	-0.187231	
1598	52.919926	-0.521784	
1599	53.355613	-1.028194	
1600	53.768111	-1.158176	
1601	54.298989	-0.876499	
1602	54.303015	-2.149697	
1603	55.286085	-1.299214	
1604	55.715042	-1.744518	
1605	56.196584	-2.107428	
1606	56.702300	-3.491276	
1607	56.663321	-2.422627	
1608	57.545208	-2.291795	
1609	57.873487	-1.268539	
1610	58.734527	-0.431260	
1611	58.671962	-4.162595	
1612	60.241561	2.971934	
1613	58.685447	-2.193790	
1614	59.246513	-3.353925	
1615	59.684669	-1.570185	
1616	59.860590	-1.592785	
1617	60.573797	-3.865607	
1618	60.754047	-1.144244	
1619	61.329208	-2.408532	
1620	61.915755	-2.175600	
1621	62.601558	-3.895796	
1622	63.285979	-0.180875	
1623	63.276815	1.143065	
1624	63.227944	0.134565	
1625	64.487723	-0.030817	
1626	64.878952	2.385352	
1627	64.864527	1.558099	
1628	65.158543	-0.264292	
1629	65.240556	1.603071	
1630	65.624928	4.546516	
1631	65.864327	2.818150	
1632	65.916636	4.036825	
1633	65.742021	3.074220	
1634	66.178168	6.772483	
1635	66.597155	6.206964	
1636	66.257549	3.939734	
1637	67.475330	6.793579	
1638	68.253888	11.231967	
1639	67.907052	12.961199	
1640	68.417283	10.613159	
1641	68.312066	7.561538	
1642	68.024995	5.082752	
1643	68.541799	5.093375	
1644	68.930127	4.807024	
1645	69.226498	6.269814	
1646	69.280699	15.255436	
1647	69.862327	14.365404	
1648	69.674765	15.687273	
1649	70.189176	12.441726	
1650	70.716068	5.654476	
1651	70.979562	21.120545	
1652	70.881050	15.616662	
1653	71.348585	15.399066	
1654	71.323249	14.315582	
1655	70.785852	13.434541	
1656	71.640410	13.099114	
1657	72.270103	16.489120	
1658	72.361358	16.635114	
1659	73.011979	13.130163	
1660	73.241741	7.288501	
1661	72.377086	17.094893	
1662	72.970651	11.607957	
1663	73.711613	1.928228	
1664	74.215132	4.080370	
1665	74.203869	2.971865	
1666	74.115627	3.977963	
1667	74.577520	5.213077	
1668	76.560889	13.865885	
1669	74.523931	4.432270	
1670	75.581890	5.465624	
1671	75.280070	2.069762	
1672	75.125057	2.598184	
1673	76.089620	4.837994	
1674	76.272303	1.185124	
1675	76.121167	3.480697	
1676	75.914846	2.169578	
1677	76.498531	1.225406	
1678	77.231443	1.685621	
1679	77.500972	3.439659	
1680	77.782427	3.386839	
1681	78.510608	25.976513	
1682	79.973227	29.299866	
1683	77.996587	-2.477019	
1684	77.828274	10.873315	
1685	78.007864	20.014965	
1686	78.246281	5.039490	
1687	78.354191	3.591022	
1688	78.131209	2.201694	
1689	78.866195	9.465777	
1690	78.606712	4.722030	
1691	78.955064	8.986267	
1692	78.993343	4.543574	
1693	78.970996	5.131646	
1694	79.588061	8.802735	
1695	79.575273	15.225203	
1696	80.254461	30.738979	
1697	79.982927	11.997345	
1698	79.365137	33.967062	
1699	79.308025	30.253324	
1700	79.492935	27.849730	
1701	79.772431	19.936734	
1702	79.577278	19.689543	
1703	79.709706	23.467647	
1704	79.957704	19.527454	
1705	80.270053	20.531819	
1706	80.366370	22.582945	
1707	80.674952	24.151855	
1708	80.761749	23.034807	
1709	80.666410	25.913728	
1710	80.559436	23.814093	
1711	81.099172	23.520570	
1712	80.955426	23.809421	
1713	81.015039	24.589018	
1714	81.087756	24.855654	
1715	81.275711	25.268049	
1716	81.667743	29.744548	
1717	81.371669	23.739479	
1718	81.466752	26.057502	
1719	81.390622	26.435420	
1720	80.923831	21.457858	
1721	80.598879	13.795242	
1722	80.059310	10.076355	
1723	79.808744	13.285213	
1724	80.181690	10.413525	
1725	80.855802	17.627759	
1726	80.860924	17.844526	
1727	80.623452	23.519703	
1728	80.128917	12.225862	
1729	80.008965	12.331529	
1730	80.246105	32.093321	
1731	80.662271	25.477490	
1732	80.379339	20.844816	
1733	79.936922	30.528637	
1734	79.561383	12.791439	
1735	80.242169	16.892493	
1736	80.130513	22.169183	
1737	79.603651	26.810329	
1738	79.012485	6.148119	
1739	78.450806	6.059968	
1740	78.713423	6.934083	
1741	78.555816	8.040238	
1742	78.218331	8.969227	
1743	77.905442	18.848753	
1744	77.501340	4.313271	
1745	77.663606	0.261325	
1746	77.273407	6.395015	
1747	77.050409	18.055632	
1748	77.012314	12.094761	
1749	76.922297	2.521013	
1750	77.569061	11.616312	
1751	76.925954	11.513080	
1752	76.228709	14.200788	
1753	75.675933	2.842615	
1754	75.699873	4.140110	
1755	75.138017	4.309580	
1756	74.628510	3.093320	
1757	75.192068	5.351913	
1758	74.629277	3.631809	
1759	74.356902	7.481124	
1760	74.092983	3.085327	
1761	73.910739	3.078572	
1762	73.552445	8.420970	
1763	73.822375	9.392252	
1764	73.101233	3.394402	
1765	73.752679	9.659019	
1766	71.717942	12.643701	
1767	71.842515	2.263660	
1768	70.213567	-3.705423	
1769	70.390525	1.613302	
1770	69.458257	9.571141	
1771	69.925381	3.930099	
1772	69.701917	4.819649	
1773	68.921947	3.966154	
1774	69.896529	8.663952	
1775	69.344876	4.010234	
1776	69.219087	8.840163	
1777	68.210123	6.139807	
1778	68.210063	7.543514	
1779	67.632620	6.468795	
1780	67.124362	8.364901	
1781	66.953703	8.908646	
1782	65.421534	15.477529	
1783	65.617211	9.354982	
1784	65.768413	7.365838	
1785	65.004590	16.915738	
1786	64.518579	14.304094	
1787	64.770291	13.003162	
1788	63.973132	6.787408	
1789	64.908253	9.568961	
1790	63.751161	8.798412	
1791	64.133674	11.667749	
1792	62.852693	8.501839	
1793	63.298226	9.231979	
1794	62.768191	8.561072	
1795	61.850190	7.338857	
1796	60.910748	5.645976	
1797	60.208595	3.345773	
1798	59.070414	2.806281	
1799	59.153192	4.258144	
1800	58.189183	0.904371	
1801	58.623754	5.440341	
1802	57.763617	4.049465	
1803	57.130235	5.166578	
1804	57.111885	8.410374	
1805	56.669975	6.318185	
1806	56.369151	6.093663	
1807	55.813931	6.154954	
1808	54.778369	4.422816	
1809	54.702151	7.002132	
1810	55.141702	6.665311	
1811	53.809863	4.814478	
1812	53.319530	4.526370	
1813	52.516885	4.241501	
1814	54.426306	7.452801	
1815	53.776790	5.658304	
1816	51.894697	3.930781	
1817	51.256929	4.366364	
1818	51.131673	6.436362	
1819	51.625235	9.790839	
1820	51.225762	10.447720	
1821	50.823104	6.090617	
1822	50.357498	7.289428	
1823	49.628223	6.681635	
1824	49.508375	6.981843	
1825	48.872196	8.552973	
1826	48.465480	12.357913	
1827	48.214218	8.912580	
1828	47.530643	9.344956	
1829	46.518009	7.594917	
1830	45.187281	5.167766	
1831	46.442015	9.582123	
1832	45.543135	7.138688	
1833	44.507482	7.244041	
1834	43.545210	5.835597	
1835	44.123511	8.097722	
1836	42.264417	5.836934	
1837	44.204837	8.968800	
1838	43.096129	10.196622	
1839	42.965943	9.629552	
1840	42.401694	9.266320	
1841	42.237634	9.826710	
1842	41.690483	10.132103	
1843	41.336700	11.115762	
1844	41.295431	10.810627	
1845	40.259339	9.752843	
1846	39.727336	10.763483	
1847	39.003060	9.030743	
1848	38.772900	8.893687	
1849	38.492600	10.251734	
1850	37.925893	10.893738	
1851	37.613549	10.134083	
1852	37.351031	11.297099	
1853	36.911441	11.193817	
1854	36.560154	10.425026	
1855	35.685682	10.500040	
1856	35.270429	11.320499	
1857	34.757660	11.845220	
1858	34.629580	12.073223	
1859	33.960728	12.596796	
1860	32.998818	13.234604	
1861	32.897492	17.269055	
1862	32.082872	13.942134	
1863	31.711783	14.491886	
1864	31.134931	13.574424	
1865	30.639901	14.733252	
1866	29.623547	14.352613	
1867	28.542162	13.283433	
1868	27.843180	14.426949	
1869	26.502279	12.708154	
1870	25.138750	12.368277	
1871	24.687728	10.794096	
1872	24.675596	10.067402	
1873	23.845827	9.402375	
1874	23.113983	8.584891	
1875	23.218466	8.891369	
1876	22.130776	6.958833	
1877	21.881443	6.390469	
1878	20.686023	7.629530	
1879	20.462169	7.442380	
1880	19.451538	7.405177	
1881	18.769095	7.948273	
1882	19.039049	7.539120	
1883	18.232971	8.072318	
1884	17.122671	8.789756	
1885	17.277216	8.373293	
1886	16.481053	8.585836	
1887	16.917976	9.243858	
1888	15.963634	9.789977	
1889	15.485921	9.133455	
1890	15.605210	9.067133	
1891	15.328928	9.216299	
1892	14.622044	9.618793	
1893	14.544447	9.548672	
1894	14.532135	9.106441	
1895	13.595955	9.144977	
1896	13.127116	9.718916	
1897	12.884270	9.198931	
1898	12.339788	8.751722	
1899	11.817351	9.226649	
1900	11.715586	9.118624	
1901	10.879493	9.806660	
1902	10.113834	9.823988	
1903	9.893306	9.794708	
1904	9.006679	9.560313	
1905	8.684042	8.583796	
1906	7.802992	8.518004	
1907	7.370148	8.253087	
1908	6.559674	8.082164	
1909	5.978149	7.795365	
1910	5.403021	8.139224	
1911	4.855957	7.929820	
1912	3.830499	8.314339	
1913	3.593268	8.253745	
1914	3.249897	8.185425	
1915	2.187861	8.391241	
1916	1.797816	7.963280	
1917	1.923774	6.851737	
1918	0.840346	7.963148	
1919	0.590876	7.841719	
1920	0.367518	7.009626	
1921	-0.112451	6.922784	
1922	-1.095867	6.625041	
1923	-1.825498	7.534527	
1924	-2.017386	7.243427	
1925	-3.002644	7.092911	
1926	-3.810618	7.622622	
1927	-4.117830	7.149324	
1928	-4.344458	7.096739	
1929	-5.126745	6.919606	
1930	-5.834565	6.276920	
1931	-6.807007	7.336476	
1932	-7.991766	7.460658	
1933	-8.123971	7.076604	
1934	-9.482376	7.784433	
1935	-10.131097	7.659824	
1936	-10.542035	7.576432	
1937	-11.212027	7.705430	
1938	-11.776526	7.938227	
1939	-12.284121	7.844346	
1940	-12.790221	7.323041	
1941	-13.386312	6.721974	
1942	-14.078141	6.490131	
1943	-14.584875	6.303867	
1944	-15.779669	7.044369	
1945	-16.043714	5.840427	
1946	-17.063468	7.232063	
1947	-18.237803	7.764736	
1948	-18.694184	7.116225	
1949	-18.671288	7.282998	
1950	-19.739577	6.901834	
1951	-20.596739	7.078062	
1952	-21.113444	7.376891	
1953	-21.573829	7.490042	
1954	-22.469966	6.885881	
1955	-22.963963	7.747997	
1956	-23.424917	7.651544	
1957	-24.283297	8.401894	
1958	-24.791512	8.904699	
1959	-25.761268	8.750543	
1960	-26.391752	8.696472	
1961	-26.995485	9.159533	
1962	-27.663163	9.357720	
1963	-28.292313	9.583516	
1964	-29.182590	10.834385	
1965	-28.921866	9.848674	
1966	-29.354985	9.916697	
1967	-29.554400	9.714628	
1968	-30.189759	9.875356	
1969	-30.501003	9.442967	
1970	-30.977623	9.675016	
1971	-31.501329	9.915613	
1972	-31.879293	9.647343	
1973	-31.976053	9.766269	
1974	-32.068727	9.654923	
1975	-33.039091	9.967477	
1976	-33.276556	10.064038	
1977	-33.614692	10.305165	
1978	-34.550757	10.402772	
1979	-34.795013	10.415583	
1980	-35.136518	10.122826	
1981	-35.180642	9.909889	
1982	-36.500417	10.954071	
1983	-37.358319	11.754410	
1984	-37.391740	10.725609	
1985	-37.726261	10.520873	
1986	-38.120952	11.343966	
1987	-38.683238	11.324618	
1988	-39.394957	11.067600	
1989	-39.959845	10.785798	
1990	-40.480017	12.517203	
1991	-41.033344	14.872804	
1992	-40.601013	11.277304	
1993	-41.445029	15.301578	
1994	-41.904490	15.583788	
1995	-42.023195	14.422440	
1996	-42.022419	11.971775	
1997	-42.841938	16.084533	
1998	-42.560259	14.763138	
1999	-43.347874	15.492868	
2000	-43.479926	14.837179	
2001	-43.258600	9.822219	
2002	-43.344291	10.783984	
2003	-43.701997	14.951540	
2004	-43.500654	13.699865	
2005	-44.327804	14.966370	
2006	-44.027968	14.685217	
2007	-44.462800	15.017429	
2008	-44.216206	14.492915	
2009	-44.424415	14.125269	
2010	-44.120674	12.978390	
2011	-41.849268	6.467133	
2012	-43.376304	10.554802	
2013	-45.979140	16.102160	
2014	-42.204578	5.610559	
2015	-42.928170	9.626949	
2016	-42.265810	8.140312	
2017	-42.338684	7.383880	
2018	-42.557776	7.837535	
2019	-42.435727	7.720696	
2020	-42.815912	8.512669	
2021	-43.676904	10.703621	
2022	-43.644789	10.790267	
2023	-44.125993	12.290343	
2024	-44.484203	13.028686	
2025	-43.919153	12.899661	
2026	-43.840228	12.666553	
2027	-43.701315	12.368226	
2028	-43.535467	12.073820	
2029	-43.752647	11.985338	
2030	-44.130278	11.917916	
2031	-43.961629	11.892952	
2032	-44.100133	12.144477	
2033	-44.778029	13.989505	
2034	-45.152388	14.474788	
2035	-44.355797	11.361735	
2036	-44.447820	11.360614	
2037	-44.883355	11.949714	
2038	-44.809123	12.184948	
2039	-44.532863	10.964021	
2040	-45.676291	14.083516	
2041	-45.892132	15.920079	
2042	-45.794496	14.930694	
2043	-45.803840	14.539743	
2044	-45.799997	14.687037	
2045	-46.552118	15.989023	
2046	-46.652686	15.837749	
2047	-46.400402	15.250668	
2048	-46.388549	15.182454	
2049	-46.356959	15.325581	
2050	-46.426555	15.585689	
2051	-46.563145	15.541780	
2052	-46.599636	15.503341	
2053	-46.493144	15.360135	
2054	-46.135959	15.395108	
2055	-46.144386	15.069494	
2056	-46.430366	14.899235	
2057	-46.103316	14.871322	
2058	-45.375320	14.418894	
2059	-45.935142	14.668057	
2060	-45.500010	13.888383	
2061	-45.068788	12.903341	
2062	-45.231616	13.418286	
2063	-44.899878	12.471718	
2064	-45.480512	13.433802	
2065	-45.544673	13.852954	
2066	-46.639001	16.023484	
2067	-46.445705	15.252414	
2068	-46.093494	14.791097	
2069	-46.052964	14.887729	
2070	-46.093635	14.420534	
2071	-46.730960	15.823138	
2072	-48.800911	20.849525	
2073	-48.855762	20.187334	
2074	-49.116497	20.770953	
2075	-48.955077	20.681771	
2076	-48.331173	19.296013	
2077	-46.119764	14.256618	
2078	-47.021270	16.442661	
2079	-48.449357	20.726015	
2080	-46.380347	17.501969	
2081	-46.528350	18.119708	
2082	-46.407136	17.256403	
2083	-46.430066	16.171766	
2084	-46.452323	18.197697	
2085	-46.333956	18.104102	
2086	-46.423446	17.849051	
2087	-46.158493	15.790919	
2088	-46.144364	16.270490	
2089	-45.928197	15.902152	
2090	-45.530150	14.959191	
2091	-45.669880	15.393098	
2092	-45.732588	15.576209	
2093	-45.958326	16.064835	
2094	-46.064551	16.253845	
2095	-46.069576	16.149333	
2096	-46.177859	16.245085	
2097	-46.230852	16.059149	
2098	-45.772824	15.044631	
2099	-45.667873	15.307038	
2100	-45.697203	15.490149	
2101	-45.846178	15.823482	
2102	-45.790140	15.711657	
2103	-45.693051	15.946844	
2104	-45.747961	15.427960	
2105	-44.844972	11.442561	
2106	-45.037889	11.915963	
2107	-44.889466	11.467588	
2108	-45.010491	12.166431	
2109	-45.901696	15.709696	
2110	-45.911997	16.342073	
2111	-45.954349	16.382925	
2112	-45.854392	15.694527	
2113	-45.912563	14.717260	
2114	-45.871332	15.956617	
2115	-45.751522	14.841992	
2116	-45.162795	11.798132	
2117	-44.718602	10.221445	
2118	-44.578987	10.394863	
2119	-46.249109	14.676640	
2120	-48.787326	21.554159	
2121	-44.441791	9.359537	
2122	-44.873701	10.699803	
2123	-44.871162	10.508400	
2124	-44.932710	10.688844	
2125	-44.409280	9.503892	
2126	-44.944377	10.888671	
2127	-45.292738	11.881851	
2128	-45.606937	11.962307	
2129	-45.453181	12.045201	
2130	-45.706960	12.705078	
2131	-45.677187	12.849531	
2132	-45.457778	11.792795	
2133	-45.620317	12.652115	
2134	-45.435478	11.915425	
2135	-45.598724	12.305975	
2136	-45.647090	12.270312	
2137	-45.323172	11.265893	
2138	-45.727799	12.118555	
2139	-45.561785	11.938756	
2140	-45.827972	12.620820	
2141	-45.799342	12.704278	
2142	-45.869813	12.745295	
2143	-46.001707	12.380188	
2144	-45.925746	12.603327	
2145	-45.909674	12.128607	
2146	-45.693308	12.222942	
2147	-46.488441	14.553396	
2148	-48.401505	20.572436	
2149	-48.206463	20.201755	
2150	-47.227120	17.029045	
2151	-45.258081	10.761947	
2152	-47.548433	19.473427	
2153	-47.235743	18.099797	
2154	-47.187585	18.107824	
2155	-47.080745	17.742425	
2156	-47.033804	17.457575	
2157	-46.999364	17.537509	
2158	-47.007224	17.509381	
2159	-47.087420	17.731017	
2160	-47.036697	17.212934	
2161	-46.981418	17.399277	
2162	-47.004863	17.388864	
2163	-46.839775	17.598937	
2164	-47.109390	18.150197	
2165	-47.026055	17.790645	
2166	-47.027477	18.124131	
2167	-47.086414	17.526767	
2168	-48.108233	21.321800	
2169	-50.933424	30.050074	
2170	-46.624926	16.368938	
2171	-47.131681	18.133253	
2172	-46.572224	17.429346	
2173	-46.850528	18.193181	
2174	-46.789193	17.803770	
2175	-47.041646	18.213500	
2176	-46.794435	17.815752	
2177	-48.152305	21.173013	
2178	-50.803878	30.189908	
2179	-45.825873	14.318698	
2180	-48.233351	21.828074	
2181	-50.763339	27.964285	
2182	-46.486316	14.905933	
2183	-46.185344	15.373311	
2184	-44.689975	9.894175	
2185	-46.328048	15.644833	
2186	-46.631665	15.781421	
2187	-46.310893	15.845898	
2188	-46.522591	15.576421	
2189	-46.675963	16.211238	
2190	-46.575782	15.544488	
2191	-46.806292	17.622609	
2192	-51.275486	29.893395	
2193	-49.016818	23.409865	
2194	-46.649189	16.899953	
2195	-49.122863	23.775659	
2196	-45.941611	13.216826	
2197	-46.975904	16.405744	
2198	-46.186545	15.160009	
2199	-46.935198	16.329752	
2200	-49.426841	24.843888	
2201	-45.797288	13.997827	
