Athlete_Engineering	// User ID
11-2-2021	// Evaluation date
P010_SQUAT	27-1-2021	16:02:46:250	// Source file name and timestamp
250.000	// Sampling rate
8.291	// Data capture period



Sample #	Right_Leg_Flexion	Right_Leg_Abduction	
0	-61.193742	24.612466	
1	-61.232971	24.418602	
2	-60.951422	24.218787	
3	-61.467977	24.633061	
4	-61.170585	24.368965	
5	-60.907916	24.227412	
6	-61.286284	24.277766	
7	-61.222914	24.077955	
8	-61.015494	24.007030	
9	-61.674636	24.461648	
10	-61.820898	24.438716	
11	-61.743360	24.092132	
12	-61.522950	24.142270	
13	-61.187912	23.981281	
14	-62.234298	24.346832	
15	-61.805439	24.505737	
16	-62.041528	24.435543	
17	-61.128178	24.082472	
18	-61.064793	24.190797	
19	-61.662082	24.322192	
20	-61.333665	24.275389	
21	-62.124063	24.589569	
22	-61.378054	24.164916	
23	-60.804652	23.917137	
24	-60.928422	23.945222	
25	-60.976914	23.750857	
26	-60.623736	23.814128	
27	-61.502027	24.096746	
28	-62.382123	24.212240	
29	-61.370272	24.034897	
30	-60.819328	23.686204	
31	-61.334765	23.862137	
32	-60.999084	23.705738	
33	-61.551195	23.858358	
34	-61.858035	24.176043	
35	-61.585514	24.316565	
36	-61.425319	24.211178	
37	-60.882003	23.691469	
38	-61.595309	24.241920	
39	-61.910870	24.153652	
40	-61.947071	23.912301	
41	-61.926779	24.167525	
42	-61.253283	23.829017	
43	-61.211442	23.925701	
44	-62.142060	24.296324	
45	-61.951485	23.921649	
46	-62.022083	23.941204	
47	-61.365759	23.843012	
48	-61.271303	23.801160	
49	-61.256398	23.551141	
50	-60.629046	23.124023	
51	-60.708531	23.030814	
52	-60.593138	22.821454	
53	-60.675792	23.023015	
54	-60.382237	22.824868	
55	-60.223102	22.519252	
56	-60.306600	22.665248	
57	-60.122053	22.798299	
58	-60.083987	22.923293	
59	-60.533928	22.778397	
60	-60.217824	22.425370	
61	-59.434271	22.354038	
62	-59.339299	22.113976	
63	-59.603375	21.897746	
64	-59.346825	21.922913	
65	-59.353909	21.910191	
66	-59.360814	21.737152	
67	-58.929165	21.405709	
68	-59.042707	21.372727	
69	-59.144135	21.628316	
70	-59.102514	21.692583	
71	-58.909790	21.218234	
72	-58.784998	21.342714	
73	-58.586049	21.229413	
74	-58.233781	20.685817	
75	-58.287008	20.875671	
76	-58.425367	20.839635	
77	-58.156050	20.436014	
78	-57.806140	20.595705	
79	-57.927611	20.740250	
80	-57.525079	20.364737	
81	-57.517512	20.089853	
82	-57.341484	19.774258	
83	-56.891337	19.573213	
84	-56.868298	20.113827	
85	-56.298523	19.928939	
86	-56.134695	19.619539	
87	-56.028024	19.749780	
88	-56.048931	19.576173	
89	-56.105320	19.138082	
90	-57.516039	19.323797	
91	-57.457431	19.342961	
92	-55.812915	18.957995	
93	-56.387123	19.310184	
94	-55.760128	19.103155	
95	-56.206620	19.308692	
96	-56.644050	19.295544	
97	-55.039769	18.654005	
98	-56.146041	18.854787	
99	-55.518727	18.700833	
100	-54.195510	18.279936	
101	-54.348340	18.490766	
102	-53.381174	18.545359	
103	-55.010134	18.562535	
104	-54.898479	18.390130	
105	-53.149018	18.211765	
106	-52.945708	18.445021	
107	-52.197869	18.262280	
108	-53.919600	18.527355	
109	-53.579400	18.182743	
110	-53.086071	18.166159	
111	-52.399704	18.644695	
112	-50.765470	17.632067	
113	-51.276227	17.211392	
114	-50.792253	17.160484	
115	-50.719903	17.005083	
116	-50.428061	16.923660	
117	-49.885441	16.577476	
118	-49.694910	16.482292	
119	-49.304037	16.456458	
120	-49.053643	16.021887	
121	-48.475163	15.901494	
122	-47.709998	16.281414	
123	-47.947420	16.240898	
124	-48.072017	15.839386	
125	-47.768432	15.508730	
126	-47.403024	15.278330	
127	-46.670795	15.183633	
128	-45.878416	15.001852	
129	-46.722879	15.109940	
130	-45.998286	14.768795	
131	-44.439223	14.689293	
132	-43.892858	14.882394	
133	-42.974448	13.659582	
134	-42.889965	13.773585	
135	-41.984511	13.423237	
136	-41.393058	12.409622	
137	-41.235163	12.221223	
138	-40.713238	12.531939	
139	-41.152892	13.810649	
140	-40.929668	12.617359	
141	-39.467347	11.554123	
142	-38.904564	12.220971	
143	-38.710828	12.940432	
144	-38.256350	11.988256	
145	-37.712415	11.240274	
146	-36.796138	10.874003	
147	-37.041061	11.717701	
148	-36.732881	13.056379	
149	-35.903855	12.270884	
150	-35.046331	12.460887	
151	-33.754839	10.884568	
152	-32.953949	9.583118	
153	-32.480779	9.393698	
154	-32.345013	9.875029	
155	-31.566344	10.012878	
156	-30.318093	8.687513	
157	-29.679059	9.486351	
158	-29.230250	10.192386	
159	-29.033187	9.289834	
160	-28.466373	8.363140	
161	-27.128657	8.385614	
162	-26.322266	7.908959	
163	-25.985905	8.268526	
164	-25.489030	8.547304	
165	-24.865910	7.529890	
166	-24.075581	8.826866	
167	-23.397014	10.073160	
168	-23.122394	9.828295	
169	-22.228911	8.993940	
170	-21.472815	8.903321	
171	-21.169141	9.896939	
172	-21.066991	9.569560	
173	-20.142894	9.107110	
174	-19.064370	8.163537	
175	-18.710675	7.071278	
176	-18.000328	7.964443	
177	-17.388132	8.983192	
178	-16.526630	9.302702	
179	-15.511350	8.014309	
180	-15.024215	7.173902	
181	-14.645077	8.164102	
182	-14.352702	8.649968	
183	-13.280200	7.023882	
184	-13.212207	9.735540	
185	-12.493866	10.022972	
186	-11.285052	6.622910	
187	-10.743242	7.303093	
188	-9.602946	8.038540	
189	-9.027588	8.081036	
190	-9.113610	7.732066	
191	-8.507851	8.286212	
192	-6.936025	8.398269	
193	-6.132735	8.469172	
194	-5.333343	8.220520	
195	-4.683519	8.249842	
196	-4.100812	8.082835	
197	-3.397632	7.844762	
198	-3.034945	7.566842	
199	-2.247227	7.419368	
200	-1.016355	7.770143	
201	-1.286477	8.142007	
202	-0.739171	7.932705	
203	0.395699	8.133423	
204	1.025011	7.822415	
205	2.213024	7.686136	
206	2.863648	8.449808	
207	2.947939	8.520962	
208	3.828403	8.511687	
209	3.723387	8.204845	
210	4.283395	8.406651	
211	6.110145	8.502767	
212	6.641797	8.773543	
213	7.390023	8.976387	
214	8.272202	8.721737	
215	8.543808	8.676844	
216	9.268166	8.716965	
217	9.994912	8.740222	
218	10.330592	8.515444	
219	11.227662	8.454209	
220	12.063608	8.256200	
221	12.894292	8.099382	
222	13.141739	8.057444	
223	13.528643	7.829934	
224	14.301953	7.710020	
225	14.898062	7.849423	
226	15.901116	8.193123	
227	16.674603	8.123952	
228	16.933063	8.022857	
229	17.545854	7.964013	
230	17.882259	7.724436	
231	18.145117	7.651471	
232	19.274375	7.754412	
233	20.002049	7.624215	
234	20.209847	7.166529	
235	20.746486	7.309580	
236	21.390352	7.549132	
237	21.993512	7.508016	
238	22.541747	7.539921	
239	23.213861	7.437254	
240	23.538520	7.399253	
241	23.890638	7.369251	
242	24.210202	7.076774	
243	24.699581	7.022175	
244	25.340176	7.396338	
245	25.686644	7.376866	
246	26.565814	6.834765	
247	27.297725	7.272940	
248	27.802724	7.222267	
249	27.879809	6.614793	
250	28.069283	6.435956	
251	27.864839	5.886330	
252	28.392366	6.299860	
253	28.771614	6.263469	
254	29.643657	6.075506	
255	30.830588	6.819982	
256	31.396195	6.506348	
257	32.080912	6.614785	
258	32.287054	7.223842	
259	32.704902	7.087104	
260	33.366444	6.722974	
261	34.164183	6.538577	
262	33.732161	7.391389	
263	34.429599	7.185761	
264	35.793285	6.159269	
265	36.019237	6.053358	
266	36.376482	5.826142	
267	36.166473	6.732502	
268	36.859646	6.710834	
269	37.704203	6.189264	
270	38.685433	6.275441	
271	39.745517	6.500486	
272	39.345862	6.830292	
273	40.576656	6.478727	
274	41.143846	7.471531	
275	41.335169	7.473815	
276	41.989871	6.790584	
277	42.338393	6.777413	
278	42.975083	6.898736	
279	43.548839	7.029158	
280	43.854320	7.218026	
281	44.529696	7.488029	
282	44.996222	7.682997	
283	45.232173	7.771845	
284	46.068033	6.547611	
285	46.978853	6.519778	
286	47.413226	7.598724	
287	47.336543	6.911932	
288	47.765172	6.366402	
289	47.903716	6.548103	
290	48.678989	6.530607	
291	48.999185	7.081545	
292	49.295696	7.439350	
293	50.127583	7.171575	
294	50.715666	6.950558	
295	50.821472	6.411055	
296	51.744200	9.495309	
297	52.562437	8.488572	
298	52.904428	9.190319	
299	53.387256	10.233605	
300	52.850889	4.841502	
301	54.001451	10.384945	
302	54.850260	10.854294	
303	54.754544	6.132501	
304	55.215559	7.670608	
305	55.519751	7.413579	
306	55.806524	8.059750	
307	56.225902	7.833601	
308	56.637776	7.457808	
309	57.108979	7.268033	
310	57.282381	7.346293	
311	57.672952	7.873194	
312	58.141409	7.774151	
313	58.776311	7.421582	
314	59.051598	7.387042	
315	59.002545	7.712893	
316	59.261494	8.223062	
317	59.563106	8.092430	
318	59.892680	7.432402	
319	60.433488	7.736322	
320	61.355595	9.392996	
321	61.183312	9.762938	
322	60.975732	8.505995	
323	61.305228	8.683526	
324	61.545385	8.969691	
325	61.755348	8.555867	
326	62.288837	9.534195	
327	62.563825	8.860915	
328	62.421365	7.750827	
329	62.641567	8.301521	
330	62.955998	8.807417	
331	63.365821	8.964840	
332	63.207775	8.461735	
333	63.274993	8.864297	
334	63.699672	8.660994	
335	63.545242	8.081655	
336	63.505516	8.459665	
337	63.702178	8.973916	
338	63.736938	10.009286	
339	63.916102	9.962272	
340	64.107763	10.399855	
341	64.462766	11.725618	
342	64.687755	11.683134	
343	64.977266	11.881530	
344	64.819430	11.227757	
345	64.707719	10.834249	
346	64.888620	11.060071	
347	64.636237	10.593082	
348	64.940949	11.025023	
349	64.935159	11.103663	
350	64.736163	10.935278	
351	64.650742	11.569032	
352	65.986966	9.279618	
353	65.407904	10.206335	
354	63.930717	12.496808	
355	64.352312	10.932931	
356	64.241524	11.302759	
357	64.320447	11.459388	
358	64.043362	10.713227	
359	63.866093	10.301746	
360	63.746007	9.700765	
361	63.505142	9.604811	
362	63.497064	9.791987	
363	63.412088	8.971369	
364	62.872017	9.506942	
365	62.445391	8.975380	
366	62.407062	8.261293	
367	61.978252	8.764669	
368	61.824889	9.130458	
369	61.933512	9.193947	
370	61.097467	8.942366	
371	60.671627	8.817978	
372	60.972364	9.356999	
373	60.228892	9.027573	
374	60.385780	14.303900	
375	60.549895	12.666248	
376	59.932416	11.264754	
377	59.991384	16.939398	
378	59.040117	8.585205	
379	59.028420	13.789309	
380	59.210551	14.353828	
381	58.208954	6.062140	
382	57.687149	7.777695	
383	57.903715	15.063363	
384	57.243605	13.470655	
385	56.148299	7.721789	
386	56.324738	9.022740	
387	54.828862	6.625755	
388	54.442545	6.914436	
389	54.811616	7.842485	
390	54.612846	8.228769	
391	53.412349	6.501416	
392	53.038140	8.816025	
393	54.227389	17.201712	
394	52.803559	9.623232	
395	52.602271	11.082906	
396	52.213864	11.646256	
397	51.311801	7.049660	
398	51.270905	8.726977	
399	51.007627	8.504743	
400	50.883087	8.993029	
401	49.869148	7.668517	
402	49.318837	7.809462	
403	49.646796	9.333834	
404	49.039252	7.976954	
405	47.648153	7.339041	
406	47.116761	8.077888	
407	46.415316	7.499774	
408	46.128504	7.031457	
409	46.140061	7.344729	
410	45.372092	6.921270	
411	44.965053	6.747308	
412	44.511573	7.109902	
413	44.237885	6.598464	
414	43.539744	6.677074	
415	42.800275	6.882399	
416	42.367989	6.837059	
417	41.747704	6.923754	
418	40.992321	7.206886	
419	40.527578	7.011670	
420	39.943683	6.978835	
421	39.573605	6.759750	
422	38.678375	6.918402	
423	37.856859	7.879594	
424	37.570582	7.661332	
425	36.669912	6.890566	
426	36.490041	6.573407	
427	35.766086	6.906159	
428	35.113867	6.351911	
429	34.467775	6.370540	
430	33.460832	6.586140	
431	33.032423	6.575853	
432	32.016981	6.893326	
433	31.769538	6.434378	
434	31.742650	6.465171	
435	30.569804	6.294748	
436	29.178041	6.267320	
437	28.554851	5.907414	
438	28.386926	5.289174	
439	28.010515	6.352905	
440	27.866927	6.965364	
441	27.510428	6.830988	
442	27.468696	7.253264	
443	26.842788	7.725201	
444	25.471243	7.304968	
445	25.249543	7.816079	
446	24.709718	7.741886	
447	23.592362	7.224822	
448	23.601704	7.445140	
449	22.868321	7.422003	
450	21.974944	7.474111	
451	21.233250	7.759669	
452	20.323845	7.615106	
453	19.678550	7.309262	
454	18.864276	7.645358	
455	18.205494	7.566318	
456	17.315857	7.623720	
457	16.418900	7.867499	
458	15.600435	7.656715	
459	15.612802	8.163549	
460	15.392538	8.298141	
461	13.882718	7.727986	
462	13.230313	7.880646	
463	12.724377	7.837435	
464	11.153302	7.580025	
465	10.545951	7.339032	
466	10.295318	7.722332	
467	9.945132	7.953960	
468	9.141910	7.533152	
469	7.796200	7.788660	
470	7.100341	7.409467	
471	6.321241	7.413123	
472	5.591543	7.562786	
473	4.872881	7.735449	
474	4.188295	7.006582	
475	1.949938	12.138270	
476	1.131028	12.189599	
477	1.825661	7.147681	
478	1.052158	8.311927	
479	0.164120	7.908633	
480	-0.739387	7.966307	
481	-1.332258	7.753475	
482	-1.891938	7.919606	
483	-2.924336	7.106713	
484	-4.349386	6.577574	
485	-4.277507	7.060235	
486	-4.503331	6.478104	
487	-6.108773	6.732473	
488	-6.863361	6.889525	
489	-7.373218	6.398065	
490	-8.629043	7.265647	
491	-9.241497	7.140481	
492	-9.798830	6.247367	
493	-10.857415	7.077326	
494	-11.747878	6.293720	
495	-12.627403	5.769534	
496	-13.408962	7.113545	
497	-13.751291	7.042406	
498	-14.398032	6.433485	
499	-15.546964	7.161077	
500	-16.484722	6.971617	
501	-16.876179	8.178529	
502	-17.705175	9.847713	
503	-18.929870	8.664924	
504	-19.586137	7.853343	
505	-20.645234	8.883386	
506	-21.335909	8.668259	
507	-21.777859	8.235076	
508	-22.817605	8.760553	
509	-23.335739	8.663506	
510	-23.655601	9.555489	
511	-24.610684	8.449922	
512	-25.594670	7.278911	
513	-26.323123	7.567846	
514	-27.130140	8.509668	
515	-28.078525	9.265256	
516	-28.650051	8.685559	
517	-28.964116	8.059314	
518	-29.827143	8.836363	
519	-30.721861	9.554244	
520	-30.999219	10.488480	
521	-31.700857	10.299619	
522	-32.767151	9.331439	
523	-33.492627	10.236395	
524	-34.164854	11.479212	
525	-34.840154	12.371564	
526	-35.964377	12.459454	
527	-36.670985	12.413891	
528	-36.945434	12.726910	
529	-37.657999	13.152787	
530	-38.180148	13.336823	
531	-38.810138	14.080680	
532	-39.501288	14.641632	
533	-39.736760	13.604808	
534	-40.270633	13.731793	
535	-41.337288	14.414143	
536	-42.020403	14.414577	
537	-42.339628	13.983003	
538	-43.124603	14.154208	
539	-43.861835	15.124599	
540	-44.471242	14.752042	
541	-45.297066	15.268127	
542	-46.018339	16.754902	
543	-46.324602	17.078567	
544	-46.545026	17.056387	
545	-47.425130	17.654487	
546	-48.373182	18.033713	
547	-49.050771	18.454560	
548	-50.021964	19.187873	
549	-50.242936	19.585441	
550	-50.622912	19.787745	
551	-51.821315	19.997915	
552	-52.248574	20.135927	
553	-52.393844	20.392549	
554	-52.917877	20.867589	
555	-53.378116	20.871830	
556	-53.696953	20.954791	
557	-54.640287	21.308476	
558	-55.699859	21.811384	
559	-56.458962	22.560190	
560	-57.004664	22.978743	
561	-56.751407	23.148593	
562	-57.468988	23.223315	
563	-57.832124	23.600229	
564	-57.881033	24.395785	
565	-58.775346	24.847745	
566	-58.886153	25.333937	
567	-59.449975	25.993977	
568	-59.819400	26.369305	
569	-60.186603	26.722914	
570	-60.473659	27.740020	
571	-61.590019	28.445354	
572	-62.854740	28.742398	
573	-62.683918	29.238852	
574	-62.679061	29.145579	
575	-63.115839	29.569741	
576	-63.339686	30.312396	
577	-64.007801	30.718041	
578	-64.728062	31.003426	
579	-65.081903	31.977413	
580	-65.451354	32.718841	
581	-65.984627	32.592400	
582	-66.530180	32.410302	
583	-66.525628	32.805905	
584	-66.882504	33.430828	
585	-67.843570	35.028312	
586	-68.166521	35.728981	
587	-67.692283	35.098650	
588	-67.718853	35.913766	
589	-68.117020	36.492434	
590	-68.167870	36.517810	
591	-68.082735	36.590053	
592	-68.504625	37.082368	
593	-69.329695	37.993327	
594	-69.785833	38.520435	
595	-69.969484	38.573016	
596	-70.475873	39.023157	
597	-70.425431	39.490565	
598	-70.780044	39.840805	
599	-70.511772	39.545922	
600	-69.879589	39.666701	
601	-70.713904	40.349756	
602	-71.034210	40.370498	
603	-70.725853	40.308401	
604	-70.762721	40.169957	
605	-70.709363	39.957161	
606	-70.532706	39.776365	
607	-70.435723	39.413230	
608	-70.358701	39.346027	
609	-70.410113	39.238037	
610	-70.588619	39.590376	
611	-70.873446	39.895612	
612	-70.751533	39.433336	
613	-70.447336	39.259291	
614	-70.672700	39.483263	
615	-70.785096	39.294843	
616	-70.621983	39.246521	
617	-70.545588	39.443658	
618	-70.797604	39.455570	
619	-69.489461	38.428822	
620	-67.885560	37.163582	
621	-69.258698	38.223018	
622	-70.154321	39.109814	
623	-69.014335	38.021494	
624	-68.469772	37.774287	
625	-68.542363	37.464490	
626	-69.529685	38.708011	
627	-69.049872	38.833226	
628	-68.098526	37.834921	
629	-68.815098	38.656229	
630	-68.350030	38.216281	
631	-68.069714	38.019865	
632	-68.038710	37.969593	
633	-67.705781	37.382606	
634	-67.680079	36.901380	
635	-68.024514	37.061894	
636	-67.895876	37.039203	
637	-67.606215	37.045640	
638	-67.293419	36.836618	
639	-67.310773	36.658556	
640	-67.119411	36.310925	
641	-67.217990	36.388254	
642	-67.180069	36.474459	
643	-67.320364	36.303484	
644	-67.145400	36.425981	
645	-66.990908	36.090111	
646	-67.724246	35.984385	
647	-66.985779	35.551281	
648	-68.683283	36.762714	
649	-68.475757	36.605205	
650	-67.906837	36.232960	
651	-69.845841	37.665265	
652	-68.132084	36.797364	
653	-66.482168	35.591322	
654	-68.551070	37.018574	
655	-68.513713	36.881105	
656	-67.089011	35.598397	
657	-66.800024	35.755404	
658	-67.863101	36.733828	
659	-68.020628	36.723378	
660	-66.067171	35.002087	
661	-67.740134	36.242130	
662	-68.021035	36.480166	
663	-66.977150	35.540827	
664	-66.973479	35.423606	
665	-66.806784	35.100055	
666	-66.954609	34.812559	
667	-66.507931	34.309287	
668	-66.376666	34.473606	
669	-66.025483	34.248816	
670	-65.777891	33.589323	
671	-65.672875	33.609909	
672	-65.384486	33.682401	
673	-65.040394	33.349676	
674	-64.849394	33.282188	
675	-64.915464	33.404641	
676	-64.198091	33.158656	
677	-65.723794	33.724024	
678	-67.197148	34.254967	
679	-66.745392	33.848194	
680	-66.320314	33.254531	
681	-66.323868	32.960305	
682	-66.124528	33.126087	
683	-64.883569	32.318939	
684	-64.042142	31.792274	
685	-63.686648	31.311740	
686	-63.727620	30.900062	
687	-63.548950	31.193342	
688	-62.852492	30.612496	
689	-62.877434	30.551835	
690	-63.106173	30.084527	
691	-62.686066	29.338515	
692	-62.379022	29.072776	
693	-62.278444	28.441813	
694	-61.393017	27.907450	
695	-62.737260	28.379607	
696	-62.866039	28.447533	
697	-62.561245	28.063683	
698	-63.123691	27.767043	
699	-61.891580	26.929970	
700	-61.741679	26.576137	
701	-61.656860	26.133370	
702	-61.296527	26.224663	
703	-61.191349	26.124087	
704	-61.078911	25.511481	
705	-60.767604	25.115048	
706	-60.328955	25.006887	
707	-59.367317	24.540803	
708	-58.606532	23.793785	
709	-58.106050	23.355992	
710	-58.363149	23.110575	
711	-58.233591	22.956779	
712	-57.554256	22.258685	
713	-57.136452	22.446375	
714	-56.961759	22.407150	
715	-56.936311	21.995373	
716	-56.258132	22.262552	
717	-55.288406	19.962976	
718	-54.299776	19.239245	
719	-53.883084	20.134775	
720	-53.374965	19.725715	
721	-52.011776	19.304400	
722	-51.558543	18.701658	
723	-51.179645	18.266357	
724	-50.329436	17.556222	
725	-49.788574	17.741570	
726	-49.030190	15.926209	
727	-48.484887	15.376103	
728	-47.782687	16.436505	
729	-46.814355	16.330322	
730	-46.002465	15.127674	
731	-47.600593	20.542012	
732	-46.089314	19.264928	
733	-43.707610	13.812885	
734	-44.453934	15.298566	
735	-43.352154	14.635375	
736	-41.693902	14.698673	
737	-40.469654	12.912093	
738	-41.315346	16.796586	
739	-40.181792	16.118755	
740	-39.502320	16.619063	
741	-39.323152	17.864949	
742	-36.759674	11.732493	
743	-35.721503	10.623170	
744	-34.835136	10.074567	
745	-33.976766	9.938048	
746	-33.894460	11.391822	
747	-33.807100	13.021686	
748	-32.320368	11.701683	
749	-31.151528	10.806296	
750	-30.378631	10.014908	
751	-30.159981	10.616940	
752	-29.788943	12.169821	
753	-28.737316	10.884347	
754	-28.098790	11.147096	
755	-27.205487	10.612302	
756	-26.382528	9.812378	
757	-25.745151	10.615519	
758	-24.903771	10.240563	
759	-24.169196	9.619454	
760	-23.204505	9.190235	
761	-22.647875	9.160546	
762	-22.876521	9.510893	
763	-21.401442	9.593698	
764	-20.208518	9.855501	
765	-19.675819	8.305611	
766	-18.441467	7.806201	
767	-18.132258	8.478821	
768	-17.657524	8.078081	
769	-16.843011	8.105949	
770	-15.541333	7.475174	
771	-14.354303	7.390725	
772	-14.393503	7.813363	
773	-14.280999	7.200154	
774	-13.098267	6.285332	
775	-12.344965	6.239810	
776	-11.410981	5.983700	
777	-10.526922	6.353434	
778	-10.036891	6.947492	
779	-9.249335	6.329269	
780	-8.306756	6.235403	
781	-7.939872	6.515469	
782	-7.477653	6.312120	
783	-6.455407	6.443270	
784	-5.675472	6.054493	
785	-4.858429	6.167313	
786	-3.920050	6.241733	
787	-3.018718	5.553619	
788	-2.919085	6.080657	
789	-2.288053	6.243749	
790	-1.955591	5.829111	
791	-1.397817	6.188105	
792	-0.344776	6.054499	
793	0.464685	4.868420	
794	1.881567	5.964129	
795	2.549956	7.354459	
796	2.876424	6.461972	
797	3.914655	6.499542	
798	4.136584	6.772724	
799	4.362192	6.365768	
800	5.254526	6.274448	
801	5.850653	6.444465	
802	6.819554	6.180279	
803	7.270004	6.078311	
804	7.320138	6.167337	
805	8.714019	6.734200	
806	9.763376	6.621027	
807	10.252192	5.992603	
808	10.672615	5.784397	
809	11.745255	6.009055	
810	12.651131	6.314976	
811	12.888007	6.116236	
812	13.140307	6.124536	
813	13.574191	5.969638	
814	14.313693	6.153663	
815	14.997232	6.255108	
816	15.536332	5.676262	
817	15.464137	5.706109	
818	16.319995	5.870382	
819	17.476484	6.096151	
820	18.242375	6.195937	
821	18.307887	6.126316	
822	19.164733	6.667469	
823	19.671502	6.729125	
824	19.361189	6.505603	
825	20.134301	6.487920	
826	21.154554	6.565809	
827	21.869787	6.777685	
828	22.168039	6.409232	
829	22.811554	6.763517	
830	23.941137	7.446893	
831	24.740865	7.096891	
832	24.124662	7.026831	
833	24.978081	7.376299	
834	24.932848	6.599721	
835	25.971674	7.628225	
836	27.237986	8.059757	
837	27.085923	7.517152	
838	27.852865	7.624844	
839	28.479852	7.288436	
840	28.337085	6.706984	
841	29.405924	6.834140	
842	30.117602	10.183937	
843	29.186142	8.382297	
844	30.223483	5.609087	
845	30.379139	6.107547	
846	30.986799	5.553487	
847	31.514702	5.570948	
848	31.809887	5.919967	
849	32.520977	5.719324	
850	32.865706	5.784511	
851	33.755667	5.797768	
852	34.524560	5.465604	
853	34.652169	5.777741	
854	35.108335	5.608452	
855	35.498358	5.283729	
856	35.989515	4.756274	
857	36.367467	4.353388	
858	36.915073	4.852094	
859	38.033755	5.605790	
860	38.476029	5.404677	
861	39.034333	5.303583	
862	39.359278	5.642332	
863	39.621605	5.775613	
864	39.982486	4.997911	
865	40.579648	5.119789	
866	41.300220	5.670872	
867	41.962409	5.321626	
868	42.217923	5.222651	
869	42.878702	5.025724	
870	43.192196	5.281167	
871	43.516613	5.819101	
872	44.295532	5.222771	
873	44.480992	5.315565	
874	44.566948	5.002210	
875	45.246967	5.263169	
876	45.901462	6.078214	
877	46.293675	5.097125	
878	47.081151	5.591215	
879	47.179125	5.829188	
880	47.724691	5.311821	
881	48.048427	5.472077	
882	48.386033	5.554708	
883	49.425172	5.669334	
884	49.925478	5.656467	
885	50.086221	5.390195	
886	50.595055	5.799731	
887	51.303684	6.081178	
888	51.599092	5.794343	
889	51.316669	6.585223	
890	51.808301	6.640350	
891	52.130671	5.912792	
892	52.282737	5.811109	
893	53.091215	5.471925	
894	53.151942	5.595663	
895	53.441765	5.878742	
896	54.375821	6.253615	
897	54.806379	6.057942	
898	55.025070	6.617608	
899	55.804308	6.996290	
900	56.350058	6.354468	
901	56.517946	6.599005	
902	57.232517	7.105742	
903	57.190523	5.756280	
904	57.247834	5.130915	
905	57.873621	5.172329	
906	58.133848	5.486786	
907	58.448544	6.651360	
908	59.227281	6.078656	
909	59.461383	5.096173	
910	59.714137	4.991541	
911	59.111761	3.964243	
912	59.192523	4.196512	
913	60.480448	5.258210	
914	60.668961	4.775961	
915	60.905529	4.675409	
916	61.517040	5.968199	
917	61.931331	7.160730	
918	62.367626	6.602662	
919	62.881090	6.001946	
920	62.777512	5.573778	
921	63.120797	5.562341	
922	63.456759	4.079463	
923	63.306643	4.312105	
924	63.772424	5.784826	
925	64.225054	6.818219	
926	64.006012	8.215094	
927	64.103182	8.728631	
928	64.334812	8.121544	
929	64.988837	7.357892	
930	65.671912	6.949881	
931	65.340430	7.249969	
932	65.152495	7.965282	
933	65.554103	8.648317	
934	65.771177	7.800395	
935	65.752109	7.519572	
936	66.013354	8.541009	
937	66.115335	8.132038	
938	66.158512	8.393390	
939	66.523930	8.569825	
940	66.639322	8.143612	
941	66.805583	7.870296	
942	66.591809	7.933485	
943	66.565830	8.565795	
944	67.065104	8.704776	
945	67.108825	9.702371	
946	67.060246	9.813757	
947	67.288254	9.818739	
948	67.612947	10.591033	
949	67.792801	10.463667	
950	67.730259	10.424331	
951	67.692027	10.486660	
952	67.798169	10.306258	
953	67.725952	9.851580	
954	67.576906	10.214799	
955	67.586066	9.946919	
956	67.827699	9.442816	
957	67.986355	9.725251	
958	67.888238	9.324716	
959	67.729650	10.156267	
960	67.827831	10.635239	
961	67.765992	9.828590	
962	67.618155	9.566006	
963	67.643716	8.825005	
964	67.494449	8.775852	
965	67.128928	8.261049	
966	66.885853	8.396441	
967	66.933156	8.189091	
968	66.922948	8.313647	
969	66.895873	9.212623	
970	66.628668	8.632566	
971	66.220440	7.942453	
972	66.189035	7.547348	
973	66.439095	8.256773	
974	65.847593	8.006931	
975	66.544003	3.935011	
976	66.427883	5.009674	
977	65.092367	7.525064	
978	65.315621	7.066293	
979	65.394898	8.321109	
980	64.877272	9.059983	
981	64.385991	8.708412	
982	64.427997	7.838276	
983	63.561190	8.356550	
984	63.343431	7.960620	
985	63.364083	7.752088	
986	62.791280	6.604506	
987	62.524056	6.735961	
988	62.748214	7.009101	
989	63.339526	6.244598	
990	62.463471	7.630490	
991	62.060697	7.352959	
992	61.330762	5.950269	
993	60.420180	6.075789	
994	60.160016	5.732921	
995	59.885432	6.186522	
996	60.103660	7.791684	
997	59.334238	6.770548	
998	59.308874	5.142519	
999	59.458174	5.204518	
1000	58.983250	5.125854	
1001	58.860671	4.975345	
1002	58.468096	5.154710	
1003	57.996988	4.336635	
1004	57.821752	4.648039	
1005	57.503486	5.161706	
1006	57.228248	4.606482	
1007	56.804232	5.044505	
1008	56.261134	5.101209	
1009	56.011153	5.347807	
1010	55.426870	4.999831	
1011	55.096681	5.060558	
1012	55.105397	5.902461	
1013	54.374156	5.777968	
1014	54.000168	6.007962	
1015	53.497427	5.979524	
1016	53.141354	6.270171	
1017	52.799329	6.634966	
1018	52.254862	6.057062	
1019	51.563021	6.371321	
1020	50.802089	6.191756	
1021	50.857050	6.105987	
1022	50.675944	6.763427	
1023	50.193641	5.915704	
1024	49.423095	5.757827	
1025	49.650411	6.407133	
1026	49.008728	6.662586	
1027	48.068409	5.699734	
1028	48.035587	6.118276	
1029	47.566550	7.162666	
1030	47.053608	6.129595	
1031	46.063118	6.012484	
1032	45.877733	6.201047	
1033	45.482537	5.411486	
1034	44.885685	5.147238	
1035	44.461131	4.957462	
1036	43.567456	4.649532	
1037	43.662415	5.326362	
1038	42.702433	5.478804	
1039	41.988731	4.930898	
1040	41.593208	5.200451	
1041	41.028750	5.019824	
1042	40.912103	5.605685	
1043	40.227562	5.767478	
1044	39.330982	5.199636	
1045	38.870282	5.933218	
1046	38.580509	5.969197	
1047	37.746366	5.395037	
1048	36.650344	5.455615	
1049	36.853046	5.893978	
1050	36.739452	5.071061	
1051	36.221087	5.041918	
1052	35.616928	5.227750	
1053	33.975458	4.800861	
1054	33.838254	5.395985	
1055	33.075557	5.514475	
1056	32.400943	6.304386	
1057	32.174416	5.864635	
1058	31.584206	5.156503	
1059	31.304883	5.275975	
1060	30.273545	5.249356	
1061	29.661504	5.696954	
1062	29.545444	5.023341	
1063	28.685870	5.378762	
1064	28.490123	5.742212	
1065	28.179133	5.542949	
1066	27.198565	5.760805	
1067	26.286124	5.976747	
1068	25.392279	6.391585	
1069	25.239739	6.107998	
1070	24.656202	5.831982	
1071	23.761722	5.919470	
1072	23.015437	5.868986	
1073	22.444218	6.292329	
1074	22.134955	6.163069	
1075	21.709857	6.345328	
1076	21.119475	6.861001	
1077	20.834916	6.359128	
1078	19.893769	6.643198	
1079	19.252818	6.652287	
1080	18.388275	6.432657	
1081	18.193179	6.804019	
1082	17.566199	6.929002	
1083	16.651521	6.966243	
1084	16.971594	7.018953	
1085	16.255027	7.098545	
1086	15.428922	7.050424	
1087	14.334389	7.422231	
1088	13.331456	7.210570	
1089	12.667210	6.669662	
1090	12.107794	6.601090	
1091	11.597996	7.089874	
1092	10.882023	7.416909	
1093	10.282834	6.863801	
1094	9.349571	6.956054	
1095	8.221561	7.221622	
1096	7.396506	7.298438	
1097	6.956640	7.155112	
1098	6.288559	7.260943	
1099	5.401096	7.660569	
1100	5.421143	7.339782	
1101	4.347760	7.057149	
1102	3.293064	7.728849	
1103	2.853683	7.825220	
1104	2.317663	7.529446	
1105	1.472036	7.861238	
1106	0.705519	8.047041	
1107	0.228785	7.718368	
1108	-1.135428	7.595057	
1109	-1.751871	6.589930	
1110	-3.658579	11.546363	
1111	-4.584803	11.879016	
1112	-3.948759	6.961180	
1113	-5.615040	10.224719	
1114	-6.440458	10.146658	
1115	-6.349809	7.355317	
1116	-7.015295	7.090162	
1117	-7.637192	7.134901	
1118	-7.905193	7.112004	
1119	-9.515479	6.764494	
1120	-10.893663	7.479433	
1121	-11.335320	7.542139	
1122	-12.288144	7.571733	
1123	-12.211370	7.479242	
1124	-12.987234	6.765985	
1125	-14.543309	7.844959	
1126	-14.786082	7.825088	
1127	-15.981947	7.840922	
1128	-17.962332	8.140181	
1129	-18.212906	8.399817	
1130	-18.024742	9.050551	
1131	-18.666351	9.125606	
1132	-19.864030	9.107456	
1133	-20.593286	8.669814	
1134	-21.560359	8.834529	
1135	-22.983786	9.335136	
1136	-23.789892	9.163425	
1137	-24.155411	8.777116	
1138	-24.575719	8.661383	
1139	-25.367266	9.312361	
1140	-25.851544	9.513158	
1141	-26.506457	9.289105	
1142	-27.878627	9.455388	
1143	-28.072512	9.391640	
1144	-28.643041	9.410093	
1145	-29.764011	9.548709	
1146	-30.105937	9.682331	
1147	-30.720850	9.307938	
1148	-31.560668	9.183399	
1149	-32.244252	9.893640	
1150	-34.488637	16.144884	
1151	-34.475676	14.940233	
1152	-33.609954	10.484889	
1153	-34.945010	12.278714	
1154	-35.444464	12.278351	
1155	-35.673233	12.076960	
1156	-36.162953	11.989847	
1157	-36.991722	11.722889	
1158	-38.367759	15.536528	
1159	-41.024974	21.235875	
1160	-40.234737	16.540274	
1161	-39.562008	12.290770	
1162	-40.482925	13.290169	
1163	-41.281596	14.491558	
1164	-42.080593	14.751478	
1165	-42.175049	15.597217	
1166	-42.734882	15.960729	
1167	-43.457802	16.111759	
1168	-43.928632	16.449856	
1169	-44.772362	16.507172	
1170	-44.980403	15.976624	
1171	-45.049774	15.635766	
1172	-45.801580	15.961838	
1173	-46.297158	16.312341	
1174	-46.597582	16.903995	
1175	-47.510416	17.339943	
1176	-48.188948	18.212062	
1177	-48.407836	18.906344	
1178	-49.050751	18.984812	
1179	-49.340280	19.263704	
1180	-49.123285	19.495981	
1181	-50.408707	19.554831	
1182	-51.865298	19.735272	
1183	-51.672936	19.997995	
1184	-52.563262	20.271580	
1185	-53.117930	20.980336	
1186	-52.873119	21.768110	
1187	-53.465674	22.323760	
1188	-53.943903	22.366653	
1189	-54.317893	22.817551	
1190	-54.598566	23.565265	
1191	-54.889504	23.417418	
1192	-55.315448	23.670179	
1193	-55.879420	24.011570	
1194	-56.465643	24.372305	
1195	-56.392161	24.765230	
1196	-56.628757	24.739297	
1197	-56.756737	25.070992	
1198	-57.288532	25.726977	
1199	-58.235893	26.110284	
1200	-58.634527	26.502050	
1201	-58.825520	25.518442	
1202	-58.618595	24.620751	
1203	-59.101378	24.719477	
1204	-59.882211	26.502562	
1205	-59.980053	28.527901	
1206	-60.683441	28.882874	
1207	-61.931311	29.402865	
1208	-62.030830	29.557064	
1209	-61.894826	29.927089	
1210	-62.773841	30.814418	
1211	-63.155055	31.362546	
1212	-63.117380	31.532591	
1213	-63.928445	32.127362	
1214	-64.081882	32.604988	
1215	-64.445539	33.360347	
1216	-64.917192	33.876310	
1217	-65.351880	34.281591	
1218	-66.213116	35.169084	
1219	-66.394666	35.194248	
1220	-66.688256	35.215555	
1221	-66.715640	35.663208	
1222	-66.789270	36.483867	
1223	-67.238056	37.083492	
1224	-67.593534	37.627174	
1225	-68.326186	38.779625	
1226	-69.127707	40.189440	
1227	-69.542483	41.013952	
1228	-69.722604	41.177829	
1229	-70.168048	41.757161	
1230	-70.480486	42.333476	
1231	-70.435425	42.315795	
1232	-70.425675	42.450862	
1233	-70.742484	42.784275	
1234	-70.861390	42.725364	
1235	-71.082818	43.320208	
1236	-71.384125	43.893187	
1237	-71.744567	44.467018	
1238	-71.710987	44.208415	
1239	-72.001288	44.980298	
1240	-72.353503	45.481327	
1241	-71.828193	44.770522	
1242	-72.006041	44.827312	
1243	-72.258229	45.121767	
1244	-72.395400	45.799216	
1245	-72.572250	45.781679	
1246	-72.821862	46.290011	
1247	-72.830991	46.709674	
1248	-72.858031	46.996888	
1249	-72.832418	46.807405	
1250	-72.794535	46.827199	
1251	-72.923521	47.193006	
1252	-73.052549	47.397330	
1253	-73.199626	47.669129	
1254	-73.047493	47.589135	
1255	-73.113296	47.824214	
1256	-73.060093	47.795663	
1257	-73.136452	47.494955	
1258	-73.300203	47.884251	
1259	-73.287317	47.906787	
1260	-73.365297	47.847855	
1261	-73.436469	47.973810	
1262	-73.667422	48.204285	
1263	-74.116341	49.388713	
1264	-74.243977	49.688736	
1265	-74.232151	49.465418	
1266	-74.438970	49.793225	
1267	-74.495475	50.161754	
1268	-74.603765	50.298342	
1269	-74.783284	50.368204	
1270	-74.817708	50.415660	
1271	-74.661999	50.485781	
1272	-74.903627	51.031465	
1273	-75.317832	51.345001	
1274	-75.159647	51.541464	
1275	-75.040577	51.845521	
1276	-75.314929	52.234877	
1277	-75.313222	52.303077	
1278	-75.631314	52.646595	
1279	-75.739781	52.796057	
1280	-76.265270	53.687361	
1281	-75.582890	52.155942	
1282	-74.932900	51.032349	
1283	-75.557961	51.999537	
1284	-75.389523	51.515372	
1285	-75.618476	51.794892	
1286	-75.393130	51.413160	
1287	-75.223812	51.053475	
1288	-75.039572	50.804481	
1289	-75.252770	51.645668	
1290	-75.531102	51.577570	
1291	-75.286904	50.949197	
1292	-75.233829	50.928875	
1293	-75.233007	50.801230	
1294	-74.999415	50.432948	
1295	-75.017913	50.393041	
1296	-75.749887	52.160224	
1297	-75.680974	51.916626	
1298	-75.463486	51.439100	
1299	-74.788931	50.783602	
1300	-74.228749	49.963367	
1301	-75.402234	51.502636	
1302	-75.619971	51.782883	
1303	-74.882673	50.541256	
1304	-74.904125	50.564533	
1305	-75.358830	51.164278	
1306	-75.429934	51.307189	
1307	-75.409463	51.420644	
1308	-75.728468	51.811707	
1309	-75.235968	51.074056	
1310	-75.262740	51.059910	
1311	-75.492583	51.561274	
1312	-74.947665	51.022353	
1313	-75.114698	51.190614	
1314	-75.379343	51.826519	
1315	-74.945610	51.216019	
1316	-75.085370	51.135236	
1317	-75.250855	51.369857	
1318	-74.963204	51.088425	
1319	-75.189424	51.557213	
1320	-74.950067	51.244004	
1321	-75.381932	52.565019	
1322	-75.233009	52.519807	
1323	-75.071219	51.553494	
1324	-75.515415	52.468107	
1325	-75.391247	52.278292	
1326	-75.370244	52.094263	
1327	-75.315732	51.951437	
1328	-75.379114	51.863587	
1329	-75.299875	51.654678	
1330	-75.206049	51.418069	
1331	-74.907629	50.897158	
1332	-75.111525	51.065578	
1333	-75.374170	51.556653	
1334	-75.020440	50.940681	
1335	-74.852041	50.536710	
1336	-74.645480	50.030350	
1337	-74.509859	49.742546	
1338	-74.492931	49.862232	
1339	-74.377545	49.810446	
1340	-73.808726	48.762423	
1341	-73.929046	48.665764	
1342	-74.233884	48.980013	
1343	-73.762344	48.174538	
1344	-73.803083	48.166777	
1345	-73.614419	47.636512	
1346	-73.496597	46.996549	
1347	-73.664603	47.545172	
1348	-73.670829	47.977392	
1349	-73.040039	47.210409	
1350	-72.857790	46.843212	
1351	-73.088194	46.693828	
1352	-73.292612	46.877935	
1353	-73.086271	46.800738	
1354	-72.861640	46.554432	
1355	-73.029542	46.644216	
1356	-72.453570	46.119381	
1357	-72.341968	45.468215	
1358	-72.467870	45.441961	
1359	-72.236494	45.264930	
1360	-72.082925	45.090222	
1361	-71.890600	44.958163	
1362	-71.899666	44.692744	
1363	-71.892977	44.624855	
1364	-71.686293	44.251159	
1365	-71.521591	43.940906	
1366	-71.499441	43.790075	
1367	-71.634731	44.180040	
1368	-71.053765	43.754879	
1369	-71.238540	43.921769	
1370	-71.692310	44.258286	
1371	-71.534255	44.049646	
1372	-71.745487	43.912470	
1373	-71.589925	43.855409	
1374	-71.874116	44.179507	
1375	-72.054519	44.299640	
1376	-71.743755	43.981084	
1377	-71.801368	43.752098	
1378	-71.441477	43.262777	
1379	-71.343637	42.871878	
1380	-71.179001	42.850060	
1381	-71.133775	42.647880	
1382	-71.261183	42.670880	
1383	-71.366025	42.519020	
1384	-70.667177	41.436738	
1385	-69.840553	40.752838	
1386	-69.867285	40.386445	
1387	-69.339729	39.478098	
1388	-69.418931	39.518489	
1389	-69.658723	39.486924	
1390	-69.680102	39.065016	
1391	-69.511851	38.844009	
1392	-69.126269	38.560954	
1393	-68.872114	38.052767	
1394	-68.519907	37.704311	
1395	-67.237986	36.103239	
1396	-65.871353	34.718245	
1397	-66.571951	34.846751	
1398	-66.651667	34.587721	
1399	-65.932364	33.974123	
1400	-66.014793	33.732724	
1401	-65.719470	33.074109	
1402	-65.424907	32.395708	
1403	-65.072113	32.239302	
1404	-65.177512	31.986343	
1405	-65.429286	31.899921	
1406	-64.453120	30.789750	
1407	-63.427657	29.450109	
1408	-63.139982	29.118242	
1409	-62.776234	28.807142	
1410	-62.088659	28.153444	
1411	-61.617438	27.670334	
1412	-61.366896	27.586423	
1413	-60.942676	26.649172	
1414	-60.279367	25.884707	
1415	-59.954946	25.666079	
1416	-59.320970	24.778773	
1417	-58.544715	23.883894	
1418	-58.224176	23.602496	
1419	-57.793789	23.207913	
1420	-57.377282	22.681583	
1421	-57.025852	21.210194	
1422	-56.926406	20.954939	
1423	-56.220799	21.065456	
1424	-55.710674	20.267742	
1425	-55.404466	20.390229	
1426	-54.577605	20.063296	
1427	-54.197928	19.882296	
1428	-53.730022	19.664527	
1429	-53.389052	18.828188	
1430	-53.023093	18.874251	
1431	-52.243472	18.427922	
1432	-51.999507	17.175537	
1433	-50.927238	16.615062	
1434	-50.944521	15.980862	
1435	-50.564909	15.572208	
1436	-49.156299	15.285360	
1437	-48.666609	14.800065	
1438	-48.170945	14.494412	
1439	-48.140828	13.672108	
1440	-47.395844	13.340784	
1441	-46.450188	12.879752	
1442	-45.682299	11.624917	
1443	-46.393157	17.338528	
1444	-49.100521	26.195176	
1445	-46.102713	18.811903	
1446	-44.017500	13.926143	
1447	-43.114375	12.515452	
1448	-42.340879	12.712426	
1449	-41.605735	12.884984	
1450	-39.937335	10.837546	
1451	-39.505205	10.846763	
1452	-39.400674	12.427166	
1453	-38.122300	11.187331	
1454	-39.377281	17.077130	
1455	-38.485102	16.318060	
1456	-35.958573	8.609391	
1457	-35.556369	10.102975	
1458	-34.685785	9.221934	
1459	-34.615350	10.232985	
1460	-33.926905	11.196677	
1461	-32.382490	9.714108	
1462	-31.779107	9.173606	
1463	-30.981204	10.204070	
1464	-29.503046	9.949913	
1465	-28.879105	9.070293	
1466	-28.704402	9.349249	
1467	-28.181636	9.633028	
1468	-27.128649	9.418695	
1469	-25.855065	8.304920	
1470	-25.566086	8.235637	
1471	-25.242453	8.841154	
1472	-24.179474	8.469766	
1473	-23.403726	8.537976	
1474	-22.493247	7.834454	
1475	-21.828856	7.241794	
1476	-21.279243	7.083685	
1477	-20.620216	7.303237	
1478	-19.512495	7.017905	
1479	-18.941346	6.659715	
1480	-18.599718	7.098648	
1481	-18.038287	7.296943	
1482	-17.382020	6.841601	
1483	-16.345782	6.066204	
1484	-15.576982	5.729976	
1485	-14.729995	5.801216	
1486	-14.130943	6.244051	
1487	-13.450963	6.007304	
1488	-13.010903	5.335625	
1489	-12.414577	5.388247	
1490	-11.474196	5.908589	
1491	-10.527680	5.086653	
1492	-10.329079	5.091322	
1493	-9.899942	5.831910	
1494	-8.560694	4.933079	
1495	-7.944924	4.462889	
1496	-7.928765	5.402979	
1497	-6.703275	5.403833	
1498	-5.457987	4.704680	
1499	-5.570974	4.281421	
1500	-4.976516	4.727938	
1501	-4.156396	5.031743	
1502	-3.594439	4.695585	
1503	-2.709721	4.727396	
1504	-1.798194	4.729326	
1505	-1.550913	4.824751	
1506	-0.574516	5.669940	
1507	0.280502	6.313417	
1508	0.611338	5.965482	
1509	1.642957	6.182963	
1510	1.958475	6.079280	
1511	2.328477	6.002241	
1512	2.464078	6.052639	
1513	4.377940	7.118703	
1514	5.520961	7.062684	
1515	5.359519	6.072302	
1516	6.028247	6.368491	
1517	6.316418	5.919045	
1518	7.129247	5.964136	
1519	7.579024	6.393759	
1520	8.061705	6.108620	
1521	8.969921	5.971971	
1522	9.663636	6.579304	
1523	9.617048	6.747328	
1524	10.737753	5.979656	
1525	11.212081	6.260834	
1526	11.517431	6.193263	
1527	12.730670	5.967283	
1528	13.155074	6.049278	
1529	13.521541	6.097036	
1530	14.767591	6.320726	
1531	15.464130	6.654737	
1532	15.663128	6.319648	
1533	16.012443	5.688188	
1534	16.478832	5.457300	
1535	17.057376	5.399140	
1536	17.114538	5.770563	
1537	17.421409	5.906557	
1538	18.005560	6.234589	
1539	19.206779	6.469839	
1540	19.877317	6.266884	
1541	20.013071	6.600006	
1542	19.876899	5.702049	
1543	20.184667	5.713345	
1544	21.179471	6.293092	
1545	20.920522	5.508255	
1546	21.738451	6.159112	
1547	22.511768	5.821978	
1548	22.483395	5.058280	
1549	22.449460	4.985295	
1550	23.310818	5.493417	
1551	24.312293	5.445314	
1552	24.599337	5.827332	
1553	25.257462	6.138123	
1554	25.370991	5.563496	
1555	25.850555	5.658603	
1556	27.282728	5.205869	
1557	27.401810	4.946723	
1558	26.870433	5.397011	
1559	27.716669	5.401561	
1560	28.148178	4.562897	
1561	28.784156	4.630818	
1562	29.492360	4.670633	
1563	29.468561	5.161636	
1564	29.704325	4.914447	
1565	30.153668	4.537867	
1566	30.153435	5.407208	
1567	30.670080	5.344876	
1568	31.973411	5.183827	
1569	32.167547	4.659789	
1570	32.720499	4.762366	
1571	33.142184	5.025288	
1572	33.751731	4.805906	
1573	34.023983	4.554739	
1574	34.103712	4.838455	
1575	34.876642	4.618017	
1576	35.230703	4.265620	
1577	36.077520	4.465669	
1578	35.816678	4.601199	
1579	36.672560	4.557050	
1580	37.031765	4.208647	
1581	37.362769	5.118794	
1582	38.486429	5.375767	
1583	38.259396	5.286621	
1584	38.601450	5.073271	
1585	39.578148	5.064643	
1586	40.295311	5.257382	
1587	41.080867	5.454785	
1588	41.704162	6.125132	
1589	42.055212	5.992938	
1590	42.475156	6.558037	
1591	42.744931	6.870795	
1592	42.946685	5.923230	
1593	43.589570	5.961799	
1594	43.456418	5.770920	
1595	43.822673	5.391035	
1596	45.050154	5.019316	
1597	46.114364	5.034119	
1598	46.147424	4.375833	
1599	46.256038	4.448407	
1600	47.530480	4.826969	
1601	47.117497	4.380187	
1602	47.641068	5.132347	
1603	48.070335	5.981164	
1604	47.807618	6.255374	
1605	48.887740	5.922114	
1606	49.581583	5.546698	
1607	50.067884	5.197204	
1608	50.537329	5.679284	
1609	50.837237	5.660530	
1610	51.577464	5.518184	
1611	52.148025	5.597314	
1612	51.989814	5.680414	
1613	52.648068	5.779967	
1614	53.458229	5.705871	
1615	53.636694	5.532401	
1616	54.255163	5.208759	
1617	54.419806	5.642514	
1618	55.014657	5.923458	
1619	55.626354	6.571485	
1620	55.567167	6.097162	
1621	56.273091	6.503335	
1622	56.155892	6.455183	
1623	56.297260	5.546635	
1624	57.159402	6.586095	
1625	57.191948	6.223071	
1626	57.521829	5.625310	
1627	57.887677	5.092784	
1628	58.124552	6.019712	
1629	58.571657	7.001344	
1630	59.244584	6.518137	
1631	59.957968	7.139387	
1632	60.784799	7.462695	
1633	60.561668	8.301612	
1634	60.329267	8.163144	
1635	60.734451	7.325161	
1636	61.108282	8.406500	
1637	62.437140	8.256857	
1638	62.967367	8.435756	
1639	62.868965	8.661495	
1640	62.441279	6.301259	
1641	63.205663	5.962237	
1642	63.530199	6.674714	
1643	63.164624	7.287169	
1644	64.178096	9.095503	
1645	64.290125	9.225069	
1646	64.493403	8.178525	
1647	64.731035	7.175396	
1648	64.972735	6.639135	
1649	64.765426	4.847398	
1650	65.023484	4.766784	
1651	65.772277	6.722193	
1652	66.009562	7.113206	
1653	66.230916	7.117959	
1654	66.276242	6.327060	
1655	66.788525	7.288975	
1656	67.438573	8.596024	
1657	67.674275	8.920145	
1658	67.832008	9.370379	
1659	68.006570	8.772477	
1660	67.956240	8.752169	
1661	68.219768	9.280146	
1662	68.581186	9.519282	
1663	68.651499	10.000762	
1664	68.858514	10.858601	
1665	69.177696	10.856910	
1666	69.468761	10.656746	
1667	69.427533	11.384209	
1668	69.400240	11.131397	
1669	69.595880	10.742051	
1670	69.581135	10.202901	
1671	69.617611	10.517697	
1672	69.950271	11.167682	
1673	69.988742	11.047976	
1674	70.042456	11.635249	
1675	70.187211	11.551644	
1676	70.246690	11.112606	
1677	70.030822	11.076451	
1678	69.875656	10.927270	
1679	70.414598	11.387089	
1680	70.288988	11.116627	
1681	70.026835	10.371585	
1682	70.149881	10.758021	
1683	70.224180	11.055120	
1684	70.139229	10.259638	
1685	69.955064	10.445475	
1686	70.255230	9.528465	
1687	70.232938	8.636850	
1688	69.893530	9.500456	
1689	69.531894	9.276674	
1690	69.452418	9.694363	
1691	69.071803	9.845575	
1692	68.600035	8.697826	
1693	68.879142	8.349568	
1694	69.167362	9.195102	
1695	68.841239	10.186305	
1696	68.383825	10.210579	
1697	68.465088	10.425637	
1698	68.315958	9.106508	
1699	68.256648	8.186188	
1700	67.888233	8.066492	
1701	67.719448	8.657135	
1702	67.446689	10.378873	
1703	67.165669	9.728771	
1704	67.197646	9.110703	
1705	66.680636	7.898016	
1706	66.684472	7.910054	
1707	66.580433	8.663755	
1708	65.817396	8.083166	
1709	65.820762	8.172565	
1710	64.937068	7.539125	
1711	64.612820	7.242234	
1712	64.509063	7.374728	
1713	64.234278	6.375342	
1714	64.303893	6.551085	
1715	63.420412	6.821246	
1716	63.255726	7.093717	
1717	62.773284	8.000276	
1718	62.318226	7.994017	
1719	62.066942	8.884217	
1720	61.843912	9.556356	
1721	61.926510	9.188646	
1722	61.494582	9.557566	
1723	60.654693	9.383822	
1724	59.931858	9.157861	
1725	60.390601	8.756031	
1726	60.786729	8.332667	
1727	60.301711	8.398168	
1728	59.796194	8.017821	
1729	59.106730	7.886237	
1730	58.160533	6.786716	
1731	58.226390	7.523645	
1732	58.407785	8.229563	
1733	57.677453	7.311597	
1734	57.210971	8.224975	
1735	56.559389	8.252929	
1736	55.793933	7.497392	
1737	55.507443	6.504958	
1738	55.032895	6.307199	
1739	54.464287	6.776685	
1740	54.981796	6.789520	
1741	54.488061	6.685938	
1742	53.384343	6.187037	
1743	53.179535	6.433106	
1744	53.315225	6.214836	
1745	52.592493	5.484081	
1746	51.913115	6.060657	
1747	51.569614	6.220125	
1748	50.676754	5.268444	
1749	50.104545	5.771475	
1750	49.488801	5.809495	
1751	49.140026	5.380939	
1752	48.676785	4.810184	
1753	47.839663	4.951853	
1754	48.049528	5.771683	
1755	47.666750	6.385032	
1756	46.661858	6.414644	
1757	46.782190	5.578576	
1758	45.684286	6.282886	
1759	44.931207	6.810175	
1760	44.753861	5.973117	
1761	43.578874	6.068228	
1762	43.491159	5.833281	
1763	42.962278	5.130642	
1764	42.949723	6.513019	
1765	42.325851	6.848221	
1766	41.516367	6.163042	
1767	41.130033	6.484494	
1768	40.382484	6.330791	
1769	39.972122	6.368701	
1770	39.246759	6.479823	
1771	38.475620	6.088766	
1772	38.043619	5.595089	
1773	37.411644	5.657227	
1774	36.734158	5.430555	
1775	36.622081	5.362332	
1776	36.124710	5.804635	
1777	35.123493	5.750578	
1778	34.460555	6.260608	
1779	34.222495	6.324904	
1780	33.882864	5.670877	
1781	33.291487	5.703079	
1782	32.343520	5.425495	
1783	31.662362	5.217221	
1784	30.934631	5.526737	
1785	30.773736	5.576013	
1786	30.305771	6.246046	
1787	29.271199	5.606908	
1788	30.142484	6.381734	
1789	29.133277	6.607930	
1790	27.652369	5.070181	
1791	27.696117	5.374006	
1792	26.265354	5.638643	
1793	26.190707	5.640061	
1794	25.562229	5.818839	
1795	24.473533	6.480019	
1796	24.685782	6.792660	
1797	24.435277	6.405168	
1798	23.145949	5.884825	
1799	22.598735	5.919909	
1800	21.757455	6.466970	
1801	21.423783	6.531740	
1802	21.022828	6.474099	
1803	20.339068	6.405953	
1804	19.830417	6.218134	
1805	18.825927	6.131440	
1806	18.287547	6.127345	
1807	17.504645	5.972032	
1808	17.193390	6.213967	
1809	16.716493	7.223584	
1810	17.494640	5.478746	
1811	16.692850	5.706420	
1812	14.577066	6.820795	
1813	14.289550	6.518775	
1814	13.205439	6.676291	
1815	13.005916	6.662607	
1816	12.596870	6.915592	
1817	12.054228	6.482440	
1818	11.558471	6.928734	
1819	10.506974	7.156503	
1820	10.132594	7.202342	
1821	9.717701	7.131308	
1822	9.238591	7.530396	
1823	8.317557	7.706166	
1824	7.444270	7.338493	
1825	6.624891	7.464105	
1826	5.997308	7.646575	
1827	5.201360	7.680083	
1828	4.582568	7.779458	
1829	4.015442	7.823725	
1830	3.269102	7.791897	
1831	2.468893	7.418008	
1832	1.257233	7.791898	
1833	1.136774	6.971044	
1834	-0.486849	11.518127	
1835	-1.489150	12.292722	
1836	-0.810812	6.569667	
1837	-2.786989	11.364299	
1838	-3.460532	11.044732	
1839	-3.685313	7.346579	
1840	-4.286567	8.112121	
1841	-4.492664	7.548197	
1842	-5.252892	7.873273	
1843	-5.472754	7.979173	
1844	-5.960808	7.451844	
1845	-8.541080	7.583077	
1846	-8.972889	8.069546	
1847	-8.043945	7.763441	
1848	-10.227278	7.538403	
1849	-10.903146	8.281918	
1850	-10.252517	8.364145	
1851	-11.758733	7.009592	
1852	-12.448132	7.841321	
1853	-13.623085	7.725252	
1854	-15.329021	11.028727	
1855	-17.003145	15.031270	
1856	-17.804669	15.042187	
1857	-16.727926	11.267691	
1858	-18.017456	12.786984	
1859	-18.993940	15.707431	
1860	-19.363399	14.744854	
1861	-19.781464	12.494996	
1862	-19.177478	8.545833	
1863	-19.918989	9.120837	
1864	-20.607665	9.100250	
1865	-21.102237	9.538834	
1866	-21.167409	9.299578	
1867	-21.831071	9.574849	
1868	-22.754331	10.360833	
1869	-23.216865	10.325428	
1870	-24.019559	9.831720	
1871	-24.996910	10.066922	
1872	-26.118195	10.886400	
1873	-27.923966	12.185691	
1874	-27.788681	11.334712	
1875	-27.354341	10.236977	
1876	-27.754324	10.675605	
1877	-28.581849	10.832363	
1878	-29.593092	10.642528	
1879	-29.569181	11.495666	
1880	-30.061728	11.547584	
1881	-30.259482	11.175345	
1882	-31.028441	11.674045	
1883	-31.596155	10.828916	
1884	-33.386832	15.205709	
1885	-36.059714	20.577279	
1886	-34.458053	13.568148	
1887	-35.482310	16.632933	
1888	-36.311662	16.826710	
1889	-35.344168	11.148543	
1890	-35.866265	13.002740	
1891	-36.336916	13.075023	
1892	-37.410501	13.925395	
1893	-38.159567	14.429247	
1894	-38.440002	14.356381	
1895	-39.224737	14.450687	
1896	-39.256713	14.425659	
1897	-39.414651	14.000519	
1898	-40.220561	13.889768	
1899	-40.355994	14.185113	
1900	-40.851795	14.384518	
1901	-41.356666	15.030261	
1902	-41.838568	15.613533	
1903	-42.355342	15.787376	
1904	-42.705308	16.234000	
1905	-43.284478	16.379755	
1906	-43.997376	16.398482	
1907	-44.471606	16.366265	
1908	-45.115895	17.114290	
1909	-45.399853	16.384038	
1910	-45.373220	15.314310	
1911	-46.079156	16.370301	
1912	-47.144183	17.855101	
1913	-47.166732	18.609259	
1914	-47.350229	18.466408	
1915	-48.642035	19.196863	
1916	-49.775110	19.864073	
1917	-50.020817	19.820239	
1918	-50.384112	20.149385	
1919	-50.544268	20.085995	
1920	-51.132810	19.673857	
1921	-51.987796	20.129254	
1922	-52.066786	20.755044	
1923	-52.429962	21.123809	
1924	-52.822278	21.825773	
1925	-53.391177	22.075322	
1926	-54.148173	22.335814	
1927	-54.731113	22.865413	
1928	-54.974208	23.382362	
1929	-55.337234	24.111139	
1930	-55.498855	24.633437	
1931	-55.598912	24.919956	
1932	-56.039457	25.651925	
1933	-56.249674	26.482689	
1934	-56.645927	26.576151	
1935	-57.326412	26.680308	
1936	-57.380519	26.824885	
1937	-57.507297	27.061875	
1938	-58.432542	26.782415	
1939	-58.886443	27.304280	
1940	-58.773504	27.720097	
1941	-59.368210	27.770903	
1942	-59.865103	28.417277	
1943	-59.817873	28.856627	
1944	-60.280473	29.292850	
1945	-60.800643	29.645917	
1946	-61.363099	29.821231	
1947	-61.624814	29.996552	
1948	-61.814970	30.420461	
1949	-62.092631	30.823771	
1950	-62.099560	31.483463	
1951	-62.414512	31.933624	
1952	-62.422463	31.899006	
1953	-62.509316	32.058043	
1954	-62.738946	32.335389	
1955	-62.996720	32.616879	
1956	-63.694074	33.242032	
1957	-64.339477	33.159054	
1958	-64.380013	33.005189	
1959	-64.331909	33.151920	
1960	-63.831672	32.717388	
1961	-63.629997	32.735787	
1962	-63.912931	32.995385	
1963	-63.594138	33.098990	
1964	-63.662200	33.509939	
1965	-63.958764	33.957248	
1966	-63.809799	34.210875	
1967	-63.790643	34.336725	
1968	-63.705272	34.492341	
1969	-63.781738	34.839763	
1970	-63.837667	34.952364	
1971	-63.635989	34.969537	
1972	-63.962338	34.917102	
1973	-64.106792	34.838687	
1974	-64.152620	34.614754	
1975	-64.297951	34.625385	
1976	-64.157658	34.470751	
1977	-64.098431	34.321322	
1978	-64.397386	34.798812	
1979	-64.516803	34.740812	
1980	-64.506020	34.875716	
1981	-64.425031	35.039017	
1982	-64.396460	34.980307	
1983	-64.562243	34.692537	
1984	-64.887178	34.729035	
1985	-65.242245	35.040884	
1986	-64.818417	34.707376	
1987	-65.134852	35.281770	
1988	-65.265189	35.371463	
1989	-64.901218	34.952262	
1990	-65.829892	35.726580	
1991	-65.406522	35.814133	
1992	-65.083281	35.782297	
1993	-65.747721	36.230391	
1994	-65.584672	36.245482	
1995	-65.683618	36.024257	
1996	-65.862570	35.964042	
1997	-65.925773	36.272308	
1998	-66.018951	36.455943	
1999	-65.919271	36.354079	
2000	-66.262606	36.629625	
2001	-66.273092	36.030363	
2002	-66.204624	35.903331	
2003	-66.561418	36.484272	
2004	-66.609938	36.302341	
2005	-66.595699	36.315766	
2006	-66.751010	36.201121	
2007	-66.943111	36.369913	
2008	-66.794469	36.680314	
2009	-66.771481	36.587253	
2010	-66.673108	36.446269	
2011	-66.538189	36.415658	
2012	-66.886987	36.660083	
2013	-67.207119	36.884020	
2014	-66.769013	36.499828	
2015	-66.929919	36.840151	
2016	-66.650677	36.557567	
2017	-66.735064	36.859228	
2018	-67.327029	37.347481	
2019	-66.694852	36.404457	
2020	-66.829304	36.653164	
2021	-66.829339	36.973522	
2022	-66.306487	36.564988	
2023	-66.421131	36.643174	
2024	-66.598538	36.997518	
2025	-66.611081	37.070696	
2026	-66.600388	36.984597	
2027	-66.470070	36.736058	
2028	-66.362522	36.774389	
2029	-66.280866	37.030633	
2030	-66.529250	36.980947	
2031	-66.465244	36.969747	
2032	-66.388807	37.179793	
2033	-66.469753	36.728763	
2034	-66.654085	36.668148	
2035	-66.682767	36.784053	
2036	-66.764007	36.689369	
2037	-66.931954	36.861005	
2038	-66.649941	36.908526	
2039	-66.708783	36.899447	
2040	-67.146084	37.300312	
2041	-66.866185	37.122649	
2042	-66.285985	36.644509	
2043	-66.764791	36.708716	
2044	-67.011201	36.254714	
2045	-66.057630	35.806465	
2046	-66.056059	35.924828	
2047	-66.298436	36.008914	
2048	-66.192944	36.161380	
2049	-66.783648	36.615992	
2050	-66.731295	36.461711	
2051	-66.081058	35.841057	
2052	-65.960346	35.783279	
2053	-66.383950	36.238704	
2054	-66.244315	36.080161	
2055	-66.039798	35.933240	
2056	-66.361682	36.080696	
2057	-66.272691	36.004383	
2058	-66.090819	36.391668	
2059	-66.205552	36.642551	
2060	-65.998803	36.065193	
2061	-66.032434	35.908025	
2062	-65.965216	36.196810	
2063	-66.337792	36.206857	
2064	-66.159050	36.137084	
2065	-66.517931	36.465424	
2066	-67.267250	36.657984	
2067	-66.662025	36.265627	
2068	-67.033409	36.526331	
2069	-66.944185	36.644812	
2070	-66.710997	36.188604	
2071	-66.821303	36.001831	
2072	-66.588565	36.026347	
