Athlete_Engineering	// User ID
11-2-2021	// Evaluation date
P010_WALK3	27-1-2021	16:08:15:405	// Source file name and timestamp
250.000	// Sampling rate
6.469	// Data capture period



Sample #	Right_Leg_Flexion	Right_Leg_Abduction	
0	-68.784493	24.652448	
1	-68.525269	24.198076	
2	-68.306574	24.032991	
3	-68.189488	24.153656	
4	-68.249598	23.461314	
5	-67.869983	23.198135	
6	-67.864456	21.814379	
7	-70.497584	25.954752	
8	-70.399315	25.575658	
9	-70.592459	25.513908	
10	-69.158028	25.025464	
11	-70.326688	26.058818	
12	-68.225313	24.320339	
13	-68.912798	24.712040	
14	-68.931529	24.792591	
15	-68.997223	25.335916	
16	-68.392226	24.639142	
17	-68.714582	25.349527	
18	-68.759212	25.072043	
19	-68.623571	25.047932	
20	-68.704223	25.029480	
21	-68.598830	25.515333	
22	-68.372796	25.662407	
23	-68.185884	24.927780	
24	-70.241088	26.842638	
25	-70.322998	27.380792	
26	-70.520599	26.732296	
27	-70.033030	25.966037	
28	-67.727771	23.732182	
29	-67.939552	23.338292	
30	-69.172345	24.597060	
31	-69.118748	25.388045	
32	-70.462741	27.075332	
33	-70.198017	27.710106	
34	-68.931644	26.304451	
35	-68.967025	25.985019	
36	-69.177841	26.395638	
37	-68.701924	26.277157	
38	-68.407177	25.443740	
39	-68.284628	25.606783	
40	-68.497611	25.794902	
41	-68.965416	26.701655	
42	-68.866095	24.879015	
43	-68.787142	24.976787	
44	-69.414262	24.868020	
45	-68.052196	23.977305	
46	-66.924313	23.610673	
47	-68.777393	25.451660	
48	-68.812966	25.556444	
49	-68.898672	25.455008	
50	-68.893468	26.221754	
51	-68.996134	25.533875	
52	-68.675476	24.786668	
53	-68.525497	25.306651	
54	-68.193360	25.395295	
55	-67.895134	24.784219	
56	-68.294093	25.706814	
57	-68.266234	25.782163	
58	-68.865115	25.691849	
59	-68.833530	26.466320	
60	-68.518110	25.768855	
61	-69.184636	26.097905	
62	-68.915394	26.309832	
63	-68.988891	26.097885	
64	-68.694002	25.744071	
65	-69.721971	27.238879	
66	-68.644700	26.262355	
67	-68.466693	26.732379	
68	-66.411917	25.081470	
69	-66.265821	25.403924	
70	-67.603192	26.318434	
71	-67.735248	25.680078	
72	-67.603656	23.989090	
73	-67.233001	23.164484	
74	-67.786170	24.001612	
75	-67.991632	24.296369	
76	-67.930897	26.086929	
77	-68.048243	25.679742	
78	-68.029724	26.991995	
79	-69.523099	27.694783	
80	-67.923958	24.099822	
81	-67.986410	25.027525	
82	-67.661497	25.091470	
83	-67.188775	25.131227	
84	-65.754711	23.585555	
85	-67.268457	22.889554	
86	-67.586749	22.781036	
87	-66.123803	21.577987	
88	-67.544740	24.471097	
89	-67.490011	24.711871	
90	-66.758248	23.962879	
91	-66.675673	22.674940	
92	-66.754783	22.565549	
93	-66.837012	22.467285	
94	-66.726606	22.471598	
95	-66.060317	22.388507	
96	-65.586171	22.357457	
97	-63.823888	20.398688	
98	-64.663089	19.384908	
99	-65.132105	21.493866	
100	-65.629679	22.689179	
101	-64.893834	20.992315	
102	-64.827431	21.842940	
103	-64.554634	22.521707	
104	-64.390627	22.081961	
105	-64.440176	23.018443	
106	-64.044807	21.888220	
107	-64.905274	22.958068	
108	-65.472732	23.413758	
109	-64.882866	22.515221	
110	-62.568236	21.964259	
111	-62.266792	20.403636	
112	-63.129689	20.802994	
113	-61.263139	19.209707	
114	-62.347911	20.543940	
115	-62.232687	19.592601	
116	-62.005820	20.178997	
117	-61.538544	20.021918	
118	-61.584588	20.335356	
119	-60.526195	20.395372	
120	-62.084260	19.887182	
121	-59.994373	19.243556	
122	-59.987409	18.728151	
123	-61.009421	19.432161	
124	-59.142367	17.860140	
125	-57.832573	18.627735	
126	-58.285447	17.879886	
127	-56.731751	17.469859	
128	-56.927430	17.012364	
129	-56.451234	17.867568	
130	-55.648403	16.258273	
131	-55.355171	15.672207	
132	-56.252448	14.869697	
133	-54.098613	14.208420	
134	-55.250554	14.902909	
135	-52.812086	13.241523	
136	-52.135498	13.622440	
137	-50.826031	12.703630	
138	-50.275140	11.728103	
139	-47.988815	11.448649	
140	-48.496321	11.624755	
141	-47.982492	11.921451	
142	-47.074434	11.933995	
143	-46.985037	11.390189	
144	-46.507037	11.641017	
145	-45.853950	11.399705	
146	-45.574603	10.711188	
147	-44.389068	10.639318	
148	-42.173010	9.392023	
149	-41.834570	7.923735	
150	-42.199239	8.995082	
151	-42.198195	8.460154	
152	-41.150035	8.326414	
153	-39.114157	7.446610	
154	-38.663865	7.395368	
155	-37.981823	7.668122	
156	-39.475959	6.931281	
157	-39.283674	7.208279	
158	-38.892186	7.224458	
159	-36.267240	5.589651	
160	-35.753841	5.861750	
161	-38.460796	5.521810	
162	-36.312038	6.172201	
163	-34.612369	4.262111	
164	-34.455370	4.145515	
165	-35.310196	4.221186	
166	-35.885822	4.457630	
167	-33.140005	3.286503	
168	-34.616384	2.067240	
169	-33.899699	3.415956	
170	-32.707458	1.803856	
171	-32.926369	3.046098	
172	-33.225846	2.488078	
173	-32.884677	2.217214	
174	-31.382398	0.388169	
175	-33.208850	1.048432	
176	-32.266654	1.575156	
177	-30.521176	0.867888	
178	-31.658861	-0.220596	
179	-30.928847	1.233063	
180	-29.538852	-0.273426	
181	-29.339143	-0.559121	
182	-30.214488	1.135822	
183	-28.323555	0.108338	
184	-28.523877	-0.719422	
185	-28.995193	-1.296110	
186	-28.545415	-1.820106	
187	-29.243093	-0.457798	
188	-28.375685	-2.305367	
189	-29.276221	-2.775413	
190	-29.749569	-1.415119	
191	-27.359895	-1.634028	
192	-27.863470	-2.528786	
193	-26.993231	-2.625891	
194	-29.593291	-4.053323	
195	-27.300638	-3.621537	
196	-28.637865	-3.850115	
197	-26.572165	-3.096921	
198	-25.222295	-2.695807	
199	-26.412836	-3.397024	
200	-27.112958	-3.817981	
201	-26.925668	-3.695862	
202	-28.051351	-4.534852	
203	-26.810810	-3.793502	
204	-26.621624	-4.303450	
205	-26.730013	-4.592242	
206	-26.609898	-4.842785	
207	-25.749643	-3.623100	
208	-25.962221	-3.767245	
209	-28.922854	-5.116531	
210	-27.231367	-4.743164	
211	-28.383128	-4.837983	
212	-26.727450	-4.755970	
213	-28.871763	-4.871263	
214	-28.617892	-4.068988	
215	-28.239340	-5.050479	
216	-26.769374	-3.779184	
217	-30.119292	-5.661849	
218	-27.711170	-3.884271	
219	-25.923702	-2.685724	
220	-28.166536	-4.203255	
221	-28.423637	-4.598552	
222	-28.361283	-4.693826	
223	-28.947159	-3.969608	
224	-28.985007	-4.947156	
225	-29.358334	-4.626918	
226	-27.263333	-3.709310	
227	-29.603334	-4.732843	
228	-29.913322	-4.975098	
229	-29.894593	-3.808394	
230	-30.045931	-4.622389	
231	-30.678081	-3.048085	
232	-30.959087	-3.828374	
233	-30.332420	-3.885760	
234	-28.534726	-3.797071	
235	-28.595012	-3.218406	
236	-33.387204	-4.344289	
237	-29.788978	-2.939762	
238	-33.983296	-4.670500	
239	-31.553570	-3.275682	
240	-30.453371	-2.655707	
241	-32.475024	-3.609425	
242	-31.916514	-3.159927	
243	-32.080019	-3.581735	
244	-31.511356	-2.700693	
245	-32.996544	-3.231496	
246	-31.609679	-3.007946	
247	-32.423077	-2.337287	
248	-33.133056	-2.288997	
249	-32.876195	-2.981159	
250	-32.715844	-2.615102	
251	-33.059427	-4.363891	
252	-33.007196	-5.034367	
253	-33.456205	-3.939189	
254	-32.605819	-2.872496	
255	-33.519275	-3.829691	
256	-33.304935	-4.996160	
257	-32.954190	-4.163017	
258	-33.182798	-3.694713	
259	-33.292443	-4.020175	
260	-32.857085	-4.281672	
261	-33.227511	-4.815326	
262	-32.993437	-6.148709	
263	-33.125055	-5.043002	
264	-32.466453	-6.055030	
265	-32.876702	-6.739284	
266	-32.610150	-6.484970	
267	-32.907618	-6.848382	
268	-32.742231	-6.884441	
269	-32.602539	-6.381772	
270	-31.818718	-3.797313	
271	-32.156750	-5.505429	
272	-32.170339	-5.393484	
273	-35.201887	-5.779438	
274	-34.050874	-4.236292	
275	-33.699701	-6.308550	
276	-33.754085	-7.052925	
277	-33.306496	-6.019892	
278	-34.751228	-7.388681	
279	-34.301844	-6.221949	
280	-34.520984	-5.760801	
281	-34.427848	-6.043126	
282	-35.415727	-5.793310	
283	-35.275448	-5.761646	
284	-38.216095	-3.419110	
285	-35.783816	-4.441172	
286	-36.054787	-3.918418	
287	-36.962772	-4.454151	
288	-36.639079	-3.984545	
289	-37.052977	-3.894554	
290	-37.682300	-4.562640	
291	-37.895322	-3.362011	
292	-38.467375	-4.078992	
293	-38.470900	-4.968401	
294	-38.840059	-4.869313	
295	-38.600594	-3.812408	
296	-43.197623	-7.388453	
297	-42.384038	-6.042381	
298	-42.363031	-5.863812	
299	-42.843285	-5.633019	
300	-42.518939	-6.329001	
301	-42.881906	-5.831056	
302	-42.689892	-5.427739	
303	-43.837207	-5.822005	
304	-44.559022	-5.570100	
305	-42.768957	-4.800820	
306	-44.298838	-4.541870	
307	-43.039948	-2.687010	
308	-44.317952	-3.372661	
309	-44.123431	-4.747687	
310	-45.779648	-5.222583	
311	-46.379513	-5.096119	
312	-47.099926	-4.818001	
313	-46.723447	-4.482544	
314	-49.997730	-3.036127	
315	-47.930519	-5.063718	
316	-47.940378	-4.754747	
317	-48.912922	-5.174797	
318	-47.945018	-3.844652	
319	-48.731499	-4.424249	
320	-51.733389	-3.663892	
321	-48.885880	-4.659028	
322	-47.500571	-4.141429	
323	-48.917071	-2.563930	
324	-47.383631	0.904962	
325	-50.271791	-0.169399	
326	-54.043659	-2.936828	
327	-49.986547	1.535295	
328	-51.243778	-1.300371	
329	-51.561680	-1.661216	
330	-50.787235	1.825704	
331	-51.123974	2.140606	
332	-55.516871	0.754838	
333	-52.270123	1.811310	
334	-56.484148	-16.456026	
335	-51.091308	3.888134	
336	-51.080474	6.861604	
337	-54.761776	0.156303	
338	-53.011988	4.450314	
339	-53.002359	1.553620	
340	-54.315937	2.276756	
341	-53.185044	2.445756	
342	-54.959780	2.486749	
343	-55.629477	4.039941	
344	-49.356905	4.632463	
345	-48.548899	4.085010	
346	-51.131101	4.293987	
347	-50.783273	4.339763	
348	-51.547107	4.260265	
349	-52.654569	5.147568	
350	-51.915803	4.487137	
351	-50.707504	5.666103	
352	-51.505684	5.428665	
353	-53.144716	5.263092	
354	-51.562816	5.817672	
355	-51.934027	5.766919	
356	-53.458006	6.555659	
357	-53.775959	6.557095	
358	-53.449709	6.520566	
359	-54.953986	6.644772	
360	-50.694460	6.259565	
361	-57.316466	7.426507	
362	-54.578469	7.300595	
363	-58.116778	7.667521	
364	-55.868603	7.935121	
365	-57.765631	7.463980	
366	-54.456051	6.343263	
367	-54.857266	7.164512	
368	-58.305949	8.214225	
369	-55.563244	7.125693	
370	-60.988748	8.972447	
371	-54.152282	8.685252	
372	-55.895615	6.059840	
373	-55.771377	7.601444	
374	-56.148604	8.599403	
375	-61.795451	9.533256	
376	-57.110571	8.446472	
377	-57.087861	7.602679	
378	-56.783286	7.467545	
379	-60.971572	10.489302	
380	-60.559442	9.418287	
381	-58.817182	9.608320	
382	-62.852261	9.930588	
383	-56.755427	10.026690	
384	-62.971198	12.737420	
385	-59.058001	10.617629	
386	-58.783758	10.085545	
387	-59.608603	9.233043	
388	-58.376736	10.968826	
389	-63.388830	13.192594	
390	-60.685093	11.590610	
391	-60.995029	11.892016	
392	-60.556557	11.436626	
393	-61.147585	13.025505	
394	-66.613233	13.696942	
395	-62.417832	12.573179	
396	-62.313453	11.857285	
397	-67.356568	13.943700	
398	-67.513637	13.166825	
399	-62.518122	12.484055	
400	-59.945893	12.788555	
401	-63.577640	13.890264	
402	-63.482340	14.290726	
403	-63.608812	14.017582	
404	-63.226838	13.074063	
405	-62.831537	12.170691	
406	-63.860120	13.431883	
407	-64.228803	13.435419	
408	-64.373066	13.919422	
409	-61.577603	12.045147	
410	-58.058755	8.901794	
411	-58.518910	8.891008	
412	-58.497787	8.105956	
413	-65.591727	13.840329	
414	-67.505302	14.394381	
415	-67.843950	14.627426	
416	-72.617965	15.641446	
417	-66.900135	13.706720	
418	-67.157784	13.252318	
419	-67.767632	14.036513	
420	-68.532406	15.492583	
421	-66.842988	15.784627	
422	-73.572896	18.160836	
423	-67.366258	16.425724	
424	-67.782111	15.525402	
425	-67.457191	15.240653	
426	-67.632649	16.663427	
427	-67.536176	16.613085	
428	-67.266154	15.171431	
429	-67.567015	15.232784	
430	-67.509462	16.166964	
431	-67.228118	15.493903	
432	-66.822750	14.891568	
433	-66.646776	15.405528	
434	-66.589267	16.159607	
435	-66.451423	15.157301	
436	-67.301605	17.057877	
437	-66.347650	13.647459	
438	-65.659761	15.912475	
439	-66.248637	16.038827	
440	-66.018484	17.014664	
441	-65.181087	14.207624	
442	-65.965595	15.550150	
443	-65.654209	14.866207	
444	-65.254893	14.814091	
445	-61.491024	13.923282	
446	-67.368137	19.059808	
447	-65.114747	15.856057	
448	-63.375576	17.599351	
449	-62.052433	15.038454	
450	-61.563379	15.518924	
451	-60.944453	15.925013	
452	-59.682012	15.604374	
453	-59.050634	15.502786	
454	-59.055754	15.316186	
455	-57.715985	14.605868	
456	-57.042522	13.825713	
457	-55.689364	15.210755	
458	-54.722893	15.059643	
459	-54.359818	13.790066	
460	-50.530145	13.912260	
461	-53.435805	14.515302	
462	-59.370550	16.396542	
463	-52.600182	14.439532	
464	-52.788320	14.561007	
465	-50.903806	15.269779	
466	-49.879059	15.966874	
467	-50.625747	14.871698	
468	-55.978691	15.535310	
469	-54.783392	14.677850	
470	-51.813883	14.487727	
471	-54.352817	14.512370	
472	-51.807054	14.171619	
473	-51.816397	14.595502	
474	-50.853226	14.275450	
475	-43.743951	13.691094	
476	-49.008431	13.350612	
477	-47.778057	13.357656	
478	-49.865589	14.402506	
479	-46.119848	13.658807	
480	-40.895063	13.336297	
481	-45.371291	13.064721	
482	-44.896894	12.008784	
483	-44.551775	11.081395	
484	-44.980472	10.651431	
485	-43.194177	10.780218	
486	-43.057406	9.550440	
487	-43.280081	7.328942	
488	-44.960460	8.466050	
489	-42.401947	7.766716	
490	-41.549440	6.561219	
491	-40.951860	7.491202	
492	-40.321465	6.922251	
493	-39.926297	4.254415	
494	-39.807935	5.095804	
495	-38.831301	5.110244	
496	-38.960088	4.091728	
497	-40.938823	2.604936	
498	-39.026657	4.111764	
499	-37.125233	3.569511	
500	-37.748054	2.148905	
501	-37.587030	2.571761	
502	-36.389199	1.911100	
503	-37.139989	0.806340	
504	-34.878073	2.068035	
505	-36.751720	1.494774	
506	-35.620528	0.840839	
507	-34.828455	-0.199958	
508	-35.101765	-0.441716	
509	-28.897098	2.420624	
510	-34.272642	-0.302719	
511	-34.599029	-1.059088	
512	-28.954874	0.244959	
513	-33.995817	-1.942516	
514	-24.892328	3.703584	
515	-28.577577	0.697540	
516	-34.891137	-1.314117	
517	-36.380864	-4.432552	
518	-34.470979	-2.774094	
519	-27.316262	0.872198	
520	-27.458922	1.320071	
521	-28.223229	0.578254	
522	-24.093969	2.595014	
523	-30.591388	-1.842188	
524	-28.406130	-0.187881	
525	-22.934139	-0.779180	
526	-29.321068	-1.345044	
527	-29.003501	4.601757	
528	-23.512781	1.203239	
529	-30.371132	-0.774540	
530	-26.549065	-2.720886	
531	-33.269269	-2.836613	
532	-34.276650	-3.879662	
533	-31.756478	-0.223884	
534	-26.987717	-1.655402	
535	-30.412089	0.515380	
536	-30.247594	1.067239	
537	-35.754674	-1.658157	
538	-31.340999	1.869672	
539	-34.269639	0.185578	
540	-33.881715	0.653546	
541	-32.000275	2.018824	
542	-32.491631	1.959961	
543	-40.003681	6.695997	
544	-34.236368	3.245259	
545	-33.827824	2.989497	
546	-35.074732	2.930351	
547	-35.614703	3.523690	
548	-35.371038	3.082767	
549	-39.838029	1.029531	
550	-35.766721	3.076220	
551	-38.921513	1.934222	
552	-36.123546	3.655317	
553	-42.540839	3.898163	
554	-40.505581	2.133526	
555	-39.987418	2.194947	
556	-36.155123	3.116810	
557	-47.020757	-3.852452	
558	-46.649571	-3.187556	
559	-41.154745	3.555727	
560	-42.302491	-0.301958	
561	-32.286170	-1.082018	
562	-36.501239	2.175645	
563	-33.039457	-0.742305	
564	-35.586309	1.820761	
565	-39.591791	2.731895	
566	-38.576307	0.295560	
567	-35.934007	0.957583	
568	-35.049276	-2.739988	
569	-40.186231	-1.577541	
570	-41.576097	-2.448674	
571	-42.458173	-2.765727	
572	-39.142763	-1.291226	
573	-46.862248	-6.028955	
574	-36.924930	0.172309	
575	-37.835365	0.811319	
576	-40.255269	-1.696644	
577	-39.978506	-1.341609	
578	-36.283110	0.723053	
579	-39.580737	-0.532011	
580	-43.140573	1.020121	
581	-40.178499	-0.767235	
582	-40.007678	2.725453	
583	-38.611953	0.967512	
584	-40.630057	1.951458	
585	-36.747360	-0.337837	
586	-39.569207	1.320329	
587	-37.364414	-0.066967	
588	-36.732727	-0.477814	
589	-41.025851	-1.578531	
590	-41.915530	0.346524	
591	-38.475865	-0.602900	
592	-41.117379	-1.686623	
593	-39.619650	-1.242683	
594	-39.312034	-0.837202	
595	-40.979492	-0.459068	
596	-36.912352	0.274667	
597	-47.868025	-4.864398	
598	-39.559571	-0.204119	
599	-39.330171	-0.123964	
600	-40.247649	-0.547694	
601	-41.876488	-0.735822	
602	-42.143070	-0.948835	
603	-42.350482	-1.069609	
604	-42.739201	2.090484	
605	-41.829533	-1.875684	
606	-42.016022	-1.238234	
607	-39.811867	-0.233976	
608	-41.051829	1.119439	
609	-53.175072	-5.673861	
610	-47.337057	-2.506634	
611	-40.618304	-2.375141	
612	-40.681552	-0.610952	
613	-42.081974	-0.538224	
614	-41.577125	-0.139471	
615	-53.574247	-5.869341	
616	-42.861125	-0.169042	
617	-43.223672	0.127290	
618	-45.351723	-0.473308	
619	-53.732732	-4.965700	
620	-45.815078	-0.863601	
621	-55.091840	-3.162640	
622	-45.643457	8.877756	
623	-46.787932	7.490111	
624	-49.106197	-1.282199	
625	-48.029332	-0.351399	
626	-48.259372	0.579960	
627	-40.229088	0.679581	
628	-47.489776	-1.337490	
629	-44.512207	1.639625	
630	-45.461705	1.617077	
631	-58.442873	-1.710250	
632	-47.094479	9.489178	
633	-49.370381	8.063422	
634	-48.241492	9.269412	
635	-48.342734	1.834988	
636	-47.590883	2.457981	
637	-43.772257	0.510586	
638	-44.239350	1.456359	
639	-47.990428	1.012006	
640	-53.179683	2.389680	
641	-52.309465	2.355699	
642	-63.248293	-0.161050	
643	-52.404559	2.918065	
644	-51.394732	11.023499	
645	-53.597433	11.170731	
646	-50.543198	2.794926	
647	-56.519295	3.017294	
648	-55.461262	3.732595	
649	-52.029362	4.268897	
650	-59.011847	1.563214	
651	-66.539879	3.293508	
652	-57.060571	3.126524	
653	-59.345064	4.408928	
654	-57.800197	4.816858	
655	-57.355705	4.291871	
656	-55.206515	4.837995	
657	-60.812667	6.719258	
658	-60.101506	5.791642	
659	-56.386013	6.710910	
660	-59.685743	7.237065	
661	-61.974650	5.946942	
662	-62.262939	7.001946	
663	-59.030384	5.815486	
664	-56.919134	4.498309	
665	-60.015687	6.688227	
666	-61.004165	8.082813	
667	-56.933606	6.126574	
668	-63.582654	8.742274	
669	-56.538801	7.341429	
670	-63.181927	8.882113	
671	-67.787253	9.007771	
672	-64.801175	8.975097	
673	-64.862891	10.209982	
674	-61.894221	9.867710	
675	-55.536163	6.621756	
676	-62.710435	9.099938	
677	-65.528920	12.701833	
678	-65.999281	11.149284	
679	-58.446627	8.566887	
680	-58.747018	7.436006	
681	-59.736074	7.678334	
682	-55.350136	7.918627	
683	-58.753077	7.401211	
684	-79.767472	20.633635	
685	-82.172222	34.290190	
686	-73.149161	21.587387	
687	-61.150176	11.914571	
688	-73.181568	21.485346	
689	-74.838218	16.085096	
690	-62.592449	-4.614924	
691	-63.456880	-5.968761	
692	-61.207962	8.920028	
693	-46.570576	4.466490	
694	-62.866712	10.148197	
695	-62.846368	10.786381	
696	-64.820613	11.949055	
697	-64.096530	11.205995	
698	-66.378270	10.048478	
699	-73.839389	7.009016	
700	-65.102229	10.631208	
701	-73.041961	18.476439	
702	-57.158902	4.369941	
703	-74.211971	23.612887	
704	-65.903300	11.627593	
705	-67.755792	11.858558	
706	-65.245862	13.153665	
707	-66.219555	12.746248	
708	-67.252617	13.751640	
709	-75.317815	17.524257	
710	-74.365991	17.545651	
711	-62.943706	7.960378	
712	-69.815184	24.195698	
713	-72.182967	16.646403	
714	-70.153118	11.259487	
715	-69.940520	11.500233	
716	-66.094869	7.294756	
717	-70.614877	9.968003	
718	-70.579632	10.308401	
719	-71.875445	10.877867	
720	-70.278845	24.047870	
721	-70.799182	11.284215	
722	-71.053129	10.462563	
723	-66.199380	8.977170	
724	-65.689799	6.071850	
725	-68.167390	7.352668	
726	-65.232052	8.296836	
727	-66.303251	7.396506	
728	-64.778815	9.114020	
729	-65.294447	7.845089	
730	-66.866471	10.154326	
731	-69.237874	9.094359	
732	-68.444972	8.801079	
733	-68.937989	9.478944	
734	-64.757673	6.703505	
735	-67.679279	8.444622	
736	-67.629342	9.415811	
737	-65.867363	5.926423	
738	-54.264580	2.539761	
739	-66.226728	9.925889	
740	-62.021779	9.437516	
741	-66.209413	11.023058	
742	-66.124938	12.398544	
743	-65.981339	12.813393	
744	-55.186260	7.070577	
745	-49.090512	4.129096	
746	-58.136932	9.714735	
747	-62.947252	14.894449	
748	-60.907500	12.169139	
749	-53.194253	11.885274	
750	-53.521424	8.882880	
751	-62.601100	17.183862	
752	-53.282303	10.113357	
753	-57.548414	15.106315	
754	-56.682336	13.973142	
755	-51.440975	10.355865	
756	-51.135866	10.966191	
757	-51.797973	18.525522	
758	-54.806990	14.064069	
759	-53.894407	13.989323	
760	-49.791069	10.024323	
761	-53.262371	14.759317	
762	-55.955183	17.373369	
763	-51.354203	14.302464	
764	-51.396567	13.957631	
765	-50.153553	13.719899	
766	-50.158431	13.589780	
767	-49.281008	12.570292	
768	-48.892370	13.456471	
769	-48.135015	13.029121	
770	-47.615099	13.280136	
771	-47.558013	12.488224	
772	-45.633834	11.948368	
773	-45.437500	13.006716	
774	-45.025385	11.779770	
775	-45.258123	11.679938	
776	-43.208258	11.562427	
777	-42.806690	10.555096	
778	-43.276792	10.111382	
779	-42.558744	10.917745	
780	-38.368840	19.360810	
781	-36.846002	12.660415	
782	-40.604778	16.559983	
783	-39.504893	9.859682	
784	-39.256198	15.524391	
785	-38.822189	15.774749	
786	-37.794525	13.611108	
787	-38.147800	7.133976	
788	-37.485864	12.412014	
789	-37.441188	7.755369	
790	-36.770906	6.532857	
791	-36.626301	6.600562	
792	-35.162677	13.589996	
793	-35.014007	12.602960	
794	-34.948428	5.372621	
795	-36.448889	9.354749	
796	-35.440270	3.584096	
797	-32.781812	8.594750	
798	-32.090481	11.936213	
799	-34.099076	3.772357	
800	-32.146521	9.219847	
801	-32.926232	1.615499	
802	-31.921865	6.537555	
803	-33.077310	0.996952	
804	-32.319759	6.529675	
805	-31.139076	1.798279	
806	-31.875775	0.617640	
807	-31.233195	5.340516	
808	-32.178946	0.152188	
809	-31.347149	-0.005284	
810	-31.602297	5.646123	
811	-35.835587	-2.865949	
812	-30.985572	0.318966	
813	-31.231935	-0.119134	
814	-30.482078	-2.256325	
815	-31.619613	-1.537948	
816	-29.302858	-1.112054	
817	-30.470468	-1.495882	
818	-30.718930	-1.095027	
819	-29.857318	-0.677085	
820	-30.166793	-0.613690	
821	-29.213993	0.183855	
822	-32.277783	-1.349614	
823	-29.748688	0.079272	
824	-30.437061	-1.405365	
825	-31.335138	-0.553095	
826	-30.755989	1.310841	
827	-29.127172	-0.799875	
828	-29.876285	1.744952	
829	-33.729483	-1.573702	
830	-31.995393	-0.868631	
831	-32.789068	-1.464514	
832	-31.972296	-1.042973	
833	-34.564402	-1.161950	
834	-33.618929	-1.986150	
835	-33.951831	1.074334	
836	-32.871287	4.212277	
837	-34.907659	0.356127	
838	-34.051781	4.527222	
839	-33.624587	3.105090	
840	-35.761092	2.573690	
841	-35.158700	5.747984	
842	-37.647176	2.058570	
843	-34.776200	2.827455	
844	-37.235633	2.830393	
845	-37.113345	2.067103	
846	-35.498968	3.306309	
847	-38.029110	3.001500	
848	-33.849935	4.018375	
849	-35.229746	0.216389	
850	-37.024295	-0.948184	
851	-36.185665	-3.873638	
852	-36.956260	-1.612848	
853	-36.357122	0.072094	
854	-35.778977	2.734313	
855	-35.444491	1.913314	
856	-34.694264	2.175962	
857	-35.291135	-1.048934	
858	-33.710844	-0.152822	
859	-32.992446	3.670709	
860	-32.937344	4.173828	
861	-32.898669	5.299816	
862	-32.080142	4.019855	
863	-34.746237	-1.446495	
864	-35.176626	0.176837	
865	-36.317481	-4.066677	
866	-35.378326	-6.643012	
867	-33.328238	-3.443778	
868	NaN	NaN	
869	NaN	NaN	
870	NaN	NaN	
871	NaN	NaN	
872	NaN	NaN	
873	NaN	NaN	
874	NaN	NaN	
875	NaN	NaN	
876	NaN	NaN	
877	NaN	NaN	
878	NaN	NaN	
879	NaN	NaN	
880	NaN	NaN	
881	NaN	NaN	
882	NaN	NaN	
883	NaN	NaN	
884	NaN	NaN	
885	NaN	NaN	
886	NaN	NaN	
887	NaN	NaN	
888	NaN	NaN	
889	NaN	NaN	
890	NaN	NaN	
891	NaN	NaN	
892	NaN	NaN	
893	NaN	NaN	
894	NaN	NaN	
895	NaN	NaN	
896	NaN	NaN	
897	NaN	NaN	
898	NaN	NaN	
899	-42.325968	1.331354	
900	-43.301402	4.255548	
901	-43.859991	0.289690	
902	-45.054252	1.736809	
903	-45.434460	1.944190	
904	-44.225977	1.336045	
905	-44.643204	1.374225	
906	-44.899476	1.311844	
907	NaN	NaN	
908	-44.833978	1.028994	
909	-44.954843	-0.012426	
910	-43.694909	3.759699	
911	-45.388950	-0.326460	
912	-46.424844	2.398924	
913	-46.153067	0.964034	
914	NaN	NaN	
915	NaN	NaN	
916	NaN	NaN	
917	NaN	NaN	
918	NaN	NaN	
919	NaN	NaN	
920	NaN	NaN	
921	NaN	NaN	
922	NaN	NaN	
923	NaN	NaN	
924	NaN	NaN	
925	NaN	NaN	
926	NaN	NaN	
927	NaN	NaN	
928	-37.385080	-0.082873	
929	-52.432630	0.663256	
930	-47.286265	3.724779	
931	-52.885797	4.988520	
932	-49.767895	1.736443	
933	-44.042676	20.943989	
934	-42.220066	25.231465	
935	-48.588927	4.432226	
936	-44.075709	11.696715	
937	-46.761198	24.997050	
938	-50.792118	9.767350	
939	-48.330173	-12.966147	
940	-53.113193	3.700793	
941	NaN	NaN	
942	-49.283377	24.409954	
943	-54.947609	-38.396209	
944	-59.767319	-32.993102	
945	-49.561645	-31.134613	
946	-50.678286	-31.449058	
947	-52.674523	-43.478041	
948	-53.083216	-41.304426	
949	-49.281741	-37.010935	
950	NaN	NaN	
951	-56.103026	28.063484	
952	-54.789342	31.061714	
953	-54.689085	31.178039	
954	-51.191660	27.916740	
955	-53.461447	29.909066	
956	-56.195390	-44.550051	
957	-58.718541	-42.830470	
958	-57.980940	-33.966497	
959	-60.702865	-44.230517	
960	-54.235362	-13.759856	
961	-58.677776	-41.789348	
962	-56.760548	-6.803824	
963	-56.437400	-4.640942	
964	-59.860088	7.693110	
965	-62.541366	7.394826	
966	NaN	NaN	
967	-59.051547	6.780039	
968	NaN	NaN	
969	-54.000627	9.071029	
970	-55.949256	11.331147	
971	NaN	NaN	
972	NaN	NaN	
973	NaN	NaN	
974	NaN	NaN	
975	NaN	NaN	
976	NaN	NaN	
977	NaN	NaN	
978	-64.185446	-88.713833	
979	-141.376211	-94.523108	
980	-130.301982	-96.397403	
981	-142.653624	-97.475749	
982	-142.505840	-97.428517	
983	-135.321993	-96.604954	
984	-158.263821	-96.267299	
985	-150.299458	-96.013887	
986	NaN	NaN	
987	-12.893159	-77.432027	
988	-132.336486	-94.702597	
989	-138.313470	-96.826838	
990	NaN	NaN	
991	NaN	NaN	
992	NaN	NaN	
993	NaN	NaN	
994	NaN	NaN	
995	NaN	NaN	
996	NaN	NaN	
997	NaN	NaN	
998	NaN	NaN	
999	NaN	NaN	
1000	NaN	NaN	
1001	NaN	NaN	
1002	NaN	NaN	
1003	NaN	NaN	
1004	NaN	NaN	
1005	NaN	NaN	
1006	NaN	NaN	
1007	NaN	NaN	
1008	NaN	NaN	
1009	NaN	NaN	
1010	NaN	NaN	
1011	NaN	NaN	
1012	NaN	NaN	
1013	NaN	NaN	
1014	NaN	NaN	
1015	NaN	NaN	
1016	NaN	NaN	
1017	NaN	NaN	
1018	NaN	NaN	
1019	NaN	NaN	
1020	NaN	NaN	
1021	NaN	NaN	
1022	NaN	NaN	
1023	NaN	NaN	
1024	NaN	NaN	
1025	NaN	NaN	
1026	NaN	NaN	
1027	NaN	NaN	
1028	NaN	NaN	
1029	NaN	NaN	
1030	NaN	NaN	
1031	NaN	NaN	
1032	NaN	NaN	
1033	NaN	NaN	
1034	-165.603597	167.063484	
1035	-175.159371	170.437080	
1036	-174.205321	168.909165	
1037	-168.754891	161.472073	
1038	-168.295461	161.482962	
1039	-173.521729	-174.181130	
1040	-172.788861	-172.909181	
1041	-169.895415	-171.414002	
1042	-169.749649	-171.284890	
1043	-170.071145	-175.174555	
1044	-169.141732	-175.028758	
1045	NaN	NaN	
1046	NaN	NaN	
1047	NaN	NaN	
1048	NaN	NaN	
1049	NaN	NaN	
1050	NaN	NaN	
1051	NaN	NaN	
1052	NaN	NaN	
1053	NaN	NaN	
1054	NaN	NaN	
1055	NaN	NaN	
1056	NaN	NaN	
1057	-170.824102	-166.474303	
1058	-169.094664	-162.660296	
1059	-171.488651	172.082545	
1060	-171.813638	176.404679	
1061	-176.950076	178.687489	
1062	NaN	NaN	
1063	NaN	NaN	
1064	NaN	NaN	
1065	NaN	NaN	
1066	NaN	NaN	
1067	NaN	NaN	
1068	NaN	NaN	
1069	NaN	NaN	
1070	NaN	NaN	
1071	NaN	NaN	
1072	NaN	NaN	
1073	NaN	NaN	
1074	NaN	NaN	
1075	NaN	NaN	
1076	NaN	NaN	
1077	NaN	NaN	
1078	NaN	NaN	
1079	NaN	NaN	
1080	NaN	NaN	
1081	NaN	NaN	
1082	NaN	NaN	
1083	NaN	NaN	
1084	NaN	NaN	
1085	NaN	NaN	
1086	NaN	NaN	
1087	NaN	NaN	
1088	NaN	NaN	
1089	NaN	NaN	
1090	NaN	NaN	
1091	NaN	NaN	
1092	NaN	NaN	
1093	NaN	NaN	
1094	NaN	NaN	
1095	NaN	NaN	
1096	NaN	NaN	
1097	NaN	NaN	
1098	NaN	NaN	
1099	NaN	NaN	
1100	NaN	NaN	
1101	NaN	NaN	
1102	NaN	NaN	
1103	NaN	NaN	
1104	NaN	NaN	
1105	NaN	NaN	
1106	NaN	NaN	
1107	NaN	NaN	
1108	NaN	NaN	
1109	NaN	NaN	
1110	NaN	NaN	
1111	NaN	NaN	
1112	NaN	NaN	
1113	NaN	NaN	
1114	NaN	NaN	
1115	NaN	NaN	
1116	NaN	NaN	
1117	NaN	NaN	
1118	NaN	NaN	
1119	NaN	NaN	
1120	NaN	NaN	
1121	NaN	NaN	
1122	NaN	NaN	
1123	NaN	NaN	
1124	NaN	NaN	
1125	NaN	NaN	
1126	NaN	NaN	
1127	NaN	NaN	
1128	NaN	NaN	
1129	NaN	NaN	
1130	NaN	NaN	
1131	NaN	NaN	
1132	NaN	NaN	
1133	NaN	NaN	
1134	NaN	NaN	
1135	NaN	NaN	
1136	NaN	NaN	
1137	NaN	NaN	
1138	NaN	NaN	
1139	NaN	NaN	
1140	NaN	NaN	
1141	NaN	NaN	
1142	NaN	NaN	
1143	NaN	NaN	
1144	NaN	NaN	
1145	NaN	NaN	
1146	NaN	NaN	
1147	NaN	NaN	
1148	NaN	NaN	
1149	NaN	NaN	
1150	NaN	NaN	
1151	NaN	NaN	
1152	NaN	NaN	
1153	NaN	NaN	
1154	NaN	NaN	
1155	NaN	NaN	
1156	NaN	NaN	
1157	NaN	NaN	
1158	NaN	NaN	
1159	NaN	NaN	
1160	NaN	NaN	
1161	NaN	NaN	
1162	NaN	NaN	
1163	NaN	NaN	
1164	NaN	NaN	
1165	NaN	NaN	
1166	NaN	NaN	
1167	NaN	NaN	
1168	NaN	NaN	
1169	NaN	NaN	
1170	NaN	NaN	
1171	NaN	NaN	
1172	NaN	NaN	
1173	NaN	NaN	
1174	NaN	NaN	
1175	NaN	NaN	
1176	NaN	NaN	
1177	NaN	NaN	
1178	NaN	NaN	
1179	NaN	NaN	
1180	NaN	NaN	
1181	NaN	NaN	
1182	NaN	NaN	
1183	NaN	NaN	
1184	NaN	NaN	
1185	NaN	NaN	
1186	NaN	NaN	
1187	NaN	NaN	
1188	NaN	NaN	
1189	NaN	NaN	
1190	NaN	NaN	
1191	NaN	NaN	
1192	NaN	NaN	
1193	NaN	NaN	
1194	NaN	NaN	
1195	NaN	NaN	
1196	NaN	NaN	
1197	NaN	NaN	
1198	NaN	NaN	
1199	NaN	NaN	
1200	NaN	NaN	
1201	NaN	NaN	
1202	NaN	NaN	
1203	NaN	NaN	
1204	NaN	NaN	
1205	NaN	NaN	
1206	NaN	NaN	
1207	NaN	NaN	
1208	NaN	NaN	
1209	NaN	NaN	
1210	NaN	NaN	
1211	NaN	NaN	
1212	NaN	NaN	
1213	NaN	NaN	
1214	NaN	NaN	
1215	NaN	NaN	
1216	NaN	NaN	
1217	NaN	NaN	
1218	NaN	NaN	
1219	NaN	NaN	
1220	NaN	NaN	
1221	NaN	NaN	
1222	NaN	NaN	
1223	NaN	NaN	
1224	NaN	NaN	
1225	NaN	NaN	
1226	NaN	NaN	
1227	NaN	NaN	
1228	NaN	NaN	
1229	NaN	NaN	
1230	NaN	NaN	
1231	NaN	NaN	
1232	NaN	NaN	
1233	NaN	NaN	
1234	NaN	NaN	
1235	NaN	NaN	
1236	NaN	NaN	
1237	NaN	NaN	
1238	NaN	NaN	
1239	NaN	NaN	
1240	NaN	NaN	
1241	NaN	NaN	
1242	NaN	NaN	
1243	NaN	NaN	
1244	NaN	NaN	
1245	NaN	NaN	
1246	NaN	NaN	
1247	NaN	NaN	
1248	NaN	NaN	
1249	NaN	NaN	
1250	NaN	NaN	
1251	NaN	NaN	
1252	NaN	NaN	
1253	NaN	NaN	
1254	NaN	NaN	
1255	NaN	NaN	
1256	NaN	NaN	
1257	NaN	NaN	
1258	NaN	NaN	
1259	NaN	NaN	
1260	NaN	NaN	
1261	NaN	NaN	
1262	NaN	NaN	
1263	NaN	NaN	
1264	NaN	NaN	
1265	NaN	NaN	
1266	NaN	NaN	
1267	NaN	NaN	
1268	NaN	NaN	
1269	NaN	NaN	
1270	NaN	NaN	
1271	NaN	NaN	
1272	NaN	NaN	
1273	NaN	NaN	
1274	NaN	NaN	
1275	NaN	NaN	
1276	NaN	NaN	
1277	NaN	NaN	
1278	NaN	NaN	
1279	NaN	NaN	
1280	NaN	NaN	
1281	NaN	NaN	
1282	NaN	NaN	
1283	NaN	NaN	
1284	NaN	NaN	
1285	NaN	NaN	
1286	NaN	NaN	
1287	NaN	NaN	
1288	NaN	NaN	
1289	NaN	NaN	
1290	NaN	NaN	
1291	NaN	NaN	
1292	NaN	NaN	
1293	NaN	NaN	
1294	NaN	NaN	
1295	NaN	NaN	
1296	NaN	NaN	
1297	NaN	NaN	
1298	NaN	NaN	
1299	NaN	NaN	
1300	NaN	NaN	
1301	NaN	NaN	
1302	NaN	NaN	
1303	NaN	NaN	
1304	NaN	NaN	
1305	NaN	NaN	
1306	NaN	NaN	
1307	NaN	NaN	
1308	NaN	NaN	
1309	NaN	NaN	
1310	NaN	NaN	
1311	NaN	NaN	
1312	NaN	NaN	
1313	NaN	NaN	
1314	NaN	NaN	
1315	NaN	NaN	
1316	NaN	NaN	
1317	NaN	NaN	
1318	NaN	NaN	
1319	NaN	NaN	
1320	NaN	NaN	
1321	NaN	NaN	
1322	NaN	NaN	
1323	NaN	NaN	
1324	NaN	NaN	
1325	NaN	NaN	
1326	NaN	NaN	
1327	NaN	NaN	
1328	NaN	NaN	
1329	NaN	NaN	
1330	NaN	NaN	
1331	NaN	NaN	
1332	NaN	NaN	
1333	NaN	NaN	
1334	NaN	NaN	
1335	NaN	NaN	
1336	NaN	NaN	
1337	NaN	NaN	
1338	NaN	NaN	
1339	NaN	NaN	
1340	NaN	NaN	
1341	NaN	NaN	
1342	NaN	NaN	
1343	NaN	NaN	
1344	NaN	NaN	
1345	NaN	NaN	
1346	NaN	NaN	
1347	NaN	NaN	
1348	NaN	NaN	
1349	NaN	NaN	
1350	NaN	NaN	
1351	NaN	NaN	
1352	NaN	NaN	
1353	NaN	NaN	
1354	NaN	NaN	
1355	NaN	NaN	
1356	NaN	NaN	
1357	NaN	NaN	
1358	NaN	NaN	
1359	NaN	NaN	
1360	NaN	NaN	
1361	NaN	NaN	
1362	NaN	NaN	
1363	NaN	NaN	
1364	NaN	NaN	
1365	NaN	NaN	
1366	NaN	NaN	
1367	NaN	NaN	
1368	NaN	NaN	
1369	NaN	NaN	
1370	NaN	NaN	
1371	NaN	NaN	
1372	NaN	NaN	
1373	NaN	NaN	
1374	NaN	NaN	
1375	NaN	NaN	
1376	NaN	NaN	
1377	NaN	NaN	
1378	NaN	NaN	
1379	NaN	NaN	
1380	NaN	NaN	
1381	NaN	NaN	
1382	NaN	NaN	
1383	NaN	NaN	
1384	NaN	NaN	
1385	NaN	NaN	
1386	NaN	NaN	
1387	NaN	NaN	
1388	NaN	NaN	
1389	NaN	NaN	
1390	NaN	NaN	
1391	NaN	NaN	
1392	NaN	NaN	
1393	NaN	NaN	
1394	NaN	NaN	
1395	NaN	NaN	
1396	NaN	NaN	
1397	NaN	NaN	
1398	NaN	NaN	
1399	NaN	NaN	
1400	NaN	NaN	
1401	NaN	NaN	
1402	NaN	NaN	
1403	NaN	NaN	
1404	NaN	NaN	
1405	NaN	NaN	
1406	NaN	NaN	
1407	NaN	NaN	
1408	NaN	NaN	
1409	NaN	NaN	
1410	NaN	NaN	
1411	NaN	NaN	
1412	NaN	NaN	
1413	NaN	NaN	
1414	NaN	NaN	
1415	NaN	NaN	
1416	NaN	NaN	
1417	NaN	NaN	
1418	NaN	NaN	
1419	NaN	NaN	
1420	NaN	NaN	
1421	NaN	NaN	
1422	NaN	NaN	
1423	NaN	NaN	
1424	NaN	NaN	
1425	NaN	NaN	
1426	NaN	NaN	
1427	NaN	NaN	
1428	NaN	NaN	
1429	NaN	NaN	
1430	NaN	NaN	
1431	NaN	NaN	
1432	NaN	NaN	
1433	NaN	NaN	
1434	NaN	NaN	
1435	NaN	NaN	
1436	NaN	NaN	
1437	NaN	NaN	
1438	NaN	NaN	
1439	NaN	NaN	
1440	NaN	NaN	
1441	NaN	NaN	
1442	NaN	NaN	
1443	NaN	NaN	
1444	NaN	NaN	
1445	NaN	NaN	
1446	NaN	NaN	
1447	NaN	NaN	
1448	NaN	NaN	
1449	NaN	NaN	
1450	NaN	NaN	
1451	NaN	NaN	
1452	NaN	NaN	
1453	NaN	NaN	
1454	NaN	NaN	
1455	NaN	NaN	
1456	NaN	NaN	
1457	NaN	NaN	
1458	NaN	NaN	
1459	NaN	NaN	
1460	NaN	NaN	
1461	NaN	NaN	
1462	NaN	NaN	
1463	NaN	NaN	
1464	NaN	NaN	
1465	NaN	NaN	
1466	NaN	NaN	
1467	NaN	NaN	
1468	NaN	NaN	
1469	NaN	NaN	
1470	NaN	NaN	
1471	NaN	NaN	
1472	NaN	NaN	
1473	NaN	NaN	
1474	NaN	NaN	
1475	NaN	NaN	
1476	NaN	NaN	
1477	NaN	NaN	
1478	NaN	NaN	
1479	NaN	NaN	
1480	NaN	NaN	
1481	NaN	NaN	
1482	NaN	NaN	
1483	NaN	NaN	
1484	NaN	NaN	
1485	NaN	NaN	
1486	NaN	NaN	
1487	NaN	NaN	
1488	NaN	NaN	
1489	NaN	NaN	
1490	NaN	NaN	
1491	NaN	NaN	
1492	NaN	NaN	
1493	NaN	NaN	
1494	NaN	NaN	
1495	NaN	NaN	
1496	NaN	NaN	
1497	NaN	NaN	
1498	NaN	NaN	
1499	NaN	NaN	
1500	NaN	NaN	
1501	NaN	NaN	
1502	NaN	NaN	
1503	NaN	NaN	
1504	NaN	NaN	
1505	NaN	NaN	
1506	NaN	NaN	
1507	NaN	NaN	
1508	NaN	NaN	
1509	NaN	NaN	
1510	NaN	NaN	
1511	NaN	NaN	
1512	NaN	NaN	
1513	NaN	NaN	
1514	NaN	NaN	
1515	NaN	NaN	
1516	NaN	NaN	
1517	NaN	NaN	
1518	NaN	NaN	
1519	NaN	NaN	
1520	NaN	NaN	
1521	NaN	NaN	
1522	NaN	NaN	
1523	NaN	NaN	
1524	NaN	NaN	
1525	NaN	NaN	
1526	NaN	NaN	
1527	NaN	NaN	
1528	NaN	NaN	
1529	NaN	NaN	
1530	NaN	NaN	
1531	NaN	NaN	
1532	NaN	NaN	
1533	NaN	NaN	
1534	NaN	NaN	
1535	NaN	NaN	
1536	NaN	NaN	
1537	NaN	NaN	
1538	NaN	NaN	
1539	NaN	NaN	
1540	NaN	NaN	
1541	NaN	NaN	
1542	NaN	NaN	
1543	NaN	NaN	
1544	NaN	NaN	
1545	NaN	NaN	
1546	NaN	NaN	
1547	NaN	NaN	
1548	NaN	NaN	
1549	NaN	NaN	
1550	NaN	NaN	
1551	NaN	NaN	
1552	NaN	NaN	
1553	NaN	NaN	
1554	NaN	NaN	
1555	NaN	NaN	
1556	NaN	NaN	
1557	NaN	NaN	
1558	NaN	NaN	
1559	NaN	NaN	
1560	NaN	NaN	
1561	NaN	NaN	
1562	NaN	NaN	
1563	NaN	NaN	
1564	NaN	NaN	
1565	NaN	NaN	
1566	NaN	NaN	
1567	NaN	NaN	
1568	NaN	NaN	
1569	NaN	NaN	
1570	NaN	NaN	
1571	NaN	NaN	
1572	NaN	NaN	
1573	NaN	NaN	
1574	NaN	NaN	
1575	NaN	NaN	
1576	NaN	NaN	
1577	NaN	NaN	
1578	NaN	NaN	
1579	NaN	NaN	
1580	NaN	NaN	
1581	NaN	NaN	
1582	NaN	NaN	
1583	NaN	NaN	
1584	NaN	NaN	
1585	NaN	NaN	
1586	NaN	NaN	
1587	NaN	NaN	
1588	NaN	NaN	
1589	NaN	NaN	
1590	NaN	NaN	
1591	NaN	NaN	
1592	NaN	NaN	
1593	NaN	NaN	
1594	NaN	NaN	
1595	NaN	NaN	
1596	NaN	NaN	
1597	NaN	NaN	
1598	NaN	NaN	
1599	NaN	NaN	
1600	NaN	NaN	
1601	NaN	NaN	
1602	NaN	NaN	
1603	NaN	NaN	
1604	NaN	NaN	
1605	NaN	NaN	
1606	NaN	NaN	
1607	NaN	NaN	
1608	NaN	NaN	
1609	NaN	NaN	
1610	NaN	NaN	
1611	NaN	NaN	
1612	NaN	NaN	
1613	NaN	NaN	
1614	NaN	NaN	
1615	NaN	NaN	
1616	NaN	NaN	
1617	NaN	NaN	
