Athlete_Engineering	// User ID
11-2-2021	// Evaluation date
P010_WALK2	27-1-2021	16:07:25:691	// Source file name and timestamp
250.000	// Sampling rate
5.416	// Data capture period



Sample #	Right_Leg_Flexion	Right_Leg_Abduction	
0	-65.249409	24.425764	
1	-65.126844	19.555459	
2	-65.243189	21.901419	
3	-64.118679	22.757365	
4	-63.620171	27.319286	
5	-63.029735	26.469931	
6	-64.578782	27.708810	
7	-67.760018	31.180898	
8	-67.959486	29.300562	
9	-67.439228	24.566701	
10	-68.110661	27.679039	
11	-67.394896	25.722704	
12	-64.436256	23.125949	
13	-67.064992	30.627949	
14	-62.766097	26.668102	
15	-62.685351	27.361554	
16	-62.524568	27.226938	
17	-62.989954	27.852872	
18	-63.049336	28.326459	
19	-62.972321	28.210632	
20	-62.870074	28.513086	
21	-62.893066	28.127123	
22	-63.014114	26.708258	
23	-62.935549	28.511038	
24	-62.916188	28.096080	
25	-62.868146	27.354314	
26	-63.548844	26.684948	
27	-64.188879	27.532267	
28	-62.900637	27.215249	
29	-64.719793	28.191769	
30	-68.552249	30.926222	
31	-66.126652	29.614221	
32	-62.574068	24.733628	
33	-62.834097	19.589511	
34	-63.857329	28.321729	
35	-66.768880	29.679909	
36	-63.872730	27.258290	
37	-64.451110	26.723367	
38	-64.084473	29.006120	
39	-64.161181	27.455804	
40	-66.329594	28.977467	
41	-67.476966	31.565030	
42	-63.356686	28.590574	
43	-64.150293	29.070678	
44	-64.900298	29.375425	
45	-64.352962	29.236745	
46	-63.580231	29.205707	
47	-63.357715	29.246960	
48	-63.498464	29.026917	
49	-66.090451	31.603540	
50	-62.962250	30.677211	
51	-63.373019	27.820211	
52	-65.323371	26.051290	
53	-69.259891	32.002760	
54	-69.153094	29.193346	
55	-68.697917	30.595743	
56	-64.226387	25.395094	
57	-64.404536	27.729172	
58	-64.138181	27.558762	
59	-64.214598	24.191702	
60	-62.961676	29.163292	
61	-62.984739	28.397793	
62	-62.394372	28.244927	
63	-63.287837	28.635526	
64	-62.486544	28.684935	
65	-64.038926	29.611509	
66	-66.299682	31.340486	
67	-62.267344	27.584325	
68	-63.116630	27.653609	
69	-63.538071	27.130888	
70	-66.805109	28.713466	
71	-64.411916	27.742682	
72	-67.291204	30.936691	
73	-62.791806	22.322485	
74	-63.182078	29.233784	
75	-63.365196	29.529700	
76	-63.543238	25.612498	
77	-63.629922	23.152081	
78	-63.200605	26.785013	
79	-64.847839	26.087173	
80	-68.484389	27.448357	
81	-63.099632	22.929717	
82	-65.913273	24.500366	
83	-66.975277	26.965933	
84	-63.231762	21.069671	
85	-63.488360	20.991870	
86	-64.545047	25.006479	
87	-64.124102	24.963742	
88	-64.298805	22.642056	
89	-63.693985	23.111301	
90	-62.109143	22.551244	
91	-63.045290	21.927556	
92	-62.667323	21.508890	
93	-64.761716	22.955407	
94	-67.299474	24.252187	
95	-63.132688	18.433769	
96	-62.848222	18.662125	
97	-61.417242	20.835932	
98	-61.167123	21.765609	
99	-61.394777	22.560607	
100	-62.037154	21.252522	
101	-61.902369	20.798143	
102	-60.372283	19.730713	
103	-61.253913	18.489022	
104	-61.567830	19.034391	
105	-61.732066	20.733777	
106	-60.791097	19.654661	
107	-60.189670	18.397091	
108	-59.557336	18.289050	
109	-59.472102	24.191203	
110	-59.060071	21.037268	
111	-58.908519	16.971419	
112	-56.221392	25.680766	
113	-54.959945	21.341152	
114	-55.999927	19.339013	
115	-56.637982	13.038324	
116	-55.537471	15.059145	
117	-55.860188	12.565642	
118	-55.260949	12.153128	
119	-53.786236	13.980980	
120	-52.390077	19.260830	
121	-51.148895	18.393318	
122	-49.994673	19.115544	
123	-50.166406	18.206824	
124	-51.093045	16.954113	
125	-50.312087	16.131789	
126	-49.909127	16.006653	
127	-48.911218	15.025589	
128	-48.347086	16.341112	
129	-47.150436	16.759368	
130	-45.679369	15.323147	
131	-46.109377	15.264965	
132	-47.559132	13.321775	
133	-45.603680	13.726233	
134	-44.399507	13.677970	
135	-42.984308	13.942109	
136	-44.897556	11.963812	
137	-44.654487	10.867894	
138	-43.835987	10.430302	
139	-43.127745	9.464141	
140	-42.588444	9.354586	
141	-41.541275	9.587275	
142	-40.971406	8.196547	
143	-41.370185	9.334116	
144	-43.649149	11.705191	
145	-41.929579	10.318926	
146	-38.656732	8.099786	
147	-38.074112	8.472737	
148	-38.094295	7.380982	
149	-37.226589	6.810613	
150	-36.519304	7.672093	
151	-36.522814	6.510724	
152	-37.334247	6.109256	
153	-39.061253	7.405243	
154	-38.508303	6.892772	
155	-38.359975	7.102062	
156	-37.522605	6.795136	
157	-36.777845	6.641619	
158	-36.347290	6.794528	
159	-36.960379	6.638242	
160	-36.640324	3.870222	
161	-35.770812	2.046582	
162	-35.439434	7.659826	
163	-36.129300	4.768889	
164	-34.582987	7.434069	
165	-34.977813	6.145852	
166	-34.716628	7.073084	
167	-34.529226	6.574277	
168	-32.830049	7.303930	
169	-30.377360	9.023120	
170	-30.845021	7.690596	
171	-30.919930	6.619915	
172	-30.233704	6.297321	
173	-30.961426	1.513003	
174	-30.450336	2.204004	
175	-29.799469	0.788926	
176	-28.056940	1.252940	
177	-25.946216	3.278810	
178	-27.756860	1.264095	
179	-24.429635	4.542610	
180	-27.494968	5.878035	
181	-27.454977	3.993485	
182	-28.141773	1.593409	
183	-27.682330	2.501563	
184	-27.987507	1.712544	
185	-27.254229	1.565755	
186	-24.087833	0.150144	
187	-24.916670	-1.798485	
188	-24.458091	-1.314546	
189	-24.121921	-0.927397	
190	-24.340496	-1.823490	
191	-24.800398	-0.669204	
192	-25.258066	-0.738661	
193	-24.560639	-1.896481	
194	-25.101582	-2.419903	
195	-24.575292	-1.628756	
196	-24.777464	-0.954386	
197	-25.004545	-1.198446	
198	-24.951566	-1.674263	
199	-24.979004	-0.851973	
200	-25.073980	-1.343308	
201	-25.351648	-1.700405	
202	-25.488119	-2.650186	
203	-25.814713	-2.637369	
204	-26.661575	-0.629007	
205	-26.675599	-1.087916	
206	-27.544483	-2.916353	
207	-25.846309	-1.508536	
208	-26.202870	-1.765442	
209	-26.032999	-2.440845	
210	-26.499189	-2.731828	
211	-26.382518	-1.539155	
212	-26.618230	-1.763476	
213	-27.408507	-1.853590	
214	-27.549949	-2.021040	
215	-31.202513	-0.491173	
216	-30.306132	-0.621961	
217	-27.976095	-2.092635	
218	-31.169375	-2.271546	
219	-28.815876	-2.903406	
220	-28.172260	-1.094100	
221	-29.188156	-2.657887	
222	-28.890519	-1.340551	
223	-28.677101	-1.124611	
224	-28.184033	-0.820535	
225	-28.461241	-0.920408	
226	-28.790671	-0.770075	
227	-29.257056	-1.865399	
228	-29.382383	-1.716531	
229	-29.607607	-1.679466	
230	-30.671577	-2.010994	
231	-30.899711	-1.596968	
232	-30.674822	-1.280780	
233	-30.704390	-2.705885	
234	-29.870545	-1.100358	
235	-30.503586	-2.019325	
236	-30.584563	-3.246769	
237	-30.028565	-2.540393	
238	-30.250229	-1.849750	
239	-30.793845	-3.626245	
240	-30.122824	-1.604862	
241	-30.730284	-1.684872	
242	-31.925079	-3.362227	
243	-30.639610	-3.413239	
244	-31.028418	-2.561906	
245	-31.378015	-2.086923	
246	-31.204562	-2.009368	
247	-32.446994	-3.786105	
248	-32.758103	-4.602977	
249	-32.616110	-4.327250	
250	-31.503403	-2.651829	
251	-32.195739	-3.358356	
252	-32.572491	-3.985495	
253	-33.087275	-4.354081	
254	-34.208915	-6.002111	
255	-33.570793	-3.784337	
256	-34.434331	-4.681246	
257	-33.629885	-3.437270	
258	-35.897972	-5.485177	
259	-34.784388	-4.539353	
260	-35.305728	-4.713814	
261	-35.565293	-5.707531	
262	-36.833455	-3.129494	
263	-37.288946	-3.446861	
264	-37.547733	-3.459021	
265	-36.625150	-3.264582	
266	-35.981761	-1.149490	
267	-37.317191	-2.428587	
268	-36.953578	-2.383074	
269	-36.489040	-0.519404	
270	-37.006129	-2.085281	
271	-37.429373	-2.539042	
272	-38.241736	-3.661378	
273	-37.852223	-4.958314	
274	-38.555334	-5.444452	
275	-39.471018	-5.440406	
276	-38.941335	-3.308351	
277	-38.420733	-0.818793	
278	-39.118660	-1.848556	
279	-39.792185	-2.995158	
280	-39.749496	-0.958498	
281	-40.123996	-1.585435	
282	-40.045323	-2.061558	
283	-39.683529	-2.067930	
284	-40.474686	-0.860563	
285	-40.394731	-0.584131	
286	-40.771557	0.088922	
287	-41.062026	0.224485	
288	-41.521288	-2.591245	
289	-42.074657	-2.159648	
290	-42.160166	-1.741820	
291	-42.037230	-2.056231	
292	-43.096546	-1.337563	
293	-42.838699	-0.992827	
294	-43.343055	-1.265597	
295	-44.825299	-1.591650	
296	-44.624507	-2.284945	
297	-44.819459	-0.997451	
298	-45.412652	-2.040031	
299	-44.896336	-1.988910	
300	-44.970452	-0.168220	
301	-44.970275	-0.407963	
302	-45.012344	-0.549980	
303	-46.057301	-0.980896	
304	-45.989549	0.008389	
305	-46.681848	-0.796626	
306	-45.946397	1.541229	
307	-42.899888	9.730887	
308	-46.668947	1.394318	
309	-46.714575	0.792798	
310	-47.295751	-1.899175	
311	-47.680566	-0.302023	
312	-48.107303	-0.808871	
313	-47.781004	1.706191	
314	-47.953821	1.237578	
315	-48.717276	-0.123446	
316	-48.927461	2.039123	
317	-49.166283	1.978105	
318	-48.776417	1.620682	
319	-48.255204	0.951510	
320	-49.794933	1.396064	
321	-49.924059	1.839223	
322	-50.322427	2.458689	
323	-51.018187	1.326707	
324	-50.259123	1.066807	
325	-50.810889	-0.384488	
326	-51.350480	0.721870	
327	-51.522322	1.616164	
328	-52.027481	2.063301	
329	-52.378693	3.865610	
330	-53.551502	3.153346	
331	-53.324246	4.104182	
332	-53.558342	3.745272	
333	-53.455858	3.245000	
334	-54.018654	5.364427	
335	-55.090978	5.450373	
336	-54.847444	6.455692	
337	-54.234614	5.930706	
338	-54.515375	5.190071	
339	-55.384635	4.732277	
340	-55.683793	5.208784	
341	-55.467288	4.578147	
342	-55.978719	5.994536	
343	-55.690175	5.950837	
344	-55.278234	4.440043	
345	-57.561400	5.753293	
346	-57.107110	6.282444	
347	-56.625459	6.087620	
348	-57.854491	5.990990	
349	-58.522341	6.116203	
350	-58.507368	6.936143	
351	-57.987304	5.926281	
352	-57.508760	5.653222	
353	-58.730184	7.524347	
354	-59.085984	6.850189	
355	-59.611902	7.911206	
356	-57.873174	6.878525	
357	-58.564309	7.493570	
358	-59.827152	9.540419	
359	-59.313807	8.801147	
360	-58.786875	7.940293	
361	-61.188153	9.406529	
362	-60.647785	9.792409	
363	-61.192159	9.255068	
364	-61.525745	10.324862	
365	-62.390448	10.554369	
366	-62.348685	10.333547	
367	-61.881078	10.323090	
368	-62.110029	11.279517	
369	-62.522282	11.416357	
370	-63.147716	11.557679	
371	-63.166427	12.220584	
372	-63.262573	12.475482	
373	-63.731753	11.676445	
374	-63.450473	11.349762	
375	-64.038940	10.835310	
376	-64.396994	10.716699	
377	-64.827906	12.908284	
378	-65.062912	12.721743	
379	-65.171423	12.997901	
380	-65.180949	13.093632	
381	-65.818399	12.100789	
382	-65.621456	13.296202	
383	-66.019676	12.588271	
384	-66.371458	12.671456	
385	-66.709358	12.587969	
386	-66.854847	12.486684	
387	-67.056458	13.285650	
388	-67.078688	12.502481	
389	-67.338436	11.754689	
390	-67.418339	12.833157	
391	-68.193866	12.806819	
392	-68.157562	14.169280	
393	-68.377165	14.878876	
394	-68.209806	13.758169	
395	-68.033124	12.545774	
396	-68.564856	13.766080	
397	-69.019996	13.972651	
398	-69.179656	13.582961	
399	-69.184571	13.202269	
400	-69.586937	14.905869	
401	-70.110929	15.938246	
402	-70.726528	16.093041	
403	-70.713279	15.922548	
404	-70.929015	16.311313	
405	-71.108174	16.959886	
406	-71.364566	16.801623	
407	-71.494894	16.583908	
408	-71.871562	17.405364	
409	-72.097643	17.960826	
410	-71.865271	16.898178	
411	-71.587831	17.017780	
412	-72.725533	17.576616	
413	-73.185969	17.763609	
414	-73.457658	19.451618	
415	-73.496746	18.852386	
416	-73.301024	17.617808	
417	-73.974822	18.193537	
418	-74.455369	18.763329	
419	-74.644023	18.930382	
420	-74.901494	18.364411	
421	-74.989854	18.629275	
422	-75.234998	21.816520	
423	-75.429092	20.084805	
424	-74.956561	18.767568	
425	-74.829990	19.736427	
426	-75.954305	24.614342	
427	-75.648584	20.509550	
428	-75.727937	21.764573	
429	-75.996060	22.860019	
430	-76.371253	21.349675	
431	-76.433526	22.363025	
432	-76.520171	22.029078	
433	-76.236742	22.077122	
434	-76.116134	22.157095	
435	-76.246683	21.909151	
436	-75.673640	22.408542	
437	-75.743444	22.728470	
438	-75.750272	22.201292	
439	-75.207352	20.467060	
440	-75.197218	20.324860	
441	-75.011871	21.898915	
442	-74.582198	20.106299	
443	-74.151443	23.224048	
444	-73.906684	21.887011	
445	-73.725383	20.889516	
446	-73.272751	22.653200	
447	-72.887501	21.366919	
448	-71.965005	22.484606	
449	-71.960881	23.530627	
450	-71.635771	22.985174	
451	-70.979274	22.123990	
452	-70.079858	22.490152	
453	-69.585133	21.638040	
454	-68.930706	21.468312	
455	-68.553131	21.507490	
456	-67.742421	21.588686	
457	-66.854328	22.057713	
458	-66.151079	20.618264	
459	-65.604977	20.517587	
460	-64.851924	19.761438	
461	-64.377807	21.113129	
462	-63.445012	20.173038	
463	-62.652201	19.487653	
464	-62.216790	19.464694	
465	-61.295125	19.696164	
466	-60.587216	20.358716	
467	-59.873139	19.523156	
468	-59.611788	18.794531	
469	-58.962946	18.108288	
470	-58.705786	18.166578	
471	-58.099887	18.689991	
472	-57.634773	17.734922	
473	-56.913703	17.877786	
474	-56.407785	17.780391	
475	-55.754759	16.776644	
476	-55.340144	16.722822	
477	-54.602571	15.965439	
478	-53.808701	15.712832	
479	-53.199553	14.868798	
480	-52.788701	14.338682	
481	-52.104294	13.553005	
482	-51.582886	13.738622	
483	-50.861086	13.308325	
484	-50.436181	13.339619	
485	-49.626494	11.765165	
486	-49.090216	11.835382	
487	-48.814250	11.190302	
488	-48.198449	10.907306	
489	-46.986732	10.558403	
490	-46.697382	10.249302	
491	-46.603694	9.090492	
492	-46.235235	8.376002	
493	-45.300988	7.613713	
494	-44.798485	7.252980	
495	-44.873509	6.932098	
496	-44.016919	6.549934	
497	-43.230852	6.064761	
498	-42.853821	5.828714	
499	-42.694189	5.313972	
500	-41.940487	4.453932	
501	-41.580827	4.309221	
502	-41.532396	3.933853	
503	-40.824793	3.396491	
504	-40.559303	1.815863	
505	-40.016473	2.207180	
506	-39.920142	2.369456	
507	-39.383747	2.270832	
508	-39.114627	1.384490	
509	-38.732440	1.828410	
510	-38.422642	1.363859	
511	-38.302848	0.813358	
512	-37.586648	1.003019	
513	-37.275785	0.330779	
514	-37.191766	-0.204696	
515	-37.065704	-0.239701	
516	-36.892957	-0.555291	
517	-36.063133	-0.882084	
518	-36.099680	-1.095717	
519	-36.549806	-2.065136	
520	-36.181400	-2.173510	
521	-36.197297	-2.074095	
522	-35.210769	-2.728588	
523	-35.352744	-3.083381	
524	-36.072584	-3.316264	
525	-35.672979	-3.482304	
526	-35.267108	-3.691512	
527	-34.711339	-3.280949	
528	-34.691511	-3.418948	
529	-35.119668	-4.012473	
530	-34.671431	-3.437407	
531	-34.932762	-3.660220	
532	-34.745467	-4.004241	
533	-34.544816	-3.858045	
534	-34.340028	-3.268777	
535	-34.062958	-3.009631	
536	-34.025964	-2.819889	
537	-34.370940	-2.925691	
538	-34.511192	-2.530201	
539	-34.972864	-3.296165	
540	-35.111832	-2.956866	
541	-35.729424	-2.932554	
542	-35.588096	-2.200468	
543	-35.310538	-3.124525	
544	-35.779967	-5.839520	
545	-35.166067	-1.681024	
546	-35.246200	-1.854938	
547	-35.611931	-1.469894	
548	-36.130567	-1.493567	
549	-36.197771	-1.205744	
550	-36.515730	-1.016342	
551	-36.936596	-1.028697	
552	-37.133013	-0.509354	
553	-37.549115	-0.139349	
554	-37.883176	-0.191209	
555	-38.428687	-0.150085	
556	-38.880105	-0.020578	
557	-39.055026	0.122992	
558	-39.346628	0.414900	
559	-39.806458	0.238204	
560	-39.351792	1.096730	
561	-39.496503	1.030308	
562	-39.636420	1.299075	
563	-39.567523	1.170180	
564	-39.677125	0.769128	
565	-39.144761	1.644879	
566	-39.553735	1.423629	
567	-39.542488	0.373316	
568	-39.651736	1.330208	
569	-39.783677	1.604174	
570	-39.847127	1.153547	
571	-39.705215	1.876222	
572	-39.920030	1.525955	
573	-39.930072	1.523196	
574	-39.820920	1.563087	
575	-40.084242	0.693521	
576	-39.690455	0.832161	
577	-40.184308	0.894948	
578	-39.916699	0.703825	
579	-40.116124	0.839453	
580	-40.449344	0.872277	
581	-40.750581	0.578489	
582	-40.719603	0.758443	
583	-40.862953	0.430756	
584	-41.304148	1.162461	
585	-41.615003	1.675907	
586	-42.126665	1.045611	
587	-42.358801	1.323650	
588	-42.252950	1.803022	
589	-42.400716	-0.370478	
590	-42.969402	-2.752703	
591	-42.643095	1.592012	
592	-43.020035	1.342922	
593	-43.472871	0.558841	
594	-43.565599	0.728128	
595	-44.114487	1.062765	
596	-44.342021	0.411570	
597	-44.779152	0.634768	
598	-44.640783	1.185017	
599	-44.804357	0.749165	
600	-44.979633	-0.502804	
601	-45.704640	-4.766586	
602	-45.369027	-3.196351	
603	-44.955772	-0.096799	
604	-45.635980	-4.837299	
605	-45.740708	-3.500587	
606	-45.955272	-2.731266	
607	-45.823339	-2.671763	
608	-45.733225	0.662763	
609	-46.607169	-4.134308	
610	-46.649010	-2.406456	
611	-46.656798	-0.567197	
612	-47.347657	-4.641002	
613	-48.069846	-4.422615	
614	-48.066292	-3.087771	
615	-48.167133	-1.252631	
616	-48.646193	-5.762587	
617	-49.149076	-4.676693	
618	-49.304346	-2.457270	
619	-49.237744	-5.481773	
620	-49.425132	-5.092585	
621	-49.589175	-5.249801	
622	-50.133583	-5.437133	
623	-50.130711	-4.101727	
624	-50.308844	-3.541874	
625	-51.383648	-4.647716	
626	-50.282424	-2.379444	
627	-51.358480	-5.245381	
628	-51.273155	-3.004439	
629	-52.205342	-1.456987	
630	-52.193709	-4.513007	
631	-52.373239	-0.870131	
632	-51.793750	-5.731636	
633	-52.170568	-3.722735	
634	-52.779828	-4.505907	
635	-53.124652	-4.322508	
636	-52.546955	-4.073690	
637	-52.735539	-4.054771	
638	-53.570418	-4.955618	
639	-53.939847	-3.666619	
640	-54.782721	-3.939928	
641	-54.417051	-2.740861	
642	-53.905469	0.096127	
643	-55.064120	-3.559173	
644	-55.524660	-2.727757	
645	-56.079180	-3.341567	
646	-56.026336	-2.801231	
647	-55.910779	-3.367146	
648	-56.538987	-3.066956	
649	-57.398308	-2.135135	
650	-58.025126	-3.579872	
651	-58.113016	-1.465909	
652	-58.229761	4.624143	
653	-58.893736	3.847999	
654	-59.535451	4.911118	
655	-59.902515	4.301160	
656	-60.116235	4.415626	
657	-60.152494	5.038762	
658	-60.549671	4.605818	
659	-61.042799	4.795618	
660	-61.341184	4.300839	
661	-60.929828	5.479042	
662	-61.377719	5.567392	
663	-61.716890	3.555293	
664	-61.979636	0.891827	
665	-62.222225	6.205601	
666	-62.793557	4.854450	
667	-62.428331	6.109393	
668	-62.614235	6.242469	
669	-62.889455	7.285972	
670	-63.077665	7.332714	
671	-63.366652	7.325420	
672	-62.661957	6.913643	
673	-63.667752	7.112883	
674	-64.033194	7.897988	
675	-63.756698	7.950072	
676	-63.906660	8.045445	
677	-63.996711	8.144442	
678	-63.753582	8.321330	
679	-64.295233	8.309881	
680	-64.384691	8.994933	
681	-64.314229	9.167614	
682	-64.588792	9.755410	
683	-65.003366	10.263181	
684	-64.896791	9.633444	
685	-65.440794	10.374760	
686	-65.774574	10.062486	
687	-65.623323	9.758285	
688	-66.154031	9.631495	
689	-65.794953	8.922155	
690	-65.929468	9.695409	
691	-66.370250	9.581349	
692	-66.497284	10.301309	
693	-67.044338	11.237033	
694	-67.050299	11.465147	
695	-67.154279	10.819206	
696	-67.112576	10.554364	
697	-67.286568	11.210002	
698	-68.124076	11.197908	
699	-67.718885	10.950205	
700	-67.583014	11.767208	
701	-68.344359	12.304987	
702	-68.642617	12.156648	
703	-69.025787	14.989131	
704	-69.416616	14.110458	
705	-69.323143	13.726273	
706	-69.802302	14.240639	
707	-70.065070	14.587946	
708	-70.357078	15.718552	
709	-70.554136	17.283322	
710	-70.661336	15.641738	
711	-70.898072	17.285550	
712	-71.280288	17.015584	
713	-71.623657	16.536453	
714	-71.410162	16.327086	
715	-71.888411	17.487919	
716	-72.151183	18.055913	
717	-72.312603	17.352574	
718	-72.693611	19.209001	
719	-72.621517	19.299679	
720	-72.367419	19.664816	
721	-72.520797	17.633560	
722	-73.023250	17.712259	
723	-73.006391	18.463816	
724	-73.039021	19.252429	
725	-73.150438	19.029409	
726	-73.380028	17.747014	
727	-74.056636	18.317272	
728	-73.961679	18.667403	
729	-74.263013	19.425808	
730	-74.369832	18.206102	
731	-74.830205	16.210156	
732	-74.673556	17.083066	
733	-74.922846	17.448624	
734	-75.023837	16.881606	
735	-75.233398	16.640955	
736	-75.613767	17.768472	
737	-75.266269	19.679582	
738	-75.174356	18.693862	
739	-75.308595	16.859704	
740	-75.334677	17.416036	
741	-75.257292	17.284992	
742	-75.241939	16.769134	
743	-75.547510	20.094456	
744	-74.538465	18.886653	
745	-74.345618	16.469620	
746	-73.672912	16.383991	
747	-73.127598	17.196662	
748	-73.112932	17.480267	
749	-73.191200	16.487312	
750	-72.970282	18.722776	
751	-72.241917	18.764663	
752	-72.262175	19.557718	
753	-71.697233	19.751446	
754	-70.867190	19.436375	
755	-70.386308	19.354126	
756	-69.825708	19.561730	
757	-69.385930	19.510631	
758	-68.368763	19.561290	
759	-67.587443	19.462940	
760	-67.049485	19.205492	
761	-66.464634	19.261054	
762	-65.988730	19.124806	
763	-65.264271	19.442159	
764	-64.469635	18.771319	
765	-64.046051	19.754802	
766	-63.276695	19.328293	
767	-62.722373	18.734017	
768	-62.271370	19.805276	
769	-61.630137	19.675252	
770	-61.011323	19.282096	
771	-60.338303	19.231050	
772	-59.353552	18.465627	
773	-58.966320	18.738146	
774	-57.796595	18.678420	
775	-56.868545	18.100656	
776	-56.913865	17.788211	
777	-56.226207	18.449132	
778	-56.129484	18.849390	
779	-55.479245	18.629490	
780	-54.808516	18.964951	
781	-53.705288	18.325148	
782	-52.832030	18.034445	
783	-52.438263	17.340028	
784	-52.070133	17.602123	
785	-50.980510	17.131672	
786	-50.881624	17.836977	
787	-50.306528	16.669538	
788	-49.387995	17.124038	
789	-48.249241	16.451349	
790	-47.727082	15.633700	
791	-48.309345	15.448535	
792	-47.523419	15.250251	
793	-46.775910	14.299998	
794	-45.307711	14.967239	
795	-45.336707	13.707528	
796	-44.668616	13.573580	
797	-44.844547	13.385738	
798	-44.138385	12.635789	
799	-43.487526	11.923467	
800	-42.772484	11.351392	
801	-42.335402	11.256589	
802	-42.196926	9.960373	
803	-40.663809	10.392959	
804	-40.980245	9.611400	
805	-40.278580	9.217303	
806	-41.121833	8.628005	
807	-39.621983	8.003682	
808	-38.607664	7.572094	
809	-39.216159	6.998423	
810	-38.933141	6.671031	
811	-38.153400	6.614154	
812	-37.765752	5.595108	
813	-37.986684	5.504691	
814	-38.239637	5.962910	
815	-37.792251	4.336033	
816	-36.402021	4.797673	
817	-36.385782	3.893971	
818	-36.729122	4.086598	
819	-35.635266	3.613888	
820	-35.399203	3.560208	
821	-35.640971	2.553456	
822	-35.210413	2.829285	
823	-35.392281	1.699118	
824	-35.437654	1.276868	
825	-35.382749	1.284790	
826	-35.035799	0.580428	
827	-35.250035	0.120479	
828	-34.644498	-0.370065	
829	-34.560553	-0.053426	
830	-34.434861	-0.485662	
831	-34.570323	-0.844197	
832	-35.553846	1.137897	
833	-34.392679	-1.735178	
834	-33.209129	-6.571467	
835	-34.434930	-6.306906	
836	-34.217304	-7.189769	
837	-33.433022	-7.643664	
838	-33.308768	-6.608785	
839	-33.851475	-4.751178	
840	-33.274848	-6.412171	
841	-33.589374	-4.542580	
842	-33.236990	-6.156082	
843	-35.554714	-0.425241	
844	-35.010870	-2.449515	
845	-34.378179	-5.649254	
846	-36.152671	-1.216735	
847	-35.259024	-2.217987	
848	-36.217880	-3.842059	
849	-35.938633	-2.603661	
850	-35.366128	-1.104604	
851	-35.237433	-0.423649	
852	-34.193708	-0.257604	
853	-34.515521	0.051219	
854	-35.163516	0.442816	
855	-34.953161	1.259970	
856	-35.308063	1.433216	
857	-35.454965	1.232965	
858	-36.165450	1.875191	
859	-36.776092	1.769491	
860	-37.313558	1.570003	
861	-37.563224	1.345801	
862	-37.891147	1.424206	
863	-38.102673	1.994287	
864	-37.746890	2.569141	
865	-38.415913	3.056241	
866	-39.132118	2.686208	
867	-40.218598	3.445984	
868	-40.008941	3.170734	
869	-39.798091	2.594692	
870	-40.600398	3.053816	
871	-39.898750	2.378575	
872	-40.245780	1.352702	
873	-40.333630	1.338536	
874	-41.787770	1.803887	
875	-42.305378	1.751170	
876	-41.529156	2.328447	
877	-40.688157	2.263812	
878	-40.664654	2.762593	
879	-40.310311	1.639401	
880	-40.672101	0.703173	
881	-40.422931	1.228732	
882	-40.986166	0.851925	
883	-40.628077	0.281124	
884	-40.677129	-0.046748	
885	-41.092072	-0.644800	
886	-41.245683	-0.414174	
887	-40.359725	-0.706498	
888	-40.423169	-0.649183	
889	-41.219444	-0.255191	
890	-41.862368	-0.141734	
891	-42.111993	-0.067128	
892	-41.943885	0.184904	
893	-42.566102	0.780877	
894	-43.409101	0.842540	
895	-44.358773	1.487946	
896	-44.609327	1.452529	
897	-44.130416	2.205509	
898	-44.868910	3.333420	
899	-45.008514	3.115547	
900	-45.450405	1.244161	
901	-45.612389	2.720334	
902	-45.422349	3.276580	
903	NaN	NaN	
904	NaN	NaN	
905	NaN	NaN	
906	NaN	NaN	
907	NaN	NaN	
908	NaN	NaN	
909	NaN	NaN	
910	NaN	NaN	
911	NaN	NaN	
912	NaN	NaN	
913	NaN	NaN	
914	NaN	NaN	
915	NaN	NaN	
916	NaN	NaN	
917	NaN	NaN	
918	NaN	NaN	
919	NaN	NaN	
920	NaN	NaN	
921	NaN	NaN	
922	NaN	NaN	
923	NaN	NaN	
924	NaN	NaN	
925	NaN	NaN	
926	NaN	NaN	
927	NaN	NaN	
928	NaN	NaN	
929	NaN	NaN	
930	NaN	NaN	
931	NaN	NaN	
932	NaN	NaN	
933	NaN	NaN	
934	NaN	NaN	
935	NaN	NaN	
936	NaN	NaN	
937	NaN	NaN	
938	NaN	NaN	
939	NaN	NaN	
940	NaN	NaN	
941	NaN	NaN	
942	NaN	NaN	
943	NaN	NaN	
944	NaN	NaN	
945	NaN	NaN	
946	NaN	NaN	
947	NaN	NaN	
948	NaN	NaN	
949	NaN	NaN	
950	NaN	NaN	
951	NaN	NaN	
952	NaN	NaN	
953	NaN	NaN	
954	NaN	NaN	
955	NaN	NaN	
956	NaN	NaN	
957	NaN	NaN	
958	NaN	NaN	
959	NaN	NaN	
960	NaN	NaN	
961	NaN	NaN	
962	NaN	NaN	
963	NaN	NaN	
964	NaN	NaN	
965	NaN	NaN	
966	NaN	NaN	
967	NaN	NaN	
968	NaN	NaN	
969	NaN	NaN	
970	NaN	NaN	
971	NaN	NaN	
972	NaN	NaN	
973	NaN	NaN	
974	NaN	NaN	
975	NaN	NaN	
976	NaN	NaN	
977	NaN	NaN	
978	NaN	NaN	
979	NaN	NaN	
980	NaN	NaN	
981	NaN	NaN	
982	NaN	NaN	
983	NaN	NaN	
984	NaN	NaN	
985	NaN	NaN	
986	NaN	NaN	
987	-52.686087	18.716993	
988	-57.817363	15.808782	
989	-59.749296	11.230247	
990	NaN	NaN	
991	NaN	NaN	
992	NaN	NaN	
993	NaN	NaN	
994	NaN	NaN	
995	NaN	NaN	
996	NaN	NaN	
997	NaN	NaN	
998	NaN	NaN	
999	NaN	NaN	
1000	NaN	NaN	
1001	NaN	NaN	
1002	NaN	NaN	
1003	NaN	NaN	
1004	-70.373732	15.974200	
1005	NaN	NaN	
1006	NaN	NaN	
1007	NaN	NaN	
1008	NaN	NaN	
1009	NaN	NaN	
1010	NaN	NaN	
1011	NaN	NaN	
1012	NaN	NaN	
1013	NaN	NaN	
1014	NaN	NaN	
1015	NaN	NaN	
1016	NaN	NaN	
1017	NaN	NaN	
1018	NaN	NaN	
1019	NaN	NaN	
1020	NaN	NaN	
1021	NaN	NaN	
1022	NaN	NaN	
1023	NaN	NaN	
1024	NaN	NaN	
1025	NaN	NaN	
1026	NaN	NaN	
1027	NaN	NaN	
1028	NaN	NaN	
1029	NaN	NaN	
1030	NaN	NaN	
1031	NaN	NaN	
1032	NaN	NaN	
1033	NaN	NaN	
1034	NaN	NaN	
1035	NaN	NaN	
1036	NaN	NaN	
1037	NaN	NaN	
1038	NaN	NaN	
1039	NaN	NaN	
1040	NaN	NaN	
1041	NaN	NaN	
1042	NaN	NaN	
1043	NaN	NaN	
1044	NaN	NaN	
1045	NaN	NaN	
1046	NaN	NaN	
1047	NaN	NaN	
1048	NaN	NaN	
1049	NaN	NaN	
1050	NaN	NaN	
1051	NaN	NaN	
1052	NaN	NaN	
1053	NaN	NaN	
1054	NaN	NaN	
1055	NaN	NaN	
1056	NaN	NaN	
1057	NaN	NaN	
1058	NaN	NaN	
1059	NaN	NaN	
1060	NaN	NaN	
1061	NaN	NaN	
1062	NaN	NaN	
1063	NaN	NaN	
1064	NaN	NaN	
1065	NaN	NaN	
1066	NaN	NaN	
1067	NaN	NaN	
1068	NaN	NaN	
1069	NaN	NaN	
1070	NaN	NaN	
1071	NaN	NaN	
1072	NaN	NaN	
1073	NaN	NaN	
1074	NaN	NaN	
1075	NaN	NaN	
1076	NaN	NaN	
1077	NaN	NaN	
1078	NaN	NaN	
1079	NaN	NaN	
1080	NaN	NaN	
1081	NaN	NaN	
1082	NaN	NaN	
1083	NaN	NaN	
1084	NaN	NaN	
1085	NaN	NaN	
1086	NaN	NaN	
1087	NaN	NaN	
1088	NaN	NaN	
1089	NaN	NaN	
1090	NaN	NaN	
1091	NaN	NaN	
1092	NaN	NaN	
1093	NaN	NaN	
1094	NaN	NaN	
1095	NaN	NaN	
1096	NaN	NaN	
1097	NaN	NaN	
1098	NaN	NaN	
1099	NaN	NaN	
1100	NaN	NaN	
1101	NaN	NaN	
1102	NaN	NaN	
1103	NaN	NaN	
1104	NaN	NaN	
1105	NaN	NaN	
1106	NaN	NaN	
1107	NaN	NaN	
1108	NaN	NaN	
1109	NaN	NaN	
1110	NaN	NaN	
1111	NaN	NaN	
1112	NaN	NaN	
1113	NaN	NaN	
1114	NaN	NaN	
1115	NaN	NaN	
1116	NaN	NaN	
1117	NaN	NaN	
1118	NaN	NaN	
1119	NaN	NaN	
1120	NaN	NaN	
1121	NaN	NaN	
1122	NaN	NaN	
1123	NaN	NaN	
1124	NaN	NaN	
1125	NaN	NaN	
1126	NaN	NaN	
1127	NaN	NaN	
1128	NaN	NaN	
1129	NaN	NaN	
1130	NaN	NaN	
1131	NaN	NaN	
1132	NaN	NaN	
1133	NaN	NaN	
1134	NaN	NaN	
1135	NaN	NaN	
1136	NaN	NaN	
1137	NaN	NaN	
1138	NaN	NaN	
1139	NaN	NaN	
1140	NaN	NaN	
1141	NaN	NaN	
1142	NaN	NaN	
1143	NaN	NaN	
1144	NaN	NaN	
1145	NaN	NaN	
1146	NaN	NaN	
1147	NaN	NaN	
1148	NaN	NaN	
1149	NaN	NaN	
1150	NaN	NaN	
1151	NaN	NaN	
1152	NaN	NaN	
1153	NaN	NaN	
1154	NaN	NaN	
1155	NaN	NaN	
1156	NaN	NaN	
1157	NaN	NaN	
1158	NaN	NaN	
1159	NaN	NaN	
1160	NaN	NaN	
1161	NaN	NaN	
1162	NaN	NaN	
1163	NaN	NaN	
1164	NaN	NaN	
1165	NaN	NaN	
1166	NaN	NaN	
1167	NaN	NaN	
1168	NaN	NaN	
1169	NaN	NaN	
1170	NaN	NaN	
1171	NaN	NaN	
1172	NaN	NaN	
1173	NaN	NaN	
1174	NaN	NaN	
1175	NaN	NaN	
1176	NaN	NaN	
1177	NaN	NaN	
1178	NaN	NaN	
1179	NaN	NaN	
1180	NaN	NaN	
1181	NaN	NaN	
1182	NaN	NaN	
1183	NaN	NaN	
1184	NaN	NaN	
1185	NaN	NaN	
1186	NaN	NaN	
1187	NaN	NaN	
1188	NaN	NaN	
1189	NaN	NaN	
1190	NaN	NaN	
1191	NaN	NaN	
1192	NaN	NaN	
1193	NaN	NaN	
1194	NaN	NaN	
1195	NaN	NaN	
1196	NaN	NaN	
1197	NaN	NaN	
1198	NaN	NaN	
1199	NaN	NaN	
1200	NaN	NaN	
1201	NaN	NaN	
1202	NaN	NaN	
1203	NaN	NaN	
1204	NaN	NaN	
1205	NaN	NaN	
1206	NaN	NaN	
1207	NaN	NaN	
1208	NaN	NaN	
1209	NaN	NaN	
1210	NaN	NaN	
1211	NaN	NaN	
1212	NaN	NaN	
1213	NaN	NaN	
1214	NaN	NaN	
1215	NaN	NaN	
1216	NaN	NaN	
1217	NaN	NaN	
1218	NaN	NaN	
1219	NaN	NaN	
1220	NaN	NaN	
1221	NaN	NaN	
1222	NaN	NaN	
1223	NaN	NaN	
1224	NaN	NaN	
1225	NaN	NaN	
1226	NaN	NaN	
1227	NaN	NaN	
1228	NaN	NaN	
1229	NaN	NaN	
1230	NaN	NaN	
1231	NaN	NaN	
1232	NaN	NaN	
1233	NaN	NaN	
1234	NaN	NaN	
1235	NaN	NaN	
1236	NaN	NaN	
1237	NaN	NaN	
1238	NaN	NaN	
1239	NaN	NaN	
1240	NaN	NaN	
1241	NaN	NaN	
1242	NaN	NaN	
1243	NaN	NaN	
1244	NaN	NaN	
1245	NaN	NaN	
1246	NaN	NaN	
1247	NaN	NaN	
1248	NaN	NaN	
1249	NaN	NaN	
1250	NaN	NaN	
1251	NaN	NaN	
1252	NaN	NaN	
1253	NaN	NaN	
1254	NaN	NaN	
1255	NaN	NaN	
1256	NaN	NaN	
1257	NaN	NaN	
1258	NaN	NaN	
1259	NaN	NaN	
1260	NaN	NaN	
1261	NaN	NaN	
1262	NaN	NaN	
1263	NaN	NaN	
1264	NaN	NaN	
1265	NaN	NaN	
1266	NaN	NaN	
1267	NaN	NaN	
1268	NaN	NaN	
1269	NaN	NaN	
1270	NaN	NaN	
1271	NaN	NaN	
1272	NaN	NaN	
1273	NaN	NaN	
1274	NaN	NaN	
1275	NaN	NaN	
1276	NaN	NaN	
1277	NaN	NaN	
1278	NaN	NaN	
1279	NaN	NaN	
1280	NaN	NaN	
1281	NaN	NaN	
1282	NaN	NaN	
1283	NaN	NaN	
1284	NaN	NaN	
1285	NaN	NaN	
1286	NaN	NaN	
1287	NaN	NaN	
1288	NaN	NaN	
1289	NaN	NaN	
1290	NaN	NaN	
1291	NaN	NaN	
1292	NaN	NaN	
1293	NaN	NaN	
1294	NaN	NaN	
1295	NaN	NaN	
1296	NaN	NaN	
1297	NaN	NaN	
1298	NaN	NaN	
1299	NaN	NaN	
1300	NaN	NaN	
1301	NaN	NaN	
1302	NaN	NaN	
1303	NaN	NaN	
1304	NaN	NaN	
1305	NaN	NaN	
1306	NaN	NaN	
1307	NaN	NaN	
1308	NaN	NaN	
1309	NaN	NaN	
1310	NaN	NaN	
1311	NaN	NaN	
1312	NaN	NaN	
1313	NaN	NaN	
1314	NaN	NaN	
1315	NaN	NaN	
1316	NaN	NaN	
1317	NaN	NaN	
1318	NaN	NaN	
1319	NaN	NaN	
1320	NaN	NaN	
1321	NaN	NaN	
1322	NaN	NaN	
1323	NaN	NaN	
1324	NaN	NaN	
1325	NaN	NaN	
1326	NaN	NaN	
1327	NaN	NaN	
1328	NaN	NaN	
1329	NaN	NaN	
1330	NaN	NaN	
1331	NaN	NaN	
1332	NaN	NaN	
1333	NaN	NaN	
1334	NaN	NaN	
1335	NaN	NaN	
1336	NaN	NaN	
1337	NaN	NaN	
1338	NaN	NaN	
1339	NaN	NaN	
1340	NaN	NaN	
1341	NaN	NaN	
1342	NaN	NaN	
1343	NaN	NaN	
1344	NaN	NaN	
1345	NaN	NaN	
1346	NaN	NaN	
1347	NaN	NaN	
1348	NaN	NaN	
1349	NaN	NaN	
1350	NaN	NaN	
1351	NaN	NaN	
1352	NaN	NaN	
1353	NaN	NaN	
1354	NaN	NaN	
