Athlete_Engineering	// User ID
11-2-2021	// Evaluation date
P011_Walk2.	30-1-2021	10:15:19:056	// Source file name and timestamp
250.000	// Sampling rate
5.031	// Data capture period



Sample #	Right_Leg_Flexion	Right_Leg_Abduction	
0	-56.658557	-0.328795	
1	-56.797026	-0.465417	
2	-56.786659	-0.261927	
3	-56.821629	-0.616355	
4	-56.902286	-0.442432	
5	-56.914120	-0.533860	
6	-57.034438	-0.700014	
7	-57.061537	-1.320608	
8	-56.945496	-0.476101	
9	-57.121086	-1.342885	
10	-57.082594	-0.949578	
11	-57.119707	-0.665768	
12	-57.147980	-1.139158	
13	-57.012529	-0.156728	
14	-56.772520	-0.541279	
15	-56.422493	-0.391340	
16	-56.359078	0.276665	
17	-56.334406	0.863582	
18	-56.177625	0.454763	
19	-56.288265	0.260724	
20	-56.299725	-0.024971	
21	-56.282088	-0.162708	
22	-56.285205	0.279936	
23	-56.440959	-0.015887	
24	-56.442596	0.046350	
25	-56.130642	0.343617	
26	-56.283815	-0.303893	
27	-56.156524	0.329501	
28	-56.037236	0.158321	
29	-56.031281	0.085372	
30	-55.909511	0.196400	
31	-55.917661	0.121852	
32	-55.801804	0.169660	
33	-55.849603	0.434236	
34	-55.425387	0.202086	
35	-54.556064	0.846003	
36	-54.575472	0.745575	
37	-54.256523	0.974617	
38	-54.055394	1.269639	
39	-54.103088	1.251299	
40	-53.825728	1.829132	
41	-53.809002	1.529593	
42	-54.000873	3.698062	
43	-53.798647	1.886491	
44	-53.657176	4.052557	
45	-53.641662	2.359607	
46	-53.830788	2.772918	
47	-53.859991	1.190516	
48	-53.561743	2.065735	
49	-53.868457	1.494108	
50	-53.463237	3.813254	
51	-53.667945	4.625849	
52	-53.480936	4.220223	
53	-52.859997	5.049731	
54	-53.073487	5.353402	
55	-52.689213	3.930566	
56	-52.644256	3.063151	
57	-53.011590	5.260865	
58	-52.708711	2.179447	
59	-52.631753	3.089470	
60	-52.817750	4.774184	
61	-53.013226	3.996067	
62	-52.704404	4.627204	
63	-52.699899	4.610112	
64	-52.940284	1.852112	
65	-53.102816	1.802515	
66	-53.137333	2.336630	
67	-52.775568	1.997035	
68	-52.993841	1.736517	
69	-52.800652	1.739735	
70	-52.674142	1.918294	
71	-52.848587	3.707829	
72	-52.846377	2.383728	
73	-52.954299	2.308880	
74	-52.796015	3.113227	
75	-52.781859	1.792116	
76	-52.959165	1.775353	
77	-52.720466	1.669677	
78	-52.783690	1.027551	
79	-52.698648	1.979951	
80	-52.648496	0.945289	
81	-52.603313	1.738140	
82	-52.611226	0.817026	
83	-52.690738	1.203322	
84	-52.425881	0.949943	
85	-52.711889	1.448050	
86	-52.609355	1.771759	
87	-52.912216	1.904311	
88	-52.941028	1.657263	
89	-53.196875	1.975476	
90	-53.369187	1.840109	
91	-53.420274	1.016113	
92	-53.471044	1.572963	
93	-53.575510	5.300650	
94	-53.243344	5.276134	
95	-52.842563	5.262242	
96	-52.978034	4.559041	
97	-52.899878	2.481820	
98	-55.154522	2.812400	
99	-55.082237	2.925436	
100	-55.062883	2.539308	
101	-52.701129	4.794166	
102	-55.044846	2.945133	
103	-52.907800	4.819526	
104	-52.957060	4.788716	
105	-53.053396	4.591993	
106	-53.265198	4.457821	
107	-53.546907	4.525168	
108	-52.240226	-1.037483	
109	-52.374926	-1.211498	
110	-51.794271	-1.543989	
111	-53.715096	-3.057435	
112	-54.259436	-3.020585	
113	-54.362694	-3.639630	
114	-53.138158	-2.595378	
115	-54.572403	-3.124038	
116	-54.776115	-2.800273	
117	-55.244352	-2.687157	
118	-55.144605	-1.559266	
119	-54.801301	-2.911838	
120	-55.444101	-1.016265	
121	-55.630825	-0.170011	
122	-55.371930	-2.370289	
123	-55.497042	-1.601962	
124	-55.464575	-0.735788	
125	-55.655685	-1.765094	
126	-55.449981	0.801698	
127	-54.739838	-1.547228	
128	-55.206579	0.882005	
129	-54.756545	-1.133002	
130	-55.543161	1.007988	
131	-55.900413	0.757607	
132	-56.055806	0.535692	
133	-56.040810	0.567127	
134	-56.220014	-0.145056	
135	-56.276101	0.524918	
136	-56.411406	0.678228	
137	-56.250053	1.035629	
138	-56.741493	1.360269	
139	-56.530786	1.636430	
140	-56.386908	1.794256	
141	-56.423871	1.142577	
142	-56.437874	1.668624	
143	-56.614027	1.883915	
144	-56.631559	2.038253	
145	-55.778077	2.279738	
146	-55.841336	1.645821	
147	-56.332333	1.552990	
148	-56.441954	0.662841	
149	-56.713515	-0.313917	
150	-56.565708	3.270813	
151	-55.933787	0.460073	
152	-56.379974	-0.702839	
153	-56.007863	-0.053691	
154	-55.848884	0.370822	
155	-55.943655	0.369768	
156	-55.788561	-0.231624	
157	-56.015770	-0.114368	
158	-55.767490	-0.031214	
159	-56.024928	0.580402	
160	-56.516347	0.487206	
161	-56.681188	0.070625	
162	-56.162566	0.072924	
163	-56.237917	0.590612	
164	-56.040960	0.741320	
165	-55.459481	1.733168	
166	-54.913796	0.831209	
167	-55.273289	1.140438	
168	-55.479014	1.440124	
169	-55.913111	1.507518	
170	-55.534060	1.774932	
171	-55.847231	0.711373	
172	-54.641720	1.254753	
173	-55.051521	1.022237	
174	-54.894814	1.725490	
175	-54.752637	2.134344	
176	-54.632205	1.931778	
177	-54.075026	1.781400	
178	-54.084969	1.936110	
179	-54.060323	1.992099	
180	-54.156851	1.537334	
181	-54.167544	1.725999	
182	-53.262545	2.550418	
183	-53.316229	1.953641	
184	-52.464659	1.999619	
185	-52.838918	1.776420	
186	-52.547241	2.356244	
187	-52.018844	2.840238	
188	-51.498391	2.971462	
189	-50.890789	3.051723	
190	-50.590646	3.337493	
191	-50.488733	3.509832	
192	-50.427820	2.759869	
193	-49.935061	2.587635	
194	-49.625141	5.692484	
195	-49.272353	0.736757	
196	-48.812438	1.844289	
197	-48.181276	0.942290	
198	-48.161427	4.645742	
199	-47.708681	5.201311	
200	-46.050190	6.032860	
201	-46.945646	6.943762	
202	-46.096029	6.214719	
203	-45.527565	4.408912	
204	-45.639440	4.849760	
205	-44.559692	4.192542	
206	-43.517893	6.128539	
207	-43.736121	6.708970	
208	-43.356071	5.768823	
209	-43.107281	4.924913	
210	-42.480030	6.138363	
211	-41.786563	7.166013	
212	-41.360140	5.020623	
213	-41.144125	5.047324	
214	-40.889586	7.476952	
215	-40.683836	6.188830	
216	-38.861644	3.939577	
217	-38.632709	7.672116	
218	-38.829000	3.774626	
219	-38.332305	6.082101	
220	-36.763351	6.945852	
221	-37.066684	6.446215	
222	-36.708359	6.664455	
223	-35.789471	7.649694	
224	-35.779270	7.269114	
225	-35.680929	8.625012	
226	-34.652688	7.655395	
227	-34.743884	6.946202	
228	-32.344169	5.300510	
229	-32.408785	5.385166	
230	-31.759318	6.244694	
231	-31.059595	3.570812	
232	-32.303920	4.881803	
233	-31.778554	4.365889	
234	-31.234372	5.184175	
235	-30.204519	5.506061	
236	-29.735022	4.985560	
237	-31.000010	4.881970	
238	-30.509920	4.877219	
239	-29.992474	6.043237	
240	-29.939505	5.925537	
241	-29.083376	5.288805	
242	-28.437809	5.131685	
243	-28.178636	4.723257	
244	-28.803115	4.913890	
245	-27.860801	4.143645	
246	-27.749464	5.041565	
247	-26.895535	4.105806	
248	-26.952212	4.632527	
249	-26.593899	3.682179	
250	-26.633611	3.878634	
251	-26.443290	4.015120	
252	-26.898303	4.126754	
253	-26.088108	2.884312	
254	-25.159813	4.284211	
255	-25.841305	3.784603	
256	-25.818929	5.055823	
257	-25.908857	4.865119	
258	-25.638821	4.140027	
259	-25.322256	4.145441	
260	-25.584278	3.106931	
261	-24.818487	3.453811	
262	-24.812318	2.696283	
263	-24.946934	1.954332	
264	-24.359278	1.532122	
265	-24.959072	3.722510	
266	-25.017056	1.231100	
267	-25.416649	2.480306	
268	-24.896903	1.832125	
269	-24.757270	1.284380	
270	-24.346652	2.137258	
271	-23.433206	1.154886	
272	-25.189253	0.664208	
273	-24.156744	0.865000	
274	-24.282256	1.995935	
275	-24.387059	0.851567	
276	-23.936960	1.854143	
277	-24.577087	1.251312	
278	-24.193861	2.176936	
279	-24.298278	1.797755	
280	-24.419906	3.024696	
281	-25.068511	1.080964	
282	-25.667046	0.837091	
283	-25.141840	1.259185	
284	-24.744360	2.059214	
285	-25.257509	1.465236	
286	-25.042137	1.613699	
287	-25.357780	1.804796	
288	-25.453627	2.714323	
289	-25.786817	2.600632	
290	-25.625210	1.785616	
291	-26.014746	2.857540	
292	-25.897813	1.593117	
293	-26.090047	2.338714	
294	-26.382336	2.561046	
295	-28.293839	0.995102	
296	-27.970837	1.016409	
297	-27.974374	-0.310950	
298	-28.059378	0.220462	
299	-27.676384	-0.319345	
300	-27.921399	0.034920	
301	-28.531382	-0.162745	
302	-27.846535	-0.713400	
303	-28.473439	-0.887594	
304	-28.779509	-0.423826	
305	-28.526081	0.013341	
306	-28.466526	-0.305155	
307	-29.995489	1.446759	
308	-29.309594	0.387135	
309	-29.123160	0.751877	
310	-30.318512	1.052098	
311	-30.845969	0.524008	
312	-30.722385	-1.224871	
313	-29.756680	0.494241	
314	-30.130957	0.627597	
315	-31.278050	0.370131	
316	-31.923964	-1.364843	
317	-31.408289	-1.396808	
318	-30.166980	-1.533299	
319	-30.633654	-1.870908	
320	-29.491773	-0.657262	
321	-29.402039	-1.112445	
322	-30.509995	-0.759685	
323	-31.139501	-1.942002	
324	-30.513693	-0.526046	
325	-31.345712	-0.670808	
326	-30.476217	-0.807919	
327	-32.020321	-1.979697	
328	-31.680424	-1.580950	
329	-31.340731	-0.672818	
330	-32.915970	-1.770265	
331	-32.482463	-0.893203	
332	-33.492527	-1.440316	
333	-31.923746	-1.517354	
334	-33.596751	-2.321543	
335	-32.870302	-1.580106	
336	-33.765420	-1.653952	
337	-33.974758	-2.633758	
338	-33.919104	-1.229464	
339	-33.678585	-2.410675	
340	-34.056824	-1.572894	
341	-35.000920	-2.532147	
342	-34.280370	-1.710164	
343	-34.410910	-1.231529	
344	-34.113469	-1.458979	
345	-34.964908	-0.864065	
346	-34.529565	-0.996914	
347	-34.256846	-1.491185	
348	-34.025316	-1.320683	
349	-34.571685	-1.260213	
350	-33.887641	-1.106957	
351	-33.976258	-0.148629	
352	-34.065568	-2.688666	
353	-33.970859	-0.756707	
354	-35.112504	-5.410233	
355	-35.151716	-3.764927	
356	-35.427268	-2.261353	
357	-36.093153	-3.814533	
358	-36.366823	-0.063161	
359	-37.447762	-2.795339	
360	-36.671581	-2.852499	
361	-38.246897	-4.620330	
362	-38.771476	-3.907229	
363	-37.676697	-0.869995	
364	-38.664468	-1.070490	
365	-39.727076	-1.551897	
366	-39.916026	-1.383788	
367	-39.416990	-0.475607	
368	-39.638608	0.596445	
369	-39.772038	0.880744	
370	-40.642999	-0.387856	
371	-40.759980	-0.665019	
372	-41.693067	-0.753715	
373	-40.622648	-1.258154	
374	-40.736005	-0.654607	
375	-41.378274	-0.808359	
376	-41.095676	-0.942970	
377	-41.237201	0.213422	
378	-41.790866	-1.071571	
379	-42.069138	-2.995952	
380	-42.043703	-3.372059	
381	-41.846879	-1.330158	
382	-42.646247	-1.743622	
383	-42.214217	-1.017647	
384	-42.632403	-0.759944	
385	-43.615339	-0.663083	
386	-43.289302	-1.215016	
387	-44.865425	-2.964062	
388	-45.164496	0.678891	
389	-45.352036	0.537437	
390	-45.900275	0.864246	
391	-46.208329	-0.400610	
392	-46.485339	0.854672	
393	-47.156973	0.908609	
394	-47.171380	-0.951077	
395	-46.905350	-1.021297	
396	-46.974340	-1.994366	
397	-47.685774	-0.180763	
398	-47.702734	0.353423	
399	-48.268673	1.155577	
400	-49.351246	0.464018	
401	-50.090564	-0.271256	
402	-50.525320	0.910559	
403	-50.503598	1.031462	
404	-50.403570	-0.245327	
405	-51.415142	2.920005	
406	-51.037185	1.565230	
407	-51.870163	3.667844	
408	-51.748361	-0.681554	
409	-51.280405	-0.147817	
410	-51.654159	0.458378	
411	-51.919278	0.040205	
412	-52.338345	2.541921	
413	-52.678466	1.033024	
414	-52.431184	1.739362	
415	-52.796097	7.553618	
416	-53.012126	0.052679	
417	-53.341292	0.793399	
418	-54.125633	1.141578	
419	-54.379482	0.740100	
420	-54.470078	1.020310	
421	-54.530397	-0.408666	
422	-54.618938	1.913798	
423	-54.068971	0.306820	
424	-54.362202	0.193965	
425	-55.515868	-0.318408	
426	-55.666273	-1.171198	
427	-55.814309	6.903506	
428	-55.966876	6.754137	
429	-56.032234	-1.040168	
430	-55.917273	3.618178	
431	-55.968666	0.330909	
432	-55.888098	6.437909	
433	-56.014915	0.701083	
434	-55.691096	7.600217	
435	-56.719389	3.271973	
436	-56.772421	-2.183988	
437	-56.331295	-0.941655	
438	-56.655440	6.532663	
439	-56.952337	-1.461144	
440	-56.577847	3.948772	
441	-56.596206	4.957446	
442	-57.039264	6.993682	
443	-57.142574	6.133121	
444	-57.115896	-5.286964	
445	-57.431214	2.584511	
446	-57.461740	-1.006208	
447	-58.052785	14.859094	
448	-59.057957	4.610400	
449	-58.630644	3.042762	
450	-58.369135	-2.448556	
451	-58.775949	-1.885890	
452	-58.887080	-3.024918	
453	-59.125307	-5.418797	
454	-59.559131	3.058094	
455	-59.805399	-2.937440	
456	-60.022453	4.517035	
457	-60.499737	-4.054747	
458	-60.151752	-6.667645	
459	-60.538845	2.739690	
460	-60.772065	-5.223974	
461	-61.991543	-7.042505	
462	-61.984400	-6.527604	
463	-61.931501	-5.717995	
464	-62.362109	1.348168	
465	-62.880122	2.612735	
466	-62.782439	-5.332065	
467	-63.051691	-4.257672	
468	-63.948986	-5.767523	
469	-64.133247	-4.349908	
470	-64.341766	-5.775878	
471	-64.679189	-5.707480	
472	-64.777312	-4.635583	
473	-64.183407	-4.215739	
474	-64.566094	-5.695635	
475	-65.998501	-4.429126	
476	-66.105625	-3.867177	
477	-66.367081	-6.131196	
478	-66.473322	-3.434131	
479	-67.208835	-4.239342	
480	-66.832572	-5.251487	
481	-66.529223	-3.700223	
482	-66.826570	-5.183012	
483	-66.707157	-4.784664	
484	-66.710609	-3.399802	
485	-66.956851	-5.181505	
486	-68.039606	-3.684544	
487	-68.177346	-3.925628	
488	-67.870799	-5.707232	
489	-68.528803	-3.909320	
490	-68.747604	-2.519960	
491	-68.828612	-2.861067	
492	-68.826047	-3.370052	
493	-69.029629	-1.870553	
494	-69.438575	-2.251187	
495	-69.581535	-1.839510	
496	-69.752617	-2.477076	
497	-69.657503	-0.063486	
498	-69.047886	-0.430106	
499	-69.245200	-1.284049	
500	-69.355634	-1.263595	
501	-69.009257	-2.742999	
502	-69.083809	-0.622899	
503	-69.150684	1.976594	
504	-68.841844	0.358348	
505	-69.049820	0.046832	
506	-69.293738	0.367285	
507	-69.309055	1.819502	
508	-69.201816	1.969745	
509	-69.320864	2.520304	
510	-69.141428	2.639729	
511	-69.055545	3.331018	
512	-69.397373	4.981653	
513	-69.046370	5.451387	
514	-69.271358	6.322012	
515	-68.594481	5.012527	
516	-68.284387	3.308489	
517	-67.775024	5.368051	
518	-67.640486	5.999421	
519	-67.234951	5.494981	
520	-66.648740	4.715696	
521	-66.052854	5.097062	
522	-65.741000	6.991414	
523	-65.201853	7.137757	
524	-63.761549	3.098457	
525	-64.279194	5.621938	
526	-63.864293	5.034757	
527	-63.878439	4.999086	
528	-62.852396	5.313027	
529	-62.822269	2.790420	
530	-62.575430	4.506416	
531	-61.289606	4.762211	
532	-60.861556	5.769117	
533	-60.276195	5.631089	
534	-60.222494	6.321123	
535	-59.757878	5.506959	
536	-59.135322	5.123091	
537	-58.961337	5.387549	
538	-57.712730	5.387647	
539	-56.913873	4.607228	
540	-57.295333	4.347664	
541	-55.860117	2.198019	
542	-56.052093	2.688517	
543	-54.830256	3.631132	
544	-54.098729	3.097721	
545	-53.496386	2.425283	
546	-53.900685	3.622971	
547	-52.897116	2.763148	
548	-51.907804	4.262539	
549	-50.021589	1.023761	
550	-50.553073	1.327021	
551	-49.433736	0.579662	
552	-48.308313	0.935486	
553	-48.363574	2.263790	
554	-48.178829	2.780949	
555	-48.213267	4.961976	
556	-47.550188	3.592124	
557	-47.582003	4.849226	
558	-47.407311	1.004970	
559	-45.637130	1.444981	
560	-46.315809	2.620568	
561	-45.339534	2.829136	
562	-43.960323	1.530608	
563	-44.098392	3.741493	
564	-43.953346	5.176169	
565	-42.889659	3.365476	
566	-43.159080	3.722865	
567	-41.812376	2.821742	
568	-40.633410	2.550548	
569	-40.916531	3.377395	
570	-41.308444	2.234059	
571	-41.234691	3.270130	
572	-40.641983	3.445362	
573	-39.825806	1.508636	
574	-39.022778	1.035231	
575	-38.052840	-0.498502	
576	-37.549060	-0.241521	
577	-37.731531	0.768682	
578	-38.192829	0.939900	
579	-36.599259	1.269589	
580	-36.282278	0.494113	
581	-36.367533	0.644280	
582	-35.566013	-0.240398	
583	-35.393910	0.137891	
584	-34.662075	0.295301	
585	-34.099891	0.355494	
586	-34.386146	0.234162	
587	-33.488195	-0.372943	
588	-33.128015	0.359668	
589	-33.182125	-0.283786	
590	-33.120421	-0.761814	
591	-32.704555	-0.331367	
592	-32.097814	-0.238176	
593	-31.952261	-0.620503	
594	-32.061816	-0.880361	
595	-31.366143	-0.346850	
596	-31.781548	0.372681	
597	-31.025569	-0.243142	
598	-31.072414	-0.763381	
599	-30.418753	-0.819156	
600	-29.728691	-2.019318	
601	-29.932740	-2.040221	
602	-29.845876	-0.591793	
603	-29.587846	-0.062035	
604	-29.654831	-1.466416	
605	-29.110441	-0.822228	
606	-29.101522	-1.889563	
607	-29.410613	-0.792798	
608	-29.385091	-1.009725	
609	-29.217365	-0.855433	
610	-29.116966	-0.619394	
611	-29.341886	-0.524834	
612	-29.291134	-1.323967	
613	-29.126566	-0.447790	
614	-29.212027	-0.432154	
615	-29.139817	-1.005109	
616	-29.307396	-1.502209	
617	-29.767527	-0.858312	
618	-29.508452	-1.202567	
619	-29.727209	-1.322053	
620	-29.939836	-1.275786	
621	-30.371408	0.295095	
622	-30.698641	1.491272	
623	-31.101456	0.425502	
624	-31.437347	1.093245	
625	-31.247907	1.531129	
626	-31.259664	1.841517	
627	-31.514193	2.359453	
628	-31.777686	1.794130	
629	-32.089979	1.970065	
630	-32.222228	1.612307	
631	-32.365902	2.080828	
632	-32.885737	1.517383	
633	-33.671378	2.025712	
634	-33.680274	2.138795	
635	-33.501790	1.618781	
636	-33.774569	1.639154	
637	-33.733612	1.800103	
638	-33.994762	1.587457	
639	-33.889978	1.296203	
640	-34.006220	0.845472	
641	-33.939604	0.353304	
642	-33.666243	0.806580	
643	-33.617917	0.825088	
644	-33.727464	1.203295	
645	-33.435171	0.385750	
646	-33.415014	1.119293	
647	-33.543071	-0.343319	
648	-33.297011	-1.009051	
649	-33.311186	-1.562107	
650	-33.386271	-0.987984	
651	-33.580092	-1.124546	
652	-33.695908	-1.181822	
653	-33.997277	-1.824204	
654	-34.673708	-1.793075	
655	-34.653123	-1.765292	
656	-34.357590	-3.474669	
657	-35.158737	-4.146348	
658	-35.819497	-4.506555	
659	-36.121313	-4.394262	
660	-36.775064	-3.863626	
661	-36.251825	-3.085112	
662	-37.041794	-3.063484	
663	-36.320601	-2.479617	
664	-36.473276	-2.023304	
665	-36.486022	-1.732605	
666	-36.929137	-0.811366	
667	-36.293692	-1.432261	
668	-36.643982	-0.471664	
669	-35.266351	-1.846095	
670	-36.178365	-1.745621	
671	-36.106233	-2.150616	
672	-36.840131	-3.162990	
673	-36.155421	-5.045930	
674	-36.643771	-1.086394	
675	-37.408519	-3.764624	
676	-37.800099	-1.256720	
677	-38.560339	-2.237723	
678	-38.868287	-5.610094	
679	-39.336614	-1.590099	
680	-39.326379	-1.386638	
681	-40.246724	-1.026878	
682	-40.348677	-2.631009	
683	-41.631333	-3.165301	
684	-42.427500	-2.541248	
685	-42.438727	-1.497165	
686	-43.033523	-2.459714	
687	-43.270260	-1.269944	
688	-43.753524	-1.173302	
689	-43.456451	-1.192956	
690	-43.906926	-0.904270	
691	-43.779594	-0.305546	
692	-43.491386	-0.740258	
693	-44.215353	-1.761165	
694	-44.830576	-2.621371	
695	-44.497625	-1.382683	
696	-44.138914	-1.557503	
697	-44.712845	-3.256815	
698	-44.767368	-1.690512	
699	-45.011233	-3.645979	
700	-45.317601	-5.156897	
701	-44.840263	-4.071423	
702	-45.172274	-2.696073	
703	-45.786575	-4.141298	
704	-46.507674	-4.169888	
705	-45.949630	-5.612737	
706	-46.055943	-6.607601	
707	-46.917145	-4.536455	
708	-49.270173	-4.070224	
709	-48.580135	-5.222324	
710	-48.779800	-3.608803	
711	-48.764354	-5.887252	
712	-49.231086	-5.630519	
713	-49.149638	-4.288598	
714	-48.911679	-4.893526	
715	-49.992886	-4.706480	
716	-50.096949	-4.610160	
717	-50.786971	-3.863585	
718	-50.456542	-4.642938	
719	-51.809605	-3.868169	
720	-51.143270	-5.054366	
721	-51.037238	-5.120275	
722	-51.143393	-5.161751	
723	-51.870734	-5.732955	
724	-51.961877	-5.105508	
725	-52.562490	-5.277786	
726	-53.061279	-5.998990	
727	-52.466625	-5.524550	
728	-53.359231	-5.433971	
729	-53.174173	-5.331249	
730	-53.934772	-3.235144	
731	-54.472286	-3.249171	
732	-54.235436	-3.808395	
733	-53.969544	-4.197560	
734	-53.773922	-3.579800	
735	-53.917240	-3.653446	
736	-54.198781	-3.890341	
737	-54.165591	-4.995652	
738	-53.723309	-4.995101	
739	-53.910803	-5.036860	
740	-55.058307	-5.128274	
741	-54.921936	-5.809190	
742	-54.549737	-4.611604	
743	-55.068881	-4.843887	
744	-55.360876	-5.189621	
745	-55.351635	-5.957108	
746	-55.109965	-5.922208	
747	-55.591074	-5.217126	
748	-56.207929	-6.101431	
749	-56.535003	-5.366609	
750	-56.080262	-6.426970	
751	-56.212236	-6.557863	
752	-56.599526	-7.016699	
753	-56.851517	-6.391964	
754	-56.482561	-6.865822	
755	-56.764922	-7.362813	
756	-57.169126	-7.243407	
757	-57.901632	-7.990407	
758	-57.517845	-7.544937	
759	-57.206693	-7.253152	
760	-57.481453	-8.230436	
761	-58.318261	-8.724174	
762	-58.638854	-10.103751	
763	-58.783433	-9.501438	
764	-59.128770	-8.427948	
765	-61.530037	-8.150192	
766	-59.949777	-9.486496	
767	-60.169687	-8.847369	
768	-61.159875	-9.514268	
769	-61.520225	-9.626617	
770	-61.216852	-7.983991	
771	-61.806592	-8.302178	
772	-62.110206	-9.506393	
773	-61.927046	-10.654997	
774	-62.203607	-10.305920	
775	-63.761720	-10.966985	
776	-63.059211	-10.315100	
777	-63.062328	-11.881452	
778	-63.579982	-10.085039	
779	-63.529410	-9.109356	
780	-63.708899	-9.227013	
781	-63.799315	-10.049664	
782	-65.643151	-10.309226	
783	-65.297442	-10.237315	
784	-65.593221	-10.538134	
785	-64.669473	-9.148200	
786	-64.553488	-9.719458	
787	-63.836955	-10.222823	
788	-64.828085	-9.601814	
789	-64.869080	-10.316933	
790	-66.028443	-9.400790	
791	-63.503604	-9.630595	
792	-64.363720	-8.857919	
793	-64.552567	-8.329036	
794	-65.438511	-8.398868	
795	-66.248908	-9.652928	
796	-66.482472	-9.142008	
797	-64.758695	-9.333101	
798	-65.153529	-9.864602	
799	-65.287085	-9.070914	
800	-65.596704	-9.175659	
801	-66.324761	-7.435465	
802	-66.365261	-8.101446	
803	-66.028259	-10.108184	
804	-65.636487	-8.390986	
805	-65.822146	-6.888527	
806	-66.101442	-6.848254	
807	-66.368684	-7.463648	
808	-65.330882	-6.220110	
809	-66.697714	-7.364216	
810	-65.698468	-6.693805	
811	-65.683045	-5.591284	
812	-65.870415	-5.651145	
813	-65.018424	-7.290924	
814	-65.696608	-3.461941	
815	-66.092183	-7.341358	
816	-65.928943	-6.150251	
817	-64.954317	-5.332955	
818	-64.296696	-6.874865	
819	-63.902753	-5.281277	
820	-66.023261	-6.720499	
821	-66.096078	-5.608894	
822	-64.604233	-5.037926	
823	-63.178220	-3.490269	
824	-64.107198	-4.560627	
825	-63.438528	-3.878814	
826	-63.409844	-1.070894	
827	-61.168781	-3.221625	
828	-60.384954	-1.041810	
829	-60.511250	-1.922151	
830	-60.188635	-1.541748	
831	-62.252118	-0.278491	
832	-60.472325	-1.108333	
833	-58.627027	-2.467016	
834	-59.415648	-0.410593	
835	-58.558084	-1.124124	
836	-57.519019	-1.012109	
837	-56.668125	-0.533481	
838	-56.578366	-0.629068	
839	-54.400657	1.351222	
840	-55.410175	1.654015	
841	-55.142250	1.168212	
842	-53.648294	0.351965	
843	-52.382281	0.549988	
844	-52.049828	-0.532924	
845	-52.341019	2.695366	
846	-49.919604	1.289854	
847	-52.355974	3.016003	
848	-50.272930	2.224119	
849	-50.400529	2.304227	
850	-49.002681	3.368467	
851	-49.679671	3.985788	
852	-49.141234	4.912794	
853	-47.397476	1.428145	
854	-47.548483	4.309763	
855	-46.709741	1.868594	
856	-46.201461	1.942496	
857	-46.549030	2.730397	
858	-46.893585	4.166129	
859	-44.195776	0.311672	
860	-44.853142	1.943996	
861	-45.404170	4.595989	
862	-42.928821	1.425663	
863	-44.365112	4.713174	
864	-44.287039	3.553801	
865	-41.640553	1.571134	
866	-40.368119	1.352745	
867	-40.121760	1.325729	
868	-40.147838	1.716212	
869	-39.712573	2.572830	
870	-38.318017	2.577283	
871	-39.079962	0.763920	
872	-39.369973	2.189091	
873	-39.607412	3.885481	
874	-39.503623	2.161095	
875	-37.946034	-1.106164	
876	-37.313132	-4.960446	
877	-37.713975	-2.122641	
878	-37.321117	0.073292	
879	-39.421486	0.009037	
880	-36.672446	-1.502418	
881	-37.274606	-1.369762	
882	-36.102688	-1.339454	
883	-37.491637	-2.183760	
884	-35.307446	-1.437736	
885	-35.524876	-3.592778	
886	-34.079250	-1.644492	
887	-34.597035	-1.405769	
888	-33.371387	-2.603936	
889	-33.353879	-2.360366	
890	-33.162223	-3.633175	
891	-30.803610	-1.841954	
892	-31.916423	-2.295546	
893	-32.150055	0.600025	
894	-30.939156	-3.117360	
895	-31.194887	0.051275	
896	-30.858575	0.805375	
897	-28.546872	-2.660072	
898	-28.699638	-2.838602	
899	-28.712585	-2.589189	
900	-28.814839	-2.353709	
901	-28.916552	-2.435712	
902	-28.302495	-2.295420	
903	-31.051063	-1.394059	
904	-32.585686	-1.589948	
905	-26.555673	-4.066331	
906	-27.515916	-2.163057	
907	-27.466478	-3.275002	
908	-27.797960	-2.449264	
909	-30.246188	-1.093639	
910	-31.935900	-0.384894	
911	-27.420012	-1.706541	
912	-25.864269	-3.240585	
913	-27.152241	-2.797576	
914	-30.152424	-2.209964	
915	-25.986912	-3.662939	
916	-26.141910	-3.216820	
917	-26.909622	-3.194080	
918	-29.839005	-1.498895	
919	-27.918852	-1.600739	
920	-29.202095	-0.576170	
921	-29.959528	-1.405019	
922	-32.838425	0.891891	
923	-32.009833	0.782023	
924	-33.509226	1.930495	
925	-35.845979	1.688608	
926	-35.981702	2.137277	
927	-36.936996	2.030194	
928	-36.519308	1.424599	
929	-36.846274	0.622868	
930	-33.162914	1.395390	
931	-30.843673	1.458851	
932	-34.684507	1.935952	
933	-34.306320	2.447699	
934	-34.959806	1.951726	
935	-33.874673	2.469532	
936	-34.840784	1.889528	
937	-36.865779	1.607276	
938	-37.292281	2.541015	
939	-36.029798	3.388350	
940	-35.662458	1.873069	
941	-36.242580	2.320551	
942	-38.623161	2.892493	
943	-38.734255	1.308558	
944	-39.373419	3.312313	
945	-41.823954	1.127471	
946	-37.079214	3.985159	
947	-35.325449	3.312212	
948	-37.898613	2.770496	
949	-38.850139	2.481311	
950	-39.291257	3.176641	
951	-37.614787	2.298547	
952	-36.947915	1.564961	
953	-36.951187	2.910148	
954	-36.263256	1.884170	
955	-37.414759	3.731662	
956	-37.589921	3.998920	
957	-37.283708	1.738487	
958	-37.984512	2.229096	
959	-38.499609	2.395623	
960	-38.319367	2.182657	
961	-37.184215	2.111482	
962	-37.276259	1.261510	
963	-40.461006	-1.304405	
964	-39.930393	0.609655	
965	-37.824169	-1.658170	
966	-41.700693	-0.091597	
967	-36.745959	-2.273274	
968	-40.751171	-0.864488	
969	-43.521540	0.755650	
970	-41.770618	1.856674	
971	-43.376386	2.037079	
972	-41.476240	0.749962	
973	-40.938468	0.431200	
974	-46.267245	2.516949	
975	-44.115206	2.906300	
976	-43.090505	4.213191	
977	-41.467099	3.459171	
978	-44.261661	2.584061	
979	-41.857221	2.124095	
980	-40.981712	1.847486	
981	-34.544536	1.327975	
982	NaN	NaN	
983	-44.391983	-1.047883	
984	-42.385958	0.175758	
985	-43.770586	-3.596917	
986	-42.259231	-4.873399	
987	-43.060713	-4.500144	
988	-43.974017	-6.504788	
989	-45.163669	-5.023804	
990	-48.631423	-4.984328	
991	-49.268658	-3.452751	
992	-46.907233	-4.213826	
993	-48.110126	-3.696054	
994	-46.488892	-1.498844	
995	-45.880039	-2.924551	
996	-48.876219	-4.183425	
997	-50.366839	-2.283867	
998	-48.743711	1.322096	
999	NaN	NaN	
1000	NaN	NaN	
1001	NaN	NaN	
1002	NaN	NaN	
1003	NaN	NaN	
1004	NaN	NaN	
1005	NaN	NaN	
1006	NaN	NaN	
1007	NaN	NaN	
1008	NaN	NaN	
1009	NaN	NaN	
1010	-50.773261	-5.598235	
1011	-55.672754	-5.766043	
1012	-54.814770	-6.279140	
1013	-53.340058	-7.796635	
1014	-55.241021	-7.278347	
1015	-55.095905	-6.892610	
1016	-56.149505	-5.198587	
1017	NaN	NaN	
1018	NaN	NaN	
1019	NaN	NaN	
1020	NaN	NaN	
1021	NaN	NaN	
1022	NaN	NaN	
1023	NaN	NaN	
1024	NaN	NaN	
1025	NaN	NaN	
1026	NaN	NaN	
1027	NaN	NaN	
1028	NaN	NaN	
1029	NaN	NaN	
1030	NaN	NaN	
1031	NaN	NaN	
1032	NaN	NaN	
1033	NaN	NaN	
1034	NaN	NaN	
1035	NaN	NaN	
1036	NaN	NaN	
1037	NaN	NaN	
1038	NaN	NaN	
1039	NaN	NaN	
1040	NaN	NaN	
1041	NaN	NaN	
1042	NaN	NaN	
1043	NaN	NaN	
1044	NaN	NaN	
1045	NaN	NaN	
1046	NaN	NaN	
1047	NaN	NaN	
1048	NaN	NaN	
1049	NaN	NaN	
1050	NaN	NaN	
1051	NaN	NaN	
1052	NaN	NaN	
1053	NaN	NaN	
1054	NaN	NaN	
1055	NaN	NaN	
1056	NaN	NaN	
1057	NaN	NaN	
1058	NaN	NaN	
1059	NaN	NaN	
1060	NaN	NaN	
1061	NaN	NaN	
1062	NaN	NaN	
1063	NaN	NaN	
1064	NaN	NaN	
1065	NaN	NaN	
1066	NaN	NaN	
1067	NaN	NaN	
1068	NaN	NaN	
1069	NaN	NaN	
1070	NaN	NaN	
1071	NaN	NaN	
1072	NaN	NaN	
1073	NaN	NaN	
1074	NaN	NaN	
1075	NaN	NaN	
1076	NaN	NaN	
1077	NaN	NaN	
1078	NaN	NaN	
1079	NaN	NaN	
1080	NaN	NaN	
1081	NaN	NaN	
1082	NaN	NaN	
1083	NaN	NaN	
1084	NaN	NaN	
1085	NaN	NaN	
1086	NaN	NaN	
1087	NaN	NaN	
1088	NaN	NaN	
1089	NaN	NaN	
1090	NaN	NaN	
1091	NaN	NaN	
1092	NaN	NaN	
1093	NaN	NaN	
1094	NaN	NaN	
1095	NaN	NaN	
1096	NaN	NaN	
1097	NaN	NaN	
1098	NaN	NaN	
1099	NaN	NaN	
1100	NaN	NaN	
1101	NaN	NaN	
1102	NaN	NaN	
1103	NaN	NaN	
1104	NaN	NaN	
1105	NaN	NaN	
1106	NaN	NaN	
1107	NaN	NaN	
1108	NaN	NaN	
1109	NaN	NaN	
1110	NaN	NaN	
1111	NaN	NaN	
1112	NaN	NaN	
1113	NaN	NaN	
1114	NaN	NaN	
1115	NaN	NaN	
1116	NaN	NaN	
1117	NaN	NaN	
1118	NaN	NaN	
1119	NaN	NaN	
1120	NaN	NaN	
1121	NaN	NaN	
1122	NaN	NaN	
1123	NaN	NaN	
1124	NaN	NaN	
1125	NaN	NaN	
1126	NaN	NaN	
1127	NaN	NaN	
1128	NaN	NaN	
1129	NaN	NaN	
1130	NaN	NaN	
1131	NaN	NaN	
1132	NaN	NaN	
1133	NaN	NaN	
1134	NaN	NaN	
1135	NaN	NaN	
1136	NaN	NaN	
1137	NaN	NaN	
1138	NaN	NaN	
1139	NaN	NaN	
1140	NaN	NaN	
1141	NaN	NaN	
1142	NaN	NaN	
1143	NaN	NaN	
1144	NaN	NaN	
1145	NaN	NaN	
1146	NaN	NaN	
1147	NaN	NaN	
1148	NaN	NaN	
1149	NaN	NaN	
1150	NaN	NaN	
1151	NaN	NaN	
1152	NaN	NaN	
1153	NaN	NaN	
1154	NaN	NaN	
1155	NaN	NaN	
1156	NaN	NaN	
1157	NaN	NaN	
1158	NaN	NaN	
1159	NaN	NaN	
1160	NaN	NaN	
1161	NaN	NaN	
1162	NaN	NaN	
1163	NaN	NaN	
1164	NaN	NaN	
1165	NaN	NaN	
1166	NaN	NaN	
1167	NaN	NaN	
1168	NaN	NaN	
1169	NaN	NaN	
1170	NaN	NaN	
1171	NaN	NaN	
1172	NaN	NaN	
1173	NaN	NaN	
1174	NaN	NaN	
1175	NaN	NaN	
1176	NaN	NaN	
1177	NaN	NaN	
1178	NaN	NaN	
1179	NaN	NaN	
1180	NaN	NaN	
1181	NaN	NaN	
1182	NaN	NaN	
1183	NaN	NaN	
1184	NaN	NaN	
1185	NaN	NaN	
1186	NaN	NaN	
1187	NaN	NaN	
1188	NaN	NaN	
1189	NaN	NaN	
1190	NaN	NaN	
1191	NaN	NaN	
1192	NaN	NaN	
1193	NaN	NaN	
1194	NaN	NaN	
1195	NaN	NaN	
1196	NaN	NaN	
1197	NaN	NaN	
1198	NaN	NaN	
1199	NaN	NaN	
1200	NaN	NaN	
1201	NaN	NaN	
1202	NaN	NaN	
1203	NaN	NaN	
1204	NaN	NaN	
1205	NaN	NaN	
1206	NaN	NaN	
1207	NaN	NaN	
1208	NaN	NaN	
1209	NaN	NaN	
1210	NaN	NaN	
1211	NaN	NaN	
1212	NaN	NaN	
1213	NaN	NaN	
1214	NaN	NaN	
1215	NaN	NaN	
1216	NaN	NaN	
1217	NaN	NaN	
1218	NaN	NaN	
1219	NaN	NaN	
1220	NaN	NaN	
1221	NaN	NaN	
1222	NaN	NaN	
1223	NaN	NaN	
1224	NaN	NaN	
1225	NaN	NaN	
1226	NaN	NaN	
1227	NaN	NaN	
1228	NaN	NaN	
1229	NaN	NaN	
1230	NaN	NaN	
1231	NaN	NaN	
1232	NaN	NaN	
1233	NaN	NaN	
1234	NaN	NaN	
1235	NaN	NaN	
1236	NaN	NaN	
1237	NaN	NaN	
1238	NaN	NaN	
1239	NaN	NaN	
1240	NaN	NaN	
1241	NaN	NaN	
1242	NaN	NaN	
1243	NaN	NaN	
1244	NaN	NaN	
1245	NaN	NaN	
1246	NaN	NaN	
1247	NaN	NaN	
1248	NaN	NaN	
1249	NaN	NaN	
1250	NaN	NaN	
1251	NaN	NaN	
1252	NaN	NaN	
1253	NaN	NaN	
1254	NaN	NaN	
1255	NaN	NaN	
1256	NaN	NaN	
1257	NaN	NaN	
