Athlete_Engineering	// User ID
11-2-2021	// Evaluation date
P011_Flex	30-1-2021	10:11:27:164	// Source file name and timestamp
250.000	// Sampling rate
8.024	// Data capture period



Sample #	Right_Leg_Flexion	Right_Leg_Abduction	
0	-55.264751	-2.116660	
1	-55.071722	-2.169018	
2	-54.861837	-2.111108	
3	-55.823996	-0.501937	
4	-55.688449	-0.823502	
5	-55.644604	-1.295490	
6	-55.784822	-1.250899	
7	-55.217632	-1.038764	
8	-56.031215	-0.341187	
9	-56.003608	-0.874277	
10	-55.992311	-0.643752	
11	-55.811348	-0.823977	
12	-56.221826	-1.152450	
13	-56.345997	-1.344199	
14	-56.383814	-1.155910	
15	-55.367542	-1.514657	
16	-55.468104	-1.119428	
17	-56.487697	-0.660349	
18	-56.312681	-0.883140	
19	-56.404023	-0.839181	
20	-56.361290	-1.055102	
21	-56.688458	-1.502943	
22	-57.054117	-2.017497	
23	-56.879518	-1.596877	
24	-56.136656	-1.939756	
25	-56.103975	-1.819100	
26	-57.007864	-1.104872	
27	-56.332563	-1.868691	
28	-55.711061	-1.848798	
29	-55.849415	-2.220508	
30	-55.854590	-2.161086	
31	-56.062998	-1.020779	
32	-56.132682	-1.009074	
33	-56.222835	-1.051875	
34	-56.397534	-1.222097	
35	-57.224751	-0.728081	
36	-57.461358	0.294416	
37	-57.428173	0.708441	
38	-57.015711	-0.613311	
39	-57.047246	-0.430294	
40	-56.606271	0.458779	
41	-55.820116	-1.228794	
42	-56.320840	-0.908960	
43	-55.587055	-0.457502	
44	-56.154489	-0.655085	
45	-57.114509	0.947599	
46	-56.545282	-0.188933	
47	-56.176175	-1.711267	
48	-56.834694	-0.387773	
49	-56.683354	-0.197123	
50	-56.443504	-0.067993	
51	-55.752049	0.204246	
52	-55.511764	-0.241661	
53	-56.282302	-0.340205	
54	-55.587836	-0.467150	
55	-55.746585	-0.330565	
56	-56.008421	-0.271550	
57	-56.751264	-0.210276	
58	-56.204962	0.685024	
59	-56.164034	1.483889	
60	-56.836509	1.889821	
61	-56.040993	0.680470	
62	-55.785986	-0.276507	
63	-55.504634	0.249880	
64	-55.414525	0.096271	
65	-55.448948	0.367526	
66	-55.695258	0.428493	
67	-56.381914	0.678600	
68	-56.381749	0.853618	
69	-55.639713	0.368882	
70	-55.407106	0.572206	
71	-55.678106	0.439455	
72	-55.630449	0.444084	
73	-55.012326	0.563216	
74	-55.564027	1.824999	
75	-56.101703	2.544998	
76	-56.070079	1.912559	
77	-55.754348	1.615242	
78	-54.264795	-0.610522	
79	-53.928302	-0.348273	
80	-53.735285	-0.281101	
81	-53.681533	-0.986656	
82	-54.303663	-0.040105	
83	-54.309736	-0.025854	
84	-54.039122	-0.822990	
85	-53.560978	-1.928529	
86	-54.598999	-0.873594	
87	-54.626023	-0.323789	
88	-53.780258	-1.722030	
89	-53.741049	-2.164470	
90	-54.287963	-0.080017	
91	-55.001964	2.234120	
92	-54.064148	0.147048	
93	-54.145145	-0.010791	
94	-54.862826	1.159782	
95	-54.493101	0.587838	
96	-55.435392	0.571577	
97	-55.399728	0.785173	
98	-54.687841	1.250274	
99	-54.934091	0.496080	
100	-54.801111	-0.016729	
101	-55.320695	-0.843362	
102	-55.605755	-0.199775	
103	-55.089499	0.269162	
104	-54.799484	0.111700	
105	-54.858520	0.504090	
106	-55.112488	0.818111	
107	-55.320636	1.142236	
108	-54.886351	1.145814	
109	-54.819163	1.111856	
110	-55.393809	0.882266	
111	-55.300775	0.415257	
112	-54.824384	0.094529	
113	-54.620169	0.322554	
114	-54.792654	0.501858	
115	-55.040602	0.294879	
116	-55.093517	0.531089	
117	-54.848891	1.103998	
118	-54.415962	0.097888	
119	-54.978150	-0.403405	
120	-55.365578	-0.116301	
121	-54.494993	0.231897	
122	-54.719811	0.153931	
123	-55.019501	-0.254884	
124	-54.512989	0.328245	
125	-54.283373	0.638601	
126	-54.233383	1.167962	
127	-54.418377	1.179780	
128	-54.546258	0.538515	
129	-54.454146	-0.000794	
130	-54.691642	-0.193609	
131	-54.601632	-0.219490	
132	-54.598648	-0.216394	
133	-54.670957	-0.029981	
134	-54.533613	0.485105	
135	-54.637938	0.480692	
136	-54.685928	-0.093157	
137	-54.763066	-0.063817	
138	-54.703166	-0.023961	
139	-54.721149	-0.098741	
140	-54.812673	-0.030407	
141	-54.844757	0.070418	
142	-54.637333	0.074851	
143	-54.559134	0.066000	
144	-54.534651	0.376509	
145	-54.791061	-0.270933	
146	-55.023825	-0.429516	
147	-54.555298	0.422633	
148	-55.770379	1.484684	
149	-55.723549	1.272758	
150	-55.641448	0.992054	
151	-56.109840	0.704685	
152	-54.438094	0.534178	
153	-55.469886	1.671190	
154	-56.382799	0.486257	
155	-56.474794	0.430384	
156	-57.229433	1.909271	
157	-56.057239	0.922081	
158	-56.007475	0.871572	
159	-56.182612	3.172172	
160	-56.719767	2.443463	
161	-56.107310	0.027709	
162	-55.059930	-0.531710	
163	-56.027319	0.687064	
164	-56.006156	1.294965	
165	-56.221543	1.140755	
166	-55.822389	0.336818	
167	-55.408243	-1.156289	
168	-55.501055	-1.157339	
169	-55.166112	-0.439901	
170	-55.419026	-1.467834	
171	-54.326947	-3.334983	
172	-54.409096	-1.547495	
173	-55.404227	-0.581086	
174	-55.103505	-1.363279	
175	-54.818063	-2.019105	
176	-55.184698	-1.649701	
177	-55.821322	-0.670528	
178	-55.364010	-1.295101	
179	-54.914262	-1.531511	
180	-55.926319	-0.630011	
181	-57.227152	-0.282895	
182	-56.578132	-0.843074	
183	-56.377333	-0.058643	
184	-57.177081	-0.609801	
185	-54.198220	-4.015343	
186	-50.754962	-4.882177	
187	-53.113020	-2.689757	
188	-53.209312	-3.196416	
189	-51.051557	-4.384508	
190	-52.958433	-2.513252	
191	-54.557381	-0.403867	
192	-55.473159	0.961112	
193	-52.231542	-2.337895	
194	-51.592747	-2.713728	
195	-55.263706	0.898736	
196	-54.187249	0.395908	
197	-54.301720	1.482558	
198	-54.091484	1.409459	
199	-55.020509	0.402951	
200	-55.617411	0.300959	
201	-54.419967	0.270145	
202	-55.166304	-0.106499	
203	-54.318731	-1.034070	
204	-54.161013	-1.097286	
205	-54.310762	-1.214470	
206	-54.041721	-1.252641	
207	-53.768746	-1.187951	
208	-54.765722	-0.171291	
209	-54.742573	-1.184601	
210	-54.799304	-1.057403	
211	-54.832539	-0.634591	
212	-52.729142	-1.779712	
213	-52.890077	-0.481284	
214	-53.654282	0.164862	
215	-53.538541	-0.033314	
216	-54.647291	0.666504	
217	-54.496070	0.513323	
218	-53.707350	-0.449939	
219	-54.073192	-0.440796	
220	-53.938872	-1.076859	
221	-54.325581	-2.771171	
222	-53.944133	-1.924283	
223	-52.942816	-0.792263	
224	-53.671698	-0.156429	
225	-54.255726	0.545917	
226	-53.386384	-1.559544	
227	-53.236688	-1.368807	
228	-52.997421	-1.663850	
229	-53.389572	0.502572	
230	-52.744481	1.300766	
231	-52.959803	0.054133	
232	-54.189224	0.120590	
233	-54.358965	-0.199484	
234	-53.699553	-1.633421	
235	-54.398166	-1.321347	
236	-55.876957	-0.354156	
237	-54.754538	0.149687	
238	-54.554899	1.346962	
239	-53.391835	0.110922	
240	-52.964231	0.383664	
241	-52.175439	0.409718	
242	-51.763567	-0.481031	
243	-53.919065	1.105652	
244	-52.928996	0.576188	
245	-51.851164	-0.541475	
246	-52.669898	-0.125036	
247	-52.379554	-0.581919	
248	-52.434548	0.352377	
249	-52.419024	0.179066	
250	-52.206330	-2.047419	
251	-51.471436	0.421949	
252	-51.097004	1.188062	
253	-50.752477	1.636649	
254	-49.945797	3.569125	
255	-50.861188	1.057006	
256	-51.283061	-0.315759	
257	-52.427518	1.928420	
258	-51.405081	2.542833	
259	-54.762073	5.186607	
260	-54.670383	3.046693	
261	-50.438072	-0.349915	
262	-51.119854	1.613702	
263	-50.267847	1.337394	
264	-50.391021	1.639708	
265	-49.571814	1.038687	
266	-49.762423	1.509948	
267	-50.946730	2.183903	
268	-50.404942	2.862302	
269	-50.470703	3.226910	
270	-50.299498	2.108764	
271	-49.429368	1.401285	
272	-49.393889	0.989647	
273	-49.059194	1.289205	
274	-48.545783	2.213531	
275	-48.309223	2.831766	
276	-48.222538	2.768481	
277	-48.587605	2.803597	
278	-49.302113	2.238157	
279	-48.389635	0.594382	
280	-47.400859	1.566218	
281	-47.870489	2.826939	
282	-47.514152	2.236318	
283	-47.116662	1.620931	
284	-47.214976	1.101847	
285	-47.145255	0.755874	
286	-47.113247	0.724030	
287	-46.697611	-1.340862	
288	-43.459833	1.254881	
289	-43.697479	3.251649	
290	-45.957004	1.156142	
291	-45.559085	1.019586	
292	-44.604307	0.722429	
293	-44.209774	1.676969	
294	-44.348685	1.501987	
295	-43.362714	1.870054	
296	-43.167347	0.252617	
297	-42.846124	0.101057	
298	-42.757810	0.523711	
299	-42.668665	0.079475	
300	-42.423660	1.220404	
301	-41.369801	0.037902	
302	-41.474431	0.730119	
303	-42.460016	-1.185569	
304	-41.848238	-1.466571	
305	-43.270873	1.711696	
306	-37.891345	-2.183025	
307	-37.380023	-0.782737	
308	-40.740520	0.848322	
309	-39.388795	0.449441	
310	-39.563553	1.209360	
311	-37.623774	-0.195379	
312	-37.437225	0.179536	
313	-35.817176	0.504307	
314	-36.055450	1.096544	
315	-36.864039	1.092343	
316	-38.123978	1.736967	
317	-37.746481	1.806404	
318	-36.296802	1.435515	
319	-36.798298	0.526864	
320	-35.274080	-0.339849	
321	-35.437718	0.638765	
322	-35.112703	0.928599	
323	-35.793454	1.090581	
324	-37.399583	3.072488	
325	-34.654012	1.921851	
326	-33.955589	0.050816	
327	-34.320279	1.176810	
328	-33.306732	1.157662	
329	-34.203159	0.701179	
330	-34.545303	3.111144	
331	-34.028207	3.026080	
332	-32.932966	0.693205	
333	-31.448227	-1.175248	
334	-33.684078	0.118480	
335	-34.958791	-0.456645	
336	-32.522907	-0.565260	
337	-31.727871	-1.532407	
338	-34.639126	-0.444276	
339	-35.608237	-0.057010	
340	-35.483430	0.280916	
341	-35.214319	1.673944	
342	-34.633860	0.986436	
343	-35.814912	0.738429	
344	-34.606362	0.731635	
345	-34.634048	1.804780	
346	-34.971554	1.845779	
347	-32.431762	-0.216599	
348	-32.829955	1.006368	
349	-33.242518	0.514195	
350	-34.052844	-0.195318	
351	-35.113951	0.965004	
352	-34.973817	2.118402	
353	-35.212329	3.266636	
354	-35.805020	2.997652	
355	-34.776354	1.557830	
356	-34.577566	1.913620	
357	-34.327209	3.338231	
358	-33.454229	2.441585	
359	-35.545633	3.300487	
360	-33.751655	1.381619	
361	-30.573146	-0.206986	
362	-32.291079	0.538465	
363	-34.878457	1.748585	
364	-35.377609	1.997069	
365	-35.839817	1.990261	
366	-36.910688	2.402845	
367	-36.683214	2.906190	
368	-35.672069	4.083622	
369	-36.187193	4.576566	
370	-36.372601	4.496763	
371	-35.722771	4.414692	
372	-36.034358	4.176997	
373	-35.759885	4.500376	
374	-34.537450	3.770612	
375	-35.462636	4.077203	
376	-37.253791	5.363689	
377	-37.246650	4.625480	
378	-38.108579	4.497709	
379	-38.054434	4.891929	
380	-37.688070	5.821465	
381	-37.615033	6.432551	
382	-37.566244	6.349432	
383	-37.023805	6.757232	
384	-37.414287	7.304269	
385	-37.866924	6.875287	
386	-37.123911	6.308801	
387	-36.975612	6.844926	
388	-36.836745	7.037692	
389	-37.079970	7.074776	
390	-37.071103	7.952400	
391	-37.204081	8.545811	
392	-37.694703	8.568416	
393	-37.641330	8.678882	
394	-37.815723	8.905761	
395	-38.088149	8.774241	
396	-38.208122	8.583536	
397	-38.178225	8.451897	
398	-37.513642	7.635181	
399	-36.833960	8.097768	
400	-37.864240	8.862152	
401	-38.458094	8.920256	
402	-38.520714	9.670439	
403	-40.131744	11.373021	
404	-42.722916	14.126372	
405	-40.373266	11.420680	
406	-37.711695	8.745790	
407	-38.393819	9.379257	
408	-38.330552	9.663361	
409	-38.526298	10.194107	
410	-38.841479	10.318331	
411	-38.686245	9.887235	
412	-39.229448	9.857009	
413	-35.529398	11.178923	
414	-35.801463	10.686158	
415	-39.501108	9.456498	
416	-39.047869	10.381390	
417	-39.897434	10.105625	
418	-36.664286	9.704321	
419	-34.432472	9.844005	
420	-35.020039	9.575837	
421	-33.560128	9.340190	
422	-36.698340	10.110005	
423	-39.771882	9.487892	
424	-39.339602	9.525343	
425	-37.861030	9.691651	
426	-37.896371	9.205039	
427	-38.872311	9.706008	
428	-38.632597	9.035502	
429	-38.927611	8.527469	
430	-38.871853	8.491388	
431	-38.923184	8.111044	
432	-39.384814	7.548249	
433	-38.020079	6.885740	
434	-36.965438	7.762148	
435	-38.795119	7.595494	
436	-38.157051	5.518991	
437	-37.721986	5.565415	
438	-38.138421	7.171017	
439	-38.683285	8.114839	
440	-39.102232	7.712999	
441	-38.281656	9.045516	
442	-38.497087	9.530934	
443	-38.122537	8.015685	
444	-38.341886	9.434729	
445	-38.812550	10.252727	
446	-38.719438	8.923509	
447	-39.256179	9.159493	
448	-38.908631	9.127194	
449	-38.845668	8.792321	
450	-38.463699	9.336624	
451	-37.647329	9.161716	
452	-37.896296	8.780790	
453	-37.766681	8.462628	
454	-37.988145	9.667473	
455	-36.939809	8.535121	
456	-36.700602	7.766091	
457	-37.618745	8.434756	
458	-37.088260	7.690279	
459	-37.224354	7.788901	
460	-36.334020	7.246748	
461	-36.023117	7.028969	
462	-37.294302	7.811672	
463	-37.005309	7.674133	
464	-36.925895	7.513120	
465	-36.380912	7.163617	
466	-36.270574	6.226491	
467	-37.469814	6.525590	
468	-36.285021	6.802860	
469	-35.452946	6.404695	
470	-36.026208	6.975539	
471	-35.206886	6.879535	
472	-35.535214	6.937602	
473	-35.380151	7.149499	
474	-34.458403	6.309088	
475	-34.533857	6.177693	
476	-35.224205	7.215461	
477	-34.680906	7.077051	
478	-35.097551	7.027925	
479	-35.440429	6.997730	
480	-35.413082	6.327830	
481	-36.365519	7.455201	
482	-37.038061	8.396288	
483	-37.334402	8.007855	
484	-36.938581	6.595643	
485	-34.947683	5.577118	
486	-34.471241	5.740586	
487	-36.729225	6.330892	
488	-34.186577	9.482828	
489	-31.708035	8.049148	
490	-35.950876	6.554761	
491	-36.062433	8.242721	
492	-33.607385	6.674266	
493	-35.322716	7.947860	
494	-34.580674	8.416449	
495	-34.992152	8.442212	
496	-37.301873	9.743387	
497	-36.197155	8.473561	
498	-37.154080	8.778726	
499	-36.322350	8.786062	
500	-36.249805	8.475827	
501	-38.219049	8.468353	
502	-37.939574	7.849007	
503	-37.709012	7.009274	
504	-38.055958	6.840687	
505	-37.743279	6.409123	
506	-40.444942	9.546258	
507	-40.051954	10.022678	
508	-37.880662	7.037792	
509	-36.910285	6.719639	
510	-37.108577	5.612690	
511	-38.657959	5.489103	
512	-38.853585	5.846174	
513	-37.513988	5.076519	
514	-37.534324	5.588639	
515	-38.366785	5.181502	
516	-37.460654	4.611346	
517	-38.717539	5.291583	
518	-38.352267	5.615192	
519	-38.603429	5.666668	
520	-39.093792	5.570520	
521	-39.138273	4.788381	
522	-39.272154	3.807538	
523	-39.203379	4.142613	
524	-39.614916	2.884352	
525	-39.906814	2.812966	
526	-39.711371	3.244964	
527	-39.902106	3.182439	
528	-39.412473	1.862324	
529	-39.260267	2.427258	
530	-39.748654	4.190915	
531	-39.531200	3.893668	
532	-39.081322	3.678451	
533	-39.562393	3.519605	
534	-39.766502	3.204159	
535	-39.804452	2.995742	
536	-40.281502	3.372356	
537	-40.772659	-0.589895	
538	-40.359224	-1.131201	
539	-37.916231	2.209019	
540	-39.347584	1.520545	
541	-39.294641	1.595505	
542	-40.368078	1.453939	
543	-39.968063	0.216387	
544	-39.737560	0.779949	
545	-41.699563	1.929854	
546	-40.953608	1.740492	
547	-41.159131	1.942912	
548	-42.031181	2.566212	
549	-41.860515	2.791895	
550	-41.973322	2.298477	
551	-42.636429	2.711880	
552	-42.253587	3.111800	
553	-42.454208	2.597293	
554	-43.052837	2.543269	
555	-42.364136	1.535099	
556	-42.633143	1.532594	
557	-43.202037	2.461982	
558	-43.031917	1.798170	
559	-43.450143	1.581534	
560	-43.341566	1.636052	
561	-43.613913	1.464475	
562	-44.013764	1.545346	
563	-43.759538	1.778708	
564	-44.469863	1.369559	
565	-44.512751	0.724056	
566	-44.344699	1.260870	
567	-45.792676	2.325963	
568	-42.639951	-1.253588	
569	-43.668808	-2.317016	
570	-44.005592	-2.103537	
571	-42.247899	-2.981135	
572	-45.308052	-0.233939	
573	-45.161962	1.165183	
574	-46.312334	1.097238	
575	-46.297446	0.528131	
576	-46.698861	0.580605	
577	-46.783892	-0.286628	
578	-46.465076	0.192394	
579	-48.186096	1.829882	
580	-47.509781	0.560400	
581	-47.545656	0.643145	
582	-48.889669	1.336914	
583	-48.978502	0.461498	
584	-48.822730	0.624548	
585	-48.984970	0.214232	
586	-49.402585	0.070600	
587	-48.866533	-0.692710	
588	-49.568178	0.329894	
589	-50.087002	2.136903	
590	-50.953214	1.676905	
591	-47.213508	2.137878	
592	-47.150971	1.409148	
593	-51.199210	0.996043	
594	-49.551206	-0.360402	
595	-50.138507	-0.957671	
596	-51.955778	0.263409	
597	-51.588626	0.503285	
598	-51.727490	0.314929	
599	-52.918912	0.504038	
600	-52.005425	0.116879	
601	-51.349088	0.598960	
602	-51.645872	2.189053	
603	-52.027612	1.698250	
604	-51.784397	0.562635	
605	-49.688785	-1.281340	
606	-50.583307	-1.859137	
607	-51.532306	-0.524588	
608	-50.008669	-1.751553	
609	-50.217331	-1.578536	
610	-51.781203	0.181904	
611	-51.981998	-0.673055	
612	-51.818849	-0.892305	
613	-53.074570	-0.229992	
614	-52.983264	-0.450743	
615	-52.068610	-0.966824	
616	-51.863151	-0.431685	
617	-51.579323	-2.927660	
618	-51.914508	-2.957724	
619	-51.549403	-2.928743	
620	-52.144139	-3.036694	
621	-52.737713	-0.951573	
622	-52.592378	-0.969788	
623	-52.507395	-1.211429	
624	-54.524950	0.714949	
625	-54.985907	0.922488	
626	-53.713609	-0.675786	
627	-52.597704	-1.917381	
628	-52.677589	-2.474140	
629	-53.769791	-0.565464	
630	-52.717594	-1.623618	
631	-53.908833	-1.625343	
632	-54.288698	-0.382277	
633	-53.587136	-0.613241	
634	-54.331517	-1.623858	
635	-54.852593	-1.592514	
636	-54.185497	-1.458613	
637	-54.249557	-2.314248	
638	-55.074009	-2.305110	
639	-55.803706	-2.078105	
640	-54.775292	-2.169933	
641	-55.124968	-1.438906	
642	-55.659606	-1.145009	
643	-54.556562	-2.128079	
644	-54.450857	-1.933979	
645	-54.089573	-0.710956	
646	-54.034982	-1.377989	
647	-53.599292	-1.853089	
648	-54.929231	-1.524141	
649	-54.920488	-2.794012	
650	-54.728970	-2.883707	
651	-55.438847	-2.401195	
652	-55.133173	-2.080011	
653	-56.015762	-1.428420	
654	-56.270231	-1.892737	
655	-55.569124	-1.798201	
656	-54.358683	-1.875077	
657	-54.987894	-2.985135	
658	-55.809653	-3.272841	
659	-55.762054	-3.078211	
660	-56.265224	-3.074490	
661	-55.774023	-3.647564	
662	-55.167439	-4.038895	
663	-56.602588	-2.830359	
664	-57.485358	-2.069984	
665	-56.082163	-2.596304	
666	-55.758495	-3.291939	
667	-56.059458	-2.978781	
668	-55.781528	-2.819354	
669	-55.633020	-4.048278	
670	-55.674824	-4.665576	
671	-56.220776	-4.546912	
672	-56.786508	-3.762437	
673	-57.676052	-1.707118	
674	-57.917172	-2.041192	
675	-57.390268	-2.675872	
676	-57.126914	-4.047147	
677	-56.943765	-5.440079	
678	-56.899422	-4.580963	
679	-56.747390	-3.639215	
680	-56.973406	-3.945554	
681	-55.741951	-3.669725	
682	-55.476428	-3.546232	
683	-56.765960	-3.236376	
684	-56.786628	-3.301564	
685	-55.869826	-4.434505	
686	-55.438918	-5.068165	
687	-56.493780	-4.812485	
688	-56.296968	-4.614031	
689	-57.172878	-2.676310	
690	-57.841779	-0.513830	
691	-57.518414	-0.014912	
692	-56.568020	-2.698031	
693	-55.790480	-4.549978	
694	-55.754539	-4.127354	
695	-57.143620	-3.584456	
696	-58.545734	-2.998021	
697	-58.012011	-3.208827	
698	-57.801163	-2.718763	
699	-57.287326	-4.341355	
700	-56.522918	-5.357438	
701	-56.622735	-5.128480	
702	-56.601763	-6.416236	
703	-56.142618	-6.569401	
704	-56.151160	-6.959426	
705	-56.029986	-6.727271	
706	-56.569675	-6.288233	
707	-56.559778	-6.857058	
708	-56.282052	-6.124044	
709	-56.513721	-5.926510	
710	-56.702052	-5.212507	
711	-56.590366	-5.141172	
712	-56.951412	-6.258544	
713	-56.770956	-5.124182	
714	-56.652535	-4.203379	
715	-56.502685	-4.970545	
716	-55.600813	-5.960745	
717	-56.184205	-3.815424	
718	-56.580522	-2.713339	
719	-56.821048	-3.234670	
720	-56.967880	-3.077699	
721	-57.503147	-2.280240	
722	-53.296779	3.117222	
723	-53.493803	2.460724	
724	-57.699052	-2.175160	
725	-56.860728	-1.796045	
726	-57.261917	-1.813643	
727	-57.278456	-2.491999	
728	-57.211728	-2.561454	
729	-57.491881	-2.582132	
730	-57.283530	-2.629549	
731	-57.137443	-2.813915	
732	-57.533349	-3.139344	
733	-56.885945	-2.356172	
734	-56.628974	-2.062818	
735	-56.042875	-4.105676	
736	-56.490361	-3.754854	
737	-58.069982	-3.240264	
738	-56.899078	-2.921378	
739	-56.874126	-2.765207	
740	-57.462248	-3.877266	
741	-57.387825	-3.894187	
742	-57.868655	-3.883527	
743	-56.499669	-4.325044	
744	-56.648727	-3.969561	
745	-57.069444	-3.884450	
746	-55.713919	-5.104201	
747	-57.613955	-4.763986	
748	-57.245922	-4.194003	
749	-56.354721	-4.116726	
750	-57.425870	-3.892394	
751	-57.532274	-3.391533	
752	-56.645501	-4.106361	
753	-56.380544	-3.980409	
754	-57.211190	-2.575859	
755	-56.398806	-4.835310	
756	-56.543082	-4.735582	
757	-56.557534	-3.306307	
758	-52.210415	-0.717669	
759	-52.852143	-0.660068	
760	-57.273241	-2.798400	
761	-57.182340	-2.255624	
762	-57.256269	-2.066796	
763	-56.611450	-2.700740	
764	-57.159930	-3.630246	
765	-57.647250	-5.362269	
766	-57.476843	-4.181226	
767	-57.303989	-2.567461	
768	-56.643042	-2.602442	
769	-57.500532	-2.816656	
770	-58.155273	-4.823280	
771	-57.478907	-5.801590	
772	-56.794103	-6.118448	
773	-56.654289	-5.765595	
774	-56.391580	-6.279852	
775	-56.582044	-7.108610	
776	-56.540210	-7.083796	
777	-56.399756	-7.131987	
778	-55.999482	-7.217088	
779	-55.436435	-6.889316	
780	-55.544393	-6.904793	
781	-55.571310	-6.573384	
782	-55.451282	-6.478745	
783	-55.554267	-5.999241	
784	-55.689067	-5.276501	
785	-55.847648	-5.781350	
786	-55.781760	-4.477321	
787	-55.659330	-2.456232	
788	-55.310237	-3.182654	
789	-54.916499	-3.345587	
790	-55.019291	-3.485845	
791	-55.399387	-3.825451	
792	-55.570015	-4.104613	
793	-55.583236	-4.250576	
794	-55.436665	-3.886255	
795	-54.983889	-3.615200	
796	-54.698117	-5.171274	
797	-55.384985	-4.563595	
798	-55.965888	-2.929053	
799	-55.296791	-4.762616	
800	-55.516210	-4.825440	
801	-56.430417	-3.860317	
802	-55.642130	-4.505269	
803	-53.829890	-4.077081	
804	-54.081327	-4.966654	
805	-55.171831	-5.694505	
806	-54.985467	-4.708588	
807	-55.234074	-4.824314	
808	-55.531316	-4.357277	
809	-54.726376	-3.525647	
810	-54.884001	-3.558878	
811	-54.792701	-3.479631	
812	-55.643599	-2.681975	
813	-56.468148	-2.800110	
814	-55.796325	-2.778705	
815	-55.324452	-3.036314	
816	-54.528112	-3.777767	
817	-55.198715	-3.280418	
818	-55.514341	-3.142977	
819	-54.735167	-3.314731	
820	-54.764453	-1.887872	
821	-52.414001	-4.496305	
822	-48.747902	-6.713261	
823	-52.909358	-3.408724	
824	-55.675278	-1.858599	
825	-54.420476	-4.055310	
826	-55.205357	-3.595839	
827	-54.041142	-3.577690	
828	-52.788606	-3.568010	
829	-53.778099	-3.119543	
830	-54.873313	-2.615609	
831	-55.052351	-2.533305	
832	-55.209034	-3.639288	
833	-54.944709	-3.162503	
834	-53.800660	-3.580151	
835	-52.469398	-4.561758	
836	-52.057263	-4.565503	
837	-51.498432	-4.023526	
838	-50.615715	-3.331536	
839	-50.730726	-3.144848	
840	-51.580934	-3.418753	
841	-52.318719	-2.243306	
842	-52.924630	-1.529119	
843	-53.132833	-1.576939	
844	-53.257523	-1.415391	
845	-53.483205	-2.069910	
846	-52.362526	-3.256524	
847	-51.681617	-3.977057	
848	-51.107581	-3.902787	
849	-51.047760	-3.296679	
850	-50.818727	-1.661985	
851	-50.176587	-1.429736	
852	-51.001494	-1.258539	
853	-50.869830	-1.013833	
854	-51.306905	-0.387427	
855	-52.251094	-1.204753	
856	-52.275434	-1.496973	
857	-50.319305	-1.504471	
858	-50.629010	-1.238238	
859	-50.752360	-0.504551	
860	-50.867096	-2.276233	
861	-51.522077	-4.362327	
862	-50.935001	-3.123351	
863	-50.565382	-3.382102	
864	-50.470977	-3.294692	
865	-50.479486	-3.173385	
866	NaN	NaN	
867	NaN	NaN	
868	NaN	NaN	
869	NaN	NaN	
870	NaN	NaN	
871	-47.294821	-5.972861	
872	-47.871925	-4.826457	
873	-46.377638	-3.404793	
874	-45.743102	-1.912721	
875	-46.943813	-2.774333	
876	-45.821021	-3.861163	
877	-45.307836	-4.088584	
878	-45.748432	-4.419740	
879	-44.433254	-4.282953	
880	-44.582552	-4.397869	
881	-45.362651	-3.686668	
882	-45.049915	-4.221493	
883	-45.682128	-5.742183	
884	-45.105162	-4.525836	
885	-44.530365	-3.013601	
886	-45.106828	-2.678470	
887	-45.420300	-2.738798	
888	-45.225745	-2.962041	
889	-45.210799	-2.302215	
890	-44.868648	-2.435336	
891	-44.658724	-3.163654	
892	-44.229605	-2.982711	
893	-44.072309	-3.320027	
894	-44.271306	-3.663936	
895	-43.880255	-3.285195	
896	-43.507077	-3.090234	
897	-43.464113	-3.443266	
898	-43.041914	-2.201856	
899	-42.590711	-1.786896	
900	-43.127270	-2.438815	
901	-43.542820	-1.701552	
902	-42.816469	-1.841873	
903	-42.613875	-1.771731	
904	-42.786478	-1.595291	
905	-42.472424	-1.575410	
906	-42.571488	-0.608826	
907	-41.722924	-0.974263	
908	-41.817998	-1.591010	
909	-42.667993	-0.897829	
910	-42.300723	-1.200944	
911	-41.367387	-0.766778	
912	-41.258066	-0.495342	
913	-41.530894	-0.663652	
914	-41.485439	-0.066514	
915	-41.709652	-0.629612	
916	-41.961702	-0.762280	
917	-41.840714	0.281379	
918	-41.490770	1.325422	
919	-41.283239	-1.192724	
920	-41.114012	-1.158042	
921	-41.159055	0.021447	
922	-40.216672	-0.017847	
923	-41.758324	-1.260199	
924	-40.887207	-2.790961	
925	-39.603389	-1.039171	
926	-41.129223	-0.479214	
927	-40.951011	-3.022349	
928	-41.143426	-3.195535	
929	-40.845760	-0.531557	
930	-41.176827	-2.814461	
931	-41.285040	-2.522269	
932	-40.137478	-0.571112	
933	-40.111700	-0.755903	
934	-39.827422	-1.244596	
935	-39.672959	-1.075740	
936	-40.038086	0.622915	
937	-39.543008	1.262634	
938	-39.762707	0.757020	
939	-39.879835	0.207484	
940	-39.426848	0.478738	
941	-39.311277	0.770295	
942	-39.706305	0.992398	
943	-39.813887	1.251373	
944	-39.958191	1.837825	
945	-40.259412	2.563051	
946	-40.093521	2.773663	
947	-40.284427	2.410768	
948	-40.181402	2.066248	
949	-39.730909	2.515783	
950	-39.853021	2.609514	
951	-39.731031	2.882920	
952	-39.761713	3.271240	
953	-39.625877	2.941337	
954	-39.469192	2.437911	
955	-39.344730	2.379032	
956	-39.297559	2.458399	
957	-39.454709	1.842024	
958	-39.300188	2.247187	
959	-38.098137	1.072989	
960	-36.875942	-0.556466	
961	-36.370663	-0.928566	
962	-37.407484	0.826273	
963	-37.474454	1.301691	
964	-36.792346	0.593822	
965	-36.871650	0.801958	
966	-36.719803	1.328597	
967	-36.931361	1.989689	
968	-36.620341	1.748989	
969	-36.289356	1.747658	
970	-36.929453	2.614880	
971	-38.054145	4.272356	
972	-38.687367	4.659593	
973	-38.593668	4.690314	
974	-38.370734	4.565774	
975	-39.444044	5.339704	
976	-37.117365	1.841403	
977	-37.665794	1.555798	
978	-39.018861	2.419181	
979	-37.346965	0.519423	
980	-36.946906	0.828574	
981	-38.220087	2.503950	
982	-38.481242	1.825528	
983	-36.600843	0.216188	
984	-38.791329	2.694334	
985	-38.270695	2.553344	
986	-36.646335	1.320641	
987	-39.043915	3.033255	
988	-38.676764	3.608394	
989	-36.607600	2.905295	
990	-36.485650	3.242017	
991	-38.566171	3.048976	
992	-38.947796	4.457747	
993	-38.326157	5.568425	
994	-39.184656	5.006111	
995	-38.813801	4.564109	
996	-38.922845	4.884113	
997	-39.028867	5.258984	
998	-38.669577	4.782073	
999	-38.296994	4.995216	
1000	-38.258594	5.764791	
1001	-38.733407	5.353952	
1002	-39.092389	5.390116	
1003	-38.400275	5.106389	
1004	-38.167103	4.605144	
1005	-38.505594	5.607021	
1006	-38.361215	5.372861	
1007	-38.532399	5.124395	
1008	-38.424631	5.328333	
1009	-38.429121	5.365134	
1010	-38.342123	5.211548	
1011	-39.175035	5.374820	
1012	-39.154609	5.606158	
1013	-38.365552	5.670576	
1014	-38.747277	5.113899	
1015	-39.145114	5.333635	
1016	-39.280054	6.229060	
1017	-39.280616	6.489229	
1018	-38.947552	5.811690	
1019	-38.492747	5.082767	
1020	-38.718568	5.163664	
1021	-38.635523	5.125977	
1022	-38.350314	6.020899	
1023	-38.223351	6.164797	
1024	-38.594286	6.703072	
1025	-38.382098	6.828508	
1026	-38.314350	6.521610	
1027	-38.587219	6.549062	
1028	-38.391197	6.325469	
1029	-38.182016	6.790554	
1030	-38.366629	7.160465	
1031	-38.456015	6.839074	
1032	-38.295868	6.944492	
1033	-38.463767	6.429529	
1034	-38.711272	4.792571	
1035	-38.629927	5.318233	
1036	-38.113867	6.047536	
1037	-38.103883	6.051895	
1038	-38.630675	5.545759	
1039	-38.727021	5.428259	
1040	-38.552649	5.894886	
1041	-38.682732	5.524030	
1042	-38.558807	5.682229	
1043	-38.502595	5.269374	
1044	-39.429479	4.544259	
1045	-36.563183	6.005639	
1046	-33.914599	1.598403	
1047	-34.578080	2.210154	
1048	-33.493946	5.314335	
1049	-32.533069	5.180408	
1050	-36.399600	6.389482	
1051	-36.184757	5.940108	
1052	-32.711008	6.446487	
1053	-33.513079	3.856619	
1054	-37.000088	2.887623	
1055	-37.317997	6.245546	
1056	-32.558325	5.793077	
1057	-37.107329	5.491721	
1058	-37.201965	5.516812	
1059	-34.055870	6.540177	
1060	-33.954353	5.277659	
1061	-32.591870	4.019060	
1062	-32.232568	3.858749	
1063	-32.291355	4.625062	
1064	-32.094456	0.300977	
1065	-33.481933	2.814768	
1066	-32.902541	6.306671	
1067	-32.475872	5.705725	
1068	-34.065035	4.251708	
1069	-36.625006	2.283337	
1070	-34.066223	-0.011654	
1071	-34.585015	0.067606	
1072	-38.252753	4.353710	
1073	-35.834641	1.999452	
1074	-37.350825	3.452081	
1075	-38.500094	4.537722	
1076	-37.804793	2.420501	
1077	-34.354819	3.162965	
1078	-35.355978	4.434283	
1079	-38.152213	2.885806	
1080	-37.631633	3.424452	
1081	-37.887254	3.840510	
1082	-37.817477	3.874165	
1083	-37.902064	3.585160	
1084	-37.977853	3.018136	
1085	-37.655135	3.060077	
1086	-37.536718	2.785079	
1087	-37.884429	2.569511	
1088	-37.829110	2.429696	
1089	-37.776629	2.280764	
1090	-37.586657	2.169677	
1091	-37.469148	2.280292	
1092	-37.553015	2.080522	
1093	-37.472730	1.572757	
1094	-37.282935	2.110580	
1095	-37.542956	1.680985	
1096	-37.759721	1.100323	
1097	-37.744564	1.815377	
1098	-37.635314	1.640863	
1099	-37.641457	1.719205	
1100	-37.499040	1.664956	
1101	-37.725937	1.600900	
1102	-38.223765	1.562776	
1103	-37.672978	2.175989	
1104	-37.860204	2.425133	
1105	-36.862168	1.291400	
1106	-36.947074	1.120299	
1107	-38.124346	1.293131	
1108	-38.496820	0.825501	
1109	-37.346846	-0.185062	
1110	-36.716703	-0.618980	
1111	-37.725972	-0.719962	
1112	-37.000435	-0.959324	
1113	-36.245591	-0.977406	
1114	-35.887545	-0.900159	
1115	-37.026225	-1.314255	
1116	-36.675267	-0.955881	
1117	-36.972750	-0.031240	
1118	-36.651033	-0.681552	
1119	-36.651898	-0.258995	
1120	-38.533705	0.642610	
1121	-38.356998	0.069413	
1122	-38.052205	1.658228	
1123	-38.910051	2.440537	
1124	-39.908809	1.918831	
1125	-39.863573	2.392687	
1126	-39.719603	2.544672	
1127	-39.666139	2.420457	
1128	-40.226481	1.363859	
1129	-40.807786	0.831681	
1130	-40.805620	0.879064	
1131	-40.696928	1.302230	
1132	-40.722541	1.461552	
1133	-40.771931	1.435058	
1134	-40.610875	2.312055	
1135	-40.383665	2.889440	
1136	-40.699660	2.584260	
1137	-41.389216	2.626651	
1138	-40.668585	1.791054	
1139	-40.421357	1.522056	
1140	-41.405930	2.397270	
1141	-41.738058	1.813478	
1142	-41.436222	1.126801	
1143	-41.413001	0.574871	
1144	-41.488698	0.714453	
1145	-41.347439	1.078690	
1146	-42.176774	1.068608	
1147	-42.635803	2.209472	
1148	-42.355768	1.886296	
1149	-42.497124	1.700061	
1150	-42.645972	2.315070	
1151	-42.830825	1.895887	
1152	-42.462628	1.227015	
1153	-42.821300	-0.713469	
1154	-41.055951	2.152745	
1155	-38.191011	-0.824448	
1156	-41.090945	-1.848702	
1157	-42.257586	0.021650	
1158	-42.362253	-2.182031	
1159	-43.224153	-0.632400	
1160	-41.647367	-1.178491	
1161	-41.048067	0.359539	
1162	-42.914025	-0.969764	
1163	-43.305213	-1.020854	
1164	-44.898542	0.680680	
1165	-43.733061	0.541183	
1166	-43.533001	-0.966113	
1167	-42.980221	-2.107605	
1168	-44.775478	-0.360252	
1169	-45.370887	-0.590252	
1170	-44.948503	-0.731112	
1171	-46.401708	0.110277	
1172	-46.151269	0.151804	
1173	-46.096715	0.234403	
1174	-47.007355	-0.035290	
1175	-47.264434	-0.608003	
1176	-48.060862	-0.419143	
1177	-46.273244	3.292690	
1178	-42.586341	2.525685	
1179	-43.719771	1.717486	
1180	-44.188315	3.190539	
1181	-46.614226	0.872777	
1182	-49.134732	-2.375577	
1183	-48.560486	-1.601596	
1184	-48.756676	-0.542568	
1185	-48.737477	-0.372358	
1186	-49.635661	-1.334552	
1187	-48.407965	-2.025141	
1188	-48.345179	-1.695451	
1189	-50.374622	-1.441472	
1190	-50.038954	-2.063905	
1191	-50.488869	-1.969448	
1192	-51.509636	-1.803246	
1193	-52.111401	-1.771046	
1194	-52.616534	-1.667633	
1195	-52.838948	-2.154786	
1196	-52.878530	-1.659186	
1197	-53.134501	-0.411650	
1198	-52.926230	-1.460080	
1199	-53.071866	-2.582540	
1200	-52.415890	-3.094729	
1201	-51.567490	-2.409895	
1202	-51.635719	-3.125296	
1203	-51.761331	-3.988805	
1204	-51.601651	-3.229606	
1205	-52.295011	-1.130656	
1206	-52.666351	-1.787434	
1207	-52.961618	-2.579500	
1208	-53.666131	-0.871140	
1209	-53.222338	-0.843086	
1210	-53.099559	-1.998518	
1211	-53.110297	-1.824488	
1212	-53.692126	-0.563739	
1213	-54.743180	-0.488941	
1214	-54.191859	-1.106791	
1215	-53.765311	-1.118950	
1216	-53.478664	-0.489935	
1217	-53.161450	-1.387974	
1218	-53.603171	-2.268274	
1219	-54.906587	-2.823877	
1220	-55.720090	-2.477804	
1221	-55.187880	-2.459445	
1222	-55.414351	-2.864115	
1223	-55.553980	-4.116057	
1224	-56.258817	-3.223584	
1225	-55.442694	-3.230548	
1226	-54.996241	-3.017800	
1227	-55.735666	-0.355158	
1228	-55.976103	-1.126368	
1229	-56.179703	-2.354571	
1230	-54.621923	-2.928968	
1231	-53.996125	-2.700821	
1232	-54.805233	-2.077251	
1233	-53.874239	-3.385394	
1234	-53.402984	-4.187505	
1235	-54.863265	-3.920334	
1236	-54.815994	-4.068258	
1237	-55.194692	-1.818762	
1238	-56.524223	-1.592466	
1239	-55.979841	-3.922440	
1240	-55.727015	-2.567131	
1241	-56.172848	-1.735096	
1242	-56.670240	-2.109222	
1243	-56.262622	-1.805499	
1244	-55.502990	-2.508217	
1245	-56.274503	-3.561401	
1246	-57.519477	-3.068453	
1247	-57.001343	-2.252593	
1248	-56.150940	-3.057870	
1249	-57.451244	-1.890618	
1250	-57.680134	-0.228948	
1251	-57.307906	-0.362770	
1252	-56.345991	-1.050821	
1253	-55.889493	-0.743714	
1254	-57.199944	-0.778593	
1255	-57.804237	-3.008333	
1256	-60.042352	-1.408265	
1257	-53.752942	-5.090714	
1258	-56.877363	-3.529108	
1259	-59.085099	-1.964006	
1260	-57.118426	-3.403338	
1261	-57.454978	-2.315133	
1262	-57.423897	-3.152820	
1263	-56.520558	-3.800386	
1264	-55.938585	-4.401560	
1265	-56.079991	-3.989743	
1266	-56.695353	-3.672207	
1267	-57.366526	-4.491175	
1268	-56.593974	-4.044440	
1269	-57.142414	-4.750356	
1270	-57.765754	-4.414796	
1271	-57.239546	-3.704960	
1272	-57.387164	-4.347963	
1273	-57.529057	-4.170250	
1274	-57.483074	-4.154743	
1275	-57.974223	-4.998058	
1276	-58.284332	-4.616754	
1277	-58.028847	-3.990687	
1278	-57.440435	-4.661907	
1279	-56.904965	-4.154811	
1280	-56.845863	-3.954798	
1281	-57.075158	-5.232643	
1282	-57.398305	-3.570734	
1283	-57.878648	-1.319180	
1284	-58.346647	-1.196910	
1285	-58.171161	-2.002283	
1286	-58.759404	-3.854434	
1287	-55.680609	1.480888	
1288	-55.254283	1.103700	
1289	-57.773148	-2.892805	
1290	-57.015845	-2.607446	
1291	-56.469680	-4.684759	
1292	-57.024001	-3.468476	
1293	-56.817476	-2.816767	
1294	-56.123302	-2.826873	
1295	-56.359661	-2.849167	
1296	-56.479162	-3.124384	
1297	-56.060776	-4.811698	
1298	-56.261063	-4.967161	
1299	-57.570873	-3.354863	
1300	-57.464342	-3.806116	
1301	-57.845162	-3.989345	
1302	-56.766476	-4.060272	
1303	-55.711730	-4.690002	
1304	-56.941383	-4.759768	
1305	-57.870713	-4.057224	
1306	-56.632717	-4.895848	
1307	-57.393972	-3.412534	
1308	-57.593575	-2.526033	
1309	-56.074363	-2.006323	
1310	-57.314389	-0.509705	
1311	-58.545918	-1.566672	
1312	-58.558296	-1.335998	
1313	-58.338317	-2.079415	
1314	-59.101714	-3.347040	
1315	-58.910285	-2.869961	
1316	-58.391923	-2.807281	
1317	-58.758592	-3.255554	
1318	-58.554439	-2.901850	
1319	-58.085162	-3.102871	
1320	-57.894652	-3.416568	
1321	-58.292381	-4.238616	
1322	-57.861344	-4.499204	
1323	-57.456325	-3.665226	
1324	-57.868422	-3.512968	
1325	-58.373673	-4.133275	
1326	-57.652576	-4.643222	
1327	-57.774840	-4.862175	
1328	-57.853653	-4.618558	
1329	-57.448490	-4.491394	
1330	-58.047576	-5.382909	
1331	-57.525384	-5.959578	
1332	-57.553453	-5.321250	
1333	-58.207126	-5.433029	
1334	-57.776201	-5.768847	
1335	-56.962971	-5.242381	
1336	-57.598916	-5.393062	
1337	-57.892693	-5.512248	
1338	-57.047445	-5.059586	
1339	-57.162184	-4.463229	
1340	-56.993743	-4.884643	
1341	-57.334362	-5.659684	
1342	-57.857031	-5.510125	
1343	-58.000245	-5.865143	
1344	-57.684470	-5.590708	
1345	-57.750866	-5.321165	
1346	-57.758759	-5.118479	
1347	-57.437467	-5.264349	
1348	-57.952188	-5.458628	
1349	-57.922396	-5.231686	
1350	-58.400208	-5.773933	
1351	-59.031384	-6.120513	
1352	-58.370433	-4.840951	
1353	-57.995415	-4.222863	
1354	-57.982850	-4.685977	
1355	-57.768439	-4.215372	
1356	-57.450992	-3.974361	
1357	-57.623143	-4.319604	
1358	-57.475503	-4.226632	
1359	-57.218058	-3.763397	
1360	-57.529471	-3.891022	
1361	-58.300637	-3.677063	
1362	-58.153667	-2.157568	
1363	-58.188315	-2.189254	
1364	-58.553712	-3.217901	
1365	-57.681953	-2.500144	
1366	-57.866289	-2.820287	
1367	-57.712611	-2.915268	
1368	-57.725857	-2.589062	
1369	-57.908078	-3.135244	
1370	-57.608795	-3.339413	
1371	-57.474776	-3.231617	
1372	-57.286352	-3.233470	
1373	-57.023194	-3.419336	
1374	-56.970120	-2.829258	
1375	-56.892697	-2.555325	
1376	-56.500566	-2.229395	
1377	-55.717247	-2.782004	
1378	-54.875789	-3.583680	
1379	-55.718105	-3.301871	
1380	-57.012110	-2.065155	
1381	-56.510787	-3.655398	
1382	-56.982443	-5.118892	
1383	-58.266762	-4.059913	
1384	-59.093833	-4.983887	
1385	-59.304807	-4.892371	
1386	-59.091037	-4.817472	
1387	-57.963282	-6.322396	
1388	-57.988581	-5.966205	
1389	-58.582245	-4.720988	
1390	-57.858860	-3.938045	
1391	-57.295082	-4.142550	
1392	-56.608816	-5.667550	
1393	-57.771477	-5.197204	
1394	-58.738900	-4.511029	
1395	-58.111542	-4.496380	
1396	-57.148243	-4.153752	
1397	-56.247073	-3.828624	
1398	-56.283301	-5.481445	
1399	-56.113555	-5.372817	
1400	-55.964529	-3.749435	
1401	-55.966921	-5.090342	
1402	-55.356478	-5.057572	
1403	-55.454561	-4.248885	
1404	-57.573673	-2.245770	
1405	-57.142169	-1.795849	
1406	-56.603639	-2.623356	
1407	-56.992863	-1.333052	
1408	-55.900109	-2.046801	
1409	-55.309623	-2.922220	
1410	-56.009248	-1.870346	
1411	-57.290632	-0.596043	
1412	-57.444196	-0.653330	
1413	-57.258567	-0.881349	
1414	-57.446786	-0.968972	
1415	-56.561677	-2.732024	
1416	-56.425864	-2.338257	
1417	-57.266856	-1.921515	
1418	-56.987338	-2.188046	
1419	-55.945234	-3.298124	
1420	-55.883911	-3.074538	
1421	-57.091876	-1.495180	
1422	-56.939681	-2.437202	
1423	-56.621558	-1.736067	
1424	-55.149559	-2.460537	
1425	-53.863272	-4.672879	
1426	-54.612429	-4.611725	
1427	-55.579588	-2.169667	
1428	-54.259870	-2.017495	
1429	-53.707045	-2.061211	
1430	-55.539212	-0.526700	
1431	-55.542749	0.164844	
1432	-55.301852	-0.216260	
1433	-55.523877	-0.618538	
1434	-55.397398	-0.530732	
1435	-55.600508	-0.793921	
1436	-54.702261	-1.553800	
1437	-54.913637	-1.386883	
1438	-55.453918	0.587770	
1439	-55.419903	-0.243992	
1440	-55.443751	-1.003755	
1441	-55.277517	0.045274	
1442	-54.809317	0.044237	
1443	-54.982121	-0.043953	
1444	-54.974286	-0.281650	
1445	-54.127713	-1.439893	
1446	-54.070392	-1.518252	
1447	-54.117628	-0.530630	
1448	-53.412728	-0.352482	
1449	-53.573726	-0.339136	
1450	-53.103756	-0.970433	
1451	-52.440060	-1.700353	
1452	-53.184671	-2.524382	
1453	-53.482262	-1.868875	
1454	-53.768308	-1.222997	
1455	-53.605319	-0.664010	
1456	-53.425580	0.190648	
1457	-53.153614	-0.554334	
1458	-53.392583	-0.470449	
1459	-51.881941	-1.706459	
1460	-51.434711	-1.669359	
1461	-52.353195	0.243830	
1462	-50.766635	-0.884774	
1463	-49.872811	0.081721	
1464	-50.626982	2.087832	
1465	-51.260121	1.120798	
1466	-51.266403	1.217563	
1467	-50.759733	0.228399	
1468	-50.117164	0.100689	
1469	-49.332621	-0.268014	
1470	-48.196923	-1.722539	
1471	-48.432220	-1.035736	
1472	-48.659835	-0.523594	
1473	-48.051537	-0.567877	
1474	-47.575137	-1.667057	
1475	-45.692858	-1.089744	
1476	-46.503817	-0.600791	
1477	-49.059028	0.076664	
1478	-48.426752	0.322825	
1479	-48.253608	-0.185031	
1480	-48.811097	0.241818	
1481	-47.588348	0.186168	
1482	-47.126935	0.642535	
1483	-46.719341	-0.459833	
1484	-45.865977	-0.634322	
1485	-46.109154	-0.069000	
1486	-45.187089	0.229316	
1487	-44.756860	0.197932	
1488	-45.185188	-0.295203	
1489	-44.625867	-0.691558	
1490	-44.749688	-0.642760	
1491	-44.820541	0.141183	
1492	-44.947816	0.341543	
1493	-45.027140	0.500452	
1494	-45.048889	0.345045	
1495	-45.884473	0.974633	
1496	-46.215263	1.288122	
1497	-44.896301	1.165599	
1498	-45.806871	1.293845	
1499	-45.400199	1.202750	
1500	-44.473292	1.331021	
1501	-44.422692	0.738552	
1502	-44.518032	0.710005	
1503	-43.470997	0.984103	
1504	-43.528495	0.982961	
1505	-43.155813	0.994359	
1506	-43.041909	0.802135	
1507	-42.649557	0.919244	
1508	-41.881423	1.237376	
1509	-41.832374	1.382841	
1510	-41.919623	1.734407	
1511	-42.225536	2.152800	
1512	-41.425122	1.565745	
1513	-41.730631	1.783870	
1514	-41.905927	2.240011	
1515	-41.925478	2.308466	
1516	-41.447880	2.036520	
1517	-41.064048	2.595078	
1518	-41.781855	3.602706	
1519	-42.176926	3.669838	
1520	-42.084613	3.413471	
1521	-41.862906	2.937960	
1522	-41.953001	3.046577	
1523	-41.820794	3.216852	
1524	-42.703597	2.719297	
1525	-43.182192	2.632421	
1526	-42.846581	2.988147	
1527	-43.153852	2.989186	
1528	-42.839445	2.880476	
1529	-42.957400	2.526154	
1530	-43.576475	1.905602	
1531	-42.705694	2.708115	
1532	-42.956543	2.602571	
1533	-42.873500	2.381048	
1534	-42.358297	2.768909	
1535	-43.066170	1.482449	
1536	-43.275366	1.309657	
1537	-42.868185	1.359346	
1538	-42.670946	1.439086	
1539	-43.775510	0.971197	
1540	-43.864411	1.410579	
1541	-42.479338	1.718218	
1542	-42.398561	1.778652	
1543	-42.167060	2.752063	
1544	-41.913512	3.007379	
1545	-41.824186	2.829353	
1546	-41.591586	2.797967	
1547	-41.537827	2.395153	
1548	-41.519212	2.484765	
1549	-42.610023	2.417450	
1550	-43.235363	1.242609	
1551	-42.044716	1.307615	
1552	-42.131115	1.457904	
1553	-41.711821	1.856425	
1554	-41.183554	1.953312	
1555	-41.623212	2.381593	
1556	-42.230342	2.601394	
1557	-41.627118	3.483693	
1558	-40.902333	4.558019	
1559	-41.345221	4.331532	
1560	-41.792628	4.190983	
1561	-40.797807	4.534331	
1562	-39.999222	5.156999	
1563	-40.640969	5.241043	
1564	-40.454241	4.624884	
1565	-40.181984	5.089032	
1566	-40.828447	6.020816	
1567	-40.410565	6.046131	
1568	-39.977125	5.566250	
1569	-40.129093	5.424048	
1570	-40.076420	6.042253	
1571	-40.106945	6.088662	
1572	-39.513115	5.935992	
1573	-38.802498	5.839409	
1574	-39.090547	6.249313	
1575	-39.261322	6.477374	
1576	-39.348043	6.730360	
1577	-38.911388	6.559452	
1578	-39.026800	6.133381	
1579	-39.233445	5.713956	
1580	-37.275507	6.134674	
1581	-38.430885	6.870860	
1582	-39.649901	6.815751	
1583	-39.102631	7.375396	
1584	-38.935273	7.034525	
1585	-39.207836	7.651314	
1586	-40.030153	7.989227	
1587	-39.590496	7.640744	
1588	-39.417268	8.024511	
1589	-39.340074	7.807889	
1590	-39.749144	8.247070	
1591	-39.906504	8.526760	
1592	-39.898408	8.704517	
1593	-38.862929	8.504345	
1594	-38.548385	8.769941	
1595	-39.530241	9.355745	
1596	-39.464135	9.060062	
1597	-39.746776	9.661578	
1598	-39.780424	9.829854	
1599	-39.830041	10.511765	
1600	-38.595921	9.693587	
1601	-38.836102	8.785964	
1602	-39.555285	9.978459	
1603	-39.653348	9.670245	
1604	-39.704102	9.547003	
1605	-38.711319	10.015185	
1606	-39.431480	10.432658	
1607	-39.508613	10.405497	
1608	-38.819911	11.757414	
1609	-38.945190	11.200980	
1610	-38.742013	10.029682	
1611	-37.921324	11.092380	
1612	-37.906289	10.366324	
1613	-37.819015	10.244633	
1614	-38.245553	11.163318	
1615	-38.768498	10.547575	
1616	-37.972773	9.989845	
1617	-38.420770	9.888207	
1618	-38.577453	9.578944	
1619	-37.837497	9.557080	
1620	-38.789186	9.962376	
1621	-38.997164	10.030596	
1622	-38.157044	9.655847	
1623	-38.443163	9.566469	
1624	-38.475435	9.624541	
1625	-38.742062	10.166316	
1626	-38.668621	10.038212	
1627	-38.687445	11.310911	
1628	-38.488182	11.660571	
1629	-37.904112	9.556282	
1630	-38.154046	10.367503	
1631	-37.878037	10.885066	
1632	-38.127880	9.857552	
1633	-38.649892	9.834475	
1634	-38.279410	10.110293	
1635	-38.782048	9.895359	
1636	-39.225262	9.622444	
1637	-39.016685	9.589625	
1638	-39.279298	9.449625	
1639	-39.166436	9.659411	
1640	-39.771985	9.322281	
1641	-39.433870	9.096795	
1642	-39.296023	9.161533	
1643	-39.684577	8.976887	
1644	-38.988382	8.918955	
1645	-39.141876	8.753924	
1646	-39.325401	8.640678	
1647	-39.093553	8.372855	
1648	-39.184680	7.776902	
1649	-39.456062	7.668888	
1650	-39.172720	8.406042	
1651	-39.146469	8.412701	
1652	-39.474675	8.089369	
1653	-39.849483	7.870779	
1654	-39.938523	7.926584	
1655	-40.026831	7.645178	
1656	-40.211511	7.622433	
1657	-40.065396	8.116535	
1658	-39.836476	8.492863	
1659	-39.827919	8.665958	
1660	-39.884882	8.349656	
1661	-39.571551	8.432462	
1662	-40.171342	7.597728	
1663	-40.400809	7.479371	
1664	-39.865854	7.764931	
1665	-39.987777	7.768761	
1666	-38.818170	5.943430	
1667	-38.194281	4.139400	
1668	-38.235351	4.542577	
1669	-37.981008	4.669785	
1670	-38.604172	4.835991	
1671	-38.304896	4.651070	
1672	-39.171454	5.594110	
1673	-38.903076	5.283717	
1674	-39.309018	5.647894	
1675	-39.861615	6.971225	
1676	-39.294423	6.602188	
1677	-39.403459	6.729145	
1678	-39.663100	6.643133	
1679	-39.853981	6.827685	
1680	-38.973184	7.374419	
1681	-39.524144	6.365202	
1682	-39.470206	6.163965	
1683	-39.017156	5.661909	
1684	-40.136406	4.388843	
1685	-39.039903	3.425346	
1686	-37.191208	2.597374	
1687	-38.410681	4.625781	
1688	-38.917570	3.916887	
1689	-37.969262	2.834408	
1690	-38.404948	3.394429	
1691	-38.455604	3.597152	
1692	-38.727790	3.425407	
1693	-37.848430	2.594190	
1694	-36.983199	1.573439	
1695	-38.951701	2.162034	
1696	-39.771280	3.328932	
1697	-39.658469	3.413049	
1698	-39.948906	3.074287	
1699	-40.263284	2.937464	
1700	-40.249359	3.568937	
1701	-40.442978	3.592548	
1702	-42.031984	3.609400	
1703	-41.301478	2.045972	
1704	-40.737210	2.907220	
1705	-41.769656	3.807576	
1706	-41.658725	3.523208	
1707	-41.698556	4.202883	
1708	-42.388335	3.643445	
1709	-41.927078	3.316619	
1710	-42.385838	2.878987	
1711	-42.623509	2.186848	
1712	-41.409142	2.818677	
1713	-42.194838	3.365348	
1714	-43.332263	2.617816	
1715	-42.591836	2.724935	
1716	-42.285879	2.345674	
1717	-42.145863	1.738819	
1718	-41.854944	2.486940	
1719	-39.756725	1.010817	
1720	-39.957276	1.776576	
1721	-40.527597	3.054953	
1722	-39.169416	0.669804	
1723	-39.809339	0.607525	
1724	-39.830510	0.554108	
1725	-41.325129	1.760518	
1726	-42.036365	2.916460	
1727	-40.846941	1.035680	
1728	-40.254614	0.106143	
1729	-40.411318	0.275162	
1730	-41.792706	1.727282	
1731	-42.997745	3.086474	
1732	-41.934673	2.716221	
1733	-44.832035	5.754474	
1734	-46.588347	7.020323	
1735	-46.302610	5.769050	
1736	-48.460478	8.441520	
1737	-44.403800	4.587438	
1738	-42.631107	2.198673	
1739	-44.415715	3.202596	
1740	-43.722751	2.294845	
1741	-43.724072	2.895484	
1742	-42.387925	1.362804	
1743	-42.374783	1.320693	
1744	-43.788225	2.090386	
1745	-43.423327	1.683679	
1746	-43.792587	1.847505	
1747	-43.236911	0.824609	
1748	-43.307401	0.596234	
1749	-44.001015	1.529297	
1750	-43.917184	2.159968	
1751	-44.129723	2.649079	
1752	-44.510253	2.269543	
1753	-45.307691	1.196975	
1754	-45.736436	1.427632	
1755	-45.307161	0.633913	
1756	-45.754144	0.486406	
1757	-45.739508	0.611179	
1758	-47.765817	3.971822	
1759	-48.073483	4.452462	
1760	-45.391146	0.672597	
1761	-45.543818	0.586749	
1762	-44.489460	-0.939279	
1763	-44.377925	-0.370902	
1764	-44.972682	1.048644	
1765	-44.982574	1.556203	
1766	-44.848530	2.067760	
1767	-45.160082	0.725304	
1768	-45.269553	1.146235	
1769	-45.825090	2.733676	
1770	-46.205819	2.032587	
1771	-45.704961	0.976021	
1772	-45.968437	0.942953	
1773	-45.801117	0.053502	
1774	-45.683018	-0.577245	
1775	-45.515014	-0.361828	
1776	-45.660649	-0.856723	
1777	-46.194285	-0.323174	
1778	-46.364894	0.568112	
1779	-46.714271	1.159719	
1780	-45.900969	-0.081958	
1781	-46.449976	-0.078545	
1782	-47.757403	1.633389	
1783	-46.440315	-0.396812	
1784	-46.545449	-0.343072	
1785	-47.246952	-1.140973	
1786	-44.099196	3.026664	
1787	-42.881670	-2.525668	
1788	-44.451444	-7.235660	
1789	-45.928830	1.461631	
1790	-45.244027	-6.946165	
1791	-46.376197	-5.511125	
1792	-47.790887	-3.870199	
1793	-47.712593	-5.065842	
1794	-48.629988	1.372397	
1795	-48.075883	-1.542165	
1796	-48.019852	-1.524313	
1797	-47.180641	-2.335113	
1798	-46.973335	-3.344893	
1799	-47.632378	-2.528317	
1800	-48.835070	-1.141857	
1801	-49.678614	0.047804	
1802	-48.782155	-2.251627	
1803	-49.164658	-2.339165	
1804	-48.906881	-1.347785	
1805	-48.189272	-2.888915	
1806	-48.068218	-2.659406	
1807	-48.696772	-0.003925	
1808	-49.186383	0.067047	
1809	-49.472224	0.442031	
1810	-49.020068	0.461716	
1811	-49.289622	-0.460574	
1812	-50.336142	0.076709	
1813	-51.419762	1.107835	
1814	-50.601563	0.205340	
1815	-49.511743	-0.186531	
1816	-49.715661	0.607785	
1817	-49.700579	-0.062386	
1818	-50.479203	-0.903961	
1819	-50.420480	-2.967020	
1820	-50.800747	-2.356476	
1821	-51.178980	-1.138390	
1822	-52.292322	-0.843354	
1823	-52.551496	-0.742589	
1824	-50.891158	-2.618230	
1825	-50.522597	-2.675999	
1826	-51.283566	-1.341458	
1827	-49.744133	-3.081693	
1828	-49.688065	-3.690463	
1829	-51.149423	-3.951316	
1830	-51.882100	-2.912426	
1831	-52.227766	-1.409765	
1832	-52.071897	-1.855578	
1833	-55.437699	1.378232	
1834	-55.813876	1.298758	
1835	-52.492391	-2.351713	
1836	-53.145663	-1.705505	
1837	-54.038155	-1.155075	
1838	-53.670968	-1.239342	
1839	-53.832321	-0.668299	
1840	-53.998049	-0.480153	
1841	-53.475498	-1.196047	
1842	-54.021220	-0.756209	
1843	-53.301637	-1.972488	
1844	-52.782145	-3.164988	
1845	-53.637467	-2.200988	
1846	-53.393771	-2.359911	
1847	-53.111685	-3.311091	
1848	-53.713436	-3.318975	
1849	-54.524904	-1.747766	
1850	-54.511274	-4.002133	
1851	-52.622241	-4.954346	
1852	-52.718942	-4.457086	
1853	-54.534580	-5.518575	
1854	-54.505737	-4.788505	
1855	-54.596297	-4.510253	
1856	-54.817285	-5.570982	
1857	-54.446304	-6.008311	
1858	-54.905582	-4.825774	
1859	-55.933970	-3.885782	
1860	-56.111282	-4.588548	
1861	-55.405865	-6.762118	
1862	-54.626756	-5.483072	
1863	-55.517946	-3.772515	
1864	-54.849228	-4.502056	
1865	-53.733604	-4.760410	
1866	-54.982990	-2.738006	
1867	-55.157503	-1.934997	
1868	-54.690409	-3.359240	
1869	-55.461713	-2.542451	
1870	-54.983732	-2.874134	
1871	-55.178342	-2.962555	
1872	-55.426186	-2.741654	
1873	-54.886160	-3.210035	
1874	-53.991756	-4.102903	
1875	-57.660670	-2.978141	
1876	-56.803435	3.036224	
1877	-51.302979	4.012401	
1878	-51.599945	3.130486	
1879	-51.124606	2.483328	
1880	-49.992882	2.344173	
1881	-53.854233	-0.028616	
1882	-57.412122	-3.195960	
1883	-55.804202	-2.381569	
1884	-56.512533	-2.473065	
1885	-55.005654	-3.460642	
1886	-54.616651	-4.143844	
1887	-56.105256	-2.897151	
1888	-56.069468	-3.033643	
1889	-56.098458	-3.047545	
1890	-55.720952	-3.175571	
1891	-55.211229	-3.710652	
1892	-55.125820	-4.692208	
1893	-54.532488	-5.540376	
1894	-54.009378	-5.493840	
1895	-53.727540	-5.584561	
1896	-53.688904	-5.752377	
1897	-53.127226	-6.825957	
1898	-54.110580	-5.609175	
1899	-54.656354	-4.821220	
1900	-53.669658	-6.385944	
1901	-54.839510	-4.855152	
1902	-55.588219	-3.814509	
1903	-55.672506	-4.507049	
1904	-55.106324	-5.382804	
1905	-54.029732	-6.180602	
1906	-55.362224	-5.736193	
1907	-55.555136	-6.624354	
1908	-54.537243	-7.468626	
1909	-55.088705	-6.993626	
1910	-54.937347	-6.418010	
1911	-54.760342	-6.645988	
1912	-54.690297	-6.223285	
1913	-54.315577	-5.838210	
1914	-55.129714	-6.067680	
1915	-55.558405	-4.790664	
1916	-55.436796	-4.286903	
1917	-55.488402	-5.247398	
1918	-55.353618	-5.043018	
1919	-55.075882	-4.656981	
1920	-55.594739	-4.986454	
1921	-55.340542	-6.342185	
1922	-55.187909	-6.069056	
1923	-55.997914	-5.060449	
1924	-55.972585	-6.038467	
1925	-56.205790	-6.296076	
1926	-56.056391	-6.252914	
1927	-56.673976	-6.479027	
1928	-55.725001	-7.960976	
1929	-55.836513	-7.740076	
1930	-55.058093	-6.644124	
1931	-53.840819	-7.803521	
1932	-56.098591	-6.780833	
1933	-55.913780	-7.149326	
1934	-55.155361	-7.435649	
1935	-55.305950	-6.606630	
1936	-56.259427	-6.174719	
1937	-56.815146	-5.260629	
1938	-55.676490	-6.092846	
1939	-55.472819	-6.421575	
1940	-56.169475	-6.003682	
1941	-55.510075	-6.354127	
1942	-55.064259	-7.440345	
1943	-54.941597	-7.420948	
1944	-55.143935	-6.269778	
1945	-54.660869	-6.813493	
1946	-54.285733	-5.952888	
1947	-55.121247	-6.119444	
1948	-55.041953	-7.701213	
1949	-54.171034	-6.740075	
1950	-55.008417	-5.706899	
1951	-54.560569	-5.858129	
1952	-54.210128	-5.425483	
1953	-54.827978	-5.399433	
1954	-54.430470	-4.999120	
1955	-55.047346	-3.853286	
1956	-55.226125	-4.377514	
1957	-55.371857	-4.182973	
1958	-55.145078	-5.147383	
1959	-54.947911	-4.511671	
1960	-54.593557	-4.416189	
1961	-54.668807	-5.309296	
1962	-54.743471	-5.146817	
1963	-54.872846	-4.723697	
1964	-55.082356	-4.865380	
1965	-54.269194	-5.026032	
1966	-54.316026	-5.068801	
1967	-54.745551	-5.480741	
1968	-54.002262	-4.740635	
1969	-54.316392	-4.586223	
1970	-54.718703	-4.931630	
1971	-54.293500	-5.213035	
1972	-55.138930	-5.980524	
1973	-55.732138	-6.556261	
1974	-55.102622	-6.165942	
1975	-55.044149	-6.064685	
1976	-54.936442	-5.834735	
1977	-54.522782	-5.915355	
1978	-54.931770	-6.190231	
1979	-55.463849	-5.711424	
1980	-55.328577	-5.116630	
1981	-54.140474	-5.897233	
1982	-54.086834	-6.412805	
1983	-55.001456	-5.495326	
1984	-54.827609	-5.694673	
1985	-54.773552	-5.186602	
1986	-54.547992	-4.242370	
1987	-54.411822	-4.677294	
1988	-54.601551	-5.290996	
1989	-54.579747	-5.132223	
1990	-55.350896	-4.943566	
1991	-54.811249	-5.416862	
1992	-53.872011	-5.675622	
1993	-55.290734	-4.718664	
1994	-54.814252	-5.086548	
1995	-55.332144	-6.354842	
1996	-56.598173	-5.687949	
1997	-54.689119	-6.356769	
1998	-54.939597	-6.537544	
1999	-55.068571	-6.070009	
2000	-53.943933	-6.638789	
2001	-54.582035	-5.983826	
2002	-55.327401	-6.967995	
2003	-54.830705	-7.184755	
2004	-53.798790	-6.540745	
2005	-54.498411	-6.760433	
2006	NaN	NaN	
