Athlete_Engineering	// User ID
11-2-2021	// Evaluation date
P011_Walk6	30-1-2021	10:17:47:531	// Source file name and timestamp
250.000	// Sampling rate
4.656	// Data capture period



Sample #	Right_Leg_Flexion	Right_Leg_Abduction	
0	-58.336411	0.838890	
1	-58.192975	2.199823	
2	-58.282891	2.741847	
3	-58.251362	2.407555	
4	-58.167181	2.242433	
5	-58.233386	1.637234	
6	-58.222647	2.509820	
7	-58.232557	0.883177	
8	-58.350039	1.885113	
9	-58.180342	2.204338	
10	-58.389097	0.937320	
11	-58.288900	1.143587	
12	-58.460892	1.031931	
13	-58.348697	1.665754	
14	-58.404424	2.321444	
15	-58.478036	0.898957	
16	-58.534998	0.633035	
17	-58.263835	0.811794	
18	-58.406793	0.353335	
19	-58.515535	0.104411	
20	-58.409335	0.451264	
21	-58.551843	0.766466	
22	-58.604264	0.362220	
23	-58.621647	0.341050	
24	-58.585019	0.399291	
25	-58.430804	1.591067	
26	-58.215012	1.509486	
27	-57.965906	2.407482	
28	-58.040348	1.775123	
29	-58.121802	0.698323	
30	-57.882914	1.881297	
31	-58.036514	1.420943	
32	-57.952514	1.062535	
33	-57.800602	1.991121	
34	-57.744853	2.754301	
35	-57.675428	1.802572	
36	-57.866746	1.286542	
37	-57.799328	2.217036	
38	-57.749638	2.205689	
39	-57.754980	1.973616	
40	-57.796657	1.170880	
41	-57.900452	2.478820	
42	-57.831250	3.049385	
43	-57.713703	2.313526	
44	-57.898699	1.259200	
45	-57.873107	1.335986	
46	-57.804558	2.402251	
47	-57.635182	2.906470	
48	-57.753361	1.924917	
49	-57.803843	0.918001	
50	-57.555936	2.230835	
51	-57.439138	3.079002	
52	-57.338182	2.521391	
53	-57.555274	1.496073	
54	-57.612169	2.903789	
55	-57.636404	1.754458	
56	-57.574604	3.021698	
57	-57.641483	2.080318	
58	-57.487513	2.418316	
59	-57.658128	2.976882	
60	-57.716105	1.989472	
61	-57.743462	2.524407	
62	-57.803627	2.655188	
63	-57.665877	2.773951	
64	-57.739675	1.706025	
65	-57.489053	0.667398	
66	-57.287890	2.515752	
67	-57.184291	3.206067	
68	-57.087988	3.339948	
69	-57.043814	1.790486	
70	-56.941597	2.825948	
71	-56.861785	2.218301	
72	-56.930325	1.994716	
73	-56.812827	1.535604	
74	-56.796729	3.062355	
75	-56.786012	2.164536	
76	-56.704403	1.830892	
77	-56.801656	1.591557	
78	-56.727649	1.746089	
79	-56.677271	1.492855	
80	-56.692920	1.872053	
81	-56.693109	1.646926	
82	-56.687720	2.879162	
83	-56.691587	1.867356	
84	-56.682004	1.422417	
85	-56.504273	2.016226	
86	-56.514150	1.287396	
87	-56.475877	2.610935	
88	-56.404966	1.805732	
89	-56.426119	1.209445	
90	-56.373890	1.266679	
91	-56.388815	1.774212	
92	-56.363227	1.570363	
93	-56.417719	1.466284	
94	-56.385496	2.953651	
95	-56.327147	0.920618	
96	-56.317734	1.148060	
97	-56.190612	0.342438	
98	-55.959111	1.251475	
99	-56.078472	1.854532	
100	-56.251440	1.642066	
101	-56.412479	1.463689	
102	-54.349240	1.759690	
103	-53.609492	2.924771	
104	-54.340507	0.902409	
105	-54.749363	1.216608	
106	-55.133416	1.728471	
107	-54.732041	0.250692	
108	-55.541039	0.998088	
109	-54.579037	1.619445	
110	-54.608573	2.105957	
111	-54.727509	0.565020	
112	-55.613801	-0.161758	
113	-55.933877	-0.357346	
114	-56.201440	0.498526	
115	-56.378546	-0.019490	
116	-56.384606	0.741719	
117	-56.254126	-0.002677	
118	-56.631104	2.190539	
119	-57.153160	3.753181	
120	-57.074552	3.259175	
121	-56.834635	4.031067	
122	-56.836959	3.870117	
123	-56.583691	4.183189	
124	-56.501780	4.604133	
125	-56.329854	4.595168	
126	-56.247885	3.303544	
127	-56.251932	3.983069	
128	-56.269372	3.103381	
129	-56.461377	2.884859	
130	-56.502480	3.104193	
131	-56.752110	3.180550	
132	-56.920322	3.513183	
133	-56.919525	3.985759	
134	-56.978949	4.626493	
135	-56.602128	1.856439	
136	-57.188433	3.836254	
137	-57.709686	4.037343	
138	-57.067738	0.550898	
139	-56.845710	0.382465	
140	-56.732326	-0.223865	
141	-56.955597	-0.642451	
142	-57.377330	0.453873	
143	-56.857353	3.058358	
144	-55.705763	-0.468975	
145	-56.248205	-0.201376	
146	-56.576073	-0.200448	
147	-56.310098	0.562399	
148	-56.499642	0.861993	
149	-56.581611	-0.249752	
150	-56.588302	-1.178007	
151	-56.351428	0.974818	
152	-56.021967	2.261256	
153	-55.835216	1.918477	
154	-55.982528	1.387359	
155	-56.569716	-0.166697	
156	-56.315837	1.705486	
157	-56.332728	2.334507	
158	-55.982279	0.790117	
159	-55.982703	1.757126	
160	-55.910424	1.783896	
161	-56.183777	1.430386	
162	-55.969189	1.494621	
163	-56.773569	4.358373	
164	-56.222999	2.624108	
165	-56.795928	4.251111	
166	-56.985354	6.490751	
167	-55.675925	0.965794	
168	-56.701710	4.020239	
169	-55.639644	2.276627	
170	-55.488496	4.976838	
171	-55.475688	5.655685	
172	-54.428600	2.391361	
173	-55.053212	5.052083	
174	-54.168545	3.078856	
175	-53.118619	1.676107	
176	-52.754588	2.404806	
177	-52.563636	1.519867	
178	-52.490920	0.934806	
179	-52.520694	2.478138	
180	-52.221384	4.320212	
181	-51.870188	6.079146	
182	-50.916852	4.469253	
183	-51.297672	4.687625	
184	-50.300941	4.721632	
185	-50.083900	3.248077	
186	-49.835353	5.228433	
187	-49.303814	6.106220	
188	-49.431746	6.191785	
189	-48.419679	2.282201	
190	-47.418978	-0.346995	
191	-48.102006	5.268078	
192	-47.356310	2.479685	
193	-46.431949	0.889144	
194	-46.150092	4.286550	
195	-45.410536	2.718899	
196	-44.330158	1.348832	
197	-44.776278	4.697469	
198	-43.928878	3.871828	
199	-42.997547	4.597583	
200	-42.040201	3.454154	
201	-41.401758	3.652479	
202	-40.391443	3.522819	
203	-39.416553	2.445717	
204	-39.756112	2.955066	
205	-39.317751	2.579472	
206	-38.415749	2.151026	
207	-37.384690	2.142888	
208	-36.543935	3.083461	
209	-35.751263	2.978704	
210	-35.382553	2.994152	
211	-34.772140	2.676141	
212	-33.878250	2.496388	
213	-33.037318	2.138358	
214	-32.396730	2.506347	
215	-32.137850	1.631098	
216	-31.918967	0.765592	
217	-31.177567	1.258017	
218	-30.756272	1.320207	
219	-30.286478	1.387719	
220	-29.849399	1.460667	
221	-29.644363	1.734861	
222	-29.198634	0.598722	
223	-29.301607	0.308657	
224	-26.296546	5.815793	
225	-28.280757	1.384832	
226	-25.953252	1.554525	
227	-27.119707	0.171359	
228	-27.684941	-0.231674	
229	-27.403113	-0.258819	
230	-27.322637	-0.432248	
231	-27.180302	0.529980	
232	-27.127196	-0.380174	
233	-24.467769	0.065528	
234	-26.391259	-0.190211	
235	-26.492283	-0.774009	
236	-26.799936	-1.074715	
237	-25.007674	3.757092	
238	-26.330960	-0.355915	
239	-26.947095	-0.914554	
240	-26.290995	-0.818289	
241	-26.679100	-0.646590	
242	-26.283612	-0.204744	
243	-26.367284	-1.011174	
244	-26.234894	-0.918724	
245	-26.591374	-0.384992	
246	-26.401587	-0.529361	
247	-26.697729	-0.520624	
248	-26.973091	-1.735908	
249	-26.701274	-1.325868	
250	-27.003266	-1.111070	
251	-26.862726	-1.251974	
252	-26.878572	-1.056883	
253	-26.979084	-1.137993	
254	-26.922308	-1.937434	
255	-27.048112	-1.713492	
256	-26.695858	-2.312346	
257	-27.068581	-1.922970	
258	-27.442917	-0.887084	
259	-27.319056	-1.566836	
260	-27.039212	-1.648401	
261	-26.972988	-2.177252	
262	-27.565644	-1.973948	
263	-27.513692	-1.983268	
264	-27.275967	-3.133196	
265	-27.661347	-1.956556	
266	-28.014534	-1.758297	
267	-27.515924	-2.219183	
268	-27.852489	-0.430140	
269	-27.938924	-1.572923	
270	-27.881236	-1.114817	
271	-28.044189	-1.909851	
272	-28.976538	-1.760588	
273	-28.662871	-0.751311	
274	-28.683943	-0.169147	
275	-29.005567	-1.341474	
276	-29.015194	-0.722510	
277	-29.722675	-1.088207	
278	-29.824008	-0.729619	
279	-29.986342	-0.285233	
280	-29.807892	0.238695	
281	-30.805112	-0.167644	
282	-30.153796	0.201454	
283	-30.388912	0.022037	
284	-30.812644	-0.924434	
285	-31.066307	-0.079260	
286	-30.640156	-1.087176	
287	-30.318137	-1.349429	
288	-30.859478	-0.923994	
289	-30.662745	-1.452687	
290	-30.819862	-0.737530	
291	-30.445420	0.215645	
292	-29.741439	0.022279	
293	-30.130592	-0.388693	
294	-30.838542	0.229026	
295	-29.834258	-0.821147	
296	-29.613582	-1.548119	
297	-30.293748	-1.663561	
298	-29.714559	-1.079544	
299	-29.953927	-1.114504	
300	-29.722276	-1.031435	
301	-29.914786	-0.883292	
302	-29.626820	-0.906215	
303	-29.130408	-1.031721	
304	-29.942209	0.155135	
305	-29.995316	-1.140828	
306	-30.553848	-0.276156	
307	-30.000996	-0.389596	
308	-30.283962	-1.688032	
309	-30.976616	-2.733816	
310	-31.452391	-2.221088	
311	-31.365259	-2.126383	
312	-31.762051	-2.367699	
313	-32.525291	-3.095949	
314	-31.655523	-3.137261	
315	-31.975148	-3.365738	
316	-32.478294	-1.477873	
317	-31.968370	-1.687121	
318	-31.655950	-2.796315	
319	-32.894161	-2.528781	
320	-31.812706	-1.509775	
321	-31.633215	-1.277259	
322	-31.581030	-1.224327	
323	-31.319317	-0.341261	
324	-31.813155	-1.445904	
325	-31.616216	-2.647720	
326	-31.229542	-1.977072	
327	-30.738348	-2.490513	
328	-30.388169	0.781855	
329	-31.952204	-1.686337	
330	-31.011761	-2.991323	
331	-31.573334	-1.702166	
332	-32.139113	-1.971498	
333	-32.301348	-2.990132	
334	-32.524268	-1.639305	
335	-32.691690	-1.958986	
336	-33.154424	-4.136666	
337	-33.123922	0.936974	
338	-34.039747	-4.598271	
339	-34.083928	-2.875362	
340	-33.757155	-1.003918	
341	-34.472778	-2.080519	
342	-35.878309	-2.824908	
343	-35.143855	0.654183	
344	-35.967671	-1.199830	
345	-36.436261	-1.802418	
346	-37.431513	-1.549629	
347	-38.099767	-2.290636	
348	-37.909596	-0.544086	
349	-38.771381	-2.828618	
350	-39.076443	-0.062428	
351	-38.726914	0.340538	
352	-39.152035	0.373692	
353	-39.832032	-0.352400	
354	-39.261082	-0.668132	
355	-40.002095	-0.471652	
356	-39.500687	-0.483722	
357	-39.449504	-0.365768	
358	-39.786334	-1.831534	
359	-40.997206	-1.903231	
360	-40.791208	-1.371740	
361	-40.604915	-2.543435	
362	-41.527577	0.988094	
363	-41.470120	2.352763	
364	-41.440921	1.869307	
365	-42.739215	-2.372671	
366	-42.728148	-0.374391	
367	-43.726912	1.829648	
368	-42.854263	2.929596	
369	-43.035369	4.227528	
370	-44.296616	-0.260183	
371	-44.557491	1.687699	
372	-44.220090	3.150885	
373	-44.946794	0.171759	
374	-45.078537	2.340890	
375	-44.767963	-1.888419	
376	-45.260262	2.232412	
377	-45.667281	3.620751	
378	-46.315578	-0.870898	
379	-47.046959	4.745058	
380	-46.540237	-1.862348	
381	-47.064196	0.423725	
382	-47.196108	0.829751	
383	-47.453918	1.342957	
384	-47.816150	4.920706	
385	-48.435849	0.137332	
386	-48.241561	2.724003	
387	-48.510999	5.044930	
388	-48.189073	0.793395	
389	-48.002933	6.659978	
390	-49.400021	-0.336782	
391	-49.626159	2.740623	
392	-49.640108	0.941531	
393	-49.994441	0.033843	
394	-50.164220	0.591815	
395	-50.126074	0.304107	
396	-50.456207	-1.150319	
397	-51.586091	2.891092	
398	-51.165627	0.586956	
399	-50.858158	-0.807033	
400	-51.711574	0.924823	
401	-51.484748	-0.240675	
402	-51.758801	1.966181	
403	-51.752392	-0.363312	
404	-52.744703	5.952184	
405	-51.994931	0.524264	
406	-52.078294	-0.922109	
407	-52.506908	0.143702	
408	-52.760131	-0.080249	
409	-52.552369	-1.162474	
410	-53.183509	-0.665926	
411	-54.141231	3.121699	
412	-53.012846	9.739983	
413	-53.938633	-0.217255	
414	-54.454714	-1.630835	
415	-54.704772	-3.049745	
416	-54.050688	-0.868014	
417	-54.355817	-1.858609	
418	-54.431249	-1.714425	
419	-54.963316	-1.703108	
420	-55.564976	-1.817894	
421	-55.726187	-1.895863	
422	-55.791167	-2.906184	
423	-56.630766	0.244313	
424	-55.789261	5.366430	
425	-56.379184	2.659094	
426	-56.582206	3.563208	
427	-55.633689	9.824054	
428	-57.618224	-2.719077	
429	-58.232066	2.441241	
430	-58.331301	-2.297305	
431	-58.436189	-4.021639	
432	-58.701255	3.293433	
433	-59.095407	-1.215854	
434	-59.042484	-3.918283	
435	-59.808197	1.895314	
436	-59.166307	4.798371	
437	-59.966079	-5.365365	
438	-59.758242	-3.215794	
439	-60.501482	1.112486	
440	-59.713773	3.773010	
441	-60.205390	-5.210499	
442	-60.995257	-0.167839	
443	-62.087309	-5.904922	
444	-62.463768	-1.187238	
445	-62.030268	-0.042141	
446	-62.102475	1.739528	
447	-62.604800	-5.617059	
448	-63.547908	-1.848592	
449	-62.759394	2.324042	
450	-63.054151	0.643967	
451	-63.690647	-10.648844	
452	-64.284021	-3.584465	
453	-65.018437	-10.640543	
454	-64.760095	-5.032984	
455	-65.124239	-7.238454	
456	-64.826125	-9.680978	
457	-65.039261	-5.584184	
458	-65.013574	1.592690	
459	-65.425501	-8.657285	
460	-65.867433	-11.612912	
461	-65.964413	-11.009161	
462	-66.458412	-10.107216	
463	-66.453914	-11.635386	
464	-67.033601	-5.171710	
465	-66.032550	-8.482059	
466	-66.250441	-10.993111	
467	-66.889006	-10.397803	
468	-66.602826	-10.793770	
469	-66.991002	-3.226283	
470	-67.045258	-7.404751	
471	-66.932836	-10.176979	
472	-67.168906	-9.063224	
473	-67.285407	-9.628437	
474	-66.726974	-10.143605	
475	-67.229985	-9.449754	
476	-67.084416	-7.702051	
477	-66.725848	-8.851593	
478	-67.273617	-6.948842	
479	-66.534970	-7.000986	
480	-66.050193	-8.582925	
481	-66.827446	-8.081521	
482	-66.180823	-5.587689	
483	-65.786138	-5.370402	
484	-66.180966	-5.738268	
485	-66.053580	-4.684802	
486	-66.043453	-4.352591	
487	-65.531140	-4.201351	
488	-65.497976	-2.675404	
489	-64.773610	-2.681118	
490	-64.714300	-1.343414	
491	-63.743570	-0.849692	
492	-63.549235	-1.745247	
493	-63.641447	-0.939737	
494	-63.495068	0.153929	
495	-63.240967	-1.645967	
496	-62.047012	-1.432995	
497	-62.073796	-1.374265	
498	-61.696804	0.159281	
499	-61.867815	0.586674	
500	-59.960220	0.168186	
501	-59.987433	0.282254	
502	-59.455434	1.400057	
503	-59.258781	0.706484	
504	-57.931367	-0.677682	
505	-56.879712	-0.842804	
506	-56.385314	-0.511961	
507	-55.993559	0.335022	
508	-56.587432	0.358246	
509	-56.235525	3.890694	
510	-55.053095	8.574142	
511	-54.795904	1.469061	
512	-54.023383	1.281325	
513	-54.250080	0.974696	
514	-53.855283	4.859356	
515	-52.586151	7.553790	
516	-53.578894	5.898568	
517	-52.758433	7.688622	
518	-51.070919	4.332787	
519	-51.076033	5.136275	
520	-51.730013	6.869100	
521	-50.826064	5.262008	
522	-50.052303	6.713299	
523	-49.859334	3.172276	
524	-49.218211	3.373511	
525	-48.837781	3.200537	
526	-48.012024	4.384897	
527	-48.219776	5.603297	
528	-48.010445	4.765613	
529	-46.754707	5.761556	
530	-45.889697	1.343561	
531	-45.618022	1.043057	
532	-44.866989	0.633729	
533	-45.043084	0.819562	
534	-44.320512	1.109537	
535	-43.112294	0.715986	
536	-42.174110	1.255693	
537	-42.080935	1.381591	
538	-42.259933	-0.539374	
539	-41.174973	0.455477	
540	-40.879027	0.220843	
541	-40.562749	0.689998	
542	-39.762102	0.862051	
543	-39.797052	1.729209	
544	-39.341487	1.060072	
545	-38.344806	-0.004918	
546	-37.927623	0.733241	
547	-37.566950	-0.569768	
548	-37.497503	0.750571	
549	-36.778716	-1.005322	
550	-36.425110	-0.790546	
551	-35.608824	0.904058	
552	-35.244370	0.173136	
553	-34.661641	-0.191486	
554	-34.269861	0.225022	
555	-33.622433	1.013690	
556	-33.306015	1.009801	
557	-32.808086	0.578896	
558	-32.555301	0.002735	
559	-31.903732	0.183081	
560	-31.212730	0.414324	
561	-31.040649	-0.266048	
562	-30.620805	0.331163	
563	-30.703327	0.145511	
564	-30.316908	-0.650969	
565	-30.434005	-0.010622	
566	-29.924035	-0.978371	
567	-29.419710	-1.529734	
568	-29.178338	-0.419960	
569	-29.629521	-0.470702	
570	-29.114332	-0.268593	
571	-28.930066	-1.282523	
572	-28.761257	-1.686051	
573	-28.339609	-0.900568	
574	-28.617903	-1.314242	
575	-28.024719	-0.633445	
576	-28.062767	-0.270975	
577	-27.974360	-0.886447	
578	-27.675344	-1.749744	
579	-27.437531	-1.771060	
580	-27.430189	-1.299497	
581	-26.840040	-0.809689	
582	-27.203256	-1.109906	
583	-26.890460	-0.662899	
584	-27.354907	-1.729483	
585	-27.051053	-1.809292	
586	-27.283648	-0.685409	
587	-27.488903	-0.714935	
588	-27.104666	-1.323774	
589	-27.475070	-1.245241	
590	-27.737376	-1.692687	
591	-27.504966	-1.140585	
592	-27.685195	-1.424426	
593	-27.382566	-1.503040	
594	-27.901299	-1.615724	
595	-28.636788	-1.040499	
596	-28.420278	-0.766143	
597	-28.636821	-1.105888	
598	-28.850955	-1.339235	
599	-29.035654	0.095238	
600	-29.933951	-0.398987	
601	-29.920696	-0.039486	
602	-30.115782	-0.263337	
603	-30.480563	0.329358	
604	-30.892138	-0.136622	
605	-31.267855	0.134870	
606	-31.469994	0.347461	
607	-31.707995	2.295874	
608	-32.621781	2.595760	
609	-32.482309	2.706796	
610	-32.366244	1.418416	
611	-32.294813	1.731252	
612	-32.459714	1.229274	
613	-32.858826	0.325008	
614	-33.123207	0.926528	
615	-33.438191	0.603033	
616	-33.768069	0.699047	
617	-33.970677	-0.338110	
618	-33.880165	-0.584080	
619	-33.770216	-1.825560	
620	-33.538711	-1.451087	
621	-33.309004	-2.516903	
622	-33.091944	-2.208423	
623	-33.417981	-2.078633	
624	-33.393827	-2.380064	
625	-33.397404	-1.696623	
626	-33.670905	-1.663733	
627	-33.618519	-0.976075	
628	-33.506938	-2.487756	
629	-32.978883	-1.332774	
630	-33.176351	-1.424700	
631	-33.103798	-1.161023	
632	-33.286644	-1.467721	
633	-33.513886	-2.119496	
634	-34.009442	-2.543887	
635	-34.778412	-3.327416	
636	-35.711177	-4.723843	
637	-35.167685	-4.251465	
638	-34.085933	-8.875762	
639	-34.669208	-2.767770	
640	-36.221388	-6.080388	
641	-35.979545	-5.883223	
642	-36.612139	-5.081883	
643	-36.745621	-4.960120	
644	-36.558838	-4.934971	
645	-37.086813	-4.170281	
646	-37.646302	-3.149311	
647	-37.642838	-3.857794	
648	-37.938674	-2.430558	
649	-37.823337	-1.828804	
650	-38.282880	-1.631522	
651	-38.473609	-2.490856	
652	-38.242805	-0.499866	
653	-38.383347	-1.770540	
654	-37.923000	-1.934555	
655	-39.310935	-0.856308	
656	-38.783877	-2.342368	
657	-39.766219	-3.100528	
658	-39.914204	0.674775	
659	-40.408824	1.057864	
660	-40.323321	0.192354	
661	-41.894553	-0.611325	
662	-41.317735	-0.260324	
663	-42.756697	-1.020580	
664	-42.357912	-4.063077	
665	-42.354233	-3.367052	
666	-41.369593	-3.992685	
667	-42.403435	-4.447859	
668	-42.791481	-3.449769	
669	-43.182225	-3.665571	
670	-43.799676	-3.132687	
671	-43.027937	-3.390107	
672	-43.410293	-4.180503	
673	-43.375517	-5.497091	
674	-43.553808	-6.893955	
675	-44.298226	-5.073473	
676	-44.643108	-2.773823	
677	-45.153770	-4.664089	
678	-45.947197	-2.740877	
679	-45.557648	-7.002291	
680	-45.640513	-5.656132	
681	-46.265209	-1.897935	
682	-46.269159	-2.619182	
683	-46.773708	-5.304763	
684	-46.797602	-4.057462	
685	-47.110660	-3.338094	
686	-47.576572	-4.239621	
687	-48.014326	-2.859446	
688	-48.391455	-3.213085	
689	-48.818415	-2.709187	
690	-50.154299	-3.425568	
691	-49.309791	-4.617604	
692	-49.467030	-3.319561	
693	-49.855095	-2.115165	
694	-49.943533	-5.640600	
695	-49.951562	-4.896590	
696	-50.506310	-3.795752	
697	-49.877097	-7.247044	
698	-50.503164	-6.002965	
699	-51.521795	-6.007443	
700	-51.827666	-4.221931	
701	-51.528565	-7.703567	
702	-51.630057	-5.566163	
703	-52.569567	-6.783894	
704	-52.964362	-5.456493	
705	-52.794269	-3.619237	
706	-52.555824	-6.999617	
707	-53.593580	-4.441847	
708	-53.470891	-7.545146	
709	-53.515064	-4.905919	
710	-53.372679	-3.327053	
711	-53.694129	-3.767154	
712	-54.411687	-2.439115	
713	-53.479250	-5.959836	
714	-53.928764	-4.422993	
715	-54.321268	-2.635841	
716	-54.701332	-3.393139	
717	-55.247461	-2.727146	
718	-54.828135	-7.598360	
719	-55.729173	-5.848469	
720	-55.043701	-8.303973	
721	-56.509275	-5.563821	
722	-56.562534	-3.936777	
723	-57.052807	-4.790911	
724	-57.344145	-2.904532	
725	-57.247404	-7.141169	
726	-57.113574	-6.247308	
727	-58.019296	-2.735486	
728	-56.576316	-8.884350	
729	-57.220021	-8.546575	
730	-57.613813	-9.377424	
731	-57.210439	-11.048397	
732	-57.895419	-7.172801	
733	-57.243716	-9.551857	
734	-57.828846	-10.343303	
735	-58.103086	-10.046042	
736	-58.822161	-7.991340	
737	-58.918780	-8.729607	
738	-58.910621	-9.158250	
739	-58.566834	-9.449433	
740	-59.806839	-8.782997	
741	-60.186902	-5.897722	
742	-59.403265	-6.247879	
743	-59.444431	-8.734234	
744	-59.954344	-7.599756	
745	-61.171814	-7.188573	
746	-60.968810	-7.917106	
747	-61.120748	-8.975337	
748	-60.878773	-10.240255	
749	-61.401696	-10.718783	
750	-60.935178	-10.271395	
751	-62.008741	-11.139857	
752	-61.450182	-12.694723	
753	-61.850527	-12.829205	
754	-61.779768	-12.628932	
755	-62.407650	-11.994511	
756	-63.601176	-13.067710	
757	-63.862886	-12.762767	
758	-63.893188	-12.921099	
759	-64.499425	-12.448602	
760	-64.493860	-11.982088	
761	-65.344043	-11.925799	
762	-64.906451	-10.906606	
763	-65.287716	-12.930798	
764	-65.235109	-12.871992	
765	-65.261137	-11.561225	
766	-65.759425	-13.041657	
767	-65.649573	-12.318117	
768	-65.279902	-11.695161	
769	-65.772955	-12.150243	
770	-65.935061	-11.083831	
771	-66.105867	-13.156261	
772	-66.594076	-13.416115	
773	-66.442116	-12.819846	
774	-65.934363	-11.324226	
775	-65.149435	-11.239236	
776	-65.732011	-11.279210	
777	-66.258645	-11.525606	
778	-66.131912	-11.782965	
779	-66.662259	-10.663749	
780	-66.138559	-10.198270	
781	-66.359431	-12.612718	
782	-66.134182	-14.768993	
783	-67.045601	-10.462450	
784	-66.851737	-9.906062	
785	-65.957673	-9.733149	
786	-66.529480	-11.540555	
787	-66.314746	-10.916608	
788	-65.356494	-7.365264	
789	-65.626684	-8.489748	
790	-65.168507	-10.233800	
791	-64.745475	-9.086112	
792	-64.066169	-5.300280	
793	-64.293668	-5.671261	
794	-63.746995	-4.359786	
795	-64.113020	-5.075294	
796	-63.865425	-4.650534	
797	-63.808963	-5.019841	
798	-63.554423	-3.588362	
799	-62.790019	-1.980920	
800	-61.727720	-2.268377	
801	-61.734488	-0.711153	
802	-61.346321	-3.380776	
803	-61.023417	-1.085959	
804	-60.000431	-0.621942	
805	-59.604771	0.223781	
806	-59.880113	1.296742	
807	-59.414097	0.980615	
808	-58.182798	0.957199	
809	-57.035435	1.468826	
810	-55.151702	0.857012	
811	-55.952718	0.469726	
812	-54.900345	1.058530	
813	-54.009458	1.809928	
814	-54.256148	2.646747	
815	-54.589039	2.162715	
816	-54.411955	1.861934	
817	-53.423160	2.690425	
818	-52.714309	2.825127	
819	-51.855063	1.821394	
820	-51.916792	3.356184	
821	-51.387256	4.227670	
822	-49.510001	3.577553	
823	-48.893585	2.210056	
824	-49.165749	2.374169	
825	-48.245830	2.750964	
826	-48.571473	2.840713	
827	-47.611838	2.845443	
828	-47.305198	2.293740	
829	-45.930336	2.196176	
830	-45.497316	2.205825	
831	-44.854818	2.097595	
832	-44.165228	1.658919	
833	-45.026518	1.938198	
834	-42.609207	0.927585	
835	-42.712400	-0.150907	
836	-42.440350	0.773531	
837	-41.690151	0.960368	
838	-42.844411	2.152536	
839	-41.551466	1.734045	
840	-40.109587	2.256826	
841	-39.759054	1.575150	
842	-40.691411	1.212449	
843	-39.876714	1.843806	
844	-38.943454	1.736828	
845	-38.538016	0.731961	
846	-37.758135	0.840352	
847	-37.170490	0.816362	
848	-34.696131	1.096806	
849	-34.379900	1.141964	
850	-36.092810	-0.545764	
851	-36.013822	-0.082042	
852	-33.767681	0.858246	
853	-35.085856	1.789007	
854	-35.416717	-0.389891	
855	-33.979748	-0.788688	
856	-32.862168	-0.095878	
857	-32.691163	-0.386956	
858	-34.988409	0.157044	
859	-34.271253	1.088984	
860	-32.182987	1.253485	
861	-31.902900	0.755429	
862	-33.836512	1.130097	
863	-31.620257	0.231270	
864	-31.295874	0.729098	
865	-30.807146	1.185242	
866	-29.421979	0.995882	
867	-28.894971	0.337458	
868	-28.427601	-0.162517	
869	-31.122847	-1.305974	
870	-29.495874	-0.818628	
871	-28.702495	-0.142602	
872	-28.713269	0.442711	
873	-28.521143	-1.041507	
874	-29.512901	-0.549869	
875	-28.430313	-3.278998	
876	-27.093291	-2.960416	
877	-26.824527	-2.318668	
878	-28.053861	-2.632638	
879	-29.410172	-2.099318	
880	-27.682195	-2.202910	
881	-27.217132	-0.866019	
882	-28.016453	-2.589082	
883	-28.454985	-3.322878	
884	-26.901517	-0.965952	
885	-27.209666	-1.459800	
886	-27.866210	-3.587035	
887	-27.647136	-2.554440	
888	-27.007847	-2.330141	
889	-27.561192	-2.299708	
890	-27.434864	-2.647435	
891	-27.959272	-3.400691	
892	-28.084740	-3.468853	
893	-24.346796	-1.945041	
894	-26.726423	-2.597650	
895	-27.485103	-2.882767	
896	-27.758603	-2.217435	
897	-28.432948	-2.844313	
898	-29.384063	-3.012031	
899	-28.148406	-2.552732	
900	-28.302320	-1.717107	
901	-29.164563	-3.098216	
902	-31.327766	-3.607717	
903	-29.104574	-2.382441	
904	-29.998333	-3.049242	
905	-32.290126	-2.135101	
906	-31.695965	-1.241132	
907	-31.653468	-2.591797	
908	-31.494517	-3.166269	
909	-32.742507	-3.116479	
910	-33.100113	-2.595375	
911	-33.362278	-3.172836	
912	-33.662145	-2.224630	
913	-35.394304	-0.545395	
914	-35.256794	-1.113599	
915	-34.860755	-2.180136	
916	-36.032705	-2.291129	
917	-35.370190	-1.816300	
918	-36.444438	-0.514654	
919	-36.434910	-0.296618	
920	-35.284219	-0.236990	
921	-36.542893	-0.596777	
922	-37.561084	-0.893593	
923	-35.823884	-0.265467	
924	-35.150876	0.071391	
925	-35.463535	-1.548616	
926	-34.587638	-1.193969	
927	-34.317403	-2.622650	
928	-37.030644	-1.121700	
929	-37.050624	-2.153310	
930	-36.055994	-2.457201	
931	-32.744163	-4.840101	
932	-34.738479	-2.695757	
933	-34.083918	-3.660443	
934	-32.893011	-3.859446	
935	-32.037196	-4.315218	
936	-34.933237	-2.877488	
937	-35.607205	-1.746472	
938	-35.731191	-2.898728	
939	-33.092433	-5.284857	
940	-34.338934	-5.667361	
941	-36.811571	-7.434706	
942	-37.421978	-5.709405	
943	-38.011829	-5.975293	
944	-39.631771	-7.113212	
945	-37.213034	-7.691348	
946	-38.811625	-5.889881	
947	-36.821745	-6.241417	
948	-34.930191	-6.575253	
949	-38.874790	-1.578724	
950	-36.638816	-2.829585	
951	-36.237311	-4.166225	
952	-39.634754	-1.674772	
953	-41.424594	1.277351	
954	-42.100123	2.391444	
955	-42.949277	2.402840	
956	-43.581072	1.630014	
957	-44.641537	1.097949	
958	-44.852673	-0.195532	
959	-44.806034	0.268097	
960	-43.799041	0.386049	
961	-45.970927	-2.649239	
962	-46.907033	0.484181	
963	-45.196988	-2.121825	
964	-45.331941	-3.375055	
965	-45.294820	-5.926562	
966	-46.547790	-4.591241	
967	-45.683519	-5.312074	
968	-47.853973	-4.960726	
969	-48.836272	-4.018396	
970	-47.493798	-5.522304	
971	-49.987025	-4.507689	
972	-47.362708	-7.350616	
973	-46.182823	-7.341765	
974	-49.363923	-4.450066	
975	-49.468919	-4.389638	
976	-50.716422	-4.457485	
977	-50.847038	-5.905881	
978	-50.564109	-5.175963	
979	-51.705250	-4.972685	
980	-51.086496	-6.006677	
981	-50.090369	-7.534402	
982	-50.751344	-6.019135	
983	-50.742411	-5.800893	
984	-52.978549	-6.628690	
985	-53.322612	-5.754824	
986	-52.162944	-4.951900	
987	-55.073513	-6.517675	
988	-54.695559	-5.141690	
989	-54.281696	-5.636574	
990	-53.997738	-5.011027	
991	-53.901632	-4.604577	
992	-55.978089	-6.327542	
993	-56.256085	-5.567312	
994	-56.034267	-5.571987	
995	-57.865832	-6.529210	
996	-58.870203	-6.920946	
997	-57.306679	-5.715675	
998	-57.897231	-4.183422	
999	-58.072810	-2.114457	
1000	-57.474426	-4.532328	
1001	-57.000658	-4.070279	
1002	-59.083276	-2.805387	
1003	-58.304488	-2.808472	
1004	-58.547054	-5.741927	
1005	-59.986980	-10.111948	
1006	-58.372958	-7.617328	
1007	-58.457666	-7.699380	
1008	-58.462770	-9.260581	
1009	-58.355010	-8.231681	
1010	-58.464863	-8.936357	
1011	-60.835666	-10.916251	
1012	-59.430124	-9.403160	
1013	-60.552956	-8.695421	
1014	-60.575292	-9.653026	
1015	-61.044143	-9.019765	
1016	-61.169518	-6.795043	
1017	-60.962927	-12.130110	
1018	-61.797292	-12.000016	
1019	-63.115085	-12.167361	
1020	-61.521336	-13.712814	
1021	-61.518039	-11.871656	
1022	-62.941893	-13.982323	
1023	-62.823630	-13.508653	
1024	-63.125284	-15.375347	
1025	-64.947387	-13.927649	
1026	-62.856184	-13.408746	
1027	-63.579313	-14.466598	
1028	-61.552899	-6.644349	
1029	NaN	NaN	
1030	-61.983562	-11.119673	
1031	-62.590739	-5.388408	
1032	-63.939485	-6.974706	
1033	NaN	NaN	
1034	-63.973632	-16.007528	
1035	-64.951234	-14.034060	
1036	-64.314860	-13.124306	
1037	NaN	NaN	
1038	NaN	NaN	
1039	NaN	NaN	
1040	NaN	NaN	
1041	NaN	NaN	
1042	NaN	NaN	
1043	NaN	NaN	
1044	NaN	NaN	
1045	NaN	NaN	
1046	NaN	NaN	
1047	NaN	NaN	
1048	NaN	NaN	
1049	NaN	NaN	
1050	NaN	NaN	
1051	NaN	NaN	
1052	NaN	NaN	
1053	NaN	NaN	
1054	NaN	NaN	
1055	NaN	NaN	
1056	NaN	NaN	
1057	-67.064719	-16.985284	
1058	-67.360075	-16.108931	
1059	-68.661122	-14.177754	
1060	-68.433884	-15.537176	
1061	-69.898926	-18.055245	
1062	-68.288431	-16.942893	
1063	-67.314230	-17.769376	
1064	NaN	NaN	
1065	NaN	NaN	
1066	NaN	NaN	
1067	NaN	NaN	
1068	NaN	NaN	
1069	NaN	NaN	
1070	NaN	NaN	
1071	NaN	NaN	
1072	NaN	NaN	
1073	NaN	NaN	
1074	NaN	NaN	
1075	NaN	NaN	
1076	NaN	NaN	
1077	NaN	NaN	
1078	NaN	NaN	
1079	NaN	NaN	
1080	NaN	NaN	
1081	NaN	NaN	
1082	NaN	NaN	
1083	NaN	NaN	
1084	NaN	NaN	
1085	NaN	NaN	
1086	NaN	NaN	
1087	NaN	NaN	
1088	NaN	NaN	
1089	NaN	NaN	
1090	NaN	NaN	
1091	NaN	NaN	
1092	NaN	NaN	
1093	NaN	NaN	
1094	19.344713	0.578044	
1095	8.705865	4.839320	
1096	6.930189	5.187447	
1097	NaN	NaN	
1098	NaN	NaN	
1099	NaN	NaN	
1100	NaN	NaN	
1101	NaN	NaN	
1102	NaN	NaN	
1103	NaN	NaN	
1104	NaN	NaN	
1105	NaN	NaN	
1106	NaN	NaN	
1107	NaN	NaN	
1108	NaN	NaN	
1109	NaN	NaN	
1110	NaN	NaN	
1111	NaN	NaN	
1112	NaN	NaN	
1113	NaN	NaN	
1114	NaN	NaN	
1115	NaN	NaN	
1116	NaN	NaN	
1117	NaN	NaN	
1118	NaN	NaN	
1119	NaN	NaN	
1120	NaN	NaN	
1121	NaN	NaN	
1122	NaN	NaN	
1123	NaN	NaN	
1124	NaN	NaN	
1125	NaN	NaN	
1126	NaN	NaN	
1127	NaN	NaN	
1128	NaN	NaN	
1129	NaN	NaN	
1130	NaN	NaN	
1131	NaN	NaN	
1132	NaN	NaN	
1133	NaN	NaN	
1134	NaN	NaN	
1135	NaN	NaN	
1136	NaN	NaN	
1137	NaN	NaN	
1138	NaN	NaN	
1139	NaN	NaN	
1140	NaN	NaN	
1141	NaN	NaN	
1142	NaN	NaN	
1143	NaN	NaN	
1144	NaN	NaN	
1145	NaN	NaN	
1146	NaN	NaN	
1147	NaN	NaN	
1148	NaN	NaN	
1149	NaN	NaN	
1150	NaN	NaN	
1151	NaN	NaN	
1152	NaN	NaN	
1153	NaN	NaN	
1154	NaN	NaN	
1155	NaN	NaN	
1156	NaN	NaN	
1157	NaN	NaN	
1158	NaN	NaN	
1159	NaN	NaN	
1160	NaN	NaN	
1161	NaN	NaN	
1162	NaN	NaN	
1163	NaN	NaN	
1164	NaN	NaN	
