Athlete_Engineering	// User ID
11-2-2021	// Evaluation date
P012_Walk4	30-1-2021	11:57:33:268	// Source file name and timestamp
250.000	// Sampling rate
5.464	// Data capture period



Sample #	Right_Leg_Flexion	Right_Leg_Abduction	
0	-57.925626	24.576389	
1	-57.848884	24.210170	
2	-57.986627	24.274025	
3	-58.000475	24.859056	
4	-57.866080	24.854961	
5	-57.973650	23.602243	
6	-57.968076	23.510708	
7	-57.984925	24.484971	
8	-57.965935	24.692368	
9	-57.997559	25.391178	
10	-58.061755	25.485355	
11	-57.955828	24.525800	
12	-57.997473	24.574751	
13	-58.056622	24.907462	
14	-58.071505	24.942964	
15	-58.111378	25.167405	
16	-58.026576	25.178544	
17	-58.030779	25.308354	
18	-57.866045	26.347288	
19	-57.861007	26.334916	
20	-58.086883	25.986875	
21	-58.023145	25.944715	
22	-57.961419	25.254367	
23	-57.994267	25.462384	
24	-58.088037	25.422345	
25	-58.061409	25.354832	
26	-58.064964	25.643563	
27	-58.080961	25.481525	
28	-58.049258	24.873530	
29	-58.036409	25.101593	
30	-58.107351	24.910121	
31	-57.967861	25.386796	
32	-57.918840	25.825845	
33	-58.048303	25.067634	
34	-58.078962	25.789143	
35	-58.146491	25.723608	
36	-58.182616	25.021913	
37	-58.003429	24.893902	
38	-58.049999	25.088714	
39	-57.944565	24.936080	
40	-57.898647	24.953486	
41	-58.022380	25.058055	
42	-57.940652	25.148350	
43	-57.973589	24.666880	
44	-57.967291	24.304412	
45	-57.955778	24.238965	
46	-57.946529	24.231707	
47	-57.929513	24.350654	
48	-57.889089	24.434207	
49	-57.936014	24.598829	
50	-58.014185	24.523504	
51	-58.007441	24.154514	
52	-57.954379	24.335547	
53	-58.055361	24.215729	
54	-58.098844	24.096658	
55	-58.021694	24.074364	
56	-58.073393	23.621864	
57	-57.898312	23.869536	
58	-57.913476	23.987139	
59	-57.877964	24.268632	
60	-57.916831	24.074441	
61	-58.051752	23.352690	
62	-58.071693	23.677269	
63	-58.049672	24.021111	
64	-57.961475	23.711369	
65	-57.965554	23.849377	
66	-57.936823	23.674718	
67	-58.028076	23.676738	
68	-58.104137	24.163006	
69	-58.009460	23.649240	
70	-57.966873	23.776775	
71	-57.982707	23.946199	
72	-58.129475	23.384108	
73	-58.147840	23.632916	
74	-58.094815	23.410617	
75	-58.038989	23.816188	
76	-58.077043	23.835831	
77	-58.079009	23.185135	
78	-58.226869	24.130342	
79	-58.222673	24.256422	
80	-58.113053	23.694191	
81	-58.171490	24.038323	
82	-58.144172	23.694661	
83	-58.200432	23.594945	
84	-58.225807	23.696976	
85	-58.384133	23.606509	
86	-58.386553	23.691027	
87	-58.374373	23.683412	
88	-58.533328	23.706467	
89	-58.503745	23.962873	
90	-58.485766	23.850313	
91	-58.351369	23.340740	
92	-58.362587	23.205886	
93	-58.485300	23.398645	
94	-58.575395	23.888224	
95	-58.593505	23.711757	
96	-58.570794	23.717633	
97	-58.541821	23.811635	
98	-58.453415	23.934876	
99	-58.378359	23.678705	
100	-58.463835	23.343394	
101	-58.479010	23.603156	
102	-58.404720	23.440721	
103	-58.449492	23.431117	
104	-58.600341	24.001478	
105	-58.650930	23.885563	
106	-58.567693	23.458232	
107	-58.546304	23.949681	
108	-58.450701	23.176099	
109	-58.501272	23.128129	
110	-58.543337	23.714159	
111	-58.533669	23.135053	
112	-58.581733	23.013235	
113	-58.590405	23.462160	
114	-58.553728	23.832115	
115	-58.509382	23.492019	
116	-58.510957	23.221968	
117	-58.460216	23.518508	
118	-58.512528	23.812254	
119	-58.499756	23.445111	
120	-58.437238	23.447673	
121	-58.510266	23.251375	
122	-58.479915	23.059033	
123	-58.500319	23.309492	
124	-58.543897	23.246455	
125	-58.471296	23.412502	
126	-58.468004	23.551750	
127	-58.490980	23.372058	
128	-58.481095	23.148776	
129	-58.397673	23.419602	
130	-58.332120	23.212345	
131	-58.386556	22.967323	
132	-58.258236	23.167580	
133	-58.344568	23.532186	
134	-58.572442	23.712727	
135	-58.536355	23.951354	
136	-58.446331	23.898275	
137	-58.422217	23.064445	
138	-58.462425	23.407623	
139	-58.428420	23.545782	
140	-58.399972	23.609617	
141	-58.444876	24.017355	
142	-58.461656	23.925611	
143	-58.477526	24.276265	
144	-58.515069	24.448193	
145	-58.438266	24.350890	
146	-58.415675	24.239072	
147	-58.411690	24.030268	
148	-58.381141	24.470270	
149	-58.425187	24.244836	
150	-58.523623	24.189581	
151	-58.528349	24.319885	
152	-58.449554	24.110979	
153	-58.523631	24.649841	
154	-58.414540	25.063313	
155	-58.325455	24.600418	
156	-58.405632	24.632596	
157	-58.465666	24.988454	
158	-58.582180	25.169122	
159	-58.674075	25.333872	
160	-58.524798	25.108988	
161	-58.443892	25.474442	
162	-58.675301	25.528674	
163	-58.549217	25.669212	
164	-58.402517	25.968736	
165	-58.545482	25.817936	
166	-58.633697	25.543762	
167	-58.547786	25.935049	
168	-58.574265	25.377682	
169	-58.743232	24.939693	
170	-58.791425	25.992243	
171	-58.775114	26.374243	
172	-58.712551	25.820166	
173	-58.729477	25.562595	
174	-58.718159	25.544697	
175	-58.640783	25.134061	
176	-58.544507	26.057103	
177	-58.612807	26.105637	
178	-58.654200	26.398053	
179	-58.303241	25.823006	
180	-58.265612	25.198300	
181	-58.260335	25.719172	
182	-58.279223	26.056208	
183	-58.291961	25.349033	
184	-58.317009	24.877418	
185	-58.386322	25.586269	
186	-58.279650	26.286682	
187	-58.309258	26.601638	
188	-58.279239	26.676322	
189	-58.383853	26.852186	
190	-58.417781	26.067332	
191	-58.311333	26.341655	
192	-58.273636	26.947368	
193	-58.300419	27.268758	
194	-58.335252	27.200629	
195	-58.243069	27.057741	
196	-58.299970	27.449514	
197	-58.537616	27.367340	
198	-58.598435	27.244733	
199	-58.450000	27.090739	
200	-58.686616	26.533733	
201	-58.808010	26.904130	
202	-58.732165	26.529707	
203	-58.605697	26.443789	
204	-58.422255	26.945385	
205	-58.288680	27.668024	
206	-58.188127	28.192260	
207	-58.033090	27.838222	
208	-58.172201	28.046034	
209	-58.320204	28.260266	
210	-58.170763	27.770367	
211	-58.068429	28.017009	
212	-57.889283	27.890174	
213	-57.744975	27.701434	
214	-57.688005	28.569783	
215	-57.591150	27.986165	
216	-57.296643	27.984599	
217	-56.990050	28.117779	
218	-56.922131	28.111553	
219	-56.603612	28.731060	
220	-56.350071	28.750356	
221	-56.159231	28.665913	
222	-55.741048	27.862115	
223	-55.625223	27.834490	
224	-55.393120	28.551646	
225	-55.211858	27.629946	
226	-54.714009	27.882223	
227	-54.226696	29.414427	
228	-53.775028	29.446703	
229	-53.330329	29.205769	
230	-53.006863	28.726131	
231	-52.612565	27.722767	
232	-52.110399	28.293880	
233	-51.230259	27.922354	
234	-50.602568	27.496734	
235	-49.952389	28.095096	
236	-49.118783	27.829744	
237	-48.052925	28.493001	
238	-47.406292	29.739125	
239	-47.041935	29.510927	
240	-46.131429	28.519401	
241	-45.431915	28.904779	
242	-44.586640	29.364681	
243	-42.998738	27.705742	
244	-41.906617	26.134415	
245	-41.394924	25.746838	
246	-40.751558	24.579873	
247	-40.480830	24.573582	
248	-39.513541	25.496350	
249	-38.600861	25.832903	
250	-38.289276	27.238837	
251	-38.335174	26.824711	
252	-37.969197	28.023189	
253	-37.073716	28.870473	
254	-36.998406	27.229430	
255	-36.357597	27.401196	
256	-36.335185	27.227411	
257	-36.219161	26.892283	
258	-35.085711	25.464659	
259	-34.900290	26.638710	
260	-34.301302	26.483841	
261	-33.619150	24.710636	
262	-33.023246	24.659744	
263	-32.276193	24.075733	
264	-31.613278	24.624370	
265	-30.559090	24.679080	
266	-29.921260	24.259898	
267	-28.910120	24.024567	
268	-28.568745	22.980801	
269	-28.066974	22.909812	
270	-27.942849	22.137780	
271	-27.469297	21.775539	
272	-26.398057	22.363668	
273	-26.727747	20.961270	
274	-26.640767	21.158377	
275	-26.311158	20.882820	
276	-25.861992	20.520186	
277	-26.295805	20.100096	
278	-26.220480	20.112914	
279	-25.698551	20.890149	
280	-25.601014	20.187662	
281	-24.923201	20.891743	
282	-25.139545	20.972234	
283	-25.227864	20.607027	
284	-25.295864	21.159797	
285	-25.345346	20.109544	
286	-25.300477	19.491714	
287	-25.199589	20.279165	
288	-25.328416	19.604126	
289	-25.246945	20.100990	
290	-25.074239	20.528130	
291	-25.094612	20.323422	
292	-25.264162	20.717708	
293	-25.263857	20.404147	
294	-25.315593	20.010226	
295	-25.529699	19.961375	
296	-25.399054	20.436197	
297	-25.499663	20.101706	
298	-25.706040	18.932973	
299	-25.915771	18.540340	
300	-25.563250	19.222095	
301	-26.197691	19.360117	
302	-26.589280	18.898541	
303	-26.118667	18.607259	
304	-26.492388	19.256438	
305	-26.263033	19.790073	
306	-26.159353	19.543317	
307	-26.327554	19.535870	
308	-26.404737	19.470032	
309	-26.340564	19.656452	
310	-26.360352	18.735139	
311	-26.401427	18.749900	
312	-26.472731	18.711288	
313	-26.749973	18.485705	
314	-26.656176	18.603355	
315	-26.944039	18.544074	
316	-26.805767	19.414301	
317	-26.861970	19.055920	
318	-27.279515	18.655134	
319	-27.325674	18.575728	
320	-27.368576	19.104849	
321	-27.404243	19.003218	
322	-27.458341	18.101414	
323	-27.591244	18.233960	
324	-27.772147	19.033520	
325	-27.850598	18.829575	
326	-28.025790	18.246872	
327	-28.181022	18.876872	
328	-28.472173	18.276125	
329	-28.223682	18.312953	
330	-28.024204	18.930701	
331	-28.198539	19.127587	
332	-28.278249	19.108848	
333	-28.437370	18.634061	
334	-28.183220	18.949729	
335	-28.425981	18.510974	
336	-28.693129	18.145230	
337	-28.785245	18.743331	
338	-28.967499	18.845983	
339	-29.092041	18.314679	
340	-29.330979	16.584083	
341	-29.889618	15.271573	
342	-30.223007	16.322121	
343	-30.657663	14.810799	
344	-31.244068	13.862181	
345	-31.745368	14.546165	
346	-32.466599	13.281199	
347	-32.112858	13.260140	
348	-32.679315	14.119462	
349	-33.443650	14.332249	
350	-33.318657	12.477991	
351	-33.152337	11.947029	
352	-33.409685	13.695179	
353	-33.565735	14.443298	
354	-33.309359	13.356266	
355	-32.873800	13.591675	
356	-33.354102	12.955506	
357	-33.608176	13.167479	
358	-32.707070	14.268871	
359	-32.562090	13.235813	
360	-32.557039	12.477708	
361	-32.773185	12.338604	
362	-32.776204	13.466705	
363	-32.928356	12.754693	
364	-33.270361	12.134626	
365	-33.509586	12.773460	
366	-34.111534	11.688805	
367	-34.148202	11.828247	
368	-33.775080	13.585982	
369	-34.651874	12.702067	
370	-35.385044	11.176168	
371	-35.109986	11.964000	
372	-35.511820	12.426155	
373	-35.929209	11.347232	
374	-36.320395	12.678813	
375	-36.491731	15.379663	
376	-36.816021	14.569231	
377	-37.385105	14.139667	
378	-38.555734	13.618184	
379	-39.342249	14.919218	
380	-39.325751	15.033498	
381	-39.684595	13.178914	
382	-40.143284	12.927695	
383	-40.933146	14.316812	
384	-41.232749	13.967027	
385	-41.793870	13.234246	
386	-42.069507	13.660086	
387	-42.907726	13.013159	
388	-44.440422	13.066579	
389	-44.176852	12.950643	
390	-43.350145	12.439123	
391	-44.231039	13.204403	
392	-44.696450	13.484115	
393	-44.355840	13.248566	
394	-44.340898	13.231840	
395	-45.438416	13.526842	
396	-45.148602	14.162233	
397	-45.341730	12.016881	
398	-46.011405	9.845603	
399	-44.222715	10.856186	
400	-44.396151	11.110575	
401	-45.495686	10.932095	
402	-45.521814	10.942281	
403	-45.792146	11.618041	
404	-45.914630	12.055193	
405	-46.564693	13.272391	
406	-47.089689	13.265238	
407	-46.992137	10.806652	
408	-47.182106	11.546841	
409	-47.519053	12.079700	
410	-46.817896	13.119187	
411	-46.409733	13.232961	
412	-47.680304	12.354311	
413	-48.563818	12.611631	
414	-48.092765	12.580538	
415	-48.239123	12.524195	
416	-49.808245	12.241946	
417	-49.966101	12.506684	
418	-49.452503	12.244365	
419	-50.344757	12.336612	
420	-50.471057	12.597414	
421	-49.077082	13.250747	
422	-49.974784	13.164182	
423	-51.397913	11.667709	
424	-50.181004	13.558360	
425	-50.066717	13.892254	
426	-50.356033	13.507499	
427	-49.533350	13.915102	
428	-49.550597	12.414597	
429	-49.972169	13.179817	
430	-49.204650	12.041453	
431	-50.990929	12.054434	
432	-51.514461	12.847078	
433	-49.978011	11.697427	
434	-49.918251	12.185263	
435	-51.188982	13.215026	
436	-52.869963	13.323864	
437	-52.947056	13.503160	
438	-53.596424	13.023826	
439	-53.588455	13.756127	
440	-53.545975	13.886707	
441	-53.904912	13.791000	
442	-54.390420	14.270096	
443	-53.425931	13.054541	
444	-52.991142	13.394204	
445	-54.123980	14.916198	
446	-54.324152	14.555221	
447	-54.420903	14.136542	
448	-54.815883	13.530928	
449	-55.181615	13.281017	
450	-55.151409	14.315693	
451	-55.000579	14.496053	
452	-55.299922	14.203221	
453	-55.526687	14.880785	
454	-55.950068	16.480638	
455	-55.153764	15.958714	
456	-55.146080	15.634888	
457	-56.611032	16.204812	
458	-57.069027	15.412692	
459	-56.724131	15.204741	
460	-56.870838	15.897262	
461	-57.675964	17.689720	
462	-57.951507	17.844781	
463	-58.725816	18.391961	
464	-58.970639	17.436750	
465	-58.752082	16.969342	
466	-59.197721	18.839735	
467	-59.267048	17.829377	
468	-59.853234	18.008141	
469	-59.839810	18.853873	
470	-59.519280	18.351727	
471	-60.022290	18.457174	
472	-60.077163	19.265761	
473	-60.207220	18.627073	
474	-60.150462	18.755604	
475	-59.892229	19.514653	
476	-60.052975	18.917072	
477	-60.057234	18.169001	
478	-60.122584	18.723104	
479	-60.772564	19.883460	
480	-60.129084	20.337609	
481	-59.927124	20.375582	
482	-60.700408	20.375152	
483	-60.681462	21.201927	
484	-59.858382	20.980233	
485	-60.185465	21.059437	
486	-60.095488	21.404525	
487	-59.169593	21.464086	
488	-59.560294	21.276887	
489	-59.233842	21.825991	
490	-58.804194	22.703696	
491	-58.456518	23.371192	
492	-58.185112	23.813419	
493	-58.120837	22.789053	
494	-57.592544	23.886691	
495	-57.252005	25.520673	
496	-56.689137	25.308245	
497	-56.437649	25.247005	
498	-56.111152	25.975624	
499	-55.467368	26.283095	
500	-54.918101	26.644329	
501	-54.065390	26.896887	
502	-53.060503	26.547585	
503	-52.262936	27.610160	
504	-50.809368	27.781445	
505	-50.311174	28.037715	
506	-50.558914	29.714824	
507	-49.651431	29.566463	
508	-48.975711	29.173641	
509	-48.189660	29.452177	
510	-47.546233	29.493671	
511	-47.102542	30.484246	
512	-46.410075	30.685606	
513	-45.609029	30.948980	
514	-45.356128	31.359442	
515	-44.913808	31.204502	
516	-44.521308	31.558788	
517	-44.247285	31.785486	
518	-43.717371	31.626141	
519	-43.148263	30.975295	
520	-42.667151	30.442675	
521	-42.364391	30.457178	
522	-41.827644	30.071749	
523	-41.366194	29.663030	
524	-40.948495	29.506806	
525	-40.138264	28.814620	
526	-39.627019	28.549440	
527	-39.348765	28.686228	
528	-38.720130	28.257531	
529	-38.368852	27.922414	
530	-37.994147	28.115987	
531	-37.080148	27.652889	
532	-36.559848	27.464754	
533	-36.163169	27.750127	
534	-35.618730	27.160691	
535	-35.211956	27.013637	
536	-34.752878	27.522598	
537	-34.252565	26.533096	
538	-33.993221	25.719968	
539	-33.620836	25.798309	
540	-32.793704	25.381583	
541	-32.127800	25.561044	
542	-31.389944	25.945772	
543	-30.794138	25.572625	
544	-30.665693	25.337962	
545	-30.395090	25.067084	
546	-29.764864	24.493006	
547	-29.345997	24.756862	
548	-29.176452	24.138047	
549	-29.240922	23.012835	
550	-29.229502	22.708461	
551	-28.827902	22.213910	
552	-28.809994	22.503613	
553	-28.564419	22.013909	
554	-28.339055	21.253847	
555	-28.154927	21.335647	
556	-27.493721	21.579089	
557	-27.402457	21.204767	
558	-27.545499	20.796057	
559	-27.248254	20.815499	
560	-27.136486	20.739719	
561	-26.773529	20.868952	
562	-26.383619	20.652182	
563	-26.770297	20.454406	
564	-26.510691	20.612981	
565	-26.402264	20.450830	
566	-26.844068	20.383139	
567	-26.842927	20.151004	
568	-26.546338	19.826607	
569	-26.874264	20.156720	
570	-27.263450	20.016394	
571	-26.703367	20.180413	
572	-27.241996	19.716758	
573	-27.841555	19.523667	
574	-27.670284	20.106805	
575	-28.248950	19.529090	
576	-28.450307	19.552274	
577	-28.345319	19.969665	
578	-28.774296	19.757055	
579	-29.064610	19.682073	
580	-29.417906	19.543973	
581	-29.833542	19.503884	
582	-30.195702	19.612054	
583	-30.885473	19.133798	
584	-31.101220	19.451248	
585	-31.145453	20.079754	
586	-31.607328	19.672591	
587	-32.063868	20.053760	
588	-32.676866	20.001028	
589	-33.284370	19.577186	
590	-33.632351	20.193035	
591	-33.914872	19.850659	
592	-34.446598	19.825046	
593	-34.935353	20.194626	
594	-35.306503	19.745315	
595	-35.323450	19.398931	
596	-35.286729	19.239734	
597	-35.815666	19.119798	
598	-35.936937	19.363706	
599	-35.782553	19.374774	
600	-36.136132	19.064929	
601	-36.284842	19.269768	
602	-36.228014	18.951415	
603	-36.464609	18.953122	
604	-36.648461	18.887299	
605	-36.479155	18.459563	
606	-36.415919	19.007242	
607	-36.714769	19.114501	
608	-36.974857	19.124016	
609	-37.080659	19.123408	
610	-36.759141	19.288294	
611	-36.661590	19.377849	
612	-36.944771	19.118679	
613	-36.954734	19.028624	
614	-37.303024	18.312978	
615	-37.709517	17.913482	
616	-37.660180	18.161001	
617	-37.535250	17.741558	
618	-37.859714	16.978234	
619	-38.519207	16.655832	
620	-39.013275	17.146337	
621	-39.168088	16.281533	
622	-39.650608	15.075812	
623	-40.775376	15.232280	
624	-40.467097	15.074443	
625	-40.015548	14.383262	
626	-40.393951	13.765213	
627	-40.525123	13.359580	
628	-40.425436	13.907140	
629	-40.561170	14.237361	
630	-40.727515	14.081091	
631	-41.308471	14.578966	
632	-41.734238	14.718746	
633	-41.050688	15.044042	
634	-40.916680	15.615569	
635	-40.616272	16.208305	
636	-40.353488	15.558669	
637	-40.455945	15.086481	
638	-40.134821	15.218407	
639	-39.943971	15.039352	
640	-39.726418	14.959705	
641	-39.638565	14.381838	
642	-39.677069	14.041523	
643	-40.009591	13.069832	
644	-40.373629	12.133351	
645	-40.694557	12.293025	
646	-40.845305	12.368847	
647	-40.966346	12.247058	
648	-41.598633	12.233755	
649	-42.285270	11.961453	
650	-43.079572	12.623063	
651	-43.283102	12.428268	
652	-43.923754	12.208178	
653	-44.519407	12.784491	
654	-44.956749	12.499460	
655	-45.627449	12.823659	
656	-45.829037	13.202876	
657	-46.441094	13.337877	
658	-47.199778	13.198948	
659	-47.613766	13.095933	
660	-48.050107	12.790986	
661	-48.676487	12.088109	
662	-48.854793	12.052305	
663	-48.929685	11.217687	
664	-49.204894	10.069951	
665	-49.251391	9.800236	
666	-49.585705	9.813318	
667	-49.724336	8.307443	
668	-49.761932	8.060312	
669	-50.104999	8.942810	
670	-50.237689	8.484308	
671	-50.414869	7.804766	
672	-50.412651	8.222476	
673	-50.487272	8.820069	
674	-50.903898	8.548837	
675	-51.094359	9.008454	
676	-51.336103	9.206941	
677	-51.810688	8.998731	
678	-52.211268	9.041790	
679	-52.377154	9.621153	
680	-52.540988	9.306293	
681	-52.834686	8.782586	
682	-53.133615	10.486613	
683	-53.231292	10.228282	
684	-53.360467	9.093522	
685	-53.625469	9.330672	
686	-53.740922	9.286010	
687	-53.849043	9.373777	
688	-53.909511	8.712485	
689	-54.365281	8.839578	
690	-54.773085	9.270755	
691	-54.847831	9.384713	
692	-54.878344	10.571975	
693	-55.151202	10.720194	
694	-55.101149	9.770438	
695	-54.921105	9.687964	
696	-55.484076	9.760828	
697	-55.467948	9.486429	
698	-55.501119	8.845182	
699	-55.748170	10.174576	
700	-55.731656	10.323500	
701	-55.624060	9.787730	
702	-55.757451	9.670474	
703	-56.056733	9.705335	
704	-55.957245	9.793732	
705	-56.192045	10.343546	
706	-56.752455	11.555017	
707	-57.045996	10.378459	
708	-57.067290	9.940509	
709	-57.250313	10.444266	
710	-57.737128	10.489353	
711	-58.141584	11.086415	
712	-58.149061	11.086281	
713	-58.059171	10.840488	
714	-58.297597	11.265823	
715	-58.539500	11.465445	
716	-58.550131	11.799487	
717	-58.756509	12.435394	
718	-58.971502	12.067042	
719	-59.191412	11.748756	
720	-59.489759	12.332724	
721	-59.518568	12.527702	
722	-59.699423	12.216985	
723	-60.072320	12.919963	
724	-60.015054	13.325020	
725	-60.028268	13.307198	
726	-60.119669	13.200685	
727	-60.485020	13.964817	
728	-60.746296	14.730295	
729	-60.744763	13.717286	
730	-60.800880	13.862564	
731	-60.723186	14.118515	
732	-61.544200	14.939908	
733	-61.801872	15.173797	
734	-61.454814	15.276055	
735	-61.695735	15.805449	
736	-61.764990	16.248186	
737	-61.923728	16.375545	
738	-62.259209	16.476694	
739	-62.104150	17.019332	
740	-61.921090	17.231761	
741	-61.998350	17.563244	
742	-62.065037	17.460312	
743	-62.192205	17.777602	
744	-62.023692	18.837583	
745	-62.110106	18.860775	
746	-61.949666	18.268653	
747	-61.521049	18.748126	
748	-61.341997	19.422605	
749	-61.049962	19.116934	
750	-60.786152	19.715213	
751	-60.663513	20.367520	
752	-60.104114	20.714011	
753	-59.712016	21.384731	
754	-59.662115	21.677267	
755	-59.114708	21.808709	
756	-58.711932	22.220872	
757	-58.437486	22.611661	
758	-58.216766	23.303513	
759	-57.847785	24.253778	
760	-57.032851	24.070610	
761	-55.950950	23.772058	
762	-55.332839	24.289849	
763	-54.764332	24.979439	
764	-53.953705	24.828091	
765	-53.208724	25.141717	
766	-52.218599	25.107658	
767	-51.043910	24.730624	
768	-50.387226	24.869754	
769	-49.721875	24.551987	
770	-48.817889	24.558267	
771	-48.195481	24.829405	
772	-47.559646	24.765170	
773	-47.022930	25.317170	
774	-46.487582	25.947801	
775	-46.299248	26.262177	
776	-45.651471	26.542407	
777	-44.988588	26.923331	
778	-44.516409	26.972975	
779	-43.986528	26.829257	
780	-43.545505	27.246399	
781	-43.450008	27.330750	
782	-43.211344	26.694247	
783	-42.519347	26.487998	
784	-41.808916	26.804976	
785	-41.371139	26.528034	
786	-41.531952	26.509110	
787	-40.738223	25.953513	
788	-40.323177	25.282476	
789	-40.053151	25.645107	
790	-39.216647	25.623386	
791	-38.938992	25.681445	
792	-38.770061	26.086652	
793	-38.288386	25.778265	
794	-37.593274	25.488350	
795	-37.364351	25.331967	
796	-36.646901	25.326552	
797	-35.998183	25.226619	
798	-35.779761	25.109000	
799	-35.036770	24.967257	
800	-34.562204	25.392170	
801	-34.005845	25.181084	
802	-33.308757	24.780381	
803	-32.580837	24.876701	
804	-31.729192	23.645553	
805	-30.982861	23.227231	
806	-30.913568	23.400595	
807	-30.566529	23.010149	
808	-30.374508	22.822071	
809	-30.407923	22.610318	
810	-29.874086	21.916670	
811	-29.301615	21.567643	
812	-28.880051	21.345828	
813	-28.913650	20.892945	
814	-29.541591	20.739030	
815	-29.176567	21.350463	
816	-28.399073	21.500547	
817	-28.504277	20.569795	
818	-28.712921	20.328690	
819	-29.190759	20.243021	
820	-29.098486	20.230997	
821	-28.891404	20.370198	
822	-28.917014	19.889189	
823	-28.920463	19.795254	
824	-29.200628	19.569523	
825	-29.577214	19.800074	
826	-28.930215	20.061751	
827	-28.742789	19.566650	
828	-29.360870	19.680475	
829	-29.553854	19.628623	
830	-29.865566	19.798536	
831	-29.843284	19.732461	
832	-29.861205	19.878450	
833	-30.503929	20.042905	
834	-31.262100	19.857868	
835	-31.790777	19.827441	
836	-31.627290	19.740570	
837	-31.632885	19.749111	
838	-31.620018	20.147934	
839	-31.816846	20.201163	
840	-32.730341	19.777851	
841	-33.509702	19.859401	
842	-33.637425	19.601078	
843	-33.674873	19.497367	
844	-33.981716	19.683502	
845	-33.969434	19.846153	
846	-34.437122	19.822638	
847	-34.962892	19.447870	
848	-34.991631	19.760878	
849	-35.459774	19.562849	
850	-35.853054	19.163352	
851	-36.328309	19.855475	
852	-36.968661	19.544399	
853	-37.203108	19.511858	
854	-37.513914	19.944978	
855	-37.153572	19.263097	
856	-37.780061	18.951057	
857	-38.090807	19.202076	
858	-37.843999	19.502659	
859	-38.528484	19.950734	
860	-38.362648	20.038205	
861	-38.026168	19.606184	
862	-38.263994	20.031414	
863	-38.348726	20.164828	
864	-38.994731	20.094668	
865	-39.250234	20.321168	
866	-38.481724	20.527678	
867	-38.867977	20.122970	
868	-39.044650	20.082621	
869	-38.943628	20.849340	
870	-39.094702	20.621424	
871	-38.659963	21.072665	
872	-38.724987	20.782483	
873	-39.439543	19.647714	
874	-39.998916	19.517521	
875	-40.240129	19.461549	
876	-40.109209	19.406208	
877	-40.105218	18.717811	
878	-39.896188	17.974275	
879	-39.948586	17.676235	
880	-40.430888	17.442073	
881	-40.776585	16.789865	
882	-41.580131	16.128124	
883	-41.220217	16.145280	
884	-41.232713	15.757972	
885	-41.742326	15.334448	
886	-41.289627	14.926141	
887	-41.495051	15.290190	
888	-41.045045	14.831815	
889	-40.931601	14.327240	
890	-40.751765	14.898435	
891	-40.701104	14.441811	
892	-41.833650	15.052773	
893	-41.484633	15.190645	
894	-40.859491	14.817482	
895	-40.819321	15.236671	
896	-41.615042	15.298799	
897	-41.275060	15.390522	
898	-40.199334	15.175118	
899	-39.808786	15.220972	
900	-40.598032	15.226191	
901	-41.398219	15.383388	
902	-40.451379	14.213916	
903	-40.033277	13.300241	
904	-40.875791	13.960516	
905	-41.234471	13.265706	
906	-40.514837	13.019363	
907	-41.780861	12.993375	
908	-42.705918	13.189330	
909	-42.464094	13.226613	
910	-42.830138	12.954969	
911	-43.145796	12.958493	
912	-43.354885	13.096617	
913	-43.952910	13.491589	
914	-45.225900	14.215821	
915	-44.831178	13.987945	
916	-45.319502	13.468237	
917	-46.215244	13.183879	
918	-47.017249	12.998191	
919	-47.366706	14.062093	
920	-47.265574	14.334449	
921	-47.826104	12.969697	
922	-47.364784	11.754088	
923	-47.984355	11.952763	
924	-48.418659	11.554653	
925	-48.635479	10.828493	
926	-49.383583	10.498756	
927	-48.810442	9.485220	
928	-49.432464	9.295811	
929	-50.323465	9.389757	
930	-49.459642	8.831314	
931	-49.219124	8.856057	
932	-50.575980	9.033874	
933	-51.060696	9.039895	
934	-50.500693	9.006036	
935	-50.946027	9.363476	
936	-50.986943	9.352129	
937	-51.347441	9.990944	
938	-51.329212	10.738645	
939	-51.233739	10.305298	
940	-51.455798	10.581094	
941	-51.875711	10.967534	
942	-51.753909	10.055856	
943	-52.194447	9.663415	
944	-52.254883	10.066381	
945	-52.628313	10.306786	
946	-53.399951	8.854587	
947	-52.870597	7.845235	
948	-53.319392	8.985320	
949	-53.674511	9.403169	
950	-54.477604	9.242685	
951	-54.302809	8.886904	
952	-53.747001	8.848398	
953	-53.763542	8.810189	
954	-54.366283	9.411775	
955	-55.336911	9.823982	
956	-55.280009	9.358393	
957	-55.266864	9.099649	
958	-54.890732	9.037372	
959	-55.206387	9.574409	
960	-55.682844	9.195772	
961	-55.506530	9.842730	
962	-55.730884	10.177512	
963	-56.171814	9.856855	
964	-56.665688	10.706987	
965	-56.539324	10.698384	
966	-56.920501	10.700799	
967	-57.717388	10.331094	
968	-56.321074	10.741467	
969	-55.869479	10.809681	
970	-57.456411	10.133492	
971	-58.519609	11.693752	
972	-58.405269	12.321116	
973	-57.672684	11.707524	
974	-57.288669	11.679440	
975	-58.530123	11.795114	
976	-59.588113	11.532045	
977	-59.236181	12.132428	
978	-58.499929	12.326112	
979	-58.337650	12.655069	
980	-58.892226	12.647592	
981	-59.171818	12.434135	
982	-59.303004	13.491143	
983	-59.308801	12.285519	
984	-58.618612	10.221875	
985	-59.339287	11.304702	
986	-60.242175	12.271006	
987	-59.653748	12.659449	
988	-59.489992	13.994299	
989	-59.435465	12.862019	
990	-59.997281	12.795117	
991	-59.688282	12.620810	
992	-59.722640	12.907272	
993	-60.696069	14.986403	
994	-60.791304	15.431955	
995	-60.669063	15.473642	
996	-60.653161	15.183242	
997	-61.173636	14.776525	
998	-59.954859	14.648341	
999	-59.558829	14.509211	
1000	-60.484321	14.867646	
1001	-61.875645	16.706665	
1002	-60.607250	15.272392	
1003	-59.486379	13.811708	
1004	-61.068180	15.319732	
1005	-60.930427	16.296346	
1006	-61.429991	16.428062	
1007	-61.387209	16.215604	
1008	-61.765444	16.687999	
1009	-62.359272	16.220460	
1010	-62.124087	16.127436	
1011	-61.708534	17.220547	
1012	-61.527067	17.531913	
1013	-62.037809	17.698177	
1014	-62.289228	17.520562	
1015	-61.712740	16.566087	
1016	-62.808417	19.420617	
1017	-63.186365	19.463863	
1018	-61.581708	17.848859	
1019	-61.735401	19.104518	
1020	-61.117069	20.823106	
1021	-60.100481	22.315124	
1022	-60.314642	21.407299	
1023	-59.799187	22.514359	
1024	-59.483144	20.887857	
1025	-59.044245	20.200153	
1026	-58.535827	23.348779	
1027	-58.016514	24.237294	
1028	-58.362460	22.987116	
1029	-58.072243	23.031941	
1030	-57.375813	23.372460	
1031	-56.450843	23.372655	
1032	-55.979557	24.635947	
1033	-56.268932	26.389386	
1034	-55.825269	26.401340	
1035	-54.488194	26.679081	
1036	-51.324344	24.652214	
1037	-60.806976	35.980109	
1038	-60.556625	37.009159	
1039	-50.674502	26.619367	
1040	-51.773281	28.476820	
1041	-51.293002	28.894980	
1042	-51.044283	30.072456	
1043	-50.842331	29.584270	
1044	-50.308031	29.503430	
1045	-49.193604	29.017062	
1046	-53.433471	33.702628	
1047	-49.670238	30.152911	
1048	-50.211859	30.706873	
1049	-49.088724	30.404632	
1050	-48.559099	30.402935	
1051	-48.630820	30.117559	
1052	-47.805193	30.829637	
1053	-45.372829	29.159735	
1054	-52.935644	34.552437	
1055	-58.727714	41.413672	
1056	-45.177837	26.057821	
1057	-45.135324	25.772359	
1058	-45.256662	26.273552	
1059	-45.775063	26.948139	
1060	-43.584030	26.670059	
1061	-42.288020	25.391263	
1062	-44.109830	25.789763	
1063	-43.241014	26.588566	
1064	-43.054692	25.844889	
1065	-43.478147	24.823455	
1066	-41.607520	23.891959	
1067	-42.585856	25.285745	
1068	-40.840576	25.268368	
1069	-41.179646	25.020800	
1070	-41.973987	24.934029	
1071	-41.768518	26.344320	
1072	-40.155046	25.530861	
1073	-40.442023	25.233252	
1074	NaN	NaN	
1075	NaN	NaN	
1076	-40.254759	24.749891	
1077	-38.467766	25.468003	
1078	-38.322592	25.227850	
1079	-37.166554	26.143118	
1080	-35.731925	25.463348	
1081	-36.004240	24.510875	
1082	-34.729093	24.262383	
1083	-32.602331	24.291737	
1084	-32.158876	24.211312	
1085	-35.787744	26.387333	
1086	-34.892693	24.661427	
1087	-34.233505	24.160670	
1088	-35.740384	25.872125	
1089	-33.954502	22.571583	
1090	-32.410228	21.268341	
1091	-31.745451	21.205401	
1092	-30.687856	20.861923	
1093	-31.827759	20.915972	
1094	-31.310751	21.119181	
1095	-31.316826	21.230507	
1096	-31.690414	21.566308	
1097	-32.114750	20.880556	
1098	-32.546190	20.721602	
1099	-31.551964	20.960556	
1100	-32.288913	20.620217	
1101	-36.614490	24.368528	
1102	-36.598269	23.985332	
1103	-36.337382	22.778250	
1104	-34.722996	25.274323	
1105	-35.305943	24.534863	
1106	-35.565975	23.313061	
1107	-35.756887	22.808181	
1108	-37.432000	22.247649	
1109	-38.067297	24.557062	
1110	-38.176270	24.309513	
1111	-38.236298	23.960312	
1112	-38.834819	24.357477	
1113	-36.115160	22.059274	
1114	-36.323467	22.840824	
1115	-43.489739	28.125820	
1116	NaN	NaN	
1117	NaN	NaN	
1118	NaN	NaN	
1119	NaN	NaN	
1120	NaN	NaN	
1121	NaN	NaN	
1122	NaN	NaN	
1123	NaN	NaN	
1124	NaN	NaN	
1125	NaN	NaN	
1126	NaN	NaN	
1127	NaN	NaN	
1128	NaN	NaN	
1129	NaN	NaN	
1130	NaN	NaN	
1131	NaN	NaN	
1132	NaN	NaN	
1133	NaN	NaN	
1134	NaN	NaN	
1135	NaN	NaN	
1136	NaN	NaN	
1137	NaN	NaN	
1138	NaN	NaN	
1139	NaN	NaN	
1140	NaN	NaN	
1141	NaN	NaN	
1142	NaN	NaN	
1143	NaN	NaN	
1144	NaN	NaN	
1145	NaN	NaN	
1146	NaN	NaN	
1147	NaN	NaN	
1148	NaN	NaN	
1149	NaN	NaN	
1150	NaN	NaN	
1151	NaN	NaN	
1152	NaN	NaN	
1153	NaN	NaN	
1154	NaN	NaN	
1155	NaN	NaN	
1156	NaN	NaN	
1157	NaN	NaN	
1158	NaN	NaN	
1159	NaN	NaN	
1160	NaN	NaN	
1161	NaN	NaN	
1162	NaN	NaN	
1163	NaN	NaN	
1164	NaN	NaN	
1165	NaN	NaN	
1166	NaN	NaN	
1167	NaN	NaN	
1168	NaN	NaN	
1169	NaN	NaN	
1170	NaN	NaN	
1171	NaN	NaN	
1172	NaN	NaN	
1173	NaN	NaN	
1174	NaN	NaN	
1175	NaN	NaN	
1176	NaN	NaN	
1177	NaN	NaN	
1178	NaN	NaN	
1179	NaN	NaN	
1180	NaN	NaN	
1181	NaN	NaN	
1182	NaN	NaN	
1183	NaN	NaN	
1184	NaN	NaN	
1185	NaN	NaN	
1186	NaN	NaN	
1187	NaN	NaN	
1188	NaN	NaN	
1189	124.990848	106.958121	
1190	138.088312	112.305911	
1191	138.325271	110.941724	
1192	138.759514	111.747256	
1193	137.109714	111.236301	
1194	134.152374	108.593121	
1195	132.721968	108.933714	
1196	132.229577	110.879055	
1197	NaN	NaN	
1198	148.412298	112.482685	
1199	NaN	NaN	
1200	NaN	NaN	
1201	NaN	NaN	
1202	NaN	NaN	
1203	NaN	NaN	
1204	NaN	NaN	
1205	NaN	NaN	
1206	NaN	NaN	
1207	NaN	NaN	
1208	NaN	NaN	
1209	NaN	NaN	
1210	NaN	NaN	
1211	NaN	NaN	
1212	NaN	NaN	
1213	NaN	NaN	
1214	NaN	NaN	
1215	NaN	NaN	
1216	NaN	NaN	
1217	NaN	NaN	
1218	NaN	NaN	
1219	NaN	NaN	
1220	NaN	NaN	
1221	NaN	NaN	
1222	NaN	NaN	
1223	NaN	NaN	
1224	NaN	NaN	
1225	NaN	NaN	
1226	NaN	NaN	
1227	NaN	NaN	
1228	NaN	NaN	
1229	NaN	NaN	
1230	NaN	NaN	
1231	NaN	NaN	
1232	NaN	NaN	
1233	NaN	NaN	
1234	NaN	NaN	
1235	NaN	NaN	
1236	NaN	NaN	
1237	NaN	NaN	
1238	NaN	NaN	
1239	NaN	NaN	
1240	NaN	NaN	
1241	NaN	NaN	
1242	NaN	NaN	
1243	NaN	NaN	
1244	NaN	NaN	
1245	NaN	NaN	
1246	NaN	NaN	
1247	NaN	NaN	
1248	NaN	NaN	
1249	NaN	NaN	
1250	NaN	NaN	
1251	NaN	NaN	
1252	NaN	NaN	
1253	NaN	NaN	
1254	NaN	NaN	
1255	NaN	NaN	
1256	NaN	NaN	
1257	NaN	NaN	
1258	NaN	NaN	
1259	NaN	NaN	
1260	NaN	NaN	
1261	NaN	NaN	
1262	NaN	NaN	
1263	NaN	NaN	
1264	NaN	NaN	
1265	NaN	NaN	
1266	NaN	NaN	
1267	NaN	NaN	
1268	NaN	NaN	
1269	NaN	NaN	
1270	NaN	NaN	
1271	NaN	NaN	
1272	NaN	NaN	
1273	NaN	NaN	
1274	NaN	NaN	
1275	NaN	NaN	
1276	NaN	NaN	
1277	NaN	NaN	
1278	NaN	NaN	
1279	NaN	NaN	
1280	NaN	NaN	
1281	NaN	NaN	
1282	NaN	NaN	
1283	NaN	NaN	
1284	NaN	NaN	
1285	NaN	NaN	
1286	NaN	NaN	
1287	NaN	NaN	
1288	NaN	NaN	
1289	NaN	NaN	
1290	NaN	NaN	
1291	NaN	NaN	
1292	NaN	NaN	
1293	NaN	NaN	
1294	NaN	NaN	
1295	NaN	NaN	
1296	NaN	NaN	
1297	NaN	NaN	
1298	NaN	NaN	
1299	NaN	NaN	
1300	NaN	NaN	
1301	NaN	NaN	
1302	NaN	NaN	
1303	NaN	NaN	
1304	NaN	NaN	
1305	NaN	NaN	
1306	NaN	NaN	
1307	NaN	NaN	
1308	NaN	NaN	
1309	NaN	NaN	
1310	NaN	NaN	
1311	NaN	NaN	
1312	NaN	NaN	
1313	NaN	NaN	
1314	NaN	NaN	
1315	NaN	NaN	
1316	NaN	NaN	
1317	NaN	NaN	
1318	NaN	NaN	
1319	NaN	NaN	
1320	NaN	NaN	
1321	NaN	NaN	
1322	NaN	NaN	
1323	NaN	NaN	
1324	NaN	NaN	
1325	NaN	NaN	
1326	NaN	NaN	
1327	NaN	NaN	
1328	NaN	NaN	
1329	NaN	NaN	
1330	NaN	NaN	
1331	NaN	NaN	
1332	NaN	NaN	
1333	NaN	NaN	
1334	NaN	NaN	
1335	NaN	NaN	
1336	NaN	NaN	
1337	NaN	NaN	
1338	NaN	NaN	
1339	NaN	NaN	
1340	NaN	NaN	
1341	NaN	NaN	
1342	NaN	NaN	
1343	NaN	NaN	
1344	NaN	NaN	
1345	NaN	NaN	
1346	NaN	NaN	
1347	NaN	NaN	
1348	NaN	NaN	
1349	NaN	NaN	
1350	NaN	NaN	
1351	NaN	NaN	
1352	NaN	NaN	
1353	NaN	NaN	
1354	NaN	NaN	
1355	NaN	NaN	
1356	NaN	NaN	
1357	NaN	NaN	
1358	NaN	NaN	
1359	NaN	NaN	
1360	NaN	NaN	
1361	NaN	NaN	
1362	NaN	NaN	
1363	NaN	NaN	
1364	NaN	NaN	
1365	NaN	NaN	
1366	NaN	NaN	
