Athlete_Engineering	// User ID
11-2-2021	// Evaluation date
P012_Flex	30-1-2021	11:53:59:544	// Source file name and timestamp
250.000	// Sampling rate
7.607	// Data capture period



Sample #	Right_Leg_Flexion	Right_Leg_Abduction	
0	-60.493862	32.668721	
1	-60.663833	33.180689	
2	-60.476765	32.953539	
3	-60.390838	33.175293	
4	-60.853865	33.125155	
5	-60.600956	32.857846	
6	-60.614973	33.048398	
7	-60.754681	33.372290	
8	-60.727085	33.608808	
9	-60.513153	33.844770	
10	-61.118765	36.463327	
11	-60.108087	31.987166	
12	-63.198715	44.298066	
13	-64.281400	48.338853	
14	-64.028564	47.537174	
15	-63.851913	47.734934	
16	-63.535227	47.362793	
17	-63.700481	47.558243	
18	-63.130472	47.214540	
19	-64.304003	49.053497	
20	-60.926139	37.849437	
21	-62.359437	44.285197	
22	-62.047709	42.623112	
23	-60.764331	36.402345	
24	-60.740490	36.079406	
25	-60.110222	33.005234	
26	-61.110297	35.528740	
27	-61.380914	36.293875	
28	-61.269902	34.937526	
29	-61.714734	39.658313	
30	-61.929000	40.064478	
31	-61.859949	39.470414	
32	-61.633624	40.021063	
33	-63.270262	49.158674	
34	-63.738699	51.461726	
35	-63.096220	49.234601	
36	-63.344496	50.895720	
37	-62.447031	46.918070	
38	-62.146652	39.886857	
39	-62.571061	47.881090	
40	-62.622648	47.044070	
41	-63.151144	50.865365	
42	-62.300559	39.773451	
43	-61.216920	37.958445	
44	-61.213882	37.844557	
45	-61.922544	39.208247	
46	-61.923524	36.121421	
47	-61.606921	34.532880	
48	-61.412317	34.581623	
49	-61.930114	37.723615	
50	-62.774270	40.018847	
51	-61.495024	35.669219	
52	-61.617208	34.743465	
53	-61.617094	36.274582	
54	-61.823030	36.462561	
55	-61.305277	35.761804	
56	-61.253721	33.232462	
57	-63.807744	43.745597	
58	-64.829716	47.844455	
59	-62.726359	41.013815	
60	-61.693951	35.988452	
61	-61.647251	35.678541	
62	-61.088921	34.635315	
63	-61.358436	34.976846	
64	-61.275043	35.569007	
65	-61.445431	36.377302	
66	-61.783618	36.973182	
67	-63.368888	44.333862	
68	-65.723232	50.581080	
69	-62.862403	40.740400	
70	-61.533209	36.080794	
71	-61.433342	36.820421	
72	-60.960379	33.342296	
73	-61.487719	42.541274	
74	-60.613120	34.876464	
75	-64.434002	47.497198	
76	-61.783416	40.099191	
77	-64.230040	47.689438	
78	-61.753900	38.710125	
79	-60.924396	35.521597	
80	-65.141261	49.650298	
81	-62.037122	39.691479	
82	-60.294867	34.518686	
83	-61.111703	35.400205	
84	-61.647212	37.363099	
85	-64.164513	46.877142	
86	-61.265555	36.917932	
87	-64.543312	48.115891	
88	-61.299419	37.270829	
89	-64.179156	47.281338	
90	-61.915270	38.562101	
91	-64.149960	45.964372	
92	-64.487565	47.439007	
93	-64.755023	48.481509	
94	-64.150517	46.769007	
95	-65.247123	48.619437	
96	-65.989596	50.757877	
97	-65.639334	50.363918	
98	-66.105322	50.515212	
99	-61.462143	35.813587	
100	-61.279026	35.490715	
101	-61.054240	34.643650	
102	-60.995411	34.640519	
103	-60.711877	34.784661	
104	-61.074037	34.001458	
105	-60.887548	34.283280	
106	-60.889723	34.470750	
107	-60.945360	34.590060	
108	-60.451590	34.448834	
109	-61.206348	34.484765	
110	-61.014400	34.281773	
111	-60.911486	34.068684	
112	-60.948845	34.193132	
113	-60.839077	33.848665	
114	-60.748115	34.027408	
115	-61.389289	34.442178	
116	-61.077649	34.199695	
117	-60.934498	34.293145	
118	-61.060744	33.921176	
119	-60.951255	33.811577	
120	-60.978865	33.918406	
121	-60.878781	33.546074	
122	-61.131440	34.528611	
123	-60.718594	32.842236	
124	-64.715726	46.010353	
125	-66.487673	51.133327	
126	-65.744439	49.629529	
127	-65.492348	48.986818	
128	-65.077311	48.098154	
129	-65.295048	47.806593	
130	-60.359797	32.086138	
131	-60.742461	32.354339	
132	-60.623982	33.527775	
133	-60.449251	33.438026	
134	-60.248151	31.806233	
135	-60.227657	31.870966	
136	-60.827291	33.793099	
137	-60.437620	33.173624	
138	-60.253971	33.063165	
139	-62.858647	41.411020	
140	-60.689655	33.019502	
141	-60.532473	33.358624	
142	-60.625982	33.580986	
143	-60.575897	33.045682	
144	-63.154759	43.562872	
145	-65.979005	51.053075	
146	-61.005618	34.701885	
147	-60.753040	34.540206	
148	-60.698117	34.255886	
149	-60.703309	34.269736	
150	-61.160320	34.604887	
151	-60.418455	32.094794	
152	-62.249028	40.028973	
153	-63.016197	44.084765	
154	-61.254482	37.531925	
155	-62.758214	43.452416	
156	-64.415317	48.483776	
157	-63.964028	47.490461	
158	-61.305865	38.741267	
159	-61.559707	41.769728	
160	-61.032820	39.866632	
161	-60.541397	37.488041	
162	-62.295432	41.871284	
163	-65.310751	50.951529	
164	-63.071691	45.210598	
165	-64.062794	46.415889	
166	-64.943099	49.085943	
167	-61.790922	40.717480	
168	-61.472377	36.729146	
169	-61.212077	36.521839	
170	-61.664389	35.990549	
171	-61.177289	34.717032	
172	-60.734741	39.272794	
173	-60.697346	41.372950	
174	-60.834297	39.387978	
175	-60.671593	39.961237	
176	-62.822563	51.008608	
177	-62.390357	50.558019	
178	-60.807347	40.059780	
179	-61.067242	40.501325	
180	-62.510605	52.322474	
181	-61.554202	40.347973	
182	-62.565293	49.504983	
183	-62.715560	43.558704	
184	-62.287445	40.200573	
185	-66.083150	52.652486	
186	-62.532708	38.279067	
187	-62.385014	42.987923	
188	-62.244757	49.489147	
189	-63.022767	52.450920	
190	-61.188559	36.202355	
191	-61.034835	34.635950	
192	-61.202221	37.600276	
193	-61.954257	48.100533	
194	-63.462280	53.206386	
195	-63.330054	50.585461	
196	-63.617410	52.150361	
197	-62.093974	43.730296	
198	-62.305408	48.815293	
199	-61.234370	42.718455	
200	-62.433325	47.959507	
201	-62.341197	47.802793	
202	-63.168743	52.879548	
203	-63.123805	52.767707	
204	-61.843915	42.921311	
205	-61.712449	41.687470	
206	-61.292030	41.769362	
207	-61.378142	40.344413	
208	-63.183465	49.908442	
209	-61.690217	43.104140	
210	-61.375950	41.699449	
211	-63.505611	50.456660	
212	-64.247932	54.921633	
213	-63.905731	53.866374	
214	-62.244704	44.239179	
215	-64.243987	52.804195	
216	-65.290459	55.863259	
217	-64.818337	54.615535	
218	-63.220885	44.292999	
219	-63.675632	50.529642	
220	-63.496803	47.482685	
221	-62.801597	41.534804	
222	-65.069848	53.253235	
223	-63.079352	46.322039	
224	-62.479796	40.968478	
225	-66.631703	53.457558	
226	-65.844784	55.960464	
227	-63.809472	47.849143	
228	-64.227533	51.174734	
229	-64.960513	54.541200	
230	-65.746822	53.074896	
231	-64.469396	47.104808	
232	-63.421705	44.075236	
233	-63.717213	43.918841	
234	-62.485165	38.834194	
235	-66.357398	52.645779	
236	-68.913448	57.959070	
237	-64.040631	44.448726	
238	-62.632624	38.571860	
239	-63.326380	44.058457	
240	-63.358342	44.370154	
241	-62.628080	42.429292	
242	-62.389456	40.400825	
243	-61.785026	38.463379	
244	-61.405345	36.736795	
245	-61.828377	40.387774	
246	-61.694925	39.656341	
247	-61.368441	38.668658	
248	-64.518399	50.718018	
249	-67.133405	56.863501	
250	-62.442452	43.037595	
251	-62.234458	42.319495	
252	-62.128135	41.642304	
253	-61.840514	39.327871	
254	-62.545048	42.044999	
255	-62.666742	42.580658	
256	-62.505074	42.773386	
257	-61.920439	39.914741	
258	-62.485944	45.367275	
259	-62.506795	46.310281	
260	-61.954382	45.535837	
261	-61.228451	44.229435	
262	-61.608370	42.365792	
263	-61.436918	42.162870	
264	-60.736576	40.675813	
265	-64.095284	51.057836	
266	-66.767181	57.693618	
267	-61.822768	44.569127	
268	-63.848251	51.581472	
269	-61.369600	49.133291	
270	-60.454617	45.928699	
271	-60.353122	47.163345	
272	-60.785553	48.918916	
273	-58.730651	43.051885	
274	-58.404624	43.335195	
275	-59.371330	45.223952	
276	-59.075083	41.461945	
277	-59.348100	41.492085	
278	-58.392170	40.831173	
279	-58.028233	40.584605	
280	-58.061506	39.988268	
281	-57.878558	43.091761	
282	-56.661326	42.707472	
283	-57.335670	43.551564	
284	-56.777371	43.663715	
285	-56.315138	42.843054	
286	-56.849562	43.135752	
287	-56.372851	40.135387	
288	-56.509441	38.713714	
289	-55.589489	37.004409	
290	-54.496836	41.196995	
291	-54.141292	38.728416	
292	-53.987852	36.681150	
293	-53.870753	37.835146	
294	-54.013597	38.381578	
295	-52.384764	36.874078	
296	-51.649255	36.516951	
297	-51.276760	37.608050	
298	-51.733034	37.643444	
299	-52.162027	38.569946	
300	-51.689413	38.027842	
301	-51.065533	37.893060	
302	-50.824693	39.236381	
303	-50.643003	39.027147	
304	-51.455043	38.419398	
305	-51.669593	39.437318	
306	-51.140631	39.558033	
307	-51.284040	39.528122	
308	-51.452616	40.424404	
309	-51.426574	40.591514	
310	-50.739214	40.090826	
311	-50.941259	39.675489	
312	-50.263906	39.823118	
313	-49.915003	39.846559	
314	-49.545366	39.848589	
315	-49.446423	39.963985	
316	-49.876107	39.932857	
317	-49.644689	39.595208	
318	-49.936314	39.511208	
319	-48.265655	39.448156	
320	-47.713637	39.216380	
321	-48.418030	39.096537	
322	-49.173770	39.544434	
323	-48.810478	39.273528	
324	-48.624939	39.007064	
325	-50.044323	39.712433	
326	-49.376684	40.205721	
327	-49.247852	40.491795	
328	-49.555231	40.543926	
329	-49.365995	40.084034	
330	-49.211572	40.431331	
331	-48.663752	39.604258	
332	-48.900912	40.360733	
333	-49.024623	40.772450	
334	-48.102281	40.967301	
335	-48.769815	41.040624	
336	-48.403142	41.152899	
337	-48.331224	41.465636	
338	-48.326880	41.648560	
339	-47.976127	41.442753	
340	-47.711225	41.799486	
341	-47.092014	41.921054	
342	-46.810246	42.173305	
343	-47.745890	42.917518	
344	-48.056523	43.526900	
345	-48.220849	43.335585	
346	-48.511580	43.317454	
347	-48.693321	43.944265	
348	-49.081780	43.812013	
349	-49.803085	44.102779	
350	-49.803287	44.306041	
351	-49.977672	44.258900	
352	-49.750050	44.243864	
353	-50.673185	44.644102	
354	-50.523628	44.752027	
355	-50.426627	44.393836	
356	-50.173051	44.425403	
357	-49.391020	44.204381	
358	-49.414532	44.871304	
359	-49.423110	44.884934	
360	-49.609884	44.987001	
361	-49.530057	45.326655	
362	-50.003504	45.466623	
363	-51.422101	46.340933	
364	-50.602788	46.171039	
365	-50.718549	46.416917	
366	-50.542271	46.343252	
367	-50.917992	46.440128	
368	-51.412847	46.897752	
369	-51.874113	47.676636	
370	-51.935043	47.922840	
371	-52.449108	48.473960	
372	-52.075556	48.121803	
373	-52.670529	48.485816	
374	-52.869311	48.776354	
375	-53.115930	48.968666	
376	-53.144804	48.969459	
377	-53.573598	49.665258	
378	-53.053755	50.625735	
379	-52.612962	49.327492	
380	-52.556705	49.189895	
381	-52.733472	49.203026	
382	-52.674861	48.885449	
383	-53.777912	49.085104	
384	-53.288288	49.240754	
385	-53.540957	48.973866	
386	-52.541141	48.426567	
387	-52.754528	48.586047	
388	-53.015326	48.158292	
389	-52.707195	48.147911	
390	-52.902133	48.581200	
391	-53.717489	48.793107	
392	-53.685397	48.253451	
393	-52.956501	48.194477	
394	-52.709224	47.685457	
395	-52.014252	47.265156	
396	-51.582154	47.092415	
397	-51.676318	46.945433	
398	-51.435747	46.806529	
399	-50.870541	46.039304	
400	-50.809794	46.432709	
401	-51.595508	46.626025	
402	-50.718958	46.454685	
403	-50.958303	46.721122	
404	-50.449275	45.380828	
405	-49.745621	48.868097	
406	-50.023619	46.899141	
407	-50.271125	45.546011	
408	-50.736064	46.311075	
409	-49.883596	45.476582	
410	-49.366358	44.594543	
411	-49.668047	45.117595	
412	-49.714105	44.947793	
413	-49.277576	44.359831	
414	-49.941600	44.651531	
415	-49.860907	44.516246	
416	-50.172152	44.746626	
417	-50.283854	44.979882	
418	-50.024752	44.507337	
419	-50.293622	44.528661	
420	-50.641561	44.335759	
421	-51.283514	44.241830	
422	-50.675048	47.156774	
423	-50.613652	47.446674	
424	-49.862630	43.605098	
425	-49.648182	45.848812	
426	-49.945565	46.391881	
427	-50.848646	47.016651	
428	-50.762435	44.420040	
429	-51.019112	43.589024	
430	-50.930263	44.010475	
431	-51.649054	44.242918	
432	-51.208394	44.100365	
433	-51.319919	43.771203	
434	-52.274221	44.265807	
435	-51.859450	43.688028	
436	-52.507591	44.123825	
437	-51.563435	43.147998	
438	-51.440617	42.675303	
439	-51.838819	42.784179	
440	-52.291706	42.469893	
441	-50.636405	41.622134	
442	-49.988171	41.317253	
443	-49.779449	42.169395	
444	-49.783700	41.453621	
445	-50.587858	41.288693	
446	-49.791248	40.492076	
447	-49.753049	40.383407	
448	-50.016959	40.467077	
449	-50.339213	40.028301	
450	-50.155106	39.737622	
451	-49.747448	39.629600	
452	-49.682709	38.881784	
453	-49.454165	38.513246	
454	-49.287504	37.775926	
455	-49.737024	38.828500	
456	-49.858324	39.282082	
457	-49.458845	38.808060	
458	-49.421330	39.121756	
459	-49.058791	38.528303	
460	-50.222074	38.774348	
461	-49.048188	38.000415	
462	-48.644379	37.749114	
463	-49.570109	36.742102	
464	-49.032567	38.385354	
465	-49.185066	39.473885	
466	-49.233139	39.539691	
467	-49.618323	38.576708	
468	-49.141918	39.035534	
469	-49.577627	38.358025	
470	-49.881908	38.336867	
471	-49.146435	36.927566	
472	-48.926377	37.839402	
473	-48.914221	38.235041	
474	-48.846161	37.792186	
475	-49.222176	38.144384	
476	-49.403361	38.455940	
477	-48.789155	37.631302	
478	-49.048317	37.429271	
479	-49.460082	37.156761	
480	-48.858810	36.038796	
481	-49.445612	36.179492	
482	-48.937529	35.050601	
483	-49.485773	36.161902	
484	-49.999676	36.550646	
485	-49.766259	36.043700	
486	-50.694887	38.142748	
487	-51.050294	37.912847	
488	-51.765333	41.059761	
489	-51.605987	39.062866	
490	-52.250824	38.138402	
491	-52.323173	39.098435	
492	-52.332630	38.775773	
493	-52.729173	38.929911	
494	-52.298454	37.566085	
495	-52.803795	37.131650	
496	-52.499425	36.970379	
497	-52.493319	37.661494	
498	-52.408035	37.827002	
499	-51.984877	37.636612	
500	-52.429425	37.389930	
501	-52.518769	37.723902	
502	-52.211488	37.131618	
503	-52.400998	37.484480	
504	-52.865224	38.054988	
505	-52.934115	37.961663	
506	-52.952365	37.763059	
507	-53.298637	37.894749	
508	-53.604175	37.977448	
509	-53.518690	38.150555	
510	-53.308894	37.433879	
511	-52.808452	36.519667	
512	-53.492794	36.675504	
513	-54.302818	37.437724	
514	-55.830064	38.034097	
515	-55.702669	37.814235	
516	-55.646492	37.529797	
517	-56.265119	37.039649	
518	-56.083249	37.424229	
519	-56.449613	38.065606	
520	-56.363436	36.824603	
521	-56.243766	37.354095	
522	-56.650246	37.411590	
523	-57.139898	37.512635	
524	-57.297671	36.589629	
525	-59.675713	45.092159	
526	-57.663895	37.864979	
527	-60.239453	45.702235	
528	-58.481589	39.782921	
529	-57.790908	35.905819	
530	-58.831477	38.094797	
531	-58.285611	38.290849	
532	-58.843360	37.627956	
533	-58.483481	36.740017	
534	-58.918669	36.295336	
535	-60.005134	37.037186	
536	-60.070779	37.990489	
537	-60.267738	37.791875	
538	-60.999501	37.957178	
539	-60.588686	37.163594	
540	-60.602276	36.947232	
541	-60.919973	36.014281	
542	-61.466369	37.777051	
543	-61.286026	37.146275	
544	-61.447812	37.839787	
545	-61.951116	38.162096	
546	-61.765283	37.749678	
547	-61.786519	37.810736	
548	-61.778393	37.682761	
549	-62.150833	37.918871	
550	-62.575552	37.013683	
551	-62.962018	36.937375	
552	-63.341538	37.782310	
553	-63.431073	37.463710	
554	-64.058664	38.180892	
555	-63.827386	38.276304	
556	-63.509967	37.875053	
557	-62.825719	35.389383	
558	-62.893941	36.417363	
559	-63.323250	36.066295	
560	-63.417319	35.734717	
561	-63.333397	37.103409	
562	-63.370512	37.590583	
563	-63.741053	37.747986	
564	-63.548420	36.443938	
565	-66.851638	47.912319	
566	-67.647616	50.463568	
567	-63.430056	37.080273	
568	-66.664784	47.216491	
569	-68.777625	52.601415	
570	-68.744441	52.046462	
571	-64.335812	39.248704	
572	-64.985656	40.096879	
573	-64.552643	39.264458	
574	-66.906036	47.974081	
575	-69.047498	53.263230	
576	-65.914728	41.762629	
577	-64.765086	37.392348	
578	-65.147453	37.864183	
579	-67.947844	48.233134	
580	-69.462722	50.835350	
581	-69.012884	50.002257	
582	-71.097501	55.508522	
583	-67.127711	43.380648	
584	-66.429970	40.827684	
585	-66.601836	41.964453	
586	-66.715869	41.121320	
587	-66.237369	44.413032	
588	-68.118328	49.394539	
589	-69.123095	54.545704	
590	-67.739270	51.789194	
591	-66.979150	53.065114	
592	-66.923736	53.523132	
593	-65.268188	37.342878	
594	-67.514376	50.986697	
595	-69.000761	51.261705	
596	-68.601435	53.108140	
597	-66.673937	44.456878	
598	-66.144589	43.279168	
599	-68.464673	49.943901	
600	-66.898019	50.881170	
601	-66.312386	43.086342	
602	-66.553306	47.905321	
603	-66.617492	50.820165	
604	-66.572253	50.082813	
605	-67.116033	51.758582	
606	-66.014483	44.580766	
607	-67.492385	53.489168	
608	-67.386929	53.190069	
609	-67.200569	53.220825	
610	-67.798440	53.384884	
611	-69.487506	53.674468	
612	-68.123334	53.565289	
613	-67.069724	49.772323	
614	-67.269282	51.666789	
615	-66.325455	40.945522	
616	-65.948427	38.487365	
617	-65.680988	37.077781	
618	-66.729844	49.020626	
619	-66.357514	38.869243	
620	-66.547287	41.494006	
621	-66.708162	40.877111	
622	-66.867396	40.734980	
623	-67.179568	41.785974	
624	-67.254162	42.224648	
625	-66.898677	41.416091	
626	-67.096809	41.435592	
627	-66.771557	41.111841	
628	-66.814960	40.401792	
629	-64.978227	33.626595	
630	-66.078169	39.372922	
631	-66.314361	41.747931	
632	-65.866052	39.741386	
633	-68.340759	50.563168	
634	-66.261162	40.001540	
635	-68.006886	49.135637	
636	-68.111259	50.542564	
637	-68.286824	49.863401	
638	-68.881152	51.841233	
639	-66.876589	41.688709	
640	-66.644987	35.585507	
641	-66.539060	39.297208	
642	-66.282864	37.125964	
643	-66.353396	39.798227	
644	-66.127099	40.825563	
645	-66.315038	40.555246	
646	-66.504710	37.403199	
647	-66.425645	39.583291	
648	-69.078513	48.688952	
649	-67.171261	43.345957	
650	-66.646807	39.383990	
651	-68.540188	49.015160	
652	-69.188147	52.250826	
653	-68.649179	50.687997	
654	-66.685125	40.914152	
655	-66.166263	35.330317	
656	-67.630260	43.490350	
657	-70.164789	51.284421	
658	-66.105524	35.817708	
659	-67.870002	44.839727	
660	-66.188563	38.714704	
661	-64.804370	31.198743	
662	-68.512268	47.206757	
663	-66.218644	39.268641	
664	-64.879389	30.137524	
665	-65.989632	36.286071	
666	-65.833677	35.503922	
667	-65.589035	32.689976	
668	-65.485711	31.167667	
669	-68.500071	45.273954	
670	-66.849022	37.756569	
671	-65.645963	31.325103	
672	-67.184002	41.603297	
673	-65.686176	35.132994	
674	-65.122789	34.748677	
675	-65.430471	32.576632	
676	-65.980794	33.101986	
677	-66.090708	33.611550	
678	-65.562649	33.080301	
679	-66.174708	33.645920	
680	-65.870487	33.413193	
681	-65.804243	33.357960	
682	-66.268216	33.878987	
683	-66.025033	33.137764	
684	-65.773556	33.684707	
685	-66.027520	33.261317	
686	-66.158838	37.513044	
687	-65.915516	34.236457	
688	-65.854466	33.736814	
689	-65.478363	32.972641	
690	-66.184534	37.089820	
691	-65.885296	35.137693	
692	-65.930973	37.713330	
693	-65.870273	35.637656	
694	-65.665040	37.128821	
695	-65.877880	38.440396	
696	-65.563817	35.019268	
697	-65.946651	37.991557	
698	-65.546147	34.868968	
699	-65.565730	36.306121	
700	-65.788958	38.202342	
701	-65.914031	38.524950	
702	-65.734007	35.643666	
703	-65.339642	34.474277	
704	-65.470242	34.733212	
705	-65.511363	35.058919	
706	-65.585715	35.198724	
707	-65.906695	34.839762	
708	-65.365211	33.671381	
709	-65.911253	34.440989	
710	-65.236475	32.932738	
711	-65.408351	33.371216	
712	-65.801066	34.684346	
713	-65.593809	34.213505	
714	-65.421727	34.271411	
715	-65.857027	34.725996	
716	-61.646535	28.654230	
717	-64.019485	32.273525	
718	-65.686817	34.035104	
719	-64.976773	31.098992	
720	-65.634673	38.770983	
721	-65.071703	34.615575	
722	-65.212004	35.376973	
723	-65.586763	37.927474	
724	-64.814624	36.649073	
725	-64.669632	38.671880	
726	-64.509574	36.832365	
727	-64.159100	37.441797	
728	-64.853533	40.122355	
729	-64.595578	36.685383	
730	-66.115849	45.072441	
731	-66.400610	51.583574	
732	-65.362045	39.940775	
733	-64.969245	38.018371	
734	-64.789863	40.007541	
735	-64.918914	38.547328	
736	-64.460498	39.793858	
737	-64.303885	39.019039	
738	-63.916429	34.161190	
739	-63.981580	35.961977	
740	-63.816655	36.469991	
741	-63.729333	37.588979	
742	-63.196640	37.720773	
743	-63.523758	38.836379	
744	-63.548025	35.896762	
745	-64.102860	39.252668	
746	-64.137367	40.857445	
747	-63.786985	39.338154	
748	-63.380584	38.973745	
749	-63.118010	39.883986	
750	-63.382742	39.099493	
751	-64.149746	47.761850	
752	-62.977095	37.825191	
753	-62.830637	38.764844	
754	-62.344290	38.798269	
755	-62.294207	39.398067	
756	-62.065157	36.676076	
757	-61.329481	35.196782	
758	-61.319935	38.801140	
759	-61.088174	39.785028	
760	-60.533669	34.776208	
761	-60.327405	37.067419	
762	-60.112420	35.196699	
763	-59.242999	32.273681	
764	-58.680921	32.840965	
765	-58.353479	33.077294	
766	-58.392269	37.194746	
767	-57.554074	33.983517	
768	-57.449904	33.013924	
769	-57.105236	33.149250	
770	-56.650739	36.901722	
771	-56.419221	33.583664	
772	-56.486737	36.732677	
773	-56.068805	34.137308	
774	-56.124851	33.325456	
775	-55.183919	34.498391	
776	-54.318621	33.995011	
777	-55.154881	34.933791	
778	-54.080339	34.590541	
779	-53.606591	33.562673	
780	-53.071329	31.844534	
781	-52.897500	33.314403	
782	-52.805653	34.151654	
783	-52.484438	34.342718	
784	-52.705481	34.682673	
785	-51.922178	34.350304	
786	-51.763203	34.602404	
787	-51.833308	34.654201	
788	-50.960236	34.059670	
789	-50.639936	34.617887	
790	-50.526084	35.221558	
791	-50.559069	35.586335	
792	-50.227712	34.463261	
793	-51.213804	39.580987	
794	-50.165459	36.568820	
795	-49.083075	35.661276	
796	-49.468449	36.471430	
797	-49.941050	40.136672	
798	-48.990865	33.808285	
799	-48.829970	33.941268	
800	-48.561070	34.487076	
801	-47.856343	34.534507	
802	-47.914707	34.310115	
803	-47.198052	34.009784	
804	-47.749751	34.523982	
805	-47.368070	34.099709	
806	-46.771009	34.430190	
807	-47.549787	34.785892	
808	-47.974496	34.789095	
809	-46.935125	34.531270	
810	-46.714708	34.657609	
811	-45.918509	34.479569	
812	-45.356519	34.833544	
813	-45.868527	34.957532	
814	-45.939610	35.306664	
815	-45.436898	35.523131	
816	-46.041587	35.969542	
817	-46.208589	36.022196	
818	-45.533303	35.075445	
819	-45.659670	35.653318	
820	-45.663586	36.543013	
821	-46.094616	37.066824	
822	-48.523654	46.385439	
823	-46.558979	41.179039	
824	-46.236909	38.299462	
825	-46.861661	39.023685	
826	-44.992053	38.337056	
827	-44.718215	38.298136	
828	-43.691769	37.922218	
829	-43.088885	37.746880	
830	-43.649175	38.118196	
831	-43.729402	37.207770	
832	-43.236468	37.642745	
833	-42.965094	37.936182	
834	-44.034435	38.032558	
835	-43.162738	37.410535	
836	-43.656745	38.271858	
837	-43.987617	38.174971	
838	-43.793714	37.843398	
839	-42.935793	37.877991	
840	-43.371902	38.575134	
841	-43.380029	38.535114	
842	-43.223909	38.728012	
843	-43.579383	38.886295	
844	-45.002304	39.608664	
845	-43.249864	39.234937	
846	-42.638983	39.036250	
847	-43.643788	39.729120	
848	-43.813726	39.931028	
849	-44.051631	40.069444	
850	-43.645238	40.924354	
851	-44.377625	40.873034	
852	-44.126505	40.247108	
853	-43.747611	40.256927	
854	-43.633887	39.885003	
855	-43.470936	40.300700	
856	-43.454988	40.587655	
857	-43.829377	40.719787	
858	-43.725164	40.615456	
859	-43.823698	40.677971	
860	-44.133548	40.602047	
861	-43.956904	40.509892	
862	-44.273039	40.756635	
863	-44.300971	40.382118	
864	-44.541320	41.084904	
865	-44.246011	41.554589	
866	-44.029750	41.869440	
867	-44.726827	41.900584	
868	-44.591427	41.957891	
869	-44.690298	42.108011	
870	-44.493846	41.654394	
871	-44.803284	41.431083	
872	-45.000642	41.349445	
873	-45.173387	42.289025	
874	-45.637047	42.057229	
875	-45.374033	42.218852	
876	-45.516546	42.716180	
877	-45.300383	42.867029	
878	-45.351848	42.536433	
879	-45.719910	42.948943	
880	-45.579983	42.795368	
881	-45.563697	42.645649	
882	-45.190497	42.850370	
883	-45.416140	43.107472	
884	-45.771165	43.552737	
885	-45.003184	43.736252	
886	-45.246391	43.746730	
887	-45.460007	44.085702	
888	-44.927149	44.499375	
889	-45.527566	45.011374	
890	-45.280739	45.364705	
891	-46.564496	46.003487	
892	-46.050636	46.083802	
893	-46.284793	46.412592	
894	-47.064452	47.049328	
895	-47.146975	46.861675	
896	-47.360586	47.508785	
897	-47.142382	47.684243	
898	-47.515068	47.538409	
899	-46.665439	47.201720	
900	-46.128664	47.101441	
901	-46.093562	46.895026	
902	-46.523806	46.939007	
903	-46.809559	47.336191	
904	-46.422486	47.096265	
905	-46.351061	46.983663	
906	-47.014025	47.334248	
907	-46.608669	47.212056	
908	-46.295762	47.349372	
909	-46.982042	47.398790	
910	-47.231987	47.702473	
911	-47.152609	47.702726	
912	-47.117087	47.088107	
913	-47.548131	47.200686	
914	-47.313364	47.087126	
915	-47.684867	47.118861	
916	-47.112781	46.516817	
917	-46.745259	46.329417	
918	-46.515182	46.106865	
919	-47.197315	46.269990	
920	-47.087100	46.432807	
921	-46.460770	46.242921	
922	-47.130477	46.330699	
923	-46.598152	46.148321	
924	-46.252587	45.816608	
925	-47.206524	46.246090	
926	-46.796935	46.105874	
927	-46.583792	45.997934	
928	-46.242308	45.793316	
929	-46.811500	45.967912	
930	-46.587918	45.738550	
931	-46.273563	45.392740	
932	-45.834927	45.025720	
933	-46.164564	45.006228	
934	-46.130281	45.102559	
935	-46.124084	45.033486	
936	-45.983170	45.226903	
937	-46.239864	45.223080	
938	-46.465965	45.113795	
939	-46.565973	45.109852	
940	-46.932373	45.402711	
941	-46.975441	45.399857	
942	-46.258126	44.926452	
943	-46.655309	44.971653	
944	-46.338585	44.458453	
945	-46.415162	44.218797	
946	-46.225307	44.336566	
947	-46.401074	44.093769	
948	-45.474758	44.343066	
949	-45.368445	43.608842	
950	-45.770004	43.558103	
951	-45.550821	43.651762	
952	-44.847720	43.391972	
953	-45.516581	42.703302	
954	-45.369842	42.359812	
955	-44.988252	41.838828	
956	-45.139024	41.354250	
957	-44.502652	41.552788	
958	-45.512273	41.659898	
959	-45.943616	41.693475	
960	-45.975793	41.834561	
961	-45.713364	41.678640	
962	-45.819042	41.380457	
963	-46.179972	41.362027	
964	-45.595804	40.957976	
965	-45.735704	40.443858	
966	-45.218531	40.237177	
967	-45.386344	39.817500	
968	-45.836434	39.864348	
969	-45.634306	39.418760	
970	-46.409142	39.683247	
971	-45.905291	39.558658	
972	-46.272199	39.663555	
973	-45.809788	39.359496	
974	-46.330937	39.901929	
975	-46.072689	39.532037	
976	-46.649262	39.564029	
977	-46.472835	39.253937	
978	-46.089413	38.966555	
979	-46.474985	39.304954	
980	-46.406503	38.930922	
981	-46.002050	38.265281	
982	-46.339148	38.410831	
983	-46.654523	38.202692	
984	-46.083558	38.045736	
985	-46.001933	37.750705	
986	-45.968755	37.576698	
987	-46.373496	37.820288	
988	-46.828219	37.960041	
989	-46.523113	37.914552	
990	-45.810807	37.918865	
991	-46.517290	37.855803	
992	-46.380924	37.393708	
993	-46.500782	37.446538	
994	-46.651645	37.587514	
995	-47.334564	37.991483	
996	-47.053316	38.103172	
997	-47.194398	37.522383	
998	-48.088236	37.331505	
999	-47.564639	37.064189	
1000	-47.531037	36.647589	
1001	-48.466266	37.330019	
1002	-47.991911	37.296562	
1003	-47.714212	36.730829	
1004	-47.369441	36.657424	
1005	-47.751270	36.380579	
1006	-47.903617	36.034615	
1007	-47.530202	35.856447	
1008	-47.677378	35.901801	
1009	-47.826070	35.679755	
1010	-48.126334	35.302478	
1011	-48.072364	35.188566	
1012	-47.967124	35.655097	
1013	-48.034676	34.785984	
1014	-48.136400	34.578987	
1015	-48.181738	34.848513	
1016	-49.264743	35.545012	
1017	-49.719102	35.769236	
1018	-49.288404	35.971301	
1019	-49.580065	35.909700	
1020	-49.330988	35.878922	
1021	-49.753353	36.643972	
1022	-50.055492	35.895381	
1023	-51.874951	42.905836	
1024	-53.484874	47.622678	
1025	-50.429203	38.778009	
1026	-50.268035	36.641823	
1027	-50.513333	36.742226	
1028	-50.872376	37.069626	
1029	-49.987944	36.471875	
1030	-51.679518	37.455197	
1031	-52.027771	37.486326	
1032	-51.963189	36.566727	
1033	-52.863224	37.490320	
1034	-52.979121	37.449804	
1035	-53.119157	37.446245	
1036	-54.072320	37.827648	
1037	-53.855513	36.622760	
1038	-54.426858	37.442471	
1039	-53.919970	35.806593	
1040	-54.350815	36.027508	
1041	-54.596459	36.900095	
1042	-55.554493	36.281514	
1043	-55.849740	37.630652	
1044	-56.132599	37.398426	
1045	-56.773805	37.588552	
1046	-57.545833	38.849059	
1047	-57.111736	37.036931	
1048	-60.821359	47.954151	
1049	-58.569019	41.674577	
1050	-57.531718	37.159023	
1051	-58.368664	39.755761	
1052	-59.472781	39.517768	
1053	-59.833064	39.912615	
1054	-60.018325	39.611163	
1055	-60.408053	38.634030	
1056	-61.077123	39.149275	
1057	-60.796742	39.400417	
1058	-61.496093	38.893219	
1059	-62.102406	39.824091	
1060	-61.459145	39.603107	
1061	-60.995334	38.461059	
1062	-61.233672	39.305067	
1063	-60.930565	37.091835	
1064	-61.462211	38.150396	
1065	-62.184332	37.496732	
1066	-61.742119	36.610262	
1067	-61.778337	37.765310	
1068	-61.536026	37.821562	
1069	-62.590111	38.810862	
1070	-62.527000	39.644009	
1071	-62.969105	40.611050	
1072	-62.635884	39.516701	
1073	-62.707839	39.938639	
1074	-62.185521	39.026151	
1075	-62.215763	38.270520	
1076	-62.538695	37.578010	
1077	-62.430133	38.805807	
1078	-62.961441	39.605849	
1079	-63.112382	39.296367	
1080	-63.243187	37.713650	
1081	-62.694634	34.991293	
1082	-63.033304	37.033541	
1083	-63.271226	37.304364	
1084	-62.718784	34.224322	
1085	-62.733267	34.841086	
1086	-63.217050	35.458836	
1087	-62.873373	34.946434	
1088	-63.226262	35.050111	
1089	-63.413487	35.072303	
1090	-63.346079	34.662383	
1091	-63.430069	34.251348	
1092	-63.275296	35.531363	
1093	-64.209016	34.781346	
1094	-64.089839	35.396929	
1095	-63.555952	35.832975	
1096	-64.196169	36.023368	
1097	-65.043082	37.865413	
1098	-65.186111	37.161495	
1099	-65.398720	36.633015	
1100	-65.625237	35.467258	
1101	-65.543695	35.584550	
1102	-65.443260	36.298720	
1103	-65.838496	35.878021	
1104	-65.902362	35.473739	
1105	-65.925924	36.606750	
1106	-65.649294	37.517564	
1107	-66.038517	37.094974	
1108	-65.908758	36.189881	
1109	-65.638499	36.314078	
1110	-65.806079	36.464159	
1111	-66.176785	37.100965	
1112	-66.346451	37.145908	
1113	-66.362176	36.924100	
1114	-66.223716	37.203769	
1115	-66.425297	37.402098	
1116	-67.022533	36.583019	
1117	-67.250751	36.915807	
1118	-67.299189	36.342634	
1119	-67.544258	43.074184	
1120	-67.248572	39.995347	
1121	-68.273524	37.622815	
1122	-68.031016	37.893013	
1123	-67.287769	36.735492	
1124	-67.337659	36.454976	
1125	-67.098170	35.962299	
1126	-67.200994	35.853579	
1127	-67.840246	36.740086	
1128	-67.944134	34.525604	
1129	-67.758601	35.094316	
1130	-67.877343	36.058043	
1131	-67.976584	36.417804	
1132	-68.609778	37.222180	
1133	-68.453022	37.599622	
1134	-68.297806	37.152799	
1135	-68.226603	37.511294	
1136	-67.523143	36.678772	
1137	-68.003676	37.609334	
1138	-67.685635	37.332895	
1139	-67.716174	37.146445	
1140	-68.206259	36.431613	
1141	-68.261577	37.141626	
1142	-68.072428	36.056308	
1143	-68.075661	35.766551	
1144	-68.348372	36.964428	
1145	-68.474288	36.647256	
1146	-68.665626	37.088496	
1147	-68.209585	36.646566	
1148	-68.228144	36.413219	
1149	-68.287628	36.632575	
1150	-68.345345	37.775493	
1151	-68.504624	37.867200	
1152	-68.360511	38.027375	
1153	-68.303952	37.185329	
1154	-68.371977	37.055389	
1155	-68.025880	37.640883	
1156	-68.212613	37.492450	
1157	-68.451053	36.650041	
1158	-68.521317	36.516031	
1159	-68.128223	36.994563	
1160	-68.417416	37.043055	
1161	-68.232623	37.345613	
1162	-68.158642	37.369187	
1163	-68.057292	37.178519	
1164	-68.042211	37.319398	
1165	-68.470572	37.545541	
1166	-68.678726	37.623966	
1167	-68.483676	37.907428	
1168	-68.665320	37.763276	
1169	-68.788436	37.880551	
1170	-68.534805	36.791249	
1171	-70.653530	46.122216	
1172	-72.383366	50.906523	
1173	-74.129384	56.201856	
1174	-69.433908	41.172563	
1175	-68.846033	36.882597	
1176	-68.932184	38.150937	
1177	-68.282939	35.495641	
1178	-72.416400	51.054037	
1179	-69.511454	38.114529	
1180	-71.835219	48.388531	
1181	-69.885082	40.490070	
1182	-68.689043	34.771107	
1183	-69.024106	36.453504	
1184	-69.022734	34.726037	
1185	-68.280552	35.413452	
1186	-68.688249	36.187401	
1187	-68.893745	34.834178	
1188	-71.086328	46.333956	
1189	-69.145630	39.520480	
1190	-68.495440	35.145965	
1191	-68.751958	35.693659	
1192	-68.476557	35.665636	
1193	-68.406524	35.873174	
1194	-68.803512	35.722170	
1195	-68.346275	34.935912	
1196	-68.093814	34.538870	
1197	-68.165852	35.429465	
1198	-67.962801	34.752025	
1199	-68.301068	35.560994	
1200	-68.452547	35.329785	
1201	-67.838089	35.958296	
1202	-67.332297	33.892688	
1203	-71.618036	48.733121	
1204	-69.095711	40.024547	
1205	-68.167887	35.217303	
1206	-68.273294	36.006521	
1207	-67.694854	35.900651	
1208	-67.551433	35.423992	
1209	-68.137620	35.381214	
1210	-67.828500	35.901571	
1211	-67.771472	35.359315	
1212	-68.105080	35.613287	
1213	-68.052176	34.979130	
1214	-68.382620	35.519234	
1215	-67.797784	34.942164	
1216	-67.949113	35.304537	
1217	-68.082715	35.433852	
1218	-68.258638	35.391719	
1219	-68.487436	35.548572	
1220	-68.355090	35.708762	
1221	-68.378727	35.401713	
1222	-68.292855	35.580908	
1223	-68.218565	35.744613	
1224	-68.261066	34.665379	
1225	-68.381566	34.969093	
1226	-68.198221	35.649699	
1227	-68.527450	35.774272	
1228	-68.158726	35.339960	
1229	-68.193048	35.515528	
1230	-68.310489	35.533751	
1231	-68.737847	35.484745	
1232	-68.247900	34.070501	
1233	-68.270895	34.322979	
1234	-68.350569	35.392195	
1235	-68.305787	35.104353	
1236	-68.265526	34.278214	
1237	-67.999246	35.196451	
1238	-68.292614	34.680029	
1239	-68.037981	34.039525	
1240	-68.127976	34.687294	
1241	-67.933888	34.612900	
1242	-68.079862	34.849663	
1243	-67.659291	33.357025	
1244	-69.146297	40.809302	
1245	-68.509731	37.517015	
1246	-67.758685	34.453308	
1247	-67.677713	34.999899	
1248	-67.455751	34.561010	
1249	-67.498579	34.762493	
1250	-67.264195	34.077627	
1251	-67.198388	34.846552	
1252	-67.251516	34.350465	
1253	-67.150565	33.913531	
1254	-67.468495	34.519739	
1255	-66.967185	34.792679	
1256	-66.872771	34.225802	
1257	-66.423101	34.696986	
1258	-66.795133	34.583584	
1259	-66.146650	34.930675	
1260	-66.148888	35.341761	
1261	-66.194542	35.017015	
1262	-66.166203	34.735667	
1263	-66.035363	35.180093	
1264	-65.900937	35.122670	
1265	-66.249766	34.740826	
1266	-66.541386	34.784074	
1267	-65.978634	35.138090	
1268	-66.163506	34.121363	
1269	-65.830839	34.947767	
1270	-66.183523	34.684468	
1271	-65.930342	34.143581	
1272	-65.874035	34.689784	
1273	-66.172308	34.495165	
1274	-65.933362	35.853598	
1275	-65.862670	34.819417	
1276	-65.886781	34.630285	
1277	-66.028253	34.595865	
1278	-65.703798	35.080165	
1279	-66.120297	35.020471	
1280	-66.169934	34.969605	
1281	-65.819933	35.124809	
1282	-66.050007	35.893591	
1283	-66.537793	36.832830	
1284	-66.272384	36.301719	
1285	-66.001989	35.436498	
1286	-66.294786	36.169725	
1287	-66.642925	35.856538	
1288	-66.479387	36.026797	
1289	-66.759195	35.634326	
1290	-66.653436	35.428924	
1291	-66.588170	35.534218	
1292	-66.328851	35.242783	
1293	-66.170091	34.496543	
1294	-66.299559	34.826946	
1295	-66.193790	34.323722	
1296	-66.072064	34.257190	
1297	-66.099455	34.999531	
1298	-66.096713	35.337950	
1299	-65.878441	36.284171	
1300	-65.504358	36.033330	
1301	-65.635550	37.259693	
1302	-65.070482	36.634746	
1303	-65.336246	35.648462	
1304	-65.030692	36.676032	
1305	-65.054291	36.361429	
1306	-64.872405	35.828459	
1307	-65.238558	37.163886	
1308	-65.300738	37.642175	
1309	-64.930265	36.600137	
1310	-64.558020	36.307188	
1311	-64.059559	36.228470	
1312	-63.826890	34.636983	
1313	-62.879378	34.917946	
1314	-62.476060	34.476129	
1315	-62.407177	34.661491	
1316	-63.054753	35.937735	
1317	-63.434335	36.665725	
1318	-63.158385	36.118954	
1319	-63.277064	35.149113	
1320	-63.475459	35.351586	
1321	-63.083716	35.582172	
1322	-62.602230	35.178880	
1323	-61.831117	35.199252	
1324	-62.207871	35.280127	
1325	-62.178647	35.042210	
1326	-61.854818	35.088034	
1327	-61.186101	34.840452	
1328	-60.865530	34.256535	
1329	-60.607763	34.265892	
1330	-60.425458	34.479837	
1331	-59.800595	34.665129	
1332	-59.149804	34.907498	
1333	-58.971694	34.868515	
1334	-58.745863	35.178690	
1335	-57.661475	35.061119	
1336	-57.395526	34.503978	
1337	-57.291155	34.772230	
1338	-56.840304	34.544987	
1339	-56.451220	34.662448	
1340	-55.663704	35.080065	
1341	-55.446334	35.143649	
1342	-54.940235	35.052543	
1343	-53.864886	35.258954	
1344	-53.058119	35.066558	
1345	-52.700501	35.715502	
1346	-52.655491	35.206766	
1347	-52.031202	34.253890	
1348	-51.441361	33.983643	
1349	-51.130409	33.376229	
1350	-50.943088	34.138120	
1351	-51.185533	34.527765	
1352	-50.982755	34.367908	
1353	-50.347702	34.618280	
1354	-49.957432	33.901639	
1355	-49.905900	33.419461	
1356	-49.953070	33.238431	
1357	-49.540164	32.476126	
1358	-49.628205	33.153516	
1359	-49.401019	33.691835	
1360	-48.738365	33.697159	
1361	-48.355607	32.891499	
1362	-47.563773	33.315615	
1363	-47.296468	32.714453	
1364	-47.108076	33.233496	
1365	-47.222060	34.203730	
1366	-47.492277	33.857256	
1367	-46.996433	34.452625	
1368	-46.088317	34.182118	
1369	-45.409504	33.482489	
1370	-45.815887	33.648099	
1371	-45.323723	35.083228	
1372	-44.957488	35.276222	
1373	-45.159317	36.031218	
1374	-45.445772	35.432284	
1375	-45.060621	36.558202	
1376	-44.819940	35.956695	
1377	-45.389018	36.014139	
1378	-44.940023	36.445977	
1379	-45.481172	36.378470	
1380	-44.915194	36.570989	
1381	-45.322445	36.337368	
1382	-44.740497	37.112342	
1383	-44.823511	36.834899	
1384	-45.213556	36.330319	
1385	-44.822300	36.373692	
1386	-44.647619	36.530463	
1387	-44.333004	36.615488	
1388	-44.075409	35.329207	
1389	-43.064193	36.711542	
1390	-43.319683	36.755618	
1391	-43.397798	36.241523	
1392	-43.155572	36.123278	
1393	-42.666830	35.805896	
1394	-42.556339	35.888765	
1395	-42.920791	35.842732	
1396	-42.688080	36.134312	
1397	-42.902466	36.116556	
1398	-42.977225	35.733252	
1399	-42.786366	35.516758	
1400	-43.390841	35.763311	
1401	-42.938780	36.146368	
1402	-42.699984	35.984595	
1403	-42.063734	35.873572	
1404	-42.423332	36.293111	
1405	-42.601203	36.669217	
1406	-42.540338	36.669319	
1407	-42.597848	36.645962	
1408	-42.448707	36.903272	
1409	-42.115967	37.046603	
1410	-42.424529	36.729591	
1411	-42.613322	36.548880	
1412	-42.285578	36.925653	
1413	-42.574421	37.442284	
1414	-42.616384	37.967644	
1415	-43.090850	37.872501	
1416	-42.892547	37.110108	
1417	-42.355214	37.456726	
1418	-42.507563	37.486825	
1419	-42.462156	37.425842	
1420	-42.348840	37.453188	
1421	-42.266094	37.379119	
1422	-42.590525	37.608325	
1423	-42.761298	37.652297	
1424	-42.665883	37.684280	
1425	-42.766466	37.865018	
1426	-42.818873	38.041905	
1427	-42.981677	38.160234	
1428	-42.984342	37.806469	
1429	-43.121432	38.845984	
1430	-42.896079	40.044550	
1431	-43.029206	40.442029	
1432	-43.070464	40.713227	
1433	-44.589770	39.865601	
1434	-44.739473	40.414302	
1435	-44.039228	39.918447	
1436	-43.828499	39.598509	
1437	-44.139686	39.851401	
1438	-43.713431	39.927354	
1439	-43.683805	39.628119	
1440	-43.774546	39.644518	
1441	-43.854654	39.597763	
1442	-44.707262	40.004551	
1443	-45.190806	40.135061	
1444	-44.711568	39.979471	
1445	-45.126349	40.583499	
1446	-45.355785	41.135108	
1447	-44.786678	40.815760	
1448	-44.641646	41.250691	
1449	-45.067575	41.458887	
1450	-45.325542	41.428984	
1451	-45.422866	41.690547	
1452	-45.669364	42.350964	
1453	-45.800992	42.596580	
1454	-45.935074	42.443902	
1455	-46.173407	42.574719	
1456	-46.145902	42.850284	
1457	-46.427090	43.212411	
1458	-46.315694	43.344457	
1459	-46.630035	43.273542	
1460	-46.704507	43.747788	
1461	-48.014399	44.408396	
1462	-47.933385	44.655249	
1463	-47.443931	44.483391	
1464	-48.579355	44.703814	
1465	-48.083405	44.713987	
1466	-48.273059	44.332477	
1467	-48.395306	44.277974	
1468	-47.892386	43.992706	
1469	-48.284703	43.935822	
1470	-48.068729	43.911393	
1471	-47.917765	44.023584	
1472	-47.694508	43.697437	
1473	-47.576732	43.534605	
1474	-47.550151	43.542996	
1475	-47.533808	43.656696	
1476	-47.059627	43.501203	
1477	-46.739446	43.232664	
1478	-47.017819	43.121224	
1479	-46.659528	42.840381	
1480	-46.658058	42.604825	
1481	-46.515122	42.518871	
1482	-46.898144	43.081876	
1483	-46.883187	42.532619	
1484	-46.608707	42.060786	
1485	-47.015960	42.190688	
1486	-46.535008	41.882717	
1487	-46.276010	41.826295	
1488	-46.320747	41.568451	
1489	-46.252675	41.203653	
1490	-46.069118	40.619721	
1491	-45.773019	40.869207	
1492	-45.874132	41.072817	
1493	-45.792096	40.276679	
1494	-45.693056	40.105501	
1495	-45.767868	39.983684	
1496	-46.143830	40.026996	
1497	-45.846351	40.138211	
1498	-45.845631	39.970689	
1499	-45.724054	39.676365	
1500	-45.529263	39.204170	
1501	-45.772398	39.197275	
1502	-45.683099	39.065406	
1503	-45.915309	38.600781	
1504	-45.592011	38.830715	
1505	-45.881000	38.730498	
1506	-45.410635	37.203569	
1507	-45.484208	37.204092	
1508	-45.751759	36.896214	
1509	-46.806423	37.518739	
1510	-46.713105	36.507998	
1511	-46.004455	35.447452	
1512	-46.655305	36.454407	
1513	-47.085135	36.303400	
1514	-47.525499	36.457032	
1515	-47.376627	35.841834	
1516	-46.910717	36.484928	
1517	-47.397137	36.721910	
1518	-48.003770	37.190996	
1519	-47.764887	37.138028	
1520	-48.125762	37.050327	
1521	-48.762467	36.519058	
1522	-48.362567	36.701979	
1523	-48.857497	36.962931	
1524	-49.044947	36.632086	
1525	-49.311937	36.601964	
1526	-48.985053	35.625314	
1527	-49.160402	36.133729	
1528	-49.511619	36.269135	
1529	-49.671075	35.797274	
1530	-49.484521	35.339407	
1531	-50.473531	36.529862	
1532	-50.394690	35.414506	
1533	-50.537340	34.951881	
1534	-51.073045	35.172941	
1535	-50.362752	36.509411	
1536	-50.970753	35.577873	
1537	-51.541777	35.505645	
1538	-51.742122	35.310311	
1539	-51.759291	35.451419	
1540	-52.237513	35.997925	
1541	-52.747672	35.509792	
1542	-52.663045	35.145428	
1543	-53.104881	35.065707	
1544	-53.444425	35.215314	
1545	-53.470546	34.607377	
1546	-54.539267	37.153794	
1547	-54.881186	37.618244	
1548	-54.625116	36.532081	
1549	-55.321549	36.825940	
1550	-55.378421	37.417497	
1551	-56.403551	38.605702	
1552	-56.261817	38.024583	
1553	-57.158164	39.382333	
1554	-57.307290	37.633898	
1555	-57.393696	38.591683	
1556	-57.631624	38.891389	
1557	-57.365202	38.300120	
1558	-60.960520	47.675556	
1559	-64.674326	53.701895	
1560	-59.102051	41.662439	
1561	-60.972678	47.099634	
1562	-59.696688	42.783454	
1563	-59.235177	40.000309	
1564	-59.607134	40.327302	
1565	-59.860526	40.839289	
1566	-60.139174	41.353327	
1567	-60.272357	40.655661	
1568	-59.940456	40.687212	
1569	-59.916381	40.010838	
1570	-61.613039	44.518850	
1571	-59.342524	37.624416	
1572	-60.436916	38.941290	
1573	-60.935574	40.157573	
1574	-60.630393	38.906427	
1575	-60.928610	39.085493	
1576	-60.950543	40.987784	
1577	-61.001324	40.291260	
1578	-61.271006	39.257633	
1579	-61.279780	40.248861	
1580	-61.192009	39.045767	
1581	-62.078619	40.893763	
1582	-61.479917	39.437615	
1583	-61.613129	38.654311	
1584	-62.513755	38.726242	
1585	-62.791397	39.506478	
1586	-63.248712	40.825742	
1587	-62.828440	37.796772	
1588	-63.060935	38.087256	
1589	-63.137310	38.491124	
1590	-62.942784	38.626366	
1591	-62.938496	37.717893	
1592	-63.051049	37.476814	
1593	-63.262624	37.740631	
1594	-63.188413	40.838413	
1595	-63.076132	42.073530	
1596	-63.903798	47.254552	
1597	-64.274158	49.261717	
1598	-64.943198	51.181511	
1599	-62.699641	42.234965	
1600	-62.377608	41.084685	
1601	-62.631949	41.832948	
1602	-63.692651	46.848195	
1603	-66.019188	49.629305	
1604	-63.466817	42.559091	
1605	-63.171308	41.427736	
1606	-63.254635	41.913234	
1607	-63.924061	46.711934	
1608	-64.949773	52.784437	
1609	-64.679827	52.223859	
1610	-63.685444	46.332907	
1611	-64.463774	49.245247	
1612	-63.534596	41.547502	
1613	-65.269448	49.394415	
1614	-65.355573	48.992623	
1615	-64.772024	47.862659	
1616	-65.029346	48.226506	
1617	-63.752603	43.157490	
1618	-64.708606	51.672713	
1619	-64.814588	50.602003	
1620	-65.142026	50.230229	
1621	-63.852113	37.434309	
1622	-63.222944	39.601627	
1623	-62.846953	37.416278	
1624	-65.345757	43.832127	
1625	-63.279161	38.947556	
1626	-62.427849	31.926971	
1627	-63.180390	46.074095	
1628	-64.279454	51.577401	
1629	-63.534424	50.620004	
1630	-64.001323	43.795573	
1631	-65.676179	44.749018	
1632	-63.655617	46.561681	
1633	-63.755187	48.124569	
1634	-62.248323	40.749820	
1635	-62.642262	40.066632	
1636	-63.120398	40.640105	
1637	-62.688445	40.041302	
1638	-62.865257	40.538830	
1639	-62.125169	38.398945	
1640	-63.922791	49.010371	
1641	-64.027058	50.829606	
1642	-62.794846	34.539252	
1643	-62.098112	33.317702	
1644	-62.387381	34.809916	
1645	-62.539357	36.242781	
1646	-66.162510	46.346888	
1647	-68.753559	51.308878	
1648	-66.239457	51.198705	
1649	-65.444159	50.812399	
1650	-66.327616	49.180182	
1651	-64.197079	37.185472	
1652	-63.091130	39.703120	
1653	-64.956969	49.728879	
1654	-64.634291	48.035823	
1655	-64.325326	44.357672	
1656	-64.059991	38.936435	
1657	-65.175882	47.717022	
1658	-64.770502	50.412191	
1659	-64.777678	49.997788	
1660	-62.136426	36.375822	
1661	-63.702071	47.279702	
1662	-63.153356	41.567942	
1663	-64.969521	48.315307	
1664	-65.739854	48.865710	
1665	-63.702706	41.001265	
1666	-63.681015	40.548653	
1667	-63.685436	42.052381	
1668	-63.689689	42.268389	
1669	-63.762397	38.037954	
1670	-65.187493	45.880862	
1671	-64.668662	49.774974	
1672	-63.089841	34.620086	
1673	-63.743992	44.728643	
1674	-64.271598	48.932807	
1675	-62.267510	36.862778	
1676	-64.488680	44.179792	
1677	-63.045682	39.696442	
1678	-62.129036	37.591975	
1679	-61.934186	37.297716	
1680	-62.026396	37.820890	
1681	-62.076095	37.272029	
1682	-62.287129	38.875143	
1683	-61.951185	38.503538	
1684	-61.673074	37.251500	
1685	-63.358311	42.382311	
1686	-62.388503	38.553353	
1687	-61.468400	35.623774	
1688	-63.538023	43.696181	
1689	-64.190643	47.536913	
1690	-65.469601	46.654994	
1691	-64.839665	48.710129	
1692	-65.222089	49.962424	
1693	-65.072940	49.810949	
1694	-64.576644	48.085519	
1695	-64.603727	48.483601	
1696	-64.290875	47.420732	
1697	-62.671119	38.587094	
1698	-62.510699	35.793105	
1699	-64.374516	47.444068	
1700	-62.804654	38.866686	
1701	-63.823817	44.169756	
1702	-62.481367	37.674851	
1703	-64.426327	46.806854	
1704	-63.452245	39.845539	
1705	-63.938136	44.726671	
1706	-62.282564	38.216074	
1707	-63.727695	45.054941	
1708	-62.157882	39.610719	
1709	-63.135599	43.896815	
1710	-65.077929	45.361358	
1711	-63.796448	44.659273	
1712	-63.946108	46.621641	
1713	-62.661947	39.179367	
1714	-63.984283	40.194921	
1715	-65.099516	48.810183	
1716	-61.645494	33.421462	
1717	-61.747496	31.408601	
1718	-62.572136	37.074873	
1719	-64.936053	44.453103	
1720	-62.593478	39.441796	
1721	-62.217529	33.510497	
1722	-62.253483	36.538941	
1723	-62.182821	36.748201	
1724	-62.162019	36.946003	
1725	-62.796373	37.632267	
1726	-62.933455	38.004926	
1727	-62.616951	37.268572	
1728	-62.508568	36.623130	
1729	-62.377474	36.950414	
1730	-62.968821	38.146899	
1731	-64.655942	47.721322	
1732	-62.828127	40.968728	
1733	-62.515586	36.369876	
1734	-63.751904	43.686599	
1735	-64.042044	47.303037	
1736	-64.590766	47.331852	
1737	-64.873694	47.234351	
1738	-65.763901	48.678305	
1739	-64.698098	47.133091	
1740	-64.669588	46.573332	
1741	-64.726386	46.465550	
1742	-65.053979	47.370610	
1743	-65.997525	51.336276	
1744	-63.031484	39.590867	
1745	-64.404049	45.412384	
1746	-66.736258	53.400584	
1747	-64.224848	48.191030	
1748	-64.263684	48.529971	
1749	-64.705634	47.754821	
1750	-65.250364	48.961662	
1751	-66.213068	47.196963	
1752	-64.169413	46.222992	
1753	-64.325425	49.161072	
1754	-64.807536	47.060929	
1755	-66.954153	48.639456	
1756	-64.055658	34.358816	
1757	-65.502634	47.371278	
1758	-68.477288	50.827876	
1759	-66.516788	48.625820	
1760	-64.805831	37.528375	
1761	-64.030591	30.751628	
1762	-66.511292	48.722767	
1763	-65.876580	48.650515	
1764	-66.451280	48.928367	
1765	-65.683210	48.061678	
1766	-67.307037	48.660633	
1767	-62.397822	33.251564	
1768	-61.843420	29.219187	
1769	-63.629015	34.092807	
1770	-63.129973	35.501390	
1771	-63.042842	35.168626	
1772	-63.436677	34.000493	
1773	-66.219390	44.341019	
1774	-67.450884	47.942812	
1775	-63.402327	34.310711	
1776	-63.716266	34.762421	
1777	-66.466313	47.416321	
1778	-64.680018	40.618143	
1779	-64.061577	35.232554	
1780	-64.558620	36.123545	
1781	-63.751330	35.947080	
1782	-64.137331	36.332582	
1783	-64.485840	36.283059	
1784	-63.831058	34.770751	
1785	-65.833952	45.152182	
1786	-67.761842	50.266746	
1787	-64.941155	40.392720	
1788	-63.854329	36.068320	
1789	-64.985907	38.485492	
1790	-65.005677	38.106075	
1791	-64.658050	38.383820	
1792	-64.110944	37.462644	
1793	-64.776110	38.455002	
1794	-64.057492	36.791377	
1795	-64.619039	36.974351	
1796	-65.131677	37.894383	
1797	-64.500217	36.457184	
1798	-67.247551	47.259078	
1799	-65.664518	42.371104	
1800	-62.447738	26.539734	
1801	-64.145233	39.267628	
1802	-64.358061	39.171982	
1803	-64.293676	37.220034	
1804	-64.428340	39.605815	
1805	-64.343110	37.967309	
1806	-65.804080	49.761831	
1807	-64.838821	46.310867	
1808	-64.328193	43.551463	
1809	-64.227240	39.639344	
1810	-63.742541	40.844457	
1811	-64.542528	38.792156	
1812	-66.119572	49.423818	
1813	-64.562736	43.255329	
1814	-64.318076	40.236406	
1815	-64.334862	42.088589	
1816	-65.667129	49.831566	
1817	-65.605766	49.609105	
1818	-65.037590	43.105246	
1819	-65.291566	39.871461	
1820	-64.962321	41.386899	
1821	-64.621100	38.588066	
1822	-64.905686	40.420371	
1823	-64.935286	40.942341	
1824	-65.269734	41.282167	
1825	-64.886454	36.500125	
1826	-65.416947	41.704984	
1827	-65.154233	39.268901	
1828	-65.831555	38.277057	
1829	-65.391952	37.900080	
1830	-65.449153	37.719921	
1831	-65.322298	39.555072	
1832	-65.419690	38.983919	
1833	-66.192278	38.616504	
1834	-65.563099	37.236889	
1835	-65.989727	38.160648	
1836	-65.525926	36.831655	
1837	-67.600946	46.947360	
1838	-67.194968	46.843590	
1839	-65.500889	39.514783	
1840	-65.286745	39.705557	
1841	-65.557605	39.120444	
1842	-64.975257	36.907195	
1843	-67.897215	47.703159	
1844	-66.115422	41.321175	
1845	-64.953830	37.022776	
1846	-65.138273	39.336641	
1847	-65.175101	38.065804	
1848	-65.101560	36.866955	
1849	-65.438901	38.105516	
1850	-65.562226	37.524346	
1851	-65.607054	37.849760	
1852	-65.711736	36.791777	
1853	-65.519971	35.850568	
1854	-65.317999	34.224790	
1855	-67.641675	46.662264	
1856	-68.166630	48.950004	
1857	-68.744533	49.548424	
1858	-68.692943	50.205346	
1859	-65.495218	38.322390	
1860	-65.803693	38.422447	
1861	-67.391035	44.411496	
1862	-65.557908	37.949632	
1863	-65.979415	38.788590	
1864	-65.786610	37.724516	
1865	-65.609466	38.037147	
1866	-65.682111	38.665982	
1867	-66.529071	40.715527	
1868	-65.570197	42.618801	
1869	-65.920396	40.912502	
1870	-66.089634	42.242928	
1871	-65.650675	41.094175	
1872	-65.797098	39.322930	
1873	-66.296195	38.419393	
1874	-66.183891	39.901493	
1875	-65.964505	39.267761	
1876	-66.191349	34.346029	
1877	-65.776060	37.970502	
1878	-66.781980	41.899439	
1879	-66.942962	42.852099	
1880	-66.452307	40.139140	
1881	-66.734908	38.816432	
1882	-66.764872	42.627408	
1883	-66.421787	41.637648	
1884	-66.400001	39.969538	
1885	-66.802008	45.808530	
1886	-66.886737	48.271237	
1887	-66.715553	48.354942	
1888	-67.209746	49.746678	
1889	-66.793187	40.212615	
1890	-67.162759	47.776340	
1891	-67.280095	49.365014	
1892	-67.613436	48.925292	
1893	-67.241917	49.091475	
1894	-66.152938	39.582232	
1895	-69.666008	48.842463	
1896	-65.539119	34.378299	
1897	-64.859984	31.611735	
1898	-68.290666	43.697326	
1899	-68.161630	43.879765	
1900	-66.284355	34.124789	
1901	-66.183237	31.598077	
