Athlete_Engineering	// User ID
11-2-2021	// Evaluation date
P013_Flex	30-1-2021	12:30:34:926	// Source file name and timestamp
250.000	// Sampling rate
8.300	// Data capture period



Sample #	Right_Leg_Flexion	Right_Leg_Abduction	
0	-91.748604	109.640912	
1	-92.107783	104.999310	
2	-91.992072	104.155925	
3	-93.313424	107.423208	
4	-92.631739	108.295265	
5	-90.784921	98.041539	
6	-91.766623	108.921270	
7	-91.852423	109.586878	
8	-92.358642	106.898223	
9	-92.216117	105.137615	
10	-91.281424	105.655808	
11	-92.093023	104.813352	
12	-92.123984	105.414129	
13	-93.722545	108.617068	
14	-91.934578	103.175565	
15	-93.692682	108.398739	
16	-93.747906	108.059144	
17	-91.710352	101.673522	
18	-93.600871	107.695318	
19	-93.798478	109.249595	
20	-91.963469	102.640959	
21	-93.125605	105.188471	
22	-93.281202	105.902893	
23	-93.397498	106.280897	
24	-93.200135	105.540333	
25	-92.543769	103.447535	
26	-93.281552	106.050736	
27	-93.281882	106.334675	
28	-90.666556	97.676364	
29	-93.427785	106.924736	
30	-93.567334	107.312030	
31	-93.532649	107.043830	
32	-93.596285	107.021638	
33	-92.685797	104.385307	
34	-93.332655	105.442410	
35	-93.648018	106.973251	
36	-92.928925	104.756868	
37	-93.600941	106.698587	
38	-93.587450	106.349763	
39	-93.675933	106.767408	
40	-91.109970	100.286070	
41	-92.115210	102.393094	
42	-92.080445	102.526898	
43	-90.736707	96.823255	
44	-91.357571	98.230210	
45	-91.923396	101.564906	
46	-90.951940	95.797429	
47	-91.647962	99.992490	
48	-91.304915	98.094851	
49	-91.278398	98.002944	
50	-91.098039	96.424714	
51	-91.338348	98.094051	
52	-89.749866	87.569039	
53	-90.928020	97.815590	
54	-90.642838	97.043897	
55	-93.103052	104.584917	
56	-90.575490	95.901832	
57	-93.008111	104.659580	
58	-92.915178	104.570421	
59	-93.631581	106.048468	
60	-93.164998	104.400852	
61	-92.748633	103.472553	
62	-93.383503	104.663555	
63	-90.886289	97.697023	
64	-93.383276	105.659365	
65	-93.739909	107.354613	
66	-94.111115	109.174749	
67	-92.773614	102.967203	
68	-92.868319	103.320840	
69	-93.136350	104.735835	
70	-91.502432	99.150690	
71	-91.100498	96.694623	
72	-90.976846	98.415227	
73	-91.186625	97.738310	
74	-91.594985	99.710446	
75	-91.560287	99.470220	
76	-91.696145	100.219612	
77	-91.663927	100.363391	
78	-91.356130	98.552233	
79	-91.682874	100.645106	
80	-93.215259	104.661507	
81	-93.285294	105.041250	
82	-91.886710	101.963467	
83	-90.393525	94.302629	
84	-91.656248	99.055445	
85	-93.146973	103.855443	
86	-89.772571	87.917339	
87	-92.193019	99.700389	
88	-89.048234	80.861915	
89	-89.557064	85.903016	
90	-89.365530	83.748628	
91	-89.038317	80.604861	
92	-89.116518	81.422121	
93	-89.485913	84.771088	
94	-89.188044	81.659083	
95	-89.169437	81.527517	
96	-89.683924	86.692065	
97	-89.335275	83.562148	
98	-89.399533	83.956669	
99	-89.864995	88.582148	
100	-89.445808	84.033915	
101	-89.652147	86.605169	
102	-89.382939	83.472768	
103	-89.897655	88.988957	
104	-89.439665	84.721570	
105	-89.742217	87.605663	
106	-89.631266	86.614681	
107	-89.852612	88.596742	
108	-90.263355	92.613715	
109	-90.247658	92.838542	
110	-90.987410	98.282429	
111	-90.959388	98.348098	
112	-90.214572	92.390253	
113	-89.892301	88.789338	
114	-89.501515	84.554576	
115	-89.633770	86.705884	
116	-89.980791	89.830288	
117	-89.704606	87.443806	
118	-89.407215	83.829640	
119	-89.139473	81.556468	
120	-89.253176	82.083561	
121	-88.541243	76.124083	
122	-88.505559	75.061436	
123	-88.847335	79.057807	
124	-88.733008	77.537372	
125	-88.617752	75.382353	
126	-88.745897	76.432218	
127	-88.995380	80.191114	
128	-89.652735	86.001430	
129	-89.899165	88.960047	
130	-89.772590	87.784722	
131	-89.156461	82.260146	
132	-90.068929	90.681209	
133	-89.713998	87.249198	
134	-89.470021	84.675282	
135	-89.198477	80.954278	
136	-89.681669	86.383918	
137	-89.661660	86.419647	
138	-89.356729	83.156758	
139	-89.513239	85.101029	
140	-89.231245	82.019006	
141	-89.067524	80.655700	
142	-89.236534	82.213876	
143	-89.330120	83.058711	
144	-88.857690	78.334360	
145	-89.669913	86.610884	
146	-89.943313	89.439700	
147	-88.846515	78.910149	
148	-89.435114	84.664696	
149	-88.378519	75.097445	
150	-88.710934	77.199446	
151	-89.252862	82.226110	
152	-89.138095	81.212035	
153	-89.261091	81.894303	
154	-89.346688	82.555400	
155	-89.168865	81.036016	
156	-89.442024	84.208192	
157	-89.087687	80.108629	
158	-88.549347	74.757911	
159	-87.810180	66.741858	
160	-87.001847	62.575640	
161	-87.083440	63.270763	
162	-86.996257	62.680072	
163	-86.814123	61.607960	
164	-86.856055	63.023695	
165	-87.083278	61.458267	
166	-87.153829	61.323182	
167	-87.007551	59.715250	
168	-87.227985	60.517100	
169	-86.712912	57.016789	
170	-86.580914	57.162841	
171	-87.710019	69.093321	
172	-87.023966	61.041377	
173	-86.796419	64.644848	
174	-87.143905	63.516865	
175	-86.816013	59.179729	
176	-86.916563	59.200101	
177	-86.779332	58.208252	
178	-86.259508	53.292195	
179	-86.106540	52.248935	
180	-85.724159	53.071943	
181	-85.458349	51.736956	
182	-85.023675	48.923186	
183	-85.730764	54.235035	
184	-84.551558	47.693390	
185	-84.127705	45.180406	
186	-84.179901	45.316451	
187	-84.216605	45.284027	
188	-83.409516	42.014937	
189	-83.751017	44.369443	
190	-84.298006	54.677368	
191	-82.926207	40.856821	
192	-82.631081	43.542130	
193	-81.348485	37.112052	
194	-81.173895	38.530161	
195	-81.278968	44.103877	
196	-79.779853	35.544555	
197	-80.672113	41.760724	
198	-80.465238	36.175970	
199	-79.704117	34.574296	
200	-79.947422	38.053820	
201	-79.457019	38.591263	
202	-78.496709	31.139422	
203	-77.431626	33.772240	
204	-76.532899	27.458563	
205	-75.942917	26.560092	
206	-76.439395	28.595048	
207	-76.415239	33.960993	
208	-75.496436	32.040144	
209	-75.281166	29.932421	
210	-74.326824	28.520354	
211	-74.257093	29.058189	
212	-72.721044	23.653006	
213	-71.806950	22.090953	
214	-71.807624	23.749189	
215	-71.323650	23.862601	
216	-70.783902	23.375008	
217	-70.373946	20.439434	
218	-69.582555	19.409713	
219	-68.662321	20.250547	
220	-67.990089	20.185300	
221	-67.330015	17.870585	
222	-66.689140	19.256772	
223	-66.053292	18.522956	
224	-65.574844	17.824587	
225	-65.416895	18.913971	
226	-64.792332	19.016127	
227	-63.661361	16.565507	
228	-63.510482	17.120060	
229	-62.984920	17.438805	
230	-61.908500	15.657422	
231	-60.681810	15.813384	
232	-60.016484	16.172990	
233	-59.942183	16.208121	
234	-59.591606	16.885789	
235	-59.005946	16.342784	
236	-59.258110	16.364496	
237	-58.371516	16.271357	
238	-57.814783	16.908685	
239	-57.535142	17.170282	
240	-57.464009	16.891243	
241	-57.080591	17.325084	
242	-56.931366	16.909921	
243	-56.435301	17.352875	
244	-55.995874	16.888157	
245	-55.818823	17.075382	
246	-54.797490	16.422873	
247	-54.636129	16.225934	
248	-54.469707	16.215320	
249	-53.742556	16.274180	
250	-53.705592	16.475961	
251	-53.896510	16.084228	
252	-53.017645	15.402279	
253	-51.441028	10.928494	
254	-52.945731	15.388610	
255	-50.831540	11.103131	
256	-52.515986	15.452145	
257	-52.448783	15.833858	
258	-50.930990	15.794948	
259	-50.311472	14.948944	
260	-50.758317	15.832670	
261	-50.025263	15.676521	
262	-50.170923	15.943807	
263	-49.864030	16.340546	
264	-49.703870	16.028433	
265	-49.760152	16.580504	
266	-49.436848	16.484569	
267	-49.018518	17.431233	
268	-48.622005	18.124675	
269	-48.379955	17.134269	
270	-47.901298	16.992283	
271	-47.625242	17.624953	
272	-47.282727	19.087431	
273	-45.476630	17.970832	
274	-46.217993	18.091058	
275	-47.148551	17.747550	
276	-46.353598	17.570802	
277	-46.089868	17.504648	
278	-45.731788	17.494559	
279	-45.886708	17.706492	
280	-45.202627	17.733936	
281	-45.452829	17.845248	
282	-44.395378	17.419120	
283	-44.307901	17.325633	
284	-43.949609	17.442207	
285	-44.352878	17.263253	
286	-43.519183	17.226722	
287	-43.344806	17.622208	
288	-43.483325	17.708067	
289	-43.727116	17.718891	
290	-43.158116	17.537581	
291	-43.242898	17.363283	
292	-42.789773	17.761436	
293	-43.000194	17.567185	
294	-42.886373	18.129691	
295	-42.937466	18.464965	
296	-42.736792	19.007205	
297	-42.523529	18.907215	
298	-42.560597	18.932625	
299	-42.553794	19.823040	
300	-42.805584	20.468574	
301	-42.382119	20.863534	
302	-42.425800	21.331052	
303	-42.233075	21.386774	
304	-41.329704	20.928574	
305	-41.377260	20.881532	
306	-41.859206	21.283309	
307	-42.027808	21.597493	
308	-42.418913	21.749509	
309	-41.572332	21.790140	
310	-41.317864	21.931022	
311	-41.645082	22.377074	
312	-40.892605	22.176055	
313	-40.696189	22.245293	
314	-40.417833	21.865292	
315	-40.202379	22.077698	
316	-39.626611	21.915053	
317	-40.131820	22.402314	
318	-40.257575	22.895014	
319	-39.294673	22.644855	
320	-39.556187	22.941230	
321	-39.958697	23.244986	
322	-39.940698	23.641769	
323	-40.005359	24.050707	
324	-40.455105	24.482507	
325	-40.114462	24.175009	
326	-40.419899	24.629147	
327	-40.934418	24.791293	
328	-40.829349	25.070584	
329	-41.364105	25.370389	
330	-40.947894	25.066879	
331	-40.363781	24.561546	
332	-40.298088	24.531601	
333	-40.859454	24.725315	
334	-40.591355	24.567655	
335	-39.972969	24.272684	
336	-39.888077	24.060369	
337	-39.818270	23.981092	
338	-39.655823	23.814717	
339	-39.574651	23.643970	
340	-38.756101	23.193507	
341	-39.115080	23.489466	
342	-39.170200	23.511458	
343	-38.551353	23.192534	
344	-38.434256	23.152545	
345	-38.823888	23.228578	
346	-39.260963	22.731934	
347	-38.897743	22.882515	
348	-39.453806	22.978514	
349	-39.438829	23.108480	
350	-39.732136	23.163094	
351	-39.399051	23.004687	
352	-38.904517	22.757199	
353	-39.361323	23.128615	
354	-39.436512	23.029011	
355	-38.972369	22.751742	
356	-39.111989	22.565696	
357	-39.146697	22.604944	
358	-39.580489	22.709753	
359	-39.217682	22.369816	
360	-39.628820	22.376997	
361	-39.565890	21.976112	
362	-40.479791	23.013992	
363	-39.787863	22.186704	
364	-39.542277	21.783891	
365	-39.378939	21.757212	
366	-39.226381	21.568454	
367	-39.281151	21.510289	
368	-39.327634	21.591069	
369	-39.493588	21.699569	
370	-39.331374	21.555642	
371	-39.941741	22.292534	
372	-39.294750	21.534833	
373	-39.104593	21.542871	
374	-39.707377	21.906175	
375	-39.745700	21.991698	
376	-39.691040	21.841305	
377	-39.655177	21.757165	
378	-39.874135	21.795070	
379	-40.002580	21.667066	
380	-39.988994	21.900353	
381	-39.986189	21.742902	
382	-39.831245	21.311944	
383	-39.772879	21.593288	
384	-39.968920	21.426835	
385	-40.282282	21.619956	
386	-39.874997	21.207904	
387	-39.653525	21.489037	
388	-39.815961	21.446139	
389	-40.204403	21.693613	
390	-40.045561	21.692199	
391	-39.797650	21.291289	
392	-40.561146	21.735762	
393	-40.305507	21.323760	
394	-40.259885	21.752022	
395	-40.543483	21.479662	
396	-40.849550	21.358196	
397	-41.312927	21.413104	
398	-40.269705	20.682488	
399	-40.547276	20.980130	
400	-41.012899	20.501471	
401	-40.350960	20.092040	
402	-40.604186	20.345058	
403	-40.759462	20.041756	
404	-40.948196	20.003278	
405	-41.320636	20.277048	
406	-41.798763	21.126802	
407	-41.431205	20.121215	
408	-41.379258	20.090831	
409	-41.739783	20.370357	
410	-41.932025	20.977790	
411	-41.257756	19.975272	
412	-41.671499	20.071199	
413	-41.970345	20.802536	
414	-41.935888	20.492340	
415	-41.433669	20.235311	
416	-42.018699	19.566863	
417	-41.792768	19.354541	
418	-42.160990	19.589814	
419	-42.414695	20.045355	
420	-42.123724	20.087875	
421	-42.751566	20.047112	
422	-42.856793	20.309606	
423	-43.286504	20.211163	
424	-42.963243	19.159246	
425	-43.340452	19.301952	
426	-43.457443	19.413435	
427	-43.524378	19.706169	
428	-44.517896	19.962518	
429	-45.369769	20.192283	
430	-44.625304	19.874655	
431	-45.115700	19.928447	
432	-45.576434	20.120735	
433	-45.458987	20.468576	
434	-45.966387	20.525132	
435	-47.181913	21.075491	
436	-47.493320	20.886187	
437	-47.280715	20.127474	
438	-48.190123	20.944743	
439	-47.384364	20.843260	
440	-47.654890	20.565857	
441	-47.969783	20.246756	
442	-47.392617	18.867634	
443	-48.006842	18.815147	
444	-47.953979	19.005667	
445	-47.942120	18.381251	
446	-48.974518	18.889860	
447	-49.119210	18.283334	
448	-49.002798	17.846735	
449	-49.781232	18.253742	
450	-49.947267	18.351206	
451	-51.539829	18.506760	
452	-51.327720	18.077538	
453	-51.599348	17.725031	
454	-52.571687	19.067717	
455	-53.014691	18.814293	
456	-52.564536	18.759950	
457	-53.425036	19.658039	
458	-53.777526	18.973183	
459	-53.678305	18.317032	
460	-54.242781	18.432455	
461	-54.354945	17.895167	
462	-54.524664	17.100324	
463	-53.473619	11.747527	
464	-55.130537	16.538657	
465	-55.872749	16.652883	
466	-56.382903	16.085778	
467	-57.144989	15.086933	
468	-58.057141	15.102806	
469	-59.161175	15.616689	
470	-60.021624	15.534725	
471	-60.596979	16.464240	
472	-60.798358	16.412801	
473	-61.680144	17.352160	
474	-61.695324	17.037846	
475	-62.270963	18.052999	
476	-62.036585	18.723284	
477	-62.472409	18.777796	
478	-63.082043	19.251548	
479	-63.026148	18.298581	
480	-63.343379	17.530207	
481	-63.200999	17.071477	
482	-63.046583	17.199056	
483	-63.296224	16.781458	
484	-63.381617	16.366516	
485	-63.703248	16.379077	
486	-63.684111	15.849812	
487	-64.081082	15.758000	
488	-64.547407	16.138937	
489	-65.054745	16.505418	
490	-66.045183	17.684826	
491	-66.553207	17.280480	
492	-67.886039	18.712763	
493	-68.155341	19.489443	
494	-68.564939	20.287805	
495	-69.669792	20.935666	
496	-69.742214	20.239386	
497	-70.339932	20.937830	
498	-70.712192	21.325354	
499	-70.897334	20.672539	
500	-71.290178	18.746877	
501	-71.562277	20.248030	
502	-71.236501	19.588140	
503	-71.663014	19.639801	
504	-72.747317	21.332655	
505	-72.430482	21.199692	
506	-73.060642	21.881488	
507	-73.901356	22.807581	
508	-74.310752	23.257476	
509	-74.034816	22.005092	
510	-74.546068	21.861929	
511	-74.372952	21.374377	
512	-74.389194	21.399823	
513	-75.188831	21.908329	
514	-75.954714	22.740026	
515	-76.176296	23.150097	
516	-76.545048	23.289969	
517	-76.905462	22.949957	
518	-76.977095	22.872307	
519	-77.433711	23.180295	
520	-77.031899	23.218231	
521	-77.609498	22.652333	
522	-78.220110	22.488597	
523	-77.765503	23.457266	
524	-77.463225	20.731465	
525	-78.122632	22.103436	
526	-78.233186	21.231501	
527	-77.978992	21.394609	
528	-78.195151	23.805330	
529	-78.141874	22.727357	
530	-78.049146	21.909869	
531	-78.026059	22.785820	
532	-77.778159	21.292031	
533	-77.479402	21.027645	
534	-77.644063	18.644635	
535	-77.441903	17.639278	
536	-77.502892	17.271010	
537	-77.370352	14.498558	
538	-76.791810	14.070713	
539	-77.019459	16.363075	
540	-77.409649	15.705313	
541	-77.323182	15.811456	
542	-77.740392	12.306988	
543	-77.736322	8.367505	
544	-77.613510	8.386837	
545	-77.376883	10.094970	
546	-77.820524	11.460428	
547	-77.998919	11.337764	
548	-78.417792	21.913289	
549	-78.166875	19.814427	
550	-79.157930	26.665736	
551	-79.487612	28.476781	
552	-80.881978	38.579923	
553	-79.492751	25.187444	
554	-79.506928	22.340263	
555	-78.856423	23.386268	
556	-79.182297	20.280669	
557	-78.553870	19.769930	
558	-79.315917	23.338474	
559	-82.968745	55.913742	
560	-83.239325	56.362948	
561	-80.037273	23.884169	
562	-80.388553	22.581130	
563	-80.819525	24.799404	
564	-80.522079	18.492515	
565	-81.276097	25.115388	
566	-82.140907	35.539747	
567	-84.427527	58.490773	
568	-80.269807	19.051280	
569	-80.704489	18.940646	
570	-80.338389	17.156077	
571	-81.291014	17.676020	
572	-81.595009	18.673456	
573	-82.197990	20.042321	
574	-82.487855	15.488000	
575	-82.547254	16.775773	
576	-83.197851	18.449789	
577	-82.960087	20.677700	
578	-82.960726	19.509620	
579	-83.059963	20.031235	
580	-82.759152	19.589996	
581	-82.393479	20.434031	
582	-83.731371	19.597575	
583	-84.226786	20.510159	
584	-84.956516	27.450796	
585	-85.403550	32.171430	
586	-85.322278	32.771823	
587	-85.728498	34.648839	
588	-85.807125	32.526617	
589	-85.959273	26.581829	
590	-85.460573	24.821893	
591	-85.928867	22.811467	
592	-86.556261	29.306281	
593	-86.678498	28.842808	
594	-87.216455	27.792179	
595	-87.245121	37.771846	
596	-87.894684	46.586439	
597	-88.031525	52.284679	
598	-88.276470	56.303095	
599	-88.594852	62.925766	
600	-88.446199	9.804718	
601	-88.671733	54.304036	
602	-88.474038	62.671699	
603	-88.679988	64.203009	
604	-88.886997	67.593044	
605	-89.427373	77.327132	
606	-89.228634	74.671947	
607	-89.139156	71.312417	
608	-89.459079	79.656928	
609	-90.308520	97.642577	
610	-90.140733	93.096388	
611	-89.809953	85.814636	
612	-89.814600	85.296357	
613	-89.675144	82.089695	
614	-88.965476	69.032985	
615	-89.383418	77.767660	
616	-89.623510	81.812713	
617	-89.550984	77.142590	
618	-89.570456	78.645338	
619	-90.353839	98.906607	
620	-89.856949	86.481319	
621	-90.450571	104.384320	
622	-90.666846	111.244181	
623	-90.877127	112.633889	
624	-91.110477	122.124687	
625	-90.738240	110.296968	
626	-91.554044	123.766039	
627	-91.027255	118.673300	
628	-91.005313	119.507649	
629	-91.398836	125.661470	
630	-91.040912	113.529495	
631	-91.007762	115.480930	
632	-91.030602	114.209943	
633	-91.130145	117.499888	
634	-91.706903	145.666597	
635	-91.483096	126.197696	
636	-91.695266	132.594138	
637	-92.167484	137.596005	
638	-92.108462	134.315340	
639	-92.073320	140.600220	
640	-91.479454	122.220454	
641	-91.591375	126.048349	
642	-91.389166	121.572596	
643	-91.707907	131.379014	
644	-91.455596	124.281848	
645	-91.795724	134.694141	
646	-92.302071	157.407756	
647	-92.413585	156.901199	
648	-91.579109	153.673133	
649	-91.601256	154.440086	
650	-90.788884	122.000113	
651	-90.637261	118.731945	
652	-90.962024	115.806038	
653	-91.035952	117.557059	
654	-91.178250	127.928162	
655	-93.753936	120.954004	
656	-91.286468	128.724952	
657	-91.569945	130.992070	
658	-91.574947	130.872887	
659	-91.735145	132.808077	
660	-94.238983	126.138910	
661	-91.908156	125.639604	
662	-91.927494	124.703852	
663	-91.909455	121.929944	
664	-91.981359	120.730215	
665	-92.703534	120.002203	
666	-92.321073	116.003611	
667	-92.444571	116.734394	
668	-92.088275	112.607643	
669	-92.683661	118.616034	
670	-92.619557	118.067662	
671	-92.619808	116.682267	
672	-92.478645	115.030789	
673	-94.230752	118.428843	
674	-94.003103	117.351154	
675	-93.961708	116.535389	
676	-94.371970	118.987112	
677	-94.132706	118.750958	
678	-94.086658	119.266950	
679	-93.572590	115.228334	
680	-93.953380	118.586599	
681	-93.762160	117.594569	
682	-93.984941	118.713177	
683	-93.710159	116.174468	
684	-93.012552	111.079115	
685	-93.579075	114.933733	
686	-93.720151	115.926439	
687	-93.796229	116.193336	
688	-93.436129	113.960276	
689	-93.684807	114.562966	
690	-93.754036	114.931370	
691	-93.931813	116.447062	
692	-93.389393	112.389649	
693	-90.580746	108.597435	
694	-93.709833	114.406012	
695	-93.729563	114.006708	
696	-93.483170	140.383772	
697	-93.664842	145.335887	
698	-93.292537	132.806939	
699	-93.495641	136.029531	
700	-93.719598	140.331378	
701	-94.392273	118.960676	
702	-93.637486	113.807497	
703	-90.979268	115.065796	
704	-91.103541	118.949192	
705	-94.017925	116.506027	
706	-91.319310	126.085519	
707	-91.355449	128.090586	
708	-91.815799	142.196304	
709	-93.810643	114.909177	
710	-93.669545	114.763444	
711	-93.504950	114.356683	
712	-94.146144	117.380591	
713	-93.924953	115.954020	
714	-94.044208	116.310106	
715	-91.574247	141.662093	
716	-94.484685	118.172614	
717	-93.998363	114.843233	
718	-94.208295	116.108905	
719	-94.025474	115.544786	
720	-92.074024	143.473657	
721	-94.282862	115.203936	
722	-94.355758	115.986091	
723	-91.719182	136.874096	
724	-91.150645	120.648400	
725	-91.395677	128.147627	
726	-91.416202	127.360743	
727	-91.352916	131.070560	
728	-94.466976	115.733105	
729	-91.696791	129.312696	
730	-91.672542	128.246823	
731	-91.777719	132.794797	
732	-91.575581	137.338482	
733	-91.731254	142.556915	
734	-91.879168	137.235591	
735	-91.895775	142.653573	
736	-91.485295	140.302620	
737	-91.603680	138.883198	
738	-91.187277	144.094648	
739	-91.345935	136.604784	
740	-91.413874	137.253594	
741	-92.168525	145.830317	
742	-91.781968	142.506234	
743	-91.526075	131.692890	
744	-91.913115	143.416316	
745	-91.487684	132.961198	
746	-92.058648	150.009744	
747	-91.871512	148.638692	
748	-91.626348	139.764952	
749	-92.122495	150.530254	
750	-92.070128	148.299538	
751	-91.760887	144.601859	
752	-92.032734	153.051551	
753	-92.025331	150.378823	
754	-92.239377	150.610042	
755	-92.111952	152.766822	
756	-92.257242	150.026233	
757	-92.023407	148.935153	
758	-91.343616	134.094456	
759	-91.723060	145.220155	
760	-91.678383	138.181805	
761	-91.435677	135.354172	
762	-91.398519	128.428343	
763	-91.664254	138.758731	
764	-91.430985	127.050110	
765	-91.205137	123.020100	
766	-91.589762	130.333967	
767	-91.190564	123.961396	
768	-91.533665	133.455293	
769	-91.098107	119.156095	
770	-91.241597	121.075948	
771	-91.256278	126.172317	
772	-91.045565	117.729095	
773	-90.693530	108.361899	
774	-91.630436	123.961441	
775	-91.569081	125.606773	
776	-91.677183	123.944717	
777	-91.904761	127.068717	
778	-91.899152	124.986117	
779	-92.114167	131.817546	
780	-91.872652	128.363338	
781	-92.035351	131.835689	
782	-91.852343	127.283570	
783	-91.991770	130.094241	
784	-92.112197	134.811714	
785	-92.046217	134.885401	
786	-91.467126	122.424687	
787	-91.760518	127.733477	
788	-91.361992	120.057515	
789	-91.835141	126.698687	
790	-92.088518	124.360729	
791	-91.799303	125.196423	
792	-91.631098	123.028309	
793	-91.883006	131.914842	
794	-91.334168	119.243385	
795	-91.369684	116.071233	
796	-90.424302	97.158616	
797	-90.197072	93.296771	
798	-91.291069	112.911014	
799	-91.036626	107.405482	
800	-91.477625	114.641030	
801	-91.493095	116.277003	
802	-90.023035	90.371274	
803	-89.981674	89.669069	
804	-89.817419	86.831979	
805	-89.650778	83.852261	
806	-90.283457	95.320926	
807	-89.806494	86.818714	
808	-90.828802	105.010740	
809	-90.524271	99.748528	
810	-89.889505	88.189567	
811	-90.877625	104.526808	
812	-90.637436	100.952801	
813	-93.887999	108.638371	
814	-91.989565	101.258013	
815	-92.502819	104.282155	
816	-90.321160	94.531408	
817	-89.772251	86.753627	
818	-89.881875	88.342089	
819	-89.542369	83.952497	
820	-93.835928	107.850989	
821	-89.726187	86.526268	
822	-90.601857	94.305225	
823	-90.600378	94.599119	
824	-90.479660	93.773997	
825	-90.336608	93.035162	
826	-89.849767	88.232731	
827	-89.791359	87.171644	
828	-89.228509	80.106674	
829	-88.804627	74.745082	
830	-88.714131	79.851692	
831	-89.299930	84.023790	
832	-88.088810	71.609512	
833	-89.018517	82.554536	
834	-89.581954	87.100100	
835	-89.596514	87.257616	
836	-89.377868	85.730676	
837	-88.716196	80.388233	
838	-89.509038	87.199593	
839	-87.895721	74.154811	
840	-87.141251	68.285572	
841	-86.048961	62.903014	
842	-85.843112	60.735589	
843	-86.210167	63.657677	
844	-82.255797	-1.737187	
845	-89.770331	89.043115	
846	-86.022580	61.336590	
847	-85.366468	56.167122	
848	-85.136439	55.594419	
849	-84.182623	51.853385	
850	-83.235881	46.956172	
851	-82.623406	44.682900	
852	-83.131155	46.534556	
853	-82.678633	40.426800	
854	-82.847679	41.018237	
855	-82.710694	41.615285	
856	-81.835255	36.755833	
857	-81.759687	37.470278	
858	-81.220708	36.999917	
859	-79.979878	29.410935	
860	-78.296810	25.154625	
861	-78.477759	25.614345	
862	-77.918401	25.466036	
863	-77.647514	23.481788	
864	-76.452179	21.823305	
865	-75.983637	24.344517	
866	-75.148114	24.470096	
867	-74.305021	24.964174	
868	-73.634798	22.397249	
869	-72.938107	21.360809	
870	-72.493714	19.161051	
871	-72.362033	20.983933	
872	-70.577796	14.552140	
873	-69.903904	14.247768	
874	-69.936875	15.374133	
875	-69.317037	14.309664	
876	-68.032960	13.047533	
877	-68.234199	10.988606	
878	-67.283004	10.459401	
879	-66.109938	10.439211	
880	-65.268703	9.969330	
881	-64.648692	10.717453	
882	-64.227097	9.853276	
883	-63.695738	9.851662	
884	-62.741705	10.340740	
885	-62.912870	10.701104	
886	-62.436562	12.041432	
887	-61.544822	11.640384	
888	-61.239074	11.147068	
889	-60.692635	11.750282	
890	-59.983811	12.723469	
891	-59.672614	12.020619	
892	-58.824104	11.975751	
893	-57.621028	10.952823	
894	-57.237996	11.370842	
895	-56.882227	12.138749	
896	-57.323113	12.402550	
897	-56.643608	12.360332	
898	-56.158957	12.184362	
899	-56.127410	12.875897	
900	-55.577123	13.391068	
901	-55.069316	12.604009	
902	-53.871223	12.672518	
903	-54.169683	12.465207	
904	-53.625802	13.373155	
905	-53.122762	13.740350	
906	-52.902304	15.258880	
907	-52.440058	13.697356	
908	-51.873289	13.296913	
909	-51.103435	13.719021	
910	-50.323563	13.881263	
911	-50.197713	13.486518	
912	-49.662405	14.088208	
913	-48.769191	13.985987	
914	-48.295757	14.663226	
915	-48.084498	14.291087	
916	-46.690705	17.668080	
917	-47.549946	13.980750	
918	-47.999769	13.976043	
919	-47.519496	14.060070	
920	-44.386370	21.338780	
921	-46.303685	14.311463	
922	-46.104186	14.610080	
923	-45.580279	14.849681	
924	-44.953590	14.511114	
925	-44.348267	14.073566	
926	-43.803132	14.197969	
927	-43.665205	13.258842	
928	-43.381862	13.500711	
929	-42.357874	13.274464	
930	-42.649238	13.098734	
931	-43.158355	13.703827	
932	-42.357229	13.881237	
933	-39.121628	20.557334	
934	-41.481682	13.658245	
935	-40.891124	13.866302	
936	-40.992070	13.603337	
937	-40.657562	13.695142	
938	-41.319582	13.145472	
939	-41.038193	13.932659	
940	-40.353237	13.206673	
941	-40.164337	13.328322	
942	-40.105078	13.273875	
943	-40.004331	12.697471	
944	-39.662440	12.944291	
945	-39.511869	12.729574	
946	-39.714043	13.112613	
947	-39.343861	13.311914	
948	-39.548598	13.419272	
949	-40.130383	14.366873	
950	-39.487284	13.743973	
951	-39.357040	13.575151	
952	-38.613970	13.430347	
953	-38.431341	13.746354	
954	-38.373912	12.935013	
955	-38.245379	13.063764	
956	-38.058774	13.145319	
957	-37.651592	13.403692	
958	-38.543630	13.624955	
959	-38.431064	13.196512	
960	-38.288286	13.096031	
961	-36.607955	14.732049	
962	-38.529646	12.191595	
963	-36.407581	15.004346	
964	-36.696551	15.853024	
965	-36.332544	15.916227	
966	-36.129945	15.384518	
967	-36.142995	15.068164	
968	-36.387392	15.329236	
969	-38.745311	11.697692	
970	-35.981607	15.251519	
971	-34.835005	16.053127	
972	-35.778679	15.635888	
973	-35.335184	15.683713	
974	-35.712125	15.740149	
975	-35.374081	15.677074	
976	-34.979582	15.414005	
977	-34.960236	15.491869	
978	-34.974104	15.489350	
979	-34.863744	15.633695	
980	-34.987807	15.624435	
981	-34.976621	15.892028	
982	-35.487000	16.548558	
983	-34.986300	16.615017	
984	-34.640422	16.681110	
985	-34.509489	16.775414	
986	-33.242654	20.211518	
987	-34.397762	17.496080	
988	-34.659491	18.324872	
989	-34.699060	18.289185	
990	-34.110961	17.463857	
991	-34.163936	17.426243	
992	-34.272716	17.168549	
993	-34.188213	16.972429	
994	-34.098941	16.695755	
995	-34.029555	16.618635	
996	-33.858847	16.499954	
997	-33.818011	16.335298	
998	-33.546247	16.218587	
999	-33.790528	16.130493	
1000	-34.331392	16.538139	
1001	-34.258991	16.378141	
1002	-33.881579	16.456823	
1003	-33.694505	16.092824	
1004	-33.649645	15.961119	
1005	-33.583114	15.885671	
1006	-33.411648	15.709901	
1007	-33.805586	16.391921	
1008	-33.651788	15.396895	
1009	-33.245335	15.389391	
1010	-33.628749	15.890883	
1011	-33.922292	15.179974	
1012	-33.425105	15.408540	
1013	-33.117296	14.812818	
1014	-33.566134	14.785553	
1015	-33.680304	15.105934	
1016	-33.210897	14.645431	
1017	-33.665589	14.921940	
1018	-33.206173	14.349923	
1019	-33.406054	14.500304	
1020	-33.423806	14.699380	
1021	-33.033419	14.945349	
1022	-35.394924	11.331360	
1023	-33.046661	14.667995	
1024	-33.017688	14.878774	
1025	-32.949103	14.719977	
1026	-32.666723	14.360592	
1027	-32.841536	14.327918	
1028	-32.939171	14.162947	
1029	-35.497682	10.493739	
1030	-32.633963	14.064391	
1031	-32.574909	14.224124	
1032	-32.642626	14.072309	
1033	-32.601814	14.207240	
1034	-32.565216	14.157061	
1035	-32.595227	14.063445	
1036	-31.552257	15.985683	
1037	-31.656772	16.059271	
1038	-32.504967	14.085691	
1039	-36.194969	10.156804	
1040	-32.532996	14.161464	
1041	-32.372768	14.066473	
1042	-32.521097	14.041135	
1043	-32.503181	14.135838	
1044	-32.980743	14.202636	
1045	-32.333405	14.102443	
1046	-32.542560	14.109660	
1047	-32.892655	13.989168	
1048	-33.383253	15.139092	
1049	-33.367623	15.172976	
1050	-32.764602	14.315358	
1051	-33.527134	15.113497	
1052	-32.778112	14.381300	
1053	-32.760536	14.439718	
1054	-32.643859	14.781417	
1055	-32.539891	14.718978	
1056	-32.497379	14.476569	
1057	-32.695267	14.529150	
1058	-32.701717	14.621445	
1059	-32.662495	14.613641	
1060	-32.940398	14.703615	
1061	-32.615234	14.819887	
1062	-32.605199	14.724502	
1063	-32.444243	14.311510	
1064	-32.554250	14.534387	
1065	-32.287754	14.487074	
1066	-32.374592	14.562927	
1067	-32.296744	14.449908	
1068	-32.256285	14.203594	
1069	-32.565952	14.361604	
1070	-32.452329	14.223939	
1071	-32.569711	14.241922	
1072	-32.203315	13.763845	
1073	-32.209693	13.733843	
1074	-32.563541	14.610218	
1075	-32.507977	14.633716	
1076	-32.087526	14.396821	
1077	-32.268027	14.010172	
1078	-32.216062	14.062124	
1079	-32.079323	14.333108	
1080	-31.936702	14.329461	
1081	-31.794990	14.213352	
1082	-32.022719	14.277866	
1083	-31.924310	14.071850	
1084	-32.501774	14.754345	
1085	-30.495236	17.258761	
1086	-30.298685	17.288811	
1087	-30.534900	16.828659	
1088	-30.454725	17.215909	
1089	-31.973360	14.118137	
1090	-32.565913	14.479341	
1091	-32.197062	14.497150	
1092	-32.143353	14.426981	
1093	-32.045968	14.094904	
1094	-34.964032	10.461163	
1095	-34.430949	10.089238	
1096	-33.637397	12.657346	
1097	-34.516253	11.040941	
1098	-31.467864	13.878196	
1099	-31.627172	13.928127	
1100	-31.501260	13.919954	
1101	-31.908825	13.890835	
1102	-32.335200	13.575193	
1103	-32.505569	13.999789	
1104	-32.581350	13.653101	
1105	-32.069486	13.344877	
1106	-31.989889	13.165654	
1107	-31.545632	13.128310	
1108	-31.930235	13.454981	
1109	-31.519603	13.200678	
1110	-35.021953	9.748342	
1111	-32.964284	13.114456	
1112	-32.680261	12.807736	
1113	-32.590259	12.620638	
1114	-34.619767	10.436090	
1115	-32.907135	12.161318	
1116	-33.302688	12.824535	
1117	-35.297844	10.798656	
1118	-34.714417	10.488690	
1119	-35.148240	11.441303	
1120	-34.637724	10.920095	
1121	-34.759281	11.045758	
1122	-33.461446	12.182378	
1123	-34.437579	11.417558	
1124	-34.495562	11.320013	
1125	-34.757411	11.093674	
1126	-34.966223	11.663090	
1127	-35.051117	11.668913	
1128	-35.409004	12.036912	
1129	-35.706553	11.926693	
1130	-36.658760	11.639726	
1131	-36.401811	11.788480	
1132	-36.614011	12.052542	
1133	-36.621693	11.973856	
1134	-37.014083	11.977213	
1135	-36.891227	12.253669	
1136	-36.659522	11.966186	
1137	-36.797257	12.291150	
1138	-36.874372	11.908443	
1139	-37.763791	11.799799	
1140	-37.273433	11.707952	
1141	-37.469411	11.343278	
1142	-37.932557	11.372611	
1143	-38.135653	11.644794	
1144	-38.400746	11.829314	
1145	-38.854832	12.196169	
1146	-39.104005	12.094284	
1147	-39.314514	12.180787	
1148	-39.791778	11.809078	
1149	-40.688150	12.303067	
1150	-41.051327	12.741468	
1151	-41.656008	12.851199	
1152	-42.225095	12.433902	
1153	-42.376841	12.925039	
1154	-42.560732	12.816968	
1155	-42.418398	12.456513	
1156	-42.672912	12.323863	
1157	-43.207618	12.814153	
1158	-43.697278	12.428459	
1159	-43.916811	11.710171	
1160	-44.473604	11.995630	
1161	-44.929321	11.857163	
1162	-45.686848	12.594604	
1163	-43.207890	19.527123	
1164	-46.104188	12.255986	
1165	-47.258483	13.099981	
1166	-47.330449	13.003286	
1167	-48.022811	13.000624	
1168	-48.420304	13.143453	
1169	-48.108145	13.024926	
1170	-48.228208	13.236794	
1171	-46.624817	20.228454	
1172	-49.419382	13.528091	
1173	-49.563354	13.501364	
1174	-49.994943	13.824157	
1175	-50.645419	13.382489	
1176	-50.977247	12.809592	
1177	-51.090458	13.063867	
1178	-52.672544	13.541470	
1179	-52.678971	12.397705	
1180	-53.455705	12.415277	
1181	-54.007648	12.674259	
1182	-54.210450	12.710348	
1183	-54.193777	12.624057	
1184	-54.588987	12.843341	
1185	-55.273246	13.967303	
1186	-56.048746	14.867096	
1187	-56.225811	15.028670	
1188	-57.999704	16.000329	
1189	-58.158002	15.328189	
1190	-58.825070	16.183593	
1191	-59.336485	16.138112	
1192	-60.181513	15.942819	
1193	-60.484917	16.166449	
1194	-60.949313	15.668762	
1195	-61.886139	15.784766	
1196	-61.551187	15.649156	
1197	-62.144899	16.443048	
1198	-62.615988	15.046360	
1199	-63.893042	15.444701	
1200	-64.558281	15.789464	
1201	-65.556146	16.384890	
1202	-66.109292	17.308078	
1203	-67.213566	17.643487	
1204	-67.952948	17.913903	
1205	-67.630457	17.281407	
1206	-68.751133	17.962254	
1207	-69.402053	19.079303	
1208	-69.607593	18.685791	
1209	-71.010327	19.451011	
1210	-71.882290	19.905021	
1211	-72.660653	19.852420	
1212	-73.539179	20.959209	
1213	-73.112143	20.759308	
1214	-73.812025	22.000871	
1215	-74.108212	22.383006	
1216	-75.154775	23.252360	
1217	-75.762867	22.687944	
1218	-76.392178	22.569357	
1219	-76.749336	22.863710	
1220	-76.959540	23.129474	
1221	-77.421632	24.850781	
1222	-76.815704	23.810588	
1223	-78.231655	25.558060	
1224	-79.012826	26.518599	
1225	-79.481482	26.450502	
1226	-80.558064	29.174565	
1227	-80.950712	30.174101	
1228	-80.599745	28.384875	
1229	-81.141798	30.741695	
1230	-81.639558	29.667523	
1231	-82.165547	30.855036	
1232	-82.664462	34.362402	
1233	-83.172604	36.102771	
1234	-83.763523	36.730580	
1235	-84.421040	38.319299	
1236	-84.814187	40.382889	
1237	-84.568270	42.180411	
1238	-84.250934	39.779032	
1239	-85.009716	42.428158	
1240	-85.427093	44.799392	
1241	-84.799019	39.834258	
1242	-84.474755	35.039416	
1243	-84.096020	34.024756	
1244	-84.179766	34.735456	
1245	-84.455530	38.526099	
1246	-84.606542	35.645982	
1247	-85.130793	35.237427	
1248	-84.812987	-8.475260	
1249	-85.903766	41.383773	
1250	-86.253616	39.761409	
1251	-85.604919	31.948444	
1252	-86.027897	41.295893	
1253	-86.042799	46.257017	
1254	-85.555903	43.182782	
1255	-86.297885	46.759497	
1256	-86.265241	49.848427	
1257	-86.021582	45.453855	
1258	-86.194728	48.234072	
1259	-85.845169	51.144562	
1260	-85.094463	43.487653	
1261	-84.977665	40.068891	
1262	-84.676744	37.914955	
1263	-85.446425	43.591967	
1264	-85.658460	46.524337	
1265	-88.156653	78.064593	
1266	-85.931203	22.784720	
1267	-87.077149	67.051403	
1268	-86.368184	60.768698	
1269	-86.029499	60.170084	
1270	-86.032170	60.698670	
1271	-84.370864	19.906329	
1272	-89.562035	87.709168	
1273	-85.589460	24.953882	
1274	-85.471687	25.507713	
1275	-86.552947	32.991542	
1276	-91.385921	96.237822	
1277	-86.185209	30.119528	
1278	-86.328030	31.424170	
1279	-85.493857	15.848330	
1280	-88.417991	80.327577	
1281	-89.060674	84.042002	
1282	-91.170704	95.879837	
1283	-88.264277	77.254774	
1284	-88.458564	76.574305	
1285	-88.333028	77.066617	
1286	-87.239422	36.530318	
1287	-87.915457	52.998916	
1288	-92.452392	101.829712	
1289	-93.230974	105.455875	
1290	-89.454349	84.223157	
1291	-90.474825	95.131876	
1292	-88.230430	6.436275	
1293	-90.774758	98.248557	
1294	-90.006303	90.129477	
1295	-90.852196	108.350500	
1296	-91.233920	99.286046	
1297	-91.785111	103.706092	
1298	-91.042499	95.556096	
1299	-91.687202	98.952702	
1300	-91.081817	99.853279	
1301	-92.150033	104.527803	
1302	-93.356095	108.237378	
1303	-92.533860	117.296102	
1304	-94.043985	110.348378	
1305	-93.158224	121.428737	
1306	-93.808178	111.707669	
1307	-94.235166	111.018838	
1308	-95.093813	109.350095	
1309	-94.139305	111.857276	
1310	-94.146724	112.420109	
1311	-94.472755	113.771563	
1312	-94.289033	116.191246	
1313	-94.337497	116.274053	
1314	-92.178450	104.180400	
1315	-92.285438	105.369380	
1316	-92.814245	107.236326	
1317	-92.652419	108.613462	
1318	-93.042847	110.161619	
1319	-93.353985	111.044847	
1320	-93.683200	111.478969	
1321	-96.035917	121.883861	
1322	-93.318892	109.939309	
1323	-94.112708	113.348873	
1324	-93.442360	109.768822	
1325	-94.455924	109.796561	
1326	-95.691971	120.174258	
1327	-93.375435	107.473706	
1328	-91.869429	113.895696	
1329	-94.735342	108.331088	
1330	-92.291713	117.224263	
1331	-92.413141	115.201592	
1332	-92.161448	113.556521	
1333	-91.555007	121.773273	
1334	-91.932362	123.034664	
1335	-92.401980	119.157297	
1336	-92.807838	121.169479	
1337	-92.992335	123.311240	
1338	-93.335478	112.686835	
1339	-93.141304	112.303744	
1340	-93.393730	113.572036	
1341	-93.464969	113.755199	
1342	-93.846261	115.979171	
1343	-93.655524	123.793121	
1344	-93.469136	114.023067	
1345	-92.676243	121.724076	
1346	-94.716671	111.465046	
1347	-94.282868	124.054754	
1348	-96.461443	123.841332	
1349	-95.206937	113.091654	
1350	-96.029110	123.942212	
1351	-93.858604	108.585744	
1352	-93.883082	110.132962	
1353	-95.747095	114.707858	
1354	-93.845786	136.283382	
1355	-93.831091	137.718165	
1356	-93.916927	135.531172	
1357	-93.616517	137.818813	
1358	-92.791474	153.723727	
1359	-93.255783	130.538775	
1360	-93.612142	137.477928	
1361	-93.479040	138.201883	
1362	-93.768647	142.934877	
1363	-93.167264	159.571014	
1364	-93.660166	149.040081	
1365	-93.765881	152.660497	
1366	-93.399904	151.967017	
1367	-93.734393	154.168438	
1368	-93.656972	151.710054	
1369	-92.414289	158.370498	
1370	-92.463635	158.538224	
1371	-92.706648	164.417781	
1372	-92.245102	149.537118	
1373	-92.350311	160.367824	
1374	-92.066257	157.135783	
1375	-92.217778	167.922192	
1376	-92.153096	161.047590	
1377	-92.452897	168.800112	
1378	-91.906999	149.862272	
1379	-92.136157	156.619824	
1380	-92.060229	151.788977	
1381	-92.439066	163.150644	
1382	-92.143859	151.883929	
1383	-92.218996	153.626705	
1384	-92.685989	167.859199	
1385	-92.944817	168.933448	
1386	-92.566382	-177.237450	
1387	-92.082776	165.206034	
1388	-92.804229	143.555495	
1389	-93.180754	150.750023	
1390	-91.664082	-178.711375	
1391	-93.347798	123.005734	
1392	-93.219672	120.135004	
1393	-93.638809	124.605358	
1394	-94.072511	128.242819	
1395	-92.463458	155.695259	
1396	-94.266041	129.604704	
1397	-93.746977	119.844759	
1398	-92.469914	120.392237	
1399	-92.962449	126.267993	
1400	-92.664290	119.936857	
1401	-93.294605	127.684474	
1402	-92.627581	120.057894	
1403	-92.596167	119.876075	
1404	-92.561839	119.238822	
1405	-92.626807	120.290037	
1406	-92.478764	119.588455	
1407	-92.626913	120.626981	
1408	-92.410796	122.842864	
1409	-92.721050	122.187949	
1410	-92.775754	123.426005	
1411	-92.021046	118.085471	
1412	-92.557614	120.299287	
1413	-92.754432	122.513411	
1414	-92.530215	119.963896	
1415	-92.602527	123.437437	
1416	-93.077378	125.557739	
1417	-92.681838	121.513249	
1418	-93.306559	127.924622	
1419	-92.772328	119.873892	
1420	-92.936022	125.754000	
1421	-92.625737	120.046352	
1422	-92.744383	121.689720	
1423	-92.895465	121.271948	
1424	-92.820783	121.232224	
1425	-92.850534	120.835533	
1426	-92.749076	121.857106	
1427	-92.696653	123.729331	
1428	-92.876443	122.993058	
1429	-92.719481	123.883928	
1430	-92.618474	118.621422	
1431	-92.898081	122.208922	
1432	-92.710681	119.645583	
1433	-92.805021	120.073699	
1434	-92.839190	120.841238	
1435	-92.734816	122.276995	
1436	-92.840561	119.947698	
1437	-92.582509	119.317845	
1438	-92.539251	120.977786	
1439	-92.696661	110.757887	
1440	-92.612893	119.848051	
1441	-92.659059	110.696907	
1442	-92.752494	118.363303	
1443	-92.546500	109.923584	
1444	-94.467210	109.327964	
1445	-92.729590	117.809275	
1446	-95.455695	120.104924	
1447	-95.517247	119.832181	
1448	-94.101054	108.314378	
1449	-94.208607	108.779219	
1450	-91.785583	131.525795	
1451	-92.714695	123.869431	
1452	-93.138942	107.567893	
1453	-92.793572	106.542272	
1454	-91.912205	132.278672	
1455	-94.111962	119.947918	
1456	-93.052921	123.105805	
1457	-93.182434	107.551662	
1458	-93.100793	109.316079	
1459	-92.799220	106.410190	
1460	-93.417949	124.245693	
1461	-93.402073	109.078328	
1462	-92.726152	104.967490	
1463	-93.867151	112.135055	
1464	-90.988313	113.574614	
1465	-93.023084	107.242434	
1466	-92.569875	104.583241	
1467	-91.552124	108.915531	
1468	-93.647979	105.310781	
1469	-94.207326	108.345613	
1470	-93.898208	119.500365	
1471	-93.673144	117.897915	
1472	-93.657719	117.276682	
1473	-92.048171	131.166337	
1474	-92.142766	128.880699	
1475	-91.756289	126.310229	
1476	-91.818117	124.434408	
1477	-92.322569	126.224260	
1478	-91.927981	128.577205	
1479	-91.970427	126.805333	
1480	-91.862491	128.668155	
1481	-91.756089	131.130241	
1482	-91.976356	134.375187	
1483	-90.959311	108.844453	
1484	-91.608243	112.498741	
1485	-90.865701	110.032960	
1486	-91.273995	119.179152	
1487	-90.984555	110.331972	
1488	-92.188719	120.495280	
1489	-92.479066	120.799689	
1490	-92.379777	119.979427	
1491	-91.316601	108.412669	
1492	-91.305692	113.751586	
1493	-95.101885	115.988706	
1494	-92.287296	112.049163	
1495	-92.057210	109.621897	
1496	-91.061461	112.100456	
1497	-90.873053	107.212714	
1498	-90.793278	105.420076	
1499	-90.544622	100.841548	
1500	-90.535813	100.501848	
1501	-89.547715	83.284293	
1502	-89.267906	78.993306	
1503	-89.471402	81.473806	
1504	-89.935248	88.890905	
1505	-90.414846	98.502626	
1506	-90.230012	95.417132	
1507	-90.470190	99.708600	
1508	-90.017017	90.359495	
1509	-90.513954	101.606771	
1510	-91.961349	105.692083	
1511	-90.885187	104.437692	
1512	-91.405729	100.470235	
1513	-89.540646	82.354431	
1514	-90.382859	93.156104	
1515	-89.128939	81.995589	
1516	-90.234691	91.387331	
1517	-89.102058	73.963127	
1518	-89.463142	81.295032	
1519	-87.007124	-39.355411	
1520	-92.097554	101.585476	
1521	-89.216177	78.976654	
1522	-89.290237	76.887199	
1523	-88.450975	66.521807	
1524	-91.025405	95.950588	
1525	-88.232560	63.175821	
1526	-87.969933	60.027012	
1527	-87.666781	60.523841	
1528	-90.369684	92.306178	
1529	-90.822877	94.593602	
1530	-92.245751	101.406274	
1531	-87.881256	54.393837	
1532	-86.899572	45.461354	
1533	-86.614819	50.843246	
1534	-90.553047	92.554839	
1535	-86.688210	52.310682	
1536	-91.181272	95.507421	
1537	-91.153260	95.321204	
1538	-89.571333	88.016579	
1539	-85.891527	42.308558	
1540	-84.837132	31.784985	
1541	-84.884149	33.461213	
1542	-84.843676	36.053394	
1543	-84.623139	34.414698	
1544	-84.778145	37.699047	
1545	-84.380069	26.412571	
1546	-86.025755	66.208015	
1547	-86.534484	70.562591	
1548	-86.943527	76.796426	
1549	-83.576609	30.869303	
1550	-82.489755	26.072345	
1551	-82.515663	22.415952	
1552	-81.456674	18.663988	
1553	-81.489246	22.106919	
1554	-80.327969	14.069482	
1555	-79.355147	11.803023	
1556	-84.000777	62.170900	
1557	-79.651386	31.225340	
1558	-79.118118	34.146703	
1559	-79.384508	33.074591	
1560	-78.952859	27.533965	
1561	-78.139083	24.801339	
1562	-77.152112	23.633848	
1563	-77.175077	24.534795	
1564	-75.383755	20.666626	
1565	-73.618349	18.175607	
1566	-73.128043	14.308125	
1567	-72.606858	14.623221	
1568	-72.115519	15.071914	
1569	-72.541430	14.400873	
1570	-71.835526	13.005789	
1571	-70.622854	12.199682	
1572	-69.565615	10.330471	
1573	-67.675097	8.726278	
1574	-66.832808	7.396639	
1575	-66.399195	7.208193	
1576	-66.349009	6.535317	
1577	-65.502373	6.883955	
1578	-65.230469	6.625889	
1579	-65.399761	6.186240	
1580	-64.016096	4.647963	
1581	-62.717420	-0.347605	
1582	-61.883370	1.945749	
1583	-60.348740	-1.533750	
1584	-60.474776	-0.896436	
1585	-60.805589	2.463404	
1586	-60.471182	2.275521	
1587	-60.150244	1.913928	
1588	-59.605954	2.301877	
1589	-59.002728	2.173093	
1590	-58.430921	2.293316	
1591	-57.533437	2.360597	
1592	-56.863989	2.330027	
1593	-55.718513	1.693292	
1594	-55.611631	0.942182	
1595	-54.456721	0.433571	
1596	-54.475208	-0.102037	
1597	-53.691970	0.673906	
1598	-53.609232	0.619907	
1599	-52.383148	-0.133180	
1600	-52.140535	0.078126	
1601	-51.292909	-3.174705	
1602	-51.234942	0.528208	
1603	-50.291692	0.181062	
1604	-49.926760	0.570472	
1605	-48.913145	0.639623	
1606	-48.331741	0.723083	
1607	-47.640268	1.613604	
1608	-46.040373	-1.370355	
1609	-45.571964	-1.542679	
1610	-44.682022	-1.665022	
1611	-43.929061	-1.663776	
1612	-45.321512	1.484683	
1613	-43.370772	-1.968013	
1614	-44.267848	1.008070	
1615	-42.603636	-2.749143	
1616	-42.255459	-2.997133	
1617	-41.137872	-2.745857	
1618	-40.998074	-2.331998	
1619	-42.924782	0.603485	
1620	-41.751901	0.404315	
1621	-41.255512	0.473213	
1622	-40.776103	0.473929	
1623	-40.269451	0.710000	
1624	-38.194345	-2.938574	
1625	-39.690712	0.374912	
1626	-39.187336	0.380031	
1627	-38.734491	0.636056	
1628	-38.290821	0.116780	
1629	-37.803678	0.328654	
1630	-37.725471	0.076204	
1631	-37.725666	-0.296338	
1632	-38.113903	0.417769	
1633	-37.263396	0.058107	
1634	-36.890974	-0.031462	
1635	-36.533817	-0.627366	
1636	-36.385437	-0.462754	
1637	-35.094618	-0.128755	
1638	-34.512670	0.126004	
1639	-34.852567	0.251255	
1640	-34.473956	0.083665	
1641	-34.115479	0.379077	
1642	-32.796650	0.676126	
1643	-32.833345	0.435667	
1644	-32.803606	0.541219	
1645	-31.904093	0.843681	
1646	-31.582772	0.928450	
1647	-31.561407	0.838809	
1648	-31.419758	0.311387	
1649	-31.480826	0.503532	
1650	-30.999340	0.391853	
1651	-30.143322	0.705702	
1652	-30.491662	0.674971	
1653	-30.015811	0.552320	
1654	-28.888141	0.810876	
1655	-29.656065	0.219941	
1656	-29.639458	-0.327082	
1657	-28.769357	0.556411	
1658	-28.404465	0.687526	
1659	-28.953620	0.318515	
1660	-29.088953	-0.079029	
1661	-29.066573	-0.369387	
1662	-28.649964	-0.332206	
1663	-28.159893	-0.204345	
1664	-28.881666	-0.420478	
1665	-29.100874	-0.543627	
1666	-28.419691	-0.581514	
1667	-29.019255	-0.120556	
1668	-28.363462	-0.345281	
1669	-28.826710	-0.542681	
1670	-28.535895	-0.569698	
1671	-28.345819	-0.535276	
1672	-28.347698	-0.530605	
1673	-28.041995	-0.633128	
1674	-26.708865	0.451552	
1675	-25.619534	0.620108	
1676	-21.540407	9.194249	
1677	-25.216528	0.803576	
1678	-24.797716	1.125730	
1679	-25.231370	-1.674159	
1680	-24.769363	0.340256	
1681	-24.884414	-1.280417	
1682	-25.827320	-1.435927	
1683	-25.162476	-1.306611	
1684	-24.567560	1.057988	
1685	-24.855098	1.455042	
1686	-25.055981	1.775586	
1687	-24.242964	1.787308	
1688	-24.319682	1.630362	
1689	-23.967923	1.955294	
1690	-24.769228	-0.488706	
1691	-24.521159	-0.597903	
1692	-24.552126	-0.570852	
1693	-24.022126	-0.315347	
1694	-24.228063	-0.437053	
1695	-23.792598	1.558051	
1696	-23.749921	1.295501	
1697	-23.121278	1.569864	
1698	-23.767112	0.008107	
1699	-23.250966	1.988136	
1700	-23.220156	2.502525	
1701	-23.693126	2.454147	
1702	-22.530632	2.110349	
1703	-23.411842	2.318359	
1704	-23.130182	1.696534	
1705	-23.430654	1.806729	
1706	-22.804204	1.634178	
1707	-22.369531	1.786771	
1708	-22.638294	1.646889	
1709	-22.988869	1.478628	
1710	-22.267341	1.768327	
1711	-22.956357	1.586072	
1712	-22.291450	1.611339	
1713	-22.959068	1.426238	
1714	-22.892466	1.368138	
1715	-22.519355	1.473910	
1716	-22.559077	1.553935	
1717	-22.813756	1.154185	
1718	-23.392326	0.840476	
1719	-23.785558	1.052587	
1720	-23.440269	1.239271	
1721	-24.179351	0.674613	
1722	-23.388178	1.370758	
1723	-21.734738	3.489566	
1724	-22.253119	3.049880	
1725	-23.601435	1.184386	
1726	-24.460206	0.689117	
1727	-24.439493	0.788002	
1728	-24.442594	0.552211	
1729	-26.243197	-1.262983	
1730	-25.330676	-0.850423	
1731	-25.613572	-0.935955	
1732	-25.890459	-1.076860	
1733	-26.372406	-1.592770	
1734	-25.837215	-0.984052	
1735	-25.843132	-1.348752	
1736	-26.154631	-1.405692	
1737	-25.377772	0.033892	
1738	-25.025723	-3.081258	
1739	-26.210801	-1.511193	
1740	-24.974509	-0.167237	
1741	-24.990012	-0.135726	
1742	-24.397340	0.295924	
1743	-28.552437	-10.554562	
1744	-24.947440	-0.167893	
1745	-24.536411	-0.127878	
1746	-24.955278	-0.339601	
1747	-25.012122	-0.206134	
1748	-29.214417	-11.598370	
1749	-25.120035	-0.400115	
1750	-22.070571	7.177900	
1751	-24.811218	-0.090193	
1752	-24.704582	-0.054642	
1753	-24.810384	-0.337115	
1754	-24.654420	-0.370286	
1755	-25.012594	-0.709416	
1756	-25.007377	-0.549333	
1757	-24.991169	-0.801607	
1758	-24.355100	-0.226701	
1759	-24.346629	-0.302804	
1760	-24.886302	-0.806285	
1761	-24.812409	-0.868746	
1762	-24.485159	-0.462543	
1763	-24.493517	-0.371596	
1764	-24.774811	-0.887705	
1765	-25.200484	-1.123338	
1766	-24.771173	-0.638508	
1767	-25.154201	-0.751078	
1768	-24.984694	-0.701399	
1769	-25.079294	-0.667598	
1770	-24.754168	-0.611078	
1771	-24.787144	-0.519501	
1772	-25.323642	-0.665978	
1773	-25.229086	-0.706754	
1774	-25.202214	-0.360290	
1775	-25.419620	-0.441252	
1776	-25.333655	0.233044	
1777	-25.434574	0.134588	
1778	-25.660867	-0.110278	
1779	-25.848653	-0.385918	
1780	-25.803457	0.131044	
1781	-25.972415	-0.020526	
1782	-25.884293	0.226977	
1783	-25.861610	0.322162	
1784	-26.074664	0.470860	
1785	-24.213098	2.302854	
1786	-26.612143	-0.008630	
1787	-26.719479	0.180831	
1788	-25.745616	1.840432	
1789	-26.224331	1.137813	
1790	-25.795657	1.020519	
1791	-25.357878	1.051845	
1792	-25.616787	1.191004	
1793	-25.328038	1.255026	
1794	-25.520494	1.162554	
1795	-25.915798	0.041998	
1796	-25.713826	0.407270	
1797	-25.633309	0.269301	
1798	-25.593181	0.400725	
1799	-25.799753	0.325514	
1800	-25.481824	1.664788	
1801	-25.427807	1.456035	
1802	-25.805145	2.758225	
1803	-25.782535	1.805183	
1804	-25.381194	1.705603	
1805	-25.967862	2.350386	
1806	-25.455672	2.013465	
1807	-25.617859	1.755114	
1808	-26.255791	1.718063	
1809	-25.455868	2.355063	
1810	-25.278193	2.626915	
1811	-25.373891	2.386166	
1812	-26.017946	1.883641	
1813	-25.580674	2.063194	
1814	-25.722640	1.683866	
1815	-26.089757	1.976124	
1816	-25.952085	2.023077	
1817	-25.808383	1.973659	
1818	-26.011614	2.038823	
1819	-26.320119	1.581192	
1820	-26.740831	1.253744	
1821	-27.121360	1.357124	
1822	-27.045576	1.090161	
1823	-27.407714	1.642934	
1824	-27.344770	1.884352	
1825	-27.569684	2.004334	
1826	-27.777650	2.016379	
1827	-27.868770	1.968681	
1828	-28.440254	1.790474	
1829	-28.455638	0.861559	
1830	-28.399210	1.362490	
1831	-29.046783	1.064264	
1832	-29.736829	0.233241	
1833	-29.597157	0.917995	
1834	-29.397445	1.004854	
1835	-29.755248	0.657435	
1836	-28.927442	0.785716	
1837	-29.903367	0.527024	
1838	-29.441218	0.750433	
1839	-30.430426	0.464351	
1840	-30.481637	0.153947	
1841	-31.004094	0.236663	
1842	-30.932895	0.051793	
1843	-31.100002	0.063811	
1844	-31.542514	0.171013	
1845	-32.102172	0.094291	
1846	-32.420429	-0.159356	
1847	-32.481187	-0.534873	
1848	-32.901502	-0.226302	
1849	-33.142883	-0.918378	
1850	-33.391618	-1.013857	
1851	-33.805204	-1.543529	
1852	-34.292311	-1.924430	
1853	-34.627487	-1.404987	
1854	-34.754221	-1.140529	
1855	-34.763551	-0.778757	
1856	-35.461437	-1.320665	
1857	-35.635573	-1.373433	
1858	-35.813206	-0.870807	
1859	-35.610547	-1.064863	
1860	-36.329326	-0.467020	
1861	-36.868262	-0.290499	
1862	-37.494289	0.101369	
1863	-37.717904	-0.086105	
1864	-38.471859	0.444567	
1865	-39.000645	0.145230	
1866	-39.173951	0.295064	
1867	-40.014920	-0.002761	
1868	-40.386387	-0.349694	
1869	-40.447929	0.080796	
1870	-41.167828	-0.584244	
1871	-40.478560	-0.530303	
1872	-41.006008	-0.554630	
1873	-41.498440	-0.331715	
1874	-42.116520	-0.284470	
1875	-42.671476	-0.272855	
1876	-40.808745	3.003526	
1877	-41.994516	3.201060	
1878	-44.221802	-1.156193	
1879	-43.499495	2.487893	
1880	-44.299736	2.290266	
1881	-45.677762	0.746922	
1882	-46.027580	2.766692	
1883	-46.640403	0.641921	
1884	-48.162410	0.436693	
1885	-48.887822	0.707826	
1886	-50.083837	0.383638	
1887	-49.732005	0.497193	
1888	-50.297690	-0.078754	
1889	-51.248865	-0.874497	
1890	-51.668124	-0.600720	
1891	-51.649974	-1.185768	
1892	-52.791234	-1.259365	
1893	-53.305479	-1.324164	
1894	-53.649373	-2.437463	
1895	-53.880844	-2.489692	
1896	-54.134659	-2.071029	
1897	-55.455593	-2.774117	
1898	-55.999553	-2.119028	
1899	-57.168809	-2.433682	
1900	-57.068141	-2.135069	
1901	-58.204452	-1.246212	
1902	-59.756307	-0.051938	
1903	-60.567184	0.267343	
1904	-60.778818	0.044210	
1905	-60.823994	0.055332	
1906	-62.292936	0.778478	
1907	-62.537160	1.033748	
1908	-62.300896	0.761176	
1909	-63.073729	0.345485	
1910	-64.283621	-0.443361	
1911	-64.715119	-0.939132	
1912	-64.768820	0.610068	
1913	-65.668340	0.159508	
1914	-66.502534	-0.062782	
1915	-66.911421	0.121025	
1916	-67.675727	-1.467921	
1917	-68.104123	0.535551	
1918	-68.794081	0.487021	
1919	-69.973676	0.660922	
1920	-69.842100	0.394432	
1921	-71.040518	0.304583	
1922	-71.465679	0.419296	
1923	-72.402895	-0.512435	
1924	-73.640235	-1.541701	
1925	-73.776425	-0.658005	
1926	-75.038640	-1.231361	
1927	-75.509036	-0.675504	
1928	-75.455811	-1.181226	
1929	-75.452688	2.227869	
1930	-76.156122	-0.038805	
1931	-77.269610	-0.517851	
1932	-78.002215	-2.131044	
1933	-78.210447	-3.055260	
1934	-78.712920	-2.545075	
1935	-78.910825	7.617765	
1936	-79.851648	7.151762	
1937	-80.195046	9.110080	
1938	-81.574914	18.274821	
1939	-81.751495	18.701338	
1940	-84.696735	51.261280	
1941	-84.833244	53.339238	
1942	-82.072995	22.503306	
1943	-81.589285	-4.202366	
1944	-83.601848	36.609121	
1945	-82.104897	2.573734	
1946	-84.060519	44.665165	
1947	-84.607171	49.506518	
1948	-83.780973	41.956625	
1949	-82.116256	2.065682	
1950	-82.751735	-0.331439	
1951	-87.093743	71.890812	
1952	-85.289003	53.153710	
1953	-85.217281	53.456294	
1954	-86.055977	65.700371	
1955	-87.466506	72.800330	
1956	-82.979324	0.661649	
1957	-84.458496	43.975785	
1958	-85.469937	50.463573	
1959	-85.322096	47.983670	
1960	-88.114734	79.617196	
1961	-88.258401	79.392624	
1962	-87.668284	75.840431	
1963	-83.632267	-1.946292	
1964	-85.895529	58.022233	
1965	-86.913279	67.180969	
1966	-87.928823	76.995487	
1967	-86.801239	69.871156	
1968	-81.269968	-22.857164	
1969	-87.321174	75.154610	
1970	-88.384018	80.282973	
1971	-81.263227	-16.025967	
1972	-85.695599	59.845112	
1973	-83.960104	24.543046	
1974	-84.093794	23.548909	
1975	-83.791996	10.732859	
1976	-84.213540	27.909712	
1977	-84.663176	21.991441	
1978	-85.006980	23.198293	
1979	-86.796923	66.019119	
1980	-86.213419	54.632237	
1981	-89.323480	86.320469	
1982	-89.227106	86.178431	
1983	-89.389952	86.907933	
1984	-84.434365	24.047127	
1985	-85.004408	31.761398	
1986	-84.751682	32.887042	
1987	-86.931840	71.235445	
1988	-86.881421	70.956252	
1989	-85.265336	35.953198	
1990	-84.807378	32.587315	
1991	-87.671175	74.420710	
1992	-89.470514	87.312522	
1993	-86.716045	64.871933	
1994	-86.132200	68.467147	
1995	-86.284834	68.044725	
1996	-85.891994	66.260026	
1997	-86.467105	69.531906	
1998	-86.919846	72.853800	
1999	-87.121145	73.554306	
2000	-87.295214	73.461183	
2001	-87.990136	80.294916	
2002	-89.729804	88.624918	
2003	-89.600271	88.026406	
2004	-87.584604	73.339255	
2005	-89.024497	84.446191	
2006	-87.608132	72.095574	
2007	-87.148265	53.369966	
2008	-87.421774	49.277364	
2009	-88.139492	75.270421	
2010	-87.640259	58.454675	
2011	-89.930930	89.658178	
2012	-86.712024	51.043294	
2013	-89.150277	85.660091	
2014	-89.694631	88.540418	
2015	-90.250235	91.177746	
2016	-86.800033	51.427137	
2017	-87.937094	64.087759	
2018	-87.764914	60.436142	
2019	-87.870072	60.055985	
2020	-87.351882	54.357002	
2021	-86.658063	45.312715	
2022	-87.162153	50.555979	
2023	-87.674448	52.814504	
2024	-87.577796	55.750656	
2025	-86.598496	49.598539	
2026	-87.010149	53.106788	
2027	-86.462806	47.594660	
2028	-88.982004	84.871346	
2029	-90.482487	92.371037	
2030	-88.492333	82.812144	
2031	-87.743862	78.850740	
2032	-88.029370	72.648044	
2033	-88.788241	82.636749	
2034	-87.561149	64.772089	
2035	-87.640743	67.904483	
2036	-87.537215	70.037327	
2037	-87.298479	57.286854	
2038	-88.175284	64.681006	
2039	-88.211649	67.657363	
2040	-88.105652	65.757700	
2041	-88.180324	66.811569	
2042	-88.130186	64.779897	
2043	-88.029397	63.855244	
2044	-88.218103	66.771877	
2045	-91.335586	96.990956	
2046	-91.519234	98.134092	
2047	-91.109339	96.411991	
2048	-91.224199	96.933758	
2049	-91.044472	96.085648	
2050	-92.165262	101.482046	
2051	-91.416021	97.865033	
2052	-92.351731	102.270891	
2053	-91.936978	100.033369	
2054	-92.208724	101.869621	
2055	-88.585437	69.574092	
2056	-88.483203	70.522283	
2057	-88.906112	73.637630	
2058	-88.609386	67.114146	
2059	-91.854170	99.800261	
2060	-91.763698	99.292490	
2061	-91.215583	96.271407	
2062	-91.374620	97.442797	
2063	-88.101983	62.751532	
2064	-91.105869	96.298744	
2065	-91.356242	97.324863	
2066	-91.095547	96.232859	
2067	-88.179229	67.111721	
2068	-88.213654	65.487900	
2069	-91.351328	97.222937	
2070	-91.328331	97.384320	
2071	-91.469523	98.343846	
2072	-90.004897	90.033555	
2073	-91.256028	96.845141	
2074	-91.275687	96.878073	
2075	-91.639094	99.062501	
