Athlete_Engineering	// User ID
11-2-2021	// Evaluation date
P013_Walk4	30-1-2021	12:34:12:100	// Source file name and timestamp
250.000	// Sampling rate
5.548	// Data capture period



Sample #	Right_Leg_Flexion	Right_Leg_Abduction	
0	NaN	NaN	
1	NaN	NaN	
2	NaN	NaN	
3	NaN	NaN	
4	NaN	NaN	
5	NaN	NaN	
6	NaN	NaN	
7	NaN	NaN	
8	NaN	NaN	
9	NaN	NaN	
10	NaN	NaN	
11	NaN	NaN	
12	NaN	NaN	
13	NaN	NaN	
14	NaN	NaN	
15	NaN	NaN	
16	NaN	NaN	
17	NaN	NaN	
18	NaN	NaN	
19	NaN	NaN	
20	NaN	NaN	
21	NaN	NaN	
22	NaN	NaN	
23	NaN	NaN	
24	NaN	NaN	
25	NaN	NaN	
26	NaN	NaN	
27	NaN	NaN	
28	NaN	NaN	
29	NaN	NaN	
30	NaN	NaN	
31	NaN	NaN	
32	NaN	NaN	
33	NaN	NaN	
34	NaN	NaN	
35	NaN	NaN	
36	NaN	NaN	
37	NaN	NaN	
38	NaN	NaN	
39	NaN	NaN	
40	NaN	NaN	
41	NaN	NaN	
42	NaN	NaN	
43	NaN	NaN	
44	NaN	NaN	
45	NaN	NaN	
46	NaN	NaN	
47	NaN	NaN	
48	NaN	NaN	
49	NaN	NaN	
50	NaN	NaN	
51	NaN	NaN	
52	NaN	NaN	
53	NaN	NaN	
54	NaN	NaN	
55	NaN	NaN	
56	NaN	NaN	
57	NaN	NaN	
58	NaN	NaN	
59	NaN	NaN	
60	NaN	NaN	
61	NaN	NaN	
62	NaN	NaN	
63	NaN	NaN	
64	NaN	NaN	
65	NaN	NaN	
66	NaN	NaN	
67	NaN	NaN	
68	NaN	NaN	
69	NaN	NaN	
70	NaN	NaN	
71	NaN	NaN	
72	NaN	NaN	
73	NaN	NaN	
74	NaN	NaN	
75	NaN	NaN	
76	NaN	NaN	
77	NaN	NaN	
78	NaN	NaN	
79	NaN	NaN	
80	NaN	NaN	
81	NaN	NaN	
82	NaN	NaN	
83	NaN	NaN	
84	NaN	NaN	
85	NaN	NaN	
86	NaN	NaN	
87	NaN	NaN	
88	NaN	NaN	
89	NaN	NaN	
90	NaN	NaN	
91	NaN	NaN	
92	NaN	NaN	
93	NaN	NaN	
94	NaN	NaN	
95	NaN	NaN	
96	NaN	NaN	
97	NaN	NaN	
98	NaN	NaN	
99	NaN	NaN	
100	NaN	NaN	
101	NaN	NaN	
102	NaN	NaN	
103	NaN	NaN	
104	NaN	NaN	
105	NaN	NaN	
106	NaN	NaN	
107	NaN	NaN	
108	NaN	NaN	
109	NaN	NaN	
110	NaN	NaN	
111	NaN	NaN	
112	NaN	NaN	
113	NaN	NaN	
114	NaN	NaN	
115	NaN	NaN	
116	NaN	NaN	
117	NaN	NaN	
118	NaN	NaN	
119	NaN	NaN	
120	NaN	NaN	
121	NaN	NaN	
122	NaN	NaN	
123	NaN	NaN	
124	NaN	NaN	
125	NaN	NaN	
126	NaN	NaN	
127	NaN	NaN	
128	NaN	NaN	
129	NaN	NaN	
130	NaN	NaN	
131	NaN	NaN	
132	NaN	NaN	
133	NaN	NaN	
134	NaN	NaN	
135	NaN	NaN	
136	NaN	NaN	
137	NaN	NaN	
138	NaN	NaN	
139	NaN	NaN	
140	NaN	NaN	
141	NaN	NaN	
142	NaN	NaN	
143	NaN	NaN	
144	NaN	NaN	
145	NaN	NaN	
146	NaN	NaN	
147	NaN	NaN	
148	NaN	NaN	
149	NaN	NaN	
150	NaN	NaN	
151	-93.735618	126.750457	
152	-93.880419	121.926670	
153	-93.707183	126.505572	
154	-94.655410	-167.433744	
155	-94.893831	-166.035716	
156	-94.522161	-170.944488	
157	NaN	NaN	
158	NaN	NaN	
159	NaN	NaN	
160	NaN	NaN	
161	NaN	NaN	
162	NaN	NaN	
163	NaN	NaN	
164	NaN	NaN	
165	NaN	NaN	
166	NaN	NaN	
167	NaN	NaN	
168	NaN	NaN	
169	NaN	NaN	
170	NaN	NaN	
171	NaN	NaN	
172	NaN	NaN	
173	NaN	NaN	
174	NaN	NaN	
175	NaN	NaN	
176	NaN	NaN	
177	NaN	NaN	
178	NaN	NaN	
179	NaN	NaN	
180	NaN	NaN	
181	NaN	NaN	
182	NaN	NaN	
183	NaN	NaN	
184	-92.365850	-120.587849	
185	-91.936629	-116.434728	
186	-91.926509	-117.278241	
187	-92.013296	-117.607696	
188	-92.004249	-120.134550	
189	-90.226457	96.392596	
190	-93.640401	-105.586938	
191	-94.146083	-105.630871	
192	-94.332394	-108.024291	
193	-92.165563	-127.199621	
194	-92.021902	-117.881039	
195	-90.779864	-105.284948	
196	-91.595275	-119.783835	
197	-91.057968	-169.406399	
198	-91.257065	-114.229167	
199	-92.923974	-121.811301	
200	-92.961650	-116.965365	
201	-90.723633	128.987418	
202	-91.696614	-111.318803	
203	-91.850931	-107.288757	
204	-91.127011	-101.248004	
205	-89.954605	87.777063	
206	-90.227624	98.350890	
207	-90.127087	94.126992	
208	-90.354483	-138.236114	
209	-90.362137	-123.010713	
210	-90.203213	-94.381012	
211	-90.063081	-93.077134	
212	-90.295830	126.916660	
213	-89.864364	84.133982	
214	-90.185481	100.909989	
215	-90.799009	151.596784	
216	-91.389328	163.671871	
217	-91.275379	-175.846681	
218	-89.966199	86.891877	
219	-90.099089	-113.778467	
220	-90.538165	129.338956	
221	-90.551633	175.011587	
222	-90.736389	164.468841	
223	-90.745368	154.980828	
224	-91.218336	162.260445	
225	-90.460808	130.476530	
226	-89.986388	87.384446	
227	-90.537294	-157.008571	
228	-91.595368	178.882115	
229	-90.897901	136.623166	
230	-89.696778	84.267031	
231	-90.803461	106.656105	
232	-91.001531	120.703674	
233	-91.072310	119.254792	
234	-90.425543	103.821861	
235	-90.431071	99.560254	
236	-91.299925	114.587266	
237	-91.582640	162.083068	
238	-90.924989	-171.367816	
239	-91.186033	172.227668	
240	-91.887269	175.182620	
241	-91.766595	162.073958	
242	-91.509305	161.664444	
243	-91.543930	157.191943	
244	-91.738806	157.286772	
245	-90.592669	129.329262	
246	-91.062738	168.194634	
247	-90.788425	166.265018	
248	-90.616439	179.007967	
249	-90.233247	134.549333	
250	-89.712682	52.448087	
251	-90.469392	149.553989	
252	-89.777298	-40.115342	
253	-90.647335	160.483434	
254	-90.520136	156.014331	
255	-89.868221	60.649708	
256	-90.028191	93.605127	
257	-89.544285	-41.479985	
258	-89.951024	-83.758028	
259	-90.298923	-138.994103	
260	-90.194726	177.289992	
261	-90.923978	170.893914	
262	-89.945733	-68.353870	
263	-89.779393	-31.683144	
264	-89.600672	58.887424	
265	-90.227897	103.218297	
266	-89.700421	-29.489574	
267	-88.737927	11.829017	
268	-90.253186	92.819503	
269	-89.366385	2.474802	
270	-89.401692	45.166248	
271	-89.942043	80.087655	
272	-90.529203	-135.291293	
273	-89.573320	28.972986	
274	-90.457406	151.701706	
275	-89.434620	8.847197	
276	-90.407906	174.515968	
277	-90.077362	114.368074	
278	-90.170908	121.185038	
279	-90.828306	96.940567	
280	-90.107981	92.749771	
281	-89.812916	69.253358	
282	-91.034615	100.543546	
283	-90.812136	142.844406	
284	-91.628772	99.385781	
285	-92.357098	117.243493	
286	-91.912024	119.672764	
287	-92.107646	113.442534	
288	-91.851421	107.395387	
289	-92.254677	140.072600	
290	-92.495134	-151.459855	
291	-92.414031	164.456367	
292	-92.065445	102.373776	
293	-92.301312	114.632330	
294	-92.292108	115.556162	
295	-92.334290	129.528537	
296	-92.672146	167.359404	
297	-92.675122	120.134446	
298	-91.248860	-153.534027	
299	-92.156183	-165.857020	
300	-92.650223	-170.822695	
301	-92.225483	-170.117343	
302	-92.479716	-171.442862	
303	-93.276726	-165.587139	
304	-93.173474	-175.058123	
305	-93.422990	-174.574341	
306	-93.183236	-166.359819	
307	-93.802266	177.259193	
308	-94.103976	173.146778	
309	-94.364672	-177.911541	
310	-94.344063	-179.374404	
311	-93.838041	-175.429284	
312	-94.787707	-179.998800	
313	-95.080565	-179.161678	
314	-94.898065	175.339742	
315	-94.780175	174.273954	
316	-94.947022	-179.109439	
317	-95.286798	170.891674	
318	-95.488323	173.035961	
319	-95.669494	-176.611261	
320	-95.705044	176.905460	
321	-95.808292	172.507439	
322	-95.936481	176.878570	
323	-95.720649	174.362022	
324	-95.746352	175.790226	
325	-95.963005	173.044722	
326	-96.355373	176.087885	
327	-96.536641	173.520962	
328	-97.271148	170.116121	
329	-97.026437	164.925743	
330	-97.268496	175.691206	
331	-97.420359	172.835550	
332	-97.148431	174.108705	
333	-96.558494	160.780853	
334	-97.489745	168.342826	
335	-97.693108	171.590738	
336	-98.052921	167.237846	
337	-97.240102	165.299616	
338	-97.161072	163.132690	
339	-96.824920	161.503722	
340	-97.013070	165.217123	
341	-97.175960	170.061363	
342	-96.657106	164.833554	
343	-95.993525	161.470326	
344	-96.062671	164.403289	
345	-95.551562	159.105592	
346	-94.538810	154.174027	
347	-94.354752	159.581847	
348	-94.774306	161.211607	
349	-94.749804	156.633299	
350	-94.006904	155.925789	
351	-92.772211	144.418105	
352	-92.642030	139.120428	
353	-92.163145	131.324930	
354	-92.574593	133.843248	
355	-92.519947	142.403771	
356	-91.414580	121.428402	
357	-89.877631	87.302901	
358	-89.994831	89.888926	
359	-89.657651	83.962713	
360	-87.501312	55.050947	
361	-86.506120	44.561688	
362	-87.968627	54.370626	
363	-88.367964	67.578701	
364	-84.768825	44.307091	
365	-87.849092	56.601085	
366	-87.812403	59.659781	
367	-83.725749	38.317210	
368	-82.764888	38.784754	
369	-86.397770	47.540873	
370	-81.936682	31.937269	
371	-79.647215	50.244406	
372	-78.782510	36.556118	
373	-78.441682	22.443157	
374	-76.812175	24.980591	
375	-77.574021	49.883595	
376	-75.885354	36.027842	
377	-74.972520	28.812224	
378	-73.912078	29.333405	
379	-73.748764	13.395502	
380	-72.660499	15.635770	
381	-71.636882	14.545639	
382	-71.077253	11.474310	
383	-70.123620	11.351886	
384	-69.094847	10.150919	
385	-68.556381	16.012472	
386	-68.321356	8.767734	
387	-68.173662	5.057106	
388	-67.626323	9.025521	
389	-66.636656	7.310660	
390	-66.449986	6.488196	
391	-69.615329	32.760623	
392	-65.281470	6.029376	
393	-65.311113	3.215562	
394	-63.791603	6.936119	
395	-62.454068	5.451507	
396	-62.542032	6.004877	
397	-62.341181	5.242749	
398	-60.260170	4.166620	
399	-60.853605	6.637009	
400	-59.330496	4.771004	
401	-58.230155	5.054375	
402	-57.743336	5.610032	
403	-57.011361	5.255115	
404	-55.891000	4.476093	
405	-55.777315	4.375918	
406	-55.407289	3.576807	
407	-53.318724	4.154339	
408	-52.904396	2.596123	
409	-52.062055	3.553886	
410	-52.122718	3.851227	
411	-51.694825	3.211003	
412	-51.229254	2.946158	
413	-50.707567	0.585579	
414	-50.842239	-0.967864	
415	-49.774188	-0.444269	
416	-48.776729	-0.077068	
417	-48.652544	-0.572065	
418	-48.378945	-0.535677	
419	-48.144269	-0.745999	
420	-47.969104	-1.039920	
421	-47.704325	-1.165686	
422	-47.662519	-1.279930	
423	-47.461302	-1.638139	
424	-46.915647	-1.895012	
425	-47.608707	-2.684106	
426	-46.701885	-2.323103	
427	-46.611123	-2.538199	
428	-46.835577	-2.316718	
429	-46.770169	-2.251851	
430	-46.486570	-2.421597	
431	-46.816351	-3.053749	
432	-46.789795	-3.724182	
433	-47.089278	-4.847280	
434	-47.031081	-4.192204	
435	-47.329586	-3.788411	
436	-47.182330	-3.405908	
437	-47.232445	-3.781830	
438	-47.281500	-3.352552	
439	-47.912722	-3.416852	
440	-48.407286	-3.485992	
441	-48.813103	-1.691104	
442	-49.683261	-2.277356	
443	-49.881170	-1.563287	
444	-50.719279	-3.082020	
445	-51.092296	-1.243833	
446	-51.128001	-0.077472	
447	-51.487688	0.539022	
448	-51.793296	1.677484	
449	-52.328986	0.862663	
450	-51.780039	-0.718547	
451	-52.120066	0.871037	
452	-52.799755	1.056655	
453	-53.295817	1.122872	
454	-54.236120	0.447465	
455	-54.955946	4.188685	
456	-55.553935	2.307449	
457	-55.514569	2.866499	
458	-55.766472	2.721198	
459	-56.490116	2.985680	
460	-56.759692	1.506863	
461	-57.135420	2.077449	
462	-56.834284	1.784669	
463	-57.347792	2.083994	
464	-57.364777	1.425275	
465	-57.624068	1.845939	
466	-57.725278	2.863182	
467	-57.707563	2.373746	
468	-57.820227	3.799242	
469	-57.849347	2.892009	
470	-58.197791	2.022528	
471	-58.155843	2.150488	
472	-58.727606	1.344964	
473	-59.076321	1.731790	
474	-59.464608	-0.019234	
475	-59.936772	-0.824529	
476	-60.274003	-1.754005	
477	-61.174952	-2.536751	
478	-61.197528	-4.155477	
479	-61.734114	-5.969891	
480	-62.131338	-6.583188	
481	-62.293528	-7.309886	
482	-61.997055	-7.179860	
483	-61.785572	-8.042147	
484	-61.536808	-10.899160	
485	-61.035423	-9.009570	
486	-60.874324	-11.119522	
487	-60.705480	-10.555638	
488	-59.790351	-10.490494	
489	-59.150015	-9.577605	
490	-58.793557	-9.054750	
491	-58.756640	-8.213654	
492	-58.206861	-6.865480	
493	-58.410947	-7.361926	
494	-58.405072	-6.989668	
495	-58.650963	-7.278563	
496	-59.633263	-8.565069	
497	-59.992830	-10.418509	
498	-59.615953	-9.678440	
499	-59.908767	-11.156354	
500	-60.811745	-12.495592	
501	-61.524127	-13.032759	
502	-61.488589	-13.542170	
503	-61.960870	-14.151854	
504	-62.829495	-13.955966	
505	-63.560236	-13.179873	
506	-63.728380	-12.751295	
507	-63.990739	-10.403737	
508	-64.899200	-9.834977	
509	-65.110083	-10.424435	
510	-65.595571	-11.483683	
511	-65.621950	-12.738076	
512	-65.785161	-13.215256	
513	-66.282422	-14.468419	
514	-65.898978	-15.601589	
515	-65.904530	-16.103196	
516	-66.714153	-17.432763	
517	-67.484338	-17.691942	
518	-67.580526	-16.551889	
519	-68.009436	-16.614545	
520	-68.466013	-15.801147	
521	-69.050332	-16.277059	
522	-69.375840	-14.457389	
523	-69.148014	-1.804286	
524	-69.935250	-5.016727	
525	-70.588211	-10.444075	
526	-71.450500	-18.666253	
527	-71.932439	-19.252496	
528	-72.799895	-22.080981	
529	-72.976148	-21.218765	
530	-73.487424	-22.262660	
531	-73.733340	-19.993138	
532	-74.058248	-13.199465	
533	-74.552585	-22.440329	
534	-74.202807	1.496329	
535	-74.787213	-10.155816	
536	-75.044552	-12.521920	
537	-75.833587	-22.615254	
538	-76.096344	-24.096824	
539	-76.641666	-25.066637	
540	-77.154616	-24.113096	
541	-77.429560	-26.682641	
542	-77.500138	-25.267665	
543	-77.716422	-25.907261	
544	-78.131924	-26.568786	
545	-78.577104	-26.951927	
546	-78.941546	-28.346517	
547	-79.041237	-26.840880	
548	-79.211141	-25.796143	
549	-79.493150	-28.770931	
550	-80.457829	-27.234691	
551	-80.522163	-26.952186	
552	-80.879902	-27.482631	
553	-81.169438	-26.354349	
554	-81.417861	-31.300716	
555	-82.122401	-33.724513	
556	-82.578344	-35.135024	
557	-82.732719	-35.044546	
558	-82.994401	-34.522595	
559	-83.336732	-32.839742	
560	-83.853214	-37.211781	
561	-84.456839	-40.713226	
562	-84.605219	-38.266421	
563	-84.775548	-38.533150	
564	-85.507458	-48.022527	
565	-85.873920	-49.347409	
566	-86.471234	-53.093868	
567	-86.835894	-57.787229	
568	-87.108652	-60.230460	
569	-87.398299	-61.153906	
570	-87.908641	-68.261784	
571	-88.120793	-69.795629	
572	-88.758669	-73.940508	
573	-89.146787	-79.821007	
574	-89.809426	-87.846057	
575	-90.344350	-93.936877	
576	-90.577295	-96.665237	
577	-91.078155	-101.613155	
578	-91.428193	-104.841854	
579	-91.792642	-108.160585	
580	-92.342704	-113.525785	
581	-92.581692	-117.179592	
582	-92.955758	-120.025720	
583	-93.126934	-121.706451	
584	-93.477425	-128.306454	
585	-93.491436	-132.517289	
586	-94.036079	-134.094065	
587	-94.652553	-135.450192	
588	-94.901365	-138.267118	
589	-95.129572	-131.087669	
590	-95.165335	-134.336118	
591	-95.680262	-142.594230	
592	-96.115612	-144.758031	
593	-96.355401	-146.357188	
594	-96.679259	-146.646975	
595	-97.305639	-148.631537	
596	-97.582091	-147.260611	
597	-97.758574	-150.248254	
598	-98.014333	-150.966528	
599	-98.289083	-149.898087	
600	-98.237542	-152.913458	
601	-98.306697	-158.508957	
602	-98.335913	-155.327061	
603	-98.303928	-153.281737	
604	-98.504695	-155.794758	
605	-98.514406	-153.244046	
606	-98.792123	-152.312146	
607	-98.723404	-153.181502	
608	-99.083071	-152.359433	
609	-99.093681	-150.368147	
610	-99.049626	-152.832671	
611	-99.228298	-154.323823	
612	-99.083154	-151.129065	
613	-98.823664	-149.798986	
614	-98.928532	-150.619537	
615	-99.253109	-154.962078	
616	-99.251463	-153.420544	
617	-99.210807	-151.064859	
618	-99.471572	-154.964654	
619	-99.513585	-156.406767	
620	-99.287563	-152.822841	
621	-99.342931	-154.160488	
622	-99.174823	-153.967170	
623	-99.076124	-162.478358	
624	-98.529790	-158.327118	
625	-98.105893	-155.599139	
626	-97.529203	-159.960428	
627	-97.436007	-154.412997	
628	-97.059416	-157.049357	
629	-96.486254	-160.920218	
630	-95.734834	-152.770285	
631	-95.454344	-147.188017	
632	-94.641985	-144.193008	
633	-94.203309	-138.936124	
634	-93.397341	-140.225208	
635	-92.778033	-128.806972	
636	-92.274430	-126.573572	
637	-91.699254	-121.748064	
638	-91.007313	-114.148870	
639	-90.689087	-115.714117	
640	-89.972806	-88.436573	
641	-89.237152	-44.283419	
642	-88.458012	-27.759858	
643	-87.605229	-19.367090	
644	-86.452783	-9.024506	
645	-85.504462	-0.771799	
646	-84.463078	-1.875023	
647	-83.655842	3.614734	
648	-82.668867	9.065448	
649	-82.554996	15.684620	
650	-82.141619	6.696473	
651	-81.146470	9.460712	
652	-80.131512	8.397760	
653	-79.212867	12.407433	
654	-78.737886	13.703010	
655	-77.833354	11.975485	
656	-76.845640	10.524910	
657	-76.464007	11.226332	
658	-75.720604	9.842676	
659	-75.080968	9.568429	
660	-74.385393	9.018496	
661	-73.730505	9.559990	
662	-72.632818	11.363297	
663	-72.160824	7.943360	
664	-71.631164	6.733197	
665	-70.769649	6.376553	
666	-70.248650	6.803380	
667	-68.966644	7.053501	
668	-68.419698	6.502795	
669	-66.876385	5.916136	
670	-65.856324	6.014406	
671	-65.746815	4.827186	
672	-65.041123	6.294034	
673	-64.111148	4.997577	
674	-64.094120	3.120521	
675	-63.633681	4.414647	
676	-63.064588	2.806229	
677	-62.310873	2.871715	
678	-61.949937	4.774461	
679	-61.495527	4.025857	
680	-61.254633	4.803172	
681	-60.952930	4.445698	
682	-60.197058	4.503647	
683	-59.503256	5.361839	
684	-60.145792	4.729939	
685	-59.416505	5.639038	
686	-58.518718	6.482136	
687	-57.698998	7.112642	
688	-58.102602	5.786849	
689	-57.802124	5.645783	
690	-57.249792	7.035751	
691	-56.993913	4.310198	
692	-56.632766	3.558547	
693	-56.269429	4.838149	
694	-56.249901	3.778043	
695	-55.315270	3.863158	
696	-56.117621	3.177592	
697	-55.977916	2.510304	
698	-55.718609	2.819419	
699	-55.473754	2.783766	
700	-55.322074	2.596860	
701	-55.198363	2.823397	
702	-55.295739	2.841985	
703	-55.300694	2.322463	
704	-55.299431	2.535941	
705	-55.317940	2.335975	
706	-55.296581	2.974032	
707	-55.662264	2.836250	
708	-56.005326	1.344875	
709	-56.055090	2.915420	
710	-56.201258	3.755846	
711	-56.991184	3.584437	
712	-57.244397	3.466006	
713	-57.655599	4.471310	
714	-57.803930	4.617564	
715	-58.261297	4.658948	
716	-58.814276	4.767553	
717	-60.002739	5.937541	
718	-60.667481	6.035923	
719	-61.397559	6.726882	
720	-62.011211	6.672707	
721	-62.858707	7.153964	
722	-62.880437	7.400130	
723	-63.489708	7.330763	
724	-64.129189	7.672806	
725	-64.937714	6.545739	
726	-65.227524	4.883461	
727	-65.610509	6.794911	
728	-65.716166	6.561168	
729	-66.120885	6.433385	
730	-65.971799	5.965242	
731	-65.629545	6.140416	
732	-65.960424	5.146233	
733	-66.192684	5.425087	
734	-65.677067	5.747102	
735	-66.208341	4.871043	
736	-65.733592	4.764095	
737	-65.574211	5.559051	
738	-65.874088	6.204104	
739	-65.879687	3.875163	
740	-65.404919	3.517819	
741	-65.958907	3.484540	
742	-65.421935	3.323947	
743	-65.366741	3.903738	
744	-66.462831	0.926352	
745	-66.104187	0.455850	
746	-66.102581	-0.743313	
747	-66.461622	-0.214647	
748	-66.937268	-3.388558	
749	-67.601941	-3.516944	
750	-67.530354	-5.125379	
751	-67.466072	-5.182113	
752	-68.258127	-7.474632	
753	-69.268572	-8.144020	
754	-69.440566	-9.547266	
755	-69.686998	-9.520094	
756	-70.027320	-12.081843	
757	-69.884647	-11.837437	
758	-69.469198	-13.719460	
759	-69.864352	-12.443957	
760	-69.210749	-12.314294	
761	-68.595594	-12.986224	
762	-68.390134	-13.300619	
763	-67.405607	-12.093390	
764	-66.957147	-11.929614	
765	-66.968261	-11.192032	
766	-66.882591	-12.391913	
767	-66.824652	-11.503416	
768	-67.092325	-11.960711	
769	-66.907204	-10.443570	
770	-66.938282	-10.538509	
771	-67.187412	-9.928870	
772	-67.072555	-9.969382	
773	-67.627094	-11.248230	
774	-68.489632	-11.718788	
775	-69.065328	-12.694288	
776	-69.138420	-14.712220	
777	-69.777132	-15.580617	
778	-69.902752	-17.247467	
779	-70.323265	-17.570957	
780	-71.091770	-18.133478	
781	-72.059484	-20.235047	
782	-73.011720	-21.587887	
783	-73.529104	-20.213636	
784	-73.275304	-21.023385	
785	-73.324402	-21.566432	
786	-73.936193	-21.361356	
787	-74.041690	-23.175039	
788	-73.977393	-22.427371	
789	-73.944512	-22.770100	
790	-74.214612	-24.431457	
791	-75.061913	-24.864430	
792	-74.961625	-26.263678	
793	-75.633266	-26.953110	
794	-75.800821	-26.813797	
795	-75.547348	-26.040623	
796	-75.884139	-25.683923	
797	-76.638974	-27.096372	
798	-76.929187	-28.639970	
799	-77.042533	-27.053456	
800	-77.891968	-28.425624	
801	-78.196944	-28.874296	
802	-78.092518	-28.502159	
803	-78.950641	-30.688421	
804	-79.363950	-32.668673	
805	-79.413149	-32.694220	
806	-80.317108	-34.776445	
807	-80.528289	-36.738157	
808	-80.005487	-36.384285	
809	-80.733962	-38.456405	
810	-80.892187	-37.773355	
811	-82.121553	-43.298458	
812	-81.882376	-42.145123	
813	-81.947001	-43.693129	
814	-81.823002	-43.479243	
815	-82.708264	-45.913260	
816	-82.378198	-45.676003	
817	-82.812625	-47.445025	
818	-82.933410	-47.402361	
819	-83.318302	-49.393336	
820	-83.248539	-48.240229	
821	-83.424618	-49.414955	
822	-83.526379	-48.807050	
823	-84.210435	-52.964093	
824	-84.074999	-51.966137	
825	-83.972913	-51.274091	
826	-84.226705	-52.420095	
827	-84.818791	-54.879337	
828	-85.151516	-56.862731	
829	-84.346657	-53.612491	
830	-85.484989	-59.033228	
831	-86.068058	-61.911570	
832	-85.386298	-58.311101	
833	-85.599759	-57.922594	
834	-86.669723	-62.958201	
835	-86.565801	-63.086996	
836	-86.141609	-58.380025	
837	-86.710800	-60.812651	
838	-87.715387	-69.627578	
839	-87.324892	-65.201682	
840	-87.582414	-66.295158	
841	-88.429186	-73.207076	
842	-88.519783	-74.899079	
843	-88.470327	-77.013889	
844	-88.079873	-72.552393	
845	-88.796651	-79.218377	
846	-89.748101	-87.685047	
847	-89.870486	-88.836582	
848	-90.094101	-90.880784	
849	-90.696139	-95.987599	
850	-90.748569	-96.898120	
851	-91.002088	-99.381537	
852	-91.788362	-106.582286	
853	-91.689120	-105.726127	
854	-91.515080	-104.145681	
855	-91.816321	-106.841168	
856	-92.610759	-113.832985	
857	-92.840691	-115.571958	
858	-93.455574	-118.876176	
859	-92.282832	-111.999039	
860	-92.627988	-117.479732	
861	-93.180829	-122.191220	
862	-93.860428	-127.636310	
863	-93.997910	-127.365896	
864	-93.934633	-126.875447	
865	-93.891556	-125.690644	
866	-94.261662	-129.904268	
867	-95.013812	-135.549773	
868	-95.811260	-138.794192	
869	-96.292494	-140.432603	
870	-95.481186	-134.779302	
871	-95.781132	-136.998750	
872	-96.233599	-139.277180	
873	-96.629295	-142.650434	
874	-97.288984	-146.886516	
875	-97.468151	-150.416485	
876	-97.857928	-151.449843	
877	-97.412400	-150.670823	
878	-97.772471	-151.699554	
879	-97.983731	-150.766749	
880	-97.975533	-151.945165	
881	-97.979080	-150.774841	
882	-98.067442	-153.369645	
883	-97.891169	-154.463140	
884	-98.393689	-155.597852	
885	-98.216030	-155.769296	
886	-98.391262	-155.994072	
887	-98.259806	-152.649904	
888	-99.090025	-159.613176	
889	-99.567228	-160.691118	
890	-98.498771	-156.163120	
891	-98.768627	-154.848758	
892	-98.664496	-152.058574	
893	-98.657345	-150.801614	
894	-99.165660	-153.303351	
895	-99.491511	-156.692359	
896	-100.097761	-158.471975	
897	-100.173278	-162.950540	
898	-100.430826	-160.586335	
899	-100.580071	-162.213489	
900	-101.319711	-164.518455	
901	-100.883963	-161.766309	
902	-100.233505	-162.413066	
903	-100.642186	-159.739304	
904	-100.659501	-159.589607	
905	-99.610381	-159.757474	
906	-98.755360	-154.419967	
907	-98.610419	-154.353394	
908	-97.965404	-152.208124	
909	-96.796612	-150.337968	
910	-97.649215	-154.785437	
911	-95.096326	-139.466154	
912	-94.561326	-140.631553	
913	-94.582793	-142.252524	
914	-94.058885	-151.063743	
915	-92.614616	-136.383089	
916	-92.167770	-123.169882	
917	-90.709970	-104.379645	
918	-89.224499	-68.197111	
919	-90.330239	-103.322832	
920	-89.368771	-61.564489	
921	-88.911754	-54.719611	
922	-88.553383	-31.012113	
923	-87.360419	-10.188581	
924	-85.715231	-5.233649	
925	-85.370550	0.922559	
926	-85.336452	0.015937	
927	-86.010256	13.164527	
928	-83.088361	6.152147	
929	-81.798951	6.228725	
930	-81.361147	5.170617	
931	-81.159173	8.006010	
932	-80.271076	6.393281	
933	-79.465906	9.489547	
934	-78.548453	10.600438	
935	-77.898710	10.859257	
936	-77.063776	9.303357	
937	-77.104267	11.430582	
938	-75.778335	7.838777	
939	-76.123830	8.894461	
940	-75.364686	5.135942	
941	-73.311155	6.723287	
942	-75.216747	9.158620	
943	-71.807648	0.375029	
944	-70.404627	-5.884123	
945	-71.209501	2.326052	
946	-70.994326	4.626561	
947	-69.471881	-0.392134	
948	-69.656264	-4.399113	
949	-69.726198	-1.333766	
950	-69.190304	1.790056	
951	-67.050227	-6.458243	
952	-69.562217	2.287535	
953	-68.320360	-1.033531	
954	-66.453136	-7.684330	
955	-66.087255	-3.815922	
956	-66.280250	-2.343701	
957	-67.349399	0.672054	
958	-65.365643	1.284456	
959	-64.989891	2.296113	
960	-64.410395	4.801549	
961	-61.997556	2.865982	
962	-61.793431	3.125341	
963	-63.010468	5.072953	
964	-63.081827	6.288828	
965	-60.826463	5.930029	
966	-60.673901	4.893383	
967	-59.351764	5.986692	
968	-60.038733	11.801583	
969	-60.301881	10.793537	
970	-57.624440	4.458347	
971	-58.739974	4.927769	
972	-61.271037	8.210086	
973	-59.136685	4.265816	
974	-56.183880	2.737765	
975	-59.453150	5.156937	
976	-57.283141	1.593029	
977	-57.573793	4.318227	
978	-57.085329	4.253464	
979	-60.053078	5.768725	
980	-58.720505	4.849934	
981	-56.625920	3.183697	
982	-58.230883	4.925585	
983	-60.397303	4.727506	
984	-55.821975	3.288841	
985	-56.153687	5.082607	
986	-57.390908	6.977422	
987	-57.248800	5.714890	
988	-57.405558	3.680482	
989	-60.445106	1.734607	
990	-57.517395	5.556227	
991	-58.872011	0.327894	
992	-56.228483	1.883185	
993	-51.783938	2.071436	
994	-59.130521	3.930042	
995	-59.466744	1.207798	
996	-59.010183	-0.087183	
997	-61.029624	6.696982	
998	NaN	NaN	
999	NaN	NaN	
1000	NaN	NaN	
1001	NaN	NaN	
1002	NaN	NaN	
1003	-63.071445	7.847469	
1004	-66.576802	8.606887	
1005	-68.423391	10.466043	
1006	NaN	NaN	
1007	NaN	NaN	
1008	NaN	NaN	
1009	NaN	NaN	
1010	NaN	NaN	
1011	NaN	NaN	
1012	NaN	NaN	
1013	NaN	NaN	
1014	NaN	NaN	
1015	NaN	NaN	
1016	NaN	NaN	
1017	NaN	NaN	
1018	NaN	NaN	
1019	NaN	NaN	
1020	NaN	NaN	
1021	NaN	NaN	
1022	NaN	NaN	
1023	NaN	NaN	
1024	NaN	NaN	
1025	NaN	NaN	
1026	NaN	NaN	
1027	NaN	NaN	
1028	NaN	NaN	
1029	NaN	NaN	
1030	NaN	NaN	
1031	NaN	NaN	
1032	NaN	NaN	
1033	NaN	NaN	
1034	NaN	NaN	
1035	NaN	NaN	
1036	NaN	NaN	
1037	NaN	NaN	
1038	NaN	NaN	
1039	NaN	NaN	
1040	NaN	NaN	
1041	NaN	NaN	
1042	NaN	NaN	
1043	NaN	NaN	
1044	NaN	NaN	
1045	NaN	NaN	
1046	NaN	NaN	
1047	NaN	NaN	
1048	NaN	NaN	
1049	NaN	NaN	
1050	NaN	NaN	
1051	NaN	NaN	
1052	NaN	NaN	
1053	NaN	NaN	
1054	NaN	NaN	
1055	NaN	NaN	
1056	NaN	NaN	
1057	NaN	NaN	
1058	NaN	NaN	
1059	NaN	NaN	
1060	NaN	NaN	
1061	NaN	NaN	
1062	NaN	NaN	
1063	NaN	NaN	
1064	NaN	NaN	
1065	NaN	NaN	
1066	NaN	NaN	
1067	NaN	NaN	
1068	NaN	NaN	
1069	NaN	NaN	
1070	NaN	NaN	
1071	NaN	NaN	
1072	NaN	NaN	
1073	NaN	NaN	
1074	NaN	NaN	
1075	NaN	NaN	
1076	NaN	NaN	
1077	NaN	NaN	
1078	NaN	NaN	
1079	NaN	NaN	
1080	NaN	NaN	
1081	NaN	NaN	
1082	NaN	NaN	
1083	NaN	NaN	
1084	NaN	NaN	
1085	NaN	NaN	
1086	NaN	NaN	
1087	NaN	NaN	
1088	NaN	NaN	
1089	NaN	NaN	
1090	NaN	NaN	
1091	NaN	NaN	
1092	NaN	NaN	
1093	NaN	NaN	
1094	NaN	NaN	
1095	NaN	NaN	
1096	NaN	NaN	
1097	NaN	NaN	
1098	NaN	NaN	
1099	NaN	NaN	
1100	NaN	NaN	
1101	NaN	NaN	
1102	NaN	NaN	
1103	NaN	NaN	
1104	NaN	NaN	
1105	NaN	NaN	
1106	NaN	NaN	
1107	NaN	NaN	
1108	NaN	NaN	
1109	NaN	NaN	
1110	NaN	NaN	
1111	NaN	NaN	
1112	NaN	NaN	
1113	NaN	NaN	
1114	NaN	NaN	
1115	NaN	NaN	
1116	NaN	NaN	
1117	NaN	NaN	
1118	NaN	NaN	
1119	NaN	NaN	
1120	NaN	NaN	
1121	NaN	NaN	
1122	NaN	NaN	
1123	NaN	NaN	
1124	NaN	NaN	
1125	NaN	NaN	
1126	NaN	NaN	
1127	NaN	NaN	
1128	NaN	NaN	
1129	NaN	NaN	
1130	NaN	NaN	
1131	NaN	NaN	
1132	NaN	NaN	
1133	NaN	NaN	
1134	NaN	NaN	
1135	NaN	NaN	
1136	NaN	NaN	
1137	NaN	NaN	
1138	NaN	NaN	
1139	NaN	NaN	
1140	NaN	NaN	
1141	NaN	NaN	
1142	NaN	NaN	
1143	NaN	NaN	
1144	NaN	NaN	
1145	NaN	NaN	
1146	NaN	NaN	
1147	NaN	NaN	
1148	NaN	NaN	
1149	NaN	NaN	
1150	NaN	NaN	
1151	NaN	NaN	
1152	NaN	NaN	
1153	NaN	NaN	
1154	NaN	NaN	
1155	NaN	NaN	
1156	NaN	NaN	
1157	NaN	NaN	
1158	NaN	NaN	
1159	NaN	NaN	
1160	NaN	NaN	
1161	NaN	NaN	
1162	NaN	NaN	
1163	NaN	NaN	
1164	NaN	NaN	
1165	NaN	NaN	
1166	NaN	NaN	
1167	NaN	NaN	
1168	NaN	NaN	
1169	NaN	NaN	
1170	NaN	NaN	
1171	NaN	NaN	
1172	NaN	NaN	
1173	NaN	NaN	
1174	NaN	NaN	
1175	NaN	NaN	
1176	NaN	NaN	
1177	NaN	NaN	
1178	NaN	NaN	
1179	NaN	NaN	
1180	NaN	NaN	
1181	NaN	NaN	
1182	NaN	NaN	
1183	NaN	NaN	
1184	NaN	NaN	
1185	NaN	NaN	
1186	NaN	NaN	
1187	NaN	NaN	
1188	NaN	NaN	
1189	NaN	NaN	
1190	NaN	NaN	
1191	NaN	NaN	
1192	NaN	NaN	
1193	NaN	NaN	
1194	NaN	NaN	
1195	NaN	NaN	
1196	NaN	NaN	
1197	NaN	NaN	
1198	NaN	NaN	
1199	NaN	NaN	
1200	NaN	NaN	
1201	NaN	NaN	
1202	NaN	NaN	
1203	NaN	NaN	
1204	NaN	NaN	
1205	NaN	NaN	
1206	NaN	NaN	
1207	NaN	NaN	
1208	NaN	NaN	
1209	NaN	NaN	
1210	NaN	NaN	
1211	NaN	NaN	
1212	NaN	NaN	
1213	NaN	NaN	
1214	NaN	NaN	
1215	NaN	NaN	
1216	NaN	NaN	
1217	NaN	NaN	
1218	NaN	NaN	
1219	NaN	NaN	
1220	NaN	NaN	
1221	NaN	NaN	
1222	NaN	NaN	
1223	NaN	NaN	
1224	NaN	NaN	
1225	NaN	NaN	
1226	NaN	NaN	
1227	NaN	NaN	
1228	NaN	NaN	
1229	NaN	NaN	
1230	NaN	NaN	
1231	NaN	NaN	
1232	NaN	NaN	
1233	NaN	NaN	
1234	NaN	NaN	
1235	NaN	NaN	
1236	NaN	NaN	
1237	NaN	NaN	
1238	NaN	NaN	
1239	NaN	NaN	
1240	NaN	NaN	
1241	NaN	NaN	
1242	NaN	NaN	
1243	NaN	NaN	
1244	NaN	NaN	
1245	NaN	NaN	
1246	NaN	NaN	
1247	NaN	NaN	
1248	NaN	NaN	
1249	NaN	NaN	
1250	NaN	NaN	
1251	NaN	NaN	
1252	NaN	NaN	
1253	NaN	NaN	
1254	NaN	NaN	
1255	NaN	NaN	
1256	NaN	NaN	
1257	NaN	NaN	
1258	NaN	NaN	
1259	NaN	NaN	
1260	NaN	NaN	
1261	NaN	NaN	
1262	NaN	NaN	
1263	NaN	NaN	
1264	NaN	NaN	
1265	NaN	NaN	
1266	NaN	NaN	
1267	NaN	NaN	
1268	NaN	NaN	
1269	NaN	NaN	
1270	NaN	NaN	
1271	NaN	NaN	
1272	NaN	NaN	
1273	NaN	NaN	
1274	NaN	NaN	
1275	NaN	NaN	
1276	NaN	NaN	
1277	NaN	NaN	
1278	NaN	NaN	
1279	NaN	NaN	
1280	NaN	NaN	
1281	NaN	NaN	
1282	NaN	NaN	
1283	NaN	NaN	
1284	NaN	NaN	
1285	NaN	NaN	
1286	NaN	NaN	
1287	NaN	NaN	
1288	NaN	NaN	
1289	NaN	NaN	
1290	NaN	NaN	
1291	NaN	NaN	
1292	NaN	NaN	
1293	NaN	NaN	
1294	NaN	NaN	
1295	NaN	NaN	
1296	NaN	NaN	
1297	NaN	NaN	
1298	NaN	NaN	
1299	NaN	NaN	
1300	NaN	NaN	
1301	NaN	NaN	
1302	NaN	NaN	
1303	NaN	NaN	
1304	NaN	NaN	
1305	NaN	NaN	
1306	NaN	NaN	
1307	NaN	NaN	
1308	NaN	NaN	
1309	NaN	NaN	
1310	NaN	NaN	
1311	NaN	NaN	
1312	NaN	NaN	
1313	NaN	NaN	
1314	NaN	NaN	
1315	NaN	NaN	
1316	NaN	NaN	
1317	NaN	NaN	
1318	NaN	NaN	
1319	NaN	NaN	
1320	NaN	NaN	
1321	NaN	NaN	
1322	NaN	NaN	
1323	NaN	NaN	
1324	NaN	NaN	
1325	NaN	NaN	
1326	NaN	NaN	
1327	NaN	NaN	
1328	NaN	NaN	
1329	NaN	NaN	
1330	NaN	NaN	
1331	NaN	NaN	
1332	NaN	NaN	
1333	NaN	NaN	
1334	NaN	NaN	
1335	NaN	NaN	
1336	NaN	NaN	
1337	NaN	NaN	
1338	NaN	NaN	
1339	NaN	NaN	
1340	NaN	NaN	
1341	NaN	NaN	
1342	NaN	NaN	
1343	NaN	NaN	
1344	NaN	NaN	
1345	NaN	NaN	
1346	NaN	NaN	
1347	NaN	NaN	
1348	NaN	NaN	
1349	NaN	NaN	
1350	NaN	NaN	
1351	NaN	NaN	
1352	NaN	NaN	
1353	NaN	NaN	
1354	NaN	NaN	
1355	NaN	NaN	
1356	NaN	NaN	
1357	NaN	NaN	
1358	NaN	NaN	
1359	NaN	NaN	
1360	NaN	NaN	
1361	NaN	NaN	
1362	NaN	NaN	
1363	NaN	NaN	
1364	NaN	NaN	
1365	NaN	NaN	
1366	NaN	NaN	
1367	NaN	NaN	
1368	NaN	NaN	
1369	NaN	NaN	
1370	NaN	NaN	
1371	NaN	NaN	
1372	NaN	NaN	
1373	NaN	NaN	
1374	NaN	NaN	
1375	NaN	NaN	
1376	NaN	NaN	
1377	NaN	NaN	
1378	NaN	NaN	
1379	NaN	NaN	
1380	NaN	NaN	
1381	NaN	NaN	
1382	NaN	NaN	
1383	NaN	NaN	
1384	NaN	NaN	
1385	NaN	NaN	
1386	NaN	NaN	
1387	NaN	NaN	
