Athlete_Engineering	// User ID
11-2-2021	// Evaluation date
P013_Squat	30-1-2021	12:29:33:284	// Source file name and timestamp
250.000	// Sampling rate
8.242	// Data capture period



Sample #	Right_Leg_Flexion	Right_Leg_Abduction	
0	-89.444140	83.853161	
1	-89.901568	88.843426	
2	-89.772662	87.180380	
3	-89.068456	79.460552	
4	-89.304957	82.077863	
5	-89.132441	80.417927	
6	-89.199620	81.408741	
7	-88.924782	77.896223	
8	-89.109635	80.338802	
9	-89.763609	87.272803	
10	-89.816566	87.952710	
11	-88.958959	78.849929	
12	-89.549812	84.993364	
13	-89.550621	85.031364	
14	-89.901712	88.912004	
15	-89.512014	84.464536	
16	-89.583711	85.051749	
17	-89.845243	88.298538	
18	-89.951060	89.438380	
19	-89.454091	83.421403	
20	-89.939142	89.329035	
21	-89.597121	85.509076	
22	-89.210434	80.720624	
23	-89.698264	86.627112	
24	-89.165012	80.548415	
25	-89.464745	83.797858	
26	-89.033316	78.607636	
27	-89.562459	84.990715	
28	-88.920217	76.879078	
29	-89.322373	81.517099	
30	-89.605481	85.640809	
31	-89.291685	81.527668	
32	-89.323644	82.206141	
33	-89.644804	85.768420	
34	-89.628048	85.554897	
35	-89.874856	88.637230	
36	-89.772444	87.350195	
37	-89.971310	89.646467	
38	-89.922462	89.106235	
39	-89.303115	82.309852	
40	-89.866322	88.569433	
41	-89.947193	89.369706	
42	-89.757424	87.407522	
43	-90.067541	90.770681	
44	-89.624386	85.783120	
45	-90.178449	92.117872	
46	-89.752914	86.873761	
47	-90.339700	93.798408	
48	-90.031944	90.344847	
49	-90.024823	90.257629	
50	-90.419308	94.626042	
51	-89.810451	87.828919	
52	-89.959737	89.549707	
53	-90.070084	90.791631	
54	-90.495038	95.381092	
55	-90.413382	94.542697	
56	-89.875793	88.610259	
57	-89.861391	88.513976	
58	-90.378783	94.309774	
59	-90.337647	93.693815	
60	-90.093078	91.006866	
61	-89.821591	87.961281	
62	-89.986207	89.847260	
63	-90.137289	91.488280	
64	-90.507390	95.542004	
65	-90.816832	99.580203	
66	-90.703818	98.237032	
67	-90.086018	90.988223	
68	-91.140684	103.626038	
69	-91.016474	102.146351	
70	-91.018963	102.144937	
71	-91.140814	103.253666	
72	-91.118016	103.613500	
73	-90.994190	102.083537	
74	-91.051020	102.919908	
75	-90.962666	101.767384	
76	-90.872639	100.659737	
77	-91.462777	107.569379	
78	-90.879012	100.780030	
79	-91.125493	104.035319	
80	-91.438272	108.628252	
81	-91.279995	106.288355	
82	-91.287577	105.030913	
83	-91.372319	102.939042	
84	-91.329876	104.952886	
85	-91.060248	102.059740	
86	-91.302933	104.038539	
87	-91.319927	105.068132	
88	-91.534664	107.470237	
89	-91.263613	105.506770	
90	-91.276641	104.742573	
91	-91.346839	105.865639	
92	-91.424344	106.693965	
93	-91.664841	109.718341	
94	-91.383557	106.231178	
95	-91.422269	106.890430	
96	-91.299159	105.596832	
97	-91.398509	106.645478	
98	-91.457010	106.870223	
99	-91.516797	107.811309	
100	-91.569731	108.012049	
101	-91.304882	105.789739	
102	-91.590344	108.301930	
103	-91.651783	110.203400	
104	-91.796224	111.447240	
105	-91.419461	105.819536	
106	-91.651173	107.220273	
107	-91.506984	108.249432	
108	-91.316481	107.896356	
109	-91.429594	105.825763	
110	-91.990920	104.034182	
111	-91.595745	101.702338	
112	-91.677241	101.847876	
113	-91.568927	101.007630	
114	-91.665140	102.338033	
115	-92.080386	103.769565	
116	-92.337749	102.691405	
117	-91.562641	102.517523	
118	-91.544256	105.360950	
119	-91.808794	103.930467	
120	-91.203725	103.807198	
121	-91.691045	101.851454	
122	-91.360029	101.667985	
123	-91.621902	105.560241	
124	-92.333538	102.200465	
125	-91.977600	100.685380	
126	-92.307321	103.105358	
127	-91.914526	102.375186	
128	-92.106350	100.763637	
129	-91.948678	100.487998	
130	-91.978140	100.586323	
131	-92.077016	101.071300	
132	-92.483750	103.303672	
133	-92.231532	100.917997	
134	-92.059229	102.335603	
135	-90.795358	102.337497	
136	-91.051562	102.364374	
137	-90.813803	100.142822	
138	-90.681154	99.373992	
139	-89.792425	87.669253	
140	-90.420137	95.105070	
141	-91.050049	104.948378	
142	-90.799346	100.448275	
143	-91.159806	106.583581	
144	-91.171641	105.359089	
145	-90.951866	103.834778	
146	-90.962200	107.483463	
147	-90.681678	105.570091	
148	-90.332315	96.061875	
149	-91.448281	117.621614	
150	-91.123093	115.342720	
151	-91.495910	119.204989	
152	-91.309042	113.561806	
153	-91.272154	111.139395	
154	-91.680221	120.260286	
155	-90.979002	106.093479	
156	-90.844375	102.815495	
157	-90.889447	103.674103	
158	-90.778051	102.559321	
159	-90.911186	102.199808	
160	-91.333774	104.176939	
161	-91.133398	112.343593	
162	-90.239695	94.530396	
163	-89.991850	89.816814	
164	-89.839869	86.687607	
165	-90.038486	90.701468	
166	-90.124159	94.219829	
167	-90.403868	98.751893	
168	-89.778922	85.412964	
169	-89.116989	69.012407	
170	-89.443084	77.121565	
171	-89.297139	73.612151	
172	-89.607821	79.480426	
173	-88.441033	60.401545	
174	-88.388119	54.036669	
175	-87.950076	22.520848	
176	-88.036560	45.350314	
177	-87.705566	45.605547	
178	-87.816523	49.197453	
179	-87.236443	34.643834	
180	-87.320768	27.907837	
181	-86.725215	35.250465	
182	-86.726543	47.739973	
183	-85.491512	33.473461	
184	-85.307083	28.132601	
185	-85.026637	25.949147	
186	-85.470492	26.428523	
187	-85.632177	24.759231	
188	-84.687250	28.382448	
189	-84.010784	24.226940	
190	-83.888926	23.579221	
191	-84.772129	26.274909	
192	-83.378962	22.106661	
193	-82.075533	17.977746	
194	-82.335980	13.928229	
195	-80.954485	13.661713	
196	-79.914559	13.700094	
197	-80.603702	16.263994	
198	-79.780291	16.243105	
199	-80.307849	15.200968	
200	-79.590013	11.394231	
201	-78.498027	14.217115	
202	-77.707086	14.090739	
203	-76.893201	13.903449	
204	-76.326839	15.636509	
205	-75.376422	12.599831	
206	-75.167705	10.463795	
207	-74.188777	8.610608	
208	-73.798742	9.197404	
209	-72.023142	11.644639	
210	-71.594152	11.782675	
211	-71.553437	11.976394	
212	-70.263885	11.997576	
213	-69.564418	12.738796	
214	-68.123575	13.115019	
215	-67.846180	12.772749	
216	-67.387369	11.182116	
217	-66.006490	13.869182	
218	-65.422481	18.546095	
219	-64.046395	13.517477	
220	-62.509803	11.467027	
221	-62.313671	13.307484	
222	-61.728296	10.829577	
223	-61.582929	11.374843	
224	-61.158303	12.158117	
225	-59.952425	10.705669	
226	-58.145515	9.713540	
227	-59.229438	21.262688	
228	-59.651775	27.813682	
229	-57.645951	22.670994	
230	-54.961847	10.106629	
231	-54.956788	12.427898	
232	-54.740050	10.114864	
233	-53.233744	11.539165	
234	-52.291362	11.977006	
235	-50.892724	11.528432	
236	-49.896391	11.712062	
237	-50.059392	11.242065	
238	-49.602225	11.669046	
239	-48.505313	12.185507	
240	-47.918997	11.855748	
241	-47.102180	11.526503	
242	-46.887324	11.079139	
243	-46.191976	10.832637	
244	-45.396624	11.659826	
245	-44.288883	12.250529	
246	-42.557484	11.521253	
247	-41.033775	10.800758	
248	-41.107806	11.491703	
249	-40.969988	11.363559	
250	-39.518919	11.660507	
251	-37.892145	11.442550	
252	-37.496890	11.084227	
253	-37.244944	11.770767	
254	-36.455715	13.137323	
255	-35.167249	13.134198	
256	-33.892359	12.026913	
257	-33.047508	13.393388	
258	-32.045732	12.523885	
259	-30.937012	12.639402	
260	-29.563685	12.573681	
261	-29.174489	12.352830	
262	-29.178231	13.128762	
263	-27.659542	13.185505	
264	-25.940164	13.166996	
265	-24.887753	13.535756	
266	-24.283503	13.674212	
267	-23.617429	13.903392	
268	-22.985510	13.541240	
269	-21.230259	12.988732	
270	-20.166345	14.102635	
271	-20.000437	13.442881	
272	-19.242934	12.792080	
273	-17.934892	13.526114	
274	-17.409303	13.400721	
275	-15.963424	12.457221	
276	-16.181015	12.379633	
277	-15.190956	12.400100	
278	-14.302380	12.587163	
279	-13.720353	13.247690	
280	-13.334023	13.702871	
281	-11.846210	13.397971	
282	-10.726784	12.623670	
283	-10.281821	12.674546	
284	-7.112146	11.217562	
285	-2.783275	10.854293	
286	-8.132639	13.386695	
287	-5.959700	13.279257	
288	-5.535482	14.426485	
289	-4.459162	13.113106	
290	-4.032199	13.880719	
291	-4.483303	15.156924	
292	-4.540950	15.440516	
293	-2.206871	14.072106	
294	-1.897295	15.909915	
295	-1.100937	14.555436	
296	0.143002	14.479272	
297	0.733801	14.612436	
298	0.129107	14.483154	
299	0.679478	16.762396	
300	1.611048	16.565425	
301	0.822102	19.108987	
302	4.079106	16.202062	
303	3.950183	16.737223	
304	3.974434	15.829149	
305	4.857896	16.201998	
306	5.189226	16.900678	
307	6.401803	18.591338	
308	7.043723	18.118735	
309	7.355566	18.485844	
310	8.971991	18.338075	
311	9.782189	17.565746	
312	9.996819	18.435922	
313	10.526393	17.750817	
314	12.294414	18.172872	
315	12.211345	17.724577	
316	12.048534	16.694603	
317	12.157278	17.125673	
318	13.457744	17.329897	
319	14.802805	17.477679	
320	13.365701	16.564239	
321	14.157738	15.957242	
322	15.277984	16.825864	
323	15.990812	17.188174	
324	16.244238	16.941734	
325	16.922141	16.199837	
326	17.546413	17.710696	
327	17.252194	17.042415	
328	18.935908	17.855683	
329	19.045675	18.135905	
330	18.050633	17.058152	
331	18.905153	16.759722	
332	20.003972	18.047598	
333	20.131398	18.281208	
334	21.026477	18.531455	
335	20.248116	17.839293	
336	21.557689	18.112984	
337	22.937727	18.773764	
338	21.954261	18.742125	
339	21.527682	18.300549	
340	22.684806	19.511876	
341	23.025781	19.468694	
342	22.861527	19.985203	
343	23.715112	19.781962	
344	23.950053	20.654343	
345	24.450870	20.889818	
346	24.675170	20.856231	
347	26.283124	23.085904	
348	25.817391	22.143008	
349	25.509615	21.066127	
350	25.818721	21.256027	
351	25.878471	21.286661	
352	27.010751	22.373449	
353	27.104108	22.546816	
354	27.121427	22.464451	
355	26.864373	22.549771	
356	28.019708	23.763581	
357	28.869627	24.457544	
358	28.293350	24.050714	
359	28.978316	24.636160	
360	28.556016	23.292694	
361	29.411387	24.972929	
362	29.635086	25.163602	
363	29.097603	25.091435	
364	30.012248	25.353700	
365	29.818007	25.600552	
366	31.244635	26.904640	
367	30.561181	25.734095	
368	30.930102	25.656891	
369	31.077336	25.734696	
370	31.478956	25.736197	
371	31.411773	25.470247	
372	31.871527	25.652426	
373	32.133232	25.952523	
374	32.652918	26.733340	
375	33.660495	27.515040	
376	33.976953	27.973546	
377	34.454700	27.865879	
378	33.736330	27.189446	
379	33.283161	26.285463	
380	33.938396	26.944697	
381	34.150341	27.197418	
382	33.815977	26.568349	
383	33.627622	26.713090	
384	33.878154	26.504481	
385	33.907150	25.935503	
386	34.652623	26.881114	
387	34.567459	26.682154	
388	34.462073	26.479396	
389	34.572079	27.059304	
390	34.786253	27.165925	
391	35.306246	27.628113	
392	35.519708	27.690175	
393	34.570883	26.797641	
394	34.620405	26.434355	
395	34.759273	25.875723	
396	34.607543	25.698859	
397	34.542892	25.547624	
398	34.425629	25.172790	
399	34.145698	25.062962	
400	34.432926	25.486403	
401	34.354951	25.440768	
402	34.301482	25.295559	
403	34.347545	25.203551	
404	34.309445	25.158217	
405	34.033087	24.744357	
406	33.978843	24.132018	
407	33.458579	23.974656	
408	33.802048	24.451830	
409	34.156490	24.435578	
410	33.643949	24.194470	
411	33.751449	24.071692	
412	33.824186	24.298414	
413	33.949971	24.393134	
414	33.743464	24.167673	
415	33.472095	23.866969	
416	33.273296	24.372082	
417	33.642430	23.758917	
418	33.187933	23.822146	
419	33.094328	23.627957	
420	32.746380	22.273488	
421	32.165930	22.276767	
422	32.360293	23.202041	
423	32.841479	24.179675	
424	32.126398	23.427724	
425	31.785289	22.462080	
426	31.030858	21.819754	
427	30.461629	21.640995	
428	30.770486	21.879585	
429	30.821656	22.330307	
430	30.171071	22.014871	
431	29.297118	20.683589	
432	29.941633	21.607744	
433	31.001907	22.569521	
434	29.652260	21.180534	
435	29.292246	20.317598	
436	29.114597	20.906607	
437	28.958923	20.548053	
438	28.708832	19.612386	
439	28.699513	20.008644	
440	28.038191	20.303989	
441	27.193464	19.003250	
442	27.013320	19.382930	
443	26.371075	17.895528	
444	25.575781	17.879633	
445	25.103986	17.442619	
446	25.039402	17.834550	
447	24.628870	17.285104	
448	24.171098	16.691971	
449	24.319537	16.895140	
450	24.926573	17.724469	
451	23.252696	15.871135	
452	23.118704	15.558760	
453	22.605093	16.210131	
454	21.762405	16.705984	
455	21.891682	15.976146	
456	20.239104	14.902814	
457	19.344919	14.204954	
458	20.116728	15.532257	
459	19.622971	15.786149	
460	18.072385	13.910264	
461	18.429381	14.210928	
462	17.430579	14.235477	
463	17.749522	14.583420	
464	17.087690	14.473846	
465	16.255983	13.807980	
466	15.812038	14.584673	
467	14.605200	13.711106	
468	14.488683	13.983459	
469	13.633642	13.495244	
470	12.991401	13.420274	
471	12.828145	13.461279	
472	11.032113	12.929692	
473	9.917643	12.329592	
474	8.926957	12.890398	
475	8.712381	12.828508	
476	8.038629	13.334755	
477	6.284817	12.556623	
478	6.324932	12.128303	
479	5.246315	12.252533	
480	3.453830	11.600448	
481	2.878437	11.828878	
482	2.295089	12.791056	
483	0.939067	12.577111	
484	0.116807	12.712390	
485	0.031053	13.299546	
486	-1.601920	11.904381	
487	-2.332122	12.099395	
488	-2.836818	12.227829	
489	-4.062103	12.557870	
490	-4.312180	12.861457	
491	-5.412995	12.284475	
492	-5.744806	12.787026	
493	-7.621449	12.675233	
494	-8.427066	12.086470	
495	-9.273821	12.548628	
496	-10.007214	12.902274	
497	-10.761166	12.502361	
498	-13.264200	13.171767	
499	-13.126413	12.429931	
500	-14.394897	12.656966	
501	-15.405120	12.878129	
502	-15.782795	12.857437	
503	-17.440673	13.252230	
504	-18.466624	13.577430	
505	-19.723331	12.932905	
506	-19.058784	12.632393	
507	-20.251216	13.107818	
508	-22.245979	13.831772	
509	-22.933895	14.007015	
510	-23.707907	13.304011	
511	-24.328705	11.389547	
512	-25.337295	12.638123	
513	-25.702811	12.668785	
514	-27.597479	12.282128	
515	-28.767738	12.355386	
516	-29.367520	12.244052	
517	-31.045487	12.958724	
518	-32.376236	13.610040	
519	-32.833194	13.925563	
520	-33.841050	11.999582	
521	-34.241599	10.455168	
522	-35.785179	11.092721	
523	-36.029951	12.129088	
524	-37.409510	12.358491	
525	-38.758427	10.406537	
526	-39.093122	11.852559	
527	-39.992419	11.178683	
528	-39.890860	10.924044	
529	-41.025585	12.865116	
530	-41.416991	11.051725	
531	-43.217948	10.735302	
532	-43.701788	11.558798	
533	-44.783946	11.552271	
534	-45.277039	11.682493	
535	-45.387257	12.603174	
536	-47.419863	12.704105	
537	-49.040422	12.062102	
538	-48.740114	11.308553	
539	-49.025522	11.862304	
540	-49.686613	11.891963	
541	-51.635815	10.702568	
542	-52.182251	11.002677	
543	-53.305160	12.571601	
544	-53.546832	12.609142	
545	-54.189819	12.548161	
546	-55.131701	12.241626	
547	-55.453542	13.123741	
548	-56.064515	13.297135	
549	-57.373289	13.225493	
550	-58.485493	12.657380	
551	-59.455489	13.026422	
552	-59.956351	12.792959	
553	-61.085871	11.823100	
554	-62.151039	11.752404	
555	-62.274319	12.146731	
556	-63.108341	11.686636	
557	-63.327707	13.393497	
558	-64.372824	14.853593	
559	-65.618909	14.857784	
560	-65.979251	14.061872	
561	-66.363183	13.821950	
562	-67.366667	13.810781	
563	-67.810145	13.541597	
564	-69.295181	15.380681	
565	-70.154828	15.951335	
566	-70.323641	16.189348	
567	-70.350677	15.513652	
568	-70.992391	15.491941	
569	-71.472790	14.421944	
570	-73.059307	13.699990	
571	-73.130138	14.924204	
572	-73.525705	14.979126	
573	-74.458007	14.559134	
574	-74.875108	14.853022	
575	-75.094751	15.586755	
576	-74.255853	10.565402	
577	-76.187679	4.207876	
578	-76.344971	3.704555	
579	-77.465463	2.859805	
580	-77.086944	1.201051	
581	-77.379651	-3.609775	
582	-78.539700	-2.813151	
583	-78.805649	-2.270492	
584	-79.423184	-2.662684	
585	-79.615259	-3.160075	
586	-79.631147	-4.660142	
587	-79.798819	-2.375452	
588	-79.879351	5.462482	
589	-80.181407	0.703267	
590	-81.434361	8.477701	
591	-82.048765	2.209839	
592	-81.991803	9.299595	
593	-82.210980	3.158766	
594	-82.812327	3.916937	
595	-82.786033	7.068766	
596	-82.812909	9.425856	
597	-83.023630	7.142629	
598	-83.813002	10.935562	
599	-83.481249	12.279597	
600	-84.501628	11.779081	
601	-86.135900	11.347332	
602	-86.311286	41.719378	
603	-85.899572	23.583818	
604	-86.151947	10.303705	
605	-86.340345	19.947637	
606	-86.154264	15.522715	
607	-85.635376	21.033710	
608	-86.816853	30.096805	
609	-87.317834	38.494217	
610	-87.350266	39.347597	
611	-87.861328	37.850660	
612	-88.518706	51.489109	
613	-88.928535	60.899504	
614	-89.556899	80.006182	
615	-88.933757	61.034276	
616	-89.527217	78.273025	
617	-89.668514	74.936082	
618	-90.246264	101.756963	
619	-90.616678	106.693861	
620	-91.971171	111.975748	
621	-92.172283	113.639851	
622	-91.370848	107.878403	
623	-90.797509	112.146873	
624	-91.277969	120.231420	
625	-91.299710	140.152229	
626	-90.878880	111.685185	
627	-91.274009	137.950693	
628	-91.663634	151.498404	
629	-91.408425	132.763090	
630	-91.604926	144.634749	
631	-91.752867	147.182210	
632	-92.499910	177.595707	
633	-91.447000	141.518837	
634	-91.684783	150.198316	
635	-91.787076	153.386471	
636	-92.015879	146.817149	
637	-92.603820	154.653424	
638	-92.804909	149.843895	
639	-91.876764	123.613636	
640	-91.949451	129.941327	
641	-92.333384	136.948782	
642	-93.286699	142.968219	
643	-93.848831	149.000406	
644	-94.762348	125.377165	
645	-95.676153	126.186740	
646	-95.127098	129.223639	
647	-94.771270	142.211294	
648	-94.305750	169.089463	
649	-94.084753	153.550929	
650	-94.032455	154.522767	
651	-93.825206	157.179841	
652	-93.374300	163.570328	
653	-93.226316	164.087824	
654	-94.079494	156.335016	
655	-93.968819	122.115523	
656	-94.759443	124.432474	
657	-94.618491	124.255527	
658	-94.243313	124.560751	
659	-95.500588	121.600100	
660	-95.176013	121.756706	
661	-95.978925	123.962730	
662	-97.225658	122.051674	
663	-97.806120	123.013271	
664	-97.455559	129.547782	
665	-95.903864	145.916714	
666	-95.691558	125.032408	
667	-97.397116	128.087659	
668	-99.016216	125.485777	
669	-97.535202	139.389197	
670	-97.932740	135.359629	
671	-97.409638	135.853433	
672	-97.904000	133.803890	
673	-99.078518	127.598153	
674	-97.906442	136.532708	
675	-97.505793	137.838525	
676	-97.154941	154.963629	
677	-99.213722	139.417824	
678	-99.302746	142.299209	
679	-99.489144	149.683935	
680	-97.800767	-166.942543	
681	-98.237296	-174.554406	
682	-98.116403	-176.881092	
683	-98.269177	-177.700660	
684	-98.197558	168.002197	
685	-98.189386	149.900121	
686	-99.557805	146.873251	
687	-100.141898	144.837875	
688	-101.078463	148.127975	
689	-99.768779	155.964228	
690	-97.765974	164.296090	
691	-97.959649	147.515729	
692	-98.971048	142.034165	
693	-98.217957	145.361346	
694	-98.420308	143.281815	
695	-98.848884	137.658000	
696	-98.586809	137.622189	
697	-99.440365	148.943331	
698	-100.547716	139.462179	
699	-99.528950	130.470109	
700	-98.999331	134.283516	
701	-99.596426	130.423525	
702	-100.166943	135.929794	
703	-99.064536	133.970454	
704	-99.251474	129.295804	
705	-98.247938	131.123096	
706	-97.768393	138.648793	
707	-99.318049	131.357694	
708	-97.999934	132.840965	
709	-97.654894	153.902014	
710	-98.267951	125.738664	
711	-97.982640	156.841771	
712	-97.575808	164.584641	
713	-97.743238	160.525592	
714	-97.381347	174.636989	
715	-97.599038	-175.413068	
716	-101.327263	141.721716	
717	-101.341496	143.155205	
718	-99.708423	144.854094	
719	-96.479477	173.282299	
720	-98.281838	148.173847	
721	-99.456943	143.982030	
722	-101.219063	142.816938	
723	-101.966466	143.170223	
724	-99.799097	147.477392	
725	-96.282057	-164.492481	
726	-99.211531	145.763777	
727	-98.511347	147.576669	
728	-96.735434	172.677490	
729	-96.729888	169.799046	
730	-96.534492	173.836215	
731	-96.742483	175.963032	
732	-96.838987	171.003207	
733	-97.399097	175.767682	
734	-97.042802	-179.975317	
735	-96.539182	-174.590306	
736	-97.045268	173.201791	
737	-97.095091	-169.631973	
738	-97.214815	-177.027193	
739	-97.229290	164.557930	
740	-97.723685	176.456373	
741	-97.312945	174.764414	
742	-97.605139	168.697580	
743	-97.572585	172.877853	
744	-98.177551	171.493888	
745	-98.286211	173.197852	
746	-97.911389	176.814569	
747	-98.387731	173.552978	
748	-98.307858	174.569803	
749	-98.356768	171.249635	
750	-98.674624	156.819261	
751	-97.999490	154.579198	
752	-98.409594	156.861891	
753	-97.964047	158.543457	
754	-97.470673	-172.966288	
755	-97.578887	-178.146982	
756	-97.491440	170.516346	
757	-97.343320	171.494532	
758	-97.577514	168.961707	
759	-97.601072	169.206757	
760	-97.929295	171.883531	
761	-98.293176	174.507739	
762	-97.535725	170.987102	
763	-97.570252	171.626588	
764	-97.236035	172.855826	
765	-97.187803	175.297880	
766	-97.152381	169.132792	
767	-97.142650	174.234350	
768	-97.403381	169.812320	
769	-97.149874	167.503998	
770	-97.568998	169.228327	
771	-96.899341	171.884832	
772	-96.884147	165.050321	
773	-98.144359	140.585142	
774	-98.230854	146.444845	
775	-98.392917	144.577360	
776	-98.098533	145.819472	
777	-98.144706	146.492083	
778	-98.064630	146.034415	
779	-98.121316	145.051581	
780	-98.683361	146.520059	
781	-98.354617	150.791460	
782	-97.629464	164.397888	
783	-97.860885	163.156841	
784	-97.701384	165.100189	
785	-97.193776	167.396303	
786	-97.767167	166.160936	
787	-97.800952	165.032331	
788	-97.424882	168.409574	
789	-97.414540	170.538191	
790	-97.545130	167.983441	
791	-97.184386	172.657754	
792	-97.299926	173.895593	
793	-96.721295	179.467455	
794	-96.457292	-167.386867	
795	-96.748300	-172.436217	
796	-97.264982	-167.547770	
797	-97.383377	-171.379287	
798	-97.438255	-178.505513	
799	-97.218596	-173.565971	
800	-97.397284	-171.152709	
801	-97.865961	-177.594520	
802	-97.195920	-169.181709	
803	-97.475550	176.617263	
804	-97.622927	178.009717	
805	-97.789569	177.694990	
806	-97.422653	174.063757	
807	-97.748626	175.004301	
808	-97.688511	177.365104	
809	-98.183892	177.539670	
810	-97.558826	179.141975	
811	-97.760754	176.096955	
812	-97.437648	176.430599	
813	-98.059002	178.659064	
814	-98.384281	173.451160	
815	-97.638645	175.369930	
816	-97.879449	178.450478	
817	-98.116402	176.344979	
818	-97.847399	178.281851	
819	-98.001034	-179.853413	
820	-98.070049	177.657009	
821	-97.932134	176.691354	
822	-98.040003	174.047689	
823	-97.398220	166.390122	
824	-96.997378	168.931810	
825	-97.102048	166.068944	
826	-96.998195	175.792088	
827	-97.698924	169.365547	
828	-96.851282	163.581303	
829	-96.806161	170.735133	
830	-96.955548	179.163928	
831	-96.503440	172.981502	
832	-96.312934	164.795102	
833	-95.656490	172.965327	
834	-95.089768	173.494973	
835	-95.246981	169.193183	
836	-95.184948	170.131660	
837	-95.028574	167.245821	
838	-95.662962	165.219804	
839	-95.869525	-176.167413	
840	-95.677462	170.054583	
841	-94.175309	163.704933	
842	-94.391695	158.596860	
843	-94.787696	163.257460	
844	-92.949997	141.513061	
845	-92.250630	129.803172	
846	-93.101023	137.326147	
847	-91.551604	117.215794	
848	-90.812337	104.543363	
849	-91.538583	116.419906	
850	-90.151521	93.291364	
851	-88.266363	59.739424	
852	-87.979741	52.055813	
853	-88.011866	55.707725	
854	-87.933647	47.736835	
855	-87.374344	44.403372	
856	-86.651249	41.576133	
857	-84.586363	29.674781	
858	-85.301101	31.294018	
859	-83.316464	23.486335	
860	-83.341418	21.608442	
861	-82.298009	26.886626	
862	-81.280251	22.105413	
863	-81.003145	20.468950	
864	-79.755385	18.050239	
865	-79.195755	17.124568	
866	-77.777177	17.897031	
867	-77.212839	16.058119	
868	-76.755880	14.365746	
869	-75.760927	12.169741	
870	-74.871675	11.103624	
871	-73.730115	14.051872	
872	-72.957026	13.918176	
873	-72.185476	12.052476	
874	-71.383373	12.577139	
875	-69.985941	9.599464	
876	-68.930313	13.070999	
877	-67.454701	11.598712	
878	-66.713100	10.345594	
879	-66.727576	11.243671	
880	-65.452413	11.043008	
881	-65.454362	10.784708	
882	-63.969659	10.265638	
883	-63.354248	10.019887	
884	-61.918944	9.649096	
885	-60.707280	8.134561	
886	-58.502343	7.319710	
887	-57.266200	9.519657	
888	-56.818903	12.040672	
889	-56.355386	5.225264	
890	-55.544109	7.498856	
891	-54.941707	7.227104	
892	-54.261417	8.489855	
893	-52.201086	6.156759	
894	-51.392112	5.719855	
895	-50.711520	6.321018	
896	-49.833170	6.680672	
897	-49.230979	4.889850	
898	-48.789427	5.186589	
899	-47.518077	5.338327	
900	-46.766018	6.136526	
901	-46.538919	5.984953	
902	-44.622891	5.550895	
903	-44.391844	4.943110	
904	-42.937898	5.259497	
905	-41.783377	5.321461	
906	-40.596383	6.530704	
907	-39.609334	7.073115	
908	-37.849003	7.047592	
909	-36.451425	8.044985	
910	-35.215911	8.485107	
911	-34.804315	8.132953	
912	-33.776435	8.345174	
913	-32.828596	9.597533	
914	-31.411438	9.778073	
915	-30.634758	9.148504	
916	-29.112930	9.383143	
917	-28.322761	8.651199	
918	-28.499665	10.211806	
919	-27.360407	10.737318	
920	-26.088999	11.239361	
921	-25.044297	12.661161	
922	-24.151870	11.734184	
923	-24.146400	12.461831	
924	-23.028272	13.146231	
925	-22.602014	13.182226	
926	-21.809352	12.762871	
927	-21.092105	12.843404	
928	-20.254686	12.951978	
929	-18.793458	13.066619	
930	-18.722208	12.772903	
931	-18.071209	12.076090	
932	-17.401474	11.752438	
933	-17.413397	12.409976	
934	-15.457075	12.221381	
935	-13.983884	11.653848	
936	-13.570578	12.421618	
937	-12.979075	13.082607	
938	-12.126393	12.206654	
939	-11.418971	11.897969	
940	-11.044379	12.167508	
941	-9.633506	13.020113	
942	-8.399630	13.632096	
943	-7.346015	13.428341	
944	-8.358835	13.286682	
945	-6.714351	13.805017	
946	-5.342911	13.392664	
947	-4.565984	13.895001	
948	-3.775306	14.800802	
949	-3.298723	14.523900	
950	-2.672196	14.300527	
951	-1.645174	15.322885	
952	-0.583054	14.815444	
953	-0.308412	16.018573	
954	0.800564	16.363372	
955	1.894471	15.992644	
956	2.097095	15.628253	
957	2.689820	16.109371	
958	2.734051	14.784016	
959	3.700275	15.526123	
960	3.625804	15.170907	
961	5.651823	14.356805	
962	6.468947	15.582749	
963	7.128081	15.696444	
964	7.494954	16.189611	
965	8.915314	16.987700	
966	8.853603	18.045880	
967	8.101016	20.880228	
968	12.164857	17.550646	
969	12.022688	17.714709	
970	12.776927	18.420865	
971	13.751170	17.719793	
972	13.756112	17.930027	
973	13.780852	17.380187	
974	15.689086	17.153661	
975	15.823731	17.858282	
976	16.756581	18.353185	
977	16.884074	18.204769	
978	16.557478	17.934875	
979	17.766239	18.283501	
980	18.946020	19.117522	
981	19.660039	19.298781	
982	19.250956	18.495685	
983	20.074562	19.944421	
984	22.030543	21.051195	
985	21.647703	19.928071	
986	22.254405	20.725074	
987	23.492877	21.189578	
988	23.861281	21.644064	
989	24.421304	21.877017	
990	25.224324	22.282060	
991	25.349814	23.043665	
992	25.930424	22.761202	
993	26.027442	23.092139	
994	25.977642	22.464079	
995	26.890279	23.955929	
996	27.470424	23.993342	
997	27.450135	24.707583	
998	28.378123	25.720143	
999	27.920431	25.309669	
1000	28.701206	26.692901	
1001	29.154397	27.165102	
1002	28.875262	26.502631	
1003	28.957189	26.436582	
1004	29.162000	26.923341	
1005	30.249055	26.121017	
1006	29.879416	26.972974	
1007	31.372764	28.952949	
1008	32.036184	28.795573	
1009	32.154025	28.270092	
1010	32.891008	29.861905	
1011	33.496934	29.121883	
1012	33.212737	28.405059	
1013	33.818681	29.621970	
1014	33.410598	30.221270	
1015	34.076924	29.428886	
1016	34.613943	29.720291	
1017	34.880367	31.006121	
1018	34.684710	30.267372	
1019	34.972581	31.331300	
1020	34.553036	30.977281	
1021	35.433492	31.600521	
1022	35.383023	31.595389	
1023	35.761900	31.688400	
1024	36.784131	31.193238	
1025	36.251201	31.200408	
1026	37.235822	31.874579	
1027	37.351390	32.206072	
1028	37.746353	32.226561	
1029	37.839059	31.817949	
1030	38.427091	31.805245	
1031	38.968668	32.423219	
1032	38.439942	32.579848	
1033	39.377027	33.002384	
1034	39.193514	32.714007	
1035	39.296413	32.415600	
1036	39.633092	32.609109	
1037	40.067393	33.051796	
1038	39.467105	32.988303	
1039	39.556391	33.224817	
1040	39.975807	33.661018	
1041	39.979440	33.626827	
1042	40.312398	33.821992	
1043	40.142334	33.419252	
1044	40.368348	33.143913	
1045	40.905693	33.491215	
1046	41.538881	33.921488	
1047	41.688543	33.748758	
1048	41.778946	34.152324	
1049	41.901011	34.146994	
1050	41.936311	34.361680	
1051	41.626185	34.109785	
1052	41.112884	34.156731	
1053	41.332676	33.870407	
1054	42.119879	34.466042	
1055	42.113681	34.017397	
1056	42.073821	33.979942	
1057	42.043767	33.805596	
1058	41.665425	33.516552	
1059	41.527801	33.428292	
1060	41.543295	33.521641	
1061	41.796868	33.568909	
1062	41.402547	33.102123	
1063	41.444477	33.467127	
1064	41.066904	33.731048	
1065	41.364243	33.353496	
1066	41.508939	35.578554	
1067	41.570360	38.500754	
1068	41.967861	34.457148	
1069	41.830292	34.808146	
1070	41.635902	34.115478	
1071	41.760824	34.496220	
1072	41.202742	33.365597	
1073	41.370914	33.627181	
1074	41.490063	33.420713	
1075	41.496730	32.730634	
1076	41.754970	33.512684	
1077	41.920686	33.542181	
1078	41.970810	33.440301	
1079	41.552827	33.331298	
1080	41.640697	33.655455	
1081	41.454098	33.474632	
1082	41.427836	33.359160	
1083	41.511928	33.415378	
1084	41.689852	33.621945	
1085	41.723126	33.771776	
1086	41.907459	34.628404	
1087	41.794470	34.337248	
1088	41.957222	34.041709	
1089	41.940756	33.949875	
1090	41.719541	33.655841	
1091	41.351162	33.362919	
1092	41.200742	33.599408	
1093	41.033039	32.981539	
1094	41.239213	33.431279	
1095	40.836156	32.293620	
1096	40.555790	31.213208	
1097	40.850364	34.050829	
1098	41.648639	40.715704	
1099	40.979859	38.239695	
1100	41.555825	41.339081	
1101	41.301271	38.333705	
1102	40.555276	33.074639	
1103	40.694440	33.027810	
1104	40.700238	33.628306	
1105	40.423780	35.771203	
1106	39.835178	31.616947	
1107	39.665474	31.893736	
1108	39.530952	32.358180	
1109	39.476921	32.544563	
1110	39.104815	32.008120	
1111	39.335064	32.130666	
1112	39.544023	32.434043	
1113	39.007279	32.161664	
1114	38.826911	32.408050	
1115	39.089440	32.545064	
1116	37.643616	31.980282	
1117	37.491313	32.052289	
1118	37.900036	31.694238	
1119	37.162013	31.149697	
1120	36.528248	30.701854	
1121	36.241381	30.856192	
1122	35.956541	30.681310	
1123	35.815665	30.796287	
1124	35.270486	30.278784	
1125	34.653830	29.329970	
1126	34.495775	29.998706	
1127	34.734026	29.679265	
1128	34.990919	30.215695	
1129	33.781412	29.772929	
1130	34.312410	30.007391	
1131	33.579623	29.267574	
1132	34.162711	30.351568	
1133	33.271385	29.932748	
1134	31.935355	27.626772	
1135	31.365811	26.929940	
1136	31.080939	27.581144	
1137	30.749450	27.837597	
1138	30.404488	29.005268	
1139	30.455490	28.656077	
1140	30.049405	28.012628	
1141	29.594295	28.543714	
1142	28.632734	26.856369	
1143	28.567665	26.266257	
1144	28.087801	26.670952	
1145	26.759870	26.056027	
1146	27.087260	26.350374	
1147	27.331611	26.902163	
1148	26.125831	26.209717	
1149	24.890747	24.396887	
1150	24.957547	24.030728	
1151	24.393767	24.023389	
1152	24.575964	25.142934	
1153	23.847272	24.693885	
1154	23.185870	23.720040	
1155	23.415759	22.676076	
1156	22.089031	22.407164	
1157	20.508786	22.092805	
1158	20.342809	21.793269	
1159	20.708605	22.164137	
1160	19.892931	21.272884	
1161	19.518310	22.060262	
1162	18.462532	22.478172	
1163	17.272991	21.230922	
1164	16.184808	20.678766	
1165	15.956631	21.276755	
1166	15.398446	21.000294	
1167	13.830476	20.243362	
1168	13.120054	20.440165	
1169	13.089034	20.700092	
1170	12.767037	20.342281	
1171	11.132470	20.111797	
1172	10.391343	20.076685	
1173	9.547706	19.718388	
1174	8.111733	19.192453	
1175	7.187773	19.261558	
1176	6.592239	18.720114	
1177	6.063454	18.764984	
1178	5.040281	18.737781	
1179	4.593865	18.653550	
1180	2.618461	18.117271	
1181	1.734759	18.930884	
1182	0.866356	19.244922	
1183	1.799705	17.708863	
1184	3.266875	16.213188	
1185	-1.992130	19.030626	
1186	-2.425998	17.222476	
1187	-3.431581	18.648546	
1188	-3.960963	17.689458	
1189	-4.847718	17.252119	
1190	-6.172138	17.695463	
1191	-7.555761	17.702880	
1192	-7.538415	17.904390	
1193	-8.470534	17.783139	
1194	-10.009149	17.865045	
1195	-9.931086	17.479132	
1196	-11.540314	16.640372	
1197	-13.097910	16.644679	
1198	-14.260717	17.768379	
1199	-13.911627	16.713432	
1200	-15.860736	17.361218	
1201	-15.690773	17.209937	
1202	-17.404617	16.705793	
1203	-18.771972	16.898823	
1204	-19.039492	17.420623	
1205	-19.851406	16.752364	
1206	-21.611509	16.933032	
1207	-22.354161	17.455856	
1208	-22.848295	16.716855	
1209	-23.421682	16.317568	
1210	-25.703634	16.893097	
1211	-26.724838	17.233062	
1212	-27.182508	16.253999	
1213	-27.813008	16.302018	
1214	-28.946051	17.157809	
1215	-30.541224	16.805207	
1216	-30.888869	15.874623	
1217	-32.505099	16.225277	
1218	-33.240502	16.021017	
1219	-33.551849	15.762899	
1220	-36.170552	16.743933	
1221	-36.879160	16.659670	
1222	-36.994927	16.192769	
1223	-38.202781	16.213621	
1224	-38.594715	16.306104	
1225	-40.063791	15.796447	
1226	-40.892981	16.348494	
1227	-41.974258	15.765596	
1228	-43.462812	15.003220	
1229	-44.028552	15.629176	
1230	-45.607707	16.025802	
1231	-45.513157	16.243163	
1232	-46.770378	15.959525	
1233	-47.174614	16.602143	
1234	-48.216017	17.176756	
1235	-48.624902	17.449841	
1236	-49.929785	17.177904	
1237	-51.308020	17.188831	
1238	-52.435696	16.498847	
1239	-52.680468	15.648868	
1240	-54.113364	15.725782	
1241	-56.079930	22.351906	
1242	-60.339191	31.983713	
1243	-57.715372	16.313830	
1244	-57.393465	18.679288	
1245	-59.719414	21.011769	
1246	-60.792957	19.977692	
1247	-59.670799	18.042020	
1248	-60.230414	16.489032	
1249	-61.711263	18.770128	
1250	-63.903514	28.200806	
1251	-62.896510	16.893138	
1252	-64.206020	19.172904	
1253	-66.056599	20.046083	
1254	-67.047729	20.512049	
1255	-67.974820	22.843904	
1256	-67.854650	21.640114	
1257	-68.992007	21.021001	
1258	-69.412758	20.650371	
1259	-69.423578	19.991185	
1260	-69.736864	17.338082	
1261	-71.137868	15.000696	
1262	-70.674503	15.739731	
1263	-71.929051	15.506843	
1264	-72.726880	14.925646	
1265	-72.480123	12.804003	
1266	-72.983487	6.747003	
1267	-74.054518	12.598754	
1268	-74.495248	9.124004	
1269	-74.921320	16.315852	
1270	-75.158620	4.487646	
1271	-75.659525	8.679136	
1272	-75.606352	10.411161	
1273	-76.056587	5.005114	
1274	-76.658563	5.846052	
1275	-77.182655	3.811349	
1276	-76.988459	5.392991	
1277	-77.348848	5.277833	
1278	-78.422958	5.878949	
1279	-78.721853	6.550878	
1280	-78.892585	4.594384	
1281	-79.562681	12.284268	
1282	-80.123774	13.688711	
1283	-80.633393	13.090818	
1284	-80.232367	11.641373	
1285	-79.959848	11.892113	
1286	-81.764216	36.049110	
1287	-81.739712	30.625297	
1288	-82.849171	45.001709	
1289	-83.610259	47.862002	
1290	-82.994132	44.965214	
1291	-81.479033	23.789950	
1292	-82.084914	29.723767	
1293	-82.210582	32.086933	
1294	-82.804870	35.921681	
1295	-83.044608	34.714698	
1296	-84.039030	39.154627	
1297	-84.093249	37.747727	
1298	-85.233180	51.767880	
1299	-87.779811	76.047911	
1300	-86.238025	53.159716	
1301	-86.985236	60.118538	
1302	-86.016822	47.893205	
1303	-86.112424	48.149718	
1304	-86.541444	53.127866	
1305	-86.595151	52.513193	
1306	-86.559692	48.586776	
1307	-86.807820	50.877774	
1308	-88.299476	64.907740	
1309	-88.375425	66.592056	
1310	-89.002664	75.188521	
1311	-88.541120	68.755068	
1312	-88.765769	71.725960	
1313	-88.871554	73.302657	
1314	-89.114302	78.055615	
1315	-89.088538	77.348718	
1316	-89.433783	82.125162	
1317	-90.276841	93.330361	
1318	-90.884675	101.005967	
1319	-91.321630	107.438437	
1320	-91.134926	104.910285	
1321	-91.395090	109.250852	
1322	-92.021715	116.917301	
1323	-91.928401	116.203480	
1324	-91.942747	114.440434	
1325	-92.281238	116.913374	
1326	-92.209007	116.158584	
1327	-92.396046	118.538182	
1328	-92.940946	125.399325	
1329	-93.307775	129.417102	
1330	-93.899424	134.416998	
1331	-93.876331	136.174084	
1332	-93.896367	137.322953	
1333	-93.993689	135.998183	
1334	-93.950845	132.796082	
1335	-94.446223	136.803602	
1336	-94.329428	137.062007	
1337	-94.116041	131.749755	
1338	-94.256519	134.131872	
1339	-94.466619	133.337945	
1340	-94.497398	133.751336	
1341	-94.403426	134.557240	
1342	-94.437117	133.930914	
1343	-94.548494	136.024180	
1344	-94.709117	133.913053	
1345	-94.423961	136.204638	
1346	-95.329972	134.206586	
1347	-96.124174	128.400494	
1348	-94.364683	140.524022	
1349	-95.274740	131.302033	
1350	-98.813664	128.188953	
1351	-97.913634	129.830132	
1352	-96.048954	132.197885	
1353	-96.726368	127.131701	
1354	-97.643256	129.753846	
1355	-95.962341	174.881147	
1356	-98.598833	138.571181	
1357	-98.599399	127.241486	
1358	-97.980068	129.004889	
1359	-98.991719	130.598651	
1360	-98.480169	129.931513	
1361	-98.257609	131.246222	
1362	-98.373518	129.525619	
1363	-97.831494	127.376072	
1364	-98.429143	130.331262	
1365	-98.275638	129.905871	
1366	-98.374699	127.944378	
1367	-98.017368	125.053197	
1368	-97.692218	126.178652	
1369	-97.874722	129.132416	
1370	-96.754331	117.830634	
1371	-96.371342	117.199106	
1372	-96.066018	116.926652	
1373	-96.192088	118.530272	
1374	-96.149396	117.373812	
1375	-96.011687	117.186479	
1376	-96.187360	117.319426	
1377	-96.050310	118.515051	
1378	-95.909770	122.464005	
1379	-95.802685	120.101691	
1380	-95.794147	121.080945	
1381	-95.878707	119.237767	
1382	-96.150176	117.676859	
1383	-95.574342	120.648235	
1384	NaN	NaN	
1385	NaN	NaN	
1386	NaN	NaN	
1387	NaN	NaN	
1388	NaN	NaN	
1389	NaN	NaN	
1390	NaN	NaN	
1391	NaN	NaN	
1392	NaN	NaN	
1393	NaN	NaN	
1394	NaN	NaN	
1395	NaN	NaN	
1396	NaN	NaN	
1397	NaN	NaN	
1398	NaN	NaN	
1399	NaN	NaN	
1400	-97.175933	127.354657	
1401	-96.742934	124.952557	
1402	-96.524046	125.877988	
1403	-96.208304	126.037349	
1404	-96.806894	124.644977	
1405	-97.070164	124.610391	
1406	-97.218384	124.490895	
1407	-97.382971	125.323107	
1408	-97.194624	124.653079	
1409	-97.230442	124.571491	
1410	-97.580654	126.142677	
1411	-98.382230	130.263337	
1412	-98.277421	129.712369	
1413	-96.984783	124.836648	
1414	-97.239936	124.503160	
1415	-97.229290	129.716290	
1416	-97.067673	154.566673	
1417	-96.767535	147.178069	
1418	-96.483352	149.722434	
1419	-96.977531	149.087034	
1420	-95.595137	150.471484	
1421	-93.704686	172.552767	
1422	-97.731169	149.133573	
1423	-97.603072	151.482612	
1424	-96.687187	147.978064	
1425	-97.349067	152.779285	
1426	-97.771222	150.141598	
1427	-96.781947	146.349915	
1428	-96.164087	143.114817	
1429	-96.441455	143.316275	
1430	-97.343819	146.894447	
1431	-96.802459	144.362099	
1432	-96.066037	141.351975	
1433	-96.474565	141.072682	
1434	-96.776541	145.623370	
1435	-96.366768	142.294738	
1436	-96.908292	145.093693	
1437	-96.205635	142.754316	
1438	-95.992072	140.724799	
1439	-95.903541	139.696726	
1440	-95.903889	140.239832	
1441	-96.731365	141.658843	
1442	-96.144487	151.032145	
1443	-93.901789	161.452755	
1444	-97.542124	143.536144	
1445	-96.087084	148.548692	
1446	-94.159403	169.352669	
1447	-97.267091	145.087689	
1448	-95.820945	149.024690	
1449	-93.377112	176.948397	
1450	-95.346406	157.599684	
1451	-93.492969	-133.663367	
1452	-93.292459	-132.699776	
1453	-100.904910	147.940849	
1454	-94.425943	165.674122	
1455	-91.550831	-108.938637	
1456	-98.593206	149.001350	
1457	-97.045746	148.249760	
1458	-96.613711	148.649594	
1459	-93.246991	-130.839068	
1460	-92.870570	-126.965832	
1461	-98.808391	148.477223	
1462	-95.547977	150.865119	
1463	-94.277794	175.252418	
1464	-97.539448	153.407553	
1465	-95.397978	162.907673	
1466	-96.203066	154.687888	
1467	-94.919921	166.603429	
1468	-93.351704	-127.889007	
1469	-92.887060	-120.527890	
1470	-96.123702	143.991444	
1471	-94.362822	130.660317	
1472	-94.332728	130.216491	
1473	-95.758032	125.015163	
1474	-95.285853	128.822926	
1475	-95.030321	131.036903	
1476	-94.538043	135.877211	
1477	-92.250410	-104.584658	
1478	-93.553070	155.389374	
1479	-96.362896	126.307136	
1480	-94.873482	130.263308	
1481	-94.519511	143.117572	
1482	-95.221105	128.956902	
1483	-94.789966	147.170640	
1484	-97.555800	133.699418	
1485	-93.202592	155.609311	
1486	-94.495780	163.404591	
1487	-94.969024	133.289881	
1488	-97.349058	149.747152	
1489	-96.412019	174.848422	
1490	-97.789505	171.805477	
1491	-95.975347	-178.238402	
1492	-93.759137	-172.863961	
1493	-95.821810	-177.639561	
1494	-94.227064	-170.462354	
1495	-96.616326	169.309758	
1496	-94.309537	139.160492	
1497	-95.228384	157.452655	
1498	-93.994982	-147.801724	
1499	-93.999988	-173.836747	
1500	-93.975868	-164.710500	
1501	-94.113877	-170.788949	
1502	-93.678979	-161.449609	
1503	-94.382233	178.231706	
1504	-95.191974	141.839639	
1505	-94.953269	143.904445	
1506	-94.260601	-169.969774	
1507	-94.089419	-166.198303	
1508	-94.146109	-169.574518	
1509	-94.050121	-171.822311	
1510	-94.317336	174.629556	
1511	-95.103398	136.460021	
1512	-95.230354	147.130645	
1513	-95.221112	139.393768	
1514	-94.197326	166.612669	
1515	-95.234237	147.580280	
1516	-95.489717	168.121632	
1517	-95.348615	162.218813	
1518	-95.084143	151.923497	
1519	-95.359405	156.737950	
1520	-95.469117	148.976126	
1521	-95.408677	146.259501	
1522	-95.792622	145.184312	
1523	-96.218260	142.787953	
1524	-95.325329	136.397016	
1525	-96.434640	136.390684	
1526	-98.571449	122.976708	
1527	-95.308743	154.276782	
1528	-94.177291	156.783497	
1529	-94.821219	133.121954	
1530	-94.694509	147.506826	
1531	-95.144253	134.230735	
1532	-93.690636	122.658716	
1533	-92.907446	122.155259	
1534	-93.160602	155.286605	
1535	-94.560825	133.479776	
1536	-94.449243	132.342359	
1537	-93.588474	126.849171	
1538	-93.599931	130.087207	
1539	-93.594510	134.546041	
1540	-92.327342	143.093443	
1541	-93.022669	120.238801	
1542	-92.542727	114.668900	
1543	-91.749925	111.343917	
1544	-90.128080	92.870531	
1545	-90.543467	96.152939	
1546	-88.366337	62.664400	
1547	-89.575149	84.829198	
1548	-89.069804	72.731461	
1549	-87.726215	45.254695	
1550	-87.397520	64.810451	
1551	-87.927300	62.136471	
1552	-86.852624	54.499955	
1553	-85.031072	51.406057	
1554	-87.380836	65.095073	
1555	-86.932082	59.684096	
1556	-86.694303	62.388368	
1557	-85.961469	54.646114	
1558	-84.153665	27.709293	
1559	-84.629226	35.083504	
1560	-84.101968	25.859374	
1561	-82.792759	23.645362	
1562	-81.904785	22.195467	
1563	-82.023420	23.708227	
1564	-81.631586	25.949840	
1565	-80.544657	25.163958	
1566	-79.280133	20.373739	
1567	-78.586455	17.639233	
1568	-77.694635	17.564601	
1569	-76.679709	19.072022	
1570	-75.392842	17.989162	
1571	-74.161902	16.249355	
1572	-74.382672	14.123244	
1573	-73.521556	11.650939	
1574	-73.179241	11.152348	
1575	-73.442632	12.730860	
1576	-71.045196	13.190268	
1577	-71.707856	13.595269	
1578	-70.741807	13.228107	
1579	-70.557078	18.537366	
1580	-72.468791	28.652866	
1581	-68.737460	8.806967	
1582	-68.031712	12.431192	
1583	-66.929150	12.678890	
1584	-65.916565	13.533530	
1585	-65.146245	12.815290	
1586	-64.144756	11.591970	
1587	-63.227494	10.531213	
1588	-63.006156	10.460847	
1589	-61.988884	10.987785	
1590	-60.991858	12.015048	
1591	-60.677625	12.532381	
1592	-60.369096	12.426545	
1593	-59.237825	13.033830	
1594	-57.903294	12.282140	
1595	-56.794457	11.456525	
1596	-57.018769	11.074442	
1597	-55.806066	12.055237	
1598	-54.202348	11.987695	
1599	-53.516056	9.304194	
1600	-52.174918	12.213957	
1601	-51.486670	11.461100	
1602	-50.022408	10.935948	
1603	-50.149603	10.449681	
1604	-49.141453	11.028233	
1605	-48.109630	11.149560	
1606	-45.842348	10.277145	
1607	-45.821170	11.216101	
1608	-45.151981	10.936709	
1609	-44.471780	10.822158	
1610	-43.403556	11.358091	
1611	-42.102365	11.580572	
1612	-41.580236	12.094748	
1613	-40.819678	10.720782	
1614	-41.075642	11.342611	
1615	-39.647444	11.329808	
1616	-38.458567	11.040431	
1617	-38.581339	11.954883	
1618	-37.389282	11.250123	
1619	-37.506331	11.866980	
1620	-35.398101	11.792852	
1621	-34.350251	11.230376	
1622	-33.898157	12.147354	
1623	-33.173573	12.005481	
1624	-32.002301	11.771155	
1625	-30.591225	11.226183	
1626	-29.757726	11.718618	
1627	-29.769888	11.875546	
1628	-28.300330	11.455300	
1629	-27.795501	11.384781	
1630	-26.359590	11.260775	
1631	-26.262684	11.354192	
1632	-24.377850	11.172272	
1633	-24.070407	11.479069	
1634	-23.230309	11.889664	
1635	-21.705518	11.475767	
1636	-21.367276	12.057516	
1637	-20.661248	11.807935	
1638	-18.490137	11.414574	
1639	-18.236674	11.944838	
1640	-18.236708	11.953937	
1641	-17.490490	12.542046	
1642	-17.191046	12.192376	
1643	-16.006392	12.391516	
1644	-14.227649	11.358302	
1645	-12.781897	12.627618	
1646	-13.062687	12.316046	
1647	-10.630082	12.636897	
1648	-9.371430	13.261542	
1649	-9.887717	13.380804	
1650	-9.187622	13.619636	
1651	-8.126286	13.362066	
1652	-7.373946	13.648773	
1653	-6.802933	14.035863	
1654	-7.111974	13.753084	
1655	-5.511001	13.799073	
1656	-4.684803	14.121056	
1657	-4.064386	14.649482	
1658	-3.736108	14.417050	
1659	-2.396606	14.769732	
1660	-2.766876	14.865077	
1661	-0.992310	15.295264	
1662	0.219812	15.674197	
1663	0.371638	15.472106	
1664	0.860322	15.706038	
1665	1.749461	16.780101	
1666	2.157169	16.081620	
1667	3.583078	16.746788	
1668	3.612173	16.628737	
1669	4.427421	16.288249	
1670	5.977575	17.096207	
1671	4.702388	16.369250	
1672	6.702624	17.168548	
1673	7.128793	17.841444	
1674	8.120502	17.101034	
1675	8.463544	17.784659	
1676	9.623509	17.505768	
1677	9.663421	16.353849	
1678	10.766809	17.527049	
1679	10.349694	16.560502	
1680	11.618014	17.147837	
1681	11.897321	16.917903	
1682	12.257360	17.400836	
1683	14.417524	19.722954	
1684	14.818485	19.595665	
1685	15.645485	19.923929	
1686	15.477582	19.713061	
1687	15.105426	18.978292	
1688	15.830490	20.286296	
1689	16.705037	19.299301	
1690	17.841842	18.894803	
1691	17.904231	18.829111	
1692	18.730707	18.961683	
1693	18.715694	19.948475	
1694	19.603226	19.975261	
1695	20.185075	20.010738	
1696	20.457320	20.172192	
1697	20.839777	20.797950	
1698	21.759304	20.834966	
1699	22.886527	21.964839	
1700	22.942734	22.548901	
1701	23.571306	22.855570	
1702	23.994047	22.082695	
1703	24.368416	22.137064	
1704	25.274066	22.163583	
1705	26.473371	23.100863	
1706	27.126498	23.989488	
1707	25.606875	23.152505	
1708	25.413433	22.470394	
1709	26.596016	22.880288	
1710	26.996898	23.961730	
1711	27.118409	24.036249	
1712	27.472553	24.712903	
1713	28.585014	24.827978	
1714	28.458940	24.553301	
1715	29.718349	25.501489	
1716	29.213626	25.259260	
1717	29.757997	25.376817	
1718	30.377829	25.777188	
1719	31.042226	25.642426	
1720	31.245513	25.933595	
1721	30.553067	27.581624	
1722	31.660556	27.223147	
1723	31.446327	26.730732	
1724	32.093943	25.985081	
1725	32.813174	27.441023	
1726	33.598242	28.296676	
1727	33.637471	30.610214	
1728	33.146741	26.379003	
1729	33.298164	27.571437	
1730	33.280817	26.534295	
1731	32.953709	26.887727	
1732	34.625187	27.427086	
1733	34.373332	27.772377	
1734	34.564482	28.329413	
1735	35.124823	28.468042	
1736	35.375115	28.185705	
1737	35.050541	28.129446	
1738	35.652945	28.897192	
1739	36.982423	29.502776	
1740	36.317650	29.707791	
1741	36.782664	29.963839	
1742	37.138044	28.513476	
1743	37.985775	29.456111	
1744	37.059383	28.748332	
1745	37.507513	28.954791	
1746	37.739057	28.982284	
1747	37.463022	28.539934	
1748	37.981968	28.382786	
1749	37.821169	28.250654	
1750	37.574586	28.274669	
1751	37.860096	28.418558	
1752	37.076105	27.600979	
1753	37.726182	27.382418	
1754	37.426911	28.114788	
1755	37.262765	28.820556	
1756	38.005480	29.506035	
1757	37.954263	28.781429	
1758	37.724219	29.656865	
1759	38.154716	35.650649	
1760	38.277140	35.033511	
1761	39.019030	33.986334	
1762	38.526498	28.643651	
1763	38.584498	29.451611	
1764	38.226921	28.124475	
1765	38.862739	29.458265	
1766	38.899303	29.424407	
1767	38.398522	29.052329	
1768	38.953648	29.025336	
1769	39.455625	29.869374	
1770	39.493311	30.173227	
1771	39.094762	29.106336	
1772	39.367286	28.417939	
1773	38.983768	28.313888	
1774	38.887485	27.791112	
1775	39.359353	27.762409	
1776	39.588366	29.408054	
1777	39.804896	29.556279	
1778	39.559296	28.355749	
1779	39.261388	28.012892	
1780	38.798212	27.164312	
1781	39.193943	27.239168	
1782	39.089481	27.375120	
1783	39.355263	27.962921	
1784	39.226383	28.037954	
1785	39.084749	27.878961	
1786	38.366684	27.778674	
1787	39.350941	28.442963	
1788	39.017770	27.693339	
1789	39.023363	27.579901	
1790	38.717628	26.791431	
1791	38.607492	27.357586	
1792	38.647132	27.853045	
1793	38.190491	27.924306	
1794	38.890184	27.224812	
1795	39.013525	29.143535	
1796	39.940272	35.814396	
1797	39.942991	35.287585	
1798	40.031665	34.124411	
1799	39.419127	28.668432	
1800	39.270582	29.063889	
1801	39.320053	28.871594	
1802	39.397093	29.293954	
1803	39.286704	28.969959	
1804	39.417226	29.304357	
1805	38.860873	28.851089	
1806	38.620676	28.485109	
1807	38.405277	28.886787	
1808	38.370965	29.139927	
1809	38.479080	29.268610	
1810	37.975932	29.134264	
1811	37.969936	28.487453	
1812	37.916919	28.871791	
1813	37.820825	28.597868	
1814	38.179414	28.800328	
1815	37.975673	29.134156	
1816	37.520090	28.552100	
1817	36.240004	28.101142	
1818	35.944381	27.833207	
1819	36.224640	27.605427	
1820	36.106873	27.307703	
1821	36.165163	27.680236	
1822	36.202284	28.040467	
1823	35.147089	27.408018	
1824	34.664148	27.067113	
1825	34.442620	26.457542	
1826	34.632209	26.141935	
1827	34.951066	26.332821	
1828	34.458852	26.008590	
1829	33.873817	25.839098	
1830	33.405338	25.368045	
1831	33.895748	27.062137	
1832	33.681473	30.954144	
1833	32.055677	23.791125	
1834	32.560927	25.856075	
1835	32.500239	24.724341	
1836	31.370153	24.457904	
1837	31.628358	23.977194	
1838	30.513932	23.667827	
1839	30.710922	23.986910	
1840	30.308021	23.107053	
1841	29.837447	23.284825	
1842	29.063205	22.254569	
1843	28.889989	23.311314	
1844	28.838371	22.004616	
1845	27.930028	21.657794	
1846	28.169991	23.090081	
1847	27.413623	21.800108	
1848	26.884121	22.245639	
1849	25.866492	22.193926	
1850	26.176885	21.471602	
1851	24.959502	21.292733	
1852	24.516971	21.877469	
1853	23.647905	20.851661	
1854	23.472725	21.052640	
1855	22.907431	20.521358	
1856	21.933808	19.304556	
1857	22.022686	19.125464	
1858	22.548050	20.696919	
1859	22.004743	19.856070	
1860	20.160751	19.184450	
1861	19.813751	19.494426	
1862	20.132459	19.175210	
1863	17.601704	17.883407	
1864	18.018927	18.259777	
1865	17.141277	18.150296	
1866	15.761762	17.831838	
1867	15.383831	16.956925	
1868	15.574247	18.319939	
1869	13.758718	18.143275	
1870	13.010634	18.607028	
1871	11.937909	16.671842	
1872	10.552006	16.049445	
1873	10.114776	17.215509	
1874	9.683525	16.225736	
1875	9.082271	17.022009	
1876	8.613437	16.760201	
1877	8.046913	16.336499	
1878	6.913265	16.465945	
1879	5.197636	17.551369	
1880	4.755838	17.559011	
1881	4.132565	16.198085	
1882	3.241276	15.863275	
1883	1.556130	14.944148	
1884	1.864820	16.139878	
1885	0.158876	15.058977	
1886	-0.257600	14.527689	
1887	-1.433733	14.993997	
1888	-1.939314	15.618176	
1889	-2.435374	15.795317	
1890	-4.361483	14.724604	
1891	-4.079116	14.915084	
1892	-5.939607	14.323645	
1893	-6.398955	14.758167	
1894	-7.073163	13.877058	
1895	-9.239480	14.725086	
1896	-8.082551	14.492734	
1897	-5.145292	11.365360	
1898	-12.829769	15.498486	
1899	-13.651198	15.091067	
1900	-13.185484	14.540630	
1901	-13.712212	14.227815	
1902	-15.816087	14.451105	
1903	-15.193522	14.277193	
1904	-17.275050	13.358620	
1905	-18.869569	14.385391	
1906	-19.700717	14.405007	
1907	-19.971875	13.719610	
1908	-20.529680	14.207282	
1909	-22.861917	14.513843	
1910	-23.408510	14.320033	
1911	-24.320325	13.213002	
1912	-26.153674	13.760435	
1913	-26.359868	14.024275	
1914	-27.048201	13.265108	
1915	-28.301841	13.795795	
1916	-29.925438	13.097040	
1917	-31.033542	12.852431	
1918	-32.558418	12.822460	
1919	-33.302596	13.594873	
1920	-33.505892	13.329635	
1921	-35.352468	12.658076	
1922	-36.173090	13.209690	
1923	-37.307766	12.945828	
1924	-37.935168	13.033923	
1925	-39.422414	12.620837	
1926	-39.611498	12.806789	
1927	-39.270137	11.489334	
1928	-40.793603	11.946885	
1929	-42.765874	11.309681	
1930	-42.956763	11.272480	
1931	-43.708512	10.948628	
1932	-44.913374	11.366675	
1933	-45.863920	11.739037	
1934	-46.844593	12.235313	
1935	-48.246543	11.450492	
1936	-48.981174	11.367178	
1937	-49.802249	10.538085	
1938	-50.867121	11.545852	
1939	-51.625442	12.128346	
1940	-52.853859	11.666825	
1941	-54.265522	11.650126	
1942	-55.095997	11.716214	
1943	-55.604628	11.542369	
1944	-56.575750	9.115765	
1945	-58.720224	14.011402	
1946	-62.339932	28.864589	
1947	-59.398784	11.098565	
1948	-61.188010	13.279292	
1949	-60.397192	11.226394	
1950	-62.509525	16.785288	
1951	-66.387129	29.092064	
1952	-63.574348	8.582200	
1953	-64.681934	11.380734	
1954	-66.270910	11.079083	
1955	-66.968588	11.595517	
1956	-67.696381	10.454801	
1957	-68.796948	9.359786	
1958	-70.235543	18.271489	
1959	-69.880642	14.505454	
1960	-71.365846	17.630121	
1961	-70.783697	13.364226	
1962	-72.071424	12.970614	
1963	-72.672050	12.705969	
1964	-73.298725	11.711751	
1965	-73.914823	11.382205	
1966	-75.137311	11.077044	
1967	-75.323449	3.462483	
1968	-75.460038	8.457233	
1969	-76.767328	9.451783	
1970	-76.778721	7.954097	
1971	-77.237739	8.223436	
1972	-77.799641	4.910653	
1973	-78.213285	7.462378	
1974	-78.126280	13.562394	
1975	-77.536244	11.473481	
1976	-77.424290	13.196266	
1977	-79.029520	14.630987	
1978	-78.990206	16.090599	
1979	-79.398121	18.344051	
1980	-80.396351	18.035088	
1981	-81.803896	20.825823	
1982	-81.211740	20.429237	
1983	-80.637912	20.209600	
1984	-82.023338	25.274600	
1985	-82.387971	26.037227	
1986	-83.088096	29.745400	
1987	-83.796839	34.765727	
1988	-84.672553	40.819825	
1989	-84.711296	39.279896	
1990	-84.293595	31.108386	
1991	-84.977729	31.109252	
1992	-86.758043	15.199748	
1993	-86.758859	8.510978	
1994	-86.809883	7.953848	
1995	-87.096322	16.542305	
1996	-87.452720	20.689484	
1997	-87.363270	27.674300	
1998	-87.517682	25.066175	
1999	-87.886812	30.034577	
2000	-87.986569	26.300439	
2001	-87.985129	28.156838	
2002	-87.151414	42.270113	
2003	-87.745229	46.455008	
2004	-88.128956	52.422170	
2005	-88.501984	60.897660	
2006	-88.960576	69.695379	
2007	-89.523026	80.660871	
2008	-89.045347	72.571577	
2009	-89.839886	86.873555	
2010	-90.882439	107.537523	
2011	-91.012440	108.867258	
2012	-91.406744	118.122061	
2013	-91.612465	128.268946	
2014	-91.315977	122.944912	
2015	-91.193971	117.301284	
2016	-92.166174	127.752449	
2017	-91.060685	115.981778	
2018	-90.282391	-130.421772	
2019	-90.658158	160.998303	
2020	-90.633548	171.011138	
2021	-90.852677	-157.987108	
2022	-91.975706	135.802619	
2023	-91.437758	127.253829	
2024	-91.748975	136.598243	
2025	-91.111139	120.543628	
2026	-91.138952	116.900346	
2027	-90.954237	114.289071	
2028	-90.848101	114.043945	
2029	-91.602809	123.448538	
2030	-90.951940	116.648512	
2031	-90.216555	99.380507	
2032	-91.507108	143.347635	
2033	-92.096639	-152.854263	
2034	-90.964441	123.885218	
2035	-97.258658	146.468622	
2036	-94.981767	143.159561	
2037	-93.831439	153.901717	
2038	-96.501557	142.876119	
2039	-95.618797	147.710231	
2040	-96.393571	145.926912	
2041	-95.083064	162.172707	
2042	-91.577675	-103.796051	
2043	-92.134316	-126.355054	
2044	-95.713529	143.879074	
2045	-93.612602	158.358373	
2046	-96.675774	134.974754	
2047	-96.826509	121.426858	
2048	-97.324199	122.596310	
2049	-96.964719	123.080463	
2050	-96.239545	122.376330	
2051	-95.691162	120.590457	
2052	-95.297453	118.858600	
2053	-95.475667	120.747042	
2054	-95.537829	123.876857	
2055	-95.568200	125.298884	
2056	-95.520278	126.946444	
2057	-95.383245	128.597185	
2058	-95.534811	129.872256	
2059	-95.885037	132.355709	
2060	-95.954955	133.229829	
