Athlete_Engineering	// User ID
11-2-2021	// Evaluation date
P013_Walk6	30-1-2021	12:35:15:516	// Source file name and timestamp
250.000	// Sampling rate
5.794	// Data capture period



Sample #	Right_Leg_Flexion	Right_Leg_Abduction	
0	-89.951243	-79.527308	
1	-89.927361	-69.721545	
2	-89.746120	-59.182316	
3	-89.637598	-53.364461	
4	-89.768051	-75.205087	
5	-89.634882	-70.842732	
6	-89.677400	-66.594955	
7	-90.001586	-90.115922	
8	-90.038615	-94.167438	
9	-89.949186	-81.963559	
10	-89.982010	-88.052095	
11	-89.857800	-73.292580	
12	-89.867355	-77.022929	
13	-89.803369	-72.260283	
14	-90.244476	-112.573025	
15	-90.057802	-96.580865	
16	-90.545097	-127.369623	
17	-91.463938	141.093903	
18	-91.225918	101.258766	
19	-91.415322	104.884484	
20	-91.593728	157.826652	
21	-91.701784	-153.904069	
22	-91.840398	-159.667513	
23	-91.923104	-160.709693	
24	-91.837222	-168.373210	
25	-91.972798	-162.833626	
26	-91.944157	-162.157829	
27	-91.968865	-167.215511	
28	-91.936659	-166.372763	
29	-91.952456	-160.784526	
30	-91.849786	-158.727128	
31	-91.870540	-162.266913	
32	-92.021511	-156.963621	
33	-91.989810	-154.273875	
34	-92.124201	-154.122049	
35	-92.271562	-155.265154	
36	-91.950304	-158.449923	
37	-91.630170	-156.737347	
38	-91.675089	-149.024115	
39	-91.630721	-152.015001	
40	-91.719742	-155.449723	
41	-92.055436	-161.553633	
42	-90.714707	-131.719540	
43	-89.227830	-43.989975	
44	-89.480129	-49.195755	
45	-89.400933	-43.437096	
46	-89.351472	-39.415979	
47	-89.280020	-40.021384	
48	-89.105278	-30.489420	
49	-88.954506	-30.345213	
50	-88.792346	-23.957675	
51	-88.605935	-22.510190	
52	-89.951268	-84.116657	
53	-91.017352	-163.425291	
54	-90.880646	-161.699456	
55	-91.140314	-174.458611	
56	-91.404099	177.819271	
57	-91.784246	-179.841359	
58	-90.172739	174.183624	
59	-90.102993	147.208937	
60	-92.152611	177.040547	
61	-90.440597	150.515060	
62	-88.376145	20.221203	
63	-89.747424	69.973401	
64	-90.760844	125.847903	
65	-90.553687	117.335576	
66	-90.564496	116.729895	
67	-89.802056	49.150586	
68	-88.834216	-4.636354	
69	-88.934168	38.541569	
70	-88.926850	34.372640	
71	-89.991206	89.205819	
72	-90.732160	144.807193	
73	-90.710801	128.063020	
74	-90.882270	121.153672	
75	-90.845884	119.834109	
76	-90.898374	121.745477	
77	-89.514488	68.232744	
78	-88.308998	30.448725	
79	-88.674194	28.805135	
80	-88.647770	0.437489	
81	-88.419706	12.147874	
82	-88.546153	27.748219	
83	-88.612164	11.434195	
84	-88.326047	22.850808	
85	-88.112437	33.016092	
86	-88.116415	31.883580	
87	-87.797134	29.572182	
88	-88.655073	42.750297	
89	-89.487423	69.044188	
90	-89.510365	68.457155	
91	-89.942223	86.776973	
92	-90.080110	95.078720	
93	-90.328327	114.330609	
94	-89.682843	70.040026	
95	-89.364541	66.396493	
96	-88.637163	51.809830	
97	-87.460132	30.815375	
98	-87.702886	36.069365	
99	-87.610223	34.343668	
100	-87.353698	31.089314	
101	-87.143884	27.030220	
102	-86.872392	23.668437	
103	-87.710456	33.616211	
104	-88.661308	45.044331	
105	-89.136048	60.451941	
106	-88.370683	41.519427	
107	-87.150108	33.621996	
108	-87.087370	36.039076	
109	-86.853738	23.391562	
110	-86.596538	12.897428	
111	-86.462521	10.796234	
112	-86.349565	12.766364	
113	-86.105945	11.835963	
114	-85.979643	13.602664	
115	-85.900164	16.723724	
116	-85.409916	15.305196	
117	-86.458456	25.197606	
118	-86.860900	26.374127	
119	-85.420795	13.168169	
120	-85.922277	18.821782	
121	-86.736249	38.452799	
122	-86.525480	49.576563	
123	-86.413553	38.122821	
124	-86.565792	35.582046	
125	-85.058899	33.402494	
126	-83.425474	27.295180	
127	-83.386733	27.982873	
128	-83.046949	26.257688	
129	-82.717270	19.547644	
130	-83.295260	6.983470	
131	-84.034486	16.828342	
132	-82.524309	12.385119	
133	-81.033744	2.139461	
134	-80.938367	12.771695	
135	-80.949282	17.413851	
136	-80.928681	8.657010	
137	-80.415817	8.665288	
138	-80.102059	16.309478	
139	-79.510443	12.339546	
140	-79.468842	19.843995	
141	-79.497248	16.135765	
142	-78.513532	16.805350	
143	-78.249316	5.840310	
144	-77.933871	9.820051	
145	-77.946516	20.249527	
146	-76.165118	10.284362	
147	-74.447502	11.555235	
148	-74.407821	2.301569	
149	-73.898033	-0.281552	
150	-74.296320	9.920375	
151	-73.927656	10.581303	
152	-72.439656	8.875399	
153	-71.994285	7.541224	
154	-71.419925	7.811975	
155	-70.914430	6.974294	
156	-71.151225	4.383594	
157	-70.094426	6.459664	
158	-69.806560	7.855624	
159	-70.153172	7.470039	
160	-69.296191	12.033262	
161	-67.506929	11.397355	
162	-66.960224	12.205991	
163	-67.422313	12.249122	
164	-67.083315	12.789779	
165	-65.440951	11.848653	
166	-63.156084	10.424747	
167	-63.300049	12.665550	
168	-62.269626	19.774076	
169	-62.767951	27.390302	
170	-62.343212	19.173652	
171	-62.339160	9.909193	
172	-62.287475	9.754670	
173	-62.607392	9.685625	
174	-61.800217	9.136109	
175	-61.970595	10.935796	
176	-61.674248	10.262989	
177	-60.985774	10.094600	
178	-59.048166	8.785901	
179	-58.972655	8.202972	
180	-59.046536	8.167560	
181	-57.185026	8.088512	
182	-57.948409	5.635433	
183	-58.117867	5.799586	
184	-57.885072	3.132431	
185	-57.949592	2.863629	
186	-56.959471	6.537600	
187	-57.314122	3.635912	
188	-57.845173	1.693777	
189	-57.035854	3.765557	
190	-57.104489	2.992179	
191	-57.137564	1.701670	
192	-56.165516	3.509645	
193	-56.525607	0.224477	
194	-56.865618	-0.832909	
195	-55.495592	3.519054	
196	-54.847398	2.573199	
197	-55.439269	0.324612	
198	-54.743563	4.503046	
199	-54.339673	4.958966	
200	-55.586426	0.903649	
201	-55.289042	0.920686	
202	-54.426786	2.140069	
203	-54.897314	2.557765	
204	-55.218082	2.384038	
205	-53.633624	2.555102	
206	-53.517957	1.553538	
207	-54.110636	3.285424	
208	-53.956649	2.285134	
209	-54.027633	1.703817	
210	-53.042972	2.303487	
211	-53.498540	0.770348	
212	-53.283667	1.531547	
213	-52.650295	0.608061	
214	-52.846301	-0.044877	
215	-52.569614	0.309777	
216	-52.568350	0.176168	
217	-52.241195	0.305903	
218	-52.566725	-0.500481	
219	-52.497221	-0.028415	
220	-52.342779	0.639095	
221	-52.412689	0.891166	
222	-52.412322	0.583170	
223	-52.329694	1.486827	
224	-52.576670	0.899546	
225	-52.834894	-0.288248	
226	-52.821309	0.826899	
227	-52.934643	0.475167	
228	-53.099598	-0.432390	
229	-53.134196	-0.715642	
230	-53.188906	-0.071372	
231	-53.288652	0.407730	
232	-53.781368	-0.091259	
233	-54.035853	-1.352348	
234	-53.906838	-0.939910	
235	-54.207501	-0.346049	
236	-54.308118	-0.663977	
237	-54.199438	0.065139	
238	-54.486772	-1.266490	
239	-54.728822	-1.298979	
240	-54.784779	-0.354081	
241	-55.041261	-1.758755	
242	-55.121426	-1.459617	
243	-55.248940	-0.598624	
244	-55.794546	-0.523492	
245	-55.599734	-0.334757	
246	-55.312555	-1.320877	
247	-55.888613	-1.216563	
248	-55.958669	-1.391218	
249	-56.155535	-1.452508	
250	-56.447052	-0.709331	
251	-56.633612	-1.073968	
252	-57.244300	-1.910868	
253	-57.539279	-2.463327	
254	-57.012996	-0.782250	
255	-57.825938	-1.600803	
256	-58.247346	-1.919436	
257	-57.819681	-0.508673	
258	-58.363892	-2.412213	
259	-58.687103	-0.965841	
260	-58.862053	0.333068	
261	-58.994330	-1.449378	
262	-59.087223	-0.909561	
263	-58.991384	-0.177926	
264	-59.905580	-0.975149	
265	-60.053599	-1.151700	
266	-59.672246	-0.473360	
267	-60.010946	-0.689107	
268	-59.888168	-0.823999	
269	-59.994882	-0.983513	
270	-59.931552	-0.791928	
271	-60.405436	-1.241923	
272	-60.692312	-0.893168	
273	-60.856287	-1.606005	
274	-61.217355	-2.131130	
275	-60.841598	-0.805833	
276	-60.763095	-0.205892	
277	-60.429376	0.021799	
278	-60.786397	-2.070311	
279	-61.287702	-3.727914	
280	-61.102788	-3.580118	
281	-60.938560	-2.874973	
282	-60.873667	-4.202369	
283	-61.298874	-4.967468	
284	-61.211375	-4.507186	
285	-61.213527	-5.304504	
286	-62.525025	-6.823681	
287	-62.554898	-7.433601	
288	-61.940660	-7.802939	
289	-62.787468	-7.821258	
290	-63.006215	-7.553402	
291	-62.819544	-8.753882	
292	-63.539686	-9.247824	
293	-64.121736	-9.393437	
294	-64.140416	-10.395222	
295	-64.088471	-12.405364	
296	-63.733584	-11.294519	
297	-63.066881	-10.138957	
298	-62.987915	-11.292279	
299	-62.959153	-11.687198	
300	-62.594284	-10.678721	
301	-62.660195	-10.567315	
302	-61.999949	-10.043601	
303	-61.550207	-7.672575	
304	-61.110202	-8.069484	
305	-60.410422	-9.277764	
306	-60.251381	-8.056011	
307	-60.098486	-8.000320	
308	-60.317074	-9.373339	
309	-60.426246	-10.903324	
310	-60.627403	-12.360310	
311	-60.671225	-12.027359	
312	-59.528816	-7.693020	
313	-60.348809	-10.836627	
314	-62.083509	-15.696348	
315	-62.786207	-16.058229	
316	-62.500641	-15.942613	
317	-62.772461	-15.254923	
318	-63.868329	-16.634052	
319	-64.004957	-15.746240	
320	-64.358740	-14.702534	
321	-64.055638	-15.218649	
322	-64.035302	-12.255830	
323	-64.136747	-6.039899	
324	-64.738450	-12.507807	
325	-65.030574	-13.490672	
326	-64.124518	-6.494606	
327	-64.253738	-9.714756	
328	-64.726104	-11.495312	
329	-65.500864	-14.228863	
330	-66.377783	-16.232898	
331	-66.638232	-16.645322	
332	-66.018386	-15.488782	
333	-66.899323	-17.641383	
334	-66.813872	-18.512910	
335	-67.089253	-17.450100	
336	-67.590590	-16.970096	
337	-66.684531	-15.386052	
338	-67.392638	-17.749767	
339	-67.080302	-12.265644	
340	-67.590802	-11.667415	
341	-68.442743	-17.972060	
342	-68.061400	-18.748797	
343	-68.243574	-15.420365	
344	-68.566836	-16.468467	
345	-68.491357	-18.365533	
346	-68.645063	-13.607540	
347	-69.286328	-19.254631	
348	-69.608726	-19.416028	
349	-70.075430	-20.554147	
350	-70.119051	-20.114292	
351	-70.005509	-15.320515	
352	-70.131821	-15.552358	
353	-70.396979	-16.211538	
354	-69.756747	-15.433400	
355	-70.330909	-14.630371	
356	-71.333157	-14.920260	
357	-71.380900	-13.863462	
358	-72.088871	-15.925175	
359	-72.043869	-16.278551	
360	-72.023874	-15.715003	
361	-72.278364	-14.094368	
362	-72.983762	-17.140546	
363	-73.454614	-19.301524	
364	-73.677405	-19.750674	
365	-73.894456	-19.699703	
366	-73.521989	-19.746462	
367	-73.633690	-18.666005	
368	-74.597356	-18.444162	
369	-75.063503	-20.854563	
370	-75.019482	-20.566333	
371	-75.080347	-10.632010	
372	-75.748333	-13.009098	
373	-75.930673	-16.961923	
374	-75.923169	-15.141102	
375	-76.230447	-22.091724	
376	-76.495312	-21.202774	
377	-76.348596	-21.460927	
378	-76.780377	-29.315222	
379	-77.360128	-30.820115	
380	-77.049729	-17.215576	
381	-77.240990	-15.341376	
382	-77.766301	-9.139497	
383	-78.194229	4.677327	
384	-78.349846	4.716902	
385	-78.609880	-12.712900	
386	-78.361363	-17.538167	
387	-78.344180	-11.764455	
388	-79.332944	-15.455940	
389	-79.848453	-19.023599	
390	-79.718019	-7.867331	
391	-79.979795	-4.619845	
392	-80.288216	-4.766419	
393	-80.555893	5.043263	
394	-81.224853	1.253797	
395	-81.402588	2.562962	
396	-81.295949	3.976488	
397	-81.596762	10.661441	
398	-81.942253	9.003441	
399	-82.069872	-0.328211	
400	-82.562448	-0.665916	
401	-84.091829	25.913168	
402	-84.396183	-43.930389	
403	-85.000743	-61.230875	
404	-85.071969	-43.337780	
405	-85.904399	45.290849	
406	-85.291883	-51.374349	
407	-85.618522	-45.513280	
408	-85.922443	-34.064617	
409	-86.595706	-67.077169	
410	-86.827167	-47.427266	
411	-87.205492	-58.258092	
412	-87.318478	-60.363986	
413	-87.707472	-56.001442	
414	-88.081332	-77.042410	
415	-88.198848	-78.225973	
416	-88.230583	-70.405827	
417	-89.090107	43.303575	
418	-89.181356	12.343946	
419	-89.670470	75.370441	
420	-90.013259	-90.895409	
421	-90.057479	95.550414	
422	-90.684010	-96.973615	
423	-90.933101	-102.704127	
424	-91.206516	-102.840188	
425	-91.549025	-107.301250	
426	-91.674518	-108.768937	
427	-91.638846	-107.257574	
428	-91.735375	-112.451545	
429	-91.982614	-105.521868	
430	-92.181365	-105.613225	
431	-92.541293	-116.932751	
432	-92.574905	-117.444823	
433	-92.413735	-111.172005	
434	-92.423893	-118.607823	
435	-92.388556	-109.390701	
436	-92.269114	-118.304253	
437	-92.462164	-174.266300	
438	-91.939198	-175.230266	
439	-92.012613	-112.143307	
440	-92.688082	-118.288498	
441	-92.346440	-171.854242	
442	-91.890583	-127.687744	
443	-91.838793	-124.641990	
444	-91.153940	-159.708402	
445	-91.512542	-105.573011	
446	-91.302073	-103.090376	
447	-89.729993	-80.226370	
448	-90.250709	-97.649491	
449	-90.091862	-94.195032	
450	-88.738349	-43.190931	
451	-87.789215	-15.317264	
452	-86.939702	-10.145023	
453	-86.709199	23.942301	
454	-86.187579	-28.661458	
455	-85.827463	-49.558963	
456	-84.628678	-23.696791	
457	-83.686105	27.885198	
458	-82.570590	34.556018	
459	-81.208726	2.901350	
460	-81.192708	-18.578806	
461	-79.973221	2.826176	
462	-79.032248	6.016567	
463	-78.547288	-5.075322	
464	-77.570599	1.822570	
465	-76.399477	1.965757	
466	-75.444180	0.616041	
467	-74.206767	2.723575	
468	-73.197326	1.463435	
469	-72.610836	1.873067	
470	-71.611480	5.959819	
471	-71.301703	6.251150	
472	-70.510626	6.741604	
473	-70.130293	5.521089	
474	-69.784365	2.833973	
475	-69.153605	0.575286	
476	-68.255836	0.918195	
477	-67.612241	3.525220	
478	-67.127659	4.947577	
479	-66.123997	3.866320	
480	-65.748899	2.708178	
481	-64.734947	2.123146	
482	-64.121703	0.549769	
483	-63.862184	0.470944	
484	-62.989298	-1.062736	
485	-62.411767	-1.942731	
486	-61.786464	-1.626317	
487	-60.872069	-1.334305	
488	-60.463895	-1.815113	
489	-59.704372	-2.745558	
490	-59.041695	-2.621717	
491	-58.751800	-1.989163	
492	-58.080702	-2.744412	
493	-57.379095	-3.299182	
494	-56.805867	-2.122325	
495	-56.343873	-2.384205	
496	-55.965467	-2.056346	
497	-55.539868	-2.920192	
498	-54.754019	-2.581823	
499	-54.730719	-0.482811	
500	-54.602383	-1.247806	
501	-54.267665	-1.419812	
502	-54.487427	-0.702043	
503	-53.840314	-0.460642	
504	-53.587838	-0.077985	
505	-53.491171	0.310764	
506	-53.259967	-1.238225	
507	-52.991001	-1.824736	
508	-52.467468	-0.956681	
509	-52.016447	-0.377594	
510	-51.824878	0.948964	
511	-51.939713	-0.068107	
512	-51.865612	-1.336221	
513	-51.277610	-0.695044	
514	-50.830123	-1.005643	
515	-50.787075	-1.073977	
516	-50.735674	-0.899734	
517	-50.876668	-1.211519	
518	-50.894887	-1.918202	
519	-50.860745	-1.338301	
520	-50.786782	-1.194481	
521	-50.612130	-2.252642	
522	-50.589005	-1.589768	
523	-50.562787	-0.116108	
524	-51.040495	-0.254160	
525	-51.378771	0.006872	
526	-51.107490	0.208021	
527	-51.281588	0.529163	
528	-51.614604	0.850082	
529	-51.577984	0.550468	
530	-51.843545	0.277588	
531	-52.441147	0.074394	
532	-52.496080	-0.110407	
533	-52.896823	-0.087002	
534	-53.708645	0.536551	
535	-54.168551	0.101587	
536	-54.461340	0.133146	
537	-55.506816	0.021403	
538	-56.129776	1.013549	
539	-56.601192	1.144949	
540	-57.460513	0.777841	
541	-58.264966	1.348019	
542	-59.190987	2.182476	
543	-60.018457	2.687115	
544	-60.883881	3.501603	
545	-61.627188	4.206385	
546	-62.405182	4.037577	
547	-63.161732	5.439878	
548	-63.764319	5.155367	
549	-64.061831	4.405175	
550	-64.450745	4.765463	
551	-64.694306	4.123670	
552	-64.625731	4.451401	
553	-64.647862	4.523887	
554	-64.426097	5.236908	
555	-64.260189	5.772182	
556	-64.126888	5.055735	
557	-63.776580	4.950530	
558	-63.737504	5.060776	
559	-63.652068	5.008730	
560	-63.290033	4.280124	
561	-63.266489	4.003607	
562	-63.504470	3.054273	
563	-63.702505	1.328293	
564	-63.695257	-0.042752	
565	-63.640489	-0.311302	
566	-63.715950	-0.948459	
567	-64.262822	-2.902109	
568	-64.758182	-3.763284	
569	-64.961761	-4.863511	
570	-65.261537	-5.514387	
571	-65.759242	-5.069747	
572	-66.384878	-6.321036	
573	-66.694828	-6.807294	
574	-66.825315	-5.312918	
575	-67.157107	-5.889346	
576	-67.596392	-8.464675	
577	-67.296138	-8.652021	
578	-67.089933	-7.936679	
579	-66.816793	-8.143061	
580	-66.307530	-9.859623	
581	-66.209298	-10.473579	
582	-65.612389	-10.657373	
583	-64.889214	-11.089494	
584	-64.428713	-9.976993	
585	-64.233689	-10.986242	
586	-63.636085	-7.771224	
587	-63.360088	-7.706809	
588	-63.362882	-10.991023	
589	-62.620073	-8.728874	
590	-62.553186	-8.545720	
591	-62.479250	-9.524971	
592	-62.449093	-9.995644	
593	-63.049610	-11.147015	
594	-63.304449	-11.279167	
595	-63.666507	-11.431801	
596	-64.188401	-11.695167	
597	-64.394025	-11.990020	
598	-64.969634	-13.368432	
599	-65.517225	-14.391054	
600	-66.165001	-15.261804	
601	-66.685161	-16.545847	
602	-67.456768	-16.591500	
603	-67.897945	-14.596218	
604	-67.816740	-13.856638	
605	-68.065204	-13.603896	
606	-68.151439	-15.191389	
607	-68.368544	-15.111726	
608	-68.464266	-14.118570	
609	-68.526493	-15.486111	
610	-68.770364	-14.893264	
611	-68.742707	-16.204879	
612	-68.896984	-16.262935	
613	-69.239673	-15.808524	
614	-69.249515	-16.150123	
615	-69.447838	-16.723554	
616	-69.889544	-15.810497	
617	-70.097363	-14.809510	
618	-70.135890	-14.792429	
619	-70.219408	-13.792825	
620	-70.532340	-13.980732	
621	-71.157440	-14.581882	
622	-71.065511	-15.732060	
623	-71.078370	-15.921254	
624	-71.403693	-16.492524	
625	-71.726948	-16.980612	
626	-72.199747	-18.191686	
627	-72.339497	-20.524426	
628	-72.430808	-21.358916	
629	-72.661602	-20.663542	
630	-72.592106	-20.287041	
631	-72.821848	-22.165955	
632	-73.367797	-23.315757	
633	-73.239146	-18.491246	
634	-73.497405	-20.085499	
635	-73.869399	-22.561793	
636	-73.710872	-18.878758	
637	-74.187345	-19.884771	
638	-74.368344	-20.768295	
639	-74.477944	-20.421606	
640	-74.585719	-20.708249	
641	-74.450668	-19.713855	
642	-75.202886	-19.455635	
643	-75.672729	-22.834646	
644	-75.806460	-21.949104	
645	-75.953672	-22.133193	
646	-76.122586	-24.767473	
647	-76.511384	-23.658202	
648	-76.946773	-25.331753	
649	-77.155125	-25.807343	
650	-78.064369	-22.696395	
651	-79.199968	-19.151095	
652	-79.485959	-21.286963	
653	-79.438078	-19.677180	
654	-79.623775	-17.984195	
655	-80.151776	-22.341271	
656	-80.523885	-23.225077	
657	-80.812014	-21.781368	
658	-81.087870	-24.617029	
659	-81.385089	-28.357101	
660	-81.695589	-30.057532	
661	-82.027590	-27.424174	
662	-82.212726	-23.645075	
663	-82.414213	-24.590694	
664	-82.917592	-25.581284	
665	-83.503832	-28.207382	
666	-83.922843	-29.003783	
667	-84.382206	-30.784409	
668	-84.692885	-32.531623	
669	-84.720207	-33.480562	
670	-85.460084	-36.071147	
671	-85.854423	-39.651506	
672	-85.943948	-41.681290	
673	-86.435573	-53.852940	
674	-86.707083	-59.873735	
675	-87.100752	-62.243893	
676	-87.765447	-68.877738	
677	-88.383083	-73.089681	
678	-89.046334	-79.497006	
679	-89.797861	-87.826084	
680	-89.934696	-89.339509	
681	-90.646979	-96.316372	
682	-91.453206	-104.193927	
683	-91.557972	-105.503670	
684	-91.930297	-109.988274	
685	-92.372126	-113.028678	
686	-92.631717	-114.687549	
687	-93.014243	-118.117631	
688	-93.269933	-122.135889	
689	-93.183400	-120.905596	
690	-93.065819	-121.804641	
691	-93.212672	-124.504173	
692	-93.577739	-126.384827	
693	-93.661014	-125.171376	
694	-93.485458	-124.197210	
695	-93.603743	-125.620033	
696	-93.900633	-127.225308	
697	-94.469884	-135.061471	
698	-94.577853	-134.114181	
699	-94.433905	-131.963121	
700	-94.886023	-136.720367	
701	-95.051523	-138.034229	
702	-94.809437	-134.821829	
703	-95.276644	-135.703965	
704	-95.829113	-139.043637	
705	-95.931098	-137.153218	
706	-96.221935	-137.762782	
707	-96.284601	-137.578673	
708	-96.565187	-138.948687	
709	-96.755244	-141.690177	
710	-96.933735	-143.272169	
711	-97.029311	-144.486061	
712	-96.896811	-141.499663	
713	-96.964718	-140.512939	
714	-96.696556	-140.257941	
715	-96.567027	-144.492843	
716	-96.313872	-145.111550	
717	-95.958071	-142.994565	
718	-95.639384	-140.346581	
719	-94.991005	-138.205401	
720	-94.115494	-133.762787	
721	-93.302054	-126.982746	
722	-92.700015	-123.876285	
723	-91.175995	-106.168951	
724	-90.057420	-90.718067	
725	-89.615821	-85.152201	
726	-88.849422	-76.212149	
727	-88.100018	-62.663855	
728	-87.127677	-45.349198	
729	-86.807479	-44.500729	
730	-86.491846	-37.810313	
731	-85.449536	-28.242341	
732	-84.296029	-17.195444	
733	-84.499781	-14.526814	
734	-84.405437	-10.286594	
735	-83.193124	-6.099721	
736	-82.476502	-9.120747	
737	-81.120475	-4.790327	
738	-80.042265	-0.078437	
739	-79.274152	-0.167942	
740	-78.737198	1.795873	
741	-77.785298	4.555211	
742	-76.523431	5.027314	
743	-75.996469	5.343250	
744	-74.967561	4.546517	
745	-74.132329	4.130106	
746	-73.537060	7.459339	
747	-72.813050	7.684106	
748	-72.464027	3.560876	
749	-71.724815	1.804953	
750	-71.469660	0.643357	
751	-71.729380	-0.414473	
752	-71.560429	-0.886263	
753	-69.547923	-1.826553	
754	-68.324630	-2.135307	
755	-68.351768	-2.879305	
756	-67.190641	-2.965534	
757	-67.079544	-3.050905	
758	-67.169949	-1.541751	
759	-66.336002	-1.621220	
760	-65.558292	-3.246708	
761	-65.386368	-3.822347	
762	-64.913887	-3.047763	
763	-64.157815	-4.079018	
764	-63.373758	-4.084088	
765	-62.992558	-3.871915	
766	-62.939229	-5.844236	
767	-62.068276	-5.430604	
768	-61.597020	-5.319375	
769	-61.198769	-5.853549	
770	-60.537951	-5.109184	
771	-59.900947	-3.906679	
772	-58.991233	-3.548349	
773	-59.369578	-3.242278	
774	-59.444376	-2.748907	
775	-58.427427	-2.277346	
776	-58.246354	-1.548311	
777	-58.508183	-1.650596	
778	-57.928005	-2.130222	
779	-57.527822	-1.693932	
780	-57.589776	-0.163587	
781	-57.513710	0.163819	
782	-56.952191	-0.292449	
783	-56.893560	-0.424099	
784	-56.647330	-1.050894	
785	-56.108686	-0.845132	
786	-55.999665	-0.499202	
787	-55.610150	-1.047109	
788	-55.495235	-0.696077	
789	-56.016781	0.380749	
790	-56.095716	-0.332596	
791	-55.344541	0.579028	
792	-55.179171	1.057062	
793	-55.590479	0.357170	
794	-55.791010	0.698235	
795	-55.975792	0.382142	
796	-55.575686	2.132395	
797	-55.692702	2.821313	
798	-56.815743	1.341475	
799	-56.486289	2.020172	
800	-56.223046	2.438772	
801	-56.845931	2.603150	
802	-57.034923	2.909328	
803	-57.245533	2.131154	
804	-57.404626	1.901939	
805	-57.766400	2.112000	
806	-58.219593	2.847503	
807	-58.903298	3.319737	
808	-59.553261	3.190295	
809	-59.795072	3.502139	
810	-59.879385	3.813378	
811	-60.720282	3.574407	
812	-61.634049	3.060761	
813	-62.266659	2.884104	
814	-63.255275	2.773819	
815	-63.286542	3.884463	
816	-63.827149	3.816900	
817	-65.459834	3.770481	
818	-66.331858	4.160239	
819	-67.086444	3.368275	
820	-67.577014	2.815574	
821	-67.646772	2.986690	
822	-67.770028	4.001086	
823	-68.106411	3.800674	
824	-68.732767	4.248581	
825	-69.598842	5.319013	
826	-69.800401	5.954344	
827	-69.506049	6.534892	
828	-69.333880	6.891275	
829	-69.284057	7.680520	
830	-68.851820	7.647611	
831	-69.180210	7.953922	
832	-70.206668	9.498032	
833	-69.677982	8.991521	
834	-69.369366	7.512407	
835	-69.251736	6.553003	
836	-69.224849	5.295644	
837	-69.554906	4.120992	
838	-69.004596	4.318816	
839	-68.157365	4.432591	
840	-68.768971	4.653927	
841	-69.822877	3.414688	
842	-70.335041	1.958846	
843	-70.618688	1.563665	
844	-71.523163	0.032270	
845	-71.912098	-0.922108	
846	-71.328488	-0.347186	
847	-71.483393	-0.364701	
848	-71.869759	-2.026700	
849	-72.203122	-3.228566	
850	-72.898221	-3.452194	
851	-73.451480	-3.735272	
852	-73.846764	-4.516347	
853	-74.535513	-3.987764	
854	-74.851842	-4.605787	
855	-74.569596	-7.687834	
856	-74.798507	-9.038383	
857	-74.500284	-7.682094	
858	-73.942352	-7.837373	
859	-73.681493	-10.508323	
860	-73.897454	-9.045828	
861	-74.504272	-8.234518	
862	-74.246242	-9.849753	
863	-73.813565	-9.894496	
864	-73.779433	-9.785944	
865	-73.762419	-8.752477	
866	-73.751476	-9.123831	
867	-73.738140	-8.561412	
868	-73.570578	-9.271283	
869	-74.182299	-10.975462	
870	-74.620274	-11.648695	
871	-74.862527	-12.712057	
872	-74.958200	-14.299461	
873	-75.112901	-15.770605	
874	-75.185063	-15.500007	
875	-76.178352	-18.266926	
876	-76.482536	-18.755097	
877	-76.429098	-17.766175	
878	-77.198752	-18.897035	
879	-77.181415	-18.423064	
880	-77.676015	-18.865875	
881	-78.856670	-23.620655	
882	-78.889214	-24.770430	
883	-78.533456	-22.018432	
884	-79.018570	-24.202262	
885	-78.427323	-20.785527	
886	-78.267133	-21.651328	
887	-78.867870	-26.272749	
888	-79.082886	-26.827459	
889	-79.031183	-27.413050	
890	-79.063086	-28.017591	
891	-79.297906	-28.108632	
892	-79.678377	-28.432426	
893	-80.032701	-29.842705	
894	-80.290249	-31.654246	
895	-80.169896	-32.292535	
896	-80.908857	-33.811667	
897	-81.625126	-35.185872	
898	-81.386198	-33.259717	
899	-81.379259	-32.324800	
900	-82.118333	-36.682252	
901	-82.549788	-38.357368	
902	-83.082073	-41.944708	
903	-82.937687	-43.361407	
904	-83.378149	-42.368629	
905	-84.640716	-48.042373	
906	-84.345240	-46.862764	
907	-84.865497	-49.878542	
908	-85.313284	-51.042577	
909	-84.389028	-45.972880	
910	-84.603605	-49.997066	
911	-84.988997	-50.320049	
912	-85.046380	-46.712946	
913	-85.537202	-50.782956	
914	-87.311361	-64.686877	
915	-87.266950	-63.382805	
916	-85.931800	-53.626615	
917	-85.987852	-54.530643	
918	-86.875698	-59.874058	
919	-87.700532	-66.033969	
920	-87.801595	-67.213542	
921	-87.967013	-68.698999	
922	-87.697268	-65.872234	
923	-87.552117	-64.821123	
924	-88.176554	-71.610145	
925	-88.668321	-76.828401	
926	-88.521106	-74.706823	
927	-88.844011	-77.844638	
928	-89.466449	-84.354552	
929	-90.563625	-96.311385	
930	-89.952018	-89.449748	
931	-90.503860	-95.444024	
932	-90.739530	-98.020884	
933	-90.697522	-97.561117	
934	-91.592271	-107.265827	
935	-92.020011	-111.944970	
936	-92.171992	-111.086258	
937	-91.258796	-102.058500	
938	-93.228875	-121.502783	
939	-93.186832	-120.233419	
940	-91.311153	-102.824581	
941	-92.779275	-118.811446	
942	-93.684335	-125.579213	
943	-94.308191	-137.498109	
944	-95.541384	-148.499627	
945	-96.069178	-145.399523	
946	-95.172558	-139.765118	
947	-96.989278	-152.451066	
948	-99.142746	-161.500137	
949	-96.883714	-145.636296	
950	-94.592004	-127.394693	
951	-95.198813	-136.634053	
952	-96.616413	-148.023605	
953	-98.391457	-153.671306	
954	-98.196055	-157.623139	
955	-98.428794	-154.575060	
956	-99.186315	-154.029143	
957	-98.434940	-151.488298	
958	-98.030454	-150.820415	
959	-100.526737	-162.443544	
960	-99.482915	-158.326649	
961	-99.333860	-157.359579	
962	-102.009586	-163.078032	
963	-100.209431	-159.585353	
964	-99.749206	-161.368180	
965	-99.681851	-159.858432	
966	-101.101071	-161.812471	
967	-101.810284	-164.346259	
968	-102.038250	-167.278699	
969	-101.917505	-166.180457	
970	-102.468983	-164.140122	
971	-102.340519	-166.781249	
972	-101.919625	-167.723989	
973	-103.077658	-168.197912	
974	-101.007438	-163.579019	
975	-101.122130	-163.552778	
976	-103.578365	-170.903763	
977	-102.886648	-171.926892	
978	-100.644263	-165.663522	
979	-100.999353	-164.456594	
980	-102.698515	-164.341833	
981	-101.237463	-168.645850	
982	-101.486370	-169.657530	
983	-101.999960	-163.302224	
984	-101.810628	-162.520671	
985	-100.706324	-162.512414	
986	-100.954265	-164.869066	
987	-101.871042	-164.202709	
988	-101.521787	-163.597522	
989	-101.416625	-160.620125	
990	-101.642346	-161.069906	
991	-101.109976	-162.707963	
992	-101.149434	-160.516261	
993	-101.654565	-160.023891	
994	-101.876416	-159.979320	
995	-102.332819	-161.622224	
996	-101.949223	-161.760278	
997	-101.166767	-160.486767	
998	-101.039927	-160.973001	
999	-101.304992	-161.890662	
1000	-101.493620	-160.960143	
1001	-101.576498	-160.201478	
1002	-100.595267	-160.656322	
1003	-100.108103	-162.395859	
1004	-100.446264	-161.189481	
1005	-100.073181	-157.680827	
1006	-101.021014	-165.543737	
1007	-99.494491	-161.989518	
1008	-96.872660	-151.122481	
1009	-97.503628	-155.058259	
1010	-97.482400	-157.092950	
1011	-97.054031	-155.600282	
1012	-97.411704	-154.441451	
1013	-95.230751	-154.565023	
1014	-93.234669	-146.757660	
1015	-94.239644	-155.453734	
1016	-93.780076	-158.082955	
1017	-92.868695	-155.245872	
1018	-91.508626	-149.455787	
1019	-91.158593	-153.211347	
1020	-90.907060	-171.137418	
1021	-88.244164	45.313316	
1022	-87.159873	39.124454	
1023	-86.894256	27.755439	
1024	-85.566288	16.461053	
1025	-84.458830	20.209680	
1026	-84.631809	24.509844	
1027	-83.807582	21.197924	
1028	-83.378334	15.071307	
1029	-82.483904	12.230608	
1030	-81.499564	15.374187	
1031	-80.799772	11.936915	
1032	-79.908685	11.039282	
1033	-79.955815	12.813502	
1034	-79.262338	8.916390	
1035	-78.989582	11.348987	
1036	-78.903301	14.853649	
1037	-78.167313	14.118857	
1038	-77.594127	12.004407	
1039	-76.067444	1.509172	
1040	-76.178252	4.549869	
1041	NaN	NaN	
1042	NaN	NaN	
1043	NaN	NaN	
1044	NaN	NaN	
1045	NaN	NaN	
1046	NaN	NaN	
1047	NaN	NaN	
1048	NaN	NaN	
1049	NaN	NaN	
1050	NaN	NaN	
1051	NaN	NaN	
1052	NaN	NaN	
1053	NaN	NaN	
1054	NaN	NaN	
1055	NaN	NaN	
1056	NaN	NaN	
1057	NaN	NaN	
1058	NaN	NaN	
1059	NaN	NaN	
1060	NaN	NaN	
1061	NaN	NaN	
1062	NaN	NaN	
1063	NaN	NaN	
1064	NaN	NaN	
1065	NaN	NaN	
1066	NaN	NaN	
1067	NaN	NaN	
1068	NaN	NaN	
1069	NaN	NaN	
1070	NaN	NaN	
1071	NaN	NaN	
1072	NaN	NaN	
1073	NaN	NaN	
1074	NaN	NaN	
1075	NaN	NaN	
1076	NaN	NaN	
1077	NaN	NaN	
1078	NaN	NaN	
1079	NaN	NaN	
1080	NaN	NaN	
1081	NaN	NaN	
1082	NaN	NaN	
1083	NaN	NaN	
1084	NaN	NaN	
1085	NaN	NaN	
1086	NaN	NaN	
1087	NaN	NaN	
1088	NaN	NaN	
1089	NaN	NaN	
1090	NaN	NaN	
1091	NaN	NaN	
1092	NaN	NaN	
1093	NaN	NaN	
1094	NaN	NaN	
1095	NaN	NaN	
1096	NaN	NaN	
1097	NaN	NaN	
1098	NaN	NaN	
1099	NaN	NaN	
1100	NaN	NaN	
1101	NaN	NaN	
1102	NaN	NaN	
1103	NaN	NaN	
1104	NaN	NaN	
1105	NaN	NaN	
1106	NaN	NaN	
1107	NaN	NaN	
1108	NaN	NaN	
1109	NaN	NaN	
1110	NaN	NaN	
1111	NaN	NaN	
1112	NaN	NaN	
1113	NaN	NaN	
1114	NaN	NaN	
1115	NaN	NaN	
1116	NaN	NaN	
1117	NaN	NaN	
1118	NaN	NaN	
1119	NaN	NaN	
1120	NaN	NaN	
1121	NaN	NaN	
1122	NaN	NaN	
1123	NaN	NaN	
1124	NaN	NaN	
1125	NaN	NaN	
1126	NaN	NaN	
1127	NaN	NaN	
1128	NaN	NaN	
1129	NaN	NaN	
1130	NaN	NaN	
1131	NaN	NaN	
1132	NaN	NaN	
1133	NaN	NaN	
1134	NaN	NaN	
1135	NaN	NaN	
1136	NaN	NaN	
1137	NaN	NaN	
1138	NaN	NaN	
1139	NaN	NaN	
1140	NaN	NaN	
1141	NaN	NaN	
1142	NaN	NaN	
1143	NaN	NaN	
1144	NaN	NaN	
1145	NaN	NaN	
1146	NaN	NaN	
1147	NaN	NaN	
1148	NaN	NaN	
1149	NaN	NaN	
1150	NaN	NaN	
1151	NaN	NaN	
1152	NaN	NaN	
1153	NaN	NaN	
1154	NaN	NaN	
1155	NaN	NaN	
1156	NaN	NaN	
1157	NaN	NaN	
1158	NaN	NaN	
1159	NaN	NaN	
1160	NaN	NaN	
1161	NaN	NaN	
1162	NaN	NaN	
1163	NaN	NaN	
1164	NaN	NaN	
1165	NaN	NaN	
1166	NaN	NaN	
1167	NaN	NaN	
1168	NaN	NaN	
1169	NaN	NaN	
1170	NaN	NaN	
1171	NaN	NaN	
1172	NaN	NaN	
1173	NaN	NaN	
1174	NaN	NaN	
1175	NaN	NaN	
1176	NaN	NaN	
1177	NaN	NaN	
1178	NaN	NaN	
1179	NaN	NaN	
1180	NaN	NaN	
1181	NaN	NaN	
1182	NaN	NaN	
1183	NaN	NaN	
1184	NaN	NaN	
1185	NaN	NaN	
1186	NaN	NaN	
1187	NaN	NaN	
1188	NaN	NaN	
1189	NaN	NaN	
1190	NaN	NaN	
1191	NaN	NaN	
1192	NaN	NaN	
1193	NaN	NaN	
1194	NaN	NaN	
1195	NaN	NaN	
1196	NaN	NaN	
1197	NaN	NaN	
1198	NaN	NaN	
1199	NaN	NaN	
1200	NaN	NaN	
1201	NaN	NaN	
1202	NaN	NaN	
1203	NaN	NaN	
1204	NaN	NaN	
1205	NaN	NaN	
1206	NaN	NaN	
1207	NaN	NaN	
1208	NaN	NaN	
1209	NaN	NaN	
1210	NaN	NaN	
1211	NaN	NaN	
1212	NaN	NaN	
1213	NaN	NaN	
1214	NaN	NaN	
1215	NaN	NaN	
1216	NaN	NaN	
1217	NaN	NaN	
1218	NaN	NaN	
1219	NaN	NaN	
1220	NaN	NaN	
1221	NaN	NaN	
1222	NaN	NaN	
1223	NaN	NaN	
1224	NaN	NaN	
1225	NaN	NaN	
1226	NaN	NaN	
1227	NaN	NaN	
1228	NaN	NaN	
1229	NaN	NaN	
1230	NaN	NaN	
1231	NaN	NaN	
1232	NaN	NaN	
1233	NaN	NaN	
1234	NaN	NaN	
1235	NaN	NaN	
1236	NaN	NaN	
1237	NaN	NaN	
1238	NaN	NaN	
1239	NaN	NaN	
1240	NaN	NaN	
1241	NaN	NaN	
1242	NaN	NaN	
1243	NaN	NaN	
1244	NaN	NaN	
1245	NaN	NaN	
1246	NaN	NaN	
1247	NaN	NaN	
1248	NaN	NaN	
1249	NaN	NaN	
1250	NaN	NaN	
1251	NaN	NaN	
1252	NaN	NaN	
1253	NaN	NaN	
1254	NaN	NaN	
1255	NaN	NaN	
1256	NaN	NaN	
1257	NaN	NaN	
1258	NaN	NaN	
1259	NaN	NaN	
1260	NaN	NaN	
1261	NaN	NaN	
1262	NaN	NaN	
1263	NaN	NaN	
1264	NaN	NaN	
1265	NaN	NaN	
1266	NaN	NaN	
1267	NaN	NaN	
1268	NaN	NaN	
1269	NaN	NaN	
1270	NaN	NaN	
1271	NaN	NaN	
1272	NaN	NaN	
1273	NaN	NaN	
1274	NaN	NaN	
1275	NaN	NaN	
1276	NaN	NaN	
1277	NaN	NaN	
1278	NaN	NaN	
1279	NaN	NaN	
1280	NaN	NaN	
1281	NaN	NaN	
1282	NaN	NaN	
1283	NaN	NaN	
1284	NaN	NaN	
1285	NaN	NaN	
1286	NaN	NaN	
1287	NaN	NaN	
1288	NaN	NaN	
1289	NaN	NaN	
1290	NaN	NaN	
1291	NaN	NaN	
1292	NaN	NaN	
1293	NaN	NaN	
1294	NaN	NaN	
1295	NaN	NaN	
1296	NaN	NaN	
1297	NaN	NaN	
1298	NaN	NaN	
1299	NaN	NaN	
1300	NaN	NaN	
1301	NaN	NaN	
1302	NaN	NaN	
1303	NaN	NaN	
1304	NaN	NaN	
1305	NaN	NaN	
1306	NaN	NaN	
1307	NaN	NaN	
1308	NaN	NaN	
1309	NaN	NaN	
1310	NaN	NaN	
1311	NaN	NaN	
1312	NaN	NaN	
1313	NaN	NaN	
1314	NaN	NaN	
1315	NaN	NaN	
1316	NaN	NaN	
1317	NaN	NaN	
1318	NaN	NaN	
1319	NaN	NaN	
1320	NaN	NaN	
1321	NaN	NaN	
1322	NaN	NaN	
1323	NaN	NaN	
1324	NaN	NaN	
1325	NaN	NaN	
1326	NaN	NaN	
1327	NaN	NaN	
1328	NaN	NaN	
1329	NaN	NaN	
1330	NaN	NaN	
1331	NaN	NaN	
1332	NaN	NaN	
1333	NaN	NaN	
1334	NaN	NaN	
1335	NaN	NaN	
1336	NaN	NaN	
1337	NaN	NaN	
1338	NaN	NaN	
1339	NaN	NaN	
1340	NaN	NaN	
1341	NaN	NaN	
1342	NaN	NaN	
1343	NaN	NaN	
1344	NaN	NaN	
1345	NaN	NaN	
1346	NaN	NaN	
1347	NaN	NaN	
1348	NaN	NaN	
1349	NaN	NaN	
1350	NaN	NaN	
1351	NaN	NaN	
1352	NaN	NaN	
1353	NaN	NaN	
1354	NaN	NaN	
1355	NaN	NaN	
1356	NaN	NaN	
1357	NaN	NaN	
1358	NaN	NaN	
1359	NaN	NaN	
1360	NaN	NaN	
1361	NaN	NaN	
1362	NaN	NaN	
1363	NaN	NaN	
1364	NaN	NaN	
1365	NaN	NaN	
1366	NaN	NaN	
1367	NaN	NaN	
1368	NaN	NaN	
1369	NaN	NaN	
1370	NaN	NaN	
1371	NaN	NaN	
1372	NaN	NaN	
1373	NaN	NaN	
1374	NaN	NaN	
1375	NaN	NaN	
1376	NaN	NaN	
1377	NaN	NaN	
1378	NaN	NaN	
1379	NaN	NaN	
1380	NaN	NaN	
1381	NaN	NaN	
1382	NaN	NaN	
1383	NaN	NaN	
1384	NaN	NaN	
1385	NaN	NaN	
1386	NaN	NaN	
1387	NaN	NaN	
1388	NaN	NaN	
1389	NaN	NaN	
1390	NaN	NaN	
1391	NaN	NaN	
1392	NaN	NaN	
1393	NaN	NaN	
1394	NaN	NaN	
1395	NaN	NaN	
1396	NaN	NaN	
1397	NaN	NaN	
1398	NaN	NaN	
1399	NaN	NaN	
1400	NaN	NaN	
1401	NaN	NaN	
1402	NaN	NaN	
1403	NaN	NaN	
1404	NaN	NaN	
1405	NaN	NaN	
1406	NaN	NaN	
1407	NaN	NaN	
1408	NaN	NaN	
1409	NaN	NaN	
1410	NaN	NaN	
1411	NaN	NaN	
1412	NaN	NaN	
1413	NaN	NaN	
1414	NaN	NaN	
1415	NaN	NaN	
1416	NaN	NaN	
1417	NaN	NaN	
1418	NaN	NaN	
1419	NaN	NaN	
1420	NaN	NaN	
1421	NaN	NaN	
1422	NaN	NaN	
1423	NaN	NaN	
1424	NaN	NaN	
1425	NaN	NaN	
1426	NaN	NaN	
1427	NaN	NaN	
1428	NaN	NaN	
1429	NaN	NaN	
1430	NaN	NaN	
1431	NaN	NaN	
1432	NaN	NaN	
1433	NaN	NaN	
1434	NaN	NaN	
1435	NaN	NaN	
1436	NaN	NaN	
1437	NaN	NaN	
1438	NaN	NaN	
1439	NaN	NaN	
1440	NaN	NaN	
1441	NaN	NaN	
1442	NaN	NaN	
1443	NaN	NaN	
1444	NaN	NaN	
1445	NaN	NaN	
1446	NaN	NaN	
1447	NaN	NaN	
1448	NaN	NaN	
