Athlete_Engineering	// User ID
11-2-2021	// Evaluation date
P013_Walk1	30-1-2021	12:31:52:916	// Source file name and timestamp
250.000	// Sampling rate
6.193	// Data capture period



Sample #	Right_Leg_Flexion	Right_Leg_Abduction	
0	-93.156102	-173.824272	
1	-93.029505	-174.063876	
2	-93.003613	-173.587495	
3	-92.899338	-174.203603	
4	-92.917288	-176.103318	
5	-92.937212	-177.565034	
6	-92.956269	-176.754370	
7	-93.023123	-177.145084	
8	-92.981590	-177.473772	
9	-92.814306	-150.858713	
10	-92.814055	-150.148531	
11	-90.427411	-104.762137	
12	-90.351728	-101.912165	
13	-90.332059	-101.386218	
14	-90.256515	-99.665720	
15	-90.264376	-99.623149	
16	-90.260066	-99.809496	
17	-90.316145	-101.836626	
18	-92.679499	-169.381742	
19	-92.663635	-168.280619	
20	-92.738711	-169.860765	
21	-92.731661	-171.004571	
22	-92.786132	-172.099777	
23	-92.827332	-173.049030	
24	-92.904772	-174.134025	
25	-92.858571	-173.977551	
26	-92.752649	-172.023404	
27	-92.820474	-172.264109	
28	-92.838606	-174.819050	
29	-92.869926	-174.371483	
30	-92.816990	-174.735075	
31	-92.835036	-173.808725	
32	-90.352437	-103.737618	
33	-92.555615	-165.519831	
34	-92.447950	-165.294899	
35	-92.507759	-166.678937	
36	-92.481052	-167.432992	
37	-92.424430	-166.884191	
38	-90.337979	-103.156131	
39	-92.411137	-164.741493	
40	-92.368445	-163.324862	
41	-90.239047	-99.575965	
42	-90.245075	-99.878086	
43	-92.262088	-163.496959	
44	-90.131988	-95.465687	
45	-92.069701	-162.346681	
46	-92.122517	-161.884367	
47	-92.157560	-162.677275	
48	-92.118392	-164.150541	
49	-92.351694	-165.871904	
50	-92.056154	-165.543769	
51	-90.063687	-92.616631	
52	-92.022150	-161.986175	
53	-91.447864	-145.308871	
54	-91.934500	-160.090911	
55	-91.931906	-160.948747	
56	-91.856323	-158.412664	
57	-91.807100	-158.388450	
58	-91.777717	-155.964106	
59	-92.039454	-159.341265	
60	-91.826446	-157.061945	
61	-91.818386	-159.757767	
62	-91.579446	-156.163705	
63	-91.658269	-156.716837	
64	-91.524864	-157.402248	
65	-91.693354	-157.087524	
66	-91.463297	-146.570285	
67	-91.262860	-141.360204	
68	-91.119584	-136.649708	
69	-91.241086	-138.788469	
70	-91.186766	-136.955515	
71	-90.959644	-129.651594	
72	-90.990677	-127.608271	
73	-90.825551	-123.298509	
74	-90.204175	-99.257584	
75	-90.681222	-115.692690	
76	-90.614507	-113.562874	
77	-90.555461	-111.698266	
78	-90.447528	-108.528116	
79	-90.457240	-109.843825	
80	-90.275354	-101.578635	
81	-90.577735	-115.338458	
82	-90.528938	-114.000429	
83	-90.535854	-114.974972	
84	-90.509306	-113.038127	
85	-90.439097	-110.497043	
86	-90.511380	-113.192976	
87	-90.415189	-109.343821	
88	-90.398476	-107.955490	
89	-90.274029	-102.710002	
90	-90.225096	-100.454494	
91	-90.229404	-100.248938	
92	-90.109308	-94.759342	
93	-90.142612	-96.115002	
94	-90.306493	-101.650877	
95	-90.294620	-101.641612	
96	-90.348690	-103.350925	
97	-90.362595	-103.674652	
98	-90.358275	-104.710142	
99	-90.354438	-103.822730	
100	-90.428951	-109.342653	
101	-90.713723	-128.947667	
102	-90.915246	-131.709799	
103	-90.641095	-122.994538	
104	-90.632268	-127.036467	
105	-90.699740	-131.766949	
106	-90.574868	-129.071979	
107	-90.585898	-131.306452	
108	-90.738916	-142.257517	
109	-90.622527	-137.209698	
110	-90.626110	-134.376912	
111	-90.784814	-138.428396	
112	-90.933680	-144.666005	
113	-90.350515	-109.431255	
114	-90.335025	-105.989204	
115	-90.345238	-105.350643	
116	-89.774423	-83.195150	
117	-90.531370	-112.823481	
118	-88.430105	-54.542885	
119	-90.504627	-109.001641	
120	-88.454703	-56.284872	
121	-90.447807	-105.334848	
122	-89.730084	-82.375472	
123	-88.392049	-54.547873	
124	-89.478055	-75.542755	
125	-89.371727	-72.468079	
126	-89.252860	-69.583004	
127	-89.150796	-67.053626	
128	-89.129087	-66.588472	
129	-89.060605	-65.607811	
130	-88.905046	-58.153732	
131	-89.040545	-62.528100	
132	-88.937924	-64.029295	
133	-88.980640	-61.540356	
134	-89.178391	-67.900635	
135	-89.264069	-70.335227	
136	-87.723243	-42.909240	
137	-87.418416	-39.417816	
138	-87.422987	-39.492291	
139	-87.574262	-40.502739	
140	-87.482123	-40.125751	
141	-87.504248	-40.080229	
142	-88.565196	-54.325336	
143	-87.270493	-36.669521	
144	-87.262628	-35.002581	
145	-86.652646	-28.459872	
146	-87.305169	-45.018387	
147	-87.146260	-39.443085	
148	-87.220317	-42.981708	
149	-87.266745	-42.128361	
150	-88.103886	-52.801432	
151	NaN	NaN	
152	NaN	NaN	
153	NaN	NaN	
154	NaN	NaN	
155	NaN	NaN	
156	NaN	NaN	
157	NaN	NaN	
158	NaN	NaN	
159	NaN	NaN	
160	NaN	NaN	
161	NaN	NaN	
162	NaN	NaN	
163	NaN	NaN	
164	NaN	NaN	
165	NaN	NaN	
166	NaN	NaN	
167	NaN	NaN	
168	NaN	NaN	
169	NaN	NaN	
170	NaN	NaN	
171	NaN	NaN	
172	NaN	NaN	
173	NaN	NaN	
174	NaN	NaN	
175	NaN	NaN	
176	NaN	NaN	
177	NaN	NaN	
178	NaN	NaN	
179	NaN	NaN	
180	NaN	NaN	
181	NaN	NaN	
182	NaN	NaN	
183	NaN	NaN	
184	NaN	NaN	
185	NaN	NaN	
186	NaN	NaN	
187	NaN	NaN	
188	NaN	NaN	
189	NaN	NaN	
190	NaN	NaN	
191	NaN	NaN	
192	NaN	NaN	
193	NaN	NaN	
194	NaN	NaN	
195	NaN	NaN	
196	NaN	NaN	
197	NaN	NaN	
198	NaN	NaN	
199	NaN	NaN	
200	NaN	NaN	
201	NaN	NaN	
202	NaN	NaN	
203	NaN	NaN	
204	NaN	NaN	
205	NaN	NaN	
206	NaN	NaN	
207	NaN	NaN	
208	NaN	NaN	
209	NaN	NaN	
210	NaN	NaN	
211	NaN	NaN	
212	NaN	NaN	
213	NaN	NaN	
214	NaN	NaN	
215	NaN	NaN	
216	NaN	NaN	
217	NaN	NaN	
218	NaN	NaN	
219	NaN	NaN	
220	NaN	NaN	
221	NaN	NaN	
222	NaN	NaN	
223	NaN	NaN	
224	NaN	NaN	
225	NaN	NaN	
226	NaN	NaN	
227	NaN	NaN	
228	NaN	NaN	
229	NaN	NaN	
230	NaN	NaN	
231	NaN	NaN	
232	NaN	NaN	
233	NaN	NaN	
234	NaN	NaN	
235	NaN	NaN	
236	NaN	NaN	
237	NaN	NaN	
238	NaN	NaN	
239	NaN	NaN	
240	NaN	NaN	
241	NaN	NaN	
242	NaN	NaN	
243	NaN	NaN	
244	NaN	NaN	
245	NaN	NaN	
246	NaN	NaN	
247	NaN	NaN	
248	NaN	NaN	
249	NaN	NaN	
250	NaN	NaN	
251	NaN	NaN	
252	NaN	NaN	
253	NaN	NaN	
254	NaN	NaN	
255	NaN	NaN	
256	-17.569139	-57.766732	
257	NaN	NaN	
258	NaN	NaN	
259	NaN	NaN	
260	NaN	NaN	
261	NaN	NaN	
262	NaN	NaN	
263	NaN	NaN	
264	NaN	NaN	
265	NaN	NaN	
266	NaN	NaN	
267	NaN	NaN	
268	NaN	NaN	
269	NaN	NaN	
270	NaN	NaN	
271	NaN	NaN	
272	NaN	NaN	
273	NaN	NaN	
274	NaN	NaN	
275	NaN	NaN	
276	NaN	NaN	
277	NaN	NaN	
278	NaN	NaN	
279	NaN	NaN	
280	NaN	NaN	
281	NaN	NaN	
282	NaN	NaN	
283	NaN	NaN	
284	NaN	NaN	
285	NaN	NaN	
286	NaN	NaN	
287	NaN	NaN	
288	NaN	NaN	
289	NaN	NaN	
290	NaN	NaN	
291	NaN	NaN	
292	NaN	NaN	
293	NaN	NaN	
294	NaN	NaN	
295	NaN	NaN	
296	NaN	NaN	
297	NaN	NaN	
298	NaN	NaN	
299	NaN	NaN	
300	NaN	NaN	
301	-86.098221	-46.144390	
302	-85.955146	-46.715296	
303	-86.491832	-45.383129	
304	-84.567264	-36.507241	
305	-86.444745	-45.421509	
306	-86.398307	-41.450538	
307	-84.983226	-31.318602	
308	-86.496295	-44.159871	
309	-86.270202	-43.300818	
310	-85.054004	-34.497877	
311	-85.715384	-40.040507	
312	-85.170524	-37.388089	
313	-86.976202	-48.085589	
314	-85.454134	-35.032931	
315	-86.492278	-44.698046	
316	-85.574804	-40.882632	
317	-87.113803	-44.213813	
318	-84.100543	-28.183495	
319	-86.975789	-43.238373	
320	-86.113448	-33.570749	
321	-87.641848	-49.099466	
322	-85.137090	-34.173924	
323	-85.821723	-37.187090	
324	-86.026053	-27.749015	
325	-86.036735	-26.134566	
326	-88.580041	-59.101785	
327	-86.823203	-31.678525	
328	-86.409577	-22.784765	
329	-88.540750	-50.549584	
330	-84.956273	-25.784113	
331	-86.095045	-29.751165	
332	-86.494984	-29.807992	
333	-88.983552	-55.759863	
334	-87.630549	-34.000533	
335	-87.649426	-39.865500	
336	-89.684615	-79.435563	
337	-87.966738	-45.867937	
338	-87.886498	-37.661485	
339	-87.654720	-32.550095	
340	-89.529019	-73.852301	
341	-88.286436	-44.687724	
342	-87.794039	-34.492003	
343	-89.312777	0.495909	
344	-87.463104	-29.626752	
345	-88.510922	-42.730209	
346	-90.316519	156.940571	
347	-90.355752	-138.361098	
348	-86.181988	-19.258414	
349	-90.677149	-148.240460	
350	-90.241574	-100.358000	
351	-90.752330	-135.426978	
352	-90.444350	-107.615204	
353	-89.007430	-42.857940	
354	-90.324769	-102.284030	
355	-90.239436	-106.737524	
356	-90.074476	-95.626065	
357	-90.877333	-135.636866	
358	-90.376709	-112.901340	
359	-90.480956	-176.384900	
360	-90.175947	-110.187717	
361	-88.249440	-28.780890	
362	-87.936224	-28.862624	
363	-89.751539	-50.184947	
364	-89.436290	-56.436915	
365	-86.204116	-12.005111	
366	-85.860190	-6.324463	
367	-87.824190	-6.074447	
368	-87.511123	7.025448	
369	-87.360783	-5.045462	
370	-84.927695	-3.193566	
371	-83.975048	1.459217	
372	-85.980191	-5.149833	
373	-84.529102	-6.245211	
374	-83.021446	-3.214398	
375	-83.961690	-10.385538	
376	-84.117689	-12.340054	
377	-84.216149	-7.162246	
378	-83.396468	-9.655002	
379	-82.241210	-6.690857	
380	-77.656314	-3.897616	
381	-81.808960	-2.839288	
382	-78.476231	-0.196025	
383	-74.919201	0.509620	
384	-76.811886	-4.097279	
385	-75.426879	-3.255112	
386	-74.462304	2.141295	
387	-73.311645	4.546221	
388	-73.469888	2.548585	
389	-70.885634	5.449660	
390	-71.342173	9.289291	
391	-72.332860	8.132380	
392	-69.642083	7.353149	
393	-69.353430	8.431908	
394	-68.967539	8.634714	
395	-66.635523	8.148262	
396	-70.526571	6.853385	
397	-69.845883	6.704783	
398	-66.508447	6.675040	
399	-65.999256	5.706890	
400	-65.119628	6.441494	
401	-64.815860	5.367106	
402	-63.380880	5.680241	
403	-61.568758	6.215527	
404	-64.808071	4.292951	
405	-58.843992	2.371761	
406	-60.617938	4.040989	
407	-58.440792	2.758010	
408	-56.151060	3.569967	
409	-58.706936	5.240108	
410	-55.407411	3.552132	
411	-54.807712	5.615439	
412	-56.011768	3.855304	
413	-54.196342	6.800789	
414	-53.714729	7.047454	
415	-55.981459	4.502375	
416	-54.262440	4.858943	
417	-52.098075	6.764329	
418	-53.112364	4.578684	
419	-52.009262	5.126588	
420	-50.999569	5.600734	
421	-52.585885	3.465167	
422	-49.996126	4.869144	
423	-51.166904	4.222260	
424	-53.499583	1.066345	
425	-49.133466	4.979828	
426	-49.033222	3.561746	
427	-43.300922	4.272441	
428	-44.514329	2.522771	
429	-45.762243	1.277263	
430	-43.790315	2.775949	
431	-49.769176	0.892704	
432	-48.698762	1.877965	
433	-47.252991	3.379327	
434	-48.655566	0.693019	
435	-45.178026	3.948067	
436	-47.240895	0.929791	
437	-49.162363	-1.662960	
438	-50.280181	-2.860080	
439	-47.326576	-0.399469	
440	-44.938557	-2.242461	
441	-48.879825	-2.610200	
442	-49.366024	-2.836391	
443	-49.517859	-4.283650	
444	-43.106945	4.738132	
445	-48.438929	-3.158061	
446	-46.285825	-1.885750	
447	-47.929080	-3.412265	
448	-44.180240	1.290130	
449	-46.669287	-1.355236	
450	-46.440190	-0.854138	
451	-46.133938	-0.987170	
452	-45.612364	0.585689	
453	-41.769896	4.623361	
454	-44.426949	1.117460	
455	-44.113257	1.880254	
456	-44.382903	1.512751	
457	-44.017266	2.109004	
458	-44.918058	1.712571	
459	-43.086798	4.220510	
460	-44.226526	4.198686	
461	-46.831141	-0.294939	
462	-46.232829	1.785085	
463	-45.391110	1.634854	
464	-42.433315	2.085766	
465	-49.958080	-0.093080	
466	-47.442894	4.710625	
467	-47.832301	4.437631	
468	-48.336212	5.388569	
469	-48.961981	5.613944	
470	-50.440334	3.654922	
471	-51.938697	2.419370	
472	-51.869722	3.048272	
473	-50.774602	5.086466	
474	-51.213042	4.379462	
475	-50.990299	5.293242	
476	-51.909797	4.449572	
477	-53.989038	1.581444	
478	-53.616691	3.033677	
479	-55.991575	-0.836265	
480	-52.912094	3.329899	
481	-53.515322	1.800982	
482	-54.461635	2.711265	
483	-54.286825	2.329422	
484	-56.754187	-1.421826	
485	-54.891450	1.017383	
486	-55.318983	0.541444	
487	-58.567654	-5.100158	
488	-55.317411	-2.768313	
489	-54.197065	0.816001	
490	-57.041533	-3.000042	
491	-53.047046	0.010197	
492	-54.946563	0.484904	
493	-53.618725	1.396559	
494	-55.346962	-1.513081	
495	-53.872463	-6.809412	
496	-59.883825	-6.015218	
497	-61.489598	-9.607069	
498	-57.889769	-11.305165	
499	-56.200902	-8.469908	
500	-57.903518	-11.259344	
501	-57.294349	-9.113739	
502	-59.492052	-11.666000	
503	-64.173569	-11.500686	
504	-60.500096	-12.728095	
505	-62.158013	-15.144808	
506	-60.940145	-12.082158	
507	-61.123142	-13.419257	
508	-59.798322	-11.506994	
509	-60.049203	-13.021977	
510	-64.454682	-18.508509	
511	-65.188910	-20.145202	
512	-65.273337	-20.451563	
513	-65.613568	-22.301161	
514	-64.923257	-20.940245	
515	-64.770304	-21.568199	
516	-65.152448	-21.538153	
517	-64.501089	-20.676428	
518	-64.930623	-20.987728	
519	-65.283632	-21.436435	
520	-64.733966	-20.181428	
521	-62.869697	-17.047463	
522	-63.181321	-16.855621	
523	-65.989539	-19.170540	
524	-68.447535	-26.250133	
525	-67.124878	-21.864293	
526	-70.380121	-27.109684	
527	-70.607213	-28.495758	
528	-70.921991	-27.889610	
529	-62.778489	-17.813638	
530	-67.293332	-17.313516	
531	-63.137537	-15.541466	
532	-63.587846	-16.789783	
533	-63.402874	-15.996629	
534	-68.837368	-18.128733	
535	-64.210616	-16.214773	
536	-66.260948	-11.675734	
537	-69.359281	-19.761783	
538	-66.048065	-19.792425	
539	-65.106816	-18.433257	
540	-60.321510	-11.032654	
541	-66.119701	-14.110325	
542	-66.474720	-20.923529	
543	-66.245472	-19.829187	
544	-66.345469	-18.519116	
545	-66.734315	-19.971544	
546	-68.074189	-20.134540	
547	-67.367933	-17.301715	
548	-69.685210	-14.777229	
549	-73.881477	-22.963014	
550	-73.166929	-21.311873	
551	-74.893870	-24.767282	
552	-69.077843	-11.594259	
553	-75.172217	-26.161459	
554	-74.976178	-28.155351	
555	-69.964383	-15.429198	
556	-73.006382	-25.015754	
557	-76.396628	-29.154640	
558	-66.194525	-15.025575	
559	-70.758170	-16.561376	
560	-71.639665	-24.199034	
561	-77.784197	-31.740968	
562	-75.298396	-26.792118	
563	-67.188935	-13.822867	
564	-66.574821	-13.094062	
565	-77.509412	-30.880231	
566	-76.080019	-29.900305	
567	-75.149410	-27.008969	
568	-74.075519	-22.198434	
569	-79.452989	-35.549608	
570	-79.131726	-35.401901	
571	-68.984040	-16.954998	
572	-74.394669	-22.012053	
573	-79.230110	-36.309189	
574	-79.964050	-37.490071	
575	-79.883128	-33.351864	
576	-75.311441	-21.264051	
577	-81.954511	-41.626069	
578	-81.474546	-40.481166	
579	-79.492430	-34.981237	
580	-80.857985	-36.723251	
581	-82.870231	-43.075977	
582	-82.812697	-41.527923	
583	-82.753654	-42.488337	
584	-76.837377	-19.580491	
585	-77.767450	-24.433489	
586	-75.324648	-17.796000	
587	-76.840310	-22.189451	
588	-81.334801	-33.264137	
589	-82.647403	-41.276763	
590	-76.641429	-25.607807	
591	-77.223865	-24.894094	
592	-77.464526	-27.413300	
593	-78.565500	-31.498633	
594	-83.975680	-51.016065	
595	-84.220591	-53.429609	
596	-81.881251	-37.379742	
597	-79.693402	-32.025724	
598	-84.749972	-49.233902	
599	-81.307485	-36.771902	
600	-87.027836	-66.936372	
601	-86.443276	-60.798896	
602	-86.585151	-62.458341	
603	-81.034869	-32.656926	
604	-83.211838	-40.196253	
605	-88.960361	-81.351454	
606	-90.463066	-93.398277	
607	-87.704424	-72.907706	
608	-89.026149	-81.907685	
609	-90.199311	-91.497527	
610	-87.808875	-70.574486	
611	-89.188353	-82.686277	
612	-89.393761	-84.129262	
613	-91.653966	-104.401427	
614	-92.022312	-109.072428	
615	-91.120704	-100.490619	
616	-90.409415	-93.764518	
617	-89.410109	-84.606715	
618	-88.513661	-75.484458	
619	-90.244404	-92.187954	
620	-90.881785	-97.663682	
621	-89.672786	-87.089903	
622	-89.697853	-87.468175	
623	-87.933243	-70.337307	
624	-89.499506	-84.987324	
625	-91.964929	-108.871596	
626	-92.073957	-110.153499	
627	-91.356138	-100.848737	
628	-93.043429	-116.750383	
629	-91.624574	-103.931180	
630	-93.465279	-117.715637	
631	-92.567500	-112.514592	
632	-84.028038	-52.716713	
633	-83.746381	-46.966042	
634	-86.350317	-58.206421	
635	-83.681462	-43.577880	
636	-89.521779	-86.017544	
637	-92.264046	-109.074689	
638	-85.962951	-56.517528	
639	-93.069296	-114.845597	
640	-85.035065	-53.492590	
641	-92.890658	-112.480953	
642	-75.205850	-30.133722	
643	-88.687169	-80.680331	
644	-92.457820	-111.656491	
645	-93.886960	-120.729010	
646	-93.868204	-123.986247	
647	-92.519944	-109.879262	
648	-92.126936	-111.167552	
649	-84.659341	-49.273662	
650	-89.959888	-89.616166	
651	-87.913767	-70.084641	
652	-87.232210	-63.063779	
653	-87.499222	-64.594613	
654	-79.958429	-25.853774	
655	-86.446101	-54.905732	
656	-78.939877	-23.748889	
657	-85.954394	-54.125017	
658	-86.008720	-49.825114	
659	-78.843129	-19.859173	
660	-82.875665	-26.521099	
661	-76.669075	-11.885205	
662	-74.739255	-6.065221	
663	-74.303610	-4.755958	
664	-74.282186	-2.391745	
665	-71.491671	0.838824	
666	-81.005519	-13.062965	
667	-72.560088	0.088232	
668	-71.890370	2.835087	
669	-71.015184	1.351246	
670	-77.328424	-7.382523	
671	-69.781177	2.457528	
672	-69.512178	2.672138	
673	-66.881705	6.151069	
674	-75.505765	-5.033639	
675	-67.052410	4.132875	
676	-65.899203	6.470691	
677	-66.967104	6.938608	
678	-64.643592	6.468868	
679	-62.996285	8.735731	
680	-55.653336	5.516663	
681	-54.696331	1.958794	
682	-53.803821	1.848481	
683	-62.526197	-6.861000	
684	-61.854496	3.918221	
685	-53.079630	3.724043	
686	-63.075668	0.173441	
687	-64.382436	-2.342961	
688	-58.256555	5.438829	
689	-57.842299	4.337119	
690	-56.880843	5.782832	
691	-62.072438	-2.267071	
692	-59.112240	1.092298	
693	-62.338765	-5.933136	
694	-53.663210	5.423212	
695	-54.119809	5.996833	
696	-58.487949	-1.143481	
697	-59.640362	-5.104883	
698	-49.535867	9.895150	
699	-51.082046	6.886171	
700	-50.336653	6.988526	
701	-55.531923	0.037246	
702	-50.700397	7.181731	
703	-49.152907	8.445379	
704	-49.151712	8.884931	
705	-49.587665	8.058824	
706	-49.048775	8.838667	
707	-48.679282	8.366987	
708	-56.113614	-1.760344	
709	-47.954100	8.352129	
710	-47.434285	8.304920	
711	-47.106153	8.250002	
712	-47.202423	9.536834	
713	-46.694315	9.066044	
714	-46.826313	6.492106	
715	-46.588655	8.047117	
716	-45.885493	8.406105	
717	-50.759201	1.462969	
718	-44.648517	11.288282	
719	-44.842875	8.507558	
720	-48.475585	3.358056	
721	-48.348483	4.672480	
722	-44.062392	9.397059	
723	-45.837942	8.083559	
724	-45.537292	7.955759	
725	-45.473011	9.865277	
726	-50.324083	2.231875	
727	-45.861448	9.259230	
728	-45.054844	10.414558	
729	-53.052104	-1.777731	
730	-45.910757	9.656597	
731	-50.777917	3.927937	
732	-46.082990	11.013343	
733	-46.502541	10.962337	
734	-47.857983	7.836706	
735	-48.465024	8.941659	
736	-52.278203	6.440769	
737	-53.746172	4.710517	
738	-53.708930	4.903073	
739	-57.698126	-1.681367	
740	-50.996514	6.313531	
741	-49.936392	10.060787	
742	-50.415842	10.238512	
743	-51.633468	9.521018	
744	-53.093135	8.803393	
745	-57.994960	2.945102	
746	-54.677260	5.491443	
747	-60.278009	-1.191611	
748	-53.587242	8.672552	
749	-47.523602	4.187934	
750	-56.094989	7.502943	
751	-53.439142	11.808696	
752	-54.888334	9.615694	
753	-54.030388	0.610873	
754	-63.677203	1.460398	
755	-63.706496	-0.787596	
756	-57.230278	9.550502	
757	-55.862289	8.370333	
758	-65.554003	-3.773733	
759	-49.405933	6.321285	
760	-47.990202	8.110663	
761	-49.366067	4.471445	
762	-55.339032	8.126283	
763	-48.293870	5.368148	
764	-62.002434	0.131463	
765	-58.375246	4.070043	
766	-47.557000	5.305825	
767	-50.241348	-2.394839	
768	-60.448751	-1.670958	
769	-62.434406	-4.991118	
770	-54.266595	4.400987	
771	-56.819812	0.638570	
772	-59.553082	-2.944464	
773	-61.359897	0.763766	
774	-65.354681	-3.922093	
775	-65.437766	-3.802841	
776	-67.109546	-10.161526	
777	-66.172490	-8.577865	
778	-65.266074	-7.693632	
779	-64.542644	-5.973670	
780	-64.720287	-11.849608	
781	-66.200083	-11.953890	
782	-62.568555	-6.264013	
783	-60.765158	-11.668168	
784	-63.327792	-10.318082	
785	-63.309454	-9.758850	
786	-63.915456	-12.064731	
787	-60.956761	-10.769615	
788	-60.763369	-10.793712	
789	-61.020801	-11.097964	
790	-61.024570	-10.517206	
791	-66.218253	-10.873126	
792	-64.885680	-7.833796	
793	-61.876605	-9.051727	
794	-61.817563	-8.289349	
795	-63.590706	-2.790270	
796	-54.021695	-9.860023	
797	-54.283957	-8.518980	
798	-61.628466	-7.785987	
799	-72.230435	-27.925387	
800	-62.351130	-11.231120	
801	-57.041046	-11.342247	
802	-62.403269	-7.220736	
803	-66.117251	-14.024391	
804	-68.053843	-13.661190	
805	-66.834909	-13.572246	
806	-66.040335	-11.821662	
807	-63.597453	-10.734272	
808	-64.909915	-10.264841	
809	-63.247714	-10.368717	
810	-65.846956	-12.628219	
811	-66.165426	-13.930034	
812	-69.115398	-15.472557	
813	-60.676433	-7.548367	
814	-67.006236	-15.378680	
815	-67.474186	-15.394979	
816	-67.832980	-15.283524	
817	-73.560539	-24.639298	
818	-71.438163	-17.448595	
819	-69.466561	-15.846863	
820	-76.187415	-23.794223	
821	-75.811035	-25.530764	
822	-72.035325	-20.325101	
823	-75.999972	-25.030889	
824	-75.530344	-24.312240	
825	-75.856800	-27.268332	
826	-74.487455	-7.133818	
827	-78.878202	-29.652764	
828	-79.255180	-29.816609	
829	-78.864007	-30.277335	
830	-78.569264	-30.725774	
831	-78.574288	-28.330884	
832	-79.878950	-36.009985	
833	-79.083573	-27.695800	
834	-79.217052	-27.157892	
835	-79.666606	-31.253565	
836	-78.806138	-26.734511	
837	-79.498835	-28.789604	
838	-80.522997	-46.433172	
839	-81.327249	-38.034557	
840	-80.568564	-34.892793	
841	-81.218518	-37.525176	
842	-82.015930	-42.619079	
843	-82.710507	-44.232113	
844	-82.501610	-42.288412	
845	-82.653897	-44.643204	
846	-82.713659	-44.434337	
847	-82.317041	-40.911046	
848	-83.347448	-40.517413	
849	-83.868324	-46.833084	
850	-83.397073	-46.945378	
851	-83.328515	-42.729307	
852	-83.075945	-44.206967	
853	-84.256006	-45.852656	
854	-83.941713	-45.306612	
855	-85.094655	-48.850884	
856	-84.662476	-49.688105	
857	-84.490357	-53.687108	
858	-85.317261	-58.105760	
859	-84.436546	-56.241137	
860	-85.664173	-58.686078	
861	-85.784022	-64.714675	
862	-85.808007	-62.803221	
863	-86.204293	-62.427848	
864	-87.050134	-65.049487	
865	-87.093485	-69.039167	
866	-86.129629	-64.406546	
867	-86.435272	-66.619413	
868	-87.923612	-75.019173	
869	-87.767661	-72.226946	
870	-83.604437	-51.579398	
871	-87.159007	-66.869738	
872	-82.734965	-43.594762	
873	-89.609188	-86.965679	
874	-89.611114	-87.222367	
875	-89.494861	-85.965568	
876	-89.259034	-84.393278	
877	-89.057444	-82.805701	
878	-89.557907	-86.819313	
879	-89.478647	-85.367133	
880	-89.502769	-85.710064	
881	-84.682141	-58.621631	
882	-82.680378	-42.201315	
883	-82.622410	-40.416488	
884	-92.582092	-118.486506	
885	-91.583599	-104.533270	
886	-90.666143	-95.431415	
887	-90.778007	-96.418209	
888	-91.911012	-105.591575	
889	-90.751878	-96.546218	
890	-85.230871	-48.892673	
891	-83.804510	-39.442045	
892	-90.993535	-99.011496	
893	-92.682474	-113.042618	
894	-92.868913	-114.045440	
895	-93.105905	-117.531377	
896	-94.912642	-126.304507	
897	-93.014746	-115.927821	
898	-92.850550	-113.049863	
899	-93.688511	-122.461840	
900	-100.433852	-159.964582	
901	-94.670363	-120.916000	
902	-93.231197	-118.472199	
903	-85.957711	-53.835499	
904	-92.993039	-115.232792	
905	-93.122834	-117.020385	
906	-92.128395	-108.177569	
907	-92.278813	-109.010909	
908	-91.021731	-100.672427	
909	-91.598730	-104.592652	
910	-87.080013	-63.144519	
911	-91.790014	-104.505866	
912	-91.955127	-107.571959	
913	-92.662060	-110.463109	
914	-91.580975	-104.556911	
915	-90.413902	-93.892279	
916	-83.813973	-42.797842	
917	-84.651895	-48.169650	
918	-91.709767	-106.371845	
919	-91.899885	-106.668940	
920	-91.102692	-101.755304	
921	-90.486113	-94.189905	
922	-89.565589	-85.827585	
923	-89.379884	-83.473090	
924	-88.903790	-80.491979	
925	-88.976867	-37.666076	
926	-88.205000	-67.269809	
927	-88.553280	-64.649254	
928	-87.230449	-57.081297	
929	-86.577631	-45.570765	
930	-86.086815	-40.203980	
931	-84.990238	-29.435161	
932	-84.038578	-27.939909	
933	-83.904801	-14.625423	
934	-83.288681	-4.196199	
935	-82.722432	-10.663650	
936	-81.590570	-4.208547	
937	-80.559485	-7.196586	
938	-80.145375	-6.102070	
939	-78.935271	-3.022222	
940	-77.582023	0.310571	
941	-77.835321	11.485365	
942	-77.675416	4.837307	
943	-77.034367	3.790707	
944	-75.803330	8.564886	
945	-74.980677	6.329449	
946	-75.024881	6.371724	
947	-74.586656	6.180072	
948	-74.020472	13.957903	
949	-73.127673	5.578249	
950	-71.281091	4.435297	
951	-71.851233	9.057057	
952	-71.558040	7.642799	
953	-69.516095	2.613617	
954	-70.951031	2.875949	
955	-70.565185	2.682779	
956	-70.443091	3.644377	
957	-68.395559	-1.551884	
958	-67.680238	-0.438743	
959	-67.407365	2.669203	
960	-67.401937	4.045830	
961	-66.468902	4.621663	
962	-65.878901	3.614804	
963	-66.190085	3.074982	
964	-63.253439	-2.709378	
965	-62.978469	2.281683	
966	-63.045030	1.444025	
967	-62.040356	1.254261	
968	-61.302254	0.297988	
969	-61.658077	2.552998	
970	-61.543368	2.850159	
971	-61.448682	-1.633104	
972	-59.424810	-1.332858	
973	-56.893042	8.499058	
974	-55.021284	9.647907	
975	-52.780941	4.795489	
976	-54.987645	6.030916	
977	-51.536791	2.143863	
978	-50.682623	4.086626	
979	-52.516730	3.927057	
980	-51.569209	4.393430	
981	-53.623125	1.928323	
982	-51.142484	5.207125	
983	-51.058917	4.842411	
984	-48.574893	6.249039	
985	-52.761247	4.984013	
986	-53.386886	7.921648	
987	-49.463222	8.709404	
988	-51.649522	3.960403	
989	-47.186473	6.742378	
990	-49.876829	3.654990	
991	-49.649749	3.967390	
992	-49.779179	4.782206	
993	-50.202138	5.843486	
994	-50.191860	3.395261	
995	-51.316287	11.361634	
996	-52.406549	9.003142	
997	-51.111398	7.841813	
998	-51.276920	6.903219	
999	-51.446873	7.512253	
1000	-52.741621	7.284735	
1001	-52.696465	7.030688	
1002	-53.010770	9.443009	
1003	-52.389315	7.929483	
1004	-51.405419	6.830557	
1005	-51.385825	4.739376	
1006	-52.723063	6.993405	
1007	-53.860313	7.682303	
1008	-55.365893	5.947290	
1009	-53.544983	8.026126	
1010	-51.694883	7.250927	
1011	-49.943097	6.206856	
1012	-52.840120	7.625727	
1013	-53.656171	6.096716	
1014	-54.240520	7.012447	
1015	-55.815273	3.602676	
1016	-57.418982	3.961714	
1017	-56.740976	0.305863	
1018	-60.995419	2.221604	
1019	-58.782938	1.562359	
1020	-57.319666	4.389695	
1021	-58.417145	6.309372	
1022	-58.154027	5.652537	
1023	-61.616014	7.378924	
1024	-57.499249	8.323657	
1025	-63.418382	7.845573	
1026	-64.221989	12.852538	
1027	-64.599885	14.446918	
1028	-63.509594	10.805475	
1029	-64.925923	10.079454	
1030	-63.291729	8.932037	
1031	-62.611074	8.915320	
1032	-63.095917	8.574653	
1033	-64.063899	6.605445	
1034	-62.413738	5.970440	
1035	-63.288918	3.630407	
1036	-63.428374	4.110203	
1037	-69.851917	-1.176455	
1038	-63.050831	3.328092	
1039	-65.160696	7.901065	
1040	-62.298317	1.535512	
1041	-62.745889	-1.511446	
1042	-62.741144	-1.273166	
1043	-62.580699	-2.076257	
1044	-63.884326	-1.541466	
1045	-62.245370	-1.426867	
1046	-66.290697	0.022763	
1047	-66.976307	-0.284822	
1048	-62.397339	-4.816846	
1049	-67.023931	1.470460	
1050	-63.953846	-1.567519	
1051	-59.586822	4.766408	
1052	-67.666980	-1.105653	
1053	-67.018986	-0.287404	
1054	-65.502553	-3.583397	
1055	-64.720728	-9.658707	
1056	-64.988290	-7.533741	
1057	-60.562742	-6.070939	
1058	-64.677193	-6.703721	
1059	-62.794426	-13.285520	
1060	-62.380180	-11.845132	
1061	-63.457242	-5.903701	
1062	-66.334556	-4.906552	
1063	-64.907615	-6.172782	
1064	-63.090243	-8.012102	
1065	-64.646870	-6.429031	
1066	-65.448856	-7.073334	
1067	-65.032322	-5.396650	
1068	-65.774946	-6.171703	
1069	-67.260041	-4.422335	
1070	-67.591346	-9.233212	
1071	-65.652769	-7.311154	
1072	-68.366843	-6.975301	
1073	-70.055313	-9.549055	
1074	-69.366462	-13.447048	
1075	-70.643918	-12.274445	
1076	-71.584792	-17.972085	
1077	-72.419777	-18.145786	
1078	-71.661994	-20.305393	
1079	-73.585189	-20.349772	
1080	-69.294278	-12.271450	
1081	-72.376437	-13.699876	
1082	-71.007004	-13.168659	
1083	-71.732962	-12.380369	
1084	-70.868350	-8.792976	
1085	-69.580177	-13.153187	
1086	-69.498953	-14.890986	
1087	-71.657018	-15.483885	
1088	-74.610548	-17.809860	
1089	-68.805274	-15.486406	
1090	-70.520551	-13.907290	
1091	-68.222249	-21.449920	
1092	NaN	NaN	
1093	NaN	NaN	
1094	NaN	NaN	
1095	NaN	NaN	
1096	NaN	NaN	
1097	NaN	NaN	
1098	NaN	NaN	
1099	NaN	NaN	
1100	NaN	NaN	
1101	NaN	NaN	
1102	NaN	NaN	
1103	NaN	NaN	
1104	NaN	NaN	
1105	NaN	NaN	
1106	NaN	NaN	
1107	NaN	NaN	
1108	NaN	NaN	
1109	NaN	NaN	
1110	NaN	NaN	
1111	NaN	NaN	
1112	NaN	NaN	
1113	NaN	NaN	
1114	NaN	NaN	
1115	NaN	NaN	
1116	NaN	NaN	
1117	NaN	NaN	
1118	NaN	NaN	
1119	NaN	NaN	
1120	NaN	NaN	
1121	NaN	NaN	
1122	NaN	NaN	
1123	NaN	NaN	
1124	NaN	NaN	
1125	NaN	NaN	
1126	NaN	NaN	
1127	NaN	NaN	
1128	NaN	NaN	
1129	NaN	NaN	
1130	NaN	NaN	
1131	NaN	NaN	
1132	NaN	NaN	
1133	NaN	NaN	
1134	NaN	NaN	
1135	NaN	NaN	
1136	NaN	NaN	
1137	NaN	NaN	
1138	NaN	NaN	
1139	NaN	NaN	
1140	NaN	NaN	
1141	NaN	NaN	
1142	NaN	NaN	
1143	NaN	NaN	
1144	NaN	NaN	
1145	NaN	NaN	
1146	NaN	NaN	
1147	NaN	NaN	
1148	NaN	NaN	
1149	NaN	NaN	
1150	NaN	NaN	
1151	NaN	NaN	
1152	NaN	NaN	
1153	NaN	NaN	
1154	NaN	NaN	
1155	NaN	NaN	
1156	NaN	NaN	
1157	NaN	NaN	
1158	NaN	NaN	
1159	NaN	NaN	
1160	NaN	NaN	
1161	NaN	NaN	
1162	NaN	NaN	
1163	NaN	NaN	
1164	NaN	NaN	
1165	NaN	NaN	
1166	NaN	NaN	
1167	NaN	NaN	
1168	NaN	NaN	
1169	NaN	NaN	
1170	NaN	NaN	
1171	NaN	NaN	
1172	NaN	NaN	
1173	NaN	NaN	
1174	NaN	NaN	
1175	NaN	NaN	
1176	NaN	NaN	
1177	NaN	NaN	
1178	NaN	NaN	
1179	NaN	NaN	
1180	NaN	NaN	
1181	NaN	NaN	
1182	NaN	NaN	
1183	NaN	NaN	
1184	NaN	NaN	
1185	NaN	NaN	
1186	NaN	NaN	
1187	NaN	NaN	
1188	NaN	NaN	
1189	NaN	NaN	
1190	NaN	NaN	
1191	NaN	NaN	
1192	NaN	NaN	
1193	NaN	NaN	
1194	NaN	NaN	
1195	NaN	NaN	
1196	NaN	NaN	
1197	NaN	NaN	
1198	NaN	NaN	
1199	NaN	NaN	
1200	NaN	NaN	
1201	NaN	NaN	
1202	NaN	NaN	
1203	NaN	NaN	
1204	NaN	NaN	
1205	NaN	NaN	
1206	NaN	NaN	
1207	NaN	NaN	
1208	NaN	NaN	
1209	NaN	NaN	
1210	NaN	NaN	
1211	NaN	NaN	
1212	NaN	NaN	
1213	NaN	NaN	
1214	NaN	NaN	
1215	NaN	NaN	
1216	NaN	NaN	
1217	NaN	NaN	
1218	NaN	NaN	
1219	NaN	NaN	
1220	NaN	NaN	
1221	NaN	NaN	
1222	NaN	NaN	
1223	NaN	NaN	
1224	NaN	NaN	
1225	NaN	NaN	
1226	NaN	NaN	
1227	NaN	NaN	
1228	NaN	NaN	
1229	NaN	NaN	
1230	NaN	NaN	
1231	NaN	NaN	
1232	NaN	NaN	
1233	NaN	NaN	
1234	NaN	NaN	
1235	NaN	NaN	
1236	NaN	NaN	
1237	NaN	NaN	
1238	NaN	NaN	
1239	NaN	NaN	
1240	NaN	NaN	
1241	NaN	NaN	
1242	NaN	NaN	
1243	NaN	NaN	
1244	NaN	NaN	
1245	NaN	NaN	
1246	NaN	NaN	
1247	NaN	NaN	
1248	NaN	NaN	
1249	NaN	NaN	
1250	NaN	NaN	
1251	NaN	NaN	
1252	NaN	NaN	
1253	NaN	NaN	
1254	NaN	NaN	
1255	NaN	NaN	
1256	-11.228915	-28.728098	
1257	-13.057579	-28.459866	
1258	NaN	NaN	
1259	NaN	NaN	
1260	49.799160	32.461069	
1261	53.225889	39.528442	
1262	85.845627	-68.270064	
1263	NaN	NaN	
1264	NaN	NaN	
1265	NaN	NaN	
1266	NaN	NaN	
1267	NaN	NaN	
1268	NaN	NaN	
1269	NaN	NaN	
1270	NaN	NaN	
1271	NaN	NaN	
1272	NaN	NaN	
1273	NaN	NaN	
1274	NaN	NaN	
1275	NaN	NaN	
1276	NaN	NaN	
1277	NaN	NaN	
1278	NaN	NaN	
1279	NaN	NaN	
1280	NaN	NaN	
1281	NaN	NaN	
1282	NaN	NaN	
1283	NaN	NaN	
1284	NaN	NaN	
1285	NaN	NaN	
1286	NaN	NaN	
1287	NaN	NaN	
1288	NaN	NaN	
1289	NaN	NaN	
1290	NaN	NaN	
1291	NaN	NaN	
1292	NaN	NaN	
1293	NaN	NaN	
1294	NaN	NaN	
1295	NaN	NaN	
1296	NaN	NaN	
1297	NaN	NaN	
1298	NaN	NaN	
1299	NaN	NaN	
1300	NaN	NaN	
1301	NaN	NaN	
1302	NaN	NaN	
1303	NaN	NaN	
1304	NaN	NaN	
1305	NaN	NaN	
1306	NaN	NaN	
1307	NaN	NaN	
1308	NaN	NaN	
1309	NaN	NaN	
1310	NaN	NaN	
1311	NaN	NaN	
1312	NaN	NaN	
1313	NaN	NaN	
1314	NaN	NaN	
1315	NaN	NaN	
1316	NaN	NaN	
1317	NaN	NaN	
1318	NaN	NaN	
1319	NaN	NaN	
1320	NaN	NaN	
1321	NaN	NaN	
1322	NaN	NaN	
1323	NaN	NaN	
1324	NaN	NaN	
1325	NaN	NaN	
1326	NaN	NaN	
1327	NaN	NaN	
1328	NaN	NaN	
1329	NaN	NaN	
1330	NaN	NaN	
1331	NaN	NaN	
1332	NaN	NaN	
1333	NaN	NaN	
1334	NaN	NaN	
1335	NaN	NaN	
1336	NaN	NaN	
1337	NaN	NaN	
1338	NaN	NaN	
1339	NaN	NaN	
1340	NaN	NaN	
1341	NaN	NaN	
1342	NaN	NaN	
1343	NaN	NaN	
1344	NaN	NaN	
1345	NaN	NaN	
1346	NaN	NaN	
1347	NaN	NaN	
1348	NaN	NaN	
1349	NaN	NaN	
1350	NaN	NaN	
1351	NaN	NaN	
1352	NaN	NaN	
1353	NaN	NaN	
1354	NaN	NaN	
1355	NaN	NaN	
1356	NaN	NaN	
1357	NaN	NaN	
1358	NaN	NaN	
1359	NaN	NaN	
1360	NaN	NaN	
1361	NaN	NaN	
1362	NaN	NaN	
1363	NaN	NaN	
1364	NaN	NaN	
1365	NaN	NaN	
1366	NaN	NaN	
1367	NaN	NaN	
1368	NaN	NaN	
1369	NaN	NaN	
1370	NaN	NaN	
1371	NaN	NaN	
1372	NaN	NaN	
1373	NaN	NaN	
1374	NaN	NaN	
1375	NaN	NaN	
1376	NaN	NaN	
1377	NaN	NaN	
1378	NaN	NaN	
1379	NaN	NaN	
1380	NaN	NaN	
1381	NaN	NaN	
1382	NaN	NaN	
1383	NaN	NaN	
1384	NaN	NaN	
1385	NaN	NaN	
1386	NaN	NaN	
1387	NaN	NaN	
1388	NaN	NaN	
1389	NaN	NaN	
1390	NaN	NaN	
1391	NaN	NaN	
1392	NaN	NaN	
1393	NaN	NaN	
1394	NaN	NaN	
1395	NaN	NaN	
1396	NaN	NaN	
1397	NaN	NaN	
1398	NaN	NaN	
1399	NaN	NaN	
1400	NaN	NaN	
1401	NaN	NaN	
1402	NaN	NaN	
1403	NaN	NaN	
1404	NaN	NaN	
1405	NaN	NaN	
1406	NaN	NaN	
1407	NaN	NaN	
1408	NaN	NaN	
1409	NaN	NaN	
1410	NaN	NaN	
1411	NaN	NaN	
1412	NaN	NaN	
1413	NaN	NaN	
1414	NaN	NaN	
1415	NaN	NaN	
1416	NaN	NaN	
1417	NaN	NaN	
1418	NaN	NaN	
1419	NaN	NaN	
1420	NaN	NaN	
1421	NaN	NaN	
1422	NaN	NaN	
1423	NaN	NaN	
1424	NaN	NaN	
1425	NaN	NaN	
1426	NaN	NaN	
1427	NaN	NaN	
1428	NaN	NaN	
1429	NaN	NaN	
1430	NaN	NaN	
1431	NaN	NaN	
1432	NaN	NaN	
1433	NaN	NaN	
1434	NaN	NaN	
1435	NaN	NaN	
1436	NaN	NaN	
1437	NaN	NaN	
1438	NaN	NaN	
1439	NaN	NaN	
1440	NaN	NaN	
1441	NaN	NaN	
1442	NaN	NaN	
1443	NaN	NaN	
1444	NaN	NaN	
1445	NaN	NaN	
1446	NaN	NaN	
1447	NaN	NaN	
1448	NaN	NaN	
1449	NaN	NaN	
1450	NaN	NaN	
1451	NaN	NaN	
1452	NaN	NaN	
1453	NaN	NaN	
1454	NaN	NaN	
1455	NaN	NaN	
1456	NaN	NaN	
1457	NaN	NaN	
1458	NaN	NaN	
1459	NaN	NaN	
1460	NaN	NaN	
1461	NaN	NaN	
1462	NaN	NaN	
1463	NaN	NaN	
1464	NaN	NaN	
1465	NaN	NaN	
1466	NaN	NaN	
1467	NaN	NaN	
1468	NaN	NaN	
1469	NaN	NaN	
1470	NaN	NaN	
1471	NaN	NaN	
1472	NaN	NaN	
1473	NaN	NaN	
1474	NaN	NaN	
1475	NaN	NaN	
1476	NaN	NaN	
1477	NaN	NaN	
1478	NaN	NaN	
1479	NaN	NaN	
1480	NaN	NaN	
1481	NaN	NaN	
1482	NaN	NaN	
1483	NaN	NaN	
1484	NaN	NaN	
1485	NaN	NaN	
1486	NaN	NaN	
1487	NaN	NaN	
1488	NaN	NaN	
1489	NaN	NaN	
1490	NaN	NaN	
1491	NaN	NaN	
1492	NaN	NaN	
1493	NaN	NaN	
1494	NaN	NaN	
1495	NaN	NaN	
1496	NaN	NaN	
1497	NaN	NaN	
1498	NaN	NaN	
1499	NaN	NaN	
1500	NaN	NaN	
1501	NaN	NaN	
1502	NaN	NaN	
1503	NaN	NaN	
1504	NaN	NaN	
1505	NaN	NaN	
1506	NaN	NaN	
1507	NaN	NaN	
1508	NaN	NaN	
1509	NaN	NaN	
1510	NaN	NaN	
1511	NaN	NaN	
1512	NaN	NaN	
1513	NaN	NaN	
1514	NaN	NaN	
1515	NaN	NaN	
1516	NaN	NaN	
1517	NaN	NaN	
1518	NaN	NaN	
1519	NaN	NaN	
1520	NaN	NaN	
1521	NaN	NaN	
1522	NaN	NaN	
1523	NaN	NaN	
1524	NaN	NaN	
1525	NaN	NaN	
1526	NaN	NaN	
1527	NaN	NaN	
1528	NaN	NaN	
1529	NaN	NaN	
1530	NaN	NaN	
1531	NaN	NaN	
1532	NaN	NaN	
1533	NaN	NaN	
1534	NaN	NaN	
1535	NaN	NaN	
1536	NaN	NaN	
1537	NaN	NaN	
1538	NaN	NaN	
1539	NaN	NaN	
1540	NaN	NaN	
1541	NaN	NaN	
1542	NaN	NaN	
1543	NaN	NaN	
1544	NaN	NaN	
1545	NaN	NaN	
1546	NaN	NaN	
1547	NaN	NaN	
1548	NaN	NaN	
