Athlete_Engineering	// User ID
11-2-2021	// Evaluation date
P014_Walk4	30-1-2021	14:02:10:414	// Source file name and timestamp
250.000	// Sampling rate
5.742	// Data capture period



Sample #	Right_Leg_Flexion	Right_Leg_Abduction	
0	-98.874422	123.447444	
1	-98.891503	124.391130	
2	-98.372095	121.276417	
3	-98.288687	120.753958	
4	-98.343787	120.404564	
5	-98.024513	119.310399	
6	-97.603012	117.483280	
7	-97.561359	117.563467	
8	-97.426275	117.332022	
9	-97.548819	117.216309	
10	-97.543417	117.194768	
11	-97.731201	117.426736	
12	-97.925166	118.067773	
13	-97.640244	117.806376	
14	-97.742004	117.894496	
15	-97.771407	118.075082	
16	-97.882685	118.441806	
17	-98.064606	118.611667	
18	-97.732792	117.736029	
19	-97.735287	118.063786	
20	-97.675308	117.692655	
21	-97.654353	118.385597	
22	-97.561352	118.332124	
23	-97.230691	117.209272	
24	-97.185321	116.821280	
25	-96.729117	115.711813	
26	-97.175089	118.013542	
27	-97.220475	117.415391	
28	-96.491724	114.566862	
29	-96.547484	114.823611	
30	-96.408682	114.447867	
31	-96.226177	113.174505	
32	-96.791849	114.444281	
33	-96.450655	114.309971	
34	-95.868353	112.680776	
35	-96.143284	113.558487	
36	-96.809566	116.251781	
37	-97.940405	121.209089	
38	-96.363382	114.990871	
39	-95.126692	109.974032	
40	-95.304686	109.716016	
41	-96.853654	115.366716	
42	-96.555818	115.382410	
43	-95.298938	110.166948	
44	-95.989342	112.041363	
45	-95.708453	110.932613	
46	-95.916090	111.323464	
47	-96.115507	111.698920	
48	-96.103351	111.848480	
49	-96.111587	112.209186	
50	-96.202463	112.307539	
51	-96.414209	112.810201	
52	-96.499619	112.982799	
53	-96.435433	113.410177	
54	-96.617441	113.912747	
55	-96.795874	113.853142	
56	-96.665218	113.328504	
57	-96.751789	113.226666	
58	-96.708131	113.209013	
59	-96.778887	113.562656	
60	-96.646333	113.559210	
61	-97.395959	113.990678	
62	-98.013736	113.819809	
63	-98.146976	115.186490	
64	-98.249862	114.961023	
65	-98.093388	114.123122	
66	-97.919452	114.414290	
67	-97.868243	112.980596	
68	-97.147816	114.147242	
69	-95.292618	114.426505	
70	-96.948840	114.277125	
71	-97.812379	112.992391	
72	-96.396345	110.973759	
73	-96.476892	110.263873	
74	-96.563505	109.812728	
75	-95.264292	109.470827	
76	-95.323682	108.632138	
77	-95.203056	107.086238	
78	-95.075580	107.035856	
79	-94.657507	106.324200	
80	-95.299685	107.165232	
81	-96.230743	106.881160	
82	-94.967465	105.071647	
83	-94.971260	106.010203	
84	-95.680594	106.548236	
85	-95.113049	105.525642	
86	-95.498037	106.127316	
87	-94.049575	103.639779	
88	-93.878811	103.101876	
89	-94.933760	104.516957	
90	-94.512338	103.188732	
91	-94.534636	103.205711	
92	-94.512237	103.386970	
93	-94.203488	102.509937	
94	-94.016463	102.111052	
95	-93.703491	101.182226	
96	-93.812063	100.786796	
97	-92.780366	98.640122	
98	-92.054925	96.480480	
99	-93.476620	100.093609	
100	-93.673432	100.409599	
101	-93.457260	101.055388	
102	-93.277880	102.037012	
103	-92.941489	98.455343	
104	-92.347658	97.337529	
105	-92.480073	99.092279	
106	-92.967179	99.575067	
107	-93.037977	99.446856	
108	-92.121594	98.197902	
109	NaN	NaN	
110	NaN	NaN	
111	-90.683841	93.636606	
112	-91.326651	95.224088	
113	-91.071861	94.484926	
114	-91.225328	95.237983	
115	-92.339368	96.952932	
116	-91.808472	96.237896	
117	-91.901441	96.510727	
118	-91.928940	96.620344	
119	-92.038834	96.776080	
120	-92.660213	97.868160	
121	-92.600007	97.648403	
122	-91.859657	95.993522	
123	-91.336747	94.213954	
124	-91.272263	94.426540	
125	NaN	NaN	
126	NaN	NaN	
127	NaN	NaN	
128	113.288799	98.242031	
129	113.225974	98.208289	
130	NaN	NaN	
131	NaN	NaN	
132	NaN	NaN	
133	NaN	NaN	
134	NaN	NaN	
135	NaN	NaN	
136	NaN	NaN	
137	NaN	NaN	
138	-84.719916	61.644375	
139	-88.807378	84.496345	
140	-88.220277	81.963834	
141	-85.379264	70.733593	
142	-89.129199	86.965976	
143	-88.071844	83.516728	
144	-84.851844	71.260543	
145	-84.468514	65.477008	
146	-83.957507	61.020154	
147	-84.351947	68.448046	
148	-84.307612	77.370524	
149	-83.515280	75.855121	
150	NaN	NaN	
151	-82.432196	57.146610	
152	-82.914082	66.294165	
153	-83.135068	68.525026	
154	-83.066731	68.382608	
155	-82.997647	70.890167	
156	-82.164926	68.541923	
157	-82.715840	64.451447	
158	-82.948807	66.880150	
159	-81.704362	65.454943	
160	-81.230187	61.340871	
161	-81.335249	65.565448	
162	-81.422250	69.404013	
163	-81.005864	67.719979	
164	-80.906187	68.025720	
165	-80.803964	67.792214	
166	-80.652665	67.843666	
167	-80.680380	67.010005	
168	-81.043529	67.071822	
169	-79.650069	45.675375	
170	NaN	NaN	
171	-78.357065	65.582486	
172	NaN	NaN	
173	-79.206451	42.218975	
174	-79.655806	63.091955	
175	-77.904199	64.567840	
176	-77.590382	64.457403	
177	-77.289988	63.418636	
178	-77.498068	63.470533	
179	-77.481883	63.412625	
180	-77.144339	62.814003	
181	-77.133398	62.875352	
182	NaN	NaN	
183	-77.718300	61.592526	
184	-77.200437	61.093467	
185	-76.821611	61.718292	
186	-76.751677	61.515726	
187	-76.436609	59.853221	
188	-76.517088	60.276084	
189	-76.179064	59.150206	
190	-75.670658	57.797726	
191	-75.838140	57.859986	
192	-76.081350	58.295147	
193	-75.670884	57.824709	
194	NaN	NaN	
195	NaN	NaN	
196	NaN	NaN	
197	NaN	NaN	
198	NaN	NaN	
199	NaN	NaN	
200	NaN	NaN	
201	-75.301656	52.190237	
202	-75.575680	51.495240	
203	-75.334946	51.385980	
204	-75.233648	50.245175	
205	-75.492160	49.686482	
206	-74.182549	52.046140	
207	-73.853059	51.839173	
208	-73.904964	51.886052	
209	-73.917191	51.667975	
210	-74.433993	51.574903	
211	-74.260794	51.946965	
212	-74.377747	51.540026	
213	-74.505656	51.055219	
214	-74.046992	50.558523	
215	-74.000892	49.928441	
216	-73.785443	49.218857	
217	-73.606561	48.987760	
218	-73.551381	48.579313	
219	-73.087314	47.783262	
220	-73.241968	48.007821	
221	-73.381947	46.101646	
222	-73.804662	46.996172	
223	-74.342058	49.093369	
224	-73.866548	45.298785	
225	-73.576555	42.993560	
226	-73.373802	46.954943	
227	-72.986144	46.440656	
228	-72.880941	46.178130	
229	-72.952951	45.394704	
230	-73.026584	44.598928	
231	-73.174813	44.286001	
232	-73.099552	44.114949	
233	-72.415432	44.247973	
234	-72.760950	44.948258	
235	-72.824985	44.883603	
236	-72.394593	44.443090	
237	-72.612101	45.465551	
238	-72.551892	44.751998	
239	-72.798672	42.451015	
240	-72.922080	41.109365	
241	-72.740268	40.693021	
242	-72.103405	43.209474	
243	-72.159872	43.114626	
244	-72.370123	44.388136	
245	-72.838971	40.064520	
246	-72.697219	39.119877	
247	-72.619486	43.236280	
248	-73.178728	41.331804	
249	-73.128017	41.067567	
250	-72.728052	42.384158	
251	-72.910088	43.261429	
252	-72.997611	42.599577	
253	-72.966063	41.075972	
254	-73.060109	41.368122	
255	-73.126717	42.745699	
256	-73.059336	40.204635	
257	-73.499998	40.911314	
258	-73.716665	43.850064	
259	-73.623088	43.572024	
260	-73.943135	42.630001	
261	-74.172745	42.934817	
262	-74.002524	44.136663	
263	-73.979987	43.051354	
264	-74.139546	41.674380	
265	-74.008416	42.444521	
266	-74.159122	42.931363	
267	-74.381208	42.008850	
268	-74.061604	41.968689	
269	-74.056664	42.975535	
270	-74.281841	42.575728	
271	-74.570390	43.148576	
272	-74.086822	43.579584	
273	-74.675248	44.106813	
274	-74.214887	43.722530	
275	-71.398519	40.812874	
276	-73.925428	44.455818	
277	-76.514546	47.458705	
278	-76.590366	47.729168	
279	-75.130450	45.295587	
280	-74.509890	46.472182	
281	-76.021121	50.609025	
282	-79.737680	59.709112	
283	-77.286464	54.283501	
284	-77.954252	53.373191	
285	-78.619223	54.510379	
286	-78.105092	53.159943	
287	-78.469232	54.340559	
288	-78.486494	54.406803	
289	-79.926945	56.490559	
290	-76.663400	48.190644	
291	-77.291455	49.651649	
292	-77.093456	49.020724	
293	-77.486956	50.601409	
294	-78.387647	52.252292	
295	-78.335911	51.264240	
296	-81.019403	57.728931	
297	-83.762780	66.415369	
298	-81.338869	58.093068	
299	-78.119731	50.721622	
300	-80.705070	58.759725	
301	-83.700949	67.561641	
302	-80.308444	57.683924	
303	-79.034788	51.407385	
304	-80.151798	57.532068	
305	-81.148166	61.544071	
306	-84.322815	70.677793	
307	-83.624033	68.317764	
308	-82.405386	64.070226	
309	-83.056033	67.407672	
310	-82.470475	70.108811	
311	-83.238483	64.959376	
312	-83.130741	64.862954	
313	-83.075450	65.432215	
314	-82.983645	63.632697	
315	-83.364673	64.859162	
316	-83.880826	66.699917	
317	-83.788544	65.508452	
318	-83.864174	63.757209	
319	-84.290475	65.425511	
320	-83.927742	65.543585	
321	-84.821120	68.161911	
322	-85.228222	69.843751	
323	-85.049485	68.917276	
324	-85.316638	69.779746	
325	-85.112255	69.112967	
326	-86.226868	73.334578	
327	-86.418651	74.740431	
328	-85.688445	71.994328	
329	-86.209721	73.218975	
330	-86.357095	74.921048	
331	-86.654537	76.111041	
332	-86.285939	75.106024	
333	-86.437038	78.892887	
334	-88.131830	82.592169	
335	NaN	NaN	
336	NaN	NaN	
337	NaN	NaN	
338	NaN	NaN	
339	NaN	NaN	
340	NaN	NaN	
341	NaN	NaN	
342	NaN	NaN	
343	NaN	NaN	
344	NaN	NaN	
345	NaN	NaN	
346	NaN	NaN	
347	NaN	NaN	
348	NaN	NaN	
349	NaN	NaN	
350	-92.892142	103.161380	
351	-93.068489	103.453939	
352	-93.966109	105.030601	
353	-94.428280	109.190475	
354	-94.626610	108.549681	
355	-94.617350	109.745993	
356	-94.713550	115.357312	
357	-94.713270	110.180666	
358	-94.622793	107.523413	
359	-95.019812	109.308944	
360	-95.966791	112.361798	
361	-95.506840	113.081758	
362	-95.285104	112.533831	
363	-95.696333	112.907072	
364	-95.355692	112.869978	
365	-95.018285	109.663411	
366	-95.583010	111.635392	
367	-95.747066	114.642246	
368	-95.436010	113.791390	
369	-95.978458	115.166458	
370	-96.329155	115.304752	
371	-95.861157	113.867057	
372	-96.163813	114.582557	
373	-96.437078	112.169797	
374	-96.117441	112.562631	
375	-95.341061	111.991590	
376	-95.395199	112.418340	
377	-96.367107	117.901224	
378	-96.128066	116.150016	
379	-95.997332	115.291357	
380	-96.417726	116.404728	
381	-96.843008	118.110051	
382	-96.485299	116.943966	
383	-96.491277	117.304172	
384	-97.429204	119.787783	
385	-96.758827	118.909054	
386	-96.307514	120.426136	
387	-97.139436	122.635400	
388	-97.736465	124.165850	
389	-96.939990	122.560447	
390	-97.250103	123.489506	
391	-97.702518	122.381258	
392	-97.953979	124.160417	
393	-98.127803	126.994545	
394	-97.958717	127.533921	
395	-98.601371	129.897646	
396	-98.739661	128.822433	
397	-98.809048	128.270635	
398	-98.771862	128.146557	
399	-99.367867	131.299903	
400	-99.322920	130.947027	
401	-98.701968	129.479344	
402	-99.283975	131.826226	
403	-100.106557	133.799049	
404	-99.964934	132.293088	
405	-100.068653	132.400640	
406	-100.167968	134.008811	
407	-101.184581	136.940107	
408	-102.260032	140.153529	
409	-102.049353	141.498347	
410	-101.124743	138.840307	
411	-102.107263	140.997890	
412	-103.773735	145.264373	
413	-103.598429	142.041259	
414	-104.285093	143.082175	
415	-103.830394	145.658261	
416	-103.829692	144.681622	
417	-104.953827	145.731923	
418	-104.822309	146.750595	
419	-105.018411	145.263417	
420	-105.598739	143.587384	
421	-105.824414	146.326135	
422	-105.987339	147.607699	
423	-106.177658	148.219418	
424	-106.180273	148.726702	
425	-106.504010	149.087991	
426	-106.861625	150.542397	
427	-106.457807	149.430124	
428	-106.303566	148.282442	
429	-106.392121	148.043417	
430	-106.324798	152.396354	
431	-106.462425	152.102314	
432	-105.965813	149.506508	
433	-106.107575	149.781656	
434	-106.913949	151.059605	
435	-106.787944	154.360425	
436	-106.991812	155.500727	
437	-107.722423	153.448516	
438	-107.560288	152.159613	
439	-107.212349	151.891306	
440	-107.597735	153.338403	
441	-107.893801	154.819638	
442	-108.061502	154.758590	
443	-108.419138	155.742002	
444	-108.596102	155.393582	
445	-108.846086	156.149021	
446	-107.970288	154.470015	
447	-107.972798	153.670051	
448	-108.867267	155.157136	
449	-108.648466	155.318503	
450	-109.160179	155.660421	
451	-108.978914	153.120126	
452	-109.605465	153.371249	
453	-109.544200	153.173149	
454	-108.415599	151.965993	
455	-108.318819	151.937528	
456	-107.971145	149.676155	
457	-108.419193	149.380152	
458	-107.189649	146.244252	
459	-106.543037	146.479823	
460	-107.108724	146.582971	
461	-106.552920	144.355582	
462	-106.444019	146.214273	
463	-106.070256	144.915738	
464	-106.088602	144.430488	
465	-106.618707	145.104262	
466	-106.842062	144.988798	
467	-106.247399	143.867314	
468	-106.227030	143.891607	
469	-106.348694	144.091008	
470	-105.830547	143.828308	
471	-105.388190	143.058616	
472	-104.660260	140.497780	
473	-104.021742	138.858391	
474	-103.877291	137.567083	
475	-103.365491	134.670135	
476	-102.560832	131.911826	
477	-101.060147	128.631608	
478	-100.863804	127.184328	
479	-100.892377	125.966892	
480	-100.384925	124.398650	
481	-100.930392	125.519112	
482	-100.484748	123.708822	
483	-100.109993	122.267929	
484	-98.966556	118.732411	
485	-98.636662	116.899006	
486	-98.470536	116.855683	
487	-97.778482	115.363912	
488	-97.514055	114.293841	
489	-97.382150	113.649759	
490	-97.204041	113.280397	
491	-96.030735	110.339209	
492	-95.315566	107.892483	
493	-94.894280	106.203682	
494	-94.454201	105.098770	
495	-94.062724	103.827448	
496	-93.204933	100.847283	
497	-92.763182	99.204388	
498	-92.507491	98.107268	
499	-91.766882	95.666460	
500	-91.321960	94.256122	
501	-90.780463	92.443229	
502	-90.201287	90.597634	
503	-89.741008	89.245718	
504	-89.034094	87.211130	
505	-88.611368	86.021149	
506	-88.096240	84.594534	
507	-87.639694	83.338714	
508	-87.098298	81.911465	
509	-86.723944	81.022408	
510	-86.256655	79.593419	
511	-85.895182	78.745109	
512	-85.616028	78.247359	
513	-85.606996	78.202066	
514	-85.545512	77.666594	
515	-84.612540	74.787058	
516	-84.221440	74.139972	
517	-84.194485	73.752898	
518	-84.150713	73.305440	
519	-83.744619	72.609763	
520	-83.682818	71.978650	
521	-83.586657	71.015298	
522	-83.244575	70.007819	
523	-82.904668	68.058424	
524	-82.940376	67.626905	
525	-82.940698	67.666345	
526	-82.276678	65.613898	
527	-82.177052	66.319018	
528	-82.650725	67.906745	
529	-81.978644	64.994356	
530	-81.227159	60.467476	
531	-81.500151	61.569796	
532	-81.701474	64.392941	
533	-81.397228	64.421239	
534	-80.646377	59.961433	
535	-80.332914	57.604114	
536	-80.117091	57.988835	
537	-80.495517	60.406915	
538	-80.364022	58.458215	
539	-79.574518	53.883708	
540	-79.893467	56.187403	
541	-79.907858	57.224332	
542	-79.440249	55.166173	
543	-79.590960	55.024262	
544	-79.213327	53.272355	
545	-78.670457	50.303802	
546	-78.989153	51.314294	
547	-79.540399	54.683022	
548	-79.404019	54.960321	
549	-79.198373	54.372658	
550	-79.183636	53.551707	
551	-79.102218	53.580567	
552	-78.792439	54.742514	
553	-78.754820	53.957253	
554	-79.334808	56.099184	
555	-79.124627	56.077073	
556	-78.667979	55.091162	
557	-78.926945	55.221253	
558	-78.906254	54.634521	
559	-78.836768	53.998726	
560	-78.616843	53.245685	
561	-78.486576	53.648180	
562	-78.740950	53.971621	
563	-79.125458	54.784747	
564	-79.470501	55.004178	
565	-79.096175	54.689989	
566	-78.963467	54.792780	
567	-78.874545	54.099976	
568	-78.791800	54.860727	
569	-78.747861	54.231073	
570	-78.519155	52.946522	
571	-78.319610	51.778282	
572	-77.040539	53.793166	
573	-76.968973	54.142846	
574	-78.006728	50.332650	
575	-77.531311	48.247925	
576	-77.179207	46.385591	
577	-76.740855	45.905895	
578	-76.193095	44.817084	
579	-76.543100	45.552849	
580	-77.170726	46.152019	
581	-77.043818	45.165941	
582	-77.010943	44.498070	
583	-76.771528	44.747436	
584	-76.617884	44.041421	
585	-76.644459	43.601992	
586	-76.552604	44.531613	
587	-76.731392	44.640087	
588	-76.381992	44.534885	
589	-76.261403	44.154865	
590	-76.488884	43.090437	
591	-76.306900	42.646295	
592	-76.371225	41.971288	
593	-76.210725	41.339876	
594	-75.793233	40.787604	
595	-75.678467	41.063184	
596	-75.554729	40.779709	
597	-75.621903	39.446467	
598	-75.517305	39.883652	
599	-75.560643	39.112904	
600	-75.847919	37.586685	
601	-75.729363	36.617718	
602	-75.777089	37.009139	
603	-76.008993	37.923079	
604	-76.009036	38.170222	
605	-75.921896	37.928051	
606	-76.093456	39.199002	
607	-76.283477	40.520803	
608	-76.777970	41.270082	
609	-77.016069	43.881123	
610	-77.538147	44.902378	
611	-78.007948	46.213537	
612	-78.323673	48.868155	
613	-78.913185	49.582759	
614	-79.187633	49.488892	
615	-79.963870	52.748006	
616	-80.270353	53.935752	
617	-80.422217	55.238618	
618	-80.958967	57.680747	
619	-81.389707	58.117729	
620	-81.860166	59.570238	
621	-81.609707	59.349153	
622	-82.074920	61.408348	
623	-83.054361	63.735595	
624	-83.020027	64.552481	
625	-83.042813	65.562875	
626	-83.132146	66.129495	
627	-83.253429	66.160159	
628	-83.551871	66.397562	
629	-83.119082	64.495108	
630	-83.273421	63.213873	
631	-83.378116	63.920859	
632	-82.906925	62.719884	
633	-83.255306	63.033045	
634	-83.414676	64.346518	
635	-83.348809	64.454853	
636	-83.660227	65.632135	
637	-83.875969	65.995846	
638	-84.332434	66.039390	
639	-84.276635	66.875642	
640	-84.188543	68.482354	
641	-84.674143	70.435789	
642	-84.630559	70.408773	
643	-84.908456	72.794212	
644	-85.057975	74.355550	
645	-85.614594	75.332137	
646	-86.231116	77.120386	
647	-86.373733	77.957283	
648	-87.025970	79.950508	
649	-87.769134	82.643211	
650	-88.325841	84.578097	
651	-88.494879	84.839095	
652	-88.865203	85.929900	
653	-89.319794	87.526210	
654	-89.583996	88.403576	
655	-90.102328	90.420183	
656	-90.700023	92.952779	
657	-91.365392	96.057273	
658	-91.545684	97.288303	
659	-91.717064	98.470471	
660	-92.096270	101.757173	
661	-92.055978	102.250885	
662	-92.208723	103.389384	
663	-93.181242	109.955245	
664	-93.967395	116.029366	
665	-93.359376	114.089609	
666	-93.393111	114.073177	
667	-94.073647	121.842750	
668	-94.324030	115.250817	
669	-94.587719	116.346543	
670	-94.733081	126.347996	
671	-94.482917	120.342392	
672	-94.321718	120.007927	
673	-95.022153	124.043324	
674	-95.587225	125.722542	
675	-95.590374	124.374056	
676	-95.689511	122.904241	
677	-96.035454	123.052975	
678	-96.271372	122.776836	
679	-96.358076	122.070034	
680	-95.911381	119.388899	
681	-95.926276	119.528091	
682	-96.540538	121.785067	
683	-96.597772	121.955498	
684	-96.418054	121.875318	
685	-96.798744	123.037489	
686	-97.029395	122.988506	
687	-97.049170	122.865018	
688	-97.210127	125.869300	
689	-96.989878	125.261136	
690	-96.996441	125.000926	
691	-97.359019	127.583338	
692	-97.782920	129.470117	
693	-97.982669	130.885786	
694	-98.009004	131.066641	
695	-98.216863	132.519560	
696	-98.408290	132.991336	
697	-98.468764	131.144733	
698	-98.581598	132.087293	
699	-99.034199	134.473643	
700	-99.156343	134.563745	
701	-99.282124	134.560276	
702	-99.227789	134.546692	
703	-99.672114	135.493639	
704	-100.192583	136.702974	
705	-100.298031	137.365055	
706	-100.780663	138.541592	
707	-100.816890	140.677489	
708	-100.895455	141.825719	
709	-101.056414	141.529604	
710	-101.331611	143.326756	
711	-101.648257	143.356730	
712	-101.901964	143.577335	
713	-101.805304	144.724033	
714	-102.006792	146.318939	
715	-102.372412	147.158923	
716	-102.596240	145.389318	
717	-102.767591	146.108578	
718	-102.821724	149.032617	
719	-102.987519	147.031860	
720	-103.316116	145.613869	
721	-103.463435	147.078148	
722	-103.598245	145.723110	
723	-104.231233	147.550014	
724	-104.531417	148.809460	
725	-104.644231	147.704695	
726	-104.764787	148.716978	
727	-104.748222	149.584964	
728	-105.042426	151.738058	
729	-105.940137	153.304184	
730	-106.083736	151.929979	
731	-106.064662	153.122646	
732	-106.483377	154.161625	
733	-107.099437	154.250747	
734	-107.457033	156.727910	
735	-107.128471	155.247934	
736	-107.291331	154.578737	
737	-107.518993	155.529589	
738	-107.900058	156.129043	
739	-107.667042	156.373366	
740	-107.695158	155.990431	
741	-108.008827	156.950955	
742	-107.993469	156.820099	
743	-108.111721	156.895283	
744	-108.184092	157.031988	
745	-108.250972	158.529212	
746	-108.514671	159.062210	
747	-108.684889	157.890613	
748	-108.651703	158.279849	
749	-108.988085	158.025177	
750	-109.178773	157.944545	
751	-109.297618	158.640812	
752	-109.469780	159.131203	
753	-109.516637	159.401505	
754	-109.543462	159.978897	
755	-109.574501	160.198577	
756	-109.518444	159.830962	
757	-109.473414	160.823246	
758	-109.465073	162.321403	
759	-109.788679	162.797313	
760	-110.060993	162.324102	
761	-109.976690	161.679187	
762	-109.949281	161.850765	
763	-110.346408	163.427954	
764	-110.586117	162.968748	
765	-110.712200	163.042174	
766	-110.904403	162.196089	
767	-110.983855	161.948627	
768	-110.809914	162.286237	
769	-110.837830	162.135176	
770	-110.920868	162.600474	
771	-110.838134	161.869638	
772	-111.039295	160.827763	
773	-110.791736	159.845950	
774	-110.727826	159.268143	
775	-110.825642	160.162234	
776	-110.797755	158.893672	
777	-110.665636	155.858270	
778	-110.122734	156.341715	
779	-109.412966	156.668103	
780	-109.088905	156.235147	
781	-108.672089	155.900443	
782	-108.684481	154.772326	
783	-108.008055	154.271358	
784	-107.271171	153.015312	
785	-107.207619	151.476952	
786	-107.168337	151.235189	
787	-107.012605	151.630300	
788	-106.633489	150.742215	
789	-106.547808	149.313762	
790	-106.667533	149.941962	
791	-106.879335	149.619506	
792	-106.373812	149.177643	
793	-105.711511	147.153489	
794	-105.283781	146.191310	
795	-104.796665	145.608199	
796	-104.065098	142.076050	
797	-103.688093	139.702997	
798	-103.515013	137.530441	
799	-102.779278	135.214096	
800	-102.021393	132.662762	
801	-101.918937	131.317002	
802	-101.406477	128.803894	
803	-100.664164	126.118081	
804	-100.458018	124.775866	
805	-100.077787	123.846946	
806	-99.330312	122.441646	
807	-98.976745	120.465735	
808	-98.767605	119.688868	
809	-98.300391	118.355961	
810	-97.877430	116.602368	
811	-97.289598	114.973166	
812	-96.506668	112.599576	
813	-95.770861	110.541172	
814	-95.171176	109.030558	
815	-94.122397	105.016050	
816	-93.258502	102.020283	
817	-92.573210	99.767676	
818	-91.482498	95.494738	
819	-90.901997	93.332485	
820	-90.642043	92.328935	
821	-89.872212	89.541548	
822	-89.224625	87.270269	
823	-88.892629	86.250260	
824	-88.308214	84.571904	
825	-88.053358	83.879660	
826	-87.783997	82.684946	
827	-87.132975	81.050027	
828	-86.453501	79.249316	
829	-86.106298	77.900233	
830	-85.810235	77.116255	
831	-85.003178	74.606916	
832	-84.767382	74.341311	
833	-84.455855	73.141639	
834	-83.904952	71.664332	
835	-83.854142	72.424932	
836	-83.297790	69.624985	
837	-82.675861	66.683252	
838	-81.963407	64.509563	
839	-81.753743	64.131418	
840	-81.634534	63.972515	
841	-80.983069	61.442693	
842	-81.132262	62.967789	
843	-80.855130	62.197357	
844	-80.107349	59.064265	
845	-80.050980	59.206040	
846	-80.426903	59.871551	
847	-80.326305	59.255092	
848	-80.165323	59.074645	
849	-80.638805	60.785629	
850	-80.451573	59.938354	
851	-80.383516	59.987083	
852	-80.118946	57.654453	
853	-79.794533	56.089346	
854	-80.143741	58.083191	
855	-79.904800	56.888806	
856	-79.458182	55.625180	
857	-79.323111	55.472901	
858	-79.224066	55.063082	
859	-78.876255	54.197460	
860	-79.053068	53.859794	
861	-78.393517	51.071099	
862	-77.754946	50.781823	
863	-78.245499	51.421616	
864	-78.077828	49.271914	
865	-77.491858	45.985764	
866	-77.653069	48.037415	
867	-77.876008	51.294253	
868	-78.177807	51.340348	
869	-78.023279	50.658422	
870	-77.793144	49.412929	
871	-77.689085	48.879457	
872	-77.918485	51.012359	
873	-78.270609	52.678420	
874	-78.051572	52.158939	
875	-77.880239	49.682709	
876	-77.836773	48.980236	
877	-78.232591	49.997484	
878	-78.300788	50.136538	
879	-77.864230	50.404848	
880	-77.916297	49.789239	
881	-78.357764	51.154179	
882	-78.200862	48.989873	
883	-78.067394	48.544768	
884	-78.071795	48.386516	
885	-78.248358	46.461275	
886	-78.391002	49.170214	
887	-78.416133	48.907110	
888	-78.593599	49.769192	
889	-78.543437	49.945361	
890	-78.480940	48.989445	
891	-78.329646	50.534262	
892	-78.496948	51.097504	
893	-78.470364	51.140268	
894	-78.196417	48.833110	
895	-78.219400	47.480730	
896	-78.176057	49.009390	
897	-78.215576	48.624558	
898	-78.110737	46.413556	
899	-78.212614	48.192779	
900	-78.076171	49.009312	
901	-78.021630	48.313636	
902	-77.996056	46.551368	
903	-77.593156	43.665326	
904	-77.574800	44.216661	
905	-77.531367	44.827913	
906	-77.167999	43.966321	
907	-76.849494	42.730376	
908	-76.124700	40.647632	
909	-75.727116	39.366374	
910	-75.758840	39.268525	
911	-75.118175	37.932459	
912	-74.456231	35.569024	
913	-74.186005	34.584293	
914	-73.760800	33.354086	
915	-73.549843	32.699923	
916	-73.520898	32.609465	
917	-73.641769	32.270130	
918	-73.665866	32.165923	
919	-73.605951	32.866185	
920	-73.748102	34.287176	
921	-73.787156	35.560048	
922	-74.185722	36.650319	
923	-74.584877	37.800937	
924	-74.577431	39.387845	
925	-74.969235	40.813905	
926	-75.771057	42.381926	
927	-76.477998	44.442584	
928	-76.682178	45.763960	
929	-77.159747	47.269303	
930	-77.282827	47.652494	
931	-76.905962	47.317726	
932	-77.519098	48.762022	
933	-78.704533	51.422782	
934	-79.267432	52.788495	
935	-79.342269	52.681462	
936	-79.828760	54.481634	
937	-80.581949	56.058394	
938	-81.684196	59.679283	
939	-82.219777	61.964289	
940	-82.375241	61.429630	
941	-82.501626	61.576674	
942	-82.221779	60.853391	
943	-82.307328	59.665394	
944	-82.696924	60.390035	
945	-82.738084	62.772467	
946	-82.261792	60.114784	
947	-82.163500	59.146931	
948	-82.133177	58.426064	
949	-81.509329	53.242007	
950	-81.617096	54.665097	
951	-81.668407	54.407382	
952	-82.420230	54.538636	
953	-82.690687	55.901678	
954	-82.537822	57.165772	
955	-82.908403	59.558870	
956	-82.853692	61.103885	
957	-83.348748	63.271904	
958	-83.099055	63.604175	
959	-82.906331	64.502731	
960	-83.461083	67.648406	
961	-83.681970	69.771568	
962	-83.993743	70.532029	
963	-84.429578	72.196083	
964	-84.838979	73.884147	
965	-84.948842	74.308416	
966	-85.331718	75.513621	
967	-86.492078	79.006288	
968	-87.090310	80.556684	
969	-87.053252	80.240644	
970	-87.566212	82.001619	
971	-88.221858	83.819234	
972	-89.244300	87.226146	
973	-89.504900	88.182101	
974	-89.373380	87.564725	
975	-89.833493	89.314930	
976	-89.851983	89.367714	
977	-90.639046	92.841755	
978	-90.992503	94.693937	
979	-90.678471	93.280480	
980	-90.792102	93.956068	
981	-91.364920	97.153332	
982	-91.785324	99.159740	
983	-91.684544	98.911695	
984	-91.963616	100.844500	
985	-92.535588	104.316531	
986	-92.921065	105.249994	
987	-92.716716	104.167290	
988	-93.273461	107.694175	
989	-94.221228	111.940911	
990	-93.302363	106.715423	
991	-93.172812	105.356956	
992	-94.302928	110.835342	
993	-95.351530	114.347634	
994	-95.504058	113.447593	
995	-94.860101	111.459258	
996	-95.825646	115.715693	
997	-96.297113	116.793188	
998	-95.944881	114.433006	
999	-96.603156	116.058248	
1000	-96.698192	115.457402	
1001	-96.149519	112.993261	
1002	-96.413343	114.142385	
1003	-96.600586	114.210436	
1004	-96.529376	113.968405	
1005	-96.790124	115.917346	
1006	-96.984032	116.040240	
1007	-97.552343	117.695524	
1008	-97.215458	117.538377	
1009	-97.293084	117.322859	
1010	-98.148975	120.650938	
1011	-97.303625	118.290663	
1012	-97.516739	119.083841	
1013	-98.396510	122.996513	
1014	-97.776265	121.421476	
1015	-98.224780	123.636045	
1016	-98.738498	125.556077	
1017	-98.935736	124.985473	
1018	-98.875411	124.418518	
1019	-99.172533	126.823006	
1020	-99.340936	127.620049	
1021	-98.827579	124.775588	
1022	-100.153859	128.967157	
1023	-100.027336	127.836417	
1024	-99.470316	127.015078	
1025	-100.279752	131.333740	
1026	-99.879967	128.383730	
1027	-100.557769	131.294567	
1028	-101.020792	133.274397	
1029	-100.438177	131.203321	
1030	-101.003046	133.670308	
1031	-100.719831	132.658166	
1032	-101.037894	134.184385	
1033	-101.417231	135.038797	
1034	-100.899488	134.546249	
1035	-101.015077	135.753786	
1036	-101.628129	137.501772	
1037	-100.777013	134.145066	
1038	-101.179599	135.789231	
1039	-101.909285	138.652420	
1040	-100.669289	134.505410	
1041	-101.811164	137.740692	
1042	-102.180121	138.491169	
1043	-101.719432	138.851684	
1044	-102.367805	140.186843	
1045	-102.602456	140.359280	
1046	-102.424933	139.394260	
1047	-102.925154	140.250190	
1048	-103.255829	142.419173	
1049	-102.860474	140.106165	
1050	-103.129144	140.731302	
1051	-102.632241	140.327251	
1052	-103.202708	140.786708	
1053	-103.859799	143.929504	
1054	-103.452690	143.303203	
1055	-104.268428	145.525022	
1056	-104.809557	147.300461	
1057	-104.055529	145.244563	
1058	-104.458869	146.659906	
1059	-105.575283	148.724182	
1060	-104.886703	148.163481	
1061	-104.542115	147.218711	
1062	-104.951979	147.927312	
1063	-105.369563	148.778562	
1064	-105.305211	148.285872	
1065	-105.177834	148.531062	
1066	-106.217823	150.275798	
1067	-107.112753	151.769842	
1068	-106.084488	150.783113	
1069	-105.926429	151.334940	
1070	-106.386734	151.554308	
1071	-105.904493	151.140786	
1072	-106.257054	152.669690	
1073	-105.787004	152.415477	
1074	-105.880405	152.710980	
1075	-106.375645	152.894903	
1076	-106.281664	152.269958	
1077	-106.233788	153.905730	
1078	-106.860774	156.149316	
1079	-107.059279	156.383899	
1080	-106.383372	154.529588	
1081	-106.632400	154.610845	
1082	-106.482721	154.855535	
1083	-106.579359	154.074306	
1084	-107.003712	156.186899	
1085	-107.962327	157.526316	
1086	-108.120416	156.950517	
1087	-107.769738	157.177495	
1088	-107.929119	155.786388	
1089	-107.537930	156.548632	
1090	-108.392298	158.767083	
1091	-109.087923	157.811674	
1092	-108.973586	157.952293	
1093	-108.837244	158.765437	
1094	-108.772106	158.644948	
1095	-108.934255	158.243268	
1096	-109.049414	158.949949	
1097	-108.499994	159.408564	
1098	-108.747427	156.410044	
1099	-108.468654	154.690245	
1100	-107.532010	156.600715	
1101	-107.933537	155.662771	
1102	-108.333566	154.590199	
1103	-108.394170	154.162331	
1104	-107.118380	152.761088	
1105	-106.050586	152.688336	
1106	-106.964366	152.277050	
1107	-107.804073	152.173596	
1108	-106.930311	151.701584	
1109	-106.900226	150.531863	
1110	-106.691033	149.289816	
1111	-108.494256	154.344166	
1112	-108.689103	154.541244	
1113	-106.920079	148.594639	
1114	-107.474961	149.777992	
1115	-106.206193	147.526011	
1116	-106.065969	146.868517	
1117	-105.421207	146.954007	
1118	-105.117921	146.231576	
1119	-105.220013	145.595871	
1120	-104.509493	142.644355	
1121	-104.088720	140.409663	
1122	-103.362053	136.244497	
1123	-103.079454	134.719323	
1124	-102.946612	133.307994	
1125	-103.092326	133.349356	
1126	-102.339642	132.524410	
1127	-102.061369	130.978856	
1128	-101.690392	128.132602	
1129	-100.776641	124.278841	
1130	-100.315217	124.314975	
1131	-101.827343	128.244138	
1132	-100.763806	124.968323	
1133	-98.521692	118.567065	
1134	-97.656193	115.637083	
1135	-99.728720	119.446435	
1136	-99.056041	118.802510	
1137	-94.577110	106.492214	
1138	-95.147828	107.267294	
1139	-93.676180	103.281518	
1140	-94.781423	107.465906	
1141	-94.964648	106.655498	
1142	-91.861260	96.605598	
1143	-91.721641	95.906666	
1144	-89.945170	89.811449	
1145	-89.411033	87.795896	
1146	-89.391060	87.921149	
1147	-88.880713	86.172253	
1148	-88.074815	83.585473	
1149	-87.554427	81.866627	
1150	-87.899220	83.099348	
1151	-87.590126	82.488159	
1152	-86.132721	77.698876	
1153	-85.401093	75.883787	
1154	-85.187673	75.233636	
1155	-83.321929	69.874083	
1156	-85.739715	77.197555	
1157	-87.546446	82.380390	
1158	-83.220093	69.084048	
1159	-82.487393	67.433541	
1160	-84.506467	72.102822	
1161	-82.534625	65.704531	
1162	-79.924042	60.057773	
1163	-79.146077	61.987359	
1164	-81.273893	68.247076	
1165	-81.613951	68.683360	
1166	-79.403219	64.024198	
1167	-84.066514	73.067864	
1168	-84.948674	75.278834	
1169	-77.811027	61.892301	
1170	NaN	NaN	
1171	NaN	NaN	
1172	NaN	NaN	
1173	NaN	NaN	
1174	NaN	NaN	
1175	NaN	NaN	
1176	NaN	NaN	
1177	NaN	NaN	
1178	NaN	NaN	
1179	-79.394949	55.498931	
1180	-78.108494	59.961166	
1181	-79.147022	62.617070	
1182	-78.527073	59.570532	
1183	-77.410862	55.453982	
1184	-78.676541	59.486705	
1185	-77.772665	57.783957	
1186	NaN	NaN	
1187	NaN	NaN	
1188	NaN	NaN	
1189	NaN	NaN	
1190	NaN	NaN	
1191	NaN	NaN	
1192	NaN	NaN	
1193	NaN	NaN	
1194	NaN	NaN	
1195	NaN	NaN	
1196	NaN	NaN	
1197	NaN	NaN	
1198	NaN	NaN	
1199	NaN	NaN	
1200	NaN	NaN	
1201	NaN	NaN	
1202	NaN	NaN	
1203	NaN	NaN	
1204	NaN	NaN	
1205	NaN	NaN	
1206	NaN	NaN	
1207	NaN	NaN	
1208	NaN	NaN	
1209	NaN	NaN	
1210	NaN	NaN	
1211	NaN	NaN	
1212	NaN	NaN	
1213	NaN	NaN	
1214	NaN	NaN	
1215	NaN	NaN	
1216	NaN	NaN	
1217	NaN	NaN	
1218	NaN	NaN	
1219	NaN	NaN	
1220	NaN	NaN	
1221	NaN	NaN	
1222	NaN	NaN	
1223	NaN	NaN	
1224	NaN	NaN	
1225	NaN	NaN	
1226	NaN	NaN	
1227	NaN	NaN	
1228	NaN	NaN	
1229	NaN	NaN	
1230	NaN	NaN	
1231	NaN	NaN	
1232	NaN	NaN	
1233	NaN	NaN	
1234	NaN	NaN	
1235	NaN	NaN	
1236	NaN	NaN	
1237	-76.621640	45.179128	
1238	-77.778637	45.261638	
1239	-77.316619	42.513338	
1240	-76.753850	41.690449	
1241	-77.014687	41.540605	
1242	NaN	NaN	
1243	NaN	NaN	
1244	NaN	NaN	
1245	NaN	NaN	
1246	NaN	NaN	
1247	NaN	NaN	
1248	NaN	NaN	
1249	NaN	NaN	
1250	NaN	NaN	
1251	NaN	NaN	
1252	NaN	NaN	
1253	NaN	NaN	
1254	NaN	NaN	
1255	NaN	NaN	
1256	NaN	NaN	
1257	NaN	NaN	
1258	NaN	NaN	
1259	NaN	NaN	
1260	NaN	NaN	
1261	NaN	NaN	
1262	NaN	NaN	
1263	NaN	NaN	
1264	NaN	NaN	
1265	NaN	NaN	
1266	NaN	NaN	
1267	NaN	NaN	
1268	NaN	NaN	
1269	NaN	NaN	
1270	NaN	NaN	
1271	NaN	NaN	
1272	NaN	NaN	
1273	NaN	NaN	
1274	NaN	NaN	
1275	NaN	NaN	
1276	NaN	NaN	
1277	NaN	NaN	
1278	NaN	NaN	
1279	NaN	NaN	
1280	NaN	NaN	
1281	NaN	NaN	
1282	NaN	NaN	
1283	NaN	NaN	
1284	NaN	NaN	
1285	NaN	NaN	
1286	NaN	NaN	
1287	NaN	NaN	
1288	NaN	NaN	
1289	NaN	NaN	
1290	NaN	NaN	
1291	NaN	NaN	
1292	NaN	NaN	
1293	NaN	NaN	
1294	NaN	NaN	
1295	NaN	NaN	
1296	NaN	NaN	
1297	NaN	NaN	
1298	NaN	NaN	
1299	NaN	NaN	
1300	NaN	NaN	
1301	NaN	NaN	
1302	NaN	NaN	
1303	NaN	NaN	
1304	NaN	NaN	
1305	NaN	NaN	
1306	NaN	NaN	
1307	NaN	NaN	
1308	NaN	NaN	
1309	NaN	NaN	
1310	NaN	NaN	
1311	NaN	NaN	
1312	NaN	NaN	
1313	NaN	NaN	
1314	NaN	NaN	
1315	NaN	NaN	
1316	NaN	NaN	
1317	NaN	NaN	
1318	NaN	NaN	
1319	NaN	NaN	
1320	NaN	NaN	
1321	NaN	NaN	
1322	NaN	NaN	
1323	NaN	NaN	
1324	NaN	NaN	
1325	NaN	NaN	
1326	NaN	NaN	
1327	NaN	NaN	
1328	NaN	NaN	
1329	NaN	NaN	
1330	NaN	NaN	
1331	NaN	NaN	
1332	NaN	NaN	
1333	NaN	NaN	
1334	NaN	NaN	
1335	NaN	NaN	
1336	NaN	NaN	
1337	NaN	NaN	
1338	NaN	NaN	
1339	NaN	NaN	
1340	NaN	NaN	
1341	NaN	NaN	
1342	NaN	NaN	
1343	NaN	NaN	
1344	NaN	NaN	
1345	NaN	NaN	
1346	NaN	NaN	
1347	NaN	NaN	
1348	NaN	NaN	
1349	NaN	NaN	
1350	NaN	NaN	
1351	NaN	NaN	
1352	NaN	NaN	
1353	NaN	NaN	
1354	NaN	NaN	
1355	NaN	NaN	
1356	NaN	NaN	
1357	NaN	NaN	
1358	NaN	NaN	
1359	NaN	NaN	
1360	NaN	NaN	
1361	NaN	NaN	
1362	NaN	NaN	
1363	NaN	NaN	
1364	NaN	NaN	
1365	NaN	NaN	
1366	NaN	NaN	
1367	NaN	NaN	
1368	NaN	NaN	
1369	NaN	NaN	
1370	NaN	NaN	
1371	NaN	NaN	
1372	NaN	NaN	
1373	NaN	NaN	
1374	NaN	NaN	
1375	NaN	NaN	
1376	NaN	NaN	
1377	NaN	NaN	
1378	NaN	NaN	
1379	NaN	NaN	
1380	NaN	NaN	
1381	NaN	NaN	
1382	NaN	NaN	
1383	NaN	NaN	
1384	NaN	NaN	
1385	NaN	NaN	
1386	NaN	NaN	
1387	NaN	NaN	
1388	NaN	NaN	
1389	NaN	NaN	
1390	NaN	NaN	
1391	NaN	NaN	
1392	NaN	NaN	
1393	NaN	NaN	
1394	NaN	NaN	
1395	NaN	NaN	
1396	NaN	NaN	
1397	NaN	NaN	
1398	NaN	NaN	
1399	NaN	NaN	
1400	NaN	NaN	
1401	NaN	NaN	
1402	NaN	NaN	
1403	NaN	NaN	
1404	NaN	NaN	
1405	NaN	NaN	
1406	NaN	NaN	
1407	NaN	NaN	
1408	NaN	NaN	
1409	NaN	NaN	
1410	NaN	NaN	
1411	NaN	NaN	
1412	NaN	NaN	
1413	NaN	NaN	
1414	NaN	NaN	
1415	NaN	NaN	
1416	NaN	NaN	
1417	NaN	NaN	
1418	NaN	NaN	
1419	NaN	NaN	
1420	NaN	NaN	
1421	NaN	NaN	
1422	NaN	NaN	
1423	NaN	NaN	
1424	NaN	NaN	
1425	NaN	NaN	
1426	NaN	NaN	
1427	NaN	NaN	
1428	NaN	NaN	
1429	NaN	NaN	
1430	NaN	NaN	
1431	NaN	NaN	
1432	NaN	NaN	
1433	NaN	NaN	
1434	NaN	NaN	
1435	NaN	NaN	
