Athlete_Engineering	// User ID
11-2-2021	// Evaluation date
P014_Walk5	30-1-2021	14:02:36:656	// Source file name and timestamp
250.000	// Sampling rate
5.922	// Data capture period



Sample #	Right_Leg_Flexion	Right_Leg_Abduction	
0	-97.172602	119.403159	
1	-97.116158	119.626528	
2	-97.021611	119.241908	
3	-97.123717	119.679529	
4	-97.197797	119.649140	
5	-97.368077	120.437434	
6	-97.232682	119.766572	
7	-97.259297	120.228817	
8	-97.104058	119.545288	
9	-97.288474	119.900012	
10	-97.242918	119.989403	
11	-97.215778	120.372339	
12	-97.194523	119.989623	
13	-97.130321	119.737715	
14	-97.236471	120.153366	
15	-97.359117	120.334017	
16	-97.299984	120.273939	
17	-97.441978	120.971664	
18	-97.491651	120.999358	
19	-97.509824	121.102405	
20	-97.643506	121.460939	
21	-97.507521	120.993468	
22	-97.798566	122.159375	
23	-98.191355	123.314923	
24	-97.556229	121.106435	
25	-97.792675	121.905893	
26	-97.839690	121.998935	
27	-97.860010	122.399639	
28	-97.774592	121.868018	
29	-97.739325	121.699472	
30	-97.605399	121.229980	
31	-97.569470	121.180574	
32	-97.450634	121.007087	
33	-97.407240	120.310396	
34	-97.494788	120.408532	
35	-97.431540	120.497807	
36	-96.913861	118.364984	
37	-97.227413	119.718825	
38	-97.178765	119.501925	
39	-97.216676	119.629705	
40	-97.201704	119.461434	
41	-97.207683	119.607366	
42	-97.476048	120.103957	
43	-97.213879	119.772672	
44	-97.383294	120.049650	
45	-97.730678	120.882877	
46	-97.832513	121.413152	
47	-97.903478	121.973331	
48	-97.810965	121.781845	
49	-97.835650	121.486197	
50	-96.809782	117.969320	
51	-97.292305	120.002151	
52	-97.197039	119.849208	
53	-97.698526	121.036803	
54	-97.054734	119.070592	
55	-97.188215	119.559867	
56	-97.289221	120.252145	
57	-97.412135	120.923915	
58	-97.507019	121.151578	
59	-97.503250	121.275034	
60	-97.211344	120.036452	
61	-96.826178	117.855575	
62	-97.206983	119.783678	
63	-96.648504	117.688624	
64	-97.211999	119.748726	
65	-97.262573	119.890482	
66	-96.862795	118.915665	
67	-96.807589	118.690859	
68	-96.773520	121.966146	
69	-97.059309	120.613187	
70	-97.172720	121.497232	
71	NaN	NaN	
72	-98.334017	117.205567	
73	-98.452735	117.753805	
74	-97.293302	119.375868	
75	-97.356079	119.580253	
76	-97.110986	118.819639	
77	-97.198742	119.052382	
78	-97.411033	119.338099	
79	-97.521836	119.049013	
80	-97.611401	119.379939	
81	-97.834247	120.308607	
82	-97.880084	120.548105	
83	-97.758688	120.080850	
84	-97.305108	118.749800	
85	-97.737417	120.954266	
86	-97.709249	120.920746	
87	-97.662968	120.714068	
88	-97.492840	119.844909	
89	-97.537599	120.154954	
90	-97.554146	120.806765	
91	-97.671935	120.820916	
92	-97.769000	121.090966	
93	-97.705497	120.967658	
94	-97.662081	121.108388	
95	-97.644572	121.018224	
96	-97.255025	118.907902	
97	-97.336265	119.204150	
98	-97.872817	121.063034	
99	-97.740530	120.418972	
100	-97.746181	120.642994	
101	-97.985288	121.157727	
102	-98.117607	121.574019	
103	-98.129966	121.365003	
104	-98.380980	122.434462	
105	-98.785146	124.296021	
106	-98.705107	123.826553	
107	-98.676720	123.872708	
108	-98.784398	124.027199	
109	-98.742622	124.175193	
110	-99.028483	124.834596	
111	-98.604564	123.793546	
112	-98.848247	124.182271	
113	-99.310484	124.007850	
114	-98.882978	123.642226	
115	-98.821899	123.444461	
116	-99.143810	123.027708	
117	-98.766311	122.904857	
118	-98.834377	123.105153	
119	-98.904324	122.403653	
120	-99.283640	121.352340	
121	-99.098591	120.897934	
122	-98.874963	121.042155	
123	-98.894178	121.040173	
124	-99.015496	121.324043	
125	-99.164362	121.895760	
126	-99.282889	122.017387	
127	-99.232067	121.957148	
128	-99.268302	122.530701	
129	-99.267216	122.515976	
130	-99.520034	121.614196	
131	-99.468406	121.923073	
132	-99.289409	122.185222	
133	-99.268319	122.080100	
134	-99.124048	121.922584	
135	-98.954737	121.426711	
136	-98.943618	121.830052	
137	-98.933636	121.242277	
138	-98.869036	121.105268	
139	-98.786490	120.666501	
140	-98.755358	120.664444	
141	-98.677941	120.816424	
142	-98.532715	119.115663	
143	-98.381650	118.250561	
144	-98.426445	118.217195	
145	-98.367677	117.682017	
146	-98.352945	117.424974	
147	-98.336248	116.972946	
148	-98.348342	116.887955	
149	-98.387793	116.888075	
150	-98.358326	116.897537	
151	-98.401005	117.268604	
152	-98.456743	117.419179	
153	-98.306929	116.685194	
154	-98.434969	117.145031	
155	-98.680672	117.829761	
156	-98.274585	117.927068	
157	-98.343223	118.381397	
158	-98.396346	118.225277	
159	-98.372515	118.414460	
160	-98.262960	117.330824	
161	-98.294960	116.914352	
162	-97.871512	117.214234	
163	-97.643596	117.210058	
164	-97.770457	117.090721	
165	-98.321135	117.360100	
166	-98.307371	117.773000	
167	-98.061440	116.768011	
168	-97.893485	115.657544	
169	-97.649834	115.723112	
170	-97.269232	114.992946	
171	-97.725115	116.821044	
172	-97.308457	113.828480	
173	-97.531169	114.168020	
174	-97.371246	114.085583	
175	-97.274857	113.353127	
176	-96.800503	111.764715	
177	-97.017992	111.863411	
178	-97.613295	113.643180	
179	-97.510535	113.032683	
180	-97.489535	112.886329	
181	-97.101043	112.321471	
182	-95.961113	109.698275	
183	-96.498874	110.804781	
184	-96.621307	111.838513	
185	-96.857045	112.125543	
186	-96.997188	112.142910	
187	-96.513223	110.683726	
188	-95.949568	108.959227	
189	-96.313408	110.339503	
190	-96.290283	110.132803	
191	-96.048463	109.129030	
192	-95.985033	109.453222	
193	-95.396337	107.467336	
194	-94.900592	105.710950	
195	-95.114990	106.299830	
196	-94.839703	105.122066	
197	-94.653567	104.938429	
198	-94.346674	103.904988	
199	-93.595973	101.654291	
200	-93.244806	100.225640	
201	-93.559329	100.874238	
202	-92.506790	98.007893	
203	-92.908653	98.930166	
204	-92.179026	96.305373	
205	-91.984668	95.948599	
206	-91.488177	94.632911	
207	-91.361036	94.210258	
208	-91.131953	93.539504	
209	-90.877682	92.672519	
210	-90.851448	92.460228	
211	-90.640788	91.825894	
212	-89.932975	89.803744	
213	-89.528632	88.650477	
214	-89.649246	88.980536	
215	-89.419805	88.337234	
216	-88.887931	86.795285	
217	-88.590601	85.928325	
218	-88.592264	86.101576	
219	-88.193131	84.985113	
220	-87.779606	83.875950	
221	-87.347747	82.839069	
222	-86.490521	80.728769	
223	-86.455214	80.671598	
224	-86.097043	79.505276	
225	-85.701388	78.418342	
226	-85.582076	78.034638	
227	-85.267354	77.011121	
228	-85.029451	76.434350	
229	-84.780198	76.205369	
230	-84.270686	74.778966	
231	-83.572549	72.490505	
232	-83.161449	71.702097	
233	-82.942335	70.911598	
234	-82.913589	70.769736	
235	-82.858415	70.682733	
236	-82.546140	69.755581	
237	-82.089443	68.735341	
238	-81.635016	67.737996	
239	-81.570163	67.485201	
240	-81.432962	66.478218	
241	-80.971036	65.936808	
242	-80.619402	65.865724	
243	-80.787904	65.955472	
244	-80.392685	65.305558	
245	-80.463260	65.527318	
246	-79.638541	63.075902	
247	-78.903329	61.736378	
248	-79.196070	62.210510	
249	-79.042692	61.912671	
250	-78.947860	61.800902	
251	-79.247874	61.562032	
252	-78.663692	60.018200	
253	-78.296216	59.405664	
254	-77.771672	58.148031	
255	-78.320284	59.903077	
256	-78.258424	60.221802	
257	-78.078792	59.929967	
258	-77.883778	59.348825	
259	-77.842865	59.142945	
260	-77.614355	58.360497	
261	-77.521640	57.747685	
262	-77.343209	57.931770	
263	-77.415459	58.380203	
264	-77.386659	57.220136	
265	-76.780633	55.615924	
266	-76.774574	54.813056	
267	-77.084773	55.684597	
268	-75.631107	53.102503	
269	-74.480697	50.356643	
270	-75.121578	50.635198	
271	-75.299896	51.061492	
272	-75.427644	50.918419	
273	-75.164746	49.807412	
274	-75.405172	50.785146	
275	-74.189549	48.182305	
276	-74.062844	47.797026	
277	-74.356744	48.193627	
278	-74.004976	47.829662	
279	-73.434549	47.299823	
280	-73.975194	47.202550	
281	-74.817628	48.543753	
282	-73.769532	46.456174	
283	-72.792355	46.334833	
284	-73.500403	46.694295	
285	-74.097457	47.893524	
286	-72.952126	45.557437	
287	-73.880929	46.517560	
288	-72.600617	44.614517	
289	-71.210497	44.479543	
290	-72.013331	43.075012	
291	-72.139441	43.452495	
292	-71.817654	44.549671	
293	-71.752890	43.602855	
294	-71.531805	41.917635	
295	-71.338288	41.689602	
296	-71.878641	43.144638	
297	-71.502698	42.131671	
298	-71.535923	41.624701	
299	-70.252183	40.656837	
300	-71.362960	40.701122	
301	-71.856586	40.022661	
302	-70.567597	41.008209	
303	-70.271558	39.977571	
304	-70.208348	39.571062	
305	-70.310457	40.924507	
306	-68.900821	38.758258	
307	-70.915898	40.416616	
308	-70.043814	37.800915	
309	-68.996576	34.388427	
310	-70.744058	37.461516	
311	-70.998468	35.604060	
312	-70.595001	35.442842	
313	-70.369847	38.470277	
314	-70.619728	37.566553	
315	-70.181980	34.803143	
316	-69.486284	34.094653	
317	-70.524543	34.011940	
318	-71.907401	36.326612	
319	-69.915415	31.920743	
320	-69.342183	32.843486	
321	-69.422545	31.415621	
322	-70.625628	32.576358	
323	-72.098516	33.995618	
324	-72.095945	32.723169	
325	-72.265627	32.472232	
326	-70.082391	31.191477	
327	-69.345507	31.164089	
328	-70.441076	31.726512	
329	-72.908976	34.504151	
330	-72.411754	33.065938	
331	-72.468254	32.059403	
332	-72.385682	30.703382	
333	-71.331441	29.461652	
334	-72.596456	35.879715	
335	-72.232626	32.183082	
336	-71.834120	29.930961	
337	-72.289526	33.296668	
338	-72.793644	35.907417	
339	-72.431672	31.158826	
340	-72.743597	33.222766	
341	-72.478265	34.166120	
342	-72.513192	34.109033	
343	-73.309201	32.265199	
344	-72.781266	37.253927	
345	-73.476775	36.681265	
346	-74.031219	35.593661	
347	-74.710003	38.821595	
348	-75.941580	42.636593	
349	-76.270332	43.000244	
350	-75.784356	41.038905	
351	-75.883067	40.389202	
352	-77.179841	46.428177	
353	-76.447398	45.111245	
354	-76.132965	44.022796	
355	-76.823956	46.889547	
356	-76.764826	46.297531	
357	-76.141170	44.547938	
358	-77.250171	46.477538	
359	-78.055080	47.159483	
360	-77.183908	45.775780	
361	-77.924901	46.933175	
362	-78.913427	49.403979	
363	-78.342465	47.666113	
364	-79.182999	48.271632	
365	-77.911870	46.426649	
366	-80.263696	52.013319	
367	-79.451717	49.386463	
368	-79.912496	51.430829	
369	-79.035525	50.259585	
370	-80.893409	54.712794	
371	-80.507397	53.959511	
372	-80.588895	57.120331	
373	-80.197318	53.430216	
374	-80.800302	48.198825	
375	-81.939918	52.000128	
376	-81.195846	55.909517	
377	-79.903000	54.205879	
378	-80.561070	54.915601	
379	-80.660635	55.417943	
380	-81.853322	59.558905	
381	-83.421845	63.227144	
382	-82.958225	62.092223	
383	-82.563471	60.827465	
384	-83.656381	62.898492	
385	-82.766039	60.171596	
386	-84.822389	67.182428	
387	-84.116392	63.689460	
388	-83.747684	61.916694	
389	-85.207933	66.383281	
390	-85.180081	66.595401	
391	-85.248484	65.684824	
392	-84.789123	63.515834	
393	-86.155892	68.774301	
394	-86.840453	71.385988	
395	-87.056695	72.699108	
396	-87.367414	73.667381	
397	-87.176484	72.035229	
398	-87.044848	70.747146	
399	-88.285941	78.111436	
400	-86.839139	69.528713	
401	-87.627793	74.102254	
402	-88.565386	80.171182	
403	-89.829618	88.825322	
404	-88.632797	81.697087	
405	-89.742266	88.213261	
406	-92.020665	104.647331	
407	-91.787733	102.630426	
408	-92.047921	104.887155	
409	-92.949814	110.478006	
410	-92.820115	109.047489	
411	-93.262174	112.430095	
412	-93.317482	112.396984	
413	-93.210563	110.323566	
414	-92.408349	104.341733	
415	-92.199569	104.775677	
416	-93.940591	117.142217	
417	-93.714478	115.031407	
418	-93.816172	115.232684	
419	-93.047002	109.954146	
420	-95.125624	123.187355	
421	-95.179897	123.356028	
422	-94.711376	120.249607	
423	-93.314351	112.558319	
424	-93.347442	112.569250	
425	-93.850311	114.333043	
426	-95.903904	125.870813	
427	-95.781619	125.802325	
428	-95.668765	124.637302	
429	-94.031851	115.932266	
430	-94.211776	116.526284	
431	-96.069812	127.442239	
432	-96.211198	126.608753	
433	-96.568062	128.614909	
434	-96.411503	128.455652	
435	-95.045932	122.309540	
436	-95.220367	123.615786	
437	-95.343907	125.598222	
438	-95.586725	126.576170	
439	-94.423451	118.590909	
440	-95.107343	125.275571	
441	-100.793810	146.589957	
442	-98.472086	140.226568	
443	-98.496712	143.569429	
444	-97.667511	140.232670	
445	-101.418167	149.724786	
446	-98.848678	144.956896	
447	-99.530038	147.347679	
448	-99.691516	148.079300	
449	-99.222866	143.975536	
450	-99.307511	145.474870	
451	-100.475430	151.340591	
452	-99.617338	150.442860	
453	-97.757690	145.873175	
454	-98.106100	145.322889	
455	-97.388102	144.164230	
456	-98.099399	144.582382	
457	-97.291893	141.515747	
458	-95.781578	132.739237	
459	-97.929862	141.321152	
460	-98.341199	144.621237	
461	-98.718093	146.345835	
462	-98.312311	145.277920	
463	-101.140811	148.560760	
464	-98.585817	143.304262	
465	-98.877256	144.564991	
466	-99.758446	145.094588	
467	-101.247827	147.385709	
468	-100.016669	144.436867	
469	-102.382392	151.178852	
470	-99.788038	147.195618	
471	-100.907959	148.298817	
472	-102.099774	147.439484	
473	-98.413712	138.491251	
474	-101.060253	152.611898	
475	-101.014449	151.246358	
476	-102.117824	153.874542	
477	-103.591260	152.675832	
478	-101.482183	148.851057	
479	-102.684453	157.732381	
480	-103.774839	153.423269	
481	-102.913130	152.910439	
482	-104.748512	160.927121	
483	-102.172928	154.468549	
484	-102.360067	151.431168	
485	-106.384012	161.067783	
486	-103.045248	158.207986	
487	-104.877317	159.528683	
488	-106.269217	160.618858	
489	-104.067715	158.649461	
490	-104.756727	158.487733	
491	-105.068682	158.445424	
492	-104.328594	159.143369	
493	-101.955881	151.796140	
494	-103.154963	153.515334	
495	-105.694947	158.453434	
496	-106.643942	160.225890	
497	-103.492410	158.686667	
498	-106.699550	165.385866	
499	-106.504083	166.107982	
500	-106.216522	163.401357	
501	-105.361610	161.253047	
502	-106.311423	168.270190	
503	-106.822656	168.185379	
504	-107.839015	167.191975	
505	-105.582224	164.007583	
506	-107.828717	171.377667	
507	-107.663327	171.649683	
508	-107.714439	168.171301	
509	-107.995770	168.990019	
510	-109.113096	170.482448	
511	-107.512009	168.900531	
512	-104.344964	166.609742	
513	-102.528389	159.177840	
514	-104.469485	164.940896	
515	-105.182151	166.934323	
516	-105.417118	166.988491	
517	-105.458510	165.063655	
518	-104.712843	165.257347	
519	-106.670892	167.831589	
520	-112.375805	166.737501	
521	-112.047113	166.180416	
522	-111.962794	167.672557	
523	-110.430814	164.336352	
524	-110.988738	165.093311	
525	-112.243894	167.284174	
526	-111.258966	166.090373	
527	-110.125990	162.309750	
528	-110.755526	162.963287	
529	-111.654922	164.526672	
530	-110.756438	164.079146	
531	-109.516635	160.750416	
532	-109.556670	161.567889	
533	-106.057247	159.747973	
534	-105.331497	158.929018	
535	-109.602201	161.367660	
536	-103.854971	155.830695	
537	-104.610676	155.897767	
538	-106.206440	157.109536	
539	-108.666794	158.825517	
540	-108.081305	157.694608	
541	-107.235071	160.333795	
542	-105.702691	158.205269	
543	-106.700686	158.128574	
544	-106.318363	156.801163	
545	-106.677354	156.403292	
546	-106.941095	154.303978	
547	-98.912019	136.227787	
548	-106.464300	153.148976	
549	-103.211048	148.215315	
550	-103.727731	143.905416	
551	-99.200219	127.331645	
552	-98.280869	126.846135	
553	-106.024563	143.967139	
554	-97.137099	122.738110	
555	-110.662530	146.891554	
556	-101.993798	135.431285	
557	-100.585891	126.499962	
558	-98.672242	120.634336	
559	-95.837390	111.759869	
560	-98.976926	122.033091	
561	-100.633751	127.786386	
562	-101.287665	128.110762	
563	-95.667006	111.596923	
564	-94.516781	107.355361	
565	-97.829265	118.227323	
566	-100.807588	126.864141	
567	-98.825660	120.453650	
568	-95.939708	111.258311	
569	-90.632956	92.455281	
570	-92.706436	100.641438	
571	-93.297253	102.685163	
572	-93.629439	103.294715	
573	-94.065828	105.818763	
574	-90.274165	91.016198	
575	-90.006038	90.022206	
576	-84.340812	69.847853	
577	-86.571649	77.494832	
578	-92.448635	98.405514	
579	-92.144093	97.095842	
580	-88.712918	85.486719	
581	-86.059268	77.328551	
582	-87.869064	82.970008	
583	-88.632456	85.236003	
584	-81.553028	65.620640	
585	-87.042581	80.210989	
586	-85.026006	74.367080	
587	-84.414212	73.265004	
588	-86.849810	79.858845	
589	-83.583834	70.638068	
590	-84.163613	72.133017	
591	-86.384993	77.848163	
592	-82.001096	64.332552	
593	-83.555798	69.270447	
594	-83.127079	67.708071	
595	-81.747772	63.964651	
596	-77.745546	56.312813	
597	-78.994791	57.588590	
598	-84.358515	71.831570	
599	-82.056780	64.942898	
600	-77.996158	55.169615	
601	-79.288456	54.613431	
602	-79.578457	52.928294	
603	-81.664748	59.293828	
604	-82.783449	62.195332	
605	-80.565658	56.553582	
606	-76.454884	49.826544	
607	-79.523771	54.401084	
608	-76.611550	49.576841	
609	-77.627333	50.771859	
610	-78.710630	51.565241	
611	-77.194012	48.622012	
612	-77.649137	49.578857	
613	-74.368351	43.883410	
614	-77.210239	47.029540	
615	-78.940913	51.543585	
616	-79.295555	52.341073	
617	-76.356698	46.324329	
618	-77.018572	45.777854	
619	-77.184115	46.055736	
620	-75.944911	44.079341	
621	-77.130348	46.649295	
622	-79.474479	53.173776	
623	-76.475245	46.641674	
624	-75.679349	42.577477	
625	-77.922948	48.554808	
626	-78.187432	49.432089	
627	-75.983304	43.332481	
628	-77.225049	43.561339	
629	-78.166831	48.870712	
630	-76.319097	44.280977	
631	-77.669437	46.396372	
632	-80.349276	52.333191	
633	-76.371926	45.487911	
634	-76.105623	44.563123	
635	-76.142535	44.634513	
636	-75.838516	45.256614	
637	-75.908467	45.139945	
638	-76.338986	43.705659	
639	-78.107468	44.778420	
640	-73.467596	40.681958	
641	-75.282980	42.459631	
642	-75.640849	45.510916	
643	-77.123779	46.214677	
644	-74.923482	40.105407	
645	-75.420217	39.865871	
646	-78.844329	44.210194	
647	-79.133760	45.705283	
648	-76.425139	40.736559	
649	-80.656863	47.022421	
650	-80.118261	46.016153	
651	-76.818808	41.193999	
652	-73.611121	37.402445	
653	-74.061613	38.748028	
654	-75.087532	39.024938	
655	-78.151686	42.064465	
656	-77.078497	40.946276	
657	-76.048551	41.176709	
658	-73.543924	40.642777	
659	-74.383186	40.270868	
660	-77.350383	41.427562	
661	-74.161074	36.555002	
662	-73.594658	36.578678	
663	-75.191499	36.285105	
664	-75.463327	35.829950	
665	-74.797445	33.149913	
666	-73.512200	33.596521	
667	-72.287162	31.853409	
668	-77.691125	33.208216	
669	-74.861360	30.034673	
670	-73.542044	30.614781	
671	-72.740858	32.091204	
672	-79.208121	38.323920	
673	-75.704818	35.669471	
674	-76.828935	38.746854	
675	-79.850406	43.536380	
676	-77.520026	42.547130	
677	-79.519913	47.690307	
678	-76.073575	41.700551	
679	-75.034010	42.834943	
680	-81.383819	52.354568	
681	-79.627100	49.395452	
682	-75.088693	44.832431	
683	-79.233827	51.550564	
684	-82.530110	60.511863	
685	-78.336886	51.170944	
686	-84.888307	66.416022	
687	-84.172784	64.311558	
688	-84.614274	66.618734	
689	-84.515252	66.499917	
690	-84.559608	67.455209	
691	-84.038621	65.345632	
692	-83.937061	64.838346	
693	-84.082727	64.488225	
694	-81.593576	57.326614	
695	-79.897515	54.902427	
696	-84.578040	65.434903	
697	-83.282056	60.874197	
698	-84.024555	63.020084	
699	-83.367785	62.406084	
700	-84.073503	57.268019	
701	-83.581912	57.272232	
702	-85.394241	63.356916	
703	-84.769950	64.053016	
704	-84.526002	63.340701	
705	-85.070986	67.525126	
706	-84.682369	66.693729	
707	-84.058021	64.995598	
708	-85.799990	72.683624	
709	-86.186990	75.099261	
710	-85.737858	74.952799	
711	-87.690035	82.307783	
712	-91.718763	96.505131	
713	-86.727474	78.884590	
714	-87.087357	80.047919	
715	-88.361774	84.552291	
716	-87.958137	83.107080	
717	-87.436101	81.612745	
718	-89.633436	88.750746	
719	-88.411216	84.556822	
720	-84.610247	71.648583	
721	-90.968597	93.687669	
722	-79.347899	56.271394	
723	-71.131375	39.708798	
724	-89.497311	87.810841	
725	-90.267309	91.383168	
726	-86.981712	76.622369	
727	-89.988806	89.943531	
728	-79.447314	50.101654	
729	-83.135967	57.523848	
730	-93.904739	113.663067	
731	-92.372433	103.782474	
732	-85.606228	68.098081	
733	-90.019070	90.107638	
734	-93.486559	111.918342	
735	-94.558425	117.240882	
736	-100.530962	148.028082	
737	-93.167117	108.053312	
738	-89.097306	84.785965	
739	-86.593535	72.466842	
740	-88.232195	79.229467	
741	-94.586343	118.923335	
742	-92.896960	106.889431	
743	-95.814293	121.622159	
744	-84.152524	62.055499	
745	-93.347678	108.483192	
746	-95.543933	116.262333	
747	-88.999239	85.185779	
748	-93.151995	106.289028	
749	-99.084497	130.718982	
750	-98.544219	126.354731	
751	-91.574907	97.308562	
752	-92.168458	99.731082	
753	-94.650944	111.256579	
754	-102.131865	132.971983	
755	-100.299949	131.468970	
756	-98.167584	125.765893	
757	-97.926910	122.683695	
758	-98.580057	125.781167	
759	-99.960445	129.726950	
760	-97.277388	122.392266	
761	-95.034672	114.238907	
762	-100.087882	130.364865	
763	-97.356485	121.593250	
764	-96.616527	120.199636	
765	-102.467554	138.934950	
766	-94.168004	111.003399	
767	-95.774707	117.979626	
768	-97.621382	123.883365	
769	-100.620745	133.259857	
770	-102.002207	135.332247	
771	-103.459034	140.481896	
772	-96.928169	122.796022	
773	-100.121506	130.121096	
774	-95.119301	113.779841	
775	-96.983917	122.136940	
776	-93.938009	107.789821	
777	-97.975611	126.275393	
778	-101.182724	135.896374	
779	-95.794986	117.205161	
780	-99.556612	134.389942	
781	-101.942817	139.761850	
782	-100.168608	137.106509	
783	-106.014181	143.178757	
784	-100.487591	135.217968	
785	-96.677479	122.690874	
786	-97.939121	126.321788	
787	-98.485721	129.968728	
788	-97.794825	128.361842	
789	-99.192438	133.877239	
790	-102.246229	146.789745	
791	-98.452938	130.626637	
792	-97.445069	125.195971	
793	-101.958464	142.486077	
794	-106.685366	150.962152	
795	-100.888975	143.155322	
796	-109.800856	151.636450	
797	-102.724703	143.391497	
798	-99.197209	136.418299	
799	-100.348663	140.377004	
800	-98.179938	132.746262	
801	-102.097545	144.518851	
802	-106.411930	152.451937	
803	-100.511153	142.206595	
804	-100.621747	141.963077	
805	-102.818376	147.915099	
806	-109.496160	156.642079	
807	-105.705151	151.938171	
808	-103.794562	152.195295	
809	-110.675294	155.154622	
810	-104.019486	150.479019	
811	-111.730464	156.922774	
812	-104.637345	156.047801	
813	-111.418821	156.394127	
814	-102.005611	147.938376	
815	-102.417687	147.032238	
816	-96.184332	126.942927	
817	-110.006706	160.793450	
818	-109.257312	160.151680	
819	-108.479183	159.910019	
820	-105.322859	156.563349	
821	-109.454526	159.358942	
822	-104.256377	155.077861	
823	-112.837467	160.154847	
824	-115.163122	160.154446	
825	-108.321071	172.381566	
826	-109.032924	173.145131	
827	-105.491462	156.711850	
828	-106.828963	160.698057	
829	-108.089038	164.780890	
830	-116.087229	167.340553	
831	-114.402140	160.519747	
832	-105.289882	161.359720	
833	-105.195633	158.889062	
834	-104.407237	159.028779	
835	-108.158196	163.470721	
836	-118.319961	160.306727	
837	-114.543289	162.748829	
838	-103.512675	161.255924	
839	-109.075042	162.656332	
840	-115.878521	162.851064	
841	-108.813941	163.634457	
842	-116.931424	163.096747	
843	-104.004485	164.083229	
844	-108.558032	164.550033	
845	-110.391666	-176.772017	
846	-106.749608	150.386087	
847	-104.775563	124.352519	
848	-118.253584	-162.434702	
849	-96.657338	103.475830	
850	-101.134971	114.987879	
851	-121.846765	159.438706	
852	-108.662410	-162.525763	
853	-95.190978	-105.087083	
854	-94.542396	-102.332126	
855	-93.577684	-99.599109	
856	-117.563442	-170.446917	
857	-103.524752	-129.297297	
858	-119.045666	-170.695749	
859	-105.826243	-148.180878	
860	-95.961265	-111.377927	
861	-83.740096	-64.695995	
862	-84.156918	-64.642331	
863	-85.436150	-66.410237	
864	-99.754766	-141.734703	
865	-103.718749	-135.333489	
866	-112.341381	164.834214	
867	-90.506371	90.748855	
868	-113.480414	139.355094	
869	-87.553475	-80.238431	
870	-100.984856	-133.916436	
871	-108.180661	-160.642202	
872	-95.097328	-110.848315	
873	-85.496631	-75.893298	
874	-86.734307	-77.821655	
875	-80.220989	-34.593604	
876	-80.363002	-43.202953	
877	-80.196935	-39.879267	
878	-80.919722	-42.713577	
879	-100.254295	-124.010434	
880	-87.948810	-80.877727	
881	-79.479896	-40.595076	
882	-97.507644	-113.485287	
883	-91.357419	-102.153066	
884	-85.172467	-36.310151	
885	-77.294550	-9.436521	
886	-84.739200	11.415841	
887	-84.465852	26.258926	
888	-80.713074	24.665743	
889	-87.654497	45.588567	
890	-86.434034	-78.591506	
891	-79.549418	-61.022232	
892	-79.732408	-7.251636	
893	-93.322768	-100.910888	
894	-78.462472	-8.433113	
895	-84.241583	23.074708	
896	-78.474067	-55.742403	
897	-68.712295	-33.259136	
898	-74.345173	9.487726	
899	-84.119666	-47.327398	
900	-81.849273	62.783484	
901	-79.780564	57.121561	
902	-76.039432	53.621210	
903	-80.410889	55.962537	
904	-81.668306	47.032405	
905	-85.026558	72.387799	
906	-76.803579	51.663126	
907	-76.435296	50.151560	
908	-75.574830	48.166183	
909	-73.924171	45.323729	
910	-78.178302	52.868572	
911	-82.869870	61.075502	
912	-71.823668	19.419098	
913	-77.933183	34.763570	
914	-85.665979	57.195591	
915	-83.409258	39.998755	
916	-74.315936	-4.085463	
917	-81.594020	-11.942069	
918	-75.669686	-0.143843	
919	-81.422436	-3.002725	
920	-87.675573	74.369557	
921	-83.956005	63.017839	
922	-83.033059	65.708182	
923	-84.744933	-10.031195	
924	-82.725578	-26.524705	
925	-77.449825	17.486778	
926	-82.590188	-15.424884	
927	-84.243402	69.443121	
928	-80.585403	13.584018	
929	-79.080133	32.573989	
930	-66.866433	41.209876	
931	-59.341490	17.426834	
932	-73.550292	38.712276	
933	-74.558540	44.923522	
934	-70.376065	36.102060	
935	-78.331636	49.299264	
936	-73.688709	39.232882	
937	-67.898998	29.644374	
938	-68.714207	33.567867	
939	-75.860086	40.787448	
940	-70.395014	31.690141	
941	-78.077726	46.233427	
942	-75.690143	40.896542	
943	-73.341914	37.784837	
944	-75.921657	40.563288	
945	-69.632392	31.192215	
946	-68.537336	33.693387	
947	-75.845192	44.312439	
948	-74.639539	37.106088	
949	-67.601509	27.944883	
950	-77.309528	41.464111	
951	-78.501287	49.341279	
952	-80.557165	54.755456	
953	-69.630030	29.530140	
954	-70.853102	29.442206	
955	-74.894188	38.342171	
956	-69.493984	33.916423	
957	-76.180378	39.265395	
958	-86.424536	75.417914	
959	-69.092677	35.200020	
960	-72.192838	36.768464	
961	-82.233503	54.949256	
962	-81.639036	52.246409	
963	8.228206	-41.053598	
964	-67.420380	29.722865	
965	-79.219076	55.900992	
966	-73.650747	41.206198	
967	-74.246756	49.149432	
968	NaN	NaN	
969	-78.589881	45.079716	
970	-76.012418	43.476250	
971	-72.538815	39.715967	
972	-76.099236	42.682277	
973	-74.857261	39.353691	
974	NaN	NaN	
975	NaN	NaN	
976	NaN	NaN	
977	NaN	NaN	
978	NaN	NaN	
979	-78.144817	46.414046	
980	-81.818324	52.445273	
981	-72.935388	41.110662	
982	-73.654660	38.367773	
983	-72.889743	33.249464	
984	-73.508543	34.730842	
985	-73.059552	34.590232	
986	-75.726250	43.838931	
987	-74.051655	40.408251	
988	-74.186790	32.805398	
989	-74.012445	33.673205	
990	-76.641534	43.656816	
991	-74.305018	32.315528	
992	-75.814314	33.989918	
993	-74.426850	33.842197	
994	-76.742321	33.167630	
995	-79.101452	36.041066	
996	-75.080786	34.990150	
997	-72.907633	30.262766	
998	-73.122963	31.448545	
999	-75.238746	37.345833	
1000	-79.570944	43.528462	
1001	-81.623321	53.669990	
1002	-83.139843	58.174815	
1003	-80.814554	50.235532	
1004	-79.658368	44.176563	
1005	-76.063360	39.411577	
1006	-76.323980	37.540132	
1007	-79.360653	42.866717	
1008	-83.009470	51.031968	
1009	-78.071496	37.574236	
1010	-79.829792	40.700255	
1011	-78.526162	43.494862	
1012	-77.959861	40.937321	
1013	-84.863567	58.413266	
1014	-80.176515	45.810822	
1015	-83.437429	56.464347	
1016	-81.075053	51.328520	
1017	-78.260925	43.104499	
1018	-83.332692	57.127438	
1019	-81.854931	52.050851	
1020	-82.030612	52.799031	
1021	-82.873834	55.886489	
1022	-82.919627	55.227515	
1023	-83.073548	56.832854	
1024	-82.989024	53.410334	
1025	-82.898944	54.682353	
1026	-83.866637	57.501369	
1027	-82.577544	53.590459	
1028	-81.858060	52.302119	
1029	-80.898560	53.595020	
1030	-75.694339	41.720635	
1031	-78.585744	48.227293	
1032	-81.288610	59.365575	
1033	-86.596387	74.063176	
1034	-89.580603	87.997371	
1035	-90.598136	92.753106	
1036	-88.105700	82.378900	
1037	-79.682257	58.253207	
1038	-85.460772	73.485350	
1039	-81.342207	65.083029	
1040	-82.983181	66.610362	
1041	-87.851548	82.150159	
1042	-88.530740	84.731036	
1043	-90.557091	91.752312	
1044	-89.824534	89.339517	
1045	-90.287954	91.087197	
1046	-90.695359	92.830045	
1047	-91.334601	95.552656	
1048	-91.907381	97.733676	
1049	-92.444631	99.907271	
1050	-92.191231	100.347518	
1051	-92.211601	100.781347	
1052	-92.743751	103.643734	
1053	-91.386178	98.167906	
1054	-93.091625	109.039824	
1055	-92.826122	108.370716	
1056	-92.558396	104.851201	
1057	-92.592438	106.818832	
1058	-91.994672	104.210895	
1059	-93.589792	117.271910	
1060	-93.863365	115.054071	
1061	-94.476461	120.237655	
1062	-93.322718	112.736299	
1063	-92.955270	113.912344	
1064	-93.523537	121.359984	
1065	-93.874049	119.669546	
1066	-93.955543	119.657532	
1067	-94.324512	117.945915	
1068	-93.586500	116.304334	
1069	-94.621053	124.937694	
1070	-95.179744	124.494213	
1071	-95.148981	120.618192	
1072	-94.886301	119.894189	
1073	-95.895221	125.710752	
1074	-95.815547	124.737434	
1075	-95.060807	119.918528	
1076	-95.397298	121.119217	
1077	-96.039944	124.100004	
1078	-96.179557	125.063795	
1079	-95.879162	123.391063	
1080	-96.059000	124.226241	
1081	-96.357610	124.497167	
1082	-96.273876	128.838815	
1083	-97.454190	134.060381	
1084	-97.666579	133.598691	
1085	-97.654441	134.167546	
1086	-97.995839	139.176113	
1087	-99.378149	145.694212	
1088	-98.603087	139.362901	
1089	-98.871725	139.084289	
1090	-99.080189	142.358487	
1091	-100.152337	144.936132	
1092	-99.556557	142.259517	
1093	-99.628083	143.233664	
1094	-99.805222	144.991840	
1095	-99.173917	143.973835	
1096	-98.627756	141.427571	
1097	-99.944119	143.378487	
1098	-100.593679	144.507664	
1099	-99.609346	142.902468	
1100	-99.979647	144.029203	
1101	-99.745228	145.533260	
1102	-100.250011	145.531147	
1103	-99.718800	144.043817	
1104	-99.604271	145.526395	
1105	-100.096372	143.580285	
1106	-100.506270	145.697734	
1107	-101.274252	147.510405	
1108	-101.100385	146.524241	
1109	-100.844377	145.347948	
1110	-100.698990	146.455303	
1111	-100.964657	148.981746	
1112	-101.529253	147.616087	
1113	-102.063685	149.589315	
1114	-102.205828	150.161101	
1115	-101.816196	150.389018	
1116	-101.473423	156.888945	
1117	-102.237903	158.274191	
1118	-101.403421	155.792388	
1119	-102.170379	159.524136	
1120	-102.182770	154.621434	
1121	-103.761088	154.161231	
1122	-103.458098	162.021006	
1123	-103.496203	152.903686	
1124	-104.013197	155.446963	
1125	-104.782942	155.006421	
1126	-104.527621	156.518971	
1127	-103.940386	154.037842	
1128	-104.674124	157.056232	
1129	-104.835354	155.262680	
1130	-105.217650	155.939341	
1131	-106.132457	159.238251	
1132	-104.870771	156.070028	
1133	-105.888661	157.445865	
1134	-106.764337	162.806758	
1135	-105.357169	160.471836	
1136	-106.086992	157.488881	
1137	-107.259174	163.040047	
1138	-106.185323	167.507214	
1139	-105.756638	167.715555	
1140	-107.713953	164.947799	
1141	-107.378921	171.302072	
1142	-106.920041	165.741120	
1143	-108.824143	166.055498	
1144	-108.644700	168.482939	
1145	-107.162330	165.041166	
1146	-109.077300	169.130816	
1147	-109.141049	168.778966	
1148	-109.643522	171.830466	
1149	-110.109360	172.432562	
1150	-110.580305	173.367368	
1151	-111.428407	176.879339	
1152	-112.774915	-179.418496	
1153	-110.722000	173.982977	
1154	-111.421564	175.502781	
1155	-111.924427	174.525043	
1156	-109.587619	172.480423	
1157	-109.004879	171.527017	
1158	-112.178863	176.292972	
1159	-113.725241	177.892842	
1160	-113.253594	178.775591	
1161	-112.160259	177.920945	
1162	-110.810299	174.607027	
1163	-111.813887	176.240684	
1164	-110.995541	173.308126	
1165	-111.182422	175.041276	
1166	-111.523994	172.422600	
1167	-111.010299	171.021730	
1168	-112.256176	175.025306	
1169	-111.030702	170.753470	
1170	-110.109398	168.460321	
1171	NaN	NaN	
1172	NaN	NaN	
1173	NaN	NaN	
1174	NaN	NaN	
1175	NaN	NaN	
1176	NaN	NaN	
1177	NaN	NaN	
1178	NaN	NaN	
1179	NaN	NaN	
1180	NaN	NaN	
1181	NaN	NaN	
1182	NaN	NaN	
1183	NaN	NaN	
1184	NaN	NaN	
1185	NaN	NaN	
1186	NaN	NaN	
1187	NaN	NaN	
1188	NaN	NaN	
1189	NaN	NaN	
1190	NaN	NaN	
1191	NaN	NaN	
1192	NaN	NaN	
1193	NaN	NaN	
1194	NaN	NaN	
1195	NaN	NaN	
1196	NaN	NaN	
1197	-100.331868	125.526273	
1198	-102.224772	140.386840	
1199	-102.605594	143.616508	
1200	-102.648986	144.580603	
1201	-101.066219	137.968464	
1202	-98.413351	125.725775	
1203	-97.163952	118.419376	
1204	-101.652632	134.076612	
1205	-99.152906	125.311108	
1206	-98.862136	128.189605	
1207	-96.252164	113.834825	
1208	NaN	NaN	
1209	-96.951778	112.883074	
1210	-94.414954	110.786631	
1211	-95.651647	115.073659	
1212	-95.795828	154.533408	
1213	NaN	NaN	
1214	NaN	NaN	
1215	NaN	NaN	
1216	NaN	NaN	
1217	NaN	NaN	
1218	NaN	NaN	
1219	NaN	NaN	
1220	NaN	NaN	
1221	NaN	NaN	
1222	-89.782925	88.981940	
1223	NaN	NaN	
1224	NaN	NaN	
1225	NaN	NaN	
1226	NaN	NaN	
1227	NaN	NaN	
1228	NaN	NaN	
1229	NaN	NaN	
1230	NaN	NaN	
1231	NaN	NaN	
1232	NaN	NaN	
1233	NaN	NaN	
1234	NaN	NaN	
1235	NaN	NaN	
1236	NaN	NaN	
1237	NaN	NaN	
1238	NaN	NaN	
1239	NaN	NaN	
1240	NaN	NaN	
1241	NaN	NaN	
1242	NaN	NaN	
1243	NaN	NaN	
1244	NaN	NaN	
1245	NaN	NaN	
1246	NaN	NaN	
1247	NaN	NaN	
1248	NaN	NaN	
1249	NaN	NaN	
1250	NaN	NaN	
1251	NaN	NaN	
1252	NaN	NaN	
1253	NaN	NaN	
1254	NaN	NaN	
1255	NaN	NaN	
1256	NaN	NaN	
1257	NaN	NaN	
1258	NaN	NaN	
1259	NaN	NaN	
1260	NaN	NaN	
1261	NaN	NaN	
1262	NaN	NaN	
1263	NaN	NaN	
1264	NaN	NaN	
1265	NaN	NaN	
1266	NaN	NaN	
1267	NaN	NaN	
1268	NaN	NaN	
1269	NaN	NaN	
1270	NaN	NaN	
1271	NaN	NaN	
1272	-80.521369	-87.400959	
1273	-78.141647	-87.349381	
1274	-75.495626	-87.080634	
1275	-72.838899	-86.810995	
1276	-69.643991	-86.608602	
1277	-58.198334	-86.104214	
1278	-24.382260	-78.953321	
1279	NaN	NaN	
1280	NaN	NaN	
1281	NaN	NaN	
1282	NaN	NaN	
1283	NaN	NaN	
1284	NaN	NaN	
1285	NaN	NaN	
1286	NaN	NaN	
1287	NaN	NaN	
1288	110.710916	92.598630	
1289	102.136619	91.479291	
1290	NaN	NaN	
1291	154.376524	102.952393	
1292	121.753010	93.290031	
1293	138.893898	95.349835	
1294	126.995910	94.635313	
1295	NaN	NaN	
1296	NaN	NaN	
1297	NaN	NaN	
1298	NaN	NaN	
1299	NaN	NaN	
1300	NaN	NaN	
1301	NaN	NaN	
1302	NaN	NaN	
1303	NaN	NaN	
1304	NaN	NaN	
1305	NaN	NaN	
1306	NaN	NaN	
1307	NaN	NaN	
1308	NaN	NaN	
1309	NaN	NaN	
1310	NaN	NaN	
1311	NaN	NaN	
1312	NaN	NaN	
1313	NaN	NaN	
1314	NaN	NaN	
1315	NaN	NaN	
1316	NaN	NaN	
1317	NaN	NaN	
1318	NaN	NaN	
1319	NaN	NaN	
1320	NaN	NaN	
1321	NaN	NaN	
1322	NaN	NaN	
1323	NaN	NaN	
1324	NaN	NaN	
1325	NaN	NaN	
1326	NaN	NaN	
1327	NaN	NaN	
1328	NaN	NaN	
1329	NaN	NaN	
1330	NaN	NaN	
1331	NaN	NaN	
1332	NaN	NaN	
1333	NaN	NaN	
1334	NaN	NaN	
1335	NaN	NaN	
1336	NaN	NaN	
1337	NaN	NaN	
1338	NaN	NaN	
1339	NaN	NaN	
1340	NaN	NaN	
1341	NaN	NaN	
1342	NaN	NaN	
1343	NaN	NaN	
1344	NaN	NaN	
1345	NaN	NaN	
1346	NaN	NaN	
1347	NaN	NaN	
1348	NaN	NaN	
1349	NaN	NaN	
1350	NaN	NaN	
1351	NaN	NaN	
1352	NaN	NaN	
1353	NaN	NaN	
1354	NaN	NaN	
1355	NaN	NaN	
1356	NaN	NaN	
1357	NaN	NaN	
1358	NaN	NaN	
1359	NaN	NaN	
1360	NaN	NaN	
1361	NaN	NaN	
1362	NaN	NaN	
1363	NaN	NaN	
1364	NaN	NaN	
1365	NaN	NaN	
1366	NaN	NaN	
1367	NaN	NaN	
1368	NaN	NaN	
1369	NaN	NaN	
1370	NaN	NaN	
1371	NaN	NaN	
1372	NaN	NaN	
1373	NaN	NaN	
1374	NaN	NaN	
1375	NaN	NaN	
1376	NaN	NaN	
1377	NaN	NaN	
1378	NaN	NaN	
1379	NaN	NaN	
1380	NaN	NaN	
1381	NaN	NaN	
1382	NaN	NaN	
1383	NaN	NaN	
1384	NaN	NaN	
1385	NaN	NaN	
1386	NaN	NaN	
1387	NaN	NaN	
1388	NaN	NaN	
1389	NaN	NaN	
1390	NaN	NaN	
1391	NaN	NaN	
1392	NaN	NaN	
1393	NaN	NaN	
1394	NaN	NaN	
1395	NaN	NaN	
1396	NaN	NaN	
1397	NaN	NaN	
1398	NaN	NaN	
1399	NaN	NaN	
1400	NaN	NaN	
1401	NaN	NaN	
1402	NaN	NaN	
1403	NaN	NaN	
1404	NaN	NaN	
1405	NaN	NaN	
1406	NaN	NaN	
1407	NaN	NaN	
1408	NaN	NaN	
1409	NaN	NaN	
1410	NaN	NaN	
1411	NaN	NaN	
1412	NaN	NaN	
1413	NaN	NaN	
1414	NaN	NaN	
1415	NaN	NaN	
1416	NaN	NaN	
1417	NaN	NaN	
1418	NaN	NaN	
1419	NaN	NaN	
1420	NaN	NaN	
1421	NaN	NaN	
1422	NaN	NaN	
1423	NaN	NaN	
1424	NaN	NaN	
1425	NaN	NaN	
1426	NaN	NaN	
1427	NaN	NaN	
1428	NaN	NaN	
1429	NaN	NaN	
1430	NaN	NaN	
1431	NaN	NaN	
1432	NaN	NaN	
1433	NaN	NaN	
1434	NaN	NaN	
1435	NaN	NaN	
1436	NaN	NaN	
1437	NaN	NaN	
1438	NaN	NaN	
1439	NaN	NaN	
1440	NaN	NaN	
1441	NaN	NaN	
1442	NaN	NaN	
1443	NaN	NaN	
1444	NaN	NaN	
1445	NaN	NaN	
1446	NaN	NaN	
1447	NaN	NaN	
1448	NaN	NaN	
1449	NaN	NaN	
1450	NaN	NaN	
1451	NaN	NaN	
1452	NaN	NaN	
1453	NaN	NaN	
1454	NaN	NaN	
1455	NaN	NaN	
1456	NaN	NaN	
1457	NaN	NaN	
1458	NaN	NaN	
1459	NaN	NaN	
1460	NaN	NaN	
1461	NaN	NaN	
1462	NaN	NaN	
1463	NaN	NaN	
1464	NaN	NaN	
1465	NaN	NaN	
1466	NaN	NaN	
1467	NaN	NaN	
1468	NaN	NaN	
1469	NaN	NaN	
1470	NaN	NaN	
1471	NaN	NaN	
1472	NaN	NaN	
1473	NaN	NaN	
1474	NaN	NaN	
1475	NaN	NaN	
1476	NaN	NaN	
1477	NaN	NaN	
1478	NaN	NaN	
1479	NaN	NaN	
1480	NaN	NaN	
