Athlete_Engineering	// User ID
11-2-2021	// Evaluation date
P015_Walk2	30-1-2021	14:18:30:645	// Source file name and timestamp
250.000	// Sampling rate
5.211	// Data capture period



Sample #	Right_Leg_Flexion	Right_Leg_Abduction	
0	-71.970888	16.574521	
1	-71.657153	16.482917	
2	-71.845916	16.135926	
3	-72.063980	15.944316	
4	-71.800789	16.058177	
5	-71.844564	15.011275	
6	-71.648303	13.561120	
7	-71.717253	12.857084	
8	-71.354110	12.016566	
9	-71.522041	11.650227	
10	-72.200969	15.955574	
11	-72.033911	16.501698	
12	-72.188591	16.134710	
13	-71.988142	16.083428	
14	-72.149679	16.213329	
15	-71.825213	12.902700	
16	-71.913823	17.263220	
17	-71.977108	16.190610	
18	-71.947079	16.773367	
19	-72.018542	16.472025	
20	-71.602221	14.235234	
21	-72.163286	16.912277	
22	-72.378798	14.611841	
23	-72.192279	17.131665	
24	-71.945126	16.415452	
25	-72.138039	15.885748	
26	-71.926650	13.902719	
27	-71.842033	13.742447	
28	-71.663728	13.261835	
29	-71.718483	13.047898	
30	-71.714232	13.939675	
31	-71.988177	16.618571	
32	-72.201819	16.574517	
33	-71.675704	12.826560	
34	-71.754160	12.915215	
35	-71.563497	17.044555	
36	-71.588551	17.165938	
37	-71.787225	12.785848	
38	-71.091111	15.878467	
39	-71.389183	13.678318	
40	-71.469346	16.684646	
41	-71.154442	10.405652	
42	-71.768828	11.292298	
43	-70.822776	11.073081	
44	-71.610082	12.379784	
45	-70.842065	11.117020	
46	-70.964744	12.153600	
47	-71.560739	18.850566	
48	-71.698268	12.507569	
49	-71.528157	11.330714	
50	-71.432386	17.163433	
51	-72.044045	14.126291	
52	-71.883178	17.933474	
53	-73.433231	18.697000	
54	-74.614110	15.426448	
55	-74.474653	13.769483	
56	-73.840964	10.901175	
57	-74.289305	13.185952	
58	-74.349487	17.022010	
59	-72.152235	14.266455	
60	-72.194641	16.058220	
61	-72.256009	10.516874	
62	-71.949871	11.720267	
63	-71.896485	11.389434	
64	-71.603076	11.114630	
65	-71.196675	11.037459	
66	-71.244512	13.091699	
67	-71.355973	14.512123	
68	-71.224876	14.203961	
69	-71.120912	14.188335	
70	-71.092824	14.111773	
71	-70.898792	14.040944	
72	-70.918516	14.920411	
73	-70.951915	14.286455	
74	-70.933250	14.258267	
75	-72.661187	15.655765	
76	-72.054913	19.800211	
77	-71.501579	18.950340	
78	-71.695982	18.154850	
79	-71.460656	19.705940	
80	-71.234435	20.131968	
81	-72.388596	19.962207	
82	-71.595019	20.270735	
83	-71.481739	20.457848	
84	-71.208193	18.610701	
85	-71.170369	18.890448	
86	-70.980703	18.711131	
87	-71.014101	17.377412	
88	-71.353660	19.614964	
89	-71.692052	18.269159	
90	-71.766768	19.634522	
91	-71.991948	19.260687	
92	-72.145384	18.728798	
93	-72.213618	17.542045	
94	-72.032968	19.493034	
95	-74.860618	22.060677	
96	-74.929895	21.445783	
97	-74.410824	21.942645	
98	-74.560344	21.013141	
99	-74.854159	20.208957	
100	-74.687512	21.168908	
101	-74.782642	20.527070	
102	-72.384972	19.061888	
103	-72.082988	18.259742	
104	-71.987407	18.722633	
105	-72.067227	19.413968	
106	-72.237555	18.006302	
107	-72.024909	18.972574	
108	-72.222838	19.436388	
109	-71.935547	18.874331	
110	-71.950528	19.578015	
111	-71.523616	19.703056	
112	-71.646464	19.459310	
113	-71.608507	20.503393	
114	-71.562245	20.321563	
115	-71.785224	20.313490	
116	-71.100336	19.996499	
117	-71.039811	20.123216	
118	-70.900231	20.582207	
119	-70.917220	20.271751	
120	-70.750390	20.424156	
121	-74.315082	22.981390	
122	-74.133463	21.406606	
123	-71.874593	18.870854	
124	-71.680712	19.864652	
125	-71.687939	19.014614	
126	-71.597648	19.694578	
127	-71.427563	18.869354	
128	-71.301112	18.831516	
129	-71.273069	18.340154	
130	-71.274029	19.321063	
131	-71.619539	19.322725	
132	-71.427888	17.323617	
133	-71.628360	18.783817	
134	-71.464665	18.270555	
135	-71.145322	19.132463	
136	-71.602070	20.089906	
137	-71.380918	19.733900	
138	-71.619399	19.678530	
139	-71.730819	19.819843	
140	-71.800788	20.654466	
141	-71.263864	20.003106	
142	-71.288061	19.860443	
143	-71.353673	18.299411	
144	-71.421759	20.693015	
145	-71.663600	20.533115	
146	-71.662173	20.524413	
147	-72.025683	18.985676	
148	-71.564644	20.415327	
149	-71.699846	20.972704	
150	-71.370251	20.810678	
151	-73.076012	20.287469	
152	-73.336886	22.251184	
153	-72.289986	18.323953	
154	-72.209286	20.737747	
155	-72.149577	20.921175	
156	-72.200291	18.924505	
157	-72.431759	19.063781	
158	-72.071402	17.827938	
159	-72.321261	18.505744	
160	-72.459171	18.758934	
161	-72.205352	18.434405	
162	-72.364216	17.941379	
163	-71.983947	19.774095	
164	-72.333054	20.603704	
165	-72.399296	19.051507	
166	-72.697139	17.594794	
167	-72.417839	20.249646	
168	-72.359656	17.184486	
169	-72.027760	19.221548	
170	-72.141869	18.474296	
171	-72.274974	18.096203	
172	-71.821746	20.448617	
173	-71.788033	20.615736	
174	-72.172088	20.907535	
175	-72.341128	20.767965	
176	-72.606204	22.252583	
177	-72.473350	22.851424	
178	-72.684618	22.327575	
179	-72.579524	23.000946	
180	-72.736899	22.814475	
181	-72.889507	22.516109	
182	-72.584996	21.813357	
183	-72.298622	20.180007	
184	-72.549121	21.804552	
185	-72.594891	20.556699	
186	-72.784599	21.557049	
187	-72.426339	21.485821	
188	-72.397124	20.806427	
189	-72.191890	20.975124	
190	-72.389633	16.155507	
191	-72.595729	18.628854	
192	-72.730497	18.832243	
193	-72.642160	22.261639	
194	-73.175615	22.480147	
195	-73.286297	21.959585	
196	-73.210225	22.390719	
197	-73.417322	23.233853	
198	-73.603985	22.475570	
199	-73.247896	24.620183	
200	-73.341247	23.711467	
201	-73.264363	25.104573	
202	-75.141922	27.017390	
203	-75.077739	27.251365	
204	-75.135640	23.701879	
205	-75.150491	24.151696	
206	-75.147990	25.824354	
207	-75.191324	26.774192	
208	-75.195336	28.648483	
209	-75.071720	28.599262	
210	-74.737080	26.199042	
211	-74.342641	25.484399	
212	-73.099961	23.947895	
213	-74.749137	20.925757	
214	-74.800637	18.714931	
215	-74.762827	18.145677	
216	-72.793402	22.734658	
217	-74.619194	17.271708	
218	-74.149548	19.409048	
219	-74.285085	24.972377	
220	-73.809806	20.158568	
221	-73.557730	25.081835	
222	-73.634133	25.765522	
223	-73.624162	26.341127	
224	-73.361882	26.652593	
225	-72.937457	23.966745	
226	-72.408878	26.399828	
227	-70.480601	23.185328	
228	-71.373503	24.628867	
229	-71.085069	24.049522	
230	-70.381040	24.980932	
231	-69.829929	25.415944	
232	-69.717960	24.604332	
233	-68.817965	24.825661	
234	-68.457858	24.171326	
235	-68.068590	24.196057	
236	-65.926224	21.496663	
237	-66.611239	19.784299	
238	-66.034477	21.890298	
239	-64.514859	20.250435	
240	-65.226076	20.699445	
241	-64.122629	19.676842	
242	-62.475309	17.945172	
243	-61.770126	16.876009	
244	-62.643817	16.224868	
245	-60.905113	16.833245	
246	-60.182413	17.787739	
247	-59.292510	16.912819	
248	-58.554646	17.842581	
249	-58.036004	17.581555	
250	-57.521284	17.073052	
251	-57.116007	17.501463	
252	-56.704251	17.745111	
253	-55.775038	17.753227	
254	-54.926474	18.172821	
255	-55.003002	17.868341	
256	-54.335357	15.626944	
257	-53.950302	15.813492	
258	-53.458397	15.482665	
259	-53.225771	15.480494	
260	-52.270758	16.980870	
261	-52.483512	15.276005	
262	-52.029036	16.343247	
263	-52.004503	17.328787	
264	-51.136315	16.633924	
265	-51.272801	14.086890	
266	-50.828569	18.105881	
267	-49.740666	15.774458	
268	-49.697909	15.201162	
269	-49.892287	15.382436	
270	-49.394707	13.710604	
271	-49.261084	14.614738	
272	-49.134864	13.486583	
273	-48.858490	13.857358	
274	-48.392059	15.220439	
275	-48.656247	14.825565	
276	-48.791471	14.088074	
277	-48.628637	13.593643	
278	-48.548588	14.201788	
279	-47.994102	12.591577	
280	-47.934674	14.159916	
281	-47.820959	14.478374	
282	-47.848330	13.557091	
283	-47.781544	12.603919	
284	-47.303440	12.378195	
285	-48.501449	12.046044	
286	-47.702083	11.473625	
287	-47.253331	12.043924	
288	-47.015071	10.804756	
289	-46.377130	12.726065	
290	-46.681477	11.081919	
291	-46.409827	12.854622	
292	-46.411968	12.389576	
293	-46.136365	11.581457	
294	-45.815764	12.569353	
295	-46.889365	11.719346	
296	-45.184104	10.533192	
297	-45.869584	9.024486	
298	-45.026645	12.027240	
299	-44.687618	11.766638	
300	-44.307341	12.321998	
301	-44.030293	11.864496	
302	-44.555250	9.870528	
303	-44.623106	10.010557	
304	-43.610126	9.345674	
305	-43.745375	8.749073	
306	-43.633543	9.394426	
307	-44.781494	8.826367	
308	-43.359846	9.679851	
309	-44.263893	8.571133	
310	-44.459361	6.111401	
311	-43.640854	6.791403	
312	-42.764064	6.616161	
313	-43.001391	7.945226	
314	-42.564813	7.321070	
315	-42.238823	6.840867	
316	-42.127632	6.293995	
317	-42.068845	6.594094	
318	-42.081917	5.511108	
319	-41.897389	5.673746	
320	-41.805902	4.892332	
321	-41.494838	5.268858	
322	-41.560107	5.465421	
323	-42.391344	4.764789	
324	-41.581047	5.100677	
325	-42.165606	3.798491	
326	-42.131179	4.284533	
327	-41.823686	4.397907	
328	-41.417389	5.455053	
329	-41.585421	5.136914	
330	-41.469545	4.480542	
331	-40.804443	5.324685	
332	-40.402467	5.507651	
333	-40.183648	5.585995	
334	-44.449488	4.125802	
335	-39.895675	6.444195	
336	-39.778271	7.263960	
337	-40.166017	4.708322	
338	-40.263817	4.885338	
339	-38.730942	7.417433	
340	-39.320064	5.303670	
341	-40.444741	4.731769	
342	-39.731321	6.007760	
343	-39.530817	5.393454	
344	-40.693689	6.782277	
345	-40.211593	6.514328	
346	-40.676119	5.943683	
347	-39.785081	6.888340	
348	-38.545049	7.171800	
349	-39.993639	6.225400	
350	-40.371360	6.876603	
351	-39.013344	7.220422	
352	-39.218664	4.310920	
353	-40.693065	5.363221	
354	-41.079285	4.245023	
355	-39.523779	5.546778	
356	-39.772561	6.010958	
357	-39.951623	5.539357	
358	-40.800724	5.059471	
359	-41.165753	4.336939	
360	-41.584603	3.056830	
361	-40.668608	3.535278	
362	-40.599574	4.288043	
363	-40.448421	4.200902	
364	-40.616352	4.157287	
365	-40.635782	4.393932	
366	-39.964148	5.149516	
367	-40.978400	5.568432	
368	-41.277190	4.615828	
369	-41.484763	4.817373	
370	-40.333146	4.609885	
371	-41.306605	5.407938	
372	-42.003718	4.140931	
373	-41.553930	3.306471	
374	-41.164665	5.179461	
375	-42.184363	4.457671	
376	-42.373119	4.301899	
377	-43.532046	3.435713	
378	-42.526303	3.974468	
379	-44.270951	2.331209	
380	-44.254609	1.860613	
381	-44.080920	2.997505	
382	-43.446637	2.623501	
383	-44.079438	1.686015	
384	-44.403269	1.390126	
385	-44.587229	1.635833	
386	-44.478508	1.058626	
387	-44.464514	1.733803	
388	-45.374038	1.845984	
389	-45.341517	0.913852	
390	-44.698477	1.268097	
391	-45.160188	1.370374	
392	-44.695251	1.699131	
393	-45.386767	0.173320	
394	-44.964885	1.331917	
395	-45.210784	0.147684	
396	-45.552402	1.979356	
397	-45.581574	1.589750	
398	-46.213318	1.970175	
399	-46.484581	1.844347	
400	-46.494938	1.691994	
401	-46.568815	3.150488	
402	-46.993794	1.406802	
403	-47.335530	1.382318	
404	-47.477706	0.606879	
405	-48.180218	0.400017	
406	-48.256482	-1.687845	
407	-48.440444	-0.952106	
408	-48.176471	-0.198406	
409	-48.700596	0.039060	
410	-48.548748	0.540925	
411	-49.207135	-0.957665	
412	-49.285469	-0.454300	
413	-50.274379	-2.473106	
414	-49.414874	-1.627824	
415	-51.192804	-2.040889	
416	-50.557181	-3.072155	
417	-51.427103	-3.620118	
418	-50.533896	-1.928110	
419	-51.610360	-2.509875	
420	-51.582264	-2.847653	
421	-52.402563	-4.099455	
422	-52.323228	-4.255555	
423	-52.169834	-3.346945	
424	-52.401531	-2.570717	
425	-52.578266	-3.452596	
426	-52.562921	-3.241801	
427	-53.567576	-3.889786	
428	-53.941320	-3.683083	
429	-53.902230	-3.692080	
430	-54.463072	-2.767873	
431	-54.835688	-2.201939	
432	-54.872607	-2.938446	
433	-55.223538	-0.887161	
434	-54.700592	-1.517542	
435	-55.985139	-1.327271	
436	-56.289561	-0.198651	
437	-55.942544	-1.939662	
438	-57.104805	-1.895952	
439	-56.997227	-1.170141	
440	-57.209990	-0.882870	
441	-56.892576	-0.658041	
442	-57.835959	-1.346656	
443	-57.849395	-0.478666	
444	-58.419709	0.080889	
445	-58.873077	-1.233445	
446	-59.402811	-0.986486	
447	-59.781878	-1.878485	
448	-59.585478	-1.325913	
449	-60.173287	-1.347886	
450	-60.971244	-2.007273	
451	-61.429878	-1.507013	
452	-61.371605	0.471685	
453	-61.288425	-0.569881	
454	-62.675279	-1.620765	
455	-62.930305	-0.488271	
456	-63.385280	-1.502174	
457	-63.011528	-0.520041	
458	-63.351034	1.599170	
459	-64.116042	-1.546181	
460	-64.793102	-2.169027	
461	-64.599964	-2.973982	
462	-65.464006	-3.977453	
463	-65.988852	-2.344013	
464	-66.075121	5.219535	
465	-66.354294	-3.075376	
466	-66.322024	-1.260785	
467	-66.816533	-0.399258	
468	-67.066509	-1.427290	
469	-67.788234	-1.297508	
470	-67.757329	-1.265623	
471	-67.892132	-2.431683	
472	-68.242711	-1.164405	
473	-68.145530	-2.080201	
474	-69.199976	-2.393883	
475	-69.637034	-0.625604	
476	-69.832713	-2.457258	
477	-69.821852	-1.883823	
478	-69.855989	-2.842679	
479	-70.518616	-1.511729	
480	-71.267239	-1.314088	
481	-71.841642	-1.900966	
482	-71.017001	-1.947020	
483	-71.178885	-2.777209	
484	-71.500787	-0.357801	
485	-72.011448	-1.149501	
486	-72.323173	-2.675933	
487	-73.292693	-2.374096	
488	-73.396427	-2.142294	
489	-73.557507	-1.080594	
490	-73.754371	-2.203477	
491	-73.825507	-0.691405	
492	-74.063079	-0.784590	
493	-74.311430	-2.010678	
494	-74.681698	-2.665190	
495	-75.507459	-0.762482	
496	-75.828149	-3.392971	
497	-76.059438	-0.045196	
498	-76.473409	-2.180431	
499	-76.480546	-1.529593	
500	-76.703001	1.465757	
501	-77.401913	-2.608568	
502	-77.655141	-4.093253	
503	-77.701244	-2.891278	
504	-78.101756	-4.208018	
505	-78.230179	-2.825954	
506	-78.403859	-3.424088	
507	-78.854417	-5.405089	
508	-79.209049	-7.027772	
509	-79.852902	-5.754979	
510	-79.640414	-6.478666	
511	-80.180732	-5.000401	
512	-80.552888	-9.121146	
513	-80.651078	-9.205561	
514	-80.568799	-9.116476	
515	-80.845733	-9.898550	
516	-81.080368	-9.650826	
517	-81.789367	-11.734605	
518	-81.968688	-12.549961	
519	-82.345020	-14.852735	
520	-82.988419	-15.772289	
521	-83.286276	-17.318326	
522	-83.543497	-17.308526	
523	-83.986181	-22.938943	
524	-84.077537	-21.094871	
525	-84.042072	-21.478573	
526	-84.193996	-22.546889	
527	-84.627232	-25.915532	
528	-84.364562	-22.784128	
529	-84.515072	-27.031611	
530	-84.482646	-24.234025	
531	-84.843055	-29.374040	
532	-85.375765	-35.559172	
533	-85.623591	-36.971224	
534	-85.359677	-35.657401	
535	-85.667500	-37.174775	
536	-85.782066	-37.637267	
537	-86.131344	-43.870019	
538	-86.220533	-44.531225	
539	-86.570200	-46.580659	
540	-86.356931	-47.607643	
541	-87.065845	-51.137507	
542	-87.070732	-52.910154	
543	-86.708627	-50.326727	
544	-87.037387	-54.812403	
545	-87.093106	-54.714362	
546	-87.209139	-55.897239	
547	-87.236046	-54.453241	
548	-87.393852	-58.005899	
549	-87.324631	-57.478730	
550	-87.451939	-55.456866	
551	-87.460438	-55.494981	
552	-87.217470	-54.269009	
553	-87.420147	-54.150512	
554	-87.835938	-56.360711	
555	-87.585283	-52.266639	
556	-87.613089	-52.257183	
557	-87.765055	-50.621419	
558	-87.520899	-43.495105	
559	-87.555549	-33.722429	
560	-87.299655	-29.599000	
561	-87.261931	-23.269514	
562	-86.890295	-15.534949	
563	-86.525663	-10.057970	
564	-85.991431	-7.783734	
565	-85.225700	1.176628	
566	-84.915951	-2.233901	
567	-84.415515	2.739428	
568	-84.027137	5.607959	
569	-83.811764	8.997682	
570	-83.059602	11.404217	
571	-83.040231	12.173251	
572	-82.419680	11.474325	
573	-81.952430	13.397505	
574	-81.392510	14.955469	
575	-80.599862	14.571553	
576	-79.702763	14.960012	
577	-79.681646	15.314440	
578	-79.097983	17.780780	
579	-78.446640	16.520204	
580	-77.896355	15.489139	
581	-77.243019	17.117602	
582	-76.536064	16.724224	
583	-75.633686	16.579819	
584	-75.324596	16.879963	
585	-74.739396	17.962455	
586	-73.980772	17.205201	
587	-73.140966	15.896121	
588	-73.110374	18.047893	
589	-72.426968	18.718129	
590	-71.538237	18.782712	
591	-71.334971	17.841005	
592	-70.607510	17.683351	
593	-69.885671	17.962890	
594	-69.618881	18.111225	
595	-68.965334	18.088655	
596	-68.503196	18.164629	
597	-67.634785	18.093309	
598	-67.102326	18.121993	
599	-66.572671	16.832658	
600	-65.786976	17.392225	
601	-65.125559	17.358488	
602	-64.394881	17.250834	
603	-64.069533	17.349172	
604	-63.230432	16.415955	
605	-62.608666	16.202085	
606	-62.054930	15.411966	
607	-61.621871	14.512139	
608	-61.156290	14.521847	
609	-60.653335	14.957835	
610	-59.990221	15.133534	
611	-59.598845	14.388901	
612	-59.144756	14.602124	
613	-58.712927	14.464315	
614	-58.555376	15.054887	
615	-58.242332	14.206839	
616	-57.886120	13.154300	
617	-57.416447	14.295579	
618	-57.008253	11.925369	
619	-56.575989	12.589618	
620	-56.539532	12.430437	
621	-56.024522	12.444010	
622	-55.766005	11.981477	
623	-55.458114	11.767622	
624	-55.557694	10.982311	
625	-55.129280	11.400038	
626	-54.795013	10.102455	
627	-54.448163	10.788206	
628	-54.357588	9.645442	
629	-53.878844	9.821724	
630	-53.322920	8.737356	
631	-53.184254	8.975403	
632	-53.110909	8.576027	
633	-52.947228	8.208726	
634	-52.411198	8.411921	
635	-52.256571	7.712645	
636	-52.110431	7.780821	
637	-52.149050	8.323485	
638	-51.774178	6.304810	
639	-51.449311	6.994557	
640	-51.133028	7.156419	
641	-51.138399	7.215886	
642	-50.955830	6.867113	
643	-50.690773	7.109336	
644	-50.732064	6.150324	
645	-50.274613	7.183277	
646	-50.228021	7.595725	
647	-50.011764	7.327029	
648	-49.722878	7.111124	
649	-49.933523	7.606870	
650	-49.586612	7.090794	
651	-49.519402	6.663931	
652	-49.348512	6.666132	
653	-49.272747	7.017094	
654	-48.963021	5.721816	
655	-48.879433	6.368812	
656	-48.621919	6.528968	
657	-48.602565	5.962796	
658	-48.877185	5.473642	
659	-48.366784	6.186695	
660	-48.379408	5.650136	
661	-48.302746	5.570879	
662	-48.220852	6.449784	
663	-48.370190	6.166572	
664	-48.399336	5.031106	
665	-47.925216	6.244697	
666	-47.938640	5.352193	
667	-48.202107	5.312121	
668	-47.913186	5.409139	
669	-47.951138	5.324126	
670	-47.864037	5.405239	
671	-47.463632	6.096853	
672	-47.356603	5.740392	
673	-47.810494	5.168878	
674	-47.239779	5.290765	
675	-47.583823	4.762953	
676	-47.445728	4.971237	
677	-47.050251	4.711081	
678	-46.983818	4.045328	
679	-46.460264	6.531057	
680	-47.001516	4.118780	
681	-46.366730	4.910218	
682	-46.692337	4.012676	
683	-46.596273	4.422562	
684	-46.509253	4.506998	
685	-46.392338	4.494913	
686	-46.286484	4.368806	
687	-45.808666	4.891433	
688	-46.106552	4.680387	
689	-46.308958	4.889800	
690	-46.600819	4.993535	
691	-46.744100	4.789442	
692	-46.640744	5.588418	
693	-46.792654	5.373288	
694	-46.784374	5.804771	
695	-47.237398	6.087108	
696	-47.430692	6.506491	
697	-47.688182	6.056184	
698	-48.137464	5.606565	
699	-48.427561	5.902448	
700	-48.695781	5.689096	
701	-49.244517	4.326453	
702	-49.456047	3.775578	
703	-50.201209	2.820651	
704	-50.294199	2.721000	
705	-50.837838	2.121352	
706	-50.913488	1.822339	
707	-51.878729	0.424466	
708	-51.695559	0.290398	
709	-51.962833	0.766865	
710	-51.974101	0.356115	
711	-51.395058	0.335339	
712	-50.828422	0.907471	
713	-51.037437	0.702722	
714	-50.012961	1.322488	
715	-49.779227	1.626988	
716	-49.117592	1.777316	
717	-48.951581	1.657924	
718	-48.684748	1.155028	
719	-48.577549	1.674043	
720	-48.532516	1.455321	
721	-48.831298	2.093119	
722	-49.020918	2.578180	
723	-49.118196	3.053436	
724	-49.674046	3.722175	
725	-50.272509	3.977527	
726	-50.498656	4.352096	
727	-51.145332	4.266340	
728	-51.815167	4.058259	
729	-52.954107	4.173350	
730	-52.782567	3.325241	
731	-53.557982	2.377104	
732	-53.873826	0.796736	
733	-54.548456	-0.734177	
734	-54.843370	-2.246134	
735	-55.076992	-3.633398	
736	-55.587519	-4.759461	
737	-55.791374	-5.119318	
738	-56.353235	-7.029799	
739	-56.787603	-7.050946	
740	-56.612658	-7.644119	
741	-57.175803	-8.619630	
742	-56.795294	-8.283433	
743	-57.402329	-9.402096	
744	-57.528855	-8.736613	
745	-57.577790	-8.510188	
746	-57.503112	-8.017845	
747	-58.222389	-7.087281	
748	-58.056996	-6.821231	
749	-57.306262	-5.597145	
750	-58.657429	-5.829303	
751	-58.680926	-5.056885	
752	-59.626243	-5.202481	
753	-59.979598	-5.426922	
754	-60.614644	-5.323432	
755	-60.633521	-4.738450	
756	-60.122502	-4.237239	
757	-61.478194	-5.700581	
758	-61.879288	-5.343122	
759	-62.544651	-5.914161	
760	-62.908604	-5.119663	
761	-62.996757	-4.847636	
762	-63.667722	-5.683062	
763	-64.693557	-5.252347	
764	-64.796662	-5.728019	
765	-65.360354	-5.764589	
766	-65.059178	-5.067541	
767	-65.896920	-6.057931	
768	-66.567906	-5.802135	
769	-66.913468	-6.325927	
770	-67.107449	-6.252210	
771	-66.861107	-6.708468	
772	-67.650350	-6.515152	
773	-68.450154	-5.920375	
774	-68.740076	-7.081914	
775	-68.758075	-7.191589	
776	-69.037118	-7.635062	
777	-69.126528	-7.150207	
778	-69.124636	-6.679852	
779	-69.715923	-7.108408	
780	-69.961634	-7.618664	
781	-70.133755	-7.386871	
782	-70.604842	-7.267013	
783	-69.801644	-6.072987	
784	-70.595133	-6.185651	
785	-71.617911	-7.686373	
786	-71.628671	-6.858968	
787	-72.463451	-6.828780	
788	-72.479464	-6.971403	
789	-72.816313	-6.821468	
790	-72.651185	-6.777245	
791	-72.982465	-6.789707	
792	-72.854962	-6.835015	
793	-73.764730	-7.982753	
794	-74.237179	-7.414423	
795	-74.526173	-8.096524	
796	-74.131011	-7.935747	
797	-75.016573	-7.315154	
798	-75.081394	-8.132999	
799	-75.804662	-8.506058	
800	-75.296039	-6.792528	
801	-75.751336	-8.748258	
802	-75.808140	-7.833870	
803	-75.552888	-8.402673	
804	-76.250673	-8.980344	
805	-77.278164	-9.282617	
806	-77.523573	-10.838552	
807	-77.151145	-8.457007	
808	-77.584070	-8.381843	
809	-78.406724	-9.923494	
810	-78.877702	-9.273400	
811	-78.456190	-7.901834	
812	-79.110580	-8.678349	
813	-79.817481	-9.617578	
814	-79.929415	-11.025740	
815	-80.551798	-12.281683	
816	-80.869969	-13.067840	
817	-81.373398	-15.995286	
818	-81.928677	-16.493109	
819	-81.397273	-12.988699	
820	-81.774472	-13.750233	
821	-83.445340	-20.749054	
822	-82.658010	-19.000572	
823	-82.698900	-20.915142	
824	-83.130633	-19.725317	
825	-83.095440	-21.983780	
826	-83.679003	-23.704937	
827	-83.760574	-25.656516	
828	-84.016372	-23.474577	
829	-84.478301	-24.330351	
830	-84.754729	-24.421371	
831	-84.611011	-22.855915	
832	-84.948095	-16.718378	
833	-85.513227	-22.787483	
834	-85.222181	-25.591749	
835	-84.249352	-22.799899	
836	-84.173007	-26.926871	
837	-84.747128	-27.596926	
838	-85.345924	-30.106075	
839	-84.631151	-25.918141	
840	-85.564797	-35.569041	
841	-84.621287	-28.931068	
842	-85.563993	-35.899757	
843	-85.199664	-32.867589	
844	-85.449870	-36.798520	
845	-85.934693	-55.276955	
846	-86.932336	-48.838247	
847	-86.723282	-47.393429	
848	-86.232861	-57.799529	
849	-86.580412	-57.902467	
850	-86.106577	-52.385547	
851	-86.393896	-53.511191	
852	-85.775791	-47.696972	
853	-85.932818	-47.456467	
854	-86.197575	-47.048513	
855	-86.228276	-44.074762	
856	-86.654825	-46.726062	
857	-86.559630	-47.442654	
858	-85.767181	-39.845114	
859	-87.202615	-48.575476	
860	-86.844503	-42.348269	
861	-86.333692	-30.782345	
862	-86.170388	-21.903827	
863	-86.445057	-26.754716	
864	-85.865046	-16.549335	
865	-85.030564	-7.673857	
866	-85.195264	-0.995991	
867	-84.535087	-3.491417	
868	-82.166181	4.581578	
869	-83.520093	5.660623	
870	-80.862586	4.541794	
871	-81.884756	8.348330	
872	-81.634341	8.895569	
873	-79.199506	7.973028	
874	-79.930467	14.203531	
875	-79.615988	13.048335	
876	-79.443027	17.280472	
877	-78.442012	16.270897	
878	-78.048327	17.250587	
879	-77.168484	17.366846	
880	-76.508465	17.603119	
881	-75.952050	17.758636	
882	-75.958529	19.622265	
883	-75.842170	19.263551	
884	-74.448574	16.683022	
885	-73.190036	17.297279	
886	-72.457556	17.537388	
887	-70.602965	15.369087	
888	-69.052898	17.030197	
889	-71.027501	18.579685	
890	-70.105090	18.585307	
891	-69.756130	19.402556	
892	-68.294852	18.590778	
893	-69.820413	20.373160	
894	-67.001832	18.972249	
895	-68.198034	19.629420	
896	-65.774874	17.838380	
897	-66.381740	19.495871	
898	-65.366854	18.788235	
899	-65.176380	17.932961	
900	-63.899315	18.739596	
901	-65.524896	20.027011	
902	-63.392556	18.357032	
903	-62.574741	18.443260	
904	-60.968201	17.182788	
905	-58.784967	15.275216	
906	-59.667362	17.361032	
907	-59.468303	16.953721	
908	-61.148364	18.881536	
909	-55.980291	17.052047	
910	-58.182836	16.350263	
911	-57.512976	16.118073	
912	-56.938215	16.254529	
913	-54.285741	14.669876	
914	-54.451610	14.545794	
915	-56.190446	14.865977	
916	-53.067860	14.087508	
917	-53.184960	13.342754	
918	-54.938940	12.623231	
919	-52.147106	12.797468	
920	-51.497995	11.800624	
921	-54.822105	12.967827	
922	-54.159063	11.554808	
923	-52.323967	11.381376	
924	-50.075135	10.558119	
925	-53.992756	9.876855	
926	-52.149430	10.814964	
927	-52.505971	8.892305	
928	-49.729451	8.258645	
929	-53.515638	8.429946	
930	-50.841331	8.664274	
931	-49.994310	8.435694	
932	-53.909554	8.550930	
933	-52.859608	7.541006	
934	-49.914821	7.117024	
935	-49.945823	7.555803	
936	-51.314735	6.071216	
937	-52.187886	8.480542	
938	-54.177815	7.869406	
939	-54.668592	8.567166	
940	-53.502539	7.006629	
941	-51.712310	7.394662	
942	-47.111593	9.250167	
943	-50.859386	6.489148	
944	-52.621131	8.303485	
945	-51.334160	7.984128	
946	-50.582627	7.684605	
947	-50.440243	8.886746	
948	-50.934364	9.455298	
949	-51.392685	10.243110	
950	-51.897300	10.775807	
951	-50.010111	11.562407	
952	NaN	NaN	
953	NaN	NaN	
954	NaN	NaN	
955	-48.675328	9.289551	
956	-50.230568	10.492548	
957	-50.724495	10.491806	
958	-51.186942	10.085133	
959	-48.451322	10.491967	
960	-53.453984	13.033004	
961	-49.121594	9.486613	
962	-50.557233	9.743913	
963	-48.486756	11.179484	
964	-49.161205	10.667064	
965	-50.585058	12.378850	
966	-48.614276	11.858772	
967	-48.780865	11.168380	
968	-51.067325	11.358774	
969	-48.293717	10.883158	
970	-49.213349	12.258750	
971	-49.369039	10.812157	
972	-50.708907	11.743249	
973	-50.850526	12.353627	
974	-50.314148	13.315194	
975	-48.163385	11.697894	
976	-47.980574	12.037431	
977	-47.431274	11.277092	
978	-48.102087	10.398135	
979	-48.098413	12.772978	
980	-47.488440	12.533224	
981	-46.711647	12.247968	
982	-46.855392	11.588947	
983	-45.769859	12.421529	
984	-44.626873	13.068735	
985	-48.285403	14.303796	
986	-45.490598	14.671928	
987	-43.837190	13.268770	
988	-45.778041	13.561426	
989	-44.034888	13.506976	
990	-43.749743	13.666154	
991	-45.367977	15.111967	
992	-46.829745	17.559260	
993	-45.393605	17.047497	
994	-44.612036	16.556141	
995	-47.455196	17.877185	
996	-46.935915	17.900017	
997	-43.957240	14.603473	
998	-46.823634	16.547087	
999	-47.726445	18.235474	
1000	-48.767125	16.703720	
1001	-50.744018	16.426209	
1002	-53.358355	19.143426	
1003	-51.357794	17.384968	
1004	-49.204144	16.976670	
1005	NaN	NaN	
1006	NaN	NaN	
1007	NaN	NaN	
1008	NaN	NaN	
1009	NaN	NaN	
1010	NaN	NaN	
1011	NaN	NaN	
1012	NaN	NaN	
1013	NaN	NaN	
1014	NaN	NaN	
1015	NaN	NaN	
1016	NaN	NaN	
1017	NaN	NaN	
1018	NaN	NaN	
1019	NaN	NaN	
1020	NaN	NaN	
1021	NaN	NaN	
1022	NaN	NaN	
1023	NaN	NaN	
1024	NaN	NaN	
1025	NaN	NaN	
1026	NaN	NaN	
1027	NaN	NaN	
1028	NaN	NaN	
1029	NaN	NaN	
1030	NaN	NaN	
1031	NaN	NaN	
1032	NaN	NaN	
1033	NaN	NaN	
1034	NaN	NaN	
1035	NaN	NaN	
1036	NaN	NaN	
1037	NaN	NaN	
1038	NaN	NaN	
1039	NaN	NaN	
1040	NaN	NaN	
1041	NaN	NaN	
1042	NaN	NaN	
1043	NaN	NaN	
1044	NaN	NaN	
1045	NaN	NaN	
1046	NaN	NaN	
1047	NaN	NaN	
1048	NaN	NaN	
1049	NaN	NaN	
1050	NaN	NaN	
1051	NaN	NaN	
1052	NaN	NaN	
1053	NaN	NaN	
1054	NaN	NaN	
1055	NaN	NaN	
1056	NaN	NaN	
1057	NaN	NaN	
1058	NaN	NaN	
1059	NaN	NaN	
1060	NaN	NaN	
1061	NaN	NaN	
1062	NaN	NaN	
1063	NaN	NaN	
1064	NaN	NaN	
1065	NaN	NaN	
1066	NaN	NaN	
1067	NaN	NaN	
1068	NaN	NaN	
1069	NaN	NaN	
1070	NaN	NaN	
1071	NaN	NaN	
1072	NaN	NaN	
1073	NaN	NaN	
1074	NaN	NaN	
1075	NaN	NaN	
1076	NaN	NaN	
1077	NaN	NaN	
1078	NaN	NaN	
1079	NaN	NaN	
1080	NaN	NaN	
1081	NaN	NaN	
1082	NaN	NaN	
1083	NaN	NaN	
1084	NaN	NaN	
1085	NaN	NaN	
1086	NaN	NaN	
1087	NaN	NaN	
1088	NaN	NaN	
1089	NaN	NaN	
1090	NaN	NaN	
1091	NaN	NaN	
1092	NaN	NaN	
1093	NaN	NaN	
1094	NaN	NaN	
1095	NaN	NaN	
1096	NaN	NaN	
1097	NaN	NaN	
1098	NaN	NaN	
1099	NaN	NaN	
1100	NaN	NaN	
1101	NaN	NaN	
1102	NaN	NaN	
1103	NaN	NaN	
1104	NaN	NaN	
1105	NaN	NaN	
1106	NaN	NaN	
1107	NaN	NaN	
1108	NaN	NaN	
1109	NaN	NaN	
1110	NaN	NaN	
1111	NaN	NaN	
1112	NaN	NaN	
1113	NaN	NaN	
1114	NaN	NaN	
1115	NaN	NaN	
1116	NaN	NaN	
1117	NaN	NaN	
1118	NaN	NaN	
1119	NaN	NaN	
1120	NaN	NaN	
1121	NaN	NaN	
1122	NaN	NaN	
1123	NaN	NaN	
1124	NaN	NaN	
1125	NaN	NaN	
1126	NaN	NaN	
1127	NaN	NaN	
1128	NaN	NaN	
1129	NaN	NaN	
1130	NaN	NaN	
1131	NaN	NaN	
1132	NaN	NaN	
1133	NaN	NaN	
1134	NaN	NaN	
1135	NaN	NaN	
1136	NaN	NaN	
1137	NaN	NaN	
1138	NaN	NaN	
1139	NaN	NaN	
1140	NaN	NaN	
1141	NaN	NaN	
1142	NaN	NaN	
1143	NaN	NaN	
1144	NaN	NaN	
1145	NaN	NaN	
1146	NaN	NaN	
1147	NaN	NaN	
1148	NaN	NaN	
1149	NaN	NaN	
1150	NaN	NaN	
1151	NaN	NaN	
1152	NaN	NaN	
1153	NaN	NaN	
1154	NaN	NaN	
1155	NaN	NaN	
1156	NaN	NaN	
1157	NaN	NaN	
1158	NaN	NaN	
1159	NaN	NaN	
1160	NaN	NaN	
1161	NaN	NaN	
1162	NaN	NaN	
1163	NaN	NaN	
1164	NaN	NaN	
1165	NaN	NaN	
1166	NaN	NaN	
1167	-130.971543	-94.192647	
1168	-130.806912	-93.607778	
1169	-179.534970	-95.245869	
1170	NaN	NaN	
1171	NaN	NaN	
1172	NaN	NaN	
1173	NaN	NaN	
1174	NaN	NaN	
1175	NaN	NaN	
1176	NaN	NaN	
1177	NaN	NaN	
1178	NaN	NaN	
1179	NaN	NaN	
1180	NaN	NaN	
1181	NaN	NaN	
1182	NaN	NaN	
1183	NaN	NaN	
1184	NaN	NaN	
1185	NaN	NaN	
1186	NaN	NaN	
1187	NaN	NaN	
1188	NaN	NaN	
1189	NaN	NaN	
1190	NaN	NaN	
1191	NaN	NaN	
1192	NaN	NaN	
1193	NaN	NaN	
1194	NaN	NaN	
1195	NaN	NaN	
1196	NaN	NaN	
1197	NaN	NaN	
1198	NaN	NaN	
1199	NaN	NaN	
1200	NaN	NaN	
1201	NaN	NaN	
1202	NaN	NaN	
1203	NaN	NaN	
1204	NaN	NaN	
1205	NaN	NaN	
1206	NaN	NaN	
1207	NaN	NaN	
1208	NaN	NaN	
1209	NaN	NaN	
1210	NaN	NaN	
1211	NaN	NaN	
1212	NaN	NaN	
1213	NaN	NaN	
1214	NaN	NaN	
1215	NaN	NaN	
1216	NaN	NaN	
1217	NaN	NaN	
1218	NaN	NaN	
1219	NaN	NaN	
1220	NaN	NaN	
1221	NaN	NaN	
1222	NaN	NaN	
1223	NaN	NaN	
1224	NaN	NaN	
1225	NaN	NaN	
1226	NaN	NaN	
1227	NaN	NaN	
1228	NaN	NaN	
1229	NaN	NaN	
1230	NaN	NaN	
1231	NaN	NaN	
1232	NaN	NaN	
1233	NaN	NaN	
1234	NaN	NaN	
1235	NaN	NaN	
1236	NaN	NaN	
1237	NaN	NaN	
1238	NaN	NaN	
1239	NaN	NaN	
1240	NaN	NaN	
1241	NaN	NaN	
1242	NaN	NaN	
1243	NaN	NaN	
1244	NaN	NaN	
1245	NaN	NaN	
1246	NaN	NaN	
1247	NaN	NaN	
1248	NaN	NaN	
1249	NaN	NaN	
1250	NaN	NaN	
1251	NaN	NaN	
1252	NaN	NaN	
1253	NaN	NaN	
1254	NaN	NaN	
1255	NaN	NaN	
1256	NaN	NaN	
1257	NaN	NaN	
1258	NaN	NaN	
1259	NaN	NaN	
1260	NaN	NaN	
1261	NaN	NaN	
1262	NaN	NaN	
1263	NaN	NaN	
1264	NaN	NaN	
1265	NaN	NaN	
1266	NaN	NaN	
1267	NaN	NaN	
1268	NaN	NaN	
1269	NaN	NaN	
1270	NaN	NaN	
1271	NaN	NaN	
1272	NaN	NaN	
1273	NaN	NaN	
1274	NaN	NaN	
1275	NaN	NaN	
1276	NaN	NaN	
1277	NaN	NaN	
1278	NaN	NaN	
1279	NaN	NaN	
1280	NaN	NaN	
1281	NaN	NaN	
1282	NaN	NaN	
1283	NaN	NaN	
1284	NaN	NaN	
1285	NaN	NaN	
1286	NaN	NaN	
1287	NaN	NaN	
1288	NaN	NaN	
1289	NaN	NaN	
1290	NaN	NaN	
1291	NaN	NaN	
1292	NaN	NaN	
1293	NaN	NaN	
1294	NaN	NaN	
1295	NaN	NaN	
1296	NaN	NaN	
1297	NaN	NaN	
1298	NaN	NaN	
1299	NaN	NaN	
1300	NaN	NaN	
1301	NaN	NaN	
1302	NaN	NaN	
