Athlete_Engineering	// User ID
11-2-2021	// Evaluation date
P015_Walk3	30-1-2021	14:18:57:128	// Source file name and timestamp
250.000	// Sampling rate
5.595	// Data capture period



Sample #	Right_Leg_Flexion	Right_Leg_Abduction	
0	-74.420562	10.942353	
1	-74.378781	10.598873	
2	-74.407009	10.001506	
3	-74.435127	10.635285	
4	-74.260522	10.775388	
5	-74.306235	10.817116	
6	-74.219715	10.563945	
7	-74.256469	10.553438	
8	-74.233507	10.352467	
9	-74.330131	9.907476	
10	-74.258544	10.044634	
11	-74.272762	10.163473	
12	-74.328966	10.290814	
13	-74.339842	10.068409	
14	-74.236420	10.014398	
15	-74.228717	11.070575	
16	-74.224688	10.698702	
17	-74.275182	10.799244	
18	-74.283223	10.304335	
19	-74.233018	10.244235	
20	-74.324999	10.631208	
21	-74.170068	10.795988	
22	-73.529558	9.390152	
23	-74.089810	9.640288	
24	-74.045359	9.521726	
25	-74.101933	8.751900	
26	-74.100283	9.337575	
27	-74.240647	9.671975	
28	-74.139958	9.675146	
29	-74.031827	9.237198	
30	-73.516501	8.593203	
31	-74.228028	8.334907	
32	-74.127608	8.777543	
33	-73.970153	9.029238	
34	-73.506415	8.471252	
35	-73.984351	8.810188	
36	-73.635012	8.191398	
37	-73.345602	8.153900	
38	-73.472796	8.372660	
39	-74.005862	8.435183	
40	-73.512426	7.695893	
41	-73.570055	7.595417	
42	-74.829881	7.221283	
43	-74.186417	7.755191	
44	-74.320407	7.716449	
45	-73.668221	7.373136	
46	-74.314602	7.973835	
47	-74.295101	7.633987	
48	-73.684760	8.014073	
49	-74.301086	8.356798	
50	-73.616266	7.878798	
51	-73.577112	8.100018	
52	-74.191675	8.011316	
53	-73.682564	7.146446	
54	-74.390653	7.801389	
55	-73.735371	6.064207	
56	-74.371419	7.881215	
57	-73.682463	6.616474	
58	-74.924561	7.077381	
59	-74.337545	7.528730	
60	-73.640478	6.435253	
61	-73.642691	6.490353	
62	-73.767315	7.129552	
63	-74.523304	8.038043	
64	-73.874675	7.040642	
65	-74.423340	7.997766	
66	-74.404179	8.450330	
67	-74.376770	8.510305	
68	-74.250231	8.096820	
69	-74.224273	8.870957	
70	-74.255642	8.790197	
71	-74.254605	9.043378	
72	-74.261120	9.610811	
73	-74.243837	9.519901	
74	-74.195251	9.462485	
75	-74.280764	9.718776	
76	-74.286459	9.619831	
77	-74.278447	9.210461	
78	-74.332226	9.843213	
79	-74.512493	9.387988	
80	-74.574413	9.986268	
81	-74.577175	8.713913	
82	-74.472065	12.001213	
83	-74.485930	10.466776	
84	-74.386903	11.259957	
85	-74.426994	11.667872	
86	-74.441033	10.402455	
87	-74.546191	10.855793	
88	-74.593028	10.262807	
89	-74.515849	11.673104	
90	-74.603526	10.435760	
91	-74.737134	10.192059	
92	-74.667159	9.688966	
93	-74.695778	9.929013	
94	-74.636696	10.334475	
95	-74.556374	10.886759	
96	-74.552381	12.813477	
97	-74.651546	11.346822	
98	-74.636610	10.376984	
99	-74.604818	9.904148	
100	-74.654745	10.036423	
101	-74.540690	10.043785	
102	-74.471167	9.026337	
103	-74.572438	8.910512	
104	-74.553437	8.538024	
105	-74.513345	8.470791	
106	-74.555533	8.615881	
107	-74.568473	8.325698	
108	-74.531550	8.131511	
109	-74.629765	8.399667	
110	-74.604566	8.359106	
111	-74.631783	7.759094	
112	-74.646462	8.147001	
113	-74.577071	8.175398	
114	-74.533693	8.312986	
115	-74.586214	8.244619	
116	-74.439851	7.145938	
117	-74.471935	8.536671	
118	-74.547828	8.015088	
119	-74.533087	8.255053	
120	-74.937449	10.014772	
121	-74.765837	9.517346	
122	-74.788668	10.103289	
123	-74.845266	9.833263	
124	-74.909365	9.359665	
125	-74.750701	9.883998	
126	-74.870797	9.120259	
127	-74.773152	9.816656	
128	-74.807188	10.386909	
129	-74.775485	8.668813	
130	-74.847398	10.541093	
131	-74.866498	11.302454	
132	-74.792917	11.915706	
133	-74.812292	9.940167	
134	-74.926520	10.606663	
135	-74.898234	10.631554	
136	-74.930817	11.394673	
137	-75.100515	11.433685	
138	-74.963882	11.950547	
139	-75.186625	12.940395	
140	-75.091548	13.376019	
141	-74.981005	14.253396	
142	-75.050835	12.826112	
143	-75.030813	13.161922	
144	-75.031605	13.592777	
145	-75.136247	13.181914	
146	-75.069176	14.165948	
147	-75.139858	14.034923	
148	-75.199959	13.573390	
149	-75.137117	13.334708	
150	-75.162160	13.975042	
151	-75.123598	13.810126	
152	-75.180395	12.882022	
153	-75.225369	12.471494	
154	-75.303268	12.155302	
155	-75.341977	12.724227	
156	-75.305019	12.394010	
157	-75.440385	12.395723	
158	-75.580691	12.368331	
159	-75.569008	12.992060	
160	-75.573318	11.923976	
161	-75.651472	11.443870	
162	-75.678214	11.886951	
163	-75.831815	11.905534	
164	-75.731163	11.635508	
165	-75.770471	11.737661	
166	-75.777026	12.148234	
167	-75.804822	10.778065	
168	-75.787957	11.036355	
169	-75.572614	10.337095	
170	-75.516576	11.302926	
171	-75.672271	11.429031	
172	-75.519701	10.242685	
173	-75.751289	11.412882	
174	-75.757230	11.769023	
175	-75.821185	11.259429	
176	-75.773885	11.876770	
177	-75.108037	11.408042	
178	-75.402944	12.471324	
179	-75.231610	13.079897	
180	-75.045622	13.267350	
181	-75.141249	13.907096	
182	-74.781850	12.687590	
183	-74.490445	11.620135	
184	-74.452100	11.562166	
185	-74.213411	13.143030	
186	-74.101155	13.416694	
187	-74.014636	12.285712	
188	-73.944724	12.851121	
189	-73.773346	14.237057	
190	-73.530737	13.503919	
191	-72.915153	13.515231	
192	-72.881637	14.187248	
193	-72.102501	12.787918	
194	-71.869395	14.377275	
195	-71.517064	15.074708	
196	-71.001507	14.393371	
197	-70.443641	14.814141	
198	-70.395241	13.646583	
199	-69.942866	13.857671	
200	-69.437256	15.040706	
201	-68.816648	14.671800	
202	-68.357498	14.506501	
203	-67.621341	13.401166	
204	-67.278299	14.360267	
205	-66.954730	15.892140	
206	-66.404890	15.621365	
207	-66.136957	14.889568	
208	-65.362564	15.228903	
209	-64.999983	15.022944	
210	-64.433551	15.996805	
211	-63.577293	15.450345	
212	-63.154862	15.867840	
213	-62.392422	15.708847	
214	-62.244260	16.874446	
215	-61.251007	17.122829	
216	-60.735323	17.155632	
217	-60.366540	17.060624	
218	-59.767752	17.001064	
219	-59.023620	16.234356	
220	-58.491674	15.981718	
221	-57.547968	14.810597	
222	-56.957333	15.671025	
223	-56.400732	15.257073	
224	-55.652620	16.662154	
225	-55.612859	15.418167	
226	-54.897500	15.237296	
227	-54.146180	14.938829	
228	-53.379979	15.302178	
229	-52.977157	14.876201	
230	-53.334375	13.927819	
231	-52.942440	13.800298	
232	-51.928915	14.142002	
233	-51.685594	15.106730	
234	-51.488985	13.697312	
235	-51.827463	13.614334	
236	-51.172095	12.636247	
237	-50.610734	12.250440	
238	-50.386872	12.328849	
239	-50.335378	11.690240	
240	-49.949028	12.077331	
241	-49.653439	11.840160	
242	-49.723233	11.049932	
243	-49.607925	11.068351	
244	-49.017567	11.140907	
245	-48.747919	10.628235	
246	-49.353369	9.773778	
247	-48.518267	10.077609	
248	-48.019603	11.130262	
249	-47.912218	9.364069	
250	-47.781935	10.531326	
251	-47.515432	10.305764	
252	-47.175492	9.173405	
253	-46.949270	9.193920	
254	-46.770130	8.888402	
255	-47.180163	8.388280	
256	-47.127175	7.789352	
257	-45.966129	8.674160	
258	-45.684684	8.916718	
259	-45.562447	8.465837	
260	-45.027239	7.918586	
261	-46.051890	7.315362	
262	-44.821160	7.285021	
263	-44.974665	7.963004	
264	-44.636753	7.894861	
265	-44.422290	9.179892	
266	-44.730012	7.969650	
267	-44.098309	8.682342	
268	-43.336893	9.298372	
269	-43.296988	9.118469	
270	-43.060446	8.885886	
271	-44.170948	7.801809	
272	-42.994045	8.728065	
273	-42.990472	8.547242	
274	-42.631194	9.001150	
275	-42.672797	8.968353	
276	-42.512706	8.137416	
277	-42.667561	8.576552	
278	-41.992360	8.916180	
279	-42.307400	8.879083	
280	-41.991021	8.833137	
281	-41.950921	8.795114	
282	-41.598583	9.153697	
283	-41.963331	8.684237	
284	-41.577185	8.712020	
285	-42.847643	7.394605	
286	-41.572334	9.078443	
287	-41.258221	8.367695	
288	-41.227213	8.885301	
289	-41.211691	8.719088	
290	-40.872693	9.379147	
291	-40.775745	8.839945	
292	-40.965369	8.901084	
293	-42.010551	7.661956	
294	-41.820256	7.665604	
295	-40.332143	8.212092	
296	-40.300868	8.931270	
297	-40.189645	9.147383	
298	-39.892386	9.411912	
299	-40.065368	9.297361	
300	-39.834359	9.631178	
301	-39.591840	9.256822	
302	-40.750855	7.816911	
303	-40.841884	7.836541	
304	-40.549645	8.125783	
305	-40.647338	8.057020	
306	-40.735843	7.717857	
307	-40.676060	7.805138	
308	-39.104708	9.502808	
309	-40.339414	8.011098	
310	-40.225439	7.822669	
311	-39.885941	8.001126	
312	-39.638490	7.795429	
313	-38.475770	9.201581	
314	-38.473554	9.357647	
315	-38.334025	8.725560	
316	-38.039950	9.208886	
317	-39.341441	8.159395	
318	-39.139969	7.591710	
319	-38.882896	7.137301	
320	-39.362467	8.013445	
321	-37.243605	8.602767	
322	-37.060983	8.704386	
323	-37.182756	8.475708	
324	-38.319409	6.844215	
325	-38.219947	6.643521	
326	-39.719038	6.791124	
327	-39.845074	7.323102	
328	-38.056020	6.134908	
329	-37.465550	5.985143	
330	-39.291810	6.905831	
331	-39.000627	8.865853	
332	-37.494724	6.422662	
333	-36.054265	7.804659	
334	-39.520063	8.352178	
335	-37.347346	6.633397	
336	-35.612966	8.296598	
337	-36.907734	6.844902	
338	-36.680962	9.838642	
339	-37.780996	9.742432	
340	-35.500346	8.552576	
341	-38.651289	8.596299	
342	-36.059709	7.332231	
343	-38.034395	8.188935	
344	-36.995765	6.789793	
345	-36.566901	6.890398	
346	-39.706390	7.569424	
347	-37.304000	6.187018	
348	-39.727366	7.230509	
349	-38.378505	4.892595	
350	-40.388840	6.254510	
351	-38.060239	4.994750	
352	-40.503084	4.842069	
353	-38.906128	3.834906	
354	-39.169130	2.679248	
355	-39.409428	2.017026	
356	-38.497731	3.073730	
357	-40.680872	4.066613	
358	-38.591141	2.025691	
359	-39.458693	1.340255	
360	-39.263796	1.092530	
361	-39.269963	2.261460	
362	-41.433956	0.952405	
363	-39.497177	2.653824	
364	-38.846371	3.568834	
365	-38.883098	3.907663	
366	-38.362235	4.335612	
367	-38.445396	5.028269	
368	-38.314787	5.750121	
369	-38.370572	5.173908	
370	-38.946704	4.930681	
371	-39.517550	5.216522	
372	-39.845296	4.631523	
373	-40.943390	4.109873	
374	-43.892699	3.930314	
375	-42.556632	1.557346	
376	-44.676516	1.630671	
377	-45.142971	0.116501	
378	-45.460088	-0.303212	
379	-46.042998	-2.018618	
380	-45.283759	-4.070479	
381	-48.825255	-3.459252	
382	-49.293221	-3.418875	
383	-48.236645	-3.938115	
384	-48.999589	-3.773158	
385	-48.935490	-3.810346	
386	-48.025242	-3.999397	
387	-46.855435	-2.816270	
388	-50.153462	-0.983916	
389	-51.165450	-1.704131	
390	-52.063606	-1.734031	
391	-47.777680	-1.232138	
392	-52.042433	0.247087	
393	-48.423282	-1.396487	
394	-48.690883	-1.218767	
395	-53.709340	-1.360059	
396	-54.133417	-1.566400	
397	-49.880740	-3.069856	
398	-50.006861	-3.104939	
399	-54.279512	-2.527791	
400	-50.428884	-2.957973	
401	-50.875410	-3.072051	
402	-51.468599	-3.342723	
403	-51.317644	-2.834181	
404	-51.566031	-2.625172	
405	-51.498176	-1.674353	
406	-52.260340	-1.820794	
407	-52.341829	-1.259494	
408	-53.073265	-0.902795	
409	-53.201321	-1.399479	
410	-53.728260	-0.567772	
411	-54.233390	-1.084746	
412	-54.391138	-1.551708	
413	-54.411427	-0.808231	
414	-54.959739	-0.617421	
415	-55.066615	-0.876595	
416	-55.781135	-0.975642	
417	-60.582592	-0.431288	
418	-60.819546	-0.704528	
419	-56.796946	-1.870996	
420	-57.205432	-1.563160	
421	-57.870668	-0.746268	
422	-57.639403	-0.924356	
423	-63.536699	-0.458773	
424	-58.720401	-1.125507	
425	-64.829030	-0.710885	
426	-60.238862	-0.629266	
427	-60.255840	-0.505988	
428	-59.627158	0.697047	
429	-65.224528	1.099379	
430	-61.176793	0.216623	
431	-66.338948	-0.115138	
432	-67.727158	0.169675	
433	-67.193668	0.722466	
434	-67.489651	0.272356	
435	-62.519033	0.971869	
436	-62.379102	0.423325	
437	-63.043334	0.623081	
438	-63.469918	1.030064	
439	-68.844018	0.265563	
440	-64.058418	0.396291	
441	-64.147864	0.623310	
442	-69.736685	2.285135	
443	-64.001922	1.493125	
444	-64.647057	1.245033	
445	-65.138218	1.700851	
446	-64.861952	1.243033	
447	-64.621553	1.082762	
448	-64.971677	1.232314	
449	-71.209929	1.368527	
450	-70.177020	2.552424	
451	-70.184546	2.175139	
452	-71.587105	-0.969639	
453	-72.513337	-0.794409	
454	-72.884342	-0.578238	
455	-71.462487	1.385353	
456	-75.690510	0.527413	
457	-71.745355	3.495699	
458	-74.232345	4.086212	
459	-68.251164	4.512524	
460	-74.916779	4.660861	
461	-72.344363	4.954815	
462	-76.902207	4.885325	
463	-74.017820	3.453354	
464	-73.334873	4.550205	
465	-75.387726	4.442210	
466	-75.640815	4.945643	
467	-78.378581	6.965823	
468	-74.861721	4.839745	
469	-76.029210	4.515495	
470	-76.545674	3.414545	
471	-77.060754	3.814459	
472	-81.389306	7.294048	
473	-76.082105	4.518485	
474	-82.052696	4.103560	
475	-82.150379	5.839633	
476	-80.434382	5.807338	
477	-82.713542	4.691936	
478	-78.450898	2.815910	
479	-79.209353	2.041347	
480	-77.149361	2.125042	
481	-81.943341	5.475130	
482	-82.684191	4.980036	
483	-78.370391	0.721854	
484	-84.690595	2.132269	
485	-80.932813	-2.003467	
486	-84.103406	2.914149	
487	-85.925429	-2.024681	
488	-86.371376	-5.320742	
489	-86.626983	-8.874930	
490	-85.271255	-10.940502	
491	-87.701445	-33.050534	
492	-85.536034	-0.550650	
493	-87.905379	-31.801151	
494	-87.713103	-26.456646	
495	-88.738198	-51.001224	
496	-81.706330	-1.556588	
497	-88.966346	-49.653612	
498	-90.068135	-92.287492	
499	-84.105793	-19.550422	
500	-88.136440	-40.396372	
501	-86.113476	-12.618911	
502	-88.605001	-42.276820	
503	-82.605187	-22.869347	
504	-89.274712	-72.751058	
505	-88.164183	-46.718716	
506	-90.480427	-98.881125	
507	-90.259421	-95.534964	
508	-83.784553	-13.287480	
509	-89.615572	-81.484024	
510	-89.730098	-84.291169	
511	-84.013065	-16.300285	
512	-83.806013	-14.161533	
513	-83.419346	-11.347605	
514	-83.975228	-14.411773	
515	-88.592671	-66.568920	
516	-90.361517	-96.834966	
517	-90.650918	-102.246862	
518	-83.737777	-9.380319	
519	-87.763252	-44.809011	
520	-84.490222	-6.286814	
521	-84.091975	-3.600055	
522	-84.376886	1.637718	
523	-89.976323	-89.026143	
524	-87.057128	-3.878585	
525	-86.163389	1.645522	
526	-89.344937	-45.025482	
527	-82.783050	6.973386	
528	-87.632911	6.504887	
529	-81.811299	7.811688	
530	-81.039603	10.549834	
531	-85.566426	4.603612	
532	-79.883354	10.071734	
533	-79.177608	10.881749	
534	-78.802669	10.694294	
535	-78.720664	11.848706	
536	-84.278601	10.617196	
537	-83.780777	11.191388	
538	-76.589731	12.567575	
539	-83.722575	20.527535	
540	-75.397294	12.176431	
541	-75.207988	12.721259	
542	-75.176213	13.061509	
543	-74.483130	11.571376	
544	-81.728253	23.620875	
545	-72.981075	14.508964	
546	-72.366976	14.476887	
547	-71.616074	15.301308	
548	-70.983414	14.410970	
549	-70.480929	14.962012	
550	-68.904646	14.144231	
551	-68.491980	14.523975	
552	-67.819105	14.747815	
553	-66.125162	14.254259	
554	-66.657116	14.693442	
555	-65.822774	14.833135	
556	-63.170304	14.242672	
557	-64.228145	14.990537	
558	-64.331514	14.258467	
559	-63.593380	14.197150	
560	-66.129335	15.649457	
561	-62.134692	13.256188	
562	-61.864931	12.925486	
563	-60.376407	13.158784	
564	-60.361620	15.377926	
565	-56.674822	12.964422	
566	-62.635601	14.632180	
567	-58.513224	14.212937	
568	-62.571437	13.258796	
569	-61.381984	12.697888	
570	-60.246909	12.894957	
571	-60.010937	13.300176	
572	-59.277549	12.456983	
573	-59.217657	12.443391	
574	-58.886990	12.276870	
575	-58.380012	11.280165	
576	-58.049305	11.412224	
577	-57.002140	10.586919	
578	-57.251070	10.675108	
579	-57.078846	10.839072	
580	-57.106699	10.259809	
581	-55.921833	8.840789	
582	-56.387682	9.163202	
583	-56.321551	8.575218	
584	-55.639659	8.092191	
585	-50.957125	5.147677	
586	-54.957246	7.811945	
587	-55.422888	7.858075	
588	-49.669079	10.776141	
589	-45.438216	7.040617	
590	-45.232120	6.799276	
591	-49.573531	3.280178	
592	-48.566563	3.681746	
593	-59.423771	3.754408	
594	-53.678000	6.081535	
595	-43.945782	6.544831	
596	-46.970954	7.998703	
597	-42.900397	6.159805	
598	-30.330164	-0.393523	
599	-46.613540	2.851096	
600	-57.042707	1.332888	
601	-38.104511	3.835131	
602	-47.410105	7.902916	
603	-52.197245	5.701467	
604	-54.325258	1.893406	
605	-46.910559	8.735825	
606	-51.041254	5.447835	
607	-46.990908	9.531578	
608	-51.243130	5.687283	
609	-46.261685	7.723031	
610	-44.947886	10.402565	
611	-49.985278	-0.813969	
612	-37.366859	8.928726	
613	-48.919724	6.445777	
614	-51.451339	6.223840	
615	-44.872011	2.727439	
616	-44.121121	2.482279	
617	-45.522529	10.095908	
618	-45.647502	9.708128	
619	-44.815842	9.733799	
620	-45.029605	8.686613	
621	-50.232649	5.908913	
622	-51.086599	5.692080	
623	-45.001789	2.317312	
624	-46.039201	9.639725	
625	-45.451669	9.070096	
626	-49.656140	3.412301	
627	-51.437443	3.256813	
628	-44.937269	8.498524	
629	-43.463526	8.289308	
630	-43.857236	8.683884	
631	-43.832280	8.344721	
632	-49.635507	4.051239	
633	-43.205920	8.381151	
634	-49.158170	2.743371	
635	-49.963609	3.419779	
636	-46.672460	5.931112	
637	-44.533586	8.984117	
638	-43.074548	9.083535	
639	-43.461702	8.868598	
640	-42.579141	9.065955	
641	-42.751471	9.354479	
642	-43.260015	9.167128	
643	-44.784669	6.673490	
644	-43.061180	9.450500	
645	-44.275332	6.452381	
646	-41.919885	10.288201	
647	-43.694825	7.434017	
648	-41.546683	9.730772	
649	-40.938913	10.325140	
650	-41.469264	9.436670	
651	-40.891641	10.970927	
652	-46.689126	4.179368	
653	-46.227967	5.028607	
654	-45.333887	6.533419	
655	-45.734192	5.384404	
656	-45.995896	10.503544	
657	-44.292562	6.933197	
658	-44.107434	13.485369	
659	-30.840614	6.431939	
660	-47.280473	11.236792	
661	-48.651153	15.731652	
662	-50.498585	7.723176	
663	-53.680304	10.049981	
664	-48.351315	12.369742	
665	-53.096156	6.254787	
666	-36.411266	7.500853	
667	-40.655066	4.591419	
668	-52.013554	10.563886	
669	-54.373721	-2.691604	
670	-53.226215	8.770172	
671	-51.455260	10.458880	
672	-63.431531	-2.199166	
673	-58.236853	-5.455440	
674	-45.517346	5.404003	
675	-47.440631	-9.502362	
676	-49.062442	5.738469	
677	-48.996319	-0.581941	
678	-49.106777	6.464696	
679	-51.765324	3.251018	
680	-58.490862	0.725895	
681	-57.987634	-5.731518	
682	-46.973045	4.284411	
683	-54.541284	-6.396842	
684	-60.322692	-2.453494	
685	-53.463900	-5.074469	
686	-50.181338	7.042020	
687	-47.971212	4.326395	
688	-44.150717	12.153146	
689	-44.473565	9.614246	
690	-54.072843	-0.229833	
691	-49.638756	6.632295	
692	-48.355562	7.303100	
693	-48.931304	5.906087	
694	-48.778711	6.291908	
695	-50.076480	5.265774	
696	-50.002361	3.624360	
697	-50.220472	3.837539	
698	-48.578807	6.169458	
699	-49.925071	1.484819	
700	-58.935130	-10.840755	
701	-61.049982	-11.814280	
702	-52.975019	-3.571477	
703	-52.590991	-3.655824	
704	-50.520707	-2.205918	
705	-50.377592	-2.846611	
706	-53.836782	16.640646	
707	-54.570038	0.673541	
708	-53.389262	-3.646280	
709	-51.891986	-5.627033	
710	-56.698585	-5.389932	
711	-54.533083	-3.636040	
712	-65.464050	-13.364686	
713	-65.156433	-12.987942	
714	-51.985757	-0.812844	
715	-52.112165	-0.028902	
716	-65.955695	-9.262879	
717	-53.228230	-0.430368	
718	-51.743999	4.851767	
719	-52.990846	0.979427	
720	-66.740957	-8.463440	
721	-58.168618	1.908197	
722	-57.207130	1.778132	
723	-56.623957	1.171538	
724	-56.356494	0.624459	
725	-59.612723	-0.427571	
726	-60.518913	-2.028735	
727	-59.564537	-1.489971	
728	-59.490759	0.135353	
729	-70.981355	-8.578368	
730	-58.495953	-0.701252	
731	-54.135337	-1.170151	
732	-58.965930	-1.212234	
733	-54.835166	2.458365	
734	-60.117478	-2.196980	
735	-59.971529	-0.223720	
736	-61.295392	-0.822006	
737	-75.779350	-7.404992	
738	-62.692868	-1.517358	
739	-64.057131	-3.508665	
740	-61.875790	-1.968264	
741	-63.543523	-0.236232	
742	-65.433723	-0.197186	
743	-64.956481	-2.686923	
744	-64.807549	-1.769521	
745	-70.348719	-5.911819	
746	-68.857736	-5.669167	
747	-65.689536	-2.891968	
748	-68.749181	-2.881033	
749	-69.776702	-0.350498	
750	-70.444597	-5.506291	
751	-70.090052	-3.423128	
752	-70.172016	-2.059512	
753	-70.959960	-3.737595	
754	-75.810495	-3.531155	
755	-70.758391	-1.340258	
756	-72.393898	-2.865394	
757	-72.138315	-2.339950	
758	-62.072290	-0.691586	
759	-69.522992	-2.248677	
760	-69.149235	-0.376419	
761	-72.169765	1.551821	
762	-75.494859	1.163779	
763	-76.008899	-0.859185	
764	-66.093656	1.630518	
765	-73.979859	0.112649	
766	-77.079424	-1.595137	
767	-70.496918	-0.891810	
768	-74.680946	13.642041	
769	-73.733187	11.052941	
770	-73.016443	11.219646	
771	-76.069593	-2.277921	
772	-77.425383	2.798417	
773	-78.210926	1.563025	
774	-79.209080	-7.028371	
775	-80.203170	-0.708797	
776	-80.276951	-5.918602	
777	-78.289342	-1.133861	
778	-79.774343	-0.703147	
779	-80.735983	-4.800287	
780	-81.816800	-5.254150	
781	-81.328197	-7.036668	
782	-79.717955	5.762340	
783	-82.518333	-8.231349	
784	-83.446030	-5.015714	
785	-83.382441	-6.603928	
786	-81.138363	8.731456	
787	-80.146711	10.231124	
788	-83.212708	-8.085624	
789	-83.765328	-12.946830	
790	-82.605639	-6.378359	
791	-85.507315	-17.798573	
792	-83.663619	-11.812321	
793	-84.563274	-4.588488	
794	-85.681995	-20.664543	
795	-86.726800	-36.961995	
796	-86.507246	-38.386283	
797	-86.586514	-28.609142	
798	-85.715989	-19.453964	
799	-76.021043	0.093999	
800	-88.704263	-61.288437	
801	-89.089876	-61.611946	
802	-89.210545	-74.289495	
803	-88.566515	-41.113849	
804	-88.370099	-39.364069	
805	-89.146604	-75.444500	
806	-88.354569	-52.145661	
807	-76.786682	-3.229020	
808	-88.967979	-71.395946	
809	-88.358554	-61.555817	
810	-83.994354	-25.205055	
811	-87.907441	-57.620877	
812	-88.451635	-66.510335	
813	-88.631218	-65.865678	
814	-88.499542	-67.176787	
815	-87.822349	-57.817291	
816	-84.401702	-8.689709	
817	-85.595635	-34.442935	
818	-85.915511	-18.599469	
819	-87.157209	-39.268248	
820	-89.593019	-84.299764	
821	-87.232953	-42.734757	
822	-90.188924	-92.946246	
823	-88.635568	-60.719970	
824	-88.473345	-57.825551	
825	-89.682821	-85.141640	
826	-87.022885	-24.524524	
827	-88.378614	-56.439883	
828	-89.033086	-50.842947	
829	-88.211897	-35.097016	
830	-87.544959	-21.514527	
831	-87.151938	-13.366204	
832	-87.908603	-18.440482	
833	-85.836576	-55.711209	
834	-86.501464	-61.009645	
835	-84.797639	9.467223	
836	-59.750075	11.829174	
837	-83.924064	23.348574	
838	-83.719080	18.297002	
839	-84.379674	26.707841	
840	-82.733584	28.054845	
841	-81.555050	28.358986	
842	-81.014597	27.165612	
843	-79.899354	27.739011	
844	-80.512376	33.753787	
845	-79.573783	17.941074	
846	-79.437592	15.561389	
847	-77.941340	17.637681	
848	-76.849895	19.576522	
849	-77.007599	18.634456	
850	-75.139654	16.381378	
851	-74.963011	17.267617	
852	-74.574881	18.023106	
853	-74.483519	19.640808	
854	-73.408506	20.000224	
855	-72.080699	17.783809	
856	-72.070225	20.079372	
857	-71.396810	18.564544	
858	-67.746687	22.407510	
859	-67.140837	23.062801	
860	-66.079903	23.295813	
861	-68.782032	19.928431	
862	-67.965256	20.726719	
863	-67.959505	19.674124	
864	-66.936847	19.212129	
865	-66.539617	19.348612	
866	-65.599290	20.018019	
867	-65.564226	19.096641	
868	-66.133058	15.425008	
869	-64.040008	18.520769	
870	-65.164654	16.603699	
871	-65.430841	15.707304	
872	-60.747892	17.268670	
873	-56.099688	17.120762	
874	-55.141684	18.302580	
875	-64.533814	13.903595	
876	-61.638303	16.596337	
877	-61.212808	16.082139	
878	-61.570299	15.244233	
879	-61.506538	10.758345	
880	-59.601448	15.080298	
881	-59.994064	13.705436	
882	-59.511699	12.806645	
883	-59.008898	12.875143	
884	-59.636544	10.362006	
885	-57.832854	12.391891	
886	-58.214072	6.567245	
887	-58.504000	8.629596	
888	-55.365766	9.676079	
889	-54.666108	7.897102	
890	-57.399454	7.070616	
891	-56.393394	8.403395	
892	-56.664873	6.973756	
893	-56.352224	8.337586	
894	-53.378449	8.548048	
895	-54.590153	8.616857	
896	-50.931446	10.443767	
897	-54.313489	6.021546	
898	-54.693232	6.957554	
899	-54.001328	6.516517	
900	-54.641943	6.952837	
901	-52.628326	8.614582	
902	-53.705243	6.649997	
903	-53.735493	4.897550	
904	-53.023584	5.702778	
905	-52.963630	8.276047	
906	-53.241309	7.152276	
907	-52.631319	5.827530	
908	-52.877376	5.485897	
909	-52.409821	6.436368	
910	-52.654520	6.768624	
911	-52.092724	5.892822	
912	-52.362820	7.044619	
913	-51.899621	6.822225	
914	-52.379587	7.886108	
915	-53.166123	6.976090	
916	-48.045992	8.901181	
917	-51.582882	8.668989	
918	-50.941165	9.327812	
919	-50.311291	8.237553	
920	-51.404005	9.091428	
921	-51.624516	9.310380	
922	-50.583709	9.568701	
923	-50.907427	9.388562	
924	-51.210514	10.314770	
925	-49.691455	9.030527	
926	-50.765050	10.076306	
927	-49.370099	11.230401	
928	-50.482518	10.209551	
929	-50.669343	8.866305	
930	-50.173343	9.217850	
931	-50.538347	8.612608	
932	-49.715127	8.858887	
933	-49.816873	7.872347	
934	-49.382584	8.305253	
935	-45.797530	10.084389	
936	-48.852036	8.714459	
937	-48.138651	8.991165	
938	-48.589064	9.063815	
939	-48.177919	9.904585	
940	-47.479478	9.241477	
941	-48.092791	10.902132	
942	-48.169781	11.263990	
943	-45.285017	12.135428	
944	-45.722776	11.779413	
945	-46.495930	11.592801	
946	-45.543443	12.363848	
947	-44.412996	13.352582	
948	-43.771939	12.163997	
949	-46.672966	13.619179	
950	-42.810301	11.682570	
951	-42.631177	12.228649	
952	-42.684771	12.440646	
953	-42.227733	11.641859	
954	-46.928784	17.882952	
955	-42.900923	12.957427	
956	-43.418395	12.804285	
957	-44.115667	11.484451	
958	-43.847900	13.795629	
959	-42.013972	12.822613	
960	-43.294352	13.442161	
961	-42.475570	12.346921	
962	-45.424439	15.188386	
963	-43.904053	15.690489	
964	-43.650273	16.246962	
965	-46.026369	15.991782	
966	-44.426614	14.952984	
967	-46.226727	16.200996	
968	-46.564214	15.137569	
969	-46.512602	14.729678	
970	NaN	NaN	
971	NaN	NaN	
972	NaN	NaN	
973	NaN	NaN	
974	NaN	NaN	
975	NaN	NaN	
976	NaN	NaN	
977	NaN	NaN	
978	-51.461962	9.497736	
979	-49.664014	8.096510	
980	-51.468986	8.839442	
981	-47.541368	8.883975	
982	-50.106254	8.544258	
983	-48.214120	6.678704	
984	-48.546520	9.337637	
985	-50.272780	8.312902	
986	-46.103580	9.656364	
987	-47.898922	12.424853	
988	-49.091306	13.408648	
989	-49.809278	11.056814	
990	-46.959098	11.774960	
991	-46.729528	15.394423	
992	NaN	NaN	
993	-52.470787	13.314691	
994	-47.344205	14.450810	
995	-46.950509	16.016974	
996	-47.707821	15.629955	
997	-51.157522	15.374162	
998	-49.172152	13.703961	
999	-49.854379	15.314146	
1000	NaN	NaN	
1001	-52.871930	14.422654	
1002	-52.014216	14.899920	
1003	-52.388414	12.933333	
1004	-52.010616	11.736013	
1005	-53.065340	13.034218	
1006	-53.267061	10.371350	
1007	-54.619313	7.284120	
1008	NaN	NaN	
1009	NaN	NaN	
1010	NaN	NaN	
1011	NaN	NaN	
1012	NaN	NaN	
1013	NaN	NaN	
1014	NaN	NaN	
1015	NaN	NaN	
1016	NaN	NaN	
1017	NaN	NaN	
1018	NaN	NaN	
1019	NaN	NaN	
1020	NaN	NaN	
1021	NaN	NaN	
1022	NaN	NaN	
1023	NaN	NaN	
1024	NaN	NaN	
1025	NaN	NaN	
1026	NaN	NaN	
1027	NaN	NaN	
1028	NaN	NaN	
1029	NaN	NaN	
1030	NaN	NaN	
1031	NaN	NaN	
1032	NaN	NaN	
1033	NaN	NaN	
1034	NaN	NaN	
1035	NaN	NaN	
1036	NaN	NaN	
1037	NaN	NaN	
1038	NaN	NaN	
1039	NaN	NaN	
1040	NaN	NaN	
1041	NaN	NaN	
1042	NaN	NaN	
1043	NaN	NaN	
1044	NaN	NaN	
1045	NaN	NaN	
1046	NaN	NaN	
1047	NaN	NaN	
1048	NaN	NaN	
1049	NaN	NaN	
1050	NaN	NaN	
1051	NaN	NaN	
1052	NaN	NaN	
1053	NaN	NaN	
1054	NaN	NaN	
1055	NaN	NaN	
1056	NaN	NaN	
1057	NaN	NaN	
1058	NaN	NaN	
1059	NaN	NaN	
1060	NaN	NaN	
1061	NaN	NaN	
1062	NaN	NaN	
1063	NaN	NaN	
1064	NaN	NaN	
1065	NaN	NaN	
1066	NaN	NaN	
1067	NaN	NaN	
1068	NaN	NaN	
1069	NaN	NaN	
1070	NaN	NaN	
1071	NaN	NaN	
1072	NaN	NaN	
1073	NaN	NaN	
1074	NaN	NaN	
1075	NaN	NaN	
1076	NaN	NaN	
1077	NaN	NaN	
1078	NaN	NaN	
1079	NaN	NaN	
1080	NaN	NaN	
1081	132.865554	-99.267017	
1082	133.075152	-99.380442	
1083	134.644786	-99.151217	
1084	139.373870	-99.293258	
1085	132.147563	-99.088058	
1086	136.753663	-105.314740	
1087	NaN	NaN	
1088	105.468716	-92.395754	
1089	133.615210	-98.783633	
1090	141.822574	-98.886630	
1091	132.771905	-98.498988	
1092	135.017162	-98.681939	
1093	135.205904	-98.834753	
1094	93.151138	-90.530099	
1095	91.856012	-90.328622	
1096	143.635813	-98.928610	
1097	138.087523	-98.548127	
1098	138.363692	-98.844854	
1099	142.967345	-98.767119	
1100	138.821220	-98.638382	
1101	145.650522	-98.763753	
1102	146.950361	-98.883272	
1103	137.557434	-98.097357	
1104	150.563909	-98.794898	
1105	144.857043	-98.739458	
1106	146.057325	-98.252553	
1107	148.833036	-98.502845	
1108	153.792600	-98.635850	
1109	155.013270	-98.374284	
1110	-179.883464	-104.252562	
1111	NaN	NaN	
1112	NaN	NaN	
1113	NaN	NaN	
1114	NaN	NaN	
1115	NaN	NaN	
1116	NaN	NaN	
1117	NaN	NaN	
1118	NaN	NaN	
1119	NaN	NaN	
1120	NaN	NaN	
1121	NaN	NaN	
1122	NaN	NaN	
1123	NaN	NaN	
1124	NaN	NaN	
1125	NaN	NaN	
1126	NaN	NaN	
1127	NaN	NaN	
1128	NaN	NaN	
1129	NaN	NaN	
1130	NaN	NaN	
1131	NaN	NaN	
1132	NaN	NaN	
1133	NaN	NaN	
1134	NaN	NaN	
1135	NaN	NaN	
1136	NaN	NaN	
1137	NaN	NaN	
1138	NaN	NaN	
1139	NaN	NaN	
1140	NaN	NaN	
1141	NaN	NaN	
1142	NaN	NaN	
1143	NaN	NaN	
1144	NaN	NaN	
1145	NaN	NaN	
1146	NaN	NaN	
1147	NaN	NaN	
1148	NaN	NaN	
1149	NaN	NaN	
1150	NaN	NaN	
1151	NaN	NaN	
1152	NaN	NaN	
1153	NaN	NaN	
1154	NaN	NaN	
1155	NaN	NaN	
1156	NaN	NaN	
1157	NaN	NaN	
1158	NaN	NaN	
1159	NaN	NaN	
1160	NaN	NaN	
1161	NaN	NaN	
1162	NaN	NaN	
1163	NaN	NaN	
1164	NaN	NaN	
1165	NaN	NaN	
1166	NaN	NaN	
1167	NaN	NaN	
1168	NaN	NaN	
1169	NaN	NaN	
1170	NaN	NaN	
1171	NaN	NaN	
1172	NaN	NaN	
1173	NaN	NaN	
1174	NaN	NaN	
1175	NaN	NaN	
1176	NaN	NaN	
1177	NaN	NaN	
1178	NaN	NaN	
1179	NaN	NaN	
1180	NaN	NaN	
1181	NaN	NaN	
1182	NaN	NaN	
1183	NaN	NaN	
1184	NaN	NaN	
1185	NaN	NaN	
1186	NaN	NaN	
1187	NaN	NaN	
1188	NaN	NaN	
1189	NaN	NaN	
1190	NaN	NaN	
1191	NaN	NaN	
1192	NaN	NaN	
1193	NaN	NaN	
1194	NaN	NaN	
1195	NaN	NaN	
1196	NaN	NaN	
1197	NaN	NaN	
1198	NaN	NaN	
1199	NaN	NaN	
1200	NaN	NaN	
1201	NaN	NaN	
1202	NaN	NaN	
1203	NaN	NaN	
1204	NaN	NaN	
1205	NaN	NaN	
1206	NaN	NaN	
1207	NaN	NaN	
1208	NaN	NaN	
1209	NaN	NaN	
1210	NaN	NaN	
1211	NaN	NaN	
1212	NaN	NaN	
1213	NaN	NaN	
1214	NaN	NaN	
1215	NaN	NaN	
1216	NaN	NaN	
1217	NaN	NaN	
1218	NaN	NaN	
1219	NaN	NaN	
1220	NaN	NaN	
1221	NaN	NaN	
1222	NaN	NaN	
1223	NaN	NaN	
1224	NaN	NaN	
1225	NaN	NaN	
1226	NaN	NaN	
1227	NaN	NaN	
1228	NaN	NaN	
1229	NaN	NaN	
1230	NaN	NaN	
1231	NaN	NaN	
1232	NaN	NaN	
1233	NaN	NaN	
1234	NaN	NaN	
1235	NaN	NaN	
1236	NaN	NaN	
1237	NaN	NaN	
1238	NaN	NaN	
1239	NaN	NaN	
1240	NaN	NaN	
1241	NaN	NaN	
1242	NaN	NaN	
1243	NaN	NaN	
1244	NaN	NaN	
1245	NaN	NaN	
1246	NaN	NaN	
1247	NaN	NaN	
1248	NaN	NaN	
1249	NaN	NaN	
1250	NaN	NaN	
1251	NaN	NaN	
1252	NaN	NaN	
1253	NaN	NaN	
1254	NaN	NaN	
1255	NaN	NaN	
1256	NaN	NaN	
1257	NaN	NaN	
1258	NaN	NaN	
1259	NaN	NaN	
1260	NaN	NaN	
1261	NaN	NaN	
1262	NaN	NaN	
1263	NaN	NaN	
1264	NaN	NaN	
1265	NaN	NaN	
1266	NaN	NaN	
1267	NaN	NaN	
1268	NaN	NaN	
1269	NaN	NaN	
1270	NaN	NaN	
1271	NaN	NaN	
1272	NaN	NaN	
1273	NaN	NaN	
1274	NaN	NaN	
1275	NaN	NaN	
1276	NaN	NaN	
1277	NaN	NaN	
1278	NaN	NaN	
1279	NaN	NaN	
1280	NaN	NaN	
1281	NaN	NaN	
1282	NaN	NaN	
1283	NaN	NaN	
1284	NaN	NaN	
1285	NaN	NaN	
1286	NaN	NaN	
1287	NaN	NaN	
1288	NaN	NaN	
1289	NaN	NaN	
1290	NaN	NaN	
1291	NaN	NaN	
1292	NaN	NaN	
1293	NaN	NaN	
1294	NaN	NaN	
1295	NaN	NaN	
1296	NaN	NaN	
1297	NaN	NaN	
1298	NaN	NaN	
1299	NaN	NaN	
1300	NaN	NaN	
1301	NaN	NaN	
1302	NaN	NaN	
1303	NaN	NaN	
1304	NaN	NaN	
1305	NaN	NaN	
1306	NaN	NaN	
1307	NaN	NaN	
1308	NaN	NaN	
1309	NaN	NaN	
1310	NaN	NaN	
1311	NaN	NaN	
1312	NaN	NaN	
1313	NaN	NaN	
1314	NaN	NaN	
1315	NaN	NaN	
1316	NaN	NaN	
1317	NaN	NaN	
1318	NaN	NaN	
1319	NaN	NaN	
1320	NaN	NaN	
1321	NaN	NaN	
1322	NaN	NaN	
1323	NaN	NaN	
1324	NaN	NaN	
1325	NaN	NaN	
1326	NaN	NaN	
1327	NaN	NaN	
1328	NaN	NaN	
1329	NaN	NaN	
1330	NaN	NaN	
1331	NaN	NaN	
1332	NaN	NaN	
1333	NaN	NaN	
1334	NaN	NaN	
1335	NaN	NaN	
1336	NaN	NaN	
1337	NaN	NaN	
1338	NaN	NaN	
1339	NaN	NaN	
1340	NaN	NaN	
1341	NaN	NaN	
1342	NaN	NaN	
1343	NaN	NaN	
1344	NaN	NaN	
1345	NaN	NaN	
1346	NaN	NaN	
1347	NaN	NaN	
1348	NaN	NaN	
1349	NaN	NaN	
1350	NaN	NaN	
1351	NaN	NaN	
1352	NaN	NaN	
1353	NaN	NaN	
1354	NaN	NaN	
1355	NaN	NaN	
1356	NaN	NaN	
1357	NaN	NaN	
1358	NaN	NaN	
1359	NaN	NaN	
1360	NaN	NaN	
1361	NaN	NaN	
1362	NaN	NaN	
1363	NaN	NaN	
1364	NaN	NaN	
1365	NaN	NaN	
1366	NaN	NaN	
1367	NaN	NaN	
1368	NaN	NaN	
1369	NaN	NaN	
1370	NaN	NaN	
1371	NaN	NaN	
1372	NaN	NaN	
1373	NaN	NaN	
1374	NaN	NaN	
1375	NaN	NaN	
1376	NaN	NaN	
1377	NaN	NaN	
1378	NaN	NaN	
1379	NaN	NaN	
1380	NaN	NaN	
1381	NaN	NaN	
1382	NaN	NaN	
1383	NaN	NaN	
1384	NaN	NaN	
1385	NaN	NaN	
1386	NaN	NaN	
1387	NaN	NaN	
1388	NaN	NaN	
1389	NaN	NaN	
1390	NaN	NaN	
1391	NaN	NaN	
1392	NaN	NaN	
1393	NaN	NaN	
1394	NaN	NaN	
1395	NaN	NaN	
1396	NaN	NaN	
1397	NaN	NaN	
1398	NaN	NaN	
