Athlete_Engineering	// User ID
11-2-2021	// Evaluation date
P015_Walk1	30-1-2021	14:17:40:989	// Source file name and timestamp
250.000	// Sampling rate
5.340	// Data capture period



Sample #	Right_Leg_Flexion	Right_Leg_Abduction	
0	-74.000725	8.024257	
1	-74.132397	7.913042	
2	-73.401297	7.306098	
3	-73.880395	7.870582	
4	-73.348859	7.716074	
5	-73.371791	7.050781	
6	-73.320282	7.342622	
7	-73.822179	7.607045	
8	-72.878810	7.845055	
9	-72.913930	7.712948	
10	-73.365132	8.579796	
11	-73.404351	7.694581	
12	-73.400574	8.502314	
13	-72.946308	7.368960	
14	-72.884908	8.164873	
15	-72.806973	8.541008	
16	-72.799110	8.490529	
17	-72.876776	8.377535	
18	-72.733749	8.971988	
19	-72.793230	8.370099	
20	-72.870055	8.909469	
21	-72.766553	9.022099	
22	-72.757783	8.843576	
23	-72.755198	9.179090	
24	-73.218506	9.527876	
25	-72.750215	8.826864	
26	-72.668816	9.173422	
27	-73.211149	9.988000	
28	-72.709698	9.463477	
29	-72.661841	9.642941	
30	-72.446392	8.905040	
31	-72.433910	9.007841	
32	-72.506597	8.758043	
33	-72.599722	8.817515	
34	-72.571527	9.028068	
35	-72.498917	9.040466	
36	-72.870707	10.256059	
37	-72.517509	9.546389	
38	-72.895857	9.886690	
39	-72.796325	9.919766	
40	-72.777560	9.854791	
41	-72.727057	10.509127	
42	-72.923265	9.278438	
43	-72.953959	10.122713	
44	-73.118136	9.777492	
45	-73.160945	10.724446	
46	-73.248615	9.905432	
47	-73.229764	9.709774	
48	-73.150797	9.104032	
49	-73.155409	9.413439	
50	-73.104995	9.571486	
51	-73.047982	10.835912	
52	-73.129692	9.360990	
53	-72.887145	10.781717	
54	-73.063360	10.524951	
55	-73.012499	10.544915	
56	-72.856151	9.801895	
57	-72.778733	10.369244	
58	-72.776220	10.887994	
59	-72.726781	10.401956	
60	-72.817960	11.105718	
61	-72.666959	10.783062	
62	-72.754425	10.945858	
63	-72.829581	10.975539	
64	-72.735300	10.704774	
65	-72.602385	10.389888	
66	-72.637886	10.644954	
67	-72.825568	10.457071	
68	-72.678623	10.020316	
69	-72.531243	9.172514	
70	-72.815420	8.793916	
71	-72.840586	9.158991	
72	-72.769420	8.801252	
73	-73.050214	9.192936	
74	-73.077345	8.965276	
75	-72.911104	8.854859	
76	-73.050291	8.683803	
77	-73.205536	8.678258	
78	-73.051873	8.421269	
79	-73.244159	8.988193	
80	-73.291049	8.933304	
81	-73.243785	9.322631	
82	-73.238413	9.928477	
83	-72.995516	9.224145	
84	-73.011609	9.563569	
85	-72.315631	8.403370	
86	-72.330722	9.017153	
87	-72.236391	9.201326	
88	-72.871739	9.078857	
89	-72.857695	9.106759	
90	-72.826861	9.570713	
91	-72.861303	9.388888	
92	-72.868097	9.956505	
93	-72.902161	9.882466	
94	-73.098218	10.164162	
95	-72.998589	10.375271	
96	-73.037021	10.583330	
97	-72.939420	11.072948	
98	-72.759034	9.670933	
99	-72.763470	9.631226	
100	-72.830026	10.799054	
101	-72.942727	11.085331	
102	-72.907602	11.314182	
103	-72.985536	11.418703	
104	-72.939744	12.021717	
105	-72.889341	11.331888	
106	-72.935263	12.161917	
107	-72.918267	12.044030	
108	-72.841207	11.486615	
109	-72.736658	11.288373	
110	-72.762829	10.742442	
111	-72.279201	9.452382	
112	-72.804651	9.921119	
113	-72.848817	10.087470	
114	-72.821555	10.500270	
115	-72.863132	10.326163	
116	-72.754122	10.340692	
117	-72.906235	10.399342	
118	-72.805221	10.174221	
119	-72.902030	10.401810	
120	-72.929060	10.837264	
121	-72.919645	10.221708	
122	-72.971524	10.834816	
123	-72.910414	10.982937	
124	-72.878038	11.288325	
125	-72.848616	10.954007	
126	-72.795960	11.260097	
127	-72.912904	10.485599	
128	-73.049645	11.508333	
129	-72.947173	12.480679	
130	-72.995998	12.372173	
131	-72.924751	12.426080	
132	-72.972674	12.212271	
133	-73.037292	12.675135	
134	-72.571467	11.554331	
135	-72.697753	11.416540	
136	-72.867567	11.550828	
137	-72.848535	11.905115	
138	-73.596140	12.748837	
139	-73.697204	13.312044	
140	-73.734168	13.364599	
141	-73.723537	12.806431	
142	-73.772171	13.108461	
143	-73.940719	13.612281	
144	-73.758515	13.918714	
145	-73.693002	13.895560	
146	-73.669687	14.026274	
147	-73.636797	12.941711	
148	-73.584524	13.543702	
149	-73.689132	12.611182	
150	-73.757938	13.727194	
151	-73.270429	12.943279	
152	-73.691944	13.306004	
153	-73.305421	12.366724	
154	-73.669938	13.560124	
155	-73.597262	13.391725	
156	-73.109767	13.479997	
157	-73.290307	14.624067	
158	-73.322431	15.257285	
159	-73.200651	14.878435	
160	-73.005460	13.369544	
161	-72.776506	13.853712	
162	-72.531753	13.898893	
163	-72.196807	14.848449	
164	-72.523400	14.913715	
165	-72.299162	15.934894	
166	-71.881968	16.416523	
167	-71.570362	16.572450	
168	-71.293852	15.870559	
169	-70.860554	15.621823	
170	-70.632443	16.803053	
171	-70.159560	16.196008	
172	-69.782414	15.211900	
173	-69.504318	14.598680	
174	-69.247777	16.936543	
175	-68.994470	17.066972	
176	-68.752574	17.059824	
177	-68.367912	16.496186	
178	-68.299464	17.818176	
179	-67.729014	18.130079	
180	-67.275632	17.978769	
181	-66.756400	18.710022	
182	-66.362691	18.146593	
183	-65.682854	17.838141	
184	-65.318348	18.739577	
185	-64.778445	18.819339	
186	-64.484145	18.352656	
187	-63.963750	18.731961	
188	-63.602206	18.504852	
189	-63.141917	18.571030	
190	-62.622459	18.358568	
191	-61.853302	19.462823	
192	-61.306771	19.041423	
193	-60.813804	18.939740	
194	-60.758780	18.809861	
195	-60.160677	18.244333	
196	-60.039161	18.843403	
197	-59.377518	19.333992	
198	-59.320972	19.293039	
199	-58.387437	19.655506	
200	-58.113620	18.544205	
201	-57.492174	17.783975	
202	-57.181885	18.851323	
203	-57.023777	18.176437	
204	-56.648350	18.872949	
205	-56.110282	18.985874	
206	-55.702851	18.203955	
207	-55.465099	17.907017	
208	-55.213679	16.804502	
209	-55.078988	16.921678	
210	-54.871207	17.320836	
211	-54.437161	16.955958	
212	-53.509290	16.249916	
213	-53.835668	17.851626	
214	-53.781744	17.286760	
215	-53.504026	17.688072	
216	-53.107686	17.527722	
217	-53.281875	15.899135	
218	-53.245416	15.056563	
219	-52.658249	14.947730	
220	-52.796901	15.809634	
221	-52.317041	15.325226	
222	-52.135261	15.642257	
223	-52.012950	15.196248	
224	-51.830810	14.546205	
225	-51.721910	14.727065	
226	-51.369166	14.546926	
227	-51.500965	12.377757	
228	-51.245237	12.809575	
229	-50.899799	13.937543	
230	-50.653231	12.237552	
231	-50.355802	12.649321	
232	-50.052630	11.730756	
233	-50.128575	12.040863	
234	-49.814195	11.732316	
235	-49.758834	10.547082	
236	-49.311344	10.824576	
237	-49.198122	11.457413	
238	-49.196993	11.680093	
239	-48.931091	11.967275	
240	-48.770085	12.674326	
241	-48.523910	12.464955	
242	-48.504622	11.497978	
243	-48.310777	10.433830	
244	-48.373101	9.950908	
245	-47.896366	10.790962	
246	-47.699517	11.902266	
247	-47.327910	11.433836	
248	-47.325312	11.522369	
249	-47.221287	11.827704	
250	-47.188590	10.845555	
251	-47.167369	10.782427	
252	-46.976510	10.834527	
253	-46.346747	10.780702	
254	-45.888084	11.384593	
255	-46.534534	10.744436	
256	-46.295187	10.447421	
257	-45.549560	10.929715	
258	-45.207166	11.213897	
259	-45.275776	10.530586	
260	-45.165789	11.003236	
261	-45.246382	11.236121	
262	-45.030631	11.978364	
263	-45.472103	11.664457	
264	-45.201216	11.139876	
265	-44.681468	10.288261	
266	-44.935917	9.057083	
267	-45.048752	9.865564	
268	-44.206091	11.602070	
269	-44.381480	10.308265	
270	-43.780680	11.344060	
271	-44.127333	11.183489	
272	-44.122049	10.857820	
273	-43.879667	11.457010	
274	-43.502520	10.218393	
275	-43.571905	10.549225	
276	-43.844950	10.710115	
277	-43.334135	11.718406	
278	-43.035443	11.231109	
279	-43.157525	10.896046	
280	-43.509542	10.231202	
281	-43.089673	10.752373	
282	-43.596382	9.811215	
283	-42.850578	11.088495	
284	-42.656267	10.741545	
285	-42.142339	11.852100	
286	-42.651891	10.283193	
287	-42.073876	10.537680	
288	-42.940358	9.469824	
289	-41.843636	10.746637	
290	-42.649181	10.145293	
291	-41.643446	10.862622	
292	-42.627741	10.109067	
293	-42.730611	9.510131	
294	-42.337710	9.215868	
295	-42.727886	8.084648	
296	-42.148525	9.476841	
297	-43.840158	10.600249	
298	-43.821343	9.798469	
299	-43.835642	10.081058	
300	-42.293079	8.287384	
301	-40.908124	10.101657	
302	-41.986405	8.346499	
303	-40.517420	9.304249	
304	-40.704376	9.733373	
305	-40.812390	9.834478	
306	-40.650334	9.119107	
307	-40.523016	9.284297	
308	-41.614947	7.967152	
309	-43.136507	9.212000	
310	-43.539157	9.189859	
311	-40.944974	8.125143	
312	-39.988298	9.486504	
313	-42.214783	9.076438	
314	-42.491732	9.432086	
315	-41.959485	11.026441	
316	-40.894176	8.046612	
317	-39.506044	9.466949	
318	-42.056428	9.837233	
319	-42.704258	9.687255	
320	-40.436942	8.082076	
321	-41.918158	8.755888	
322	-41.288616	9.950833	
323	-40.734681	8.373582	
324	-41.970627	8.544098	
325	-41.530757	9.752088	
326	-43.200346	9.042078	
327	-43.391944	8.510262	
328	-43.104045	8.152215	
329	-42.473504	10.821369	
330	-42.001067	7.998754	
331	-43.778674	6.581033	
332	-45.074473	7.438638	
333	-42.640308	6.002345	
334	-44.412617	6.051425	
335	-45.338536	6.451213	
336	-43.303440	3.923817	
337	-46.027428	5.004720	
338	-45.427229	4.624317	
339	-43.341159	3.492667	
340	-44.502823	4.457118	
341	-46.769289	4.560203	
342	-46.933635	4.206692	
343	-44.914706	4.213273	
344	-45.930209	4.296583	
345	-43.592911	4.535881	
346	-45.427840	4.959057	
347	-46.278075	5.581799	
348	-47.195305	6.074157	
349	-45.636903	5.317175	
350	-46.684342	5.842428	
351	-45.808546	8.019980	
352	-44.745143	7.536211	
353	-45.953196	8.088010	
354	-46.886910	8.155517	
355	-43.648061	5.890829	
356	-44.147600	5.434453	
357	-44.967262	4.584930	
358	-47.710501	4.701630	
359	-46.025012	3.887904	
360	-47.027464	2.996108	
361	-48.556880	3.597919	
362	-46.891873	2.390183	
363	-47.309187	1.478295	
364	-47.797637	1.331008	
365	-50.816068	2.241845	
366	-48.413123	-0.034590	
367	-48.805147	0.352539	
368	-48.888985	0.354328	
369	-49.136931	0.315898	
370	-49.223055	0.627757	
371	-49.715749	0.774744	
372	-49.892936	0.813064	
373	-49.828749	0.812825	
374	-53.345847	2.743563	
375	-52.797801	2.847569	
376	-50.333944	1.605317	
377	-50.700044	1.158924	
378	-50.907778	0.972566	
379	-50.941111	0.841941	
380	-51.278898	1.290730	
381	-52.584629	1.669227	
382	-51.712378	1.890482	
383	-51.746916	2.022101	
384	-52.261478	1.738021	
385	-53.410552	1.089368	
386	-52.354798	1.437227	
387	-54.850697	0.056426	
388	-53.191074	1.992090	
389	-53.612337	1.551403	
390	-53.774914	1.597953	
391	-53.921818	1.962053	
392	-54.132927	1.858804	
393	-54.171881	2.147935	
394	-54.488400	2.221746	
395	-57.092837	1.790903	
396	-56.242952	2.950350	
397	-55.363003	2.607012	
398	-55.401799	2.483014	
399	-55.760867	2.398718	
400	-56.300920	2.702461	
401	-56.376344	2.796440	
402	-57.113558	3.431158	
403	-57.478977	3.562296	
404	-58.312702	3.689506	
405	-58.252136	3.374834	
406	-58.487845	3.122897	
407	-57.954276	3.432576	
408	-58.515265	3.583939	
409	-59.363816	3.155430	
410	-59.747995	3.298604	
411	-59.584001	3.271820	
412	-59.996942	3.321286	
413	-60.793034	2.813931	
414	-61.100812	2.916897	
415	-61.021893	3.005286	
416	-61.162741	2.899945	
417	-61.739963	2.247943	
418	-61.960887	2.647179	
419	-61.552474	3.343428	
420	-63.789873	2.965569	
421	-62.389573	3.336103	
422	-63.264816	3.018783	
423	-63.262673	2.748806	
424	-63.187386	2.671042	
425	-63.150040	3.579727	
426	-64.354672	3.755991	
427	-64.805364	3.370157	
428	-64.151807	3.518286	
429	-64.304657	4.602015	
430	-64.358985	4.460386	
431	-65.167899	4.767968	
432	-65.894715	4.958410	
433	-65.526507	4.146095	
434	-68.113043	5.781823	
435	-65.667267	5.377609	
436	-66.950776	4.705279	
437	-66.635641	4.496401	
438	-66.601812	4.736296	
439	-67.027969	4.088142	
440	-68.001707	5.689933	
441	-68.085941	5.253052	
442	-71.766293	6.575968	
443	-71.200444	6.452663	
444	-70.447049	8.239682	
445	-71.744688	7.260676	
446	-72.129929	6.917681	
447	-72.647698	7.515454	
448	-72.194771	8.064245	
449	-71.284812	6.906219	
450	-72.946553	6.023402	
451	-74.738945	5.307338	
452	-73.924052	6.739411	
453	-74.294851	6.613057	
454	-74.492304	6.355679	
455	-74.910912	5.723770	
456	-80.020199	6.109911	
457	-74.985993	6.322604	
458	-75.275241	6.304627	
459	-75.418346	4.670453	
460	-81.821097	5.163361	
461	-76.746036	7.308186	
462	-75.785048	7.330147	
463	-75.754258	6.162848	
464	-76.960215	8.672045	
465	-77.778277	7.626252	
466	-83.120551	8.161524	
467	-82.788891	5.605664	
468	-80.715020	5.441007	
469	-77.870613	6.224185	
470	-77.647480	5.465541	
471	-85.921800	1.665756	
472	-84.527511	-0.942534	
473	-83.354130	3.595819	
474	-83.160959	4.296084	
475	-83.461321	4.049897	
476	-85.299090	4.146967	
477	-85.101014	1.499035	
478	-83.413862	4.416120	
479	-85.879481	-0.208838	
480	-84.447280	7.424037	
481	-86.371523	1.901767	
482	-80.086362	6.734813	
483	-87.804432	-2.351125	
484	-87.275699	-2.314288	
485	-84.480843	1.561376	
486	-85.086199	3.190431	
487	-85.314357	3.311510	
488	-87.488088	-2.847631	
489	-87.181363	-2.901224	
490	-86.153089	0.759809	
491	-88.158743	-14.819572	
492	-86.890455	-3.507800	
493	-87.191123	-10.699630	
494	-89.500874	-46.973726	
495	-89.386507	-36.091585	
496	-83.012325	5.866986	
497	-82.585476	6.244626	
498	-89.370558	-32.619715	
499	-89.539230	-55.961832	
500	-87.165569	1.219574	
501	-89.362251	-56.210412	
502	-85.189991	-16.480963	
503	-89.761016	-73.647911	
504	-89.655175	-55.468233	
505	-89.327229	57.680716	
506	-91.314455	-150.331693	
507	-91.123243	-167.023876	
508	-89.888985	39.621288	
509	-91.082300	-163.239761	
510	-91.147520	-170.556185	
511	-89.763844	50.694245	
512	-88.430713	22.915360	
513	-91.886096	178.703667	
514	-89.682318	20.893259	
515	-84.729942	18.236002	
516	-90.475788	155.142404	
517	-90.389266	122.900431	
518	-90.398488	119.031289	
519	-88.908737	32.447707	
520	-86.108412	18.496498	
521	-87.362233	25.006217	
522	-87.194221	26.539152	
523	-87.395215	25.473421	
524	-86.356733	25.318127	
525	-85.469732	24.362466	
526	-86.008548	27.265644	
527	-85.760645	28.639986	
528	-85.160987	28.794724	
529	-84.945526	28.730192	
530	-77.603408	18.887131	
531	-83.134597	25.492000	
532	-83.172943	28.847299	
533	-74.332202	16.640209	
534	-82.307494	26.363958	
535	-80.253152	22.794341	
536	-79.952979	24.754034	
537	-78.894430	23.080793	
538	-73.160219	18.490143	
539	-79.639650	27.614376	
540	-77.950416	25.461593	
541	-71.653211	19.660968	
542	-78.183807	27.761383	
543	-70.625389	20.014917	
544	-73.233649	22.737197	
545	-71.695326	24.506195	
546	-71.052126	22.835363	
547	-68.288806	20.818764	
548	-73.453865	24.651654	
549	-69.877305	22.556565	
550	-69.458988	21.889627	
551	-70.637865	23.206678	
552	-65.182859	18.821933	
553	-67.623734	18.466213	
554	-66.992567	17.959264	
555	-66.039180	17.556859	
556	-66.551986	17.940058	
557	-65.381183	16.984840	
558	-65.335530	18.044031	
559	-64.188332	17.575778	
560	-64.291102	15.643696	
561	-63.307556	16.322109	
562	-63.117115	15.075716	
563	-62.795576	15.152797	
564	-62.344015	13.680509	
565	-61.967648	13.738073	
566	-60.865455	13.693167	
567	-60.759875	12.660314	
568	-61.243730	11.486583	
569	-60.551315	12.184968	
570	-59.201273	11.035463	
571	-58.370527	10.975869	
572	-58.718979	10.505498	
573	-57.862728	10.457916	
574	-58.039050	9.197850	
575	-57.350043	9.882691	
576	-57.423963	9.559310	
577	-56.511438	8.763461	
578	-56.526585	8.079632	
579	-56.774287	6.436001	
580	-55.868676	7.212940	
581	-51.516172	10.192041	
582	-55.941877	5.571780	
583	-54.631317	6.061547	
584	-54.794797	6.529273	
585	-54.147614	7.901720	
586	-54.197915	7.326860	
587	-53.521254	6.658556	
588	-45.976251	7.623148	
589	-49.590769	4.596713	
590	-48.913782	9.724894	
591	-50.583409	11.191167	
592	-48.558718	5.172814	
593	-48.872765	3.373437	
594	-51.736620	6.871073	
595	-54.530646	8.178469	
596	-48.299626	3.278160	
597	-42.993939	2.915130	
598	-53.371023	6.788810	
599	-46.584965	4.603384	
600	-47.498627	3.182852	
601	-50.948543	1.820153	
602	-42.724630	7.078168	
603	-42.942286	7.560525	
604	-47.112339	3.132584	
605	-45.992684	4.204632	
606	-46.354319	2.700992	
607	-42.167922	7.573579	
608	-51.213065	4.338148	
609	-46.577900	2.782136	
610	-45.577073	2.965224	
611	-45.989258	2.787249	
612	-50.863028	3.954602	
613	-41.759384	6.330152	
614	-41.409642	6.488435	
615	-41.185684	6.375514	
616	-27.755073	-1.461601	
617	-33.188922	1.627826	
618	-27.588127	-1.118173	
619	-28.175417	-0.490710	
620	-45.705255	0.324921	
621	-49.431176	3.364999	
622	-48.251507	2.909341	
623	-49.392141	4.382039	
624	-44.735381	0.589977	
625	-44.845552	2.104909	
626	-45.046620	1.271530	
627	-49.540721	1.340175	
628	-45.189511	0.214916	
629	-49.627468	2.768989	
630	-48.284138	2.422957	
631	-25.935661	-2.280946	
632	-39.988674	4.105807	
633	-39.123621	5.776433	
634	-44.718885	-0.458244	
635	-47.407160	4.569405	
636	-36.822934	6.620603	
637	-38.455146	6.486552	
638	-44.786600	-0.199196	
639	-45.238392	-0.535551	
640	-43.791078	10.350462	
641	-44.406198	1.867823	
642	-43.564874	9.987625	
643	-49.038442	5.925577	
644	-43.496004	10.801172	
645	-48.433371	6.250658	
646	-43.058883	11.220046	
647	-48.064663	6.816728	
648	-47.461402	5.767161	
649	-46.959373	6.828842	
650	-41.510479	12.331766	
651	-48.937359	5.896645	
652	-48.359438	5.667555	
653	-42.360415	13.035749	
654	-41.747569	13.069385	
655	-42.130323	13.126232	
656	-47.257939	6.937537	
657	-43.095710	12.776503	
658	-43.049732	4.628624	
659	-42.087065	12.240426	
660	-43.251523	12.528078	
661	-48.775967	5.067467	
662	-42.364920	4.327145	
663	-48.634785	6.140427	
664	-44.291495	9.644033	
665	-48.685767	5.856417	
666	-54.254897	1.312578	
667	-49.637943	4.293287	
668	-49.669890	4.280776	
669	-46.372894	0.520031	
670	-41.558033	6.784565	
671	-49.368401	8.264529	
672	-47.991418	8.127874	
673	-45.810301	7.364552	
674	-41.187608	-6.893289	
675	-58.490540	3.524140	
676	NaN	NaN	
677	NaN	NaN	
678	NaN	NaN	
679	NaN	NaN	
680	-44.941750	7.193507	
681	-49.423189	7.437290	
682	-50.413814	3.377453	
683	-44.334702	7.811576	
684	-50.862829	5.118993	
685	-50.050774	10.228583	
686	-52.109481	10.867332	
687	-44.516464	9.865876	
688	-52.162974	10.190943	
689	-51.532862	11.331934	
690	-52.994413	10.830977	
691	-49.672177	9.914105	
692	-54.621671	5.610284	
693	-54.840661	4.776175	
694	-53.127021	9.098369	
695	-52.032749	7.976092	
696	-52.396939	4.724953	
697	-53.182344	4.770266	
698	-51.891454	1.969581	
699	-52.205640	2.232988	
700	-61.875669	-10.787575	
701	-66.199928	-10.784934	
702	-66.458690	-12.418630	
703	-52.910672	0.058755	
704	-60.151521	-6.856492	
705	-60.037678	-5.091190	
706	-53.453673	3.768826	
707	-52.318444	-2.082814	
708	-52.888454	1.306033	
709	-47.290384	-1.038862	
710	-66.562221	-8.042429	
711	-59.357953	-13.991873	
712	-61.228686	-2.741884	
713	-55.877639	-0.251656	
714	-59.904140	-5.461006	
715	-56.795585	0.591891	
716	-59.698940	-4.551913	
717	-57.366050	-0.662522	
718	-57.454032	-0.267815	
719	-54.935045	1.599004	
720	-56.674656	-1.064252	
721	-56.937734	0.240502	
722	-56.726659	-0.410158	
723	-58.331709	1.996247	
724	-59.536515	0.571837	
725	-47.212949	-1.721633	
726	-60.845277	-0.026314	
727	-58.602690	0.870127	
728	-71.547900	-7.943424	
729	-58.654836	0.737582	
730	-66.039437	-7.865459	
731	-63.792164	-2.692092	
732	-59.784211	-2.563212	
733	-59.532655	-2.150920	
734	-54.840654	0.198867	
735	-54.044062	-4.153941	
736	-62.773847	-1.046080	
737	-60.861417	0.743713	
738	-62.655172	-1.153660	
739	-59.219652	1.964591	
740	-79.188819	-10.923359	
741	-62.476556	-0.163743	
742	-73.175734	-6.706912	
743	-65.400800	-1.103480	
744	-60.036867	-2.435587	
745	-60.844049	2.719685	
746	-64.939663	-2.418265	
747	-54.970743	-2.218532	
748	-59.530438	0.345788	
749	-59.519085	2.719384	
750	-61.235014	-2.087162	
751	-61.639271	3.320102	
752	-72.703340	-7.491188	
753	-78.320654	-7.279406	
754	-78.992399	-8.601530	
755	-62.705998	-2.774599	
756	-65.997588	9.914511	
757	-78.789683	-13.550435	
758	-79.194971	-9.049508	
759	-70.423739	-4.994702	
760	-73.523545	-4.988417	
761	-68.224287	-5.024002	
762	-71.049409	-5.120342	
763	-69.742127	-4.183527	
764	-72.777483	-3.140690	
765	-70.213696	-5.125989	
766	-69.587164	-5.747609	
767	-71.407206	-3.892119	
768	-70.544688	-1.270027	
769	-70.167985	-6.058793	
770	-76.360974	-4.325022	
771	-74.210436	-4.627107	
772	-84.907742	-2.657596	
773	-76.839285	-5.010102	
774	-73.752679	-3.509888	
775	-74.039246	-6.230687	
776	-76.970348	-7.575187	
777	-74.336504	-6.186274	
778	-76.010561	-6.840022	
779	-75.202073	-9.763424	
780	-78.384670	-8.844290	
781	-80.120349	-10.390443	
782	-79.267757	-8.809461	
783	-76.036348	-9.965123	
784	-80.574672	-7.167399	
785	-80.784362	-7.757910	
786	-81.379823	-11.207366	
787	-77.710989	-12.619680	
788	-81.365878	-14.757962	
789	-78.209426	-16.131644	
790	-80.944663	-13.293952	
791	-81.572242	-16.282681	
792	-81.859053	-19.811525	
793	-84.293428	-22.265982	
794	-83.713532	-14.415502	
795	-82.253614	-16.913104	
796	-82.586200	-16.260188	
797	-82.711236	-17.487888	
798	-84.065923	-28.185402	
799	-80.364281	-28.467388	
800	-84.435410	-28.794101	
801	-81.225114	-43.795855	
802	-76.041740	-7.298358	
803	-84.236052	-27.981700	
804	-85.366989	-29.522506	
805	-83.890116	-24.045933	
806	-84.085044	-25.666763	
807	-94.165506	-167.436833	
808	-87.153112	-57.109277	
809	-85.006856	-41.852777	
810	-87.096162	-55.081195	
811	-84.880260	-35.412152	
812	-85.270370	-37.335381	
813	-82.024841	-31.923854	
814	-87.349626	-55.495266	
815	-87.676047	-58.634320	
816	-85.336986	-35.596273	
817	-88.138377	-66.796386	
818	-87.390017	-56.283934	
819	-86.972711	-53.233275	
820	-88.066293	-60.530084	
821	-76.579986	-0.301331	
822	-86.262940	-39.284370	
823	-88.422734	-68.494808	
824	-88.110951	-64.839070	
825	-88.034867	-62.122045	
826	-88.880978	-73.665748	
827	-88.068653	-56.113344	
828	-78.354223	-6.075385	
829	-88.397946	-64.691935	
830	-76.169662	-0.947443	
831	-88.403113	-64.471609	
832	-88.430866	-63.565270	
833	-87.045089	-43.082856	
834	-89.004910	-71.648024	
835	-88.434928	-62.726280	
836	-88.795468	-65.015504	
837	-88.862546	-65.752964	
838	-88.864636	-62.725386	
839	-88.398430	-51.169022	
840	-88.137427	-32.207303	
841	-88.437746	-40.292043	
842	-84.188734	29.185044	
843	-83.253367	26.708950	
844	-80.895458	10.913505	
845	-88.972637	-30.545932	
846	-88.258493	3.679274	
847	-87.638768	-7.336149	
848	-62.079249	10.815450	
849	-61.559833	12.038067	
850	-83.796533	10.045914	
851	-83.927790	7.254652	
852	-83.206515	14.677301	
853	-83.649701	18.145648	
854	-81.639503	10.426716	
855	-79.530616	11.170438	
856	-80.434111	12.845063	
857	-79.460344	15.690539	
858	-79.127079	14.476461	
859	-77.993802	18.052441	
860	-78.852626	13.401605	
861	-76.280022	16.525799	
862	-77.085285	17.220118	
863	-74.855586	18.094862	
864	-74.804602	17.176857	
865	-71.230506	14.864293	
866	-74.462091	16.398834	
867	-76.218715	19.343177	
868	-75.707924	17.772652	
869	-72.409976	17.868656	
870	-74.202354	18.963903	
871	-72.872238	17.588730	
872	-71.289107	20.933138	
873	-70.728592	21.971082	
874	-70.473108	21.343484	
875	-70.280256	23.911396	
876	-70.896763	17.729961	
877	-69.169025	22.374007	
878	-69.221001	19.202884	
879	-68.524172	18.802713	
880	-68.005705	17.587771	
881	-67.209802	18.022478	
882	-69.691669	19.718489	
883	-66.917256	16.567967	
884	-40.942393	5.849561	
885	-64.988302	20.589449	
886	-65.054732	15.157752	
887	-63.073866	18.954995	
888	-63.742287	16.376817	
889	-62.490248	16.869559	
890	-63.285497	16.323467	
891	-62.682020	15.211423	
892	-62.123946	16.035363	
893	-62.105806	14.545114	
894	-55.567014	19.564703	
895	-60.185304	14.165198	
896	-60.458304	15.780195	
897	-59.864804	14.997796	
898	-59.751941	16.974649	
899	-59.046780	14.143904	
900	-58.586129	13.668876	
901	-54.704410	15.212967	
902	-59.027230	12.524986	
903	-57.660584	13.153689	
904	-57.903353	11.044516	
905	-56.982835	12.564021	
906	-55.933573	12.240672	
907	-57.852473	10.586530	
908	-54.808074	13.320882	
909	-57.520495	9.362200	
910	-53.950488	12.539375	
911	-56.767750	8.779529	
912	-56.244079	9.561191	
913	-56.271306	9.129424	
914	-53.660707	11.331030	
915	-52.824675	11.420910	
916	-52.853115	11.590042	
917	-53.352066	11.708840	
918	-48.559392	13.759718	
919	-52.951251	9.938846	
920	-54.172070	7.917419	
921	-51.856308	11.137394	
922	-51.884049	11.027644	
923	-51.389671	10.947406	
924	-52.205208	9.824405	
925	-52.326532	9.856487	
926	-52.782469	11.465796	
927	-51.530070	10.370024	
928	-51.744901	10.716764	
929	-51.433624	10.105457	
930	-51.373536	11.008108	
931	-50.886042	9.189404	
932	-49.964626	10.605034	
933	-50.632116	8.679573	
934	-50.254269	9.700213	
935	-51.115951	9.542315	
936	-50.747072	10.125796	
937	-51.284315	9.871710	
938	-51.883692	9.757325	
939	-50.507459	9.156692	
940	-52.000686	8.940431	
941	-50.751870	7.624453	
942	-50.011820	10.244904	
943	-51.345893	10.526240	
944	-51.039817	10.060631	
945	-46.301159	14.269124	
946	-50.865059	9.929257	
947	-51.060760	8.048791	
948	-50.841140	9.607316	
949	-49.773060	8.674319	
950	-44.546276	7.736076	
951	-40.519769	4.263807	
952	-50.592671	8.704909	
953	-50.014791	8.756654	
954	-49.716598	7.977586	
955	-50.274047	7.929763	
956	-50.742413	7.355988	
957	-50.350615	10.615684	
958	-50.505124	8.611638	
959	-49.827455	6.566290	
960	-49.927922	7.500728	
961	-52.032983	7.584415	
962	-50.024707	9.368852	
963	-51.003858	7.875945	
964	-50.827468	8.190032	
965	-50.339808	7.826927	
966	-50.704644	7.259588	
967	-49.995209	8.949716	
968	-50.415363	7.611577	
969	-50.788027	7.469885	
970	-51.062900	8.739191	
971	-50.260438	10.254662	
972	-50.841654	10.063062	
973	-49.340261	8.106749	
974	-49.627637	8.400648	
975	-50.821376	9.713533	
976	-50.691328	11.661098	
977	-50.308663	10.260939	
978	-50.148335	10.954910	
979	-49.541932	8.280787	
980	-49.377544	8.359078	
981	-50.820024	8.692831	
982	-50.856820	8.507530	
983	-51.073510	8.640725	
984	-50.757278	8.062759	
985	-50.693784	8.973186	
986	-51.153040	8.667025	
987	-47.748298	8.805843	
988	-51.552713	7.866276	
989	-51.342066	6.861466	
990	-51.496785	4.880262	
991	-52.151667	4.874557	
992	-52.835188	6.896123	
993	-53.397280	8.453373	
994	-52.582372	6.019587	
995	-52.429321	4.610925	
996	-60.747621	8.531309	
997	-53.052348	5.297391	
998	-52.594699	3.901559	
999	-51.797686	4.190638	
1000	-52.006678	2.762570	
1001	-51.913578	2.288823	
1002	-52.996572	4.133982	
1003	-57.640214	5.339667	
1004	-49.908551	4.583694	
1005	-51.654691	2.729670	
1006	-49.218680	3.094995	
1007	-49.900947	5.544779	
1008	-48.279178	7.304107	
1009	-49.639891	6.451519	
1010	-49.139948	7.696588	
1011	-52.006994	8.160588	
1012	-52.773627	8.134304	
1013	-54.319529	7.917304	
1014	-55.145600	6.355765	
1015	-54.665679	6.570350	
1016	-53.113075	6.885903	
1017	-55.223938	3.840062	
1018	-56.677029	3.603086	
1019	-73.041235	-14.273534	
1020	NaN	NaN	
1021	NaN	NaN	
1022	NaN	NaN	
1023	NaN	NaN	
1024	NaN	NaN	
1025	NaN	NaN	
1026	-58.836827	-2.280949	
1027	-56.626594	-4.622049	
1028	-59.843757	-3.313054	
1029	-62.937591	-6.143442	
1030	NaN	NaN	
1031	-56.802834	-4.442625	
1032	-56.509972	-5.629095	
1033	-57.353298	-3.155057	
1034	-57.674185	-5.406421	
1035	-57.096649	-4.630641	
1036	-64.675026	-2.137613	
1037	-65.182688	-5.881226	
1038	NaN	NaN	
1039	NaN	NaN	
1040	NaN	NaN	
1041	NaN	NaN	
1042	NaN	NaN	
1043	NaN	NaN	
1044	NaN	NaN	
1045	NaN	NaN	
1046	NaN	NaN	
1047	NaN	NaN	
1048	NaN	NaN	
1049	NaN	NaN	
1050	NaN	NaN	
1051	NaN	NaN	
1052	NaN	NaN	
1053	NaN	NaN	
1054	NaN	NaN	
1055	NaN	NaN	
1056	NaN	NaN	
1057	NaN	NaN	
1058	NaN	NaN	
1059	NaN	NaN	
1060	NaN	NaN	
1061	NaN	NaN	
1062	NaN	NaN	
1063	NaN	NaN	
1064	NaN	NaN	
1065	NaN	NaN	
1066	NaN	NaN	
1067	NaN	NaN	
1068	NaN	NaN	
1069	NaN	NaN	
1070	NaN	NaN	
1071	NaN	NaN	
1072	NaN	NaN	
1073	NaN	NaN	
1074	NaN	NaN	
1075	NaN	NaN	
1076	NaN	NaN	
1077	NaN	NaN	
1078	NaN	NaN	
1079	NaN	NaN	
1080	NaN	NaN	
1081	NaN	NaN	
1082	NaN	NaN	
1083	NaN	NaN	
1084	NaN	NaN	
1085	NaN	NaN	
1086	NaN	NaN	
1087	NaN	NaN	
1088	NaN	NaN	
1089	NaN	NaN	
1090	NaN	NaN	
1091	NaN	NaN	
1092	NaN	NaN	
1093	NaN	NaN	
1094	NaN	NaN	
1095	NaN	NaN	
1096	NaN	NaN	
1097	NaN	NaN	
1098	NaN	NaN	
1099	NaN	NaN	
1100	NaN	NaN	
1101	NaN	NaN	
1102	NaN	NaN	
1103	NaN	NaN	
1104	NaN	NaN	
1105	NaN	NaN	
1106	NaN	NaN	
1107	NaN	NaN	
1108	NaN	NaN	
1109	NaN	NaN	
1110	NaN	NaN	
1111	NaN	NaN	
1112	NaN	NaN	
1113	NaN	NaN	
1114	NaN	NaN	
1115	NaN	NaN	
1116	NaN	NaN	
1117	NaN	NaN	
1118	NaN	NaN	
1119	NaN	NaN	
1120	NaN	NaN	
1121	NaN	NaN	
1122	NaN	NaN	
1123	NaN	NaN	
1124	NaN	NaN	
1125	NaN	NaN	
1126	NaN	NaN	
1127	NaN	NaN	
1128	NaN	NaN	
1129	NaN	NaN	
1130	NaN	NaN	
1131	NaN	NaN	
1132	NaN	NaN	
1133	NaN	NaN	
1134	NaN	NaN	
1135	NaN	NaN	
1136	NaN	NaN	
1137	NaN	NaN	
1138	NaN	NaN	
1139	NaN	NaN	
1140	NaN	NaN	
1141	NaN	NaN	
1142	NaN	NaN	
1143	NaN	NaN	
1144	NaN	NaN	
1145	NaN	NaN	
1146	NaN	NaN	
1147	NaN	NaN	
1148	NaN	NaN	
1149	NaN	NaN	
1150	NaN	NaN	
1151	NaN	NaN	
1152	NaN	NaN	
1153	NaN	NaN	
1154	NaN	NaN	
1155	NaN	NaN	
1156	NaN	NaN	
1157	NaN	NaN	
1158	NaN	NaN	
1159	NaN	NaN	
1160	NaN	NaN	
1161	NaN	NaN	
1162	NaN	NaN	
1163	NaN	NaN	
1164	NaN	NaN	
1165	NaN	NaN	
1166	NaN	NaN	
1167	NaN	NaN	
1168	NaN	NaN	
1169	NaN	NaN	
1170	NaN	NaN	
1171	NaN	NaN	
1172	NaN	NaN	
1173	NaN	NaN	
1174	NaN	NaN	
1175	NaN	NaN	
1176	NaN	NaN	
1177	NaN	NaN	
1178	NaN	NaN	
1179	NaN	NaN	
1180	NaN	NaN	
1181	NaN	NaN	
1182	NaN	NaN	
1183	NaN	NaN	
1184	NaN	NaN	
1185	NaN	NaN	
1186	NaN	NaN	
1187	NaN	NaN	
1188	NaN	NaN	
1189	NaN	NaN	
1190	NaN	NaN	
1191	NaN	NaN	
1192	NaN	NaN	
1193	NaN	NaN	
1194	NaN	NaN	
1195	NaN	NaN	
1196	NaN	NaN	
1197	NaN	NaN	
1198	NaN	NaN	
1199	NaN	NaN	
1200	NaN	NaN	
1201	NaN	NaN	
1202	NaN	NaN	
1203	NaN	NaN	
1204	NaN	NaN	
1205	NaN	NaN	
1206	NaN	NaN	
1207	NaN	NaN	
1208	NaN	NaN	
1209	NaN	NaN	
1210	NaN	NaN	
1211	NaN	NaN	
1212	NaN	NaN	
1213	NaN	NaN	
1214	NaN	NaN	
1215	NaN	NaN	
1216	NaN	NaN	
1217	NaN	NaN	
1218	NaN	NaN	
1219	NaN	NaN	
1220	NaN	NaN	
1221	NaN	NaN	
1222	NaN	NaN	
1223	NaN	NaN	
1224	NaN	NaN	
1225	NaN	NaN	
1226	NaN	NaN	
1227	NaN	NaN	
1228	NaN	NaN	
1229	NaN	NaN	
1230	NaN	NaN	
1231	NaN	NaN	
1232	NaN	NaN	
1233	NaN	NaN	
1234	NaN	NaN	
1235	NaN	NaN	
1236	NaN	NaN	
1237	NaN	NaN	
1238	NaN	NaN	
1239	NaN	NaN	
1240	NaN	NaN	
1241	NaN	NaN	
1242	NaN	NaN	
1243	NaN	NaN	
1244	NaN	NaN	
1245	NaN	NaN	
1246	NaN	NaN	
1247	NaN	NaN	
1248	NaN	NaN	
1249	NaN	NaN	
1250	NaN	NaN	
1251	NaN	NaN	
1252	NaN	NaN	
1253	NaN	NaN	
1254	NaN	NaN	
1255	NaN	NaN	
1256	NaN	NaN	
1257	NaN	NaN	
1258	NaN	NaN	
1259	NaN	NaN	
1260	NaN	NaN	
1261	NaN	NaN	
1262	NaN	NaN	
1263	NaN	NaN	
1264	NaN	NaN	
1265	NaN	NaN	
1266	NaN	NaN	
1267	NaN	NaN	
1268	NaN	NaN	
1269	NaN	NaN	
1270	NaN	NaN	
1271	NaN	NaN	
1272	NaN	NaN	
1273	NaN	NaN	
1274	NaN	NaN	
1275	NaN	NaN	
1276	NaN	NaN	
1277	NaN	NaN	
1278	NaN	NaN	
1279	NaN	NaN	
1280	NaN	NaN	
1281	NaN	NaN	
1282	NaN	NaN	
1283	NaN	NaN	
1284	NaN	NaN	
1285	NaN	NaN	
1286	NaN	NaN	
1287	NaN	NaN	
1288	NaN	NaN	
1289	NaN	NaN	
1290	NaN	NaN	
1291	NaN	NaN	
1292	NaN	NaN	
1293	NaN	NaN	
1294	NaN	NaN	
1295	NaN	NaN	
1296	NaN	NaN	
1297	NaN	NaN	
1298	NaN	NaN	
1299	NaN	NaN	
1300	NaN	NaN	
1301	NaN	NaN	
1302	NaN	NaN	
1303	NaN	NaN	
1304	NaN	NaN	
1305	NaN	NaN	
1306	NaN	NaN	
1307	NaN	NaN	
1308	NaN	NaN	
1309	NaN	NaN	
1310	NaN	NaN	
1311	NaN	NaN	
1312	NaN	NaN	
1313	NaN	NaN	
1314	NaN	NaN	
1315	NaN	NaN	
1316	NaN	NaN	
1317	NaN	NaN	
1318	NaN	NaN	
1319	NaN	NaN	
1320	NaN	NaN	
1321	NaN	NaN	
1322	NaN	NaN	
1323	NaN	NaN	
1324	NaN	NaN	
1325	NaN	NaN	
1326	NaN	NaN	
1327	NaN	NaN	
1328	NaN	NaN	
1329	NaN	NaN	
1330	NaN	NaN	
1331	NaN	NaN	
1332	NaN	NaN	
1333	NaN	NaN	
1334	NaN	NaN	
1335	NaN	NaN	
