Athlete_Engineering	// User ID
11-2-2021	// Evaluation date
P016_Walk6	30-1-2021	14:37:05:345	// Source file name and timestamp
250.000	// Sampling rate
5.567	// Data capture period



Sample #	Right_Leg_Flexion	Right_Leg_Abduction	
0	-13.990105	6.199360	
1	-14.042706	6.429173	
2	-14.096868	6.649060	
3	-14.149477	6.840906	
4	-14.198663	6.998536	
5	-14.243423	7.125209	
6	-14.283073	7.228269	
7	-14.316998	7.313880	
8	-14.344519	7.384307	
9	-14.364707	7.438101	
10	-14.376616	7.470856	
11	-14.380164	7.475404	
12	-14.376407	7.443318	
13	-14.366433	7.369379	
14	-14.350898	7.256197	
15	-14.330985	7.113607	
16	-14.308079	6.953585	
17	-14.282801	6.790586	
18	-14.256052	6.647946	
19	-14.229759	6.555912	
20	-14.205643	6.540109	
21	-14.184931	6.613700	
22	-14.169607	6.774597	
23	-14.161919	7.002671	
24	-14.161573	7.262126	
25	-14.164836	7.514302	
26	-14.167912	7.730578	
27	-14.170641	7.894167	
28	-14.176077	7.996766	
29	-14.187646	8.038013	
30	-14.207580	8.026062	
31	-14.236487	7.976317	
32	-14.273062	7.907579	
33	-14.314165	7.836932	
34	-14.355273	7.776532	
35	-14.391645	7.733151	
36	-14.419703	7.709015	
37	-14.437175	7.703052	
38	-14.442350	7.712227	
39	-14.434019	7.733224	
40	-14.412315	7.764174	
41	-14.379461	7.805342	
42	-14.339462	7.858459	
43	-14.296398	7.924962	
44	-14.252724	8.003941	
45	-14.209723	8.090582	
46	-14.169042	8.175337	
47	-14.132553	8.245289	
48	-14.101335	8.287589	
49	-14.075596	8.291990	
50	-14.054937	8.252192	
51	-14.038231	8.167968	
52	-14.024056	8.046590	
53	-14.012718	7.900959	
54	-14.007394	7.747563	
55	-14.011764	7.607032	
56	-14.027042	7.501277	
57	-14.051825	7.443978	
58	-14.083137	7.432798	
59	-14.116849	7.451242	
60	-14.149043	7.477971	
61	-14.178334	7.494920	
62	-14.206817	7.488647	
63	-14.237994	7.449476	
64	-14.272604	7.375429	
65	-14.307362	7.275800	
66	-14.338764	7.166022	
67	-14.366512	7.059853	
68	-14.392871	6.967271	
69	-14.420755	6.895602	
70	-14.453193	6.849695	
71	-14.493086	6.831278	
72	-14.541252	6.839223	
73	-14.594467	6.870989	
74	-14.646655	6.923239	
75	-14.692159	6.990608	
76	-14.726984	7.065763	
77	-14.747302	7.144054	
78	-14.748453	7.227492	
79	-14.725770	7.321585	
80	-14.676120	7.430091	
81	-14.599673	7.553527	
82	-14.500824	7.690002	
83	-14.387018	7.836604	
84	-14.266310	7.989757	
85	-14.145775	8.144210	
86	-14.031865	8.292956	
87	-13.930529	8.428696	
88	-13.845618	8.545311	
89	-13.777930	8.639192	
90	-13.725589	8.710519	
91	-13.684293	8.763269	
92	-13.647915	8.803846	
93	-13.609901	8.838978	
94	-13.564545	8.873439	
95	-13.507815	8.909995	
96	-13.437919	8.951793	
97	-13.355595	9.002989	
98	-13.264412	9.066658	
99	-13.170609	9.143765	
100	-13.081658	9.234244	
101	-13.004764	9.336665	
102	-12.945427	9.446792	
103	-12.904829	9.559613	
104	-12.878945	9.672890	
105	-12.861246	9.787470	
106	-12.845858	9.904963	
107	-12.829826	10.025719	
108	-12.814542	10.147875	
109	-12.804558	10.266503	
110	-12.804011	10.373570	
111	-12.813667	10.459499	
112	-12.830851	10.516378	
113	-12.851871	10.542523	
114	-12.874302	10.544600	
115	-12.897451	10.534140	
116	-12.921761	10.522002	
117	-12.948144	10.515792	
118	-12.977316	10.520580	
119	-13.009286	10.539701	
120	-13.043342	10.573858	
121	-13.077919	10.620012	
122	-13.109771	10.672188	
123	-13.133970	10.723657	
124	-13.145466	10.767614	
125	-13.139680	10.796671	
126	-13.111544	10.803936	
127	-13.055664	10.784461	
128	-12.967545	10.735267	
129	-12.844439	10.656237	
130	-12.686378	10.553114	
131	-12.497187	10.439333	
132	-12.285269	10.333997	
133	-12.063984	10.256952	
134	-11.848952	10.222866	
135	-11.651976	10.237019	
136	-11.476962	10.295319	
137	-11.321281	10.387351	
138	-11.180104	10.499832	
139	-11.049737	10.619109	
140	-10.927740	10.732829	
141	-10.811147	10.832616	
142	-10.695871	10.917491	
143	-10.577908	10.995306	
144	-10.454639	11.081262	
145	-10.324526	11.193477	
146	-10.185840	11.345735	
147	-10.036279	11.539729	
148	-9.873471	11.761010	
149	-9.695972	11.981699	
150	-9.504271	12.168914	
151	-9.299693	12.295665	
152	-9.081619	12.350973	
153	-8.847157	12.343956	
154	-8.593918	12.298761	
155	-8.321514	12.244535	
156	-8.029894	12.206510	
157	-7.717853	12.200775	
158	-7.383447	12.232719	
159	-7.024424	12.298629	
160	-6.637133	12.389238	
161	-6.215017	12.493045	
162	-5.750494	12.598622	
163	-5.240350	12.696478	
164	-4.688140	12.778993	
165	-4.100671	12.837170	
166	-3.483548	12.860078	
167	-2.840168	12.842071	
168	-2.173305	12.787797	
169	-1.485679	12.705354	
170	-0.778390	12.598427	
171	-0.050268	12.467597	
172	0.700970	12.313999	
173	1.478128	12.140164	
174	2.284352	11.949960	
175	3.122284	11.746847	
176	3.993017	11.531747	
177	4.895102	11.303621	
178	5.824124	11.062007	
179	6.774127	10.810083	
180	7.740125	10.556353	
181	8.719182	10.313843	
182	9.710663	10.097718	
183	10.717288	9.920608	
184	11.746313	9.785702	
185	12.810596	9.681200	
186	13.927425	9.581193	
187	15.112637	9.454560	
188	16.372083	9.277483	
189	17.694520	9.044727	
190	19.051069	8.775617	
191	20.402638	8.511429	
192	21.708010	8.305678	
193	22.931272	8.207495	
194	24.052776	8.240683	
195	25.076417	8.392629	
196	26.026362	8.620700	
197	26.938505	8.867930	
198	27.852237	9.078754	
199	28.804226	9.209456	
200	29.824583	9.229842	
201	30.933678	9.120476	
202	32.138383	8.876028	
203	33.429825	8.512646	
204	34.783105	8.069057	
205	36.157270	7.602306	
206	37.499414	7.180951	
207	38.753420	6.875746	
208	39.867158	6.750357	
209	40.802246	6.846717	
210	41.548750	7.164970	
211	42.131435	7.657276	
212	42.600487	8.245845	
213	43.013833	8.852587	
214	43.420210	9.420773	
215	43.848750	9.919215	
216	44.306963	10.334702	
217	44.785389	10.662926	
218	45.264994	10.902971	
219	45.724349	11.055447	
220	46.144455	11.124379	
221	46.509399	11.121354	
222	46.806221	11.064725	
223	47.027769	10.972666	
224	47.173784	10.859983	
225	47.247049	10.740011	
226	47.249954	10.623791	
227	47.184853	10.516931	
228	47.055608	10.419113	
229	46.867385	10.326576	
230	46.625345	10.234827	
231	46.334508	10.140199	
232	46.000800	10.040781	
233	45.630842	9.936644	
234	45.229189	9.828515	
235	44.795789	9.715496	
236	44.327073	9.594891	
237	43.820107	9.464782	
238	43.275425	9.324981	
239	42.696325	9.175531	
240	42.086806	9.016740	
241	41.448850	8.851234	
242	40.779307	8.686529	
243	40.070452	8.537066	
244	39.314308	8.421168	
245	38.505437	8.352839	
246	37.641868	8.337775	
247	36.726895	8.375515	
248	35.769705	8.459591	
249	34.781922	8.577756	
250	33.772328	8.718326	
251	32.744530	8.874944	
252	31.699020	9.042271	
253	30.636519	9.209710	
254	29.558701	9.364659	
255	28.467098	9.503259	
256	27.363519	9.635072	
257	26.251028	9.777268	
258	25.132736	9.944644	
259	24.009931	10.142149	
260	22.882189	10.364408	
261	21.749331	10.602741	
262	20.613207	10.855563	
263	19.477686	11.133175	
264	18.347627	11.452796	
265	17.228097	11.832724	
266	16.123655	12.291641	
267	15.036945	12.847467	
268	13.965983	13.509727	
269	12.903767	14.267169	
270	11.844282	15.081553	
271	10.787719	15.899061	
272	9.737449	16.672465	
273	8.695632	17.373543	
274	7.663517	17.993285	
275	6.641603	18.540051	
276	5.627440	19.033173	
277	4.616388	19.492131	
278	3.606439	19.928701	
279	2.601496	20.344001	
280	1.610514	20.732328	
281	0.643902	21.086883	
282	-0.289770	21.398933	
283	-1.183033	21.655441	
284	-2.026688	21.841036	
285	-2.810487	21.941362	
286	-3.526926	21.947665	
287	-4.173828	21.863437	
288	-4.754587	21.706748	
289	-5.277499	21.504220	
290	-5.753708	21.282324	
291	-6.192044	21.061801	
292	-6.594088	20.854740	
293	-6.954676	20.663872	
294	-7.264825	20.484844	
295	-7.512865	20.309968	
296	-7.687217	20.133180	
297	-7.780119	19.954534	
298	-7.787410	19.778638	
299	-7.708120	19.608401	
300	-7.545768	19.442731	
301	-7.308130	19.280209	
302	-7.008626	19.123043	
303	-6.669688	18.977220	
304	-6.320344	18.848695	
305	-5.988021	18.739055	
306	-5.693066	18.643759	
307	-5.447728	18.551534	
308	-5.256341	18.447014	
309	-5.117806	18.319177	
310	-5.029880	18.167897	
311	-4.989313	18.002559	
312	-4.986911	17.838208	
313	-5.004790	17.694147	
314	-5.021600	17.591850	
315	-5.020165	17.550095	
316	-4.988233	17.582169	
317	-4.916595	17.697969	
318	-4.800037	17.907641	
319	-4.635355	18.222740	
320	-4.416364	18.648998	
321	-4.132648	19.170935	
322	-3.773279	19.746449	
323	-3.332303	20.320278	
324	-2.812065	20.837961	
325	-2.222435	21.251050	
326	-1.578154	21.524009	
327	-0.897554	21.642954	
328	-0.202708	21.615914	
329	0.480619	21.462818	
330	1.124669	21.205522	
331	1.703195	20.866060	
332	2.196350	20.466255	
333	2.595429	20.023028	
334	2.903334	19.545983	
335	3.131079	19.040532	
336	3.294807	18.511977	
337	3.412740	17.966005	
338	3.501026	17.407546	
339	3.571281	16.842688	
340	3.630576	16.282459	
341	3.682621	15.744916	
342	3.728967	15.253910	
343	3.768914	14.835025	
344	3.799164	14.511777	
345	3.815314	14.303865	
346	3.814657	14.225429	
347	3.797954	14.279365	
348	3.768430	14.448015	
349	3.728898	14.690216	
350	3.680209	14.954403	
351	3.622052	15.199901	
352	3.553052	15.408919	
353	3.470419	15.583741	
354	3.373662	15.735352	
355	3.269203	15.872787	
356	3.169843	15.998850	
357	3.090156	16.112236	
358	3.041042	16.213612	
359	3.025537	16.307672	
360	3.037311	16.395788	
361	3.063894	16.469800	
362	3.093369	16.516145	
363	3.117565	16.522968	
364	3.130947	16.483183	
365	3.130924	16.394678	
366	3.118781	16.259391	
367	3.096928	16.081684	
368	3.063972	15.867619	
369	3.013328	15.627610	
370	2.937010	15.380496	
371	2.829283	15.151472	
372	2.687851	14.959531	
373	2.516828	14.803996	
374	2.329473	14.666117	
375	2.144098	14.525597	
376	1.976523	14.374785	
377	1.837277	14.217194	
378	1.732611	14.056341	
379	1.663041	13.891302	
380	1.620782	13.721298	
381	1.591887	13.548701	
382	1.560966	13.376135	
383	1.513921	13.203021	
384	1.440232	13.026376	
385	1.335772	12.842554	
386	1.203371	12.646851	
387	1.050973	12.434956	
388	0.890061	12.204561	
389	0.733767	11.948683	
390	0.593155	11.649762	
391	0.473206	11.291641	
392	0.370277	10.879590	
393	0.272235	10.448841	
394	0.162640	10.055474	
395	0.027833	9.750833	
396	-0.138708	9.558263	
397	-0.337403	9.472661	
398	-0.564841	9.475095	
399	-0.815480	9.546589	
400	-1.083604	9.674912	
401	-1.364059	9.851602	
402	-1.651852	10.065349	
403	-1.942587	10.302190	
404	-2.233048	10.548792	
405	-2.520712	10.790997	
406	-2.803012	11.014206	
407	-3.078054	11.210972	
408	-3.346040	11.385921	
409	-3.607925	11.551039	
410	-3.862446	11.719096	
411	-4.105205	11.899243	
412	-4.329899	12.092295	
413	-4.531773	12.289902	
414	-4.711442	12.479261	
415	-4.874898	12.648853	
416	-5.030699	12.792796	
417	-5.187167	12.910914	
418	-5.349631	13.004448	
419	-5.519321	13.074149	
420	-5.694918	13.123234	
421	-5.873509	13.159056	
422	-6.049922	13.190026	
423	-6.217024	13.221657	
424	-6.367638	13.254994	
425	-6.496526	13.286145	
426	-6.601389	13.306664	
427	-6.683240	13.306607	
428	-6.746186	13.279056	
429	-6.796144	13.222940	
430	-6.838809	13.142780	
431	-6.878272	13.046545	
432	-6.917161	12.943799	
433	-6.956717	12.844774	
434	-6.996257	12.759647	
435	-7.033816	12.698031	
436	-7.067585	12.668935	
437	-7.096157	12.679817	
438	-7.118095	12.733929	
439	-7.132368	12.828707	
440	-7.138840	12.957576	
441	-7.138025	13.113527	
442	-7.131157	13.291685	
443	-7.119948	13.489205	
444	-7.105195	13.703311	
445	-7.086638	13.930269	
446	-7.064445	14.165129	
447	-7.038975	14.400885	
448	-7.008821	14.628331	
449	-6.970595	14.837504	
450	-6.920957	15.019854	
451	-6.857550	15.168243	
452	-6.778303	15.275706	
453	-6.682432	15.339606	
454	-6.571977	15.367091	
455	-6.449276	15.370843	
456	-6.313165	15.360380	
457	-6.159683	15.340056	
458	-5.984760	15.311522	
459	-5.785006	15.275484	
460	-5.558834	15.233795	
461	-5.307604	15.191107	
462	-5.033901	15.152455	
463	-4.739509	15.119218	
464	-4.426498	15.090605	
465	-4.099126	15.068826	
466	-3.762690	15.058359	
467	-3.420073	15.058834	
468	-3.069850	15.060884	
469	-2.708091	15.050658	
470	-2.332437	15.018367	
471	-1.944670	14.961590	
472	-1.549389	14.882819	
473	-1.150458	14.787931	
474	-0.749333	14.685857	
475	-0.346706	14.585468	
476	0.055705	14.491091	
477	0.456634	14.400280	
478	0.859357	14.304663	
479	1.273402	14.193891	
480	1.710718	14.060689	
481	2.179870	13.902796	
482	2.683595	13.719994	
483	3.220716	13.510785	
484	3.789011	13.274252	
485	4.386871	13.012789	
486	5.014829	12.730102	
487	5.676593	12.429199	
488	6.377435	12.113329	
489	7.120733	11.786239	
490	7.906189	11.450921	
491	8.731060	11.109634	
492	9.592312	10.765575	
493	10.487913	10.423479	
494	11.416895	10.089355	
495	12.378776	9.771279	
496	13.374259	9.479744	
497	14.406301	9.225563	
498	15.478732	9.016172	
499	16.593776	8.854372	
500	17.751063	8.739960	
501	18.948180	8.668718	
502	20.180910	8.630557	
503	21.442496	8.611145	
504	22.723988	8.593903	
505	24.015998	8.563735	
506	25.309899	8.512945	
507	26.598121	8.439530	
508	27.874399	8.339329	
509	29.134348	8.205944	
510	30.375977	8.037264	
511	31.599177	7.837297	
512	32.804065	7.613903	
513	33.990001	7.377870	
514	35.156329	7.141266	
515	36.302340	6.914394	
516	37.426056	6.704664	
517	38.524968	6.518514	
518	39.597557	6.364066	
519	40.643177	6.249443	
520	41.662491	6.178092	
521	42.658476	6.147657	
522	43.635195	6.153307	
523	44.595196	6.191551	
524	45.538188	6.260298	
525	46.462134	6.355591	
526	47.365494	6.469687	
527	48.247816	6.592895	
528	49.108606	6.717064	
529	49.946375	6.836615	
530	50.758950	6.947279	
531	51.544908	7.046201	
532	52.303690	7.134158	
533	53.033538	7.217432	
534	53.731155	7.306405	
535	54.394932	7.411375	
536	55.026458	7.539806	
537	55.626419	7.696165	
538	56.189968	7.882077	
539	56.707290	8.096345	
540	57.167623	8.335324	
541	57.562077	8.593854	
542	57.884235	8.866511	
543	58.129852	9.146861	
544	58.296102	9.423903	
545	58.381293	9.680493	
546	58.386484	9.898123	
547	58.317860	10.064488	
548	58.186999	10.176166	
549	58.008099	10.234933	
550	57.794013	10.243144	
551	57.552325	10.200838	
552	57.283356	10.103487	
553	56.983018	9.942046	
554	56.646986	9.708586	
555	56.271678	9.405883	
556	55.854372	9.052556	
557	55.393254	8.677724	
558	54.885743	8.309885	
559	54.326663	7.968607	
560	53.708652	7.661468	
561	53.024785	7.383851	
562	52.271021	7.120883	
563	51.446715	6.853210	
564	50.553444	6.565412	
565	49.593039	6.252289	
566	48.566021	5.920903	
567	47.470986	5.589086	
568	46.304891	5.280134	
569	45.064973	5.014800	
570	43.751946	4.804624	
571	42.371144	4.650337	
572	40.930934	4.544829	
573	39.441244	4.478224	
574	37.912957	4.443245	
575	36.358093	4.437087	
576	34.789174	4.460269	
577	33.215273	4.517970	
578	31.639437	4.621084	
579	30.061733	4.781783	
580	28.482640	5.007879	
581	26.903023	5.301661	
582	25.324389	5.662039	
583	23.750805	6.085738	
584	22.187965	6.566256	
585	20.639553	7.090532	
586	19.105701	7.636044	
587	17.583705	8.176270	
588	16.069163	8.692068	
589	14.558186	9.176346	
590	13.051792	9.630666	
591	11.558437	10.061436	
592	10.089447	10.476991	
593	8.653100	10.883488	
594	7.255354	11.283059	
595	5.903609	11.677902	
596	4.605959	12.075366	
597	3.366891	12.485813	
598	2.186601	12.915356	
599	1.062801	13.364447	
600	-0.010472	13.833372	
601	-1.041719	14.322168	
602	-2.035758	14.821893	
603	-2.991466	15.310623	
604	-3.905373	15.760386	
605	-4.774099	16.146690	
606	-5.594418	16.452261	
607	-6.362826	16.665049	
608	-7.074635	16.777302	
609	-7.723601	16.788268	
610	-8.302888	16.706764	
611	-8.806845	16.551516	
612	-9.231170	16.348503	
613	-9.570752	16.126764	
614	-9.818514	15.916991	
615	-9.966491	15.751139	
616	-10.008795	15.658594	
617	-9.945385	15.660891	
618	-9.782508	15.767657	
619	-9.528854	15.974609	
620	-9.192367	16.265869	
621	-8.782727	16.620868	
622	-8.317858	17.021603	
623	-7.826152	17.453780	
624	-7.339875	17.901932	
625	-6.885879	18.347000	
626	-6.481696	18.768958	
627	-6.136629	19.149801	
628	-5.852199	19.475061	
629	-5.620803	19.733568	
630	-5.426097	19.915098	
631	-5.246128	20.007945	
632	-5.056629	19.999072	
633	-4.832653	19.877231	
634	-4.549195	19.637362	
635	-4.182117	19.284211	
636	-3.710428	18.833834	
637	-3.119730	18.312915	
638	-2.405614	17.757071	
639	-1.576933	17.208887	
640	-0.657836	16.713717	
641	0.315085	16.311203	
642	1.300357	16.026372	
643	2.258981	15.866308	
644	3.158590	15.821831	
645	3.974340	15.870195	
646	4.688031	15.978738	
647	5.287264	16.112044	
648	5.764998	16.239433	
649	6.119335	16.336075	
650	6.353590	16.379606	
651	6.475638	16.349501	
652	6.496910	16.230446	
653	6.433050	16.015785	
654	6.303718	15.709147	
655	6.128549	15.325503	
656	5.923253	14.890985	
657	5.699417	14.438682	
658	5.466157	14.002168	
659	5.232052	13.612569	
660	5.007531	13.298136	
661	4.805894	13.080600	
662	4.640366	12.970053	
663	4.518580	12.964695	
664	4.440005	13.056391	
665	4.399543	13.235408	
666	4.393270	13.488582	
667	4.419957	13.795474	
668	4.477680	14.129862	
669	4.560492	14.464132	
670	4.658330	14.770368	
671	4.758614	15.020817	
672	4.848128	15.192128	
673	4.915424	15.268956	
674	4.952833	15.243686	
675	4.957044	15.116008	
676	4.928799	14.894244	
677	4.871950	14.595820	
678	4.791521	14.244553	
679	4.691814	13.865725	
680	4.576081	13.482634	
681	4.446921	13.116616	
682	4.306459	12.787658	
683	4.157351	12.512630	
684	4.004481	12.301793	
685	3.856017	12.155769	
686	3.722329	12.066121	
687	3.612613	12.019664	
688	3.532254	12.002362	
689	3.482645	12.001932	
690	3.461490	12.010394	
691	3.462383	12.025132	
692	3.474721	12.047741	
693	3.485673	12.078745	
694	3.483581	12.109986	
695	3.459207	12.126328	
696	3.404981	12.115996	
697	3.315817	12.073901	
698	3.190924	11.997724	
699	3.033180	11.889091	
700	2.846854	11.758181	
701	2.637401	11.620986	
702	2.412258	11.490971	
703	2.179594	11.375183	
704	1.946702	11.275733	
705	1.719090	11.192370	
706	1.499614	11.124819	
707	1.289417	11.073516	
708	1.090363	11.038828	
709	0.905681	11.020656	
710	0.737887	11.018699	
711	0.586621	11.032653	
712	0.448833	11.062880	
713	0.320409	11.111246	
714	0.197586	11.179931	
715	0.077833	11.268561	
716	-0.039573	11.373382	
717	-0.153137	11.489743	
718	-0.259788	11.614299	
719	-0.357147	11.744675	
720	-0.446129	11.878900	
721	-0.532197	12.015926	
722	-0.623808	12.154906	
723	-0.728530	12.292665	
724	-0.849643	12.421898	
725	-0.985516	12.531160	
726	-1.132596	12.606872	
727	-1.289971	12.638412	
728	-1.460597	12.622863	
729	-1.647888	12.564224	
730	-1.852619	12.468759	
731	-2.072822	12.341578	
732	-2.304114	12.186932	
733	-2.539996	12.011161	
734	-2.773305	11.824511	
735	-2.997950	11.640023	
736	-3.210076	11.471029	
737	-3.408578	11.329425	
738	-3.595054	11.225078	
739	-3.772679	11.164520	
740	-3.943810	11.147984	
741	-4.108719	11.167671	
742	-4.266536	11.211248	
743	-4.416032	11.267589	
744	-4.555331	11.328570	
745	-4.681946	11.388468	
746	-4.793600	11.444920	
747	-4.888518	11.500734	
748	-4.964340	11.563449	
749	-5.017739	11.641478	
750	-5.045549	11.740657	
751	-5.044874	11.862916	
752	-5.012137	12.004447	
753	-4.943101	12.153625	
754	-4.834218	12.293202	
755	-4.684702	12.409121	
756	-4.497117	12.496273	
757	-4.275344	12.553565	
758	-4.022776	12.578556	
759	-3.742431	12.569520	
760	-3.437784	12.529588	
761	-3.112841	12.467554	
762	-2.770970	12.395237	
763	-2.413866	12.324794	
764	-2.042151	12.268116	
765	-1.657257	12.235774	
766	-1.261889	12.232639	
767	-0.858359	12.254231	
768	-0.448749	12.289635	
769	-0.036869	12.327470	
770	0.373210	12.357189	
771	0.780928	12.365983	
772	1.190436	12.336795	
773	1.609864	12.252183	
774	2.050017	12.103869	
775	2.521606	11.897323	
776	3.032274	11.645145	
777	3.585016	11.360066	
778	4.178548	11.053844	
779	4.810514	10.735894	
780	5.480519	10.413802	
781	6.189206	10.099979	
782	6.936413	9.813720	
783	7.721954	9.572632	
784	8.547380	9.383414	
785	9.417029	9.239675	
786	10.338519	9.126585	
787	11.320802	9.030292	
788	12.368759	8.947974	
789	13.479823	8.890916	
790	14.647225	8.876834	
791	15.864946	8.918759	
792	17.128108	9.019217	
793	18.430193	9.170776	
794	19.761409	9.359040	
795	21.109734	9.565026	
796	22.463462	9.769637	
797	23.813301	9.959632	
798	25.153437	10.127939	
799	26.482213	10.268675	
800	27.801572	10.373835	
801	29.114065	10.434876	
802	30.419544	10.447519	
803	31.713971	10.415040	
804	32.990247	10.346796	
805	34.240651	10.253912	
806	35.459142	10.146494	
807	36.641006	10.034098	
808	37.781063	9.926760	
809	38.873710	9.834505	
810	39.915327	9.766792	
811	40.906666	9.732659	
812	41.853473	9.740021	
813	42.765781	9.794272	
814	43.656177	9.898782	
815	44.536575	10.055480	
816	45.414807	10.262375	
817	46.293279	10.511577	
818	47.170526	10.790806	
819	48.043869	11.086002	
820	48.910042	11.382864	
821	49.763733	11.667953	
822	50.596873	11.930121	
823	51.399892	12.161428	
824	52.164043	12.357799	
825	52.883114	12.519978	
826	53.553221	12.652805	
827	54.171813	12.762764	
828	54.737673	12.857227	
829	55.251296	12.946008	
830	55.714437	13.041113	
831	56.128325	13.152071	
832	56.490811	13.279739	
833	56.795121	13.414473	
834	57.032423	13.541040	
835	57.196224	13.645375	
836	57.285795	13.716264	
837	57.306477	13.742582	
838	57.266719	13.714232	
839	57.175385	13.629689	
840	57.041043	13.500967	
841	56.870778	13.346192	
842	56.667860	13.176344	
843	56.430341	12.991466	
844	56.151728	12.784672	
845	55.823656	12.544371	
846	55.439087	12.257485	
847	54.994037	11.916937	
848	54.488338	11.528495	
849	53.925525	11.110196	
850	53.310358	10.683012	
851	52.644561	10.262075	
852	51.923319	9.855863	
853	51.135695	9.468195	
854	50.269929	9.099609	
855	49.319594	8.750438	
856	48.285928	8.422735	
857	47.176317	8.117955	
858	46.001148	7.833911	
859	44.770225	7.565740	
860	43.489726	7.310319	
861	42.160330	7.069671	
862	40.777270	6.851161	
863	39.332897	6.665050	
864	37.820309	6.521153	
865	36.235923	6.426579	
866	34.580463	6.385433	
867	32.858400	6.400642	
868	31.076445	6.476565	
869	29.242943	6.619388	
870	27.367906	6.835065	
871	25.461755	7.127283	
872	23.534424	7.495708	
873	21.596829	7.934225	
874	19.661358	8.431788	
875	17.740011	8.975672	
876	15.843848	9.554493	
877	13.983969	10.160643	
878	12.171402	10.789728	
879	10.415211	11.436582	
880	8.719664	12.093488	
881	7.083534	12.752037	
882	5.503744	13.404768	
883	3.979902	14.045347	
884	2.515121	14.666813	
885	1.114328	15.260281	
886	-0.216399	15.821078	
887	-1.469885	16.355805	
888	-2.639152	16.877921	
889	-3.719847	17.398510	
890	-4.712662	17.920509	
891	-5.624085	18.433732	
892	-6.464399	18.913902	
893	-7.243366	19.329770	
894	-7.966808	19.651667	
895	-8.637664	19.854800	
896	-9.258149	19.919451	
897	-9.827924	19.833168	
898	-10.341500	19.594393	
899	-10.789638	19.213555	
900	-11.162720	18.712022	
901	-11.452166	18.121826	
902	-11.649234	17.485346	
903	-11.742787	16.851805	
904	-11.719140	16.270696	
905	-11.566040	15.785549	
906	-11.277874	15.429980	
907	-10.858171	15.224746	
908	-10.319913	15.174229	
909	-9.685472	15.264954	
910	-8.985358	15.469202	
911	-8.255645	15.750545	
912	-7.535787	16.067671	
913	-6.865765	16.378764	
914	-6.281194	16.648010	
915	-5.807842	16.850283	
916	-5.456826	16.972150	
917	-5.222579	17.012480	
918	-5.085705	16.982551	
919	-5.018239	16.903229	
920	-4.988643	16.800057	
921	-4.966793	16.696231	
922	-4.925916	16.608043	
923	-4.840162	16.550068	
924	-4.685374	16.542550	
925	-4.445928	16.609084	
926	-4.118858	16.768279	
927	-3.710442	17.028814	
928	-3.230773	17.388925	
929	-2.691631	17.836846	
930	-2.107118	18.351246	
931	-1.493674	18.903190	
932	-0.868138	19.460068	
933	-0.246095	19.988532	
934	0.358220	20.455533	
935	0.932223	20.830862	
936	1.466136	21.090187	
937	1.953572	21.215753	
938	2.391198	21.195649	
939	2.777582	21.023008	
940	3.111506	20.697378	
941	3.391763	20.228836	
942	3.618886	19.641329	
943	3.795828	18.970791	
944	3.925564	18.254204	
945	4.008650	17.516920	
946	4.045975	16.773044	
947	4.043755	16.035888	
948	4.012936	15.324048	
949	3.964330	14.660856	
950	3.905970	14.071093	
951	3.844260	13.576647	
952	3.785934	13.193067	
953	3.737318	12.927305	
954	3.701440	12.776791	
955	3.676974	12.730961	
956	3.660299	12.774138	
957	3.648399	12.888219	
958	3.639666	13.054818	
959	3.631442	13.255542	
960	3.617477	13.470508	
961	3.589162	13.679457	
962	3.539770	13.866998	
963	3.467803	14.025510	
964	3.376446	14.152498	
965	3.270004	14.247395	
966	3.150979	14.310445	
967	3.019434	14.342922	
968	2.874174	14.348641	
969	2.715468	14.334935	
970	2.547670	14.310483	
971	2.378927	14.281038	
972	2.217941	14.247304	
973	2.070856	14.207078	
974	1.940545	14.158831	
975	1.827205	14.103490	
976	1.728670	14.045017	
977	1.640878	13.990611	
978	1.559049	13.949253	
979	1.478017	13.927600	
980	1.390249	13.924799	
981	1.285033	13.931972	
982	1.151913	13.938181	
983	0.984664	13.935605	
984	0.782744	13.920123	
985	0.551081	13.890136	
986	0.299509	13.845764	
987	0.041646	13.789810	
988	-0.209877	13.727966	
989	-0.449618	13.664098	
990	-0.679484	13.595197	
991	-0.903490	13.512722	
992	-1.123499	13.408338	
993	-1.338374	13.278443	
994	-1.545362	13.125542	
995	-1.742098	12.957121	
996	-1.928261	12.783120	
997	-2.104894	12.613278	
998	-2.271362	12.454889	
999	-2.424223	12.311710	
1000	-2.559144	12.184779	
1001	-2.673141	12.073875	
1002	-2.766279	11.977834	
1003	-2.842235	11.893923	
1004	-2.907494	11.817373	
1005	-2.970941	11.741089	
1006	-3.042726	11.656889	
1007	-3.129928	11.560286	
1008	-3.232974	11.454584	
1009	-3.347221	11.348961	
1010	-3.465892	11.253790	
1011	-3.581152	11.176891	
1012	-3.685933	11.120627	
1013	-3.776702	11.081715	
1014	-3.854803	11.054310	
1015	-3.926185	11.033140	
1016	-3.999306	11.014021	
1017	-4.081316	10.992368	
1018	-4.175338	10.963313	
1019	-4.280818	10.925213	
1020	-4.395251	10.882148	
1021	-4.515002	10.842022	
1022	-4.635537	10.814214	
1023	-4.752973	10.808886	
1024	-4.866053	10.834353	
1025	-4.975392	10.893828	
1026	-5.081138	10.986288	
1027	-5.182042	11.108451	
1028	-5.275329	11.253581	
1029	-5.357361	11.410581	
1030	-5.425683	11.565904	
1031	-5.480550	11.705111	
1032	-5.525521	11.814302	
1033	-5.566306	11.885045	
1034	-5.605793	11.919904	
1035	-5.638798	11.931790	
1036	-5.652643	11.937715	
1037	-5.634335	11.953410	
1038	-5.576908	11.990363	
1039	-5.478748	12.053723	
1040	-5.341766	12.142905	
1041	-5.172515	12.255487	
1042	-4.981731	12.390951	
1043	-4.781267	12.551265	
1044	-4.581157	12.737828	
1045	-4.388541	12.947886	
1046	-4.207495	13.174644	
1047	-4.038454	13.410185	
1048	-3.879372	13.647966	
1049	-3.728174	13.882833	
1050	-3.583129	14.108633	
1051	-3.441311	14.318299	
1052	-3.297464	14.507625	
1053	-3.145526	14.677443	
1054	-2.982070	14.831889	
1055	-2.806981	14.973585	
1056	-2.620602	15.099192	
1057	-2.421973	15.200358	
1058	-2.209786	15.269423	
1059	-1.983181	15.304054	
1060	-1.741152	15.306727	
1061	-1.481436	15.280188	
1062	-1.199922	15.224353	
1063	-0.891914	15.137497	
1064	-0.554895	15.018288	
1065	-0.189977	14.867482	
1066	0.199581	14.690598	
1067	0.610472	14.497350	
1068	1.039288	14.296082	
1069	1.480202	14.089548	
1070	1.923679	13.875333	
1071	2.361048	13.648715	
1072	2.791305	13.405411	
1073	3.221483	13.142184	
1074	3.662159	12.857154	
1075	4.124191	12.551991	
1076	4.617027	12.232408	
1077	5.146883	11.905507	
1078	5.716017	11.578946	
1079	6.325963	11.262375	
1080	6.981973	10.966469	
1081	7.692720	10.700864	
1082	8.465627	10.474880	
1083	9.301825	10.298631	
1084	10.195180	10.181645	
1085	11.137993	10.130897	
1086	12.126745	10.149501	
1087	13.161386	10.235678	
1088	14.243161	10.383800	
1089	15.375624	10.587470	
1090	16.565117	10.839965	
1091	17.816738	11.131245	
1092	19.129876	11.446607	
1093	20.499367	11.769275	
1094	21.917821	12.083945	
1095	23.373664	12.377989	
1096	24.849929	12.641240	
1097	26.325825	12.866688	
1098	27.777081	13.052164	
1099	29.177634	13.201842	
1100	30.507344	13.324130	
1101	31.760967	13.425710	
1102	32.947574	13.508953	
1103	34.079461	13.575193	
1104	35.164155	13.627901	
1105	36.207818	13.672392	
1106	37.221210	13.713691	
1107	38.217758	13.754498	
1108	39.207295	13.793932	
1109	40.196042	13.828683	
1110	41.191405	13.856679	
1111	42.202268	13.878078	
1112	43.236422	13.892594	
1113	44.301094	13.898721	
1114	45.402290	13.895895	
1115	46.538627	13.886090	
1116	47.696821	13.873045	
1117	48.854973	13.861335	
1118	49.988928	13.857353	
1119	51.076149	13.869299	
1120	52.096907	13.904663	
1121	53.035682	13.968142	
1122	53.884571	14.061424	
1123	54.644646	14.183932	
1124	55.321910	14.333728	
1125	55.923251	14.508271	
1126	56.456152	14.704703	
1127	56.927867	14.919741	
1128	57.343184	15.148704	
1129	57.704148	15.383868	
1130	58.011963	15.615891	
1131	58.268362	15.838679	
1132	58.474753	16.050234	
1133	58.631244	16.245859	
1134	58.736044	16.411756	
1135	58.785358	16.527794	
1136	58.776342	16.574774	
1137	58.710176	16.536547	
1138	58.591642	16.399230	
1139	58.426703	16.152712	
1140	58.219948	15.791696	
1141	57.973638	15.316126	
1142	57.689009	14.734306	
1143	57.367995	14.065421	
1144	57.015251	13.340219	
1145	56.640031	12.602097	
1146	56.250732	11.901842	
1147	55.840987	11.282119	
1148	55.383933	10.762651	
1149	54.845069	10.338060	
1150	54.199285	9.988632	
1151	53.437155	9.691214	
1152	52.563803	9.419315	
1153	51.594284	9.141566	
1154	50.544005	8.830140	
1155	49.421349	8.471338	
1156	48.228790	8.068954	
1157	46.966546	7.644460	
1158	45.635241	7.235842	
1159	44.240188	6.888723	
1160	42.792751	6.640293	
1161	41.304026	6.507108	
1162	39.778212	6.487147	
1163	38.215487	6.569946	
1164	36.622756	6.738855	
1165	35.018006	6.969120	
1166	33.420783	7.234483	
1167	31.841546	7.517247	
1168	30.280986	7.812941	
1169	28.734656	8.130602	
1170	27.196817	8.490138	
1171	25.662390	8.916258	
1172	24.127288	9.431798	
1173	22.588196	10.052871	
1174	21.042869	10.785273	
1175	19.491239	11.622627	
1176	17.937351	12.547543	
1177	16.391336	13.535297	
1178	14.868709	14.558005	
1179	13.386610	15.587564	
1180	11.960323	16.598481	
1181	10.599744	17.571862	
1182	9.304598	18.497325	
1183	8.063140	19.369782	
1184	6.856447	20.185226	
1185	5.664466	20.940661	
1186	4.469603	21.636004	
1187	3.253912	22.273521	
1188	1.995339	22.855331	
1189	0.673823	23.383800	
1190	-0.716799	23.867251	
1191	-2.160387	24.325611	
1192	-3.609535	24.790688	
1193	-4.974901	25.305005	
1194	-6.130869	25.925647	
1195	-6.948521	26.734100	
1196	-7.339684	27.841089	
1197	-7.296417	29.353047	
1198	-6.918137	31.262851	
1199	-6.393640	33.327827	
1200	-5.911198	35.152605	
1201	-5.573004	36.471195	
1202	-5.395894	37.267977	
1203	NaN	NaN	
1204	NaN	NaN	
1205	NaN	NaN	
1206	NaN	NaN	
1207	NaN	NaN	
1208	NaN	NaN	
1209	NaN	NaN	
1210	NaN	NaN	
1211	NaN	NaN	
1212	NaN	NaN	
1213	NaN	NaN	
1214	NaN	NaN	
1215	NaN	NaN	
1216	NaN	NaN	
1217	NaN	NaN	
1218	NaN	NaN	
1219	NaN	NaN	
1220	NaN	NaN	
1221	NaN	NaN	
1222	NaN	NaN	
1223	NaN	NaN	
1224	NaN	NaN	
1225	NaN	NaN	
1226	NaN	NaN	
1227	NaN	NaN	
1228	NaN	NaN	
1229	NaN	NaN	
1230	NaN	NaN	
1231	NaN	NaN	
1232	NaN	NaN	
1233	NaN	NaN	
1234	NaN	NaN	
1235	NaN	NaN	
1236	NaN	NaN	
1237	NaN	NaN	
1238	NaN	NaN	
1239	NaN	NaN	
1240	NaN	NaN	
1241	NaN	NaN	
1242	NaN	NaN	
1243	NaN	NaN	
1244	NaN	NaN	
1245	NaN	NaN	
1246	NaN	NaN	
1247	NaN	NaN	
1248	NaN	NaN	
1249	NaN	NaN	
1250	NaN	NaN	
1251	NaN	NaN	
1252	NaN	NaN	
1253	NaN	NaN	
1254	NaN	NaN	
1255	NaN	NaN	
1256	NaN	NaN	
1257	NaN	NaN	
1258	NaN	NaN	
1259	NaN	NaN	
1260	NaN	NaN	
1261	NaN	NaN	
1262	NaN	NaN	
1263	NaN	NaN	
1264	NaN	NaN	
1265	NaN	NaN	
1266	NaN	NaN	
1267	NaN	NaN	
1268	NaN	NaN	
1269	NaN	NaN	
1270	NaN	NaN	
1271	NaN	NaN	
1272	NaN	NaN	
1273	NaN	NaN	
1274	NaN	NaN	
1275	NaN	NaN	
1276	NaN	NaN	
1277	NaN	NaN	
1278	NaN	NaN	
1279	NaN	NaN	
1280	NaN	NaN	
1281	NaN	NaN	
1282	NaN	NaN	
1283	NaN	NaN	
1284	NaN	NaN	
1285	NaN	NaN	
1286	NaN	NaN	
1287	NaN	NaN	
1288	NaN	NaN	
1289	NaN	NaN	
1290	NaN	NaN	
1291	NaN	NaN	
1292	NaN	NaN	
1293	NaN	NaN	
1294	NaN	NaN	
1295	NaN	NaN	
1296	NaN	NaN	
1297	NaN	NaN	
1298	NaN	NaN	
1299	NaN	NaN	
1300	NaN	NaN	
1301	NaN	NaN	
1302	NaN	NaN	
1303	NaN	NaN	
1304	NaN	NaN	
1305	NaN	NaN	
1306	NaN	NaN	
1307	NaN	NaN	
1308	NaN	NaN	
1309	NaN	NaN	
1310	NaN	NaN	
1311	NaN	NaN	
1312	NaN	NaN	
1313	NaN	NaN	
1314	NaN	NaN	
1315	NaN	NaN	
1316	NaN	NaN	
1317	NaN	NaN	
1318	NaN	NaN	
1319	NaN	NaN	
1320	NaN	NaN	
1321	NaN	NaN	
1322	NaN	NaN	
1323	NaN	NaN	
1324	NaN	NaN	
1325	NaN	NaN	
1326	NaN	NaN	
1327	NaN	NaN	
1328	NaN	NaN	
1329	NaN	NaN	
1330	NaN	NaN	
1331	NaN	NaN	
1332	NaN	NaN	
1333	NaN	NaN	
1334	NaN	NaN	
1335	NaN	NaN	
1336	NaN	NaN	
1337	NaN	NaN	
1338	NaN	NaN	
1339	NaN	NaN	
1340	NaN	NaN	
1341	NaN	NaN	
1342	NaN	NaN	
1343	NaN	NaN	
1344	NaN	NaN	
1345	NaN	NaN	
1346	NaN	NaN	
1347	NaN	NaN	
1348	NaN	NaN	
1349	NaN	NaN	
1350	NaN	NaN	
1351	NaN	NaN	
1352	NaN	NaN	
1353	NaN	NaN	
1354	NaN	NaN	
1355	NaN	NaN	
1356	NaN	NaN	
1357	NaN	NaN	
1358	NaN	NaN	
1359	NaN	NaN	
1360	NaN	NaN	
1361	NaN	NaN	
1362	NaN	NaN	
1363	NaN	NaN	
1364	NaN	NaN	
1365	NaN	NaN	
1366	NaN	NaN	
1367	NaN	NaN	
1368	NaN	NaN	
1369	NaN	NaN	
1370	NaN	NaN	
1371	NaN	NaN	
1372	NaN	NaN	
1373	NaN	NaN	
1374	NaN	NaN	
1375	NaN	NaN	
1376	NaN	NaN	
1377	NaN	NaN	
1378	NaN	NaN	
1379	NaN	NaN	
1380	NaN	NaN	
1381	NaN	NaN	
1382	NaN	NaN	
1383	NaN	NaN	
1384	NaN	NaN	
1385	NaN	NaN	
1386	NaN	NaN	
1387	NaN	NaN	
1388	NaN	NaN	
1389	NaN	NaN	
1390	NaN	NaN	
1391	NaN	NaN	
