Athlete_Engineering	// User ID
11-2-2021	// Evaluation date
P016_Walk1	30-1-2021	14:33:30:155	// Source file name and timestamp
250.000	// Sampling rate
6.558	// Data capture period



Sample #	Right_Leg_Flexion	Right_Leg_Abduction	
0	-4.927006	2.959058	
1	-4.959542	2.913967	
2	-4.991074	2.852154	
3	-5.020864	2.785220	
4	-5.045224	2.724632	
5	-5.058539	2.681014	
6	-5.058136	2.660861	
7	-5.047840	2.663146	
8	-5.035759	2.681266	
9	-5.030508	2.707098	
10	-5.040055	2.732498	
11	-5.071484	2.749513	
12	-5.130142	2.751108	
13	-5.218358	2.732528	
14	-5.333181	2.693480	
15	-5.464177	2.640207	
16	-5.595779	2.584477	
17	-5.713719	2.539186	
18	-5.809063	2.514382	
19	-5.878452	2.515832	
20	-5.923340	2.545113	
21	-5.948460	2.600072	
22	-5.959522	2.675131	
23	-5.961385	2.761771	
24	-5.957037	2.849466	
25	-5.947076	2.926944	
26	-5.929929	2.983616	
27	-5.903088	3.011120	
28	-5.865000	3.005019	
29	-5.816534	2.965670	
30	-5.760670	2.896950	
31	-5.701242	2.804835	
32	-5.642640	2.698028	
33	-5.589607	2.587923	
34	-5.546004	2.485821	
35	-5.513823	2.400025	
36	-5.493255	2.335392	
37	-5.483130	2.294205	
38	-5.481271	2.276349	
39	-5.484829	2.279624	
40	-5.490799	2.301237	
41	-5.496986	2.339550	
42	-5.502987	2.394956	
43	-5.510086	2.469158	
44	-5.520166	2.563072	
45	-5.534581	2.674773	
46	-5.553135	2.797893	
47	-5.573455	2.921027	
48	-5.591762	3.030698	
49	-5.604419	3.116459	
50	-5.608345	3.172257	
51	-5.601541	3.196403	
52	-5.585031	3.194380	
53	-5.562820	3.177983	
54	-5.538912	3.159007	
55	-5.515349	3.145796	
56	-5.492682	3.144412	
57	-5.470937	3.159858	
58	-5.449941	3.195873	
59	-5.429360	3.254222	
60	-5.408759	3.334406	
61	-5.387341	3.433754	
62	-5.363332	3.547226	
63	-5.333463	3.667370	
64	-5.292595	3.784637	
65	-5.233579	3.887261	
66	-5.148422	3.961800	
67	-5.031765	3.996432	
68	-4.885506	3.986048	
69	-4.720375	3.935780	
70	-4.549808	3.860853	
71	-4.380323	3.782904	
72	-4.209995	3.723212	
73	-4.036137	3.694759	
74	-3.861079	3.698086	
75	-3.690687	3.723353	
76	-3.531167	3.754718	
77	-3.387204	3.774275	
78	-3.258947	3.767001	
79	-3.139842	3.726480	
80	-3.018805	3.658217	
81	-2.885119	3.576755	
82	-2.732522	3.497647	
83	-2.559725	3.431407	
84	-2.367684	3.382692	
85	-2.157150	3.351794	
86	-1.928168	3.336522	
87	-1.680188	3.333973	
88	-1.412659	3.341492	
89	-1.127208	3.357106	
90	-0.829916	3.380223	
91	-0.530308	3.412308	
92	-0.237355	3.457066	
93	0.043380	3.520212	
94	0.309870	3.608392	
95	0.563008	3.726486	
96	0.806713	3.873722	
97	1.048873	4.040728	
98	1.302051	4.210090	
99	1.581607	4.361443	
100	1.901110	4.478168	
101	2.268792	4.551084	
102	2.687095	4.577871	
103	3.153513	4.560502	
104	3.661800	4.502942	
105	4.204416	4.409694	
106	4.775200	4.285015	
107	5.370074	4.132944	
108	5.986513	3.957697	
109	6.623540	3.763244	
110	7.281207	3.552043	
111	7.959163	3.324589	
112	8.656358	3.080768	
113	9.371861	2.822178	
114	10.104729	2.554284	
115	10.853232	2.287248	
116	11.615007	2.033151	
117	12.388312	1.799812	
118	13.172642	1.587786	
119	13.967490	1.395080	
120	14.771734	1.221823	
121	15.585534	1.066672	
122	16.411834	0.921498	
123	17.254906	0.774797	
124	18.118548	0.620060	
125	19.007059	0.457155	
126	19.925789	0.286966	
127	20.877924	0.109683	
128	21.860473	-0.069906	
129	22.863071	-0.236620	
130	23.870628	-0.366978	
131	24.867931	-0.438799	
132	25.842387	-0.439482	
133	26.784796	-0.368837	
134	27.691377	-0.239400	
135	28.566289	-0.073598	
136	29.420670	0.105048	
137	30.268010	0.280703	
138	31.119412	0.445598	
139	31.980757	0.594954	
140	32.851406	0.724818	
141	33.724301	0.833771	
142	34.588244	0.923238	
143	35.432371	0.994129	
144	36.249688	1.045177	
145	37.036527	1.076822	
146	37.790362	1.093983	
147	38.510551	1.102635	
148	39.200497	1.106192	
149	39.865855	1.106116	
150	40.510501	1.102939	
151	41.135805	1.095738	
152	41.741572	1.082632	
153	42.325426	1.062222	
154	42.882803	1.033795	
155	43.408139	0.996897	
156	43.894761	0.951365	
157	44.333659	0.896754	
158	44.713633	0.831536	
159	45.024368	0.753263	
160	45.260710	0.659167	
161	45.424756	0.547789	
162	45.525062	0.420998	
163	45.573666	0.282992	
164	45.581990	0.137215	
165	45.558962	-0.014394	
166	45.511723	-0.169532	
167	45.444600	-0.324086	
168	45.356429	-0.472346	
169	45.240846	-0.607827	
170	45.089571	-0.723839	
171	44.895131	-0.814107	
172	44.652187	-0.874136	
173	44.358451	-0.902717	
174	44.015120	-0.901585	
175	43.627046	-0.873665	
176	43.202225	-0.822558	
177	42.749355	-0.752653	
178	42.275318	-0.667742	
179	41.784646	-0.569303	
180	41.279503	-0.456772	
181	40.759435	-0.330217	
182	40.222222	-0.193123	
183	39.666379	-0.052194	
184	39.092979	0.085783	
185	38.504557	0.216518	
186	37.903434	0.338229	
187	37.291364	0.450436	
188	36.668677	0.553004	
189	36.032806	0.646085	
190	35.378525	0.730341	
191	34.700012	0.806733	
192	33.992261	0.877126	
193	33.251599	0.945440	
194	32.476854	1.017599	
195	31.670499	1.100837	
196	30.838568	1.203205	
197	29.988759	1.332214	
198	29.127265	1.493164	
199	28.257216	1.688647	
200	27.379820	1.918681	
201	26.495416	2.181402	
202	25.602568	2.474289	
203	24.697097	2.794828	
204	23.773822	3.140027	
205	22.829839	3.503816	
206	21.865461	3.876022	
207	20.882131	4.247297	
208	19.880265	4.613505	
209	18.859203	4.973833	
210	17.818753	5.326972	
211	16.759693	5.668884	
212	15.682584	5.992615	
213	14.587609	6.290182	
214	13.476179	6.554929	
215	12.352242	6.783212	
216	11.221895	6.975460	
217	10.091051	7.136179	
218	8.963056	7.272884	
219	7.838924	7.396511	
220	6.719909	7.522345	
221	5.610516	7.665192	
222	4.518953	7.831890	
223	3.453806	8.019833	
224	2.421851	8.219983	
225	1.429585	8.420325	
226	0.484305	8.609449	
227	-0.407648	8.778850	
228	-1.244066	8.922926	
229	-2.028178	9.037856	
230	-2.765463	9.121658	
231	-3.459225	9.175032	
232	-4.109736	9.199496	
233	-4.715415	9.194967	
234	-5.273394	9.161569	
235	-5.780586	9.102168	
236	-6.234968	9.020897	
237	-6.634729	8.920428	
238	-6.976912	8.801291	
239	-7.258493	8.662022	
240	-7.478301	8.499674	
241	-7.637528	8.311596	
242	-7.738837	8.097550	
243	-7.784959	7.860150	
244	-7.778018	7.602662	
245	-7.720158	7.326306	
246	-7.615074	7.030782	
247	-7.469875	6.718193	
248	-7.295699	6.395940	
249	-7.105552	6.075536	
250	-6.911324	5.770311	
251	-6.722579	5.494971	
252	-6.546982	5.264952	
253	-6.391047	5.093093	
254	-6.260487	4.985219	
255	-6.160432	4.936917	
256	-6.094307	4.932572	
257	-6.061163	4.948818	
258	-6.054512	4.962697	
259	-6.063458	4.960407	
260	-6.074907	4.940994	
261	-6.075949	4.912262	
262	-6.054819	4.882316	
263	-6.001551	4.855293	
264	-5.909621	4.834995	
265	-5.775556	4.827637	
266	-5.596447	4.839172	
267	-5.370071	4.875534	
268	-5.096621	4.946010	
269	-4.777978	5.061713	
270	-4.415535	5.231229	
271	-4.008333	5.459116	
272	-3.551511	5.744780	
273	-3.036966	6.079053	
274	-2.457788	6.442244	
275	-1.813638	6.807068	
276	-1.113778	7.144949	
277	-0.376669	7.431042	
278	0.374505	7.646234	
279	1.117440	7.779195	
280	1.833066	7.828200	
281	2.504608	7.799861	
282	3.116559	7.705444	
283	3.656542	7.558314	
284	4.117821	7.374677	
285	4.499404	7.173955	
286	4.805028	6.975792	
287	5.040466	6.796821	
288	5.209938	6.650664	
289	5.315969	6.549843	
290	5.361902	6.506001	
291	5.352988	6.528418	
292	5.295239	6.622265	
293	5.194692	6.786045	
294	5.058504	7.009636	
295	4.895742	7.275149	
296	4.716676	7.560725	
297	4.531207	7.845883	
298	4.347325	8.115168	
299	4.170547	8.358503	
300	4.004425	8.570280	
301	3.850563	8.748651	
302	3.708277	8.894193	
303	3.577536	9.007351	
304	3.462811	9.086622	
305	3.370359	9.130079	
306	3.302846	9.139258	
307	3.259251	9.122202	
308	3.237120	9.093300	
309	3.232984	9.070011	
310	3.241455	9.068566	
311	3.254332	9.099423	
312	3.261967	9.163785	
313	3.255991	9.253389	
314	3.230973	9.353002	
315	3.185816	9.445434	
316	3.123848	9.517348	
317	3.050421	9.561026	
318	2.971535	9.572769	
319	2.894484	9.551315	
320	2.826392	9.495036	
321	2.770223	9.399452	
322	2.723882	9.260154	
323	2.683692	9.079993	
324	2.646530	8.873512	
325	2.609139	8.662955	
326	2.568351	8.467726	
327	2.522772	8.297197	
328	2.473908	8.152104	
329	2.425200	8.030235	
330	2.379075	7.931237	
331	2.335109	7.857356	
332	2.291907	7.809933	
333	2.249884	7.785993	
334	2.211021	7.779025	
335	2.176454	7.782528	
336	2.144663	7.792185	
337	2.112012	7.805931	
338	2.075242	7.823344	
339	2.032676	7.844563	
340	1.983026	7.868812	
341	1.924521	7.893174	
342	1.855778	7.912633	
343	1.777040	7.922068	
344	1.689957	7.918046	
345	1.595586	7.897753	
346	1.493569	7.857650	
347	1.384356	7.794787	
348	1.270961	7.708507	
349	1.157977	7.600447	
350	1.049909	7.474147	
351	0.950145	7.335030	
352	0.860796	7.189916	
353	0.782978	7.045522	
354	0.715953	6.907001	
355	0.655319	6.778681	
356	0.593204	6.664151	
357	0.521731	6.561772	
358	0.435955	6.464906	
359	0.333632	6.372301	
360	0.215911	6.292195	
361	0.090017	6.233386	
362	-0.031931	6.198291	
363	-0.139545	6.183673	
364	-0.229944	6.183045	
365	-0.307862	6.189709	
366	-0.381281	6.198762	
367	-0.455764	6.204885	
368	-0.531580	6.199957	
369	-0.605801	6.174389	
370	-0.675552	6.119675	
371	-0.739003	6.029966	
372	-0.794878	5.903171	
373	-0.842475	5.741631	
374	-0.883623	5.552040	
375	-0.923723	5.345522	
376	-0.968417	5.137520	
377	-1.019426	4.944927	
378	-1.074662	4.781021	
379	-1.130957	4.652469	
380	-1.184038	4.560275	
381	-1.226643	4.502037	
382	-1.249783	4.472404	
383	-1.246191	4.462352	
384	-1.212570	4.460259	
385	-1.150652	4.455762	
386	-1.067170	4.443169	
387	-0.971619	4.421404	
388	-0.872693	4.391844	
389	-0.775860	4.356929	
390	-0.682646	4.320305	
391	-0.591416	4.286965	
392	-0.499512	4.261796	
393	-0.404778	4.247216	
394	-0.305445	4.242469	
395	-0.200056	4.245672	
396	-0.087539	4.256563	
397	0.033396	4.277359	
398	0.164616	4.311496	
399	0.308118	4.361549	
400	0.464851	4.427080	
401	0.633258	4.503012	
402	0.809725	4.580315	
403	0.991089	4.649512	
404	1.175458	4.704415	
405	1.360626	4.743797	
406	1.543782	4.771209	
407	1.723474	4.793644	
408	1.901074	4.819017	
409	2.079971	4.853150	
410	2.263890	4.897962	
411	2.456204	4.951261	
412	2.659958	5.006552	
413	2.877776	5.053784	
414	3.111305	5.082813	
415	3.360499	5.086771	
416	3.623663	5.062731	
417	3.897680	5.009947	
418	4.178112	4.926785	
419	4.460661	4.809529	
420	4.743616	4.654550	
421	5.028427	4.461733	
422	5.317868	4.236272	
423	5.614723	3.987288	
424	5.921863	3.725369	
425	6.241189	3.461784	
426	6.571249	3.208861	
427	6.906487	2.979412	
428	7.239257	2.783464	
429	7.563396	2.624663	
430	7.877171	2.500805	
431	8.183444	2.407252	
432	8.488089	2.338690	
433	8.798823	2.287650	
434	9.124683	2.242991	
435	9.476088	2.191246	
436	9.865153	2.118549	
437	10.304783	2.012111	
438	10.804775	1.861642	
439	11.368008	1.660330	
440	11.992485	1.406400	
441	12.676741	1.104692	
442	13.421905	0.766745	
443	14.229969	0.408792	
444	15.101391	0.047127	
445	16.032489	-0.307934	
446	17.012980	-0.656088	
447	18.027577	-1.004282	
448	19.061667	-1.358514	
449	20.104422	-1.717846	
450	21.147597	-2.073291	
451	22.185357	-2.410671	
452	23.215104	-2.715147	
453	24.236019	-2.973575	
454	25.248451	-3.174287	
455	26.256272	-3.306533	
456	27.267506	-3.362131	
457	28.290656	-3.339319	
458	29.330879	-3.245079	
459	30.390147	-3.093962	
460	31.469237	-2.904888	
461	32.567303	-2.698913	
462	33.680214	-2.498246	
463	34.800997	-2.322707	
464	35.921498	-2.183721	
465	37.033386	-2.080834	
466	38.129690	-2.001560	
467	39.206897	-1.924443	
468	40.263996	-1.828808	
469	41.297625	-1.706033	
470	42.298735	-1.560689	
471	43.254962	-1.402896	
472	44.156172	-1.241541	
473	44.998977	-1.079831	
474	45.788691	-0.911709	
475	46.537476	-0.723279	
476	47.259682	-0.500356	
477	47.968470	-0.236810	
478	48.674819	0.061158	
479	49.386922	0.377958	
480	50.110000	0.695736	
481	50.847877	0.998818	
482	51.605073	1.275065	
483	52.386533	1.516003	
484	53.195392	1.716150	
485	54.031550	1.874062	
486	54.891345	1.994676	
487	55.766066	2.089362	
488	56.639183	2.173875	
489	57.486234	2.264883	
490	58.279652	2.374085	
491	58.994779	2.502855	
492	59.612231	2.642797	
493	60.117540	2.781587	
494	60.502496	2.908263	
495	60.767882	3.015689	
496	60.923669	3.101197	
497	60.985976	3.165528	
498	60.972949	3.210472	
499	60.901586	3.236386	
500	60.785524	3.241441	
501	60.633115	3.223025	
502	60.447845	3.178974	
503	60.231755	3.108812	
504	59.987450	3.016589	
505	59.716561	2.911492	
506	59.418503	2.804013	
507	59.092073	2.703964	
508	58.737647	2.621494	
509	58.356635	2.564105	
510	57.948385	2.532699	
511	57.508581	2.522791	
512	57.030943	2.526548	
513	56.509535	2.535900	
514	55.939616	2.548105	
515	55.315973	2.562657	
516	54.629186	2.569055	
517	53.865691	2.544271	
518	53.014443	2.465738	
519	52.073217	2.323331	
520	51.049141	2.120598	
521	49.955261	1.871243	
522	48.806097	1.593671	
523	47.614795	1.305202	
524	46.392360	1.021797	
525	45.146635	0.760441	
526	43.880744	0.536729	
527	42.592164	0.359385	
528	41.273231	0.227328	
529	39.914637	0.131311	
530	38.510522	0.060173	
531	37.060228	0.007149	
532	35.566432	-0.029471	
533	34.033829	-0.048331	
534	32.469287	-0.046319	
535	30.881898	-0.019948	
536	29.281540	0.036319	
537	27.675935	0.132702	
538	26.069550	0.279988	
539	24.465363	0.482937	
540	22.865559	0.739871	
541	21.270770	1.045816	
542	19.680239	1.393309	
543	18.091399	1.771063	
544	16.499662	2.162946	
545	14.900850	2.548466	
546	13.293039	2.905462	
547	11.675729	3.214088	
548	10.048691	3.460149	
549	8.412321	3.637936	
550	6.769060	3.752947	
551	5.124029	3.821629	
552	3.485436	3.866152	
553	1.865553	3.909188	
554	0.280580	3.973579	
555	-1.251128	4.082337	
556	-2.712971	4.252839	
557	-4.094430	4.488996	
558	-5.389450	4.780074	
559	-6.590215	5.107337	
560	-7.686418	5.450550	
561	-8.670970	5.788172	
562	-9.542226	6.096024	
563	-10.299461	6.350704	
564	-10.938593	6.534994	
565	-11.451467	6.641592	
566	-11.827160	6.675330	
567	-12.054527	6.652455	
568	-12.123953	6.595491	
569	-12.028797	6.525943	
570	-11.768289	6.459243	
571	-11.348954	6.404289	
572	-10.783504	6.365747	
573	-10.089513	6.346586	
574	-9.287910	6.349748	
575	-8.401213	6.378379	
576	-7.452779	6.435513	
577	-6.467086	6.523068	
578	-5.469405	6.639029	
579	-4.484561	6.774162	
580	-3.537265	6.910972	
581	-2.655128	7.026562	
582	-1.870154	7.097264	
583	-1.214214	7.103290	
584	-0.711298	7.035818	
585	-0.372288	6.902918	
586	-0.193538	6.728401	
587	-0.157688	6.546062	
588	-0.236060	6.392278	
589	-0.392931	6.299102	
590	-0.590292	6.291029	
591	-0.791716	6.384490	
592	-0.965328	6.589050	
593	-1.085568	6.908294	
594	-1.133696	7.337410	
595	-1.096471	7.861246	
596	-0.963591	8.456702	
597	-0.727370	9.096250	
598	-0.384920	9.749757	
599	0.061022	10.385675	
600	0.603272	10.971154	
601	1.231047	11.472542	
602	1.929664	11.859746	
603	2.680757	12.110925	
604	3.464081	12.213154	
605	4.258812	12.161236	
606	5.043618	11.956482	
607	5.797659	11.605038	
608	6.502412	11.116770	
609	7.142396	10.505739	
610	7.704391	9.791978	
611	8.176652	9.003626	
612	8.550146	8.176633	
613	8.821094	7.351018	
614	8.991911	6.567127	
615	9.069810	5.863232	
616	9.064628	5.272422	
617	8.987006	4.818195	
618	8.847182	4.511649	
619	8.654566	4.352999	
620	8.418157	4.334362	
621	8.147478	4.441450	
622	7.853697	4.656676	
623	7.550708	4.962309	
624	7.254887	5.339565	
625	6.982637	5.765560	
626	6.747861	6.213065	
627	6.561535	6.653285	
628	6.431723	7.059812	
629	6.361742	7.412677	
630	6.348402	7.699615	
631	6.383621	7.913270	
632	6.457792	8.047752	
633	6.561141	8.097167	
634	6.683581	8.054322	
635	6.814777	7.911920	
636	6.943894	7.672524	
637	7.059857	7.356914	
638	7.153309	6.997287	
639	7.218923	6.624674	
640	7.256470	6.261848	
641	7.270024	5.921871	
642	7.265092	5.611351	
643	7.245692	5.334455	
644	7.213650	5.093767	
645	7.168823	4.889408	
646	7.108537	4.719142	
647	7.027461	4.580183	
648	6.919325	4.471387	
649	6.779762	4.393909	
650	6.608714	4.350001	
651	6.410740	4.340506	
652	6.192722	4.361699	
653	5.961337	4.403269	
654	5.722194	4.448756	
655	5.479601	4.478221	
656	5.236513	4.472342	
657	4.995924	4.417395	
658	4.763595	4.309425	
659	4.548382	4.154064	
660	4.358357	3.962514	
661	4.197863	3.748019	
662	4.068982	3.524494	
663	3.973170	3.306360	
664	3.909634	3.107560	
665	3.873499	2.937092	
666	3.856955	2.792496	
667	3.852171	2.659695	
668	3.853959	2.523332	
669	3.859452	2.377733	
670	3.864733	2.227708	
671	3.863617	2.081710	
672	3.849104	1.946531	
673	3.814466	1.827933	
674	3.755546	1.734014	
675	3.673856	1.675304	
676	3.576386	1.660039	
677	3.472352	1.688682	
678	3.370762	1.753066	
679	3.279093	1.840732	
680	3.201207	1.940247	
681	3.135999	2.045110	
682	3.079050	2.155337	
683	3.026639	2.275577	
684	2.979288	2.410758	
685	2.941331	2.560723	
686	2.916053	2.717013	
687	2.901420	2.865824	
688	2.891276	2.994191	
689	2.880289	3.093566	
690	2.867612	3.160532	
691	2.856545	3.196526	
692	2.850840	3.206181	
693	2.851643	3.194782	
694	2.858258	3.167687	
695	2.870707	3.131403	
696	2.890549	3.093288	
697	2.920110	3.060019	
698	2.961616	3.036113	
699	3.016356	3.022989	
700	3.084173	3.019924	
701	3.162720	3.026800	
702	3.245826	3.045716	
703	3.324078	3.079320	
704	3.389908	3.126249	
705	3.442885	3.177719	
706	3.489258	3.221119	
707	3.536339	3.247847	
708	3.588684	3.255983	
709	3.649211	3.247512	
710	3.721432	3.226003	
711	3.810185	3.194789	
712	3.921327	3.154989	
713	4.060784	3.105797	
714	4.232670	3.046590	
715	4.437460	2.978560	
716	4.673040	2.905826	
717	4.937710	2.835508	
718	5.230749	2.776534	
719	5.550748	2.739963	
720	5.894648	2.739366	
721	6.257234	2.786047	
722	6.630430	2.881188	
723	7.003962	3.012915	
724	7.368372	3.161529	
725	7.717839	3.308339	
726	8.050516	3.441841	
727	8.368349	3.557544	
728	8.676035	3.651502	
729	8.978106	3.715632	
730	9.278414	3.740640	
731	9.582614	3.718692	
732	9.898441	3.642571	
733	10.232913	3.508944	
734	10.590990	3.324195	
735	10.976517	3.105010	
736	11.391378	2.872769	
737	11.833075	2.645437	
738	12.295441	2.431826	
739	12.773061	2.229925	
740	13.264444	2.028556	
741	13.771439	1.813544	
742	14.297947	1.574716	
743	14.848298	1.308362	
744	15.424580	1.017085	
745	16.026589	0.708005	
746	16.654006	0.389326	
747	17.306442	0.068317	
748	17.982469	-0.249702	
749	18.680555	-0.562368	
750	19.401533	-0.869472	
751	20.150179	-1.169542	
752	20.933375	-1.456660	
753	21.756189	-1.721903	
754	22.620686	-1.956547	
755	23.527932	-2.151671	
756	24.477421	-2.296615	
757	25.464019	-2.379171	
758	26.479490	-2.388744	
759	27.518469	-2.322178	
760	28.581606	-2.185190	
761	29.672375	-1.989400	
762	30.792296	-1.751991	
763	31.940124	-1.493488	
764	33.113763	-1.230863	
765	34.311391	-0.976177	
766	35.529634	-0.741707	
767	36.759151	-0.541322	
768	37.983258	-0.386442	
769	39.183854	-0.281679	
770	40.349098	-0.223204	
771	41.475580	-0.199672	
772	42.565489	-0.193880	
773	43.622378	-0.186009	
774	44.648087	-0.158819	
775	45.641770	-0.102912	
776	46.600991	-0.020587	
777	47.525147	0.075621	
778	48.417982	0.171982	
779	49.285063	0.262781	
780	50.128600	0.351013	
781	50.945858	0.443202	
782	51.732607	0.545142	
783	52.486527	0.658580	
784	53.206985	0.777607	
785	53.892889	0.887702	
786	54.541051	0.970506	
787	55.146768	1.013613	
788	55.706987	1.019095	
789	56.223296	1.002577	
790	56.703279	0.983969	
791	57.161243	0.978862	
792	57.615838	0.994793	
793	58.083188	1.031344	
794	58.571720	1.083290	
795	59.083575	1.145559	
796	59.617908	1.215826	
797	60.167809	1.291928	
798	60.711158	1.370620	
799	61.207649	1.452368	
800	61.611727	1.544896	
801	61.893984	1.658914	
802	62.051803	1.799671	
803	62.100574	1.962788	
804	62.058383	2.135441	
805	61.939193	2.298108	
806	61.753449	2.428270	
807	61.509489	2.507182	
808	61.213070	2.525158	
809	60.864169	2.483448	
810	60.454783	2.393403	
811	59.971889	2.273252	
812	59.400855	2.142722	
813	58.726375	2.017368	
814	57.937873	1.905566	
815	57.040905	1.807023	
816	56.062540	1.712724	
817	55.040612	1.610681	
818	54.005495	1.493941	
819	52.971641	1.360980	
820	51.940016	1.209795	
821	50.902678	1.035935	
822	49.847442	0.835609	
823	48.763105	0.611948	
824	47.643342	0.382994	
825	46.485845	0.178580	
826	45.287652	0.023733	
827	44.043357	-0.072565	
828	42.747524	-0.114251	
829	41.396698	-0.109918	
830	39.989682	-0.068489	
831	38.526816	0.001548	
832	37.008635	0.093335	
833	35.435604	0.203338	
834	33.809758	0.332326	
835	32.136251	0.486604	
836	30.423566	0.677720	
837	28.683109	0.917402	
838	26.928559	1.210594	
839	25.173834	1.552809	
840	23.429380	1.933090	
841	21.699559	2.337573	
842	19.982465	2.749375	
843	18.270995	3.145515	
844	16.555573	3.495677	
845	14.829387	3.769905	
846	13.094800	3.954449	
847	11.365084	4.062181	
848	9.656806	4.125183	
849	7.980097	4.176462	
850	6.337340	4.239607	
851	4.728535	4.330821	
852	3.155599	4.463031	
853	1.623205	4.647392	
854	0.138453	4.894127	
855	-1.289819	5.211710	
856	-2.653126	5.604524	
857	-3.945066	6.071679	
858	-5.160207	6.605838	
859	-6.290935	7.190500	
860	-7.325313	7.798139	
861	-8.248011	8.392099	
862	-9.043177	8.932955	
863	-9.697346	9.386436	
864	-10.201753	9.728589	
865	-10.553755	9.947253	
866	-10.756930	10.039527	
867	-10.819087	10.007548	
868	-10.749065	9.858430	
869	-10.555042	9.606995	
870	-10.244811	9.276524	
871	-9.825663	8.898075	
872	-9.303184	8.509959	
873	-8.681329	8.155984	
874	-7.965019	7.879416	
875	-7.163191	7.712743	
876	-6.290272	7.668580	
877	-5.366063	7.738236	
878	-4.414898	7.896709	
879	-3.464458	8.107909	
880	-2.544113	8.328529	
881	-1.683705	8.511731	
882	-0.913346	8.612926	
883	-0.262166	8.596843	
884	0.246021	8.443240	
885	0.599077	8.152303	
886	0.801457	7.747082	
887	0.874840	7.269522	
888	0.854126	6.772380	
889	0.780360	6.308642	
890	0.693193	5.922524	
891	0.624986	5.648837	
892	0.597890	5.516008	
893	0.624560	5.545383	
894	0.711707	5.750094	
895	0.863856	6.134260	
896	1.083977	6.689644	
897	1.372048	7.391465	
898	1.725295	8.197083	
899	2.139055	9.051129	
900	2.606054	9.893225	
901	3.116123	10.662044	
902	3.657180	11.299346	
903	4.215373	11.758533	
904	4.774746	12.013260	
905	5.318814	12.059540	
906	5.833248	11.911067	
907	6.306862	11.591801	
908	6.730854	11.129213	
909	7.097891	10.550005	
910	7.401695	9.878825	
911	7.637411	9.138862	
912	7.803082	8.352766	
913	7.901141	7.543999	
914	7.937554	6.738089	
915	7.918787	5.962160	
916	7.849683	5.243671	
917	7.734225	4.609411	
918	7.577890	4.083707	
919	7.388330	3.685673	
920	7.173210	3.426609	
921	6.937688	3.308411	
922	6.684401	3.323190	
923	6.416231	3.454085	
924	6.139160	3.677961	
925	5.862505	3.969682	
926	5.596719	4.305499	
927	5.350903	4.664664	
928	5.132207	5.030479	
929	4.946716	5.390542	
930	4.798737	5.735312	
931	4.687946	6.055451	
932	4.608025	6.340266	
933	4.548824	6.579010	
934	4.500400	6.762438	
935	4.455373	6.882049	
936	4.408149	6.929542	
937	4.353726	6.898468	
938	4.287767	6.786362	
939	4.206800	6.596214	
940	4.108367	6.336652	
941	3.991124	6.019776	
942	3.853827	5.659500	
943	3.693701	5.273000	
944	3.506677	4.880494	
945	3.290499	4.501745	
946	3.047888	4.155517	
947	2.787197	3.863601	
948	2.521623	3.653025	
949	2.266546	3.548620	
950	2.034650	3.560336	
951	1.832226	3.678129	
952	1.656596	3.872581	
953	1.494287	4.099973	
954	1.325711	4.319973	
955	1.136423	4.512313	
956	0.926070	4.674134	
957	0.709233	4.808606	
958	0.507937	4.919603	
959	0.340816	5.010333	
960	0.217126	5.082081	
961	0.137881	5.134014	
962	0.100036	5.163558	
963	0.099058	5.165865	
964	0.129037	5.134234	
965	0.183194	5.063639	
966	0.255265	4.955441	
967	0.339468	4.819014	
968	0.429033	4.667732	
969	0.514927	4.513477	
970	0.586000	4.365935	
971	0.631674	4.233485	
972	0.646201	4.121186	
973	0.630958	4.029671	
974	0.593286	3.957616	
975	0.543384	3.904300	
976	0.491444	3.869428	
977	0.447013	3.851840	
978	0.419622	3.847956	
979	0.417539	3.850537	
980	0.444922	3.852337	
981	0.499998	3.853353	
982	0.575223	3.863051	
983	0.659417	3.897207	
984	0.740584	3.973865	
985	0.808258	4.107054	
986	0.855814	4.298823	
987	0.882074	4.536462	
988	0.890637	4.797566	
989	0.887325	5.057565	
990	0.877395	5.295918	
991	0.864338	5.500416	
992	0.850953	5.667373	
993	0.840730	5.797938	
994	0.837656	5.894865	
995	0.845433	5.961678	
996	0.867682	6.002706	
997	0.908400	6.022754	
998	0.970915	6.026502	
999	1.056174	6.018035	
1000	1.162756	6.000306	
1001	1.288075	5.974655	
1002	1.429463	5.941825	
1003	1.585264	5.903870	
1004	1.755429	5.864025	
1005	1.941028	5.824458	
1006	2.142987	5.784438	
1007	2.361343	5.740083	
1008	2.595690	5.685619	
1009	2.845530	5.615573	
1010	3.110260	5.527214	
1011	3.389762	5.422158	
1012	3.684387	5.306733	
1013	3.993686	5.191131	
1014	4.315891	5.085332	
1015	4.648619	4.993250	
1016	4.989314	4.911853	
1017	5.335478	4.835757	
1018	5.684914	4.761122	
1019	6.035337	4.686002	
1020	6.383350	4.608672	
1021	6.724595	4.526743	
1022	7.056685	4.437197	
1023	7.381836	4.336175	
1024	7.705411	4.219730	
1025	8.032022	4.085390	
1026	8.364037	3.932353	
1027	8.704228	3.760487	
1028	9.058318	3.570694	
1029	9.433167	3.367024	
1030	9.831555	3.156506	
1031	10.249310	2.945596	
1032	10.678496	2.737833	
1033	11.112391	2.534706	
1034	11.547947	2.337031	
1035	11.987174	2.144455	
1036	12.438509	1.953888	
1037	12.915579	1.759560	
1038	13.431201	1.555162	
1039	13.990340	1.335895	
1040	14.589622	1.099240	
1041	15.224081	0.845174	
1042	15.893153	0.576427	
1043	16.600513	0.298726	
1044	17.349238	0.020938	
1045	18.137241	-0.245359	
1046	18.957074	-0.487805	
1047	19.798207	-0.696153	
1048	20.649490	-0.863505	
1049	21.504164	-0.986849	
1050	22.364681	-1.071432	
1051	23.240980	-1.133732	
1052	24.144748	-1.194946	
1053	25.084939	-1.272421	
1054	26.065099	-1.375645	
1055	27.083645	-1.502762	
1056	28.136984	-1.640356	
1057	29.222535	-1.770701	
1058	30.339666	-1.880869	
1059	31.487797	-1.965926	
1060	32.664981	-2.026894	
1061	33.870081	-2.070338	
1062	35.103694	-2.109121	
1063	36.364293	-2.157552	
1064	37.646328	-2.223521	
1065	38.944056	-2.306371	
1066	40.252985	-2.399936	
1067	41.565036	-2.494678	
1068	42.865884	-2.577685	
1069	44.138906	-2.632546	
1070	45.371563	-2.641791	
1071	46.561764	-2.592633	
1072	47.719509	-2.481665	
1073	48.860382	-2.314833	
1074	49.998769	-2.104401	
1075	51.145817	-1.866111	
1076	52.308389	-1.616655	
1077	53.490363	-1.370612	
1078	54.699454	-1.139299	
1079	55.953302	-0.932465	
1080	57.280199	-0.759472	
1081	58.712413	-0.628592	
1082	60.265769	-0.545019	
1083	61.915819	-0.507986	
1084	63.590474	-0.508674	
1085	65.182877	-0.530609	
1086	66.578147	-0.553469	
1087	67.685496	-0.558461	
1088	68.461678	-0.531972	
1089	68.913177	-0.466851	
1090	69.081402	-0.361772	
1091	69.023393	-0.219470	
1092	68.795724	-0.046198	
1093	68.446148	0.148344	
1094	68.012544	0.353487	
1095	67.523328	0.558941	
1096	66.996627	0.753412	
1097	66.441140	0.927176	
1098	65.859190	1.077417	
1099	65.249697	1.208841	
1100	64.610560	1.330401	
1101	63.940436	1.451772	
1102	63.239875	1.580842	
1103	62.511814	1.722162	
1104	61.760896	1.875008	
1105	60.992835	2.032070	
1106	60.214168	2.180354	
1107	59.430434	2.303832	
1108	58.644264	2.386633	
1109	57.855434	2.415743	
1110	57.061678	2.384190	
1111	56.259759	2.294988	
1112	55.447289	2.162111	
1113	54.624463	2.006493	
1114	53.793243	1.850114	
1115	52.955027	1.711280	
1116	52.112293	1.602826	
1117	51.271459	1.534541	
1118	50.438161	1.515124	
1119	49.608270	1.549065	
1120	48.765056	1.633417	
1121	47.883946	1.759360	
1122	46.940391	1.916509	
1123	45.916828	2.096106	
1124	44.805600	2.291605	
1125	43.607820	2.498004	
1126	42.330475	2.712192	
1127	40.982929	2.934431	
1128	39.574179	3.168269	
1129	38.112337	3.417788	
1130	36.605213	3.684964	
1131	35.060277	3.969782	
1132	33.483963	4.271392	
1133	31.881164	4.587657	
1134	30.255919	4.914893	
1135	28.613190	5.249454	
1136	26.960163	5.589237	
1137	25.306638	5.934455	
1138	23.665802	6.287863	
1139	22.055184	6.653772	
1140	20.495581	7.035490	
1141	19.007598	7.431843	
1142	17.607759	7.836918	
1143	16.303678	8.244494	
1144	15.085821	8.652109	
1145	13.915974	9.063339	
1146	12.724602	9.487929	
1147	11.435740	9.935161	
1148	10.003000	10.406439	
1149	8.420417	10.899107	
1150	6.712931	11.414251	
1151	4.925586	11.954751	
1152	3.110739	12.517774	
1153	1.325327	13.089004	
1154	-0.352256	13.637616	
1155	-1.824479	14.117620	
1156	-3.013741	14.480820	
1157	-3.891652	14.692011	
1158	-4.479385	14.738039	
1159	-4.840493	14.631832	
1160	-5.066431	14.409793	
1161	-5.239034	14.116352	
1162	-5.392271	13.783617	
1163	-5.517582	13.426144	
1164	-5.597090	13.050095	
1165	-5.619366	12.660296	
1166	-5.578105	12.261748	
1167	-5.471218	11.859856	
1168	-5.300526	11.460478	
1169	-5.070437	11.069740	
1170	-4.788245	10.693307	
1171	-4.465118	10.335325	
1172	-4.114588	9.998562	
1173	-3.748328	9.685973	
1174	-3.374911	9.401317	
1175	-3.004492	9.147634	
1176	-2.651690	8.926104	
1177	-2.330713	8.736939	
1178	-2.047571	8.580059	
1179	-1.797200	8.454183	
1180	-1.568245	8.356046	
1181	-1.351113	8.280776	
1182	-1.142726	8.222687	
1183	-0.945099	8.175760	
1184	-0.761234	8.134053	
1185	-0.593809	8.092181	
1186	-0.445739	8.045112	
1187	-0.318988	7.988208	
1188	-0.213266	7.918604	
1189	-0.126766	7.836426	
1190	-0.056964	7.745435	
1191	-0.000567	7.653410	
1192	0.045570	7.571112	
1193	0.083760	7.510201	
1194	0.117236	7.481955	
1195	0.151548	7.496295	
1196	0.193320	7.559678	
1197	0.248725	7.673108	
1198	0.323033	7.831638	
1199	0.420654	8.024675	
1200	0.545299	8.236712	
1201	0.699602	8.448558	
1202	0.884205	8.639027	
1203	1.096913	8.787467	
1204	1.332615	8.876649	
1205	1.584213	8.894738	
1206	1.843695	8.836404	
1207	2.103001	8.703670	
1208	2.354952	8.505161	
1209	2.593249	8.252820	
1210	2.811472	7.959272	
1211	3.002878	7.638430	
1212	3.160594	7.305865	
1213	3.277417	6.976437	
1214	3.348158	6.662150	
1215	3.373779	6.371642	
1216	3.361004	6.109869	
1217	3.316896	5.878322	
1218	3.244175	5.675857	
1219	3.141237	5.499218	
1220	3.007375	5.343788	
1221	2.847350	5.204720	
1222	2.669671	5.077589	
1223	2.482442	4.958631	
1224	2.291211	4.844957	
1225	2.099120	4.734757	
1226	1.909213	4.627433	
1227	1.726696	4.523636	
1228	1.558682	4.425231	
1229	1.412389	4.334705	
1230	1.294095	4.253795	
1231	1.209505	4.182108	
1232	1.164161	4.116299	
1233	1.162959	4.049791	
1234	1.209765	3.973383	
1235	1.307329	3.876470	
1236	1.456676	3.748264	
1237	1.655961	3.579669	
1238	1.898641	3.366887	
1239	2.169366	3.116556	
1240	2.436474	2.851734	
1241	2.646716	2.616840	
1242	2.742697	2.466552	
1243	2.707567	2.427893	
1244	2.583429	2.477058	
1245	2.433426	2.566076	
1246	2.302741	2.657013	
1247	2.212809	2.729037	
1248	2.168180	2.773374	
1249	2.161702	2.788880	
1250	2.177717	2.778765	
1251	2.193728	2.748435	
1252	2.181293	2.704294	
1253	2.106921	2.653501	
1254	1.933834	2.604936	
1255	1.625465	2.572041	
1256	1.150915	2.578798	
1257	0.489263	2.672402	
1258	-0.382873	2.960117	
1259	-1.609541	3.778725	
1260	-5.062944	7.383383	
1261	-18.124032	6.594072	
1262	-22.161169	5.916987	
1263	-36.225098	11.120154	
1264	-51.489467	12.650333	
1265	-55.314143	10.445135	
1266	-54.692008	7.803011	
1267	-52.456074	5.131979	
1268	-49.057301	2.223971	
1269	-44.172216	-1.306004	
1270	-37.372484	-6.017072	
1271	-29.426741	-12.438702	
1272	-23.593843	-19.773674	
1273	-21.464519	-25.737014	
1274	-20.664535	-29.611470	
1275	-19.154595	-31.968486	
1276	-16.531863	-33.368356	
1277	-13.264703	-34.166486	
1278	-9.930449	-34.586290	
1279	-6.885728	-34.775031	
1280	-4.258476	-34.831947	
1281	-2.042086	-34.824692	
1282	-0.172431	-34.799633	
1283	1.427645	-34.786668	
1284	2.825684	-34.801723	
1285	4.073614	-34.850045	
1286	5.208455	-34.930960	
1287	6.250714	-35.042957	
1288	7.204116	-35.186069	
1289	8.061718	-35.360254	
1290	8.812647	-35.562518	
1291	9.446491	-35.785701	
1292	9.962320	-36.020716	
1293	10.379319	-36.261067	
1294	10.732862	-36.504942	
1295	11.057301	-36.753446	
1296	11.375108	-37.008299	
1297	11.697716	-37.270828	
1298	12.029408	-37.541763	
1299	12.370161	-37.821314	
1300	12.717529	-38.109387	
1301	13.067696	-38.405892	
1302	13.415524	-38.711362	
1303	13.753642	-39.027997	
1304	14.072118	-39.360174	
1305	14.360258	-39.713325	
1306	14.609168	-40.092072	
1307	14.812696	-40.499392	
1308	14.967103	-40.936886	
1309	15.071011	-41.405216	
1310	15.125004	-41.905071	
1311	15.130537	-42.439144	
1312	15.091254	-43.012994	
1313	15.019620	-43.632089	
1314	14.946851	-44.295849	
1315	14.930854	-44.991883	
1316	15.059226	-45.691659	
1317	15.447332	-46.348422	
1318	16.228616	-46.901361	
1319	17.527346	-47.290775	
1320	19.399224	-47.485970	
1321	21.727200	-47.510487	
1322	24.119720	-47.419824	
1323	25.965721	-47.240855	
1324	26.569385	-46.980690	
1325	24.870920	-46.714954	
1326	26.861273	-32.159976	
1327	46.863434	-43.758530	
1328	46.399162	-44.634427	
1329	40.559751	-44.058115	
1330	31.453947	-43.628607	
1331	20.711837	-43.703364	
1332	11.266404	-44.004296	
1333	5.161973	-44.429799	
1334	2.644880	-45.205605	
1335	3.266843	-46.477465	
1336	6.583634	-48.150722	
1337	12.353310	-50.003947	
1338	20.379055	-51.855179	
1339	30.039202	-53.751407	
1340	40.068378	-56.081592	
1341	49.339961	-59.389111	
1342	57.607593	-63.863253	
1343	64.922080	-69.152366	
1344	71.095937	-74.791060	
1345	75.951864	-80.475326	
1346	79.519320	-85.984198	
1347	81.981205	-91.102600	
1348	83.573327	-95.645940	
1349	84.513391	-99.515387	
1350	84.963111	-102.720543	
1351	85.024578	-105.348650	
1352	84.757392	-107.515635	
1353	84.197757	-109.334538	
1354	83.382019	-110.894904	
1355	82.369482	-112.251467	
1356	81.242500	-113.433063	
1357	80.085839	-114.460591	
1358	78.967885	-115.356902	
1359	77.933890	-116.147654	
1360	77.007982	-116.858456	
1361	76.198722	-117.511813	
1362	75.504871	-118.125386	
1363	74.919960	-118.711677	
1364	74.435425	-119.278650	
1365	74.042523	-119.830770	
1366	73.733370	-120.370081	
1367	73.501388	-120.897108	
1368	73.341395	-121.411524	
1369	73.249489	-121.912580	
1370	73.222819	-122.399349	
1371	73.259305	-122.870848	
1372	73.357322	-123.326092	
1373	73.515354	-123.764136	
1374	73.731607	-124.184163	
1375	74.003541	-124.585631	
1376	74.327288	-124.968528	
1377	74.696924	-125.333749	
1378	75.103554	-125.683589	
1379	75.534226	-126.022310	
1380	75.970759	-126.356650	
1381	76.388761	-126.696004	
1382	76.757397	-127.051827	
1383	77.040913	-127.435584	
1384	77.203335	-127.854656	
1385	77.217616	-128.306251	
1386	77.078707	-128.771066	
1387	76.816009	-129.210554	
1388	76.496391	-129.571902	
1389	76.210631	-129.800896	
1390	76.046844	-129.856678	
1391	76.065398	-129.720398	
1392	76.288382	-129.394424	
1393	76.704897	-128.894807	
1394	77.284491	-128.241730	
1395	77.990796	-127.450815	
1396	78.791743	-126.525396	
1397	79.666614	-125.447782	
1398	80.612247	-124.165629	
1399	81.651947	-122.566750	
1400	82.851513	-120.431744	
1401	84.343512	-117.356829	
1402	86.331342	-112.699554	
1403	88.949019	-105.843354	
1404	91.908894	-97.143713	
1405	94.562634	-88.274358	
1406	96.572068	-80.626058	
1407	98.015076	-74.439464	
1408	99.070053	-69.406636	
1409	99.869855	-65.174267	
1410	100.489732	-61.476605	
1411	100.962576	-58.135387	
1412	101.291434	-55.040036	
1413	101.456909	-52.134424	
1414	101.422412	-49.411476	
1415	-107.757011	85.105535	
1416	-108.208880	80.103587	
1417	-108.402601	73.758704	
1418	-108.295085	66.117562	
1419	-107.874363	57.368232	
1420	-107.182150	47.813149	
1421	-106.339883	37.799760	
1422	-105.577485	27.623117	
1423	-105.273357	17.443175	
1424	-106.040329	7.256678	
1425	-108.963202	-3.066140	
1426	-169.315305	-41.102939	
1427	NaN	NaN	
1428	NaN	NaN	
1429	NaN	NaN	
1430	NaN	NaN	
1431	NaN	NaN	
1432	NaN	NaN	
1433	NaN	NaN	
1434	NaN	NaN	
1435	NaN	NaN	
1436	NaN	NaN	
1437	NaN	NaN	
1438	NaN	NaN	
1439	NaN	NaN	
1440	NaN	NaN	
1441	NaN	NaN	
1442	NaN	NaN	
1443	NaN	NaN	
1444	NaN	NaN	
1445	NaN	NaN	
1446	NaN	NaN	
1447	NaN	NaN	
1448	NaN	NaN	
1449	NaN	NaN	
1450	NaN	NaN	
1451	NaN	NaN	
1452	NaN	NaN	
1453	NaN	NaN	
1454	NaN	NaN	
1455	NaN	NaN	
1456	NaN	NaN	
1457	NaN	NaN	
1458	NaN	NaN	
1459	NaN	NaN	
1460	NaN	NaN	
1461	NaN	NaN	
1462	NaN	NaN	
1463	NaN	NaN	
1464	NaN	NaN	
1465	NaN	NaN	
1466	NaN	NaN	
1467	NaN	NaN	
1468	NaN	NaN	
1469	NaN	NaN	
1470	NaN	NaN	
1471	NaN	NaN	
1472	NaN	NaN	
1473	NaN	NaN	
1474	NaN	NaN	
1475	NaN	NaN	
1476	NaN	NaN	
1477	NaN	NaN	
1478	NaN	NaN	
1479	NaN	NaN	
1480	NaN	NaN	
1481	NaN	NaN	
1482	NaN	NaN	
1483	NaN	NaN	
1484	NaN	NaN	
1485	NaN	NaN	
1486	NaN	NaN	
1487	NaN	NaN	
1488	NaN	NaN	
1489	NaN	NaN	
1490	NaN	NaN	
1491	NaN	NaN	
1492	NaN	NaN	
1493	NaN	NaN	
1494	NaN	NaN	
1495	NaN	NaN	
1496	NaN	NaN	
1497	NaN	NaN	
1498	NaN	NaN	
1499	NaN	NaN	
1500	NaN	NaN	
1501	NaN	NaN	
1502	NaN	NaN	
1503	NaN	NaN	
1504	NaN	NaN	
1505	NaN	NaN	
1506	NaN	NaN	
1507	NaN	NaN	
1508	NaN	NaN	
1509	NaN	NaN	
1510	NaN	NaN	
1511	NaN	NaN	
1512	NaN	NaN	
1513	NaN	NaN	
1514	NaN	NaN	
1515	NaN	NaN	
1516	NaN	NaN	
1517	NaN	NaN	
1518	NaN	NaN	
1519	NaN	NaN	
1520	NaN	NaN	
1521	NaN	NaN	
1522	NaN	NaN	
1523	NaN	NaN	
1524	NaN	NaN	
1525	NaN	NaN	
1526	NaN	NaN	
1527	NaN	NaN	
1528	NaN	NaN	
1529	NaN	NaN	
1530	NaN	NaN	
1531	NaN	NaN	
1532	NaN	NaN	
1533	NaN	NaN	
1534	NaN	NaN	
1535	NaN	NaN	
1536	NaN	NaN	
1537	NaN	NaN	
1538	NaN	NaN	
1539	NaN	NaN	
1540	NaN	NaN	
1541	NaN	NaN	
1542	NaN	NaN	
1543	NaN	NaN	
1544	NaN	NaN	
1545	NaN	NaN	
1546	NaN	NaN	
1547	NaN	NaN	
1548	NaN	NaN	
1549	NaN	NaN	
1550	NaN	NaN	
1551	NaN	NaN	
1552	NaN	NaN	
1553	NaN	NaN	
1554	NaN	NaN	
1555	NaN	NaN	
1556	NaN	NaN	
1557	NaN	NaN	
1558	NaN	NaN	
1559	NaN	NaN	
1560	NaN	NaN	
1561	NaN	NaN	
1562	NaN	NaN	
1563	NaN	NaN	
1564	NaN	NaN	
1565	NaN	NaN	
1566	NaN	NaN	
1567	NaN	NaN	
1568	NaN	NaN	
1569	NaN	NaN	
1570	NaN	NaN	
1571	NaN	NaN	
1572	NaN	NaN	
1573	NaN	NaN	
1574	NaN	NaN	
1575	NaN	NaN	
1576	NaN	NaN	
1577	NaN	NaN	
1578	NaN	NaN	
1579	NaN	NaN	
1580	NaN	NaN	
1581	NaN	NaN	
1582	NaN	NaN	
1583	NaN	NaN	
1584	NaN	NaN	
1585	NaN	NaN	
1586	NaN	NaN	
1587	NaN	NaN	
1588	NaN	NaN	
1589	NaN	NaN	
1590	NaN	NaN	
1591	NaN	NaN	
1592	NaN	NaN	
1593	NaN	NaN	
1594	NaN	NaN	
1595	NaN	NaN	
1596	NaN	NaN	
1597	NaN	NaN	
1598	NaN	NaN	
1599	NaN	NaN	
1600	NaN	NaN	
1601	NaN	NaN	
1602	NaN	NaN	
1603	NaN	NaN	
1604	NaN	NaN	
1605	NaN	NaN	
1606	NaN	NaN	
1607	NaN	NaN	
1608	NaN	NaN	
1609	NaN	NaN	
1610	NaN	NaN	
1611	NaN	NaN	
1612	NaN	NaN	
1613	NaN	NaN	
1614	NaN	NaN	
1615	NaN	NaN	
1616	NaN	NaN	
1617	NaN	NaN	
1618	NaN	NaN	
1619	NaN	NaN	
1620	NaN	NaN	
1621	NaN	NaN	
1622	NaN	NaN	
1623	NaN	NaN	
1624	NaN	NaN	
1625	NaN	NaN	
1626	NaN	NaN	
1627	NaN	NaN	
1628	NaN	NaN	
1629	NaN	NaN	
1630	NaN	NaN	
1631	NaN	NaN	
1632	NaN	NaN	
1633	NaN	NaN	
1634	NaN	NaN	
1635	NaN	NaN	
1636	NaN	NaN	
1637	NaN	NaN	
1638	NaN	NaN	
1639	NaN	NaN	
