Athlete_Engineering	// User ID
11-2-2021	// Evaluation date
P016_Squat	30-1-2021	14:31:31:922	// Source file name and timestamp
250.000	// Sampling rate
7.723	// Data capture period



Sample #	Right_Leg_Flexion	Right_Leg_Abduction	
0	-1.801833	4.870852	
1	-1.823603	4.728997	
2	-1.830645	4.588303	
3	-1.826161	4.460747	
4	-1.813817	4.353215	
5	-1.797616	4.267879	
6	-1.780739	4.205625	
7	-1.764467	4.169963	
8	-1.748872	4.165821	
9	-1.734135	4.193877	
10	-1.721431	4.248394	
11	-1.712961	4.319859	
12	-1.711152	4.397162	
13	-1.717655	4.468630	
14	-1.732166	4.524163	
15	-1.751736	4.557408	
16	-1.771757	4.565963	
17	-1.787509	4.550458	
18	-1.795141	4.514553	
19	-1.792763	4.465764	
20	-1.780694	4.415079	
21	-1.760178	4.375777	
22	-1.732919	4.362532	
23	-1.701940	4.388223	
24	-1.671646	4.459045	
25	-1.646783	4.573334	
26	-1.631352	4.724060	
27	-1.627809	4.900124	
28	-1.636354	5.085269	
29	-1.654686	5.258835	
30	-1.679473	5.401736	
31	-1.708714	5.503040	
32	-1.742564	5.561211	
33	-1.782180	5.581805	
34	-1.828239	5.575621	
35	-1.880053	5.556670	
36	-1.934247	5.537286	
37	-1.984083	5.522774	
38	-2.022153	5.511148	
39	-2.044165	5.498058	
40	-2.049428	5.480915	
41	-2.038684	5.457419	
42	-2.012973	5.421913	
43	-1.974474	5.365827	
44	-1.926604	5.280683	
45	-1.872231	5.160336	
46	-1.812394	5.003930	
47	-1.746913	4.820077	
48	-1.675840	4.628253	
49	-1.600523	4.452392	
50	-1.523798	4.310126	
51	-1.449208	4.208513	
52	-1.379493	4.147599	
53	-1.315812	4.124009	
54	-1.258385	4.132011	
55	-1.206966	4.164900	
56	-1.160741	4.217340	
57	-1.118866	4.286772	
58	-1.081081	4.373311	
59	-1.047525	4.478415	
60	-1.018691	4.602923	
61	-0.995838	4.745484	
62	-0.980922	4.901851	
63	-0.975753	5.065231	
64	-0.981118	5.227874	
65	-0.997122	5.383260	
66	-1.024594	5.527514	
67	-1.065271	5.658884	
68	-1.120021	5.775751	
69	-1.187075	5.875337	
70	-1.261424	5.953903	
71	-1.335167	6.007427	
72	-1.399003	6.032826	
73	-1.444887	6.030237	
74	-1.468580	6.004649	
75	-1.470549	5.964918	
76	-1.455076	5.920846	
77	-1.428116	5.880465	
78	-1.394633	5.848452	
79	-1.357108	5.826238	
80	-1.316285	5.814312	
81	-1.273074	5.815043	
82	-1.229496	5.834288	
83	-1.187708	5.880838	
84	-1.148604	5.962313	
85	-1.111775	6.079476	
86	-1.076421	6.224760	
87	-1.041775	6.387101	
88	-1.006715	6.557599	
89	-0.970053	6.730776	
90	-0.932150	6.902016	
91	-0.895876	7.065505	
92	-0.865383	7.215167	
93	-0.844011	7.345826	
94	-0.832739	7.452452	
95	-0.829315	7.529869	
96	-0.829426	7.574220	
97	-0.830265	7.584822	
98	-0.832764	7.565100	
99	-0.839977	7.522202	
100	-0.854310	7.465003	
101	-0.876724	7.401483	
102	-0.907320	7.337326	
103	-0.945162	7.275621	
104	-0.987294	7.216871	
105	-1.028866	7.159835	
106	-1.064982	7.102852	
107	-1.092227	7.044504	
108	-1.108578	6.983114	
109	-1.112809	6.915603	
110	-1.103699	6.838229	
111	-1.078990	6.749945	
112	-1.035316	6.654037	
113	-0.969213	6.555796	
114	-0.879140	6.459611	
115	-0.768284	6.367659	
116	-0.645303	6.279457	
117	-0.521682	6.192378	
118	-0.407986	6.103310	
119	-0.311335	6.009689	
120	-0.234868	5.909186	
121	-0.178480	5.799508	
122	-0.139546	5.678972	
123	-0.113414	5.547234	
124	-0.094146	5.405250	
125	-0.075799	5.254159	
126	-0.053501	5.094321	
127	-0.023086	4.925797	
128	0.018892	4.749633	
129	0.072492	4.568451	
130	0.132387	4.385990	
131	0.190264	4.206950	
132	0.239801	4.038023	
133	0.279771	3.887828	
134	0.313086	3.763841	
135	0.343093	3.669655	
136	0.370380	3.604739	
137	0.393202	3.563935	
138	0.411040	3.536788	
139	0.427282	3.509405	
140	0.448531	3.468067	
141	0.481351	3.402001	
142	0.528686	3.304784	
143	0.588285	3.175856	
144	0.653801	3.021927	
145	0.716645	2.856587	
146	0.767184	2.698358	
147	0.797076	2.567223	
148	0.802395	2.478662	
149	0.784502	2.437554	
150	0.748839	2.435323	
151	0.702903	2.451626	
152	0.653630	2.460346	
153	0.606033	2.436892	
154	0.564139	2.363886	
155	0.532513	2.233724	
156	0.516227	2.046845	
157	0.518721	1.807897	
158	0.539829	1.524040	
159	0.575752	1.206624	
160	0.620308	0.872920	
161	0.667063	0.544455	
162	0.711183	0.243078	
163	0.750003	-0.013291	
164	0.783510	-0.214491	
165	0.814764	-0.359213	
166	0.849177	-0.452790	
167	0.892504	-0.504124	
168	0.948211	-0.523140	
169	1.016291	-0.518871	
170	1.094934	-0.498078	
171	1.182950	-0.463431	
172	1.280123	-0.411847	
173	1.386062	-0.336711	
174	1.499683	-0.233633	
175	1.619242	-0.104148	
176	1.741681	0.044836	
177	1.862631	0.203964	
178	1.978961	0.364493	
179	2.091380	0.519635	
180	2.203337	0.664186	
181	2.318132	0.793808	
182	2.438504	0.905089	
183	2.567614	0.996666	
184	2.707616	1.070351	
185	2.857080	1.131217	
186	3.011359	1.186992	
187	3.165681	1.247139	
188	3.316830	1.321335	
189	3.462104	1.417497	
190	3.598874	1.540710	
191	3.726026	1.693708	
192	3.844522	1.877718	
193	3.956195	2.092648	
194	4.062713	2.335842	
195	4.165729	2.599669	
196	4.266978	2.871604	
197	4.367032	3.139204	
198	4.465033	3.395191	
199	4.561473	3.637448	
200	4.660395	3.865656	
201	4.767814	4.078498	
202	4.888892	4.273027	
203	5.027026	4.446187	
204	5.184360	4.596438	
205	5.362075	4.723342	
206	5.560265	4.825801	
207	5.777644	4.901553	
208	6.010885	4.949042	
209	6.254695	4.969461	
210	6.503884	4.966761	
211	6.754898	4.946676	
212	7.004324	4.916288	
213	7.247359	4.884194	
214	7.479700	4.860205	
215	7.700568	4.852659	
216	7.912102	4.864971	
217	8.115602	4.895808	
218	8.310464	4.942196	
219	8.497879	5.000775	
220	8.684847	5.064766	
221	8.884429	5.119965	
222	9.112155	5.148130	
223	9.379715	5.139948	
224	9.688591	5.105157	
225	10.029025	5.067592	
226	10.384914	5.051920	
227	10.739684	5.076647	
228	11.080761	5.153375	
229	11.402330	5.284521	
230	11.705764	5.460764	
231	11.997238	5.662985	
232	12.283607	5.868537	
233	12.569645	6.059829	
234	12.857930	6.229477	
235	13.149509	6.378050	
236	13.443331	6.509777	
237	13.735761	6.630115	
238	14.022071	6.744147	
239	14.297990	6.856885	
240	14.560143	6.974766	
241	14.806431	7.104535	
242	15.036048	7.248510	
243	15.249904	7.399753	
244	15.452529	7.542309	
245	15.653023	7.657142	
246	15.862422	7.729484	
247	16.090186	7.753771	
248	16.343905	7.733980	
249	16.628504	7.677798	
250	16.941133	7.587828	
251	17.269604	7.459864	
252	17.598817	7.289856	
253	17.916219	7.078753	
254	18.212131	6.831488	
255	18.480356	6.555081	
256	18.720919	6.258870	
257	18.941616	5.956417	
258	19.157051	5.667118	
259	19.386082	5.415768	
260	19.647074	5.227195	
261	19.952305	5.116126	
262	20.304690	5.078436	
263	20.697188	5.089782	
264	21.115688	5.114355	
265	21.544755	5.118877	
266	21.971137	5.082257	
267	22.382814	4.996150	
268	22.766150	4.859182	
269	23.106352	4.671410	
270	23.393851	4.430463	
271	23.629560	4.128169	
272	23.821946	3.752459	
273	23.981532	3.297942	
274	24.120530	2.778624	
275	24.254081	2.230079	
276	24.397380	1.695173	
277	24.562004	1.204832	
278	24.755491	0.770955	
279	24.981824	0.392714	
280	25.241543	0.064387	
281	25.533006	-0.221340	
282	25.853938	-0.471211	
283	26.201614	-0.688855	
284	26.572847	-0.874308	
285	26.965442	-1.025841	
286	27.379257	-1.142536	
287	27.814191	-1.225588	
288	28.266451	-1.277676	
289	28.726918	-1.303701	
290	29.183348	-1.313956	
291	29.625430	-1.322692	
292	30.049523	-1.339494	
293	30.458741	-1.364796	
294	30.859203	-1.394232	
295	31.258136	-1.422026	
296	31.663965	-1.440987	
297	32.084866	-1.444541	
298	32.525601	-1.430363	
299	32.984388	-1.402291	
300	33.453054	-1.368734	
301	33.921423	-1.338191	
302	34.381434	-1.315690	
303	34.828322	-1.301740	
304	35.259866	-1.292404	
305	35.674031	-1.282483	
306	36.067756	-1.271071	
307	36.440131	-1.260772	
308	36.795963	-1.250848	
309	37.143828	-1.236659	
310	37.491088	-1.215894	
311	37.842217	-1.190937	
312	38.200031	-1.167265	
313	38.565216	-1.154051	
314	38.934706	-1.164282	
315	39.302812	-1.209630	
316	39.664892	-1.293610	
317	40.020157	-1.410164	
318	40.371263	-1.548160	
319	40.721802	-1.695129	
320	41.074744	-1.838089	
321	41.432032	-1.965654	
322	41.794366	-2.070707	
323	42.162290	-2.149652	
324	42.537442	-2.199413	
325	42.921556	-2.215071	
326	43.314649	-2.188772	
327	43.715219	-2.111521	
328	44.121851	-1.979748	
329	44.533301	-1.802675	
330	44.947102	-1.603073	
331	45.359451	-1.408539	
332	45.766095	-1.240386	
333	46.161699	-1.112905	
334	46.539693	-1.039209	
335	46.895351	-1.028071	
336	47.227545	-1.077306	
337	47.537214	-1.176607	
338	47.827856	-1.313304	
339	48.107423	-1.475215	
340	48.388414	-1.653630	
341	48.686785	-1.843289	
342	49.017873	-2.038493	
343	49.390476	-2.229872	
344	49.804668	-2.402617	
345	50.253331	-2.538462	
346	50.724574	-2.623229	
347	51.204848	-2.651756	
348	51.682223	-2.624941	
349	52.147688	-2.546663	
350	52.594554	-2.424306	
351	53.018710	-2.267451	
352	53.419160	-2.087224	
353	53.796595	-1.901767	
354	54.152038	-1.738097	
355	54.487705	-1.622086	
356	54.808070	-1.567129	
357	55.118729	-1.570211	
358	55.423296	-1.615883	
359	55.721312	-1.688361	
360	56.009845	-1.781829	
361	56.287478	-1.900206	
362	56.557951	-2.050894	
363	56.830395	-2.238854	
364	57.114486	-2.466390	
365	57.415141	-2.735488	
366	57.732073	-3.043039	
367	58.062171	-3.374297	
368	58.400234	-3.705802	
369	58.738200	-4.014852	
370	59.066537	-4.287748	
371	59.378656	-4.522541	
372	59.674379	-4.724562	
373	59.959463	-4.898508	
374	60.241653	-5.043695	
375	60.525534	-5.156399	
376	60.810256	-5.237161	
377	61.092096	-5.295323	
378	61.368963	-5.344968	
379	61.642098	-5.395886	
380	61.913728	-5.449073	
381	62.184101	-5.500075	
382	62.450476	-5.546091	
383	62.707973	-5.592591	
384	62.951278	-5.654700	
385	63.176958	-5.750044	
386	63.385823	-5.887365	
387	63.582015	-6.060603	
388	63.768780	-6.252869	
389	63.946083	-6.445376	
390	64.112199	-6.624791	
391	64.267023	-6.786552	
392	64.413688	-6.934496	
393	64.558002	-7.077266	
394	64.707380	-7.221819	
395	64.868775	-7.368147	
396	65.045712	-7.510279	
397	65.236819	-7.641101	
398	65.436422	-7.755460	
399	65.637111	-7.851326	
400	65.833099	-7.930934	
401	66.021628	-8.000844	
402	66.202543	-8.069179	
403	66.377270	-8.141925	
404	66.547190	-8.221681	
405	66.712603	-8.308829	
406	66.872294	-8.402859	
407	67.022396	-8.503181	
408	67.156257	-8.608989	
409	67.267460	-8.717282	
410	67.353968	-8.822011	
411	67.419735	-8.916878	
412	67.473299	-8.997512	
413	67.525143	-9.060511	
414	67.585012	-9.103126	
415	67.659988	-9.124327	
416	67.753764	-9.124803	
417	67.866535	-9.106254	
418	67.995167	-9.070788	
419	68.134025	-9.021225	
420	68.276655	-8.961420	
421	68.418140	-8.893052	
422	68.556539	-8.812519	
423	68.691962	-8.713448	
424	68.824330	-8.590696	
425	68.951677	-8.443692	
426	69.070029	-8.280657	
427	69.175563	-8.118361	
428	69.268019	-7.976328	
429	69.352316	-7.872220	
430	69.437076	-7.818506	
431	69.532165	-7.817809	
432	69.646983	-7.860489	
433	69.789112	-7.926186	
434	69.962988	-7.986822	
435	70.169106	-8.013176	
436	70.403121	-7.985618	
437	70.654937	-7.899116	
438	70.909194	-7.760660	
439	71.146556	-7.588627	
440	71.348541	-7.409174	
441	71.507153	-7.243826	
442	71.625587	-7.106682	
443	71.704389	-7.018895	
444	71.734208	-7.014236	
445	71.708969	-7.118599	
446	71.640856	-7.326915	
447	71.554389	-7.607284	
448	71.468231	-7.922334	
449	71.387943	-8.240396	
450	71.312177	-8.535734	
451	71.240001	-8.788914	
452	71.172972	-8.986672	
453	71.113529	-9.118925	
454	71.062600	-9.178305	
455	71.018256	-9.164916	
456	70.976997	-9.089952	
457	70.937030	-8.974209	
458	70.899840	-8.843221	
459	70.868335	-8.720469	
460	70.843953	-8.621599	
461	70.825201	-8.552722	
462	70.807983	-8.512381	
463	70.786848	-8.494869	
464	70.756895	-8.493331	
465	70.715898	-8.502192	
466	70.664836	-8.517278	
467	70.606202	-8.532203	
468	70.541354	-8.535034	
469	70.468614	-8.510506	
470	70.383631	-8.446745	
471	70.281932	-8.341461	
472	70.161513	-8.204391	
473	70.023011	-8.055589	
474	69.867908	-7.918705	
475	69.697494	-7.809846	
476	69.513449	-7.730374	
477	69.318114	-7.671317	
478	69.113427	-7.623465	
479	68.899865	-7.582719	
480	68.676699	-7.550031	
481	68.443259	-7.531082	
482	68.200290	-7.535085	
483	67.950601	-7.568574	
484	67.698167	-7.628604	
485	67.445884	-7.703904	
486	67.193927	-7.783083	
487	66.940626	-7.861344	
488	66.684732	-7.940231	
489	66.425874	-8.023477	
490	66.163143	-8.114918	
491	65.894817	-8.217337	
492	65.619273	-8.329064	
493	65.335083	-8.442525	
494	65.041268	-8.548345	
495	64.738525	-8.639940	
496	64.429246	-8.713157	
497	64.115698	-8.763395	
498	63.798561	-8.785746	
499	63.477129	-8.777757	
500	63.150721	-8.740483	
501	62.819409	-8.677997	
502	62.482453	-8.596998	
503	62.137061	-8.505255	
504	61.780671	-8.409720	
505	61.414057	-8.316710	
506	61.041272	-8.232942	
507	60.667414	-8.164247	
508	60.296810	-8.112231	
509	59.931787	-8.074124	
510	59.571594	-8.047840	
511	59.212639	-8.034934	
512	58.850483	-8.036512	
513	58.481602	-8.048497	
514	58.103103	-8.062835	
515	57.711801	-8.071535	
516	57.305322	-8.068027	
517	56.884324	-8.047018	
518	56.453468	-8.005574	
519	56.021071	-7.943421	
520	55.597910	-7.861766	
521	55.194869	-7.763612	
522	54.819636	-7.655941	
523	54.473973	-7.549411	
524	54.153232	-7.453124	
525	53.848446	-7.369697	
526	53.549457	-7.296163	
527	53.247058	-7.228233	
528	52.933604	-7.163115	
529	52.603443	-7.100308	
530	52.254665	-7.041002	
531	51.890522	-6.985627	
532	51.516625	-6.930911	
533	51.136055	-6.869836	
534	50.748470	-6.794605	
535	50.352968	-6.699472	
536	49.950588	-6.581986	
537	49.544710	-6.442667	
538	49.139568	-6.283291	
539	48.738401	-6.105348	
540	48.343157	-5.910403	
541	47.955698	-5.701990	
542	47.578167	-5.486802	
543	47.210871	-5.274164	
544	46.850549	-5.074849	
545	46.492184	-4.898634	
546	46.131697	-4.749074	
547	45.766333	-4.618979	
548	45.394467	-4.493120	
549	45.017260	-4.357106	
550	44.640831	-4.203951	
551	44.275091	-4.033954	
552	43.928851	-3.850709	
553	43.605613	-3.657660	
554	43.302338	-3.457061	
555	43.010704	-3.250990	
556	42.719489	-3.043595	
557	42.413910	-2.844574	
558	42.073122	-2.673208	
559	41.676941	-2.554224	
560	41.221345	-2.501744	
561	40.722626	-2.510355	
562	40.205432	-2.563599	
563	39.692138	-2.643121	
564	39.198863	-2.729765	
565	38.733025	-2.803095	
566	38.293246	-2.842990	
567	37.872050	-2.833490	
568	37.460073	-2.767441	
569	37.051441	-2.649543	
570	36.646543	-2.493701	
571	36.248257	-2.314643	
572	35.855996	-2.121774	
573	35.465304	-1.919693	
574	35.072241	-1.712840	
575	34.675424	-1.508295	
576	34.274373	-1.313411	
577	33.867907	-1.133855	
578	33.453499	-0.976574	
579	33.028072	-0.850892	
580	32.590500	-0.761226	
581	32.141967	-0.701325	
582	31.683445	-0.659900	
583	31.214874	-0.628147	
584	30.736844	-0.601154	
585	30.252008	-0.578288	
586	29.764720	-0.564244	
587	29.279736	-0.566043	
588	28.801229	-0.586892	
589	28.332015	-0.624358	
590	27.873208	-0.673978	
591	27.424585	-0.732161	
592	26.984673	-0.795026	
593	26.550208	-0.855884	
594	26.116138	-0.906088	
595	25.677217	-0.938469	
596	25.230529	-0.949171	
597	24.777293	-0.937432	
598	24.322705	-0.905112	
599	23.873298	-0.856795	
600	23.433007	-0.798816	
601	23.000890	-0.736946	
602	22.571863	-0.676288	
603	22.139881	-0.622471	
604	21.702218	-0.579499	
605	21.260880	-0.545450	
606	20.819919	-0.510755	
607	20.383504	-0.461360	
608	19.955579	-0.386061	
609	19.537434	-0.284838	
610	19.123871	-0.173228	
611	18.704152	-0.075742	
612	18.272210	-0.008245	
613	17.836247	0.034208	
614	17.414202	0.070250	
615	17.020760	0.115238	
616	16.658426	0.170616	
617	16.315232	0.222506	
618	15.969427	0.247560	
619	15.600652	0.224904	
620	15.200536	0.146693	
621	14.775495	0.019547	
622	14.340631	-0.141206	
623	13.910117	-0.318188	
624	13.491435	-0.497228	
625	13.084215	-0.672087	
626	12.682343	-0.843810	
627	12.280516	-1.009494	
628	11.880599	-1.152360	
629	11.491083	-1.249148	
630	11.122138	-1.289038	
631	10.781727	-1.283756	
632	10.472819	-1.259597	
633	10.192508	-1.241688	
634	9.934064	-1.244154	
635	9.687774	-1.268702	
636	9.439851	-1.308631	
637	9.173698	-1.355458	
638	8.874389	-1.404408	
639	8.533232	-1.455451	
640	8.150268	-1.510293	
641	7.735259	-1.569112	
642	7.307093	-1.628905	
643	6.889658	-1.682667	
644	6.502502	-1.721607	
645	6.151298	-1.742343	
646	5.827814	-1.751014	
647	5.518775	-1.758332	
648	5.214210	-1.772738	
649	4.910338	-1.797912	
650	4.607903	-1.834102	
651	4.308926	-1.880860	
652	4.014167	-1.938683	
653	3.722561	-2.008157	
654	3.432942	-2.087427	
655	3.145516	-2.170859	
656	2.861087	-2.250643	
657	2.579765	-2.319288	
658	2.300521	-2.370323	
659	2.021193	-2.398072	
660	1.739061	-2.399306	
661	1.452041	-2.376280	
662	1.159557	-2.337442	
663	0.862675	-2.294824	
664	0.563762	-2.260145	
665	0.265654	-2.241445	
666	-0.029406	-2.242119	
667	-0.320314	-2.262684	
668	-0.606732	-2.302699	
669	-0.888396	-2.361382	
670	-1.165905	-2.437843	
671	-1.442392	-2.530558	
672	-1.722401	-2.635103	
673	-2.009019	-2.742075	
674	-2.303597	-2.839100	
675	-2.606438	-2.916885	
676	-2.915465	-2.973534	
677	-3.225169	-3.013301	
678	-3.527794	-3.042873	
679	-3.815833	-3.067851	
680	-4.084895	-3.089602	
681	-4.335220	-3.105235	
682	-4.570734	-3.111795	
683	-4.796826	-3.110671	
684	-5.017794	-3.107986	
685	-5.235582	-3.111180	
686	-5.451479	-3.125972	
687	-5.668082	-3.155650	
688	-5.888235	-3.200962	
689	-6.113084	-3.260286	
690	-6.341943	-3.330552	
691	-6.572408	-3.407925	
692	-6.800124	-3.488302	
693	-7.020231	-3.568273	
694	-7.229892	-3.645727	
695	-7.429392	-3.719694	
696	-7.621866	-3.789874	
697	-7.812594	-3.855656	
698	-8.007418	-3.915312	
699	-8.210457	-3.967325	
700	-8.422680	-4.013069	
701	-8.642056	-4.057655	
702	-8.864573	-4.108184	
703	-9.085717	-4.171233	
704	-9.302474	-4.251281	
705	-9.513982	-4.350074	
706	-9.719291	-4.466437	
707	-9.915183	-4.596999	
708	-10.096925	-4.737591	
709	-10.260417	-4.884241	
710	-10.403617	-5.033070	
711	-10.526785	-5.178968	
712	-10.631744	-5.314551	
713	-10.720785	-5.431476	
714	-10.795841	-5.523540	
715	-10.857941	-5.589081	
716	-10.907007	-5.631461	
717	-10.942548	-5.657132	
718	-10.964631	-5.671974	
719	-10.974046	-5.678869	
720	-10.971951	-5.677782	
721	-10.959678	-5.666811	
722	-10.938637	-5.643584	
723	-10.910415	-5.607196	
724	-10.877135	-5.559798	
725	-10.841687	-5.506464	
726	-10.807416	-5.453328	
727	-10.777028	-5.405903	
728	-10.751234	-5.368215	
729	-10.728684	-5.342040	
730	-10.707941	-5.327159	
731	-10.689578	-5.322363	
732	-10.676194	-5.325297	
733	-10.670772	-5.332040	
734	-10.675235	-5.337662	
735	-10.690026	-5.338195	
736	-10.714490	-5.334027	
737	-10.747065	-5.330677	
738	-10.784698	-5.333953	
739	-10.822618	-5.344650	
740	-10.854960	-5.358484	
741	-10.875893	-5.369149	
742	-10.881730	-5.370651	
743	-10.872810	-5.359352	
744	-10.853006	-5.336139	
745	-10.827782	-5.306223	
746	-10.802387	-5.275659	
747	-10.780085	-5.248065	
748	-10.761412	-5.224205	
749	-10.745221	-5.203185	
750	-10.730059	-5.183822	
751	-10.714689	-5.166213	
752	-10.697805	-5.152972	
753	-10.677508	-5.149075	
754	-10.651620	-5.159457	
755	-10.618676	-5.185710	
756	-10.578532	-5.225646	
757	-10.532777	-5.276067	
758	-10.484780	-5.334823	
759	-10.438546	-5.400750	
760	-10.396978	-5.472888	
761	-10.360855	-5.549703	
762	-10.328814	-5.628852	
763	-10.297775	-5.707709	
764	-10.263755	-5.783509	
765	-10.223075	-5.852561	
766	-10.172777	-5.909546	
767	-10.109896	-5.948135	
768	-10.031428	-5.962812	
769	-9.935612	-5.950443	
770	-9.822764	-5.910843	
771	-9.695048	-5.846465	
772	-9.556108	-5.761577	
773	-9.410936	-5.661964	
774	-9.265477	-5.554581	
775	-9.125468	-5.445411	
776	-8.994572	-5.336999	
777	-8.872272	-5.228363	
778	-8.753133	-5.116999	
779	-8.628972	-5.001604	
780	-8.492698	-4.884710	
781	-8.341025	-4.773193	
782	-8.174837	-4.675497	
783	-7.997521	-4.598238	
784	-7.813200	-4.544941	
785	-7.626280	-4.516226	
786	-7.440939	-4.510184	
787	-7.260084	-4.522509	
788	-7.085763	-4.546874	
789	-6.920502	-4.576425	
790	-6.766941	-4.606258	
791	-6.626054	-4.635883	
792	-6.496027	-4.669763	
793	-6.372015	-4.714243	
794	-6.246285	-4.773299	
795	-6.109337	-4.847603	
796	-5.951932	-4.936540	
797	-5.767158	-5.038742	
798	-5.552025	-5.149627	
799	-5.307520	-5.259957	
800	-5.037048	-5.359241	
801	-4.745119	-5.440987	
802	-4.436708	-5.504441	
803	-4.116156	-5.552269	
804	-3.786292	-5.586988	
805	-3.448973	-5.608901	
806	-3.105730	-5.616531	
807	-2.757517	-5.608495	
808	-2.404504	-5.585503	
809	-2.045954	-5.550757	
810	-1.679504	-5.507658	
811	-1.300468	-5.457812	
812	-0.902552	-5.402621	
813	-0.480620	-5.345945	
814	-0.034028	-5.293790	
815	0.432729	-5.251832	
816	0.912861	-5.223905	
817	1.399877	-5.212104	
818	1.887892	-5.216819	
819	2.372503	-5.235927	
820	2.852633	-5.264125	
821	3.330617	-5.293442	
822	3.810975	-5.314443	
823	4.299391	-5.317184	
824	4.801351	-5.292739	
825	5.320160	-5.236344	
826	5.855150	-5.150111	
827	6.401665	-5.042254	
828	6.953348	-4.923269	
829	7.503978	-4.802154	
830	8.047901	-4.684855	
831	8.580841	-4.575345	
832	9.100131	-4.477189	
833	9.603859	-4.392623	
834	10.090892	-4.320361	
835	10.561458	-4.255548	
836	11.017152	-4.192145	
837	11.460929	-4.125025	
838	11.897293	-4.050068	
839	12.331176	-3.963273	
840	12.765342	-3.861339	
841	13.199186	-3.744640	
842	13.629390	-3.619545	
843	14.050380	-3.497098	
844	14.455018	-3.389705	
845	14.836910	-3.308529	
846	15.194046	-3.261153	
847	15.531946	-3.248159	
848	15.863400	-3.258373	
849	16.203007	-3.267780	
850	16.559975	-3.248808	
851	16.935045	-3.182672	
852	17.321716	-3.062927	
853	17.709713	-2.891628	
854	18.091577	-2.672330	
855	18.469048	-2.403602	
856	18.853070	-2.079945	
857	19.258390	-1.700558	
858	19.696917	-1.278175	
859	20.170807	-0.841612	
860	20.667827	-0.429579	
861	21.165336	-0.076617	
862	21.643336	0.199447	
863	22.094984	0.400759	
864	22.524986	0.545369	
865	22.940108	0.655480	
866	23.341549	0.742061	
867	23.724717	0.801145	
868	24.086468	0.827029	
869	24.431904	0.825729	
870	24.771882	0.812493	
871	25.116352	0.800798	
872	25.472412	0.797067	
873	25.844342	0.800735	
874	26.231466	0.805314	
875	26.627802	0.803489	
876	27.027569	0.796819	
877	27.430698	0.797909	
878	27.840991	0.819299	
879	28.261365	0.863541	
880	28.692278	0.923910	
881	29.132224	0.990486	
882	29.579360	1.057165	
883	30.032677	1.125830	
884	30.489539	1.203015	
885	30.942415	1.292106	
886	31.380643	1.389988	
887	31.796903	1.491264	
888	32.191746	1.594071	
889	32.571824	1.699635	
890	32.945661	1.805649	
891	33.321624	1.901577	
892	33.706580	1.970772	
893	34.104241	1.996305	
894	34.516087	1.965182	
895	34.944100	1.870206	
896	35.390792	1.712010	
897	35.856690	1.499816	
898	36.339322	1.248639	
899	36.834453	0.976289	
900	37.337584	0.702296	
901	37.844536	0.447024	
902	38.351778	0.230695	
903	38.857042	0.071729	
904	39.359307	-0.015662	
905	39.858579	-0.021781	
906	40.355557	0.059046	
907	40.849627	0.226998	
908	41.337403	0.477199	
909	41.814045	0.801673	
910	42.275247	1.186740	
911	42.719592	1.609345	
912	43.150955	2.040600	
913	43.576778	2.454012	
914	44.003337	2.829935	
915	44.434001	3.155163	
916	44.871280	3.422368	
917	45.318573	3.630755	
918	45.778913	3.784932	
919	46.252944	3.891164	
920	46.738870	3.954754	
921	47.233616	3.981228	
922	47.734452	3.978898	
923	48.239532	3.957742	
924	48.745595	3.924426	
925	49.246576	3.878879	
926	49.735964	3.813642	
927	50.209624	3.717519	
928	50.666302	3.586178	
929	51.105960	3.426819	
930	51.527381	3.251093	
931	51.926835	3.072435	
932	52.299205	2.908303	
933	52.641147	2.776777	
934	52.953372	2.692597	
935	53.240196	2.667314	
936	53.507030	2.709157	
937	53.757856	2.820080	
938	53.996421	2.990579	
939	54.229911	3.192304	
940	54.467889	3.373800	
941	54.717599	3.474594	
942	54.983955	3.457032	
943	55.272963	3.321764	
944	55.591776	3.091062	
945	55.945315	2.793128	
946	56.333286	2.462282	
947	56.750439	2.130875	
948	57.188773	1.814040	
949	57.638574	1.509115	
950	58.089637	1.206309	
951	58.532898	0.894894	
952	58.959857	0.562883	
953	59.362557	0.197402	
954	59.736534	-0.212028	
955	60.082193	-0.671690	
956	60.402641	-1.184165	
957	60.702583	-1.744786	
958	60.990186	-2.333260	
959	61.277167	-2.912356	
960	61.573993	-3.441741	
961	61.884750	-3.893946	
962	62.206214	-4.256103	
963	62.530059	-4.523575	
964	62.846278	-4.697795	
965	63.146486	-4.786835	
966	63.426329	-4.803619	
967	63.686880	-4.761648	
968	63.933350	-4.672121	
969	64.172064	-4.545303	
970	64.409917	-4.392372	
971	64.654853	-4.225057	
972	64.913122	-4.056891	
973	65.186101	-3.904069	
974	65.470585	-3.779273	
975	65.760842	-3.684768	
976	66.050617	-3.614010	
977	66.334867	-3.557677	
978	66.610846	-3.508871	
979	66.880071	-3.467040	
980	67.151070	-3.436323	
981	67.438427	-3.417221	
982	67.756667	-3.400680	
983	68.114449	-3.372132	
984	68.512369	-3.322345	
985	68.940467	-3.256852	
986	69.374017	-3.200347	
987	69.776056	-3.191522	
988	70.114035	-3.259896	
989	70.377297	-3.401808	
990	70.574998	-3.587123	
991	70.721631	-3.785337	
992	70.830469	-3.977945	
993	70.914864	-4.154292	
994	70.988959	-4.304565	
995	71.067301	-4.419776	
996	71.164069	-4.497396	
997	71.290998	-4.541314	
998	71.454046	-4.556549	
999	71.651282	-4.547410	
1000	71.874737	-4.518266	
1001	72.114503	-4.474892	
1002	72.361790	-4.427135	
1003	72.610580	-4.387949	
1004	72.857391	-4.366290	
1005	73.098968	-4.361960	
1006	73.331063	-4.368402	
1007	73.550191	-4.376894	
1008	73.755181	-4.377165	
1009	73.945632	-4.361094	
1010	74.119553	-4.330102	
1011	74.273534	-4.295758	
1012	74.405185	-4.271479	
1013	74.515115	-4.265039	
1014	74.606511	-4.277205	
1015	74.683500	-4.301236	
1016	74.750825	-4.321068	
1017	74.815105	-4.315459	
1018	74.885708	-4.268565	
1019	74.972950	-4.177307	
1020	75.083569	-4.051465	
1021	75.217838	-3.908701	
1022	75.371453	-3.767118	
1023	75.538275	-3.638974	
1024	75.710923	-3.528395	
1025	75.882396	-3.433857	
1026	76.049023	-3.353532	
1027	76.210810	-3.289006	
1028	76.369351	-3.244687	
1029	76.526128	-3.224778	
1030	76.681720	-3.231207	
1031	76.835643	-3.263326	
1032	76.986306	-3.317467	
1033	77.130470	-3.386142	
1034	77.263341	-3.458966	
1035	77.380492	-3.525874	
1036	77.480154	-3.579557	
1037	77.563780	-3.613745	
1038	77.635074	-3.619628	
1039	77.698694	-3.585324	
1040	77.758704	-3.499367	
1041	77.816458	-3.357548	
1042	77.869418	-3.169139	
1043	77.913297	-2.954471	
1044	77.945681	-2.734943	
1045	77.966945	-2.525844	
1046	77.979337	-2.335871	
1047	77.986455	-2.168776	
1048	77.991779	-2.023759	
1049	77.996657	-1.896475	
1050	78.000568	-1.782871	
1051	78.002766	-1.683521	
1052	78.002701	-1.604868	
1053	77.999475	-1.556921	
1054	77.991691	-1.549522	
1055	77.977908	-1.589666	
1056	77.957310	-1.680902	
1057	77.929726	-1.822997	
1058	77.894610	-2.010658	
1059	77.849737	-2.232787	
1060	77.790822	-2.472613	
1061	77.712311	-2.707534	
1062	77.609015	-2.911381	
1063	77.478709	-3.062481	
1064	77.324636	-3.151868	
1065	77.154882	-3.183482	
1066	76.978049	-3.168619	
1067	76.799535	-3.121574	
1068	76.621529	-3.056975	
1069	76.444059	-2.986889	
1070	76.265097	-2.919078	
1071	76.080959	-2.857480	
1072	75.886547	-2.804345	
1073	75.675517	-2.763482	
1074	75.442223	-2.741169	
1075	75.183819	-2.742327	
1076	74.900451	-2.767234	
1077	74.595065	-2.812876	
1078	74.273513	-2.875032	
1079	73.943590	-2.948463	
1080	73.613387	-3.027468	
1081	73.290368	-3.107025	
1082	72.980872	-3.181678	
1083	72.688569	-3.242461	
1084	72.412396	-3.277856	
1085	72.146990	-3.280465	
1086	71.886144	-3.249950	
1087	71.625228	-3.189041	
1088	71.360095	-3.102846	
1089	71.085630	-3.001993	
1090	70.796898	-2.900160	
1091	70.490228	-2.808004	
1092	70.162552	-2.730624	
1093	69.811555	-2.669412	
1094	69.436822	-2.626213	
1095	69.040350	-2.605132	
1096	68.627286	-2.610290	
1097	68.205878	-2.643675	
1098	67.783924	-2.704117	
1099	67.364316	-2.786153	
1100	66.945207	-2.879189	
1101	66.524360	-2.967889	
1102	66.102103	-3.036609	
1103	65.680342	-3.078157	
1104	65.259871	-3.098582	
1105	64.838972	-3.110576	
1106	64.413051	-3.123887	
1107	63.974160	-3.145202	
1108	63.513480	-3.180221	
1109	63.027640	-3.228573	
1110	62.521539	-3.281464	
1111	62.004092	-3.327673	
1112	61.482922	-3.360650	
1113	60.962717	-3.382843	
1114	60.446549	-3.405971	
1115	59.937628	-3.443870	
1116	59.439908	-3.499503	
1117	58.956746	-3.560678	
1118	58.488639	-3.610537	
1119	58.033210	-3.636974	
1120	57.587714	-3.633789	
1121	57.150896	-3.600213	
1122	56.722396	-3.539788	
1123	56.300909	-3.457281	
1124	55.882835	-3.356009	
1125	55.462046	-3.237097	
1126	55.031657	-3.100167	
1127	54.587074	-2.943798	
1128	54.127371	-2.763810	
1129	53.654669	-2.552450	
1130	53.173013	-2.303218	
1131	52.687207	-2.017701	
1132	52.202021	-1.706943	
1133	51.721162	-1.385986	
1134	51.246335	-1.069090	
1135	50.778090	-0.772275	
1136	50.316462	-0.513936	
1137	49.859420	-0.305585	
1138	49.402596	-0.146354	
1139	48.941988	-0.029278	
1140	48.475790	0.051970	
1141	48.002948	0.101902	
1142	47.521294	0.124032	
1143	47.028196	0.123559	
1144	46.522191	0.110933	
1145	46.003895	0.102008	
1146	45.476224	0.115035	
1147	44.943187	0.164290	
1148	44.407402	0.251492	
1149	43.868796	0.365288	
1150	43.325814	0.490709	
1151	42.777501	0.615217	
1152	42.224723	0.728843	
1153	41.670543	0.827688	
1154	41.118966	0.917518	
1155	40.572310	1.009289	
1156	40.029820	1.112128	
1157	39.488219	1.231501	
1158	38.943456	1.369419	
1159	38.393429	1.523672	
1160	37.839716	1.688559	
1161	37.286019	1.856645	
1162	36.735446	2.020071	
1163	36.189801	2.170346	
1164	35.650540	2.295976	
1165	35.119532	2.384581	
1166	34.597973	2.433026	
1167	34.084464	2.450889	
1168	33.575435	2.450112	
1169	33.067511	2.437775	
1170	32.558351	2.418010	
1171	32.046036	2.392528	
1172	31.529817	2.359842	
1173	31.011877	2.318375	
1174	30.496963	2.269913	
1175	29.988573	2.218304	
1176	29.485289	2.166013	
1177	28.981738	2.113758	
1178	28.471968	2.060971	
1179	27.951111	2.003146	
1180	27.417074	1.932385	
1181	26.873118	1.844763	
1182	26.327421	1.743164	
1183	25.788766	1.631965	
1184	25.261947	1.514394	
1185	24.746128	1.393817	
1186	24.237217	1.272789	
1187	23.731596	1.150690	
1188	23.228458	1.024001	
1189	22.730552	0.890702	
1190	22.241566	0.753173	
1191	21.761576	0.614604	
1192	21.286539	0.475676	
1193	20.811616	0.336631	
1194	20.333762	0.200083	
1195	19.852868	0.070903	
1196	19.371720	-0.046286	
1197	18.894025	-0.149287	
1198	18.422517	-0.236981	
1199	17.959576	-0.305987	
1200	17.508466	-0.350569	
1201	17.073475	-0.366512	
1202	16.660119	-0.355572	
1203	16.274540	-0.328278	
1204	15.920050	-0.300770	
1205	15.591798	-0.286380	
1206	15.272569	-0.295197	
1207	14.935185	-0.340804	
1208	14.555765	-0.435691	
1209	14.129493	-0.577206	
1210	13.674064	-0.741181	
1211	13.218527	-0.888544	
1212	12.788228	-0.981021	
1213	12.396205	-0.997050	
1214	12.042872	-0.938617	
1215	11.720176	-0.824919	
1216	11.416396	-0.678795	
1217	11.118904	-0.521394	
1218	10.816681	-0.374324	
1219	10.505218	-0.255216	
1220	10.188829	-0.171341	
1221	9.876640	-0.120674	
1222	9.576547	-0.096540	
1223	9.291164	-0.091289	
1224	9.017149	-0.098600	
1225	8.748230	-0.114484	
1226	8.479054	-0.137305	
1227	8.206121	-0.166712	
1228	7.927218	-0.201877	
1229	7.642934	-0.240860	
1230	7.357996	-0.281218	
1231	7.078104	-0.320842	
1232	6.804891	-0.359851	
1233	6.534273	-0.402319	
1234	6.258039	-0.454483	
1235	5.966557	-0.520853	
1236	5.652045	-0.602675	
1237	5.311234	-0.698897	
1238	4.946494	-0.806991	
1239	4.566069	-0.922930	
1240	4.182511	-1.041644	
1241	3.808288	-1.159034	
1242	3.452404	-1.273919	
1243	3.120497	-1.387393	
1244	2.814275	-1.500821	
1245	2.530579	-1.616040	
1246	2.264227	-1.736263	
1247	2.011210	-1.864541	
1248	1.768393	-2.002124	
1249	1.532839	-2.148244	
1250	1.302711	-2.299709	
1251	1.077375	-2.450490	
1252	0.855976	-2.592183	
1253	0.636763	-2.715476	
1254	0.418410	-2.812536	
1255	0.200978	-2.879160	
1256	-0.015634	-2.915192	
1257	-0.233821	-2.923512	
1258	-0.458192	-2.909499	
1259	-0.693305	-2.881394	
1260	-0.941108	-2.849879	
1261	-1.200275	-2.826381	
1262	-1.467817	-2.821069	
1263	-1.741355	-2.840630	
1264	-2.020258	-2.886910	
1265	-2.304440	-2.958106	
1266	-2.591756	-3.051835	
1267	-2.877072	-3.167355	
1268	-3.154366	-3.304810	
1269	-3.419652	-3.462666	
1270	-3.671657	-3.636116	
1271	-3.910504	-3.817096	
1272	-4.137084	-3.995547	
1273	-4.353063	-4.161224	
1274	-4.560252	-4.304991	
1275	-4.760123	-4.419996	
1276	-4.953828	-4.503128	
1277	-5.142496	-4.555726	
1278	-5.327864	-4.583034	
1279	-5.512472	-4.593084	
1280	-5.699042	-4.595050	
1281	-5.889321	-4.597259	
1282	-6.083065	-4.606248	
1283	-6.278399	-4.626690	
1284	-6.472943	-4.660281	
1285	-6.664720	-4.704495	
1286	-6.853723	-4.754030	
1287	-7.043708	-4.804341	
1288	-7.242025	-4.854252	
1289	-7.456888	-4.905964	
1290	-7.693788	-4.962500	
1291	-7.952925	-5.024969	
1292	-8.228804	-5.092397	
1293	-8.511577	-5.162540	
1294	-8.788765	-5.231000	
1295	-9.047420	-5.290019	
1296	-9.276827	-5.328846	
1297	-9.469802	-5.336076	
1298	-9.621777	-5.303737	
1299	-9.729765	-5.230535	
1300	-9.792645	-5.121588	
1301	-9.811952	-4.986138	
1302	-9.792383	-4.835763	
1303	-9.742151	-4.682538	
1304	-9.672402	-4.536198	
1305	-9.595091	-4.402574	
1306	-9.520697	-4.284838	
1307	-9.457008	-4.184530	
1308	-9.408818	-4.100798	
1309	-9.378256	-4.031116	
1310	-9.365100	-3.974071	
1311	-9.366319	-3.930213	
1312	-9.376183	-3.900343	
1313	-9.388368	-3.884747	
1314	-9.397778	-3.883974	
1315	-9.400750	-3.898796	
1316	-9.395525	-3.929253	
1317	-9.382828	-3.974250	
1318	-9.365562	-4.031517	
1319	-9.348152	-4.097604	
1320	-9.335485	-4.168380	
1321	-9.331406	-4.239773	
1322	-9.337690	-4.308139	
1323	-9.353828	-4.370303	
1324	-9.377772	-4.423718	
1325	-9.407754	-4.466672	
1326	-9.443532	-4.498147	
1327	-9.485376	-4.517380	
1328	-9.532281	-4.523664	
1329	-9.581695	-4.517012	
1330	-9.630839	-4.499031	
1331	-9.677885	-4.472474	
1332	-9.721203	-4.439419	
1333	-9.757307	-4.399696	
1334	-9.780994	-4.351629	
1335	-9.788467	-4.294608	
1336	-9.779924	-4.230586	
1337	-9.759138	-4.163580	
1338	-9.730609	-4.097978	
1339	-9.696990	-4.036822	
1340	-9.659154	-3.981452	
1341	-9.617506	-3.932220	
1342	-9.572420	-3.889126	
1343	-9.524677	-3.852023	
1344	-9.476159	-3.820475	
1345	-9.429231	-3.793665	
1346	-9.385588	-3.770907	
1347	-9.346202	-3.752477	
1348	-9.311902	-3.739921	
1349	-9.283621	-3.735860	
1350	-9.261787	-3.743727	
1351	-9.245176	-3.766856	
1352	-9.230596	-3.807361	
1353	-9.214155	-3.866176	
1354	-9.193005	-3.943447	
1355	-9.165645	-4.037849	
1356	-9.130931	-4.145308	
1357	-9.088202	-4.258941	
1358	-9.038685	-4.371245	
1359	-8.985474	-4.476569	
1360	-8.931948	-4.571382	
1361	-8.880661	-4.653460	
1362	-8.832650	-4.722034	
1363	-8.787146	-4.778263	
1364	-8.742245	-4.824904	
1365	-8.695857	-4.865508	
1366	-8.646911	-4.903554	
1367	-8.596497	-4.941325	
1368	-8.547225	-4.978654	
1369	-8.501549	-5.013206	
1370	-8.461308	-5.042945	
1371	-8.428030	-5.067939	
1372	-8.402823	-5.089146	
1373	-8.386085	-5.106246	
1374	-8.377479	-5.117469	
1375	-8.375315	-5.120518	
1376	-8.375131	-5.112212	
1377	-8.369664	-5.087920	
1378	-8.351161	-5.043525	
1379	-8.313912	-4.978789	
1380	-8.254803	-4.898189	
1381	-8.172346	-4.808374	
1382	-8.066434	-4.715366	
1383	-7.938288	-4.623859	
1384	-7.789730	-4.537914	
1385	-7.623954	-4.462004	
1386	-7.447228	-4.401842	
1387	-7.267989	-4.364033	
1388	-7.094178	-4.354546	
1389	-6.932094	-4.377429	
1390	-6.786104	-4.434489	
1391	-6.657315	-4.524999	
1392	-6.542390	-4.644880	
1393	-6.434077	-4.785763	
1394	-6.323056	-4.934887	
1395	-6.199651	-5.076698	
1396	-6.054598	-5.195678	
1397	-5.879840	-5.278920	
1398	-5.670313	-5.317635	
1399	-5.425776	-5.307663	
1400	-5.151243	-5.249771	
1401	-4.855938	-5.150260	
1402	-4.551522	-5.020698	
1403	-4.249799	-4.875580	
1404	-3.959607	-4.729223	
1405	-3.684218	-4.594307	
1406	-3.421085	-4.482388	
1407	-3.163767	-4.404195	
1408	-2.905039	-4.368180	
1409	-2.639832	-4.378161	
1410	-2.366276	-4.432007	
1411	-2.084531	-4.522063	
1412	-1.794266	-4.636055	
1413	-1.493090	-4.758397	
1414	-1.178136	-4.873442	
1415	-0.849066	-4.969392	
1416	-0.508758	-5.039557	
1417	-0.161415	-5.081577	
1418	0.188690	-5.097196	
1419	0.537389	-5.091594	
1420	0.881961	-5.071099	
1421	1.223063	-5.041680	
1422	1.565276	-5.010107	
1423	1.915731	-4.984987	
1424	2.281025	-4.974438	
1425	2.664446	-4.982378	
1426	3.065152	-5.006960	
1427	3.478201	-5.041749	
1428	3.896018	-5.078333	
1429	4.311831	-5.108446	
1430	4.721823	-5.125061	
1431	5.124446	-5.123442	
1432	5.518809	-5.102340	
1433	5.903549	-5.064654	
1434	6.277038	-5.016427	
1435	6.639228	-4.963729	
1436	6.993198	-4.909415	
1437	7.344178	-4.852268	
1438	7.697051	-4.788747	
1439	8.055126	-4.716549	
1440	8.420951	-4.638097	
1441	8.797510	-4.560660	
1442	9.187840	-4.492685	
1443	9.594096	-4.439441	
1444	10.018160	-4.400117	
1445	10.461665	-4.367641	
1446	10.923382	-4.331580	
1447	11.398086	-4.282210	
1448	11.879329	-4.213970	
1449	12.361706	-4.126920	
1450	12.840767	-4.025393	
1451	13.313479	-3.917210	
1452	13.778151	-3.815531	
1453	14.232339	-3.738511	
1454	14.673652	-3.703115	
1455	15.103944	-3.715200	
1456	15.530399	-3.761114	
1457	15.961443	-3.809486	
1458	16.400689	-3.825782	
1459	16.844689	-3.786543	
1460	17.287728	-3.682268	
1461	17.727805	-3.515251	
1462	18.166260	-3.299262	
1463	18.603247	-3.055370	
1464	19.036145	-2.803779	
1465	19.461264	-2.562553	
1466	19.877128	-2.349959	
1467	20.288932	-2.179689	
1468	20.708333	-2.056612	
1469	21.147300	-1.983863	
1470	21.614954	-1.968670	
1471	22.118761	-2.008016	
1472	22.662202	-2.071362	
1473	23.240166	-2.111921	
1474	23.841237	-2.092925	
1475	24.455743	-1.998336	
1476	25.079327	-1.830288	
1477	25.708521	-1.606649	
1478	26.335969	-1.357175	
1479	26.952858	-1.111470	
1480	27.555509	-0.884369	
1481	28.147963	-0.673369	
1482	28.737556	-0.471931	
1483	29.326785	-0.285672	
1484	29.909328	-0.137026	
1485	30.475093	-0.056674	
1486	31.017952	-0.068285	
1487	31.538218	-0.173831	
1488	32.041967	-0.350261	
1489	32.539570	-0.562208	
1490	33.041119	-0.777780	
1491	33.551762	-0.975157	
1492	34.071864	-1.141782	
1493	34.600659	-1.271472	
1494	35.139039	-1.362557	
1495	35.688829	-1.417261	
1496	36.251109	-1.439307	
1497	36.826586	-1.429122	
1498	37.413937	-1.381824	
1499	38.005837	-1.291132	
1500	38.590752	-1.153683	
1501	39.159999	-0.970796	
1502	39.710885	-0.751831	
1503	40.245249	-0.515709	
1504	40.768882	-0.284151	
1505	41.290851	-0.073225	
1506	41.820065	0.109713	
1507	42.361875	0.267158	
1508	42.916632	0.409264	
1509	43.479507	0.543336	
1510	44.041097	0.664320	
1511	44.589866	0.758035	
1512	45.118428	0.813418	
1513	45.628117	0.832098	
1514	46.124846	0.828540	
1515	46.613112	0.824361	
1516	47.095539	0.842095	
1517	47.573148	0.897726	
1518	48.043660	0.994278	
1519	48.501795	1.121832	
1520	48.942582	1.263679	
1521	49.365475	1.402563	
1522	49.776369	1.519840	
1523	50.185148	1.593485	
1524	50.600164	1.606651	
1525	51.024481	1.556451	
1526	51.456725	1.450162	
1527	51.893447	1.298641	
1528	52.329958	1.115141	
1529	52.761260	0.915161	
1530	53.183659	0.714278	
1531	53.595447	0.526266	
1532	53.997032	0.363309	
1533	54.390945	0.236581	
1534	54.781107	0.155966	
1535	55.171775	0.126349	
1536	55.566605	0.139593	
1537	55.966788	0.175417	
1538	56.369395	0.218128	
1539	56.770401	0.263309	
1540	57.170852	0.300792	
1541	57.578108	0.306166	
1542	58.000907	0.256620	
1543	58.444610	0.146953	
1544	58.909699	-0.007530	
1545	59.391739	-0.180028	
1546	59.882799	-0.348664	
1547	60.375029	-0.504003	
1548	60.862951	-0.644734	
1549	61.342510	-0.774494	
1550	61.810526	-0.900511	
1551	62.266034	-1.028737	
1552	62.710504	-1.159338	
1553	63.146226	-1.287372	
1554	63.574849	-1.406026	
1555	63.996687	-1.508695	
1556	64.410391	-1.590185	
1557	64.813522	-1.648235	
1558	65.203886	-1.686028	
1559	65.580334	-1.712169	
1560	65.942865	-1.735509	
1561	66.292986	-1.761368	
1562	66.634497	-1.793136	
1563	66.973334	-1.834255	
1564	67.315574	-1.887393	
1565	67.665665	-1.952492	
1566	68.025794	-2.026031	
1567	68.395347	-2.102549	
1568	68.771125	-2.177534	
1569	69.148184	-2.248113	
1570	69.520826	-2.310498	
1571	69.885032	-2.359841	
1572	70.240573	-2.394553	
1573	70.590163	-2.418159	
1574	70.937161	-2.435721	
1575	71.283808	-2.450127	
1576	71.630565	-2.461591	
1577	71.977169	-2.468941	
1578	72.324279	-2.470846	
1579	72.673125	-2.466829	
1580	73.023809	-2.458717	
1581	73.375442	-2.451449	
1582	73.727432	-2.451341	
1583	74.079279	-2.462788	
1584	74.429666	-2.486416	
1585	74.776144	-2.519889	
1586	75.115488	-2.560289	
1587	75.444848	-2.605727	
1588	75.762708	-2.653042	
1589	76.069301	-2.694398	
1590	76.367098	-2.720095	
1591	76.660380	-2.724559	
1592	76.953218	-2.707197	
1593	77.247603	-2.669742	
1594	77.543064	-2.615215	
1595	77.837434	-2.548070	
1596	78.128173	-2.473450	
1597	78.413627	-2.395569	
1598	78.693574	-2.316633	
1599	78.968995	-2.237334	
1600	79.241386	-2.158097	
1601	79.512271	-2.079653	
1602	79.783239	-2.002730	
1603	80.055512	-1.926883	
1604	80.328593	-1.849061	
1605	80.599487	-1.763951	
1606	80.863594	-1.666280	
1607	81.116361	-1.552747	
1608	81.354599	-1.422564	
1609	81.577262	-1.276576	
1610	81.785517	-1.115695	
1611	81.982165	-0.940716	
1612	82.171684	-0.753394	
1613	82.361146	-0.556925	
1614	82.559263	-0.356520	
1615	82.772331	-0.160944	
1616	82.999120	0.014667	
1617	83.225827	0.142876	
1618	83.425970	0.182811	
1619	83.573494	0.099187	
1620	83.661827	-0.109037	
1621	83.708615	-0.402393	
1622	83.741976	-0.723667	
1623	83.784171	-1.025072	
1624	83.845049	-1.279748	
1625	83.924250	-1.479183	
1626	84.016512	-1.625868	
1627	84.116091	-1.726936	
1628	84.218102	-1.791213	
1629	84.317962	-1.828242	
1630	84.411595	-1.847121	
1631	84.496060	-1.855593	
1632	84.569196	-1.859478	
1633	84.629642	-1.861206	
1634	84.678406	-1.857896	
1635	84.720100	-1.841638	
1636	84.761699	-1.802452	
1637	84.809501	-1.731309	
1638	84.866967	-1.621595	
1639	84.935151	-1.468740	
1640	85.014621	-1.269094	
1641	85.106732	-1.021469	
1642	85.212487	-0.732227	
1643	85.327748	-0.420134	
1644	85.437364	-0.119586	
1645	85.515441	0.121487	
1646	85.535964	0.258132	
1647	85.486806	0.271898	
1648	85.375142	0.178452	
1649	85.221037	0.013241	
1650	85.046156	-0.188531	
1651	84.866152	-0.402125	
1652	84.689342	-0.612617	
1653	84.518691	-0.809597	
1654	84.354073	-0.983066	
1655	84.193766	-1.124930	
1656	84.035675	-1.233466	
1657	83.878814	-1.314074	
1658	83.723823	-1.375434	
1659	83.571739	-1.424051	
1660	83.422251	-1.460282	
1661	83.272689	-1.479658	
1662	83.118530	-1.478880	
1663	82.955249	-1.460291	
1664	82.779761	-1.431367	
1665	82.590843	-1.401550	
1666	82.389556	-1.379171	
1667	82.179299	-1.369412	
1668	81.964293	-1.374153	
1669	81.747383	-1.393137	
1670	81.529181	-1.424210	
1671	81.308255	-1.462649	
1672	81.080939	-1.501726	
1673	80.841618	-1.535330	
1674	80.584520	-1.560117	
1675	80.306002	-1.575305	
1676	80.006045	-1.582370	
1677	79.687588	-1.584904	
1678	79.354540	-1.586758	
1679	79.011361	-1.590797	
1680	78.663543	-1.599977	
1681	78.316896	-1.617827	
1682	77.976233	-1.646829	
1683	77.644029	-1.686357	
1684	77.319284	-1.731537	
1685	76.998156	-1.773749	
1686	76.676273	-1.802610	
1687	76.349949	-1.807715	
1688	76.016023	-1.779160	
1689	75.672874	-1.708547	
1690	75.321957	-1.591178	
1691	74.967170	-1.427539	
1692	74.612130	-1.224280	
1693	74.256738	-0.995822	
1694	73.893481	-0.766760	
1695	73.505400	-0.574015	
1696	73.072650	-0.457331	
1697	72.587543	-0.434507	
1698	72.060369	-0.490794	
1699	71.509363	-0.597275	
1700	70.951377	-0.729708	
1701	70.399795	-0.871711	
1702	69.863608	-1.013045	
1703	69.347197	-1.148490	
1704	68.851889	-1.275704	
1705	68.377431	-1.392399	
1706	67.922177	-1.494221	
1707	67.483059	-1.573685	
1708	67.056669	-1.620562	
1709	66.640345	-1.624272	
1710	66.230980	-1.577321	
1711	65.823046	-1.477924	
1712	65.409641	-1.331809	
1713	64.985168	-1.153656	
1714	64.545908	-0.964618	
1715	64.088857	-0.784673	
1716	63.610850	-0.626043	
1717	63.109043	-0.491584	
1718	62.582755	-0.376421	
1719	62.035381	-0.271504	
1720	61.474452	-0.168020	
1721	60.909516	-0.059962	
1722	60.349773	0.057428	
1723	59.802716	0.190877	
1724	59.273172	0.348735	
1725	58.762397	0.537214	
1726	58.267547	0.757327	
1727	57.781829	1.004152	
1728	57.296010	1.268037	
1729	56.801001	1.537981	
1730	56.289868	1.807124	
1731	55.758644	2.076947	
1732	55.206179	2.357153	
1733	54.633197	2.661179	
1734	54.041334	2.998551	
1735	53.433480	3.368807	
1736	52.814673	3.759168	
1737	52.190526	4.143579	
1738	51.564823	4.485668	
1739	50.941043	4.746737	
1740	50.325641	4.893289	
1741	49.727870	4.902277	
1742	49.155520	4.771332	
1743	48.609968	4.527981	
1744	48.085664	4.216502	
1745	47.573987	3.874701	
1746	47.065549	3.528781	
1747	46.550213	3.202864	
1748	46.018738	2.924464	
1749	45.466230	2.717797	
1750	44.894405	2.597496	
1751	44.309964	2.573018	
1752	43.719387	2.649416	
1753	43.124955	2.818007	
1754	42.525365	3.054020	
1755	41.918457	3.327008	
1756	41.302503	3.610330	
1757	40.675931	3.884141	
1758	40.037218	4.136789	
1759	39.385250	4.365502	
1760	38.719842	4.574340	
1761	38.043141	4.768762	
1762	37.360356	4.948309	
1763	36.677967	5.100324	
1764	36.001809	5.198645	
1765	35.336783	5.214488	
1766	34.686901	5.137410	
1767	34.054475	4.983065	
1768	33.438462	4.779041	
1769	32.833482	4.550928	
1770	32.231113	4.319636	
1771	31.623231	4.105174	
1772	31.005359	3.928896	
1773	30.377625	3.804866	
1774	29.743622	3.729174	
1775	29.109334	3.685998	
1776	28.481285	3.666180	
1777	27.863919	3.673508	
1778	27.259300	3.713507	
1779	26.668471	3.785105	
1780	26.092167	3.881894	
1781	25.530930	3.993618	
1782	24.983797	4.103821	
1783	24.446761	4.189383	
1784	23.914599	4.229877	
1785	23.383429	4.218577	
1786	22.848977	4.159737	
1787	22.304734	4.059765	
1788	21.745260	3.927101	
1789	21.170706	3.774242	
1790	20.588017	3.614900	
1791	20.008762	3.462527	
1792	19.443813	3.329415	
1793	18.898447	3.223648	
1794	18.372250	3.147907	
1795	17.860631	3.097750	
1796	17.355116	3.060111	
1797	16.845637	3.019448	
1798	16.325016	2.966139	
1799	15.791084	2.897460	
1800	15.244575	2.813856	
1801	14.686904	2.716834	
1802	14.120897	2.608442	
1803	13.551319	2.490852	
1804	12.982183	2.367525	
1805	12.413464	2.244712	
1806	11.841285	2.130222	
1807	11.260916	2.030850	
1808	10.669118	1.950768	
1809	10.064825	1.891242	
1810	9.448776	1.851523	
1811	8.822719	1.828956	
1812	8.190185	1.817729	
1813	7.558472	1.809076	
1814	6.937583	1.793769	
1815	6.336427	1.763933	
1816	5.760139	1.712356	
1817	5.208693	1.631709	
1818	4.677121	1.516257	
1819	4.158336	1.365171	
1820	3.646311	1.184946	
1821	3.138190	0.988444	
1822	2.634746	0.790765	
1823	2.137320	0.605405	
1824	1.644118	0.441837	
1825	1.151105	0.303455	
1826	0.655729	0.187604	
1827	0.157883	0.089197	
1828	-0.342314	0.004959	
1829	-0.845626	-0.065595	
1830	-1.351659	-0.122786	
1831	-1.857006	-0.169429	
1832	-2.355842	-0.210963	
1833	-2.841356	-0.254004	
1834	-3.307756	-0.304457	
1835	-3.752609	-0.366145	
1836	-4.176921	-0.440787	
1837	-4.582761	-0.528418	
1838	-4.970897	-0.627569	
1839	-5.340347	-0.735606	
1840	-5.689675	-0.848780	
1841	-6.018073	-0.961793	
1842	-6.325401	-1.067901	
1843	-6.612899	-1.160360	
1844	-6.885174	-1.234647	
1845	-7.150336	-1.289700	
1846	-7.415935	-1.327944	
1847	-7.683916	-1.355455	
1848	-7.949844	-1.381163	
1849	-8.207394	-1.413618	
1850	-8.453410	-1.457278	
1851	-8.689198	-1.510873	
1852	-8.918624	-1.568661	
1853	-9.144326	-1.623890	
1854	-9.363310	-1.671028	
1855	-9.565917	-1.704355	
1856	-9.740536	-1.716463	
1857	-9.879949	-1.699909	
1858	-9.983204	-1.649377	
1859	-10.052697	-1.562390	
1860	-10.091790	-1.440372	
1861	-10.105190	-1.289972	
1862	-10.098231	-1.121668	
1863	-10.073704	-0.945897	
1864	-10.030697	-0.771435	
1865	-9.966820	-0.607005	
1866	-9.880381	-0.461636	
1867	-9.771686	-0.342601	
1868	-9.643928	-0.254284	
1869	-9.502615	-0.198719	
1870	-9.354350	-0.175790	
1871	-9.206042	-0.183141	
1872	-9.064284	-0.216398	
1873	-8.935506	-0.269516	
1874	-8.825595	-0.335620	
1875	-8.736777	-0.407821	
1876	-8.664928	-0.479412	
1877	-8.600800	-0.544491	
1878	-8.534484	-0.599264	
1879	-8.460662	-0.642382	
1880	-8.380034	-0.673196	
1881	-8.295598	-0.689934	
1882	-8.209379	-0.690574	
1883	-8.122448	-0.675682	
1884	-8.035910	-0.650200	
1885	-7.951678	-0.622691	
1886	-7.872518	-0.602495	
1887	-7.800410	-0.596083	
1888	-7.735067	-0.604808	
1889	-7.675152	-0.625547	
1890	-7.620885	-0.652705	
1891	-7.574860	-0.679701	
1892	-7.540376	-0.700027	
1893	-7.519526	-0.708224	
1894	-7.512692	-0.701016	
1895	-7.518770	-0.678260	
1896	-7.534894	-0.642893	
1897	-7.555977	-0.600339	
1898	-7.575329	-0.557745	
1899	-7.586432	-0.522574	
1900	-7.585199	-0.501176	
1901	-7.571234	-0.499055	
1902	-7.546502	-0.522523	
1903	-7.512771	-0.578613	
1904	-7.470539	-0.672492	
1905	-7.419626	-0.805334	
1906	-7.359882	-0.973815	
1907	-7.291165	-1.170454	
1908	-7.213467	-1.385388	
1909	-7.128087	-1.608996	
1910	-7.038685	-1.833372	
1911	-6.950542	-2.052273	
1912	-6.867831	-2.260377	
1913	-6.790615	-2.452491	
1914	-6.715717	-2.622976	
1915	-6.641810	-2.765701	
1916	-6.571569	-2.874648	
1917	-6.509316	-2.944837	
1918	-6.459891	-2.973943	
1919	-6.428033	-2.964346	
1920	-6.415689	-2.922845	
1921	-6.420605	-2.857100	
1922	-6.437684	-2.772722	
1923	-6.460557	-2.673630	
1924	-6.483023	-2.563273	
1925	-6.501668	-2.444706	
1926	-6.517096	-2.320492	
1927	-6.531252	-2.193490	
1928	-6.544783	-2.067684	
1929	-6.557576	-1.947512	
1930	-6.569824	-1.836141	
