Athlete_Engineering	// User ID
11-2-2021	// Evaluation date
P016_Walk4	30-1-2021	14:36:11:155	// Source file name and timestamp
250.000	// Sampling rate
5.106	// Data capture period



Sample #	Right_Leg_Flexion	Right_Leg_Abduction	
0	-11.577199	5.507198	
1	-11.583115	5.564828	
2	-11.596214	5.575345	
3	-11.614693	5.547911	
4	-11.635494	5.502401	
5	-11.655627	5.463604	
6	-11.672881	5.452316	
7	-11.685361	5.481338	
8	-11.691210	5.555818	
9	-11.689188	5.672277	
10	-11.678709	5.818671	
11	-11.659550	5.978273	
12	-11.631861	6.134776	
13	-11.596091	6.277116	
14	-11.553390	6.400907	
15	-11.506272	6.505172	
16	-11.458525	6.589862	
17	-11.414185	6.656566	
18	-11.375893	6.709247	
19	-11.344038	6.752359	
20	-11.317888	6.786932	
21	-11.297367	6.808215	
22	-11.283175	6.806261	
23	-11.274909	6.767578	
24	-11.269153	6.676172	
25	-11.259516	6.512852	
26	-11.238640	6.254196	
27	-11.201425	5.875853	
28	-11.147492	5.364166	
29	-11.080956	4.732337	
30	-11.010802	4.031751	
31	-10.952494	3.357404	
32	-10.922125	2.835542	
33	-10.925815	2.568016	
34	-10.958238	2.565453	
35	-11.005974	2.738280	
36	-11.050230	2.955237	
37	-11.076104	3.118926	
38	-11.081544	3.200609	
39	-11.074510	3.223111	
40	-11.063929	3.224057	
41	-11.054044	3.232809	
42	-11.043512	3.267167	
43	-11.026606	3.335829	
44	-10.995552	3.441537	
45	-10.943575	3.588042	
46	-10.866960	3.786303	
47	-10.765190	4.052307	
48	-10.640663	4.396385	
49	-10.499743	4.811443	
50	-10.352906	5.269656	
51	-10.211029	5.731208	
52	-10.080985	6.157075	
53	-9.965457	6.517191	
54	-9.866018	6.794568	
55	-9.784535	6.985590	
56	-9.721135	7.097452	
57	-9.673184	7.147818	
58	-9.637232	7.160132	
59	-9.609834	7.151853	
60	-9.587906	7.133633	
61	-9.570300	7.117438	
62	-9.556838	7.114632	
63	-9.547467	7.133939	
64	-9.545030	7.188821	
65	-9.554558	7.294900	
66	-9.577124	7.449671	
67	-9.607484	7.621598	
68	-9.639483	7.770941	
69	-9.672239	7.878865	
70	-9.710385	7.952104	
71	-9.760066	8.008545	
72	-9.825965	8.066136	
73	-9.909365	8.137540	
74	-10.005756	8.224765	
75	-10.105554	8.320271	
76	-10.199112	8.416664	
77	-10.281193	8.516359	
78	-10.351463	8.633318	
79	-10.412001	8.784879	
80	-10.464553	8.980944	
81	-10.509061	9.218991	
82	-10.542664	9.484225	
83	-10.558705	9.752613	
84	-10.547576	9.997862	
85	-10.499442	10.196103	
86	-10.407254	10.324704	
87	-10.269820	10.363693	
88	-10.093238	10.301051	
89	-9.888930	10.136251	
90	-9.670264	9.881825	
91	-9.450513	9.562439	
92	-9.242570	9.211481	
93	-9.059192	8.869713	
94	-8.910866	8.579600	
95	-8.801673	8.368387	
96	-8.729762	8.242011	
97	-8.690870	8.196990	
98	-8.676578	8.222454	
99	-8.670984	8.294340	
100	-8.653527	8.382547	
101	-8.605727	8.463269	
102	-8.516540	8.522682	
103	-8.384461	8.553487	
104	-8.216132	8.553334	
105	-8.022590	8.532125	
106	-7.816125	8.522032	
107	-7.607989	8.567262	
108	-7.403510	8.687645	
109	-7.198069	8.861010	
110	-6.980395	9.050520	
111	-6.738421	9.233902	
112	-6.461223	9.401873	
113	-6.139592	9.543808	
114	-5.768770	9.645759	
115	-5.351289	9.698558	
116	-4.896214	9.701092	
117	-4.416353	9.658649	
118	-3.925259	9.581453	
119	-3.432519	9.481690	
120	-2.941169	9.372192	
121	-2.450281	9.266448	
122	-1.956658	9.172524	
123	-1.454504	9.089404	
124	-0.937914	9.013307	
125	-0.403384	8.937699	
126	0.151777	8.844056	
127	0.731816	8.705395	
128	1.342632	8.501021	
129	1.990466	8.221704	
130	2.681444	7.867385	
131	3.423086	7.443720	
132	4.226308	6.948376	
133	5.107902	6.350730	
134	6.094287	5.581619	
135	7.218734	4.538886	
136	8.491424	3.119742	
137	9.833476	1.317388	
138	11.058290	-0.639665	
139	12.036029	-2.346626	
140	12.844369	-3.551826	
141	13.638287	-4.278183	
142	14.498555	-4.661623	
143	15.429194	-4.828050	
144	16.402838	-4.867246	
145	17.389501	-4.838793	
146	18.366880	-4.780552	
147	19.322086	-4.715384	
148	20.250551	-4.656371	
149	21.153782	-4.610312	
150	22.036559	-4.580079	
151	22.904541	-4.566699	
152	23.762895	-4.570660	
153	24.615485	-4.592538	
154	25.464140	-4.632511	
155	26.309089	-4.688515	
156	27.150173	-4.755482	
157	27.986777	-4.826826	
158	28.817296	-4.896006	
159	29.639961	-4.957231	
160	30.453971	-5.005750	
161	31.259250	-5.037680	
162	32.055514	-5.050015	
163	32.842186	-5.041183	
164	33.618907	-5.011263	
165	34.385447	-4.962002	
166	35.141210	-4.896458	
167	35.885642	-4.817248	
168	36.618830	-4.724687	
169	37.341132	-4.617107	
170	38.052945	-4.493004	
171	38.754585	-4.353104	
172	39.445441	-4.201172	
173	40.123633	-4.043362	
174	40.786414	-3.887175	
175	41.430822	-3.741376	
176	42.054542	-3.615718	
177	42.655950	-3.519003	
178	43.233091	-3.457142	
179	43.782871	-3.432508	
180	44.301476	-3.443670	
181	44.785862	-3.485485	
182	45.234806	-3.550637	
183	45.648569	-3.631459	
184	46.027611	-3.720680	
185	46.371475	-3.812321	
186	46.678993	-3.903544	
187	46.949057	-3.996479	
188	47.179952	-4.097934	
189	47.368246	-4.215427	
190	47.509562	-4.352587	
191	47.600184	-4.508312	
192	47.637826	-4.677904	
193	47.622161	-4.853328	
194	47.556405	-5.024558	
195	47.450572	-5.182180	
196	47.325251	-5.317469	
197	47.213033	-5.418928	
198	47.156453	-5.467794	
199	47.204568	-5.432347	
200	47.403465	-5.253290	
201	47.754919	-4.806217	
202	48.101185	-3.853855	
203	48.027112	-2.179499	
204	47.241702	-0.086222	
205	46.034578	1.740902	
206	44.773931	3.029753	
207	43.574264	3.870833	
208	42.436326	4.410739	
209	41.346270	4.761821	
210	40.292008	4.999948	
211	39.263042	5.174151	
212	38.251973	5.313615	
213	37.254800	5.432808	
214	36.268856	5.538528	
215	35.292092	5.636733	
216	34.323591	5.733082	
217	33.362459	5.828432	
218	32.405370	5.915406	
219	31.444142	5.978129	
220	30.465655	5.997864	
221	29.456035	5.965114	
222	28.405125	5.887186	
223	27.307492	5.784361	
224	26.163061	5.682760	
225	24.977732	5.609797	
226	23.759947	5.590112	
227	22.515556	5.641311	
228	21.246081	5.771361	
229	19.950879	5.978717	
230	18.631267	6.254943	
231	17.293209	6.589508	
232	15.946717	6.974923	
233	14.603059	7.407096	
234	13.270253	7.878421	
235	11.950715	8.371570	
236	10.645405	8.864567	
237	9.358263	9.342557	
238	8.094267	9.802521	
239	6.855161	10.249878	
240	5.638274	10.693611	
241	4.438191	11.141288	
242	3.249453	11.595691	
243	2.069740	12.055495	
244	0.902064	12.516357	
245	-0.246952	12.968306	
246	-1.371082	13.394231	
247	-2.466000	13.774340	
248	-3.527983	14.092123	
249	-4.551938	14.338630	
250	-5.529410	14.514374	
251	-6.447585	14.625698	
252	-7.289973	14.678830	
253	-8.039943	14.678312	
254	-8.687433	14.628451	
255	-9.231779	14.533515	
256	-9.677963	14.397218	
257	-10.033899	14.222715	
258	-10.308644	14.013103	
259	-10.507581	13.773782	
260	-10.629982	13.514780	
261	-10.673056	13.248490	
262	-10.637869	12.985592	
263	-10.530001	12.735347	
264	-10.355173	12.508118	
265	-10.116860	12.314330	
266	-9.817622	12.160329	
267	-9.460166	12.047198	
268	-9.047347	11.973407	
269	-8.583657	11.935042	
270	-8.078263	11.925706	
271	-7.546682	11.941282	
272	-7.010198	11.982711	
273	-6.495282	12.054020	
274	-6.032614	12.166130	
275	-5.652529	12.346312	
276	-5.379105	12.635966	
277	-5.226571	13.068178	
278	-5.193821	13.638464	
279	-5.256456	14.292874	
280	-5.369570	14.948101	
281	-5.486166	15.529268	
282	-5.574391	15.994018	
283	-5.619236	16.331750	
284	-5.613114	16.551619	
285	-5.548165	16.673417	
286	-5.415097	16.722489	
287	-5.205208	16.722871	
288	-4.912151	16.689028	
289	-4.532486	16.623775	
290	-4.066714	16.524050	
291	-3.521172	16.387469	
292	-2.908508	16.214552	
293	-2.246035	16.008065	
294	-1.553736	15.773491	
295	-0.852810	15.521014	
296	-0.162429	15.261477	
297	0.505519	14.994251	
298	1.146625	14.702814	
299	1.757930	14.365078	
300	2.334629	13.963166	
301	2.870250	13.485440	
302	3.356753	12.927956	
303	3.786825	12.298531	
304	4.157366	11.620184	
305	4.470835	10.930716	
306	4.734528	10.278170	
307	4.956851	9.713596	
308	5.141375	9.279984	
309	5.283839	8.997375	
310	5.375638	8.854287	
311	5.412098	8.815889	
312	5.397687	8.841983	
313	5.342853	8.900444	
314	5.259502	8.974386	
315	5.161315	9.063920	
316	5.063141	9.176555	
317	4.977281	9.310999	
318	4.911578	9.448162	
319	4.868818	9.554925	
320	4.845828	9.598420	
321	4.835223	9.561316	
322	4.829495	9.447427	
323	4.823232	9.278716	
324	4.812734	9.088666	
325	4.795947	8.913776	
326	4.772655	8.786290	
327	4.743837	8.729330	
328	4.712597	8.752970	
329	4.685680	8.850919	
330	4.671136	9.000270	
331	4.673037	9.168390	
332	4.688135	9.323320	
333	4.707569	9.439626	
334	4.721690	9.500284	
335	4.723201	9.498363	
336	4.707733	9.435966	
337	4.673600	9.318725	
338	4.621022	9.151834	
339	4.550831	8.941939	
340	4.463167	8.700180	
341	4.357191	8.441693	
342	4.232105	8.181482	
343	4.088622	7.927456	
344	3.930873	7.675996	
345	3.767455	7.416941	
346	3.609390	7.144014	
347	3.465966	6.860376	
348	3.341369	6.576325	
349	3.235233	6.304181	
350	3.146239	6.054446	
351	3.073362	5.833072	
352	3.014101	5.639929	
353	2.963418	5.468505	
354	2.914174	5.306501	
355	2.859684	5.136782	
356	2.799233	4.935872	
357	2.741617	4.670268	
358	2.702392	4.294728	
359	2.698948	3.755127	
360	2.744497	3.006162	
361	2.834266	2.050727	
362	2.937379	0.955835	
363	3.016042	-0.199999	
364	3.040889	-1.359755	
365	2.990075	-2.454211	
366	2.861383	-3.418764	
367	2.674016	-4.227838	
368	2.457042	-4.835893	
369	2.249298	-5.137109	
370	2.079265	-5.035629	
371	1.930978	-4.508930	
372	1.755302	-3.624625	
373	1.525731	-2.561611	
374	1.274201	-1.551409	
375	1.052861	-0.750198	
376	0.884574	-0.207776	
377	0.756123	0.091804	
378	0.632205	0.212796	
379	0.474331	0.256740	
380	0.259918	0.321369	
381	-0.009641	0.461162	
382	-0.316205	0.684509	
383	-0.633682	0.959669	
384	-0.934157	1.230412	
385	-1.198926	1.455253	
386	-1.424409	1.625761	
387	-1.616576	1.751166	
388	-1.783330	1.841683	
389	-1.931065	1.904710	
390	-2.064451	1.947360	
391	-2.187079	1.978192	
392	-2.301816	2.005738	
393	-2.410977	2.034519	
394	-2.516774	2.062628	
395	-2.621799	2.083783	
396	-2.728736	2.091104	
397	-2.839669	2.079731	
398	-2.955966	2.047731	
399	-3.078262	1.994882	
400	-3.205921	1.921419	
401	-3.336738	1.830671	
402	-3.467383	1.732356	
403	-3.594148	1.640080	
404	-3.713588	1.566873	
405	-3.822446	1.522721	
406	-3.917196	1.512082	
407	-3.994436	1.534976	
408	-4.052020	1.592668	
409	-4.089941	1.690314	
410	-4.110172	1.832731	
411	-4.115203	2.017413	
412	-4.106593	2.232492	
413	-4.084693	2.462034	
414	-4.049260	2.691818	
415	-4.000764	2.910115	
416	-3.941555	3.106034	
417	-3.875060	3.270269	
418	-3.803858	3.398774	
419	-3.729016	3.494944	
420	-3.651019	3.567128	
421	-3.571259	3.624269	
422	-3.492599	3.674137	
423	-3.417730	3.724863	
424	-3.346613	3.786935	
425	-3.276211	3.871866	
426	-3.202691	3.987879	
427	-3.122061	4.135713	
428	-3.028450	4.304816	
429	-2.914808	4.473552	
430	-2.777145	4.619722	
431	-2.616621	4.734020	
432	-2.436707	4.820446	
433	-2.239782	4.885245	
434	-2.026715	4.930794	
435	-1.798115	4.958402	
436	-1.556200	4.972062	
437	-1.306127	4.979032	
438	-1.053187	4.986253	
439	-0.798269	4.994736	
440	-0.537792	4.997503	
441	-0.266512	4.981207	
442	0.020064	4.929504	
443	0.322896	4.829530	
444	0.638007	4.677239	
445	0.959169	4.476969	
446	1.281740	4.239730	
447	1.603596	3.981513	
448	1.923801	3.718427	
449	2.240835	3.463062	
450	2.551869	3.226012	
451	2.854102	3.018385	
452	3.146739	2.851467	
453	3.431822	2.733988	
454	3.713176	2.670042	
455	3.994156	2.659626	
456	4.276961	2.699325	
457	4.564358	2.781235	
458	4.861075	2.892353	
459	5.173025	3.016838	
460	5.505403	3.139847	
461	5.862033	3.248891	
462	6.246599	3.331795	
463	6.663702	3.376319	
464	7.118084	3.374693	
465	7.612977	3.328015	
466	8.150080	3.243653	
467	8.730795	3.128051	
468	9.355482	2.984720	
469	10.021876	2.818654	
470	10.726346	2.638442	
471	11.466310	2.454022	
472	12.241213	2.274531	
473	13.052925	2.107427	
474	13.904869	1.958998	
475	14.798815	1.836341	
476	15.732693	1.748346	
477	16.703006	1.702988	
478	17.709020	1.702382	
479	18.753752	1.741068	
480	19.841305	1.809380	
481	20.973869	1.897902	
482	22.151374	2.000246	
483	23.372588	2.114469	
484	24.634767	2.241851	
485	25.932466	2.383284	
486	27.257523	2.537984	
487	28.600534	2.703965	
488	29.951563	2.875693	
489	31.300142	3.042836	
490	32.637509	3.195072	
491	33.958691	3.328372	
492	35.260799	3.445166	
493	36.540616	3.547823	
494	37.794350	3.634629	
495	39.017550	3.703675	
496	40.204553	3.757085	
497	41.348662	3.800511	
498	42.443022	3.841700	
499	43.481921	3.890625	
500	44.461447	3.960839	
501	45.379921	4.067604	
502	46.239740	4.219030	
503	47.047980	4.410313	
504	47.814040	4.631166	
505	48.547401	4.875835	
506	49.257205	5.142630	
507	49.953418	5.428168	
508	50.647503	5.725967	
509	51.349734	6.028091	
510	52.064446	6.326300	
511	52.787188	6.612430	
512	53.505754	6.877822	
513	54.205242	7.114183	
514	54.874039	7.317713	
515	55.504719	7.492211	
516	56.090173	7.645780	
517	56.621520	7.785203	
518	57.089637	7.915453	
519	57.487370	8.041339	
520	57.810802	8.166161	
521	58.060229	8.289191	
522	58.240863	8.404842	
523	58.361108	8.504334	
524	58.429094	8.577479	
525	58.450743	8.613241	
526	58.429515	8.601717	
527	58.367001	8.536669	
528	58.264304	8.416668	
529	58.122319	8.247487	
530	57.940199	8.045333	
531	57.714924	7.833691	
532	57.442944	7.633244	
533	57.121141	7.456631	
534	56.746666	7.312194	
535	56.317428	7.206804	
536	55.832398	7.143687	
537	55.289741	7.122260	
538	54.684256	7.140990	
539	54.008453	7.196634	
540	53.257450	7.280441	
541	52.432305	7.376798	
542	51.537962	7.466716	
543	50.578905	7.534171	
544	49.558299	7.569999	
545	48.480747	7.572172	
546	47.353751	7.544076	
547	46.185912	7.490844	
548	44.984561	7.415619	
549	43.754443	7.318333	
550	42.496446	7.197380	
551	41.207773	7.053454	
552	39.885219	6.892940	
553	38.527936	6.726674	
554	37.136508	6.565512	
555	35.711481	6.418451	
556	34.254071	6.293827	
557	32.767215	6.200465	
558	31.255931	6.147431	
559	29.727278	6.142612	
560	28.188852	6.190770	
561	26.646787	6.291555	
562	25.105229	6.439283	
563	23.565775	6.625989	
564	22.026578	6.844252	
565	20.483771	7.086778	
566	18.933951	7.346353	
567	17.373851	7.620158	
568	15.799467	7.914443	
569	14.208304	8.241426	
570	12.601668	8.609270	
571	10.984194	9.015439	
572	9.363081	9.449393	
573	7.747383	9.900555	
574	6.145294	10.364266	
575	4.562093	10.841904	
576	3.002645	11.336137	
577	1.476308	11.845900	
578	-0.002833	12.364681	
579	-1.423404	12.882670	
580	-2.782614	13.391530	
581	-4.083093	13.886624	
582	-5.328291	14.363598	
583	-6.520701	14.816220	
584	-7.657782	15.237871	
585	-8.728491	15.620695	
586	-9.716235	15.953718	
587	-10.603611	16.224594	
588	-11.374585	16.423724	
589	-12.015717	16.546295	
590	-12.516847	16.590154	
591	-12.871866	16.553466	
592	-13.079700	16.434412	
593	-13.143194	16.231774	
594	-13.067071	15.948751	
595	-12.858187	15.599178	
596	-12.527140	15.209008	
597	-12.088359	14.811084	
598	-11.558396	14.438288	
599	-10.953745	14.118304	
600	-10.288635	13.870757	
601	-9.574033	13.707561	
602	-8.819473	13.634654	
603	-8.036244	13.653548	
604	-7.238757	13.763068	
605	-6.443586	13.958726	
606	-5.668392	14.228490	
607	-4.931964	14.548797	
608	-4.253513	14.884482	
609	-3.650380	15.194187	
610	-3.136079	15.440488	
611	-2.718620	15.599745	
612	-2.397829	15.666080	
613	-2.163274	15.649098	
614	-1.995261	15.569206	
615	-1.869078	15.452873	
616	-1.759685	15.327149	
617	-1.643998	15.214419	
618	-1.500437	15.131246	
619	-1.307358	15.090591	
620	-1.043813	15.102599	
621	-0.693558	15.173317	
622	-0.247693	15.303878	
623	0.296365	15.490930	
624	0.935818	15.727975	
625	1.661018	16.005792	
626	2.455095	16.309941	
627	3.296948	16.617174	
628	4.163922	16.894192	
629	5.031996	17.100482	
630	5.876061	17.195894	
631	6.671413	17.151240	
632	7.395606	16.954315	
633	8.030542	16.608606	
634	8.563375	16.132349	
635	8.985772	15.557055	
636	9.294047	14.919642	
637	9.490980	14.255473	
638	9.587061	13.597778	
639	9.599318	12.977754	
640	9.547536	12.421862	
641	9.449609	11.948218	
642	9.318961	11.564735	
643	9.164760	11.270763	
644	8.993610	11.062479	
645	8.811472	10.938171	
646	8.624909	10.898032	
647	8.441310	10.940530	
648	8.268083	11.060957	
649	8.111681	11.251048	
650	7.977148	11.496880	
651	7.867652	11.777582	
652	7.784506	12.067291	
653	7.728058	12.338650	
654	7.698194	12.566249	
655	7.693885	12.729687	
656	7.712368	12.814271	
657	7.748992	12.809574	
658	7.797457	12.710467	
659	7.848876	12.521822	
660	7.889851	12.264102	
661	7.901593	11.978195	
662	7.863989	11.720864	
663	7.767057	11.539652	
664	7.619963	11.445856	
665	7.445829	11.417824	
666	7.269660	11.424725	
667	7.111102	11.442673	
668	6.981245	11.459911	
669	6.880870	11.476840	
670	6.801896	11.501212	
671	6.731965	11.540737	
672	6.658406	11.599561	
673	6.569824	11.680039	
674	6.457566	11.783596	
675	6.318278	11.904213	
676	6.154938	12.020713	
677	5.974099	12.103896	
678	5.782143	12.132994	
679	5.584530	12.101022	
680	5.387728	12.008844	
681	5.200223	11.859668	
682	5.030070	11.659003	
683	4.879716	11.419603	
684	4.740763	11.166472	
685	4.593387	10.933988	
686	4.413460	10.753744	
687	4.182113	10.642200	
688	3.890742	10.595807	
689	3.541830	10.593890	
690	3.149404	10.606122	
691	2.738374	10.598997	
692	2.337902	10.540728	
693	1.970707	10.409269	
694	1.647451	10.200101	
695	1.368532	9.925961	
696	1.127922	9.610759	
697	0.916060	9.285290	
698	0.722590	8.983150	
699	0.539039	8.731540	
700	0.360634	8.542698	
701	0.187090	8.413023	
702	0.021000	8.329036	
703	-0.135946	8.276669	
704	-0.284566	8.246973	
705	-0.426178	8.234887	
706	-0.560015	8.235503	
707	-0.683017	8.242519	
708	-0.791908	8.249279	
709	-0.885391	8.249956	
710	-0.964885	8.239847	
711	-1.033411	8.215500	
712	-1.093742	8.175035	
713	-1.147634	8.118375	
714	-1.196597	8.047746	
715	-1.243050	7.968274	
716	-1.290256	7.887088	
717	-1.340470	7.810510	
718	-1.392658	7.741503	
719	-1.442320	7.679204	
720	-1.484048	7.619874	
721	-1.514121	7.558312	
722	-1.531307	7.489916	
723	-1.536410	7.413187	
724	-1.531024	7.331093	
725	-1.516376	7.249548	
726	-1.492913	7.174032	
727	-1.459957	7.107278	
728	-1.415676	7.049379	
729	-1.358123	6.999540	
730	-1.286442	6.957988	
731	-1.201245	6.927591	
732	-1.104630	6.914724	
733	-1.000117	6.928376	
734	-0.892272	6.977557	
735	-0.786010	7.067762	
736	-0.684993	7.198099	
737	-0.589298	7.360586	
738	-0.494369	7.540639	
739	-0.392289	7.718693	
740	-0.274806	7.874751	
741	-0.136874	7.993445	
742	0.021904	8.065832	
743	0.198929	8.089237	
744	0.391243	8.066788	
745	0.597414	8.005983	
746	0.817501	7.916885	
747	1.051527	7.810333	
748	1.298998	7.696541	
749	1.559326	7.585258	
750	1.831890	7.485181	
751	2.116267	7.401513	
752	2.412579	7.335296	
753	2.721384	7.283938	
754	3.043665	7.240437	
755	3.380529	7.194761	
756	3.731862	7.138670	
757	4.095583	7.068696	
758	4.468797	6.985227	
759	4.849331	6.890135	
760	5.236760	6.784226	
761	5.633301	6.665944	
762	6.043924	6.532350	
763	6.474752	6.381349	
764	6.930876	6.212865	
765	7.415574	6.027052	
766	7.931316	5.821629	
767	8.481195	5.591626	
768	9.068944	5.331524	
769	9.697255	5.038383	
770	10.366432	4.713283	
771	11.075098	4.359609	
772	11.821634	3.981462	
773	12.604158	3.584105	
774	13.420601	3.173512	
775	14.270533	2.755185	
776	15.155809	2.335683	
777	16.078603	1.925568	
778	17.039642	1.539960	
779	18.038398	1.197034	
780	19.074792	0.916638	
781	20.150127	0.717978	
782	21.265479	0.614232	
783	22.419704	0.607805	
784	23.609430	0.691919	
785	24.830395	0.856496	
786	26.078879	1.091545	
787	27.352743	1.385718	
788	28.650999	1.722900	
789	29.971295	2.080968	
790	31.307666	2.434753	
791	32.651170	2.762334	
792	33.992411	3.051546	
793	35.323148	3.302787	
794	36.636196	3.526398	
795	37.925491	3.735446	
796	39.186487	3.938821	
797	40.415588	4.140394	
798	41.609093	4.342244	
799	42.762416	4.546912	
800	43.870492	4.758338	
801	44.929148	4.981223	
802	45.935991	5.218047	
803	46.891640	5.466098	
804	47.800792	5.716838	
805	48.671205	5.958344	
806	49.512386	6.180220	
807	50.334787	6.377013	
808	51.147859	6.546948	
809	51.957926	6.689551	
810	52.767118	6.805663	
811	53.573061	6.896927	
812	54.369310	6.963554	
813	55.146096	7.003285	
814	55.891053	7.012063	
815	56.590747	6.987406	
816	57.233291	6.934363	
817	57.809662	6.866540	
818	58.312693	6.799837	
819	58.737382	6.747282	
820	59.083095	6.717607	
821	59.353190	6.713863	
822	59.552416	6.733056	
823	59.686490	6.768634	
824	59.762988	6.812849	
825	59.790820	6.858292	
826	59.778865	6.899198	
827	59.733017	6.927805	
828	59.652591	6.930186	
829	59.531233	6.892323	
830	59.361747	6.809686	
831	59.138541	6.688470	
832	58.857506	6.541647	
833	58.516755	6.385391	
834	58.116350	6.234341	
835	57.656442	6.098457	
836	57.137481	5.985012	
837	56.561178	5.899128	
838	55.929284	5.838665	
839	55.242035	5.790107	
840	54.498273	5.733460	
841	53.697036	5.653632	
842	52.838508	5.546582	
843	51.923139	5.416615	
844	50.951168	5.271450	
845	49.923102	5.117624	
846	48.839508	4.957113	
847	47.700615	4.788674	
848	46.505839	4.612346	
849	45.252739	4.432673	
850	43.936963	4.259605	
851	42.554299	4.106620	
852	41.103432	3.986151	
853	39.587046	3.905503	
854	38.010367	3.866176	
855	36.379159	3.866827	
856	34.699141	3.907598	
857	32.975899	3.991534	
858	31.214814	4.121303	
859	29.421519	4.295268	
860	27.601629	4.507762	
861	25.759916	4.752614	
862	23.900869	5.025366	
863	22.029545	5.322559	
864	20.151900	5.641116	
865	18.275335	5.979750	
866	16.407689	6.338438	
867	14.555079	6.715192	
868	12.722318	7.105946	
869	10.915623	7.507853	
870	9.142983	7.921038	
871	7.411212	8.348485	
872	5.724422	8.795842	
873	4.085349	9.270252	
874	2.495092	9.775694	
875	0.950955	10.308117	
876	-0.552739	10.857395	
877	-2.019743	11.412139	
878	-3.447711	11.960300	
879	-4.828106	12.488465	
880	-6.148597	12.982189	
881	-7.395868	13.425495	
882	-8.557953	13.799839	
883	-9.625135	14.084534	
884	-10.589820	14.260734	
885	-11.446225	14.317154	
886	-12.189269	14.253334	
887	-12.813444	14.080085	
888	-13.313336	13.816773	
889	-13.685063	13.485527	
890	-13.927197	13.106547	
891	-14.041090	12.698460	
892	-14.030979	12.282154	
893	-13.903635	11.881806	
894	-13.666729	11.520945	
895	-13.326859	11.217495	
896	-12.890023	10.981450	
897	-12.364574	10.816570	
898	-11.762485	10.723130	
899	-11.096103	10.696951	
900	-10.373264	10.726735	
901	-9.595892	10.795686	
902	-8.764169	10.887927	
903	-7.883340	10.994613	
904	-6.968156	11.115093	
905	-6.042395	11.253582	
906	-5.134460	11.414388	
907	-4.273925	11.596982	
908	-3.491302	11.793578	
909	-2.816286	11.993441	
910	-2.272459	12.190904	
911	-1.872606	12.388304	
912	-1.616017	12.591960	
913	-1.486605	12.806777	
914	-1.454356	13.034042	
915	-1.481754	13.272604	
916	-1.530864	13.519852	
917	-1.567364	13.771240	
918	-1.562302	14.020325	
919	-1.493280	14.259509	
920	-1.345249	14.482643	
921	-1.110443	14.689690	
922	-0.787913	14.888827	
923	-0.382503	15.093043	
924	0.097225	15.314749	
925	0.640692	15.562341	
926	1.235816	15.837513	
927	1.869839	16.132513	
928	2.530966	16.430612	
929	3.209257	16.710363	
930	3.895790	16.950165	
931	4.580790	17.131585	
932	5.252097	17.241824	
933	5.895409	17.273961	
934	6.497064	17.224207	
935	7.047393	17.087642	
936	7.541402	16.856894	
937	7.976661	16.526619	
938	8.350836	16.097830	
939	8.660121	15.577464	
940	8.899155	14.977158	
941	9.063179	14.314081	
942	9.150838	13.611887	
943	9.164935	12.899402	
944	9.111626	12.207843	
945	8.999552	11.568782	
946	8.838631	11.011693	
947	8.638823	10.559707	
948	8.409916	10.225987	
949	8.162217	10.013060	
950	7.907020	9.913828	
951	7.656067	9.912703	
952	7.419885	9.987750	
953	7.205171	10.114526	
954	7.012595	10.270085	
955	6.837446	10.435421	
956	6.673508	10.595932	
957	6.517015	10.740551	
958	6.367769	10.861649	
959	6.228019	10.956020	
960	6.100215	11.024763	
961	5.983776	11.071958	
962	5.873224	11.103449	
963	5.759759	11.125453	
964	5.634265	11.142597	
965	5.489731	11.156177	
966	5.322559	11.164225	
967	5.132030	11.163418	
968	4.919030	11.150371	
969	4.686132	11.121042	
970	4.438058	11.070148	
971	4.180653	10.992573	
972	3.919202	10.885721	
973	3.657659	10.750364	
974	3.398766	10.590063	
975	3.144192	10.410449	
976	2.894154	10.218285	
977	2.647325	10.021085	
978	2.401503	9.828390	
979	2.154391	9.653106	
980	1.903817	9.510699	
981	1.646084	9.417241	
982	1.374442	9.387561	
983	1.083610	9.430015	
984	0.776631	9.539273	
985	0.463433	9.698186	
986	0.153351	9.888106	
987	-0.148406	10.093525	
988	-0.439753	10.299205	
989	-0.720902	10.489695	
990	-0.993945	10.652973	
991	-1.260896	10.781624	
992	-1.522226	10.870081	
993	-1.777615	10.912304	
994	-2.026765	10.901921	
995	-2.269575	10.834137	
996	-2.506447	10.708138	
997	-2.737790	10.528125	
998	-2.963089	10.302060	
999	-3.181527	10.039622	
1000	-3.393673	9.750858	
1001	-3.601950	9.444855	
1002	-3.809441	9.128371	
1003	-4.018887	8.805611	
1004	-4.232585	8.478359	
1005	-4.451608	8.146445	
1006	-4.674763	7.809676	
1007	-4.899511	7.470032	
1008	-5.124009	7.132558	
1009	-5.348103	6.804926	
1010	-5.573258	6.496504	
1011	-5.802249	6.218358	
1012	-6.038958	5.983442	
1013	-6.287983	5.804218	
1014	-6.553468	5.687510	
1015	-6.837452	5.630418	
1016	-7.138650	5.621069	
1017	-7.451652	5.643915	
1018	-7.767000	5.685710	
1019	-8.073232	5.739182	
1020	-8.359094	5.804019	
1021	-8.613765	5.885564	
1022	-8.827039	5.992402	
1023	-8.991552	6.134601	
1024	-9.105578	6.322042	
1025	-9.174150	6.560735	
1026	-9.208335	6.847530	
1027	-9.222806	7.166769	
1028	-9.231894	7.493467	
1029	-9.246544	7.802887	
1030	-9.273663	8.079055	
1031	-9.316438	8.316180	
1032	-9.374859	8.514042	
1033	-9.445972	8.671934	
1034	-9.522889	8.786092	
1035	-9.593229	8.852148	
1036	-9.640248	8.868927	
1037	-9.648310	8.838431	
1038	-9.607551	8.762646	
1039	-9.513673	8.644521	
1040	-9.366633	8.493229	
1041	-9.169719	8.323849	
1042	-8.927156	8.150894	
1043	-8.643116	7.987104	
1044	-8.324528	7.849086	
1045	-7.983211	7.758101	
1046	-7.633156	7.731556	
1047	-7.285287	7.774637	
1048	-6.944741	7.879119	
1049	-6.611528	8.025626	
1050	-6.280934	8.186240	
1051	-5.942287	8.328451	
1052	-5.579319	8.420787	
1053	-5.175907	8.441762	
1054	-4.725157	8.389515	
1055	-4.233816	8.282100	
1056	-3.717183	8.144621	
1057	-3.189935	7.994373	
1058	-2.662312	7.836948	
1059	-2.141776	7.671196	
1060	-1.633818	7.493556	
1061	-1.140680	7.299243	
1062	-0.660440	7.082667	
1063	-0.189124	6.839216	
1064	0.274228	6.566988	
1065	0.725537	6.266492	
1066	1.160321	5.941080	
1067	1.578756	5.599045	
1068	1.985121	5.253598	
1069	2.384633	4.920567	
1070	2.781992	4.616725	
1071	3.181012	4.357694	
1072	3.585375	4.153564	
1073	4.001649	4.003845	
1074	4.440859	3.896755	
1075	4.914141	3.816038	
1076	5.427117	3.748213	
1077	5.981057	3.682936	
1078	6.578661	3.611153	
1079	7.226736	3.526202	
1080	7.934983	3.425784	
1081	8.712660	3.311069	
1082	9.563651	3.182658	
1083	10.485358	3.037607	
1084	11.473303	2.870277	
1085	12.523195	2.676735	
1086	13.627212	2.462715	
1087	14.772141	2.249220	
1088	15.943798	2.066496	
1089	17.131928	1.942012	
1090	18.329137	1.896023	
1091	19.525319	1.944190	
1092	20.705280	2.098211	
1093	21.853775	2.361283	
1094	22.962539	2.723718	
1095	24.032446	3.165343	
1096	25.071462	3.662206	
1097	26.093233	4.189726	
1098	27.117811	4.721589	
1099	28.171271	5.229893	
1100	29.280931	5.688283	
1101	30.468091	6.076007	
1102	31.743748	6.381613	
1103	33.107133	6.605636	
1104	34.542451	6.763257	
1105	36.016946	6.885486	
1106	37.488523	7.012184	
1107	38.920098	7.177965	
1108	40.288577	7.402435	
1109	41.584963	7.689393	
1110	42.811890	8.030856	
1111	43.982595	8.413528	
1112	45.118683	8.823891	
1113	46.242490	9.247973	
1114	47.368801	9.670423	
1115	48.503319	10.076473	
1116	49.644555	10.452951	
1117	50.784823	10.788000	
1118	51.912207	11.072748	
1119	53.013573	11.303746	
1120	54.076715	11.482103	
1121	55.090955	11.609024	
1122	56.047991	11.682379	
1123	56.943953	11.697567	
1124	57.778504	11.651315	
1125	58.550737	11.545414	
1126	59.258447	11.387937	
1127	59.900138	11.191646	
1128	60.474312	10.971701	
1129	60.978298	10.744166	
1130	61.409731	10.525329	
1131	61.768763	10.330450	
1132	62.058552	10.170292	
1133	62.282659	10.047341	
1134	62.442081	9.955128	
1135	62.536036	9.881066	
1136	62.563862	9.811614	
1137	62.524393	9.736820	
1138	62.414972	9.650269	
1139	62.231845	9.546421	
1140	61.971421	9.421461	
1141	61.632119	9.275710	
1142	61.215822	9.111923	
1143	60.729974	8.932274	
1144	60.189236	8.737615	
1145	59.610897	8.528230	
1146	59.007397	8.306147	
1147	58.385520	8.077149	
1148	57.750159	7.850072	
1149	57.105160	7.634092	
1150	56.451135	7.435332	
1151	55.782609	7.254209	
1152	55.085840	7.086166	
1153	54.341561	6.929837	
1154	53.532256	6.799095	
1155	52.643986	6.723865	
1156	51.662642	6.734316	
1157	50.577273	6.840204	
1158	49.388630	7.021052	
1159	48.109325	7.238080	
1160	46.755892	7.457823	
1161	45.341999	7.664556	
1162	43.878043	7.857543	
1163	42.377806	8.042411	
1164	40.864547	8.220843	
1165	39.369098	8.382115	
1166	37.923777	8.502154	
1167	36.557526	8.551167	
1168	35.291790	8.504700	
1169	34.134642	8.353593	
1170	33.072469	8.112198	
1171	32.060695	7.822767	
1172	31.020929	7.548896	
1173	29.857478	7.356703	
1174	28.489678	7.295067	
1175	26.876790	7.385571	
1176	25.023571	7.624054	
1177	22.973530	7.990887	
1178	20.795881	8.462803	
1179	18.567198	9.021227	
1180	16.352956	9.657316	
1181	14.196194	10.370884	
1182	12.116231	11.161925	
1183	10.115949	12.022132	
1184	8.191798	12.933890	
1185	6.339735	13.876371	
1186	4.556278	14.831853	
1187	2.838563	15.786892	
1188	1.185232	16.729386	
1189	-0.401959	17.644972	
1190	-1.916205	18.515526	
1191	-3.344595	19.320858	
1192	-4.668929	20.042529	
1193	-5.869360	20.667773	
1194	-6.930130	21.190206	
1195	-7.843147	21.606999	
1196	-8.607180	21.916448	
1197	-9.225821	22.116469	
1198	-9.706997	22.201726	
1199	-10.062924	22.161323	
1200	-10.309689	21.981828	
1201	-10.468230	21.655034	
1202	-10.563687	21.181796	
1203	-10.616821	20.567237	
1204	-10.635432	19.816284	
1205	-10.620977	18.939149	
1206	-10.586218	17.962307	
1207	-10.566670	16.934612	
1208	-10.615705	15.922499	
1209	-10.784907	14.993019	
1210	-11.104855	14.194581	
1211	-11.580590	13.550003	
1212	-12.197986	13.061564	
1213	-12.931508	12.717938	
1214	-13.750747	12.498229	
1215	-14.625856	12.374227	
1216	-15.531436	12.313159	
1217	-16.448707	12.281211	
1218	-17.366236	12.246576	
1219	-18.279351	12.181722	
1220	-19.188627	12.065782	
1221	-20.098157	11.887749	
1222	-21.013839	11.649478	
1223	-21.941749	11.365396	
1224	-22.886601	11.057857	
1225	-23.850431	10.750751	
1226	-24.832238	10.463364	
1227	-25.828566	10.206164	
1228	-26.833412	9.980496	
1229	-27.649422	10.291029	
1230	-28.589933	10.059763	
1231	NaN	NaN	
1232	NaN	NaN	
1233	NaN	NaN	
1234	NaN	NaN	
1235	NaN	NaN	
1236	NaN	NaN	
1237	NaN	NaN	
1238	NaN	NaN	
1239	NaN	NaN	
1240	NaN	NaN	
1241	NaN	NaN	
1242	NaN	NaN	
1243	NaN	NaN	
1244	NaN	NaN	
1245	NaN	NaN	
1246	NaN	NaN	
1247	NaN	NaN	
1248	NaN	NaN	
1249	NaN	NaN	
1250	NaN	NaN	
1251	NaN	NaN	
1252	NaN	NaN	
1253	NaN	NaN	
1254	NaN	NaN	
1255	NaN	NaN	
1256	NaN	NaN	
1257	NaN	NaN	
1258	NaN	NaN	
1259	NaN	NaN	
1260	NaN	NaN	
1261	NaN	NaN	
1262	NaN	NaN	
1263	NaN	NaN	
1264	NaN	NaN	
1265	NaN	NaN	
1266	NaN	NaN	
1267	NaN	NaN	
1268	NaN	NaN	
1269	NaN	NaN	
1270	NaN	NaN	
1271	NaN	NaN	
1272	NaN	NaN	
1273	NaN	NaN	
1274	NaN	NaN	
1275	NaN	NaN	
1276	NaN	NaN	
