Athlete_Engineering	// User ID
11-2-2021	// Evaluation date
P001_WALK4	23-1-2021	12:10:24:428	// Source file name and timestamp
250.000	// Sampling rate
5.951	// Data capture period



Sample #	Right_Leg_Flexion	Right_Leg_Abduction	
0	-5.772012	5.795861	
1	-5.755822	5.831974	
2	-5.736471	5.859053	
3	-5.709933	5.866926	
4	-5.672458	5.852811	
5	-5.623682	5.823213	
6	-5.567337	5.789504	
7	-5.510164	5.759684	
8	-5.458746	5.735005	
9	-5.416050	5.712607	
10	-5.381426	5.688484	
11	-5.353054	5.658652	
12	-5.330143	5.620392	
13	-5.313974	5.573497	
14	-5.307405	5.520288	
15	-5.313678	5.465005	
16	-5.335252	5.412749	
17	-5.372870	5.367314	
18	-5.425212	5.329477	
19	-5.488883	5.297973	
20	-5.559097	5.271631	
21	-5.631082	5.249761	
22	-5.700103	5.232182	
23	-5.760620	5.220187	
24	-5.807786	5.216264	
25	-5.840465	5.222651	
26	-5.861494	5.240281	
27	-5.874886	5.267464	
28	-5.883391	5.298708	
29	-5.887145	5.325896	
30	-5.883104	5.341877	
31	-5.867134	5.343402	
32	-5.837780	5.331006	
33	-5.797884	5.307105	
34	-5.752942	5.275059	
35	-5.707982	5.239907	
36	-5.665797	5.208576	
37	-5.627642	5.187446	
38	-5.594347	5.179325	
39	-5.566387	5.183285	
40	-5.543637	5.196177	
41	-5.525619	5.212894	
42	-5.512169	5.226643	
43	-5.503789	5.230972	
44	-5.500996	5.221782	
45	-5.503072	5.198539	
46	-5.507712	5.164821	
47	-5.512278	5.127350	
48	-5.515133	5.093728	
49	-5.516064	5.069880	
50	-5.516644	5.058662	
51	-5.519955	5.060707	
52	-5.528735	5.075586	
53	-5.543862	5.100753	
54	-5.564632	5.129493	
55	-5.589337	5.151736	
56	-5.615217	5.158942	
57	-5.639155	5.148475	
58	-5.659726	5.123367	
59	-5.678339	5.090089	
60	-5.697657	5.056781	
61	-5.718887	5.031347	
62	-5.740837	5.020936	
63	-5.761726	5.031952	
64	-5.781382	5.068290	
65	-5.800610	5.130958	
66	-5.818833	5.219697	
67	-5.834071	5.331375	
68	-5.845643	5.455508	
69	-5.856146	5.573766	
70	-5.871102	5.665728	
71	-5.897383	5.715601	
72	-5.941362	5.715140	
73	-6.007113	5.662959	
74	-6.095058	5.562794	
75	-6.201487	5.423208	
76	-6.319908	5.257799	
77	-6.443684	5.082006	
78	-6.566991	4.907393	
79	-6.683463	4.738614	
80	-6.786078	4.574695	
81	-6.869740	4.412239	
82	-6.933172	4.248140	
83	-6.977594	4.081516	
84	-7.004017	3.915855	
85	-7.012068	3.760294	
86	-7.001057	3.626899	
87	-6.971474	3.524790	
88	-6.925054	3.456767	
89	-6.864040	3.420742	
90	-6.790913	3.413021	
91	-6.708342	3.430546	
92	-6.619445	3.471201	
93	-6.528650	3.532514	
94	-6.442281	3.610770	
95	-6.367476	3.703031	
96	-6.309075	3.810362	
97	-6.267491	3.937939	
98	-6.240727	4.092268	
99	-6.227627	4.278262	
100	-6.228078	4.497129	
101	-6.241376	4.745017	
102	-6.265851	5.011833	
103	-6.298828	5.281044	
104	-6.335514	5.532479	
105	-6.369276	5.747645	
106	-6.393801	5.914696	
107	-6.404533	6.030826	
108	-6.399169	6.100916	
109	-6.377327	6.132458	
110	-6.338903	6.130540	
111	-6.282670	6.097562	
112	-6.206951	6.036380	
113	-6.111807	5.952740	
114	-6.000353	5.855406	
115	-5.877735	5.753450	
116	-5.749099	5.652641	
117	-5.618344	5.554717	
118	-5.488345	5.459396	
119	-5.362111	5.365932	
120	-5.243386	5.273167	
121	-5.136753	5.180186	
122	-5.047684	5.088583	
123	-4.981908	5.004710	
124	-4.943604	4.939594	
125	-4.932421	4.904609	
126	-4.941685	4.905556	
127	-4.960782	4.940934	
128	-4.979585	5.004524	
129	-4.991001	5.087455	
130	-4.991638	5.177848	
131	-4.981784	5.260669	
132	-4.964634	5.320425	
133	-4.944198	5.345849	
134	-4.922294	5.333063	
135	-4.897173	5.285025	
136	-4.865464	5.207867	
137	-4.825305	5.108060	
138	-4.777799	4.995189	
139	-4.726247	4.884055	
140	-4.674445	4.787613	
141	-4.625635	4.709997	
142	-4.582087	4.648257	
143	-4.543830	4.596225	
144	-4.507846	4.546615	
145	-4.470007	4.493650	
146	-4.427703	4.435580	
147	-4.380091	4.374765	
148	-4.326429	4.315654	
149	-4.264670	4.263567	
150	-4.191689	4.224324	
151	-4.105163	4.202696	
152	-4.005668	4.201802	
153	-3.897061	4.224143	
154	-3.784943	4.270627	
155	-3.674163	4.337924	
156	-3.566272	4.418131	
157	-3.458605	4.501792	
158	-3.345737	4.581835	
159	-3.221949	4.655973	
160	-3.083326	4.727006	
161	-2.928641	4.800590	
162	-2.758176	4.880615	
163	-2.570818	4.964767	
164	-2.362232	5.042956	
165	-2.126258	5.100165	
166	-1.858692	5.124867	
167	-1.560942	5.117917	
168	-1.239812	5.092145	
169	-0.902892	5.061776	
170	-0.555050	5.031410	
171	-0.198918	4.992731	
172	0.163304	4.930966	
173	0.529117	4.838167	
174	0.896628	4.722165	
175	1.265871	4.600522	
176	1.638672	4.486638	
177	2.017696	4.382895	
178	2.406233	4.283303	
179	2.808204	4.179026	
180	3.227598	4.063081	
181	3.668075	3.934560	
182	4.133105	3.797360	
183	4.624953	3.652086	
184	5.141050	3.495223	
185	5.671348	3.328578	
186	6.201072	3.163622	
187	6.716343	3.018266	
188	7.207886	2.913543	
189	7.672121	2.869777	
190	8.110051	2.901663	
191	8.524581	3.014513	
192	8.918619	3.202178	
193	9.295197	3.447359	
194	9.658577	3.724656	
195	10.015191	4.006845	
196	10.373562	4.273242	
197	10.742340	4.514148	
198	11.126728	4.730116	
199	11.525912	4.929454	
200	11.934089	5.122516	
201	12.344021	5.314712	
202	12.750214	5.505704	
203	13.150075	5.694344	
204	13.542494	5.881397	
205	13.925865	6.067725	
206	14.297926	6.252613	
207	14.655918	6.434176	
208	14.996212	6.610520	
209	15.315382	6.781457	
210	15.612289	6.949000	
211	15.888759	7.114639	
212	16.148965	7.276562	
213	16.398172	7.430419	
214	16.639746	7.571143	
215	16.871886	7.693252	
216	17.088540	7.791440	
217	17.283912	7.861677	
218	17.455478	7.901450	
219	17.604568	7.910616	
220	17.735848	7.894165	
221	17.855194	7.863707	
222	17.967468	7.834159	
223	18.076025	7.817679	
224	18.182893	7.819072	
225	18.288712	7.835446	
226	18.392277	7.859986	
227	18.489903	7.884979	
228	18.575911	7.901509	
229	18.645248	7.899647	
230	18.695986	7.871366	
231	18.728776	7.813470	
232	18.744303	7.727921	
233	18.741933	7.619521	
234	18.721107	7.493250	
235	18.683444	7.354136	
236	18.631996	7.209107	
237	18.568655	7.067428	
238	18.493720	6.937972	
239	18.407301	6.824617	
240	18.309487	6.723714	
241	18.199250	6.626462	
242	18.074329	6.524051	
243	17.932624	6.411338	
244	17.773475	6.287949	
245	17.597892	6.158277	
246	17.408424	6.029358	
247	17.209063	5.905654	
248	17.004746	5.784656	
249	16.800176	5.657160	
250	16.598400	5.512095	
251	16.400448	5.342590	
252	16.205981	5.148572	
253	16.013158	4.935177	
254	15.817934	4.709893	
255	15.614973	4.480875	
256	15.400294	4.255878	
257	15.172481	4.039345	
258	14.931268	3.830020	
259	14.676445	3.623294	
260	14.407898	3.415584	
261	14.125444	3.206796	
262	13.829199	3.000896	
263	13.520335	2.804778	
264	13.200524	2.625656	
265	12.870957	2.468820	
266	12.532665	2.337747	
267	12.187023	2.236340	
268	11.835393	2.170283	
269	11.479303	2.144784	
270	11.121279	2.159980	
271	10.764560	2.208285	
272	10.411206	2.275882	
273	10.060164	2.345440	
274	9.708070	2.397653	
275	9.353666	2.416343	
276	9.000982	2.397790	
277	8.656629	2.354651	
278	8.324987	2.311320	
279	8.007266	2.295217	
280	7.703426	2.326533	
281	7.413241	2.411278	
282	7.135765	2.540044	
283	6.868191	2.688563	
284	6.605441	2.821905	
285	6.340746	2.906027	
286	6.066315	2.919203	
287	5.774816	2.855951	
288	5.461559	2.724303	
289	5.124630	2.539155	
290	4.763876	2.317695	
291	4.382582	2.081318	
292	3.989876	1.856912	
293	3.598655	1.670245	
294	3.220870	1.537271	
295	2.865442	1.461382	
296	2.538094	1.435576	
297	2.240142	1.446117	
298	1.967929	1.476357	
299	1.714794	1.509577	
300	1.472957	1.530143	
301	1.234227	1.524562	
302	0.992163	1.484293	
303	0.745175	1.408355	
304	0.496813	1.303112	
305	0.252057	1.179759	
306	0.013265	1.050008	
307	-0.219832	0.920475	
308	-0.447615	0.790772	
309	-0.669820	0.659546	
310	-0.886085	0.531301	
311	-1.096464	0.414895	
312	-1.301836	0.317689	
313	-1.503086	0.243514	
314	-1.700211	0.194285	
315	-1.893214	0.172015	
316	-2.082949	0.179900	
317	-2.270529	0.221775	
318	-2.456272	0.300229	
319	-2.638751	0.414197	
320	-2.814650	0.555753	
321	-2.979970	0.707371	
322	-3.131088	0.845327	
323	-3.264924	0.949202	
324	-3.379272	1.007734	
325	-3.473769	1.016532	
326	-3.550373	0.974508	
327	-3.612240	0.887974	
328	-3.662002	0.777045	
329	-3.701490	0.672529	
330	-3.733372	0.607235	
331	-3.762651	0.606822	
332	-3.795214	0.679792	
333	-3.833789	0.812991	
334	-3.875405	0.977400	
335	-3.913494	1.140268	
336	-3.942069	1.274575	
337	-3.956968	1.364330	
338	-3.954859	1.410242	
339	-3.933385	1.428938	
340	-3.890965	1.442671	
341	-3.824551	1.471818	
342	-3.728555	1.532561	
343	-3.596488	1.631746	
344	-3.422548	1.762829	
345	-3.202841	1.913801	
346	-2.938501	2.082456	
347	-2.639075	2.278518	
348	-2.322378	2.507936	
349	-2.011298	2.758338	
350	-1.730506	2.998495	
351	-1.502322	3.191250	
352	-1.339690	3.312248	
353	-1.241236	3.357892	
354	-1.194945	3.337498	
355	-1.186419	3.264123	
356	-1.202902	3.151775	
357	-1.233014	3.013931	
358	-1.266764	2.860237	
359	-1.295506	2.695587	
360	-1.311063	2.523349	
361	-1.306636	2.346988	
362	-1.278808	2.170324	
363	-1.227584	1.999923	
364	-1.155156	1.845904	
365	-1.064813	1.719728	
366	-0.959676	1.631913	
367	-0.842264	1.590141	
368	-0.715799	1.597727	
369	-0.585126	1.653905	
370	-0.455638	1.755633	
371	-0.331582	1.897824	
372	-0.214781	2.071263	
373	-0.103920	2.262540	
374	0.004554	2.458440	
375	0.113841	2.650919	
376	0.224681	2.837726	
377	0.335203	3.018699	
378	0.441871	3.192564	
379	0.540588	3.357015	
380	0.627822	3.509330	
381	0.701260	3.645842	
382	0.759986	3.762274	
383	0.804965	3.855279	
384	0.839131	3.923396	
385	0.865851	3.967126	
386	0.886798	3.988937	
387	0.900582	3.992799	
388	0.902344	3.983085	
389	0.885435	3.963204	
390	0.845105	3.934706	
391	0.780771	3.897824	
392	0.694662	3.851735	
393	0.589351	3.794150	
394	0.467466	3.724201	
395	0.332512	3.646560	
396	0.188648	3.570195	
397	0.040511	3.503918	
398	-0.107094	3.454546	
399	-0.250597	3.427727	
400	-0.387100	3.429868	
401	-0.511767	3.469387	
402	-0.618359	3.555171	
403	-0.702712	3.694178	
404	-0.764359	3.889935	
405	-0.805522	4.140502	
406	-0.830182	4.435580	
407	-0.845021	4.754599	
408	-0.859989	5.069978	
409	-0.885065	5.356148	
410	-0.925918	5.596634	
411	-0.983238	5.784320	
412	-1.054187	5.918987	
413	-1.132787	6.005959	
414	-1.211507	6.054902	
415	-1.285794	6.077598	
416	-1.356972	6.085990	
417	-1.430182	6.091792	
418	-1.510413	6.106049	
419	-1.600187	6.136591	
420	-1.699647	6.184620	
421	-1.807853	6.243159	
422	-1.923444	6.298779	
423	-2.044449	6.336575	
424	-2.168354	6.345873	
425	-2.292655	6.322892	
426	-2.415279	6.269250	
427	-2.534603	6.188914	
428	-2.649830	6.087589	
429	-2.761665	5.974334	
430	-2.871886	5.860644	
431	-2.981431	5.755746	
432	-3.089101	5.663071	
433	-3.192785	5.581233	
434	-3.291353	5.505922	
435	-3.384721	5.428890	
436	-3.473455	5.336909	
437	-3.559330	5.214647	
438	-3.644887	5.049288	
439	-3.731450	4.832716	
440	-3.818624	4.562665	
441	-3.906115	4.246072	
442	-3.994726	3.900567	
443	-4.085578	3.549500	
444	-4.179896	3.215312	
445	-4.278786	2.916610	
446	-4.381340	2.666941	
447	-4.483732	2.473354	
448	-4.581500	2.335365	
449	-4.672274	2.245002	
450	-4.756142	2.190124	
451	-4.834682	2.160741	
452	-4.910245	2.153315	
453	-4.985096	2.169524	
454	-5.060188	2.210760	
455	-5.134388	2.273052	
456	-5.204497	2.346519	
457	-5.265486	2.418285	
458	-5.311272	2.474009	
459	-5.338146	2.496738	
460	-5.349213	2.467324	
461	-5.353719	2.370310	
462	-5.361212	2.200684	
463	-5.377582	1.963434	
464	-5.405200	1.671145	
465	-5.443212	1.346508	
466	-5.487106	1.020682	
467	-5.530819	0.724409	
468	-5.571408	0.481467	
469	-5.611144	0.305852	
470	-5.654553	0.200039	
471	-5.704291	0.156131	
472	-5.760129	0.160164	
473	-5.820284	0.196702	
474	-5.882138	0.251008	
475	-5.942203	0.309341	
476	-5.996686	0.360728	
477	-6.042294	0.399997	
478	-6.076776	0.428084	
479	-6.099928	0.449974	
480	-6.114692	0.472492	
481	-6.126527	0.499993	
482	-6.140202	0.529510	
483	-6.156544	0.550693	
484	-6.173346	0.551118	
485	-6.189665	0.523805	
486	-6.207668	0.471863	
487	-6.230704	0.405964	
488	-6.261777	0.338029	
489	-6.303135	0.277441	
490	-6.354345	0.230143	
491	-6.410284	0.197970	
492	-6.463426	0.178646	
493	-6.509376	0.168645	
494	-6.549362	0.166699	
495	-6.588044	0.173849	
496	-6.630054	0.190705	
497	-6.677172	0.215103	
498	-6.727736	0.242070	
499	-6.778569	0.266219	
500	-6.826346	0.284308	
501	-6.867760	0.295689	
502	-6.900125	0.301017	
503	-6.921391	0.301377	
504	-6.929341	0.299059	
505	-6.921624	0.298128	
506	-6.897183	0.302643	
507	-6.858966	0.314649	
508	-6.815310	0.334425	
509	-6.777072	0.361046	
510	-6.753190	0.391925	
511	-6.748316	0.424239	
512	-6.762061	0.457856	
513	-6.789151	0.494671	
514	-6.821572	0.535110	
515	-6.852232	0.577656	
516	-6.877563	0.620934	
517	-6.897351	0.665279	
518	-6.912816	0.714032	
519	-6.925180	0.773105	
520	-6.935126	0.847666	
521	-6.941806	0.938934	
522	-6.942224	1.043876	
523	-6.933172	1.158097	
524	-6.914227	1.278000	
525	-6.887763	1.399167	
526	-6.856212	1.515646	
527	-6.821037	1.623154	
528	-6.784593	1.722207	
529	-6.751206	1.818775	
530	-6.725621	1.923307	
531	-6.710536	2.048037	
532	-6.705058	2.202357	
533	-6.705152	2.388088	
534	-6.705467	2.598544	
535	-6.700350	2.823055	
536	-6.683910	3.052637	
537	-6.650820	3.281914	
538	-6.597207	3.507917	
539	-6.520348	3.728645	
540	-6.418956	3.941561	
541	-6.294296	4.141730	
542	-6.149029	4.322013	
543	-5.984788	4.476219	
544	-5.801949	4.602694	
545	-5.599994	4.706123	
546	-5.377320	4.796090	
547	-5.133308	4.881920	
548	-4.871198	4.968248	
549	-4.597031	5.056737	
550	-4.316506	5.150042	
551	-4.034639	5.250566	
552	-3.756700	5.357265	
553	-3.487242	5.466772	
554	-3.228069	5.576101	
555	-2.976983	5.683381	
556	-2.728758	5.788102	
557	-2.477885	5.890633	
558	-2.219733	5.990344	
559	-1.949691	6.085445	
560	-1.663678	6.175270	
561	-1.360233	6.261602	
562	-1.040989	6.347911	
563	-0.708653	6.437674	
564	-0.365223	6.533138	
565	-0.012042	6.635829	
566	0.349769	6.747203	
567	0.719715	6.867939	
568	1.098837	6.997510	
569	1.489914	7.133573	
570	1.896121	7.270433	
571	2.319517	7.399338	
572	2.760917	7.511207	
573	3.220573	7.600116	
574	3.698868	7.667318	
575	4.196962	7.722573	
576	4.716616	7.778633	
577	5.258933	7.843867	
578	5.823611	7.921409	
579	6.409894	8.012954	
580	7.018217	8.120219	
581	7.650252	8.243257	
582	8.306535	8.378137	
583	8.984641	8.516455	
584	9.681075	8.648451	
585	10.394297	8.767034	
586	11.124642	8.868794	
587	11.872321	8.952473	
588	12.637029	9.017187	
589	13.419073	9.061244	
590	14.220135	9.082529	
591	15.043227	9.080566	
592	15.891958	9.057842	
593	16.769100	9.019240	
594	17.675403	8.970447	
595	18.609630	8.915873	
596	19.569306	8.857712	
597	20.550717	8.797134	
598	21.548300	8.735804	
599	22.555072	8.676781	
600	23.564291	8.624253	
601	24.570654	8.580701	
602	25.570278	8.543921	
603	26.560166	8.507914	
604	27.538202	8.465791	
605	28.503592	8.411705	
606	29.456456	8.342976	
607	30.396888	8.261915	
608	31.324974	8.176010	
609	32.241264	8.097329	
610	33.146454	8.040053	
611	34.040362	8.016454	
612	34.921628	8.034125	
613	35.789334	8.093719	
614	36.645030	8.186828	
615	37.492131	8.297592	
616	38.333134	8.408557	
617	39.168216	8.505350	
618	39.995541	8.577367	
619	40.810844	8.617325	
620	41.607144	8.620174	
621	42.376334	8.580649	
622	43.110918	8.492859	
623	43.804143	8.352203	
624	44.449540	8.156708	
625	45.041785	7.908629	
626	45.578455	7.615338	
627	46.059910	7.286462	
628	46.487532	6.930695	
629	46.863495	6.556379	
630	47.191570	6.172929	
631	47.476307	5.790146	
632	47.721156	5.417147	
633	47.927855	5.061496	
634	48.097364	4.727940	
635	48.230879	4.418325	
636	48.329926	4.132648	
637	48.395868	3.869539	
638	48.429637	3.626276	
639	48.432017	3.399171	
640	48.403607	3.184113	
641	48.344128	2.976520	
642	48.252826	2.771031	
643	48.130690	2.561697	
644	47.981676	2.342978	
645	47.811192	2.111868	
646	47.624201	1.869490	
647	47.424414	1.619783	
648	47.213440	1.366742	
649	46.990076	1.113018	
650	46.750804	0.859853	
651	46.490756	0.607429	
652	46.203929	0.356407	
653	45.883440	0.110812	
654	45.523084	-0.121774	
655	45.119589	-0.335003	
656	44.674385	-0.527236	
657	44.193358	-0.699041	
658	43.683687	-0.849522	
659	43.150591	-0.976022	
660	42.596749	-1.075947	
661	42.022972	-1.148565	
662	41.428895	-1.196139	
663	40.814616	-1.224164	
664	40.182267	-1.240131	
665	39.535273	-1.251627	
666	38.875880	-1.265094	
667	38.202922	-1.284965	
668	37.510928	-1.314267	
669	36.791219	-1.356376	
670	36.035374	-1.414079	
671	35.239206	-1.487256	
672	34.403608	-1.574236	
673	33.532298	-1.675278	
674	32.630107	-1.792805	
675	31.702079	-1.928146	
676	30.751346	-2.079107	
677	29.777257	-2.240325	
678	28.776987	-2.404228	
679	27.749349	-2.562229	
680	26.695978	-2.707243	
681	25.618936	-2.835629	
682	24.519071	-2.946756	
683	23.397290	-3.041099	
684	22.255930	-3.118779	
685	21.098637	-3.180038	
686	19.930152	-3.226557	
687	18.756086	-3.261363	
688	17.581872	-3.286711	
689	16.411380	-3.301959	
690	15.246092	-3.304579	
691	14.085227	-3.293020	
692	12.926603	-3.267422	
693	11.768020	-3.229116	
694	10.609061	-3.180594	
695	9.452219	-3.123411	
696	8.302519	-3.054780	
697	7.166085	-2.968239	
698	6.048662	-2.857874	
699	4.955096	-2.720205	
700	3.889692	-2.553247	
701	2.856337	-2.356217	
702	1.858174	-2.130200	
703	0.897407	-1.879148	
704	-0.024766	-1.611883	
705	-0.908775	-1.342591	
706	-1.756996	-1.085709	
707	-2.572688	-0.849282	
708	-3.358992	-0.635492	
709	-4.118539	-0.447065	
710	-4.852188	-0.290453	
711	-5.558078	-0.173983	
712	-6.232264	-0.105147	
713	-6.869192	-0.087929	
714	-7.461710	-0.120976	
715	-8.001790	-0.198343	
716	-8.482011	-0.311929	
717	-8.896736	-0.454273	
718	-9.241772	-0.619243	
719	-9.513889	-0.799753	
720	-9.712164	-0.986804	
721	-9.838906	-1.170589	
722	-9.898165	-1.339984	
723	-9.893625	-1.480648	
724	-9.828116	-1.576414	
725	-9.704760	-1.616845	
726	-9.527440	-1.602616	
727	-9.299396	-1.539774	
728	-9.021901	-1.430953	
729	-8.694954	-1.275517	
730	-8.319894	-1.076323	
731	-7.901374	-0.841525	
732	-7.446393	-0.578763	
733	-6.962639	-0.292906	
734	-6.458061	0.008871	
735	-5.939874	0.315272	
736	-5.413934	0.615190	
737	-4.886673	0.900317	
738	-4.367157	1.164695	
739	-3.866072	1.404778	
740	-3.392433	1.619558	
741	-2.951360	1.809698	
742	-2.544674	1.976465	
743	-2.172526	2.121268	
744	-1.833749	2.246243	
745	-1.525415	2.355771	
746	-1.243159	2.457356	
747	-0.982243	2.560505	
748	-0.738683	2.674645	
749	-0.509469	2.807175	
750	-0.291620	2.961661	
751	-0.081844	3.137274	
752	0.122563	3.330438	
753	0.323454	3.537354	
754	0.522355	3.755245	
755	0.720207	3.981825	
756	0.917189	4.214325	
757	1.114091	4.449230	
758	1.313831	4.683129	
759	1.521171	4.914701	
760	1.740769	5.146535	
761	1.974936	5.384304	
762	2.222316	5.633593	
763	2.478086	5.897564	
764	2.735804	6.176520	
765	2.990062	6.468097	
766	3.238003	6.767559	
767	3.478666	7.067998	
768	3.710816	7.360553	
769	3.931242	7.635980	
770	4.135480	7.888073	
771	4.320014	8.116055	
772	4.483533	8.323276	
773	4.626837	8.514237	
774	4.752134	8.692428	
775	4.862235	8.858456	
776	4.960175	9.008703	
777	5.049154	9.136003	
778	5.131821	9.231736	
779	5.208722	9.287652	
780	5.277448	9.297386	
781	5.333607	9.257536	
782	5.372917	9.167194	
783	5.392785	9.027147	
784	5.392219	8.840566	
785	5.370767	8.614061	
786	5.328311	8.357354	
787	5.265900	8.081684	
788	5.186286	7.797707	
789	5.093503	7.513960	
790	4.991985	7.236846	
791	4.885832	6.971396	
792	4.778211	6.722425	
793	4.670649	6.496735	
794	4.562612	6.304427	
795	4.451847	6.157006	
796	4.335530	6.063739	
797	4.211841	6.028609	
798	4.081002	6.048289	
799	3.944741	6.111030	
800	3.804425	6.197845	
801	3.659871	6.287091	
802	3.509969	6.360006	
803	3.353481	6.403569	
804	3.188894	6.410653	
805	3.014614	6.379416	
806	2.830228	6.312208	
807	2.637536	6.213780	
808	2.440169	6.089605	
809	2.242185	5.944750	
810	2.046615	5.783465	
811	1.854840	5.609783	
812	1.667114	5.428200	
813	1.483337	5.243537	
814	1.303277	5.060496	
815	1.126220	4.883157	
816	0.950384	4.714542	
817	0.773002	4.557306	
818	0.591764	4.414813	
819	0.406370	4.290427	
820	0.218464	4.186002	
821	0.030069	4.101552	
822	-0.157735	4.035107	
823	-0.344581	3.982330	
824	-0.529731	3.937246	
825	-0.711826	3.893773	
826	-0.889463	3.847458	
827	-1.061333	3.796857	
828	-1.226094	3.741880	
829	-1.383067	3.681000	
830	-1.533171	3.612526	
831	-1.679120	3.537337	
832	-1.825199	3.458691	
833	-1.976714	3.380610	
834	-2.138872	3.306126	
835	-2.315677	3.235991	
836	-2.509540	3.169408	
837	-2.721222	3.105757	
838	-2.949146	3.045324	
839	-3.188705	2.988680	
840	-3.432809	2.935529	
841	-3.672836	2.884334	
842	-3.899954	2.832560	
843	-4.108246	2.776841	
844	-4.297714	2.714342	
845	-4.473789	2.645036	
846	-4.644130	2.571616	
847	-4.815845	2.496998	
848	-4.994137	2.423328	
849	-5.181440	2.353378	
850	-5.376821	2.290555	
851	-5.576778	2.236880	
852	-5.777323	2.192647	
853	-5.975293	2.157975	
854	-6.168707	2.133569	
855	-6.357444	2.120408	
856	-6.543516	2.119098	
857	-6.729787	2.129528	
858	-6.917665	2.151410	
859	-7.105412	2.184774	
860	-7.288602	2.229244	
861	-7.462351	2.282734	
862	-7.623382	2.341564	
863	-7.770826	2.402564	
864	-7.905517	2.464579	
865	-8.028474	2.527683	
866	-8.140202	2.592263	
867	-8.241026	2.658741	
868	-8.331089	2.725857	
869	-8.409808	2.788529	
870	-8.475606	2.839141	
871	-8.526134	2.871888	
872	-8.559179	2.885129	
873	-8.574271	2.880329	
874	-8.573369	2.860880	
875	-8.559147	2.831209	
876	-8.532831	2.795288	
877	-8.494612	2.756507	
878	-8.445523	2.719037	
879	-8.387745	2.687280	
880	-8.323433	2.663176	
881	-8.254128	2.646167	
882	-8.181222	2.636462	
883	-8.106399	2.636751	
884	-8.031355	2.650912	
885	-7.957056	2.682347	
886	-7.883290	2.733788	
887	-7.808785	2.807590	
888	-7.731636	2.904045	
889	-7.649922	3.019266	
890	-7.562229	3.146353	
891	-7.467947	3.279172	
892	-7.367223	3.415357	
893	-7.260220	3.556740	
894	-7.146104	3.707001	
895	-7.022928	3.867826	
896	-6.888176	4.035796	
897	-6.739230	4.201883	
898	-6.573738	4.353603	
899	-6.389931	4.478183	
900	-6.186663	4.565921	
901	-5.963350	4.612692	
902	-5.720088	4.620167	
903	-5.457600	4.595114	
904	-5.177499	4.549021	
905	-4.883012	4.495997	
906	-4.578164	4.448339	
907	-4.265803	4.413417	
908	-3.946990	4.394202	
909	-3.621346	4.391292	
910	-3.287433	4.404257	
911	-2.943470	4.431492	
912	-2.587593	4.469738	
913	-2.217347	4.515970	
914	-1.829799	4.570061	
915	-1.422997	4.634489	
916	-0.997600	4.711711	
917	-0.556860	4.801942	
918	-0.105037	4.903154	
919	0.354111	5.013343	
920	0.817592	5.132130	
921	1.282562	5.259671	
922	1.746047	5.394544	
923	2.205471	5.532720	
924	2.659294	5.668848	
925	3.107343	5.799336	
926	3.550964	5.923951	
927	3.992559	6.044210	
928	4.434761	6.161452	
929	4.880347	6.277334	
930	5.332429	6.394817	
931	5.794294	6.518480	
932	6.269834	6.656110	
933	6.763658	6.818790	
934	7.280033	7.014883	
935	7.822935	7.242848	
936	8.397106	7.491462	
937	9.007439	7.747147	
938	9.657167	8.000404	
939	10.346947	8.246150	
940	11.075332	8.481512	
941	11.839942	8.705401	
942	12.638466	8.918776	
943	13.468965	9.124560	
944	14.329454	9.327326	
945	15.218208	9.532379	
946	16.135373	9.744046	
947	17.083049	9.963753	
948	18.062341	10.189668	
949	19.070590	10.417894	
950	20.101811	10.643271	
951	21.149371	10.860167	
952	22.207707	11.063743	
953	23.271911	11.250130	
954	24.337173	11.415361	
955	25.399075	11.554554	
956	26.453505	11.662160	
957	27.496332	11.733598	
958	28.523651	11.768091	
959	29.531885	11.770681	
960	30.517280	11.751337	
961	31.475987	11.722316	
962	32.405438	11.695957	
963	33.305767	11.683480	
964	34.179342	11.694895	
965	35.029022	11.738699	
966	35.857474	11.820374	
967	36.667640	11.941710	
968	37.462828	12.101343	
969	38.246302	12.294064	
970	39.020839	12.509333	
971	39.788095	12.732606	
972	40.547763	12.950347	
973	41.297144	13.153823	
974	42.031735	13.337304	
975	42.746506	13.493509	
976	43.437046	13.611782	
977	44.099895	13.680565	
978	44.731763	13.691529	
979	45.328796	13.641822	
980	45.887075	13.533831	
981	46.403543	13.373890	
982	46.876237	13.170914	
983	47.303792	12.935323	
984	47.684469	12.677847	
985	48.015641	12.407779	
986	48.294442	12.131781	
987	48.518846	11.854268	
988	48.688285	11.578251	
989	48.803649	11.304940	
990	48.867031	11.032310	
991	48.881803	10.754675	
992	48.852933	10.464327	
993	48.786508	10.153970	
994	48.688480	9.818597	
995	48.564023	9.456483	
996	48.417432	9.069317	
997	48.251345	8.661720	
998	48.065969	8.239985	
999	47.859682	7.810021	
1000	47.630274	7.375279	
1001	47.375520	6.935529	
1002	47.093319	6.487908	
1003	46.781683	6.030180	
1004	46.438627	5.562111	
1005	46.062486	5.084023	
1006	45.652444	4.597202	
1007	45.208287	4.106128	
1008	44.729371	3.617683	
1009	44.214620	3.137631	
1010	43.664034	2.669827	
1011	43.079676	2.219615	
1012	42.465531	1.795506	
1013	41.827622	1.406088	
1014	41.174247	1.057690	
1015	40.514515	0.755388	
1016	39.855273	0.502932	
1017	39.198727	0.301014	
1018	38.541856	0.147399	
1019	37.877514	0.038551	
1020	37.197001	-0.029299	
1021	36.492612	-0.060389	
1022	35.758356	-0.061434	
1023	34.989290	-0.043162	
1024	34.182005	-0.020064	
1025	33.336035	-0.008758	
1026	32.452990	-0.023614	
1027	31.533862	-0.073352	
1028	30.578135	-0.162774	
1029	29.585433	-0.294634	
1030	28.557116	-0.468642	
1031	27.496589	-0.680515	
1032	26.409529	-0.921064	
1033	25.303472	-1.175462	
1034	24.185219	-1.425597	
1035	23.057786	-1.656080	
1036	21.919646	-1.859233	
1037	20.766646	-2.033800	
1038	19.595286	-2.180692	
1039	18.405101	-2.301177	
1040	17.198714	-2.394900	
1041	15.980411	-2.456786	
1042	14.754389	-2.477551	
1043	13.524168	-2.446366	
1044	12.294151	-2.351445	
1045	11.071028	-2.181708	
1046	9.862965	-1.931736	
1047	8.678098	-1.605476	
1048	7.523489	-1.215755	
1049	6.403749	-0.781762	
1050	5.320033	-0.327199	
1051	4.270511	0.122970	
1052	3.251476	0.548385	
1053	2.258832	0.936341	
1054	1.289448	1.280081	
1055	0.341328	1.576382	
1056	-0.585692	1.824502	
1057	-1.488194	2.027391	
1058	-2.359414	2.192388	
1059	-3.192295	2.326180	
1060	-3.982277	2.429015	
1061	-4.727069	2.496124	
1062	-5.424812	2.521792	
1063	-6.073672	2.499400	
1064	-6.672187	2.420424	
1065	-7.219068	2.276168	
1066	-7.713555	2.060505	
1067	-8.155432	1.770782	
1068	-8.542790	1.406861	
1069	-8.869737	0.971424	
1070	-9.127945	0.471431	
1071	-9.310710	-0.082616	
1072	-9.415544	-0.675497	
1073	-9.443954	-1.280343	
1074	-9.397886	-1.855285	
1075	-9.276616	-2.350958	
1076	-9.080046	-2.722213	
1077	-8.813717	-2.938275	
1078	-8.487724	-2.991581	
1079	-8.112860	-2.900030	
1080	-7.699431	-2.697156	
1081	-7.257554	-2.418472	
1082	-6.796782	-2.095097	
1083	-6.324864	-1.753731	
1084	-5.846311	-1.417412	
1085	-5.361525	-1.104708	
1086	-4.866696	-0.827398	
1087	-4.356045	-0.589178	
1088	-3.826247	-0.387039	
1089	-3.278059	-0.212455	
1090	-2.713656	-0.051688	
1091	-2.135218	0.110813	
1092	-1.547725	0.286747	
1093	-0.961602	0.481538	
1094	-0.390871	0.696680	
1095	0.150541	0.934043	
1096	0.649653	1.198406	
1097	1.093590	1.496224	
1098	1.470303	1.832977	
1099	1.770863	2.212694	
1100	1.992588	2.638625	
1101	2.141467	3.111076	
1102	2.231608	3.621524	
1103	2.282734	4.148778	
1104	2.316830	4.666473	
1105	2.354412	5.158834	
1106	2.412763	5.627047	
1107	2.504119	6.080432	
1108	2.631695	6.525362	
1109	2.789502	6.962046	
1110	2.967855	7.387070	
1111	3.157742	7.795249	
1112	3.353317	8.179701	
1113	3.555970	8.533681	
1114	3.774754	8.853833	
1115	4.018654	9.141080	
1116	4.288494	9.398168	
1117	4.577012	9.626511	
1118	4.875200	9.825502	
1119	5.177067	9.994237	
1120	5.478842	10.132702	
1121	5.776386	10.241759	
1122	6.064870	10.323777	
1123	6.339642	10.384728	
1124	6.597563	10.436347	
1125	6.838559	10.495495	
1126	7.064628	10.579570	
1127	7.276966	10.701174	
1128	7.474904	10.865082	
1129	7.656180	11.066736	
1130	7.817400	11.291818	
1131	7.955612	11.518317	
1132	8.070269	11.720804	
1133	8.163919	11.874713	
1134	8.241153	11.959216	
1135	8.306392	11.959744	
1136	8.361802	11.870515	
1137	8.406357	11.694813	
1138	8.436670	11.442075	
1139	8.448623	11.123929	
1140	8.438304	10.751155	
1141	8.403074	10.331749	
1142	8.343359	9.870355	
1143	8.263327	9.370128	
1144	8.169105	8.837410	
1145	8.065620	8.287195	
1146	7.953941	7.744836	
1147	7.830816	7.239620	
1148	7.692299	6.791153	
1149	7.539986	6.398168	
1150	7.382601	6.042484	
1151	7.228933	5.709959	
1152	7.079710	5.407800	
1153	6.927601	5.157053	
1154	6.763867	4.973213	
1155	6.583862	4.858998	
1156	6.387625	4.807951	
1157	6.177523	4.808285	
1158	5.956726	4.845483	
1159	5.729678	4.904336	
1160	5.502142	4.969378	
1161	5.279164	5.024460	
1162	5.062289	5.053953	
1163	4.848715	5.045546	
1164	4.633513	4.991876	
1165	4.411915	4.890303	
1166	4.179985	4.742225	
1167	3.936133	4.552472	
1168	3.682773	4.328745	
1169	3.424830	4.081169	
1170	3.166196	3.821542	
1171	2.908011	3.562184	
1172	2.650241	3.314812	
1173	2.393682	3.089583	
1174	2.139459	2.893814	
1175	1.887479	2.730732	
1176	1.636386	2.599567	
1177	1.384443	2.496936	
1178	1.129812	2.417900	
1179	0.870763	2.355879	
1180	0.606638	2.302349	
1181	0.339167	2.247645	
1182	0.072652	2.183261	
1183	-0.188280	2.104373	
1184	-0.441294	2.010575	
1185	-0.685885	1.904630	
1186	-0.921127	1.791045	
1187	-1.145506	1.675512	
1188	-1.358779	1.563944	
1189	-1.562693	1.460363	
1190	-1.759866	1.365779	
1191	-1.952346	1.279419	
1192	-2.140831	1.199996	
1193	-2.325525	1.125135	
1194	-2.508363	1.051162	
1195	-2.693975	0.975334	
1196	-2.887959	0.897851	
1197	-3.094087	0.820708	
1198	-3.312723	0.745338	
1199	-3.541253	0.672044	
1200	-3.775384	0.601031	
1201	-4.009810	0.533578	
1202	-4.238743	0.472698	
1203	-4.457549	0.422841	
1204	-4.664464	0.388437	
1205	-4.860627	0.372465	
1206	-5.048983	0.376439	
1207	-5.233946	0.401424	
1208	-5.421489	0.448307	
1209	-5.618027	0.516065	
1210	-5.828696	0.599467	
1211	-6.056183	0.689058	
1212	-6.300112	0.773981	
1213	-6.557681	0.845470	
1214	-6.825064	0.898643	
1215	-7.097119	0.932409	
1216	-7.365343	0.949213	
1217	-7.617072	0.954721	
1218	-7.838183	0.955676	
1219	-8.017679	0.956912	
1220	-8.150593	0.960353	
1221	-8.238157	0.966315	
1222	-8.286390	0.975696	
1223	-8.303892	0.991460	
1224	-8.300070	1.017997	
1225	-8.284836	1.059312	
1226	-8.268266	1.118083	
1227	-8.258445	1.195216	
1228	-8.258889	1.288474	
1229	-8.268592	1.390890	
1230	-8.285243	1.490991	
1231	-8.308499	1.575353	
1232	-8.339694	1.632393	
1233	-8.377912	1.655920	
1234	-8.417146	1.646491	
1235	-8.449405	1.609595	
1236	-8.469875	1.552857	
1237	-8.476549	1.484401	
1238	-8.467878	1.411526	
1239	-8.443768	1.339516	
1240	-8.405330	1.271852	
1241	-8.352479	1.210886	
1242	-8.285000	1.157983	
1243	-8.206001	1.114076	
1244	-8.122243	1.080576	
1245	-8.040561	1.059454	
1246	-7.963756	1.052682	
1247	-7.889006	1.062210	
1248	-7.809630	1.090831	
1249	-7.718550	1.143069	
1250	-7.610806	1.224301	
1251	-7.484181	1.337095	
1252	-7.339154	1.477971	
1253	-7.179765	1.637829	
1254	-7.015166	1.803607	
1255	-6.858451	1.960251	
1256	-6.720000	2.096125	
1257	-6.600181	2.208494	
1258	-6.489953	2.301217	
1259	-6.379008	2.376959	
1260	-6.261612	2.435050	
1261	-6.134238	2.477557	
1262	-5.991495	2.513599	
1263	-5.829144	2.554744	
1264	-5.649961	2.607753	
1265	-5.461567	2.673673	
1266	-5.268521	2.750884	
1267	-5.069921	2.835740	
1268	-4.864252	2.921053	
1269	-4.654432	2.995563	
1270	-4.446543	3.048252	
1271	-4.243841	3.076470	
1272	-4.045827	3.087865	
1273	-3.853486	3.092767	
1274	-3.670944	3.097664	
1275	-3.501840	3.106700	
1276	-3.346578	3.125049	
1277	-3.202075	3.157427	
1278	-3.062108	3.204432	
1279	-2.917864	3.261878	
1280	-2.758848	3.323280	
1281	-2.573149	3.383441	
1282	-2.348353	3.441607	
1283	-2.075266	3.502269	
1284	-1.750751	3.572462	
1285	-1.375420	3.658866	
1286	-0.949181	3.768585	
1287	-0.469174	3.910892	
1288	0.068336	4.095690	
1289	0.663116	4.330162	
1290	1.308228	4.617536	
1291	1.992584	4.957559	
1292	2.703648	5.343421	
1293	3.426915	5.755892	
1294	4.147234	6.165056	
1295	4.853815	6.541624	
1296	5.543621	6.866284	
1297	6.220441	7.130801	
1298	6.892259	7.335449	
1299	7.568800	7.486380	
1300	8.258932	7.592565	
1301	8.968975	7.663394	
1302	9.702601	7.707980	
1303	10.460717	7.734597	
1304	11.241387	7.750245	
1305	12.040651	7.761300	
1306	12.853798	7.774138	
1307	13.676650	7.795370	
1308	14.505901	7.831655	
1309	15.338350	7.888344	
1310	16.171019	7.968232	
1311	17.002721	8.072317	
1312	17.835009	8.201261	
1313	18.671004	8.354947	
1314	19.513779	8.531297	
1315	20.366213	8.727092	
1316	21.230576	8.939468	
1317	22.106806	9.165533	
1318	22.992512	9.401682	
1319	23.885332	9.644251	
1320	24.784052	9.889696	
1321	25.687134	10.133605	
1322	26.591018	10.370641	
1323	27.490261	10.596011	
1324	28.379270	10.806816	
1325	29.254001	11.002529	
1326	30.112694	11.185403	
1327	30.956258	11.361264	
1328	31.787761	11.539191	
1329	32.609926	11.729015	
1330	33.422300	11.938811	
1331	34.220647	12.174511	
1332	34.998324	12.440302	
1333	35.748072	12.738177	
1334	36.463849	13.067021	
1335	37.143236	13.421831	
1336	37.791023	13.792648	
1337	38.423386	14.163783	
1338	39.067619	14.517444	
1339	39.752178	14.843965	
1340	40.492892	15.151686	
1341	41.287658	15.468233	
1342	42.120395	15.835209	
1343	42.965472	16.304379	
1344	43.790817	16.935390	
1345	44.563403	17.785421	
1346	45.256032	18.883716	
1347	45.850685	20.196290	
1348	46.339709	21.608380	
1349	46.731348	22.958025	
1350	47.053768	24.103160	
1351	47.346076	24.964015	
1352	47.642786	25.521724	
1353	47.965195	25.798181	
1354	48.321702	25.836631	
1355	48.712987	25.686957	
1356	49.136953	25.396645	
1357	49.587775	25.008300	
1358	50.052452	24.559898	
1359	50.513373	24.082840	
1360	50.954357	23.599416	
1361	51.362872	23.122887	
1362	51.729027	22.659345	
1363	52.044639	22.209997	
1364	52.303031	21.773685	
1365	52.499684	21.349110	
1366	52.634506	20.935434	
1367	52.716231	20.530843	
1368	52.766065	20.131173	
1369	52.811800	19.731789	
1370	52.873657	19.331585	
1371	52.960428	18.933609	
1372	53.076628	18.540931	
1373	53.221110	18.152724	
1374	53.381757	17.764306	
1375	53.544138	17.370158	
1376	NaN	NaN	
1377	NaN	NaN	
1378	NaN	NaN	
1379	NaN	NaN	
1380	NaN	NaN	
1381	NaN	NaN	
1382	NaN	NaN	
1383	NaN	NaN	
1384	NaN	NaN	
1385	NaN	NaN	
1386	NaN	NaN	
1387	NaN	NaN	
1388	NaN	NaN	
1389	NaN	NaN	
1390	NaN	NaN	
1391	NaN	NaN	
1392	NaN	NaN	
1393	NaN	NaN	
1394	NaN	NaN	
1395	NaN	NaN	
1396	NaN	NaN	
1397	NaN	NaN	
1398	NaN	NaN	
1399	NaN	NaN	
1400	NaN	NaN	
1401	NaN	NaN	
1402	NaN	NaN	
1403	NaN	NaN	
1404	NaN	NaN	
1405	NaN	NaN	
1406	NaN	NaN	
1407	NaN	NaN	
1408	NaN	NaN	
1409	NaN	NaN	
1410	NaN	NaN	
1411	NaN	NaN	
1412	NaN	NaN	
1413	NaN	NaN	
1414	NaN	NaN	
1415	NaN	NaN	
1416	NaN	NaN	
1417	NaN	NaN	
1418	NaN	NaN	
1419	NaN	NaN	
1420	NaN	NaN	
1421	NaN	NaN	
1422	NaN	NaN	
1423	NaN	NaN	
1424	NaN	NaN	
1425	NaN	NaN	
1426	NaN	NaN	
1427	NaN	NaN	
1428	NaN	NaN	
1429	NaN	NaN	
1430	NaN	NaN	
1431	NaN	NaN	
1432	NaN	NaN	
1433	NaN	NaN	
1434	NaN	NaN	
1435	NaN	NaN	
1436	NaN	NaN	
1437	NaN	NaN	
1438	NaN	NaN	
1439	NaN	NaN	
1440	NaN	NaN	
1441	NaN	NaN	
1442	NaN	NaN	
1443	NaN	NaN	
1444	NaN	NaN	
1445	NaN	NaN	
1446	NaN	NaN	
1447	NaN	NaN	
1448	NaN	NaN	
1449	NaN	NaN	
1450	NaN	NaN	
1451	NaN	NaN	
1452	NaN	NaN	
1453	NaN	NaN	
1454	NaN	NaN	
1455	NaN	NaN	
1456	NaN	NaN	
1457	NaN	NaN	
1458	NaN	NaN	
1459	NaN	NaN	
1460	NaN	NaN	
1461	NaN	NaN	
1462	NaN	NaN	
1463	NaN	NaN	
1464	NaN	NaN	
1465	NaN	NaN	
1466	NaN	NaN	
1467	NaN	NaN	
1468	NaN	NaN	
1469	NaN	NaN	
1470	NaN	NaN	
1471	NaN	NaN	
1472	NaN	NaN	
1473	NaN	NaN	
1474	NaN	NaN	
1475	NaN	NaN	
1476	NaN	NaN	
1477	NaN	NaN	
1478	NaN	NaN	
1479	NaN	NaN	
1480	NaN	NaN	
1481	NaN	NaN	
1482	NaN	NaN	
1483	NaN	NaN	
1484	NaN	NaN	
1485	NaN	NaN	
1486	NaN	NaN	
1487	NaN	NaN	
