Athlete_Engineering	// User ID
11-2-2021	// Evaluation date
P001_WALK2	23-1-2021	12:06:05:962	// Source file name and timestamp
250.000	// Sampling rate
5.389	// Data capture period



Sample #	Right_Leg_Flexion	Right_Leg_Abduction	
0	-5.011526	-3.248066	
1	-5.022513	-3.200037	
2	-5.033472	-3.123243	
3	-5.041236	-3.012259	
4	-5.043420	-2.854570	
5	-5.041299	-2.627107	
6	-5.040589	-2.297523	
7	-5.049242	-1.830832	
8	-5.073478	-1.202006	
9	-5.114528	-0.414621	
10	-5.166792	0.480847	
11	-5.219326	1.392625	
12	-5.262189	2.227283	
13	-5.291770	2.927237	
14	-5.310321	3.476013	
15	-5.323633	3.885229	
16	-5.339079	4.180559	
17	-5.361801	4.389338	
18	-5.391327	4.532649	
19	-5.422726	4.624346	
20	-5.450112	4.673757	
21	-5.468278	4.688412	
22	-5.473692	4.675730	
23	-5.466555	4.642265	
24	-5.450999	4.592682	
25	-5.431926	4.532945	
26	-5.411029	4.473047	
27	-5.384990	4.422522	
28	-5.348945	4.385150	
29	-5.302841	4.360572	
30	-5.252149	4.347061	
31	-5.203108	4.341319	
32	-5.160518	4.340536	
33	-5.128244	4.345325	
34	-5.108509	4.357743	
35	-5.101489	4.377634	
36	-5.106984	4.402664	
37	-5.125493	4.430246	
38	-5.157007	4.458027	
39	-5.199679	4.483639	
40	-5.250111	4.505130	
41	-5.304018	4.520779	
42	-5.355586	4.527604	
43	-5.397569	4.521726	
44	-5.423842	4.502101	
45	-5.431014	4.472754	
46	-5.418797	4.439510	
47	-5.390796	4.404725	
48	-5.353379	4.366630	
49	-5.313449	4.324336	
50	-5.278005	4.282461	
51	-5.253956	4.250421	
52	-5.246601	4.237114	
53	-5.257759	4.245417	
54	-5.284613	4.271262	
55	-5.319203	4.306504	
56	-5.349814	4.341870	
57	-5.366548	4.370137	
58	-5.367162	4.388599	
59	-5.356951	4.398764	
60	-5.344190	4.404302	
61	-5.335396	4.407663	
62	-5.332590	4.406689	
63	-5.332877	4.393149	
64	-5.329717	4.352176	
65	-5.317243	4.263560	
66	-5.294220	4.105215	
67	-5.261776	3.854599	
68	-5.218750	3.485964	
69	-5.160814	2.970258	
70	-5.083384	2.287196	
71	-4.985756	1.444189	
72	-4.873885	0.489305	
73	-4.760418	-0.488288	
74	-4.660616	-1.381360	
75	-4.586006	-2.104756	
76	-4.542046	-2.616192	
77	-4.530264	-2.906005	
78	-4.550077	-2.979632	
79	-4.598826	-2.849016	
80	-4.671402	-2.532527	
81	-4.760926	-2.058522	
82	-4.859131	-1.471980	
83	-4.954383	-0.847636	
84	-5.030351	-0.299743	
85	-5.070133	0.042248	
86	-5.064661	0.097369	
87	-5.017821	-0.120494	
88	-4.943048	-0.520246	
89	-4.855110	-0.990170	
90	-4.764461	-1.444473	
91	-4.677599	-1.839959	
92	-4.601355	-2.170301	
93	-4.545840	-2.449517	
94	-4.522947	-2.692248	
95	-4.543606	-2.898060	
96	-4.618233	-3.045616	
97	-4.758055	-3.100920	
98	-4.972714	-3.036535	
99	-5.265912	-2.847952	
100	-5.631599	-2.561725	
101	-6.049025	-2.239134	
102	-6.481156	-1.960327	
103	-6.885964	-1.781221	
104	-7.234186	-1.702416	
105	-7.515106	-1.679569	
106	-7.729479	-1.651332	
107	-7.882231	-1.557008	
108	-7.979129	-1.343689	
109	-8.026560	-0.972428	
110	-8.031839	-0.426519	
111	-8.001905	0.279013	
112	-7.942299	1.092011	
113	-7.857155	1.935504	
114	-7.752226	2.733118	
115	-7.640824	3.423507	
116	-7.543352	3.961088	
117	-7.478834	4.314213	
118	-7.458428	4.463243	
119	-7.484852	4.398661	
120	-7.555782	4.116707	
121	-7.667966	3.613474	
122	-7.818941	2.886297	
123	-8.004936	1.946163	
124	-8.215174	0.834935	
125	-8.428163	-0.363722	
126	-8.615579	-1.536656	
127	-8.751281	-2.579985	
128	-8.817316	-3.433187	
129	-8.804038	-4.086503	
130	-8.710238	-4.572579	
131	-8.545062	-4.943878	
132	-8.328059	-5.239096	
133	-8.087314	-5.475504	
134	-7.855120	-5.673557	
135	-7.659130	-5.865745	
136	-7.514062	-6.077047	
137	-7.420141	-6.307003	
138	-7.366563	-6.522862	
139	-7.336418	-6.660767	
140	-7.313409	-6.641007	
141	-7.289091	-6.394377	
142	-7.264820	-5.884764	
143	-7.247156	-5.121518	
144	-7.243022	-4.160646	
145	-7.258400	-3.091445	
146	-7.298395	-2.013715	
147	-7.366509	-1.018216	
148	-7.462447	-0.176021	
149	-7.578261	0.467347	
150	-7.697881	0.892384	
151	-7.802775	1.100018	
152	-7.874746	1.109042	
153	-7.893188	0.958238	
154	-7.837334	0.704194	
155	-7.695624	0.410418	
156	-7.471620	0.132284	
157	-7.181001	-0.097698	
158	-6.844013	-0.278304	
159	-6.479465	-0.430739	
160	-6.103399	-0.578849	
161	-5.729786	-0.735599	
162	-5.369791	-0.897666	
163	-5.033018	-1.050746	
164	-4.730826	-1.188458	
165	-4.474533	-1.326500	
166	-4.267994	-1.493935	
167	-4.104622	-1.712360	
168	-3.973796	-1.984348	
169	-3.865749	-2.295872	
170	-3.765872	-2.625992	
171	-3.647462	-2.955405	
172	-3.477321	-3.269873	
173	-3.232187	-3.561460	
174	-2.908734	-3.826414	
175	-2.520194	-4.060371	
176	-2.088196	-4.258170	
177	-1.634595	-4.415412	
178	-1.174750	-4.528556	
179	-0.716517	-4.598768	
180	-0.263455	-4.634125	
181	0.183201	-4.644695	
182	0.625421	-4.638303	
183	1.069969	-4.620983	
184	1.527040	-4.598676	
185	2.006442	-4.578000	
186	2.516360	-4.565081	
187	3.064294	-4.562975	
188	3.655625	-4.571403	
189	4.291456	-4.590199	
190	4.970147	-4.620693	
191	5.690097	-4.662063	
192	6.448939	-4.708669	
193	7.240801	-4.750877	
194	8.055784	-4.774839	
195	8.880996	-4.761900	
196	9.700824	-4.695284	
197	10.497756	-4.571236	
198	11.256038	-4.398490	
199	11.966352	-4.187162	
200	12.626395	-3.942433	
201	13.237744	-3.667431	
202	13.804499	-3.375326	
203	14.333196	-3.100638	
204	14.831905	-2.891057	
205	15.310223	-2.781761	
206	15.776750	-2.776103	
207	16.233122	-2.852787	
208	16.673431	-2.990138	
209	17.089058	-3.174087	
210	17.471436	-3.385592	
211	17.815463	-3.595287	
212	18.124720	-3.770714	
213	18.410487	-3.884611	
214	18.683631	-3.922484	
215	18.948426	-3.887517	
216	19.203164	-3.799060	
217	19.443218	-3.685022	
218	19.662817	-3.571852	
219	19.855651	-3.477929	
220	20.013903	-3.412546	
221	20.127018	-3.377856	
222	20.183706	-3.372394	
223	20.177141	-3.394390	
224	20.108365	-3.441522	
225	19.984379	-3.506674	
226	19.815555	-3.573046	
227	19.616988	-3.613204	
228	19.407714	-3.592816	
229	19.203658	-3.478035	
230	19.011612	-3.246435	
231	18.829508	-2.895651	
232	18.650511	-2.446596	
233	18.467361	-1.945035	
234	18.274679	-1.453958	
235	18.068982	-1.031453	
236	17.848196	-0.712483	
237	17.611656	-0.507230	
238	17.360762	-0.406785	
239	17.100338	-0.389266	
240	16.838175	-0.427517	
241	16.581591	-0.496573	
242	16.335329	-0.577136	
243	16.102476	-0.656652	
244	15.884209	-0.730600	
245	15.678070	-0.802052	
246	15.479175	-0.878509	
247	15.282984	-0.968127	
248	15.084513	-1.076085	
249	14.875870	-1.201980	
250	14.647453	-1.340759	
251	14.392398	-1.486379	
252	14.109421	-1.634059	
253	13.801692	-1.779834	
254	13.474569	-1.919460	
255	13.135479	-2.048360	
256	12.794497	-2.163181	
257	12.462647	-2.263999	
258	12.149163	-2.354132	
259	11.859898	-2.436757	
260	11.596525	-2.512238	
261	11.356818	-2.578700	
262	11.136157	-2.634550	
263	10.928372	-2.682513	
264	10.724915	-2.732543	
265	10.514176	-2.797842	
266	10.283816	-2.886870	
267	10.024816	-3.000330	
268	9.733593	-3.133579	
269	9.412438	-3.278698	
270	9.068175	-3.425118	
271	8.708298	-3.561768	
272	8.338079	-3.681201	
273	7.961050	-3.781924	
274	7.580888	-3.865802	
275	7.202010	-3.933237	
276	6.828633	-3.981447	
277	6.464638	-4.006395	
278	6.114162	-4.005080	
279	5.780044	-3.976845	
280	5.461407	-3.924006	
281	5.154016	-3.851490	
282	4.852529	-3.766361	
283	4.552237	-3.677979	
284	4.250100	-3.596699	
285	3.944735	-3.531048	
286	3.635080	-3.486832	
287	3.319511	-3.467993	
288	2.996893	-3.476268	
289	2.668522	-3.510779	
290	2.338659	-3.569303	
291	2.012713	-3.648983	
292	1.694976	-3.745456	
293	1.387971	-3.852690	
294	1.092523	-3.964476	
295	0.808009	-4.076558	
296	0.533282	-4.187849	
297	0.267392	-4.299838	
298	0.010233	-4.415466	
299	-0.236820	-4.537891	
300	-0.472131	-4.668338	
301	-0.695941	-4.804951	
302	-0.910271	-4.944017	
303	-1.117227	-5.081322	
304	-1.318198	-5.212068	
305	-1.513634	-5.331418	
306	-1.702334	-5.437021	
307	-1.881829	-5.530341	
308	-2.050584	-5.614107	
309	-2.208857	-5.688625	
310	-2.356623	-5.751368	
311	-2.491495	-5.799601	
312	-2.609093	-5.832154	
313	-2.705635	-5.849652	
314	-2.780507	-5.855668	
315	-2.836266	-5.857487	
316	-2.876568	-5.862583	
317	-2.904489	-5.873302	
318	-2.922210	-5.886867	
319	-2.931636	-5.899976	
320	-2.934496	-5.911622	
321	-2.931317	-5.923762	
322	-2.921047	-5.941347	
323	-2.901614	-5.970077	
324	-2.870150	-6.013741	
325	-2.823997	-6.074251	
326	-2.762785	-6.151231	
327	-2.688069	-6.239003	
328	-2.599858	-6.325115	
329	-2.495076	-6.392771	
330	-2.370164	-6.425349	
331	-2.224093	-6.411746	
332	-2.058766	-6.350251	
333	-1.876947	-6.247177	
334	-1.679215	-6.112343	
335	-1.462612	-5.956453	
336	-1.222834	-5.789191	
337	-0.958029	-5.616590	
338	-0.670751	-5.441019	
339	-0.366774	-5.265706	
340	-0.051564	-5.100230	
341	0.271942	-4.959458	
342	0.601043	-4.854994	
343	0.929223	-4.789064	
344	1.245263	-4.756442	
345	1.536073	-4.749865	
346	1.790197	-4.762396	
347	2.000385	-4.784662	
348	2.166154	-4.803386	
349	2.294534	-4.806235	
350	2.396362	-4.786727	
351	2.481102	-4.743798	
352	2.554633	-4.679274	
353	2.620041	-4.595846	
354	2.679304	-4.495052	
355	2.734823	-4.376125	
356	2.790365	-4.237336	
357	2.851187	-4.078945	
358	2.923359	-3.904546	
359	3.011792	-3.719742	
360	3.118219	-3.530010	
361	3.241417	-3.339872	
362	3.379136	-3.152285	
363	3.529409	-2.965741	
364	3.689774	-2.772687	
365	3.855973	-2.563260	
366	4.022514	-2.330050	
367	4.184504	-2.069499	
368	4.339421	-1.781549	
369	4.487754	-1.470223	
370	4.631521	-1.144727	
371	4.771677	-0.818214	
372	4.906354	-0.504001	
373	5.030891	-0.212418	
374	5.139026	0.050279	
375	5.224549	0.281125	
376	5.283920	0.478169	
377	5.318676	0.639819	
378	5.334831	0.767482	
379	5.339757	0.867229	
380	5.339861	0.948069	
381	5.339998	1.020084	
382	5.342778	1.093488	
383	5.347452	1.176654	
384	5.350664	1.274340	
385	5.349541	1.387431	
386	5.343627	1.512411	
387	5.333748	1.641077	
388	5.320224	1.762897	
389	5.301980	1.869543	
390	5.277135	1.958227	
391	5.245206	2.030799	
392	5.208358	2.090561	
393	5.170455	2.141130	
394	5.135743	2.186954	
395	5.107435	2.232934	
396	5.085414	2.283942	
397	5.064757	2.345337	
398	5.037714	2.421163	
399	4.998619	2.509305	
400	4.947507	2.600861	
401	4.889852	2.686024	
402	4.834016	2.758966	
403	4.787623	2.817906	
404	4.754314	2.862670	
405	4.733933	2.891990	
406	4.724676	2.903135	
407	4.723614	2.894663	
408	4.726700	2.868109	
409	4.729573	2.826023	
410	4.727637	2.769702	
411	4.715987	2.698965	
412	4.691012	2.612547	
413	4.652364	2.508481	
414	4.602881	2.385326	
415	4.547167	2.243785	
416	4.490252	2.087016	
417	4.435959	1.919394	
418	4.385137	1.745143	
419	4.334573	1.567786	
420	4.277896	1.390992	
421	4.209444	1.220253	
422	4.127872	1.063200	
423	4.035686	0.928595	
424	3.936476	0.826217	
425	3.833339	0.766054	
426	3.729083	0.754477	
427	3.627254	0.791266	
428	3.532621	0.870702	
429	3.449825	0.982627	
430	3.381084	1.111453	
431	3.325528	1.237575	
432	3.280298	1.342949	
433	3.241229	1.415944	
434	3.203169	1.451552	
435	3.160913	1.448357	
436	3.109669	1.404591	
437	3.045235	1.316602	
438	2.965075	1.184389	
439	2.869057	1.019674	
440	2.758484	0.844629	
441	2.633898	0.681959	
442	2.494858	0.546232	
443	2.343649	0.440541	
444	2.186651	0.360372	
445	2.029275	0.301958	
446	1.871519	0.266715	
447	1.710453	0.258283	
448	1.545672	0.276034	
449	1.380560	0.312008	
450	1.220800	0.353458	
451	1.074023	0.387068	
452	0.947849	0.402110	
453	0.846205	0.391630	
454	0.767292	0.353052	
455	0.703782	0.290887	
456	0.646770	0.216794	
457	0.592458	0.141139	
458	0.544102	0.064791	
459	0.506559	-0.018260	
460	0.479487	-0.112871	
461	0.455122	-0.219238	
462	0.422469	-0.333730	
463	0.373313	-0.448662	
464	0.304597	-0.552927	
465	0.218681	-0.638476	
466	0.122538	-0.706647	
467	0.024432	-0.766282	
468	-0.070125	-0.826660	
469	-0.160346	-0.892837	
470	-0.249278	-0.965974	
471	-0.341554	-1.043332	
472	-0.441646	-1.116020	
473	-0.552228	-1.172822	
474	-0.672813	-1.208973	
475	-0.800268	-1.227530	
476	-0.930732	-1.232980	
477	-1.061018	-1.226334	
478	-1.189195	-1.204071	
479	-1.314946	-1.159023	
480	-1.439520	-1.085023	
481	-1.564432	-0.984201	
482	-1.689263	-0.869814	
483	-1.811402	-0.761262	
484	-1.928500	-0.675022	
485	-2.039509	-0.619192	
486	-2.143499	-0.594645	
487	-2.239974	-0.597824	
488	-2.330354	-0.622237	
489	-2.418132	-0.659698	
490	-2.508330	-0.702393	
491	-2.606475	-0.744800	
492	-2.715844	-0.783322	
493	-2.835194	-0.815017	
494	-2.959880	-0.837903	
495	-3.084636	-0.851604	
496	-3.205599	-0.856786	
497	-3.321185	-0.854167	
498	-3.431182	-0.843483	
499	-3.534642	-0.822685	
500	-3.629445	-0.789242	
501	-3.714218	-0.744203	
502	-3.789858	-0.694242	
503	-3.858519	-0.647131	
504	-3.921015	-0.606248	
505	-3.975527	-0.570249	
506	-4.019722	-0.534811	
507	-4.054127	-0.493426	
508	-4.081653	-0.438930	
509	-4.103523	-0.367046	
510	-4.117224	-0.278429	
511	-4.118250	-0.176259	
512	-4.102794	-0.063148	
513	-4.069179	0.059347	
514	-4.017667	0.190306	
515	-3.949537	0.329254	
516	-3.866401	0.475658	
517	-3.769681	0.628182	
518	-3.659926	0.784164	
519	-3.536670	0.939709	
520	-3.399270	1.090785	
521	-3.247134	1.234806	
522	-3.078453	1.370783	
523	-2.889823	1.497979	
524	-2.677976	1.615887	
525	-2.441567	1.725487	
526	-2.181596	1.828615	
527	-1.900519	1.925119	
528	-1.600456	2.011383	
529	-1.281668	2.083313	
530	-0.942401	2.140974	
531	-0.579828	2.189790	
532	-0.191167	2.238736	
533	0.224972	2.297859	
534	0.667508	2.375527	
535	1.133797	2.476947	
536	1.621392	2.603905	
537	2.128279	2.753870	
538	2.652533	2.920057	
539	3.193182	3.093519	
540	3.751517	3.265191	
541	4.330165	3.426694	
542	4.930681	3.570554	
543	5.554186	3.691903	
544	6.203513	3.791193	
545	6.881896	3.873666	
546	7.590550	3.944684	
547	8.328943	4.005867	
548	9.096472	4.056317	
549	9.893852	4.096396	
550	10.724023	4.127890	
551	11.592310	4.150567	
552	12.505013	4.160814	
553	13.466055	4.153470	
554	14.473973	4.124080	
555	15.522853	4.071531	
556	16.606009	4.000756	
557	17.717544	3.922654	
558	18.851665	3.850606	
559	20.002403	3.796204	
560	21.164484	3.766799	
561	22.335520	3.766239	
562	23.517297	3.796255	
563	24.713301	3.855511	
564	25.924592	3.939923	
565	27.148395	4.046584	
566	28.379501	4.175155	
567	29.611734	4.324394	
568	30.838343	4.490154	
569	32.051408	4.666851	
570	33.242184	4.849227	
571	34.403439	5.033789	
572	35.530914	5.218740	
573	36.622962	5.401843	
574	37.680028	5.580602	
575	38.703561	5.755555	
576	39.694908	5.931765	
577	40.655239	6.116707	
578	41.585348	6.316340	
579	42.485252	6.533157	
580	43.354651	6.768850	
581	44.194038	7.027739	
582	45.005586	7.315655	
583	45.792721	7.635078	
584	46.558728	7.981920	
585	47.306834	8.346886	
586	48.041824	8.717455	
587	48.769619	9.075653	
588	49.494564	9.394407	
589	50.217716	9.639656	
590	50.936600	9.778786	
591	51.644845	9.788310	
592	52.331676	9.657362	
593	52.982975	9.388864	
594	53.584873	8.998820	
595	54.127856	8.513684	
596	54.608639	7.966826	
597	55.029271	7.394124	
598	55.394629	6.828584	
599	55.709831	6.296159	
600	55.978424	5.814313	
601	56.202237	5.392551	
602	56.383377	5.034730	
603	56.525877	4.740560	
604	56.634535	4.503537	
605	56.712268	4.310129	
606	56.758876	4.144129	
607	56.771905	3.991088	
608	56.747450	3.839016	
609	56.680292	3.678051	
610	56.565294	3.501104	
611	56.399475	3.304434	
612	56.183011	3.087306	
613	55.919032	2.851780	
614	55.612819	2.603238	
615	55.270749	2.349650	
616	54.898577	2.097789	
617	54.499820	1.848440	
618	54.075202	1.595132	
619	53.622263	1.328107	
620	53.135784	1.039613	
621	52.610588	0.725803	
622	52.044531	0.386081	
623	51.438987	0.023140	
624	50.796860	-0.357410	
625	50.119585	-0.748714	
626	49.405337	-1.142161	
627	48.650222	-1.524775	
628	47.851432	-1.880547	
629	47.008811	-2.197019	
630	46.123588	-2.469691	
631	45.196983	-2.700144	
632	44.230116	-2.893656	
633	43.223757	-3.061012	
634	42.177866	-3.219448	
635	41.092582	-3.387717	
636	39.969693	-3.580155	
637	38.812487	-3.805062	
638	37.624472	-4.065018	
639	36.408144	-4.356228	
640	35.164590	-4.668643	
641	33.894550	-4.988346	
642	32.599612	-5.300976	
643	31.281772	-5.594597	
644	29.942800	-5.860907	
645	28.585063	-6.094908	
646	27.212396	-6.293882	
647	25.829729	-6.456985	
648	24.441591	-6.585951	
649	23.050429	-6.684813	
650	21.656535	-6.758856	
651	20.259285	-6.814726	
652	18.857542	-6.859800	
653	17.450018	-6.899745	
654	16.037350	-6.936752	
655	14.623526	-6.969581	
656	13.214811	-6.994530	
657	11.818425	-7.006739	
658	10.442345	-7.001953	
659	9.094700	-6.978555	
660	7.782236	-6.938113	
661	6.509750	-6.883852	
662	5.280759	-6.819438	
663	4.097402	-6.748889	
664	2.959753	-6.675705	
665	1.866381	-6.601375	
666	0.815779	-6.525148	
667	-0.192867	-6.445189	
668	-1.159796	-6.359888	
669	-2.085094	-6.268967	
670	-2.968580	-6.174957	
671	-3.809074	-6.084028	
672	-4.603918	-6.004847	
673	-5.348706	-5.947118	
674	-6.037029	-5.920732	
675	-6.660583	-5.933923	
676	-7.209750	-5.990546	
677	-7.674633	-6.088353	
678	-8.046408	-6.218390	
679	-8.318841	-6.364899	
680	-8.489449	-6.507081	
681	-8.559238	-6.623524	
682	-8.531323	-6.696530	
683	-8.409870	-6.714023	
684	-8.199728	-6.669656	
685	-7.906783	-6.561722	
686	-7.538648	-6.391667	
687	-7.104054	-6.164640	
688	-6.611154	-5.892320	
689	-6.067246	-5.593269	
690	-5.480321	-5.288532	
691	-4.860268	-4.995950	
692	-4.218336	-4.726130	
693	-3.565723	-4.481845	
694	-2.912677	-4.261880	
695	-2.268019	-4.066664	
696	-1.638840	-3.901671	
697	-1.031358	-3.776013	
698	-0.452629	-3.696889	
699	0.089407	-3.664264	
700	0.588407	-3.668964	
701	1.042535	-3.693491	
702	1.455893	-3.713861	
703	1.838301	-3.702503	
704	2.203439	-3.633543	
705	2.565398	-3.488696	
706	2.935118	-3.259993	
707	3.318292	-2.950069	
708	3.714760	-2.571251	
709	4.119480	-2.142105	
710	4.525265	-1.682650	
711	4.925800	-1.210302	
712	5.316969	-0.736548	
713	5.696325	-0.265817	
714	6.062348	0.201979	
715	6.414244	0.667728	
716	6.752136	1.131155	
717	7.078258	1.590215	
718	7.397830	2.039241	
719	7.716849	2.465669	
720	8.038325	2.850108	
721	8.361090	3.171741	
722	8.681574	3.414467	
723	8.995708	3.569949	
724	9.299079	3.637236	
725	9.586438	3.621699	
726	9.852652	3.536311	
727	10.094394	3.402454	
728	10.310194	3.245577	
729	10.498920	3.088237	
730	10.658972	2.946934	
731	10.788617	2.834005	
732	10.886005	2.759644	
733	10.949655	2.730258	
734	10.980762	2.745333	
735	10.984755	2.797183	
736	10.969000	2.874174	
737	10.939021	2.964499	
738	10.897680	3.058091	
739	10.846756	3.146251	
740	10.787811	3.219237	
741	10.721582	3.264454	
742	10.646796	3.268819	
743	10.560329	3.222491	
744	10.459027	3.120524	
745	10.340887	2.965354	
746	10.204834	2.769773	
747	10.050303	2.555281	
748	9.878101	2.346093	
749	9.692361	2.163745	
750	9.500001	2.024399	
751	9.306974	1.938005	
752	9.116006	1.908335	
753	8.927547	1.933146	
754	8.741348	2.004486	
755	8.557562	2.109773	
756	8.377305	2.234066	
757	8.201892	2.362902	
758	8.031345	2.484436	
759	7.864212	2.590233	
760	7.698846	2.675099	
761	7.534096	2.736457	
762	7.368530	2.773191	
763	7.199731	2.784172	
764	7.025114	2.767688	
765	6.843163	2.722114	
766	6.653338	2.646566	
767	6.455331	2.541033	
768	6.248838	2.406892	
769	6.033093	2.248412	
770	5.807065	2.073786	
771	5.571752	1.894111	
772	5.331459	1.721552	
773	5.091632	1.568248	
774	4.855956	1.444723	
775	4.625161	1.357234	
776	4.397417	1.307053	
777	4.169441	1.292430	
778	3.937847	1.309661	
779	3.700935	1.352784	
780	3.459886	1.414558	
781	3.217747	1.488449	
782	2.977321	1.569317	
783	2.740428	1.652285	
784	2.508844	1.731546	
785	2.284522	1.800474	
786	2.067628	1.852492	
787	1.854501	1.881534	
788	1.638258	1.882382	
789	1.411851	1.851834	
790	1.170812	1.789544	
791	0.913862	1.697468	
792	0.642066	1.579437	
793	0.358096	1.441827	
794	0.066143	1.293270	
795	-0.228180	1.141890	
796	-0.518753	0.991852	
797	-0.800730	0.841166	
798	-1.071986	0.681392	
799	-1.332546	0.500357	
800	-1.582369	0.287634	
801	-1.819524	0.039473	
802	-2.040377	-0.239178	
803	-2.242216	-0.532674	
804	-2.426317	-0.812986	
805	-2.598498	-1.046149	
806	-2.766673	-1.204215	
807	-2.936818	-1.273920	
808	-3.108956	-1.263732	
809	-3.276668	-1.201421	
810	-3.431354	-1.114446	
811	-3.566535	-1.015428	
812	-3.679171	-0.911078	
813	-3.769535	-0.815745	
814	-3.840224	-0.746938	
815	-3.893738	-0.712938	
816	-3.930782	-0.710158	
817	-3.951208	-0.728790	
818	-3.956263	-0.759371	
819	-3.949667	-0.796859	
820	-3.936215	-0.841675	
821	-3.919368	-0.897760	
822	-3.900662	-0.965303	
823	-3.881120	-1.032863	
824	-3.862109	-1.081173	
825	-3.844338	-1.095935	
826	-3.826689	-1.075695	
827	-3.806852	-1.030753	
828	-3.783400	-0.975621	
829	-3.757394	-0.921027	
830	-3.732830	-0.871309	
831	-3.715980	-0.826220	
832	-3.713229	-0.783193	
833	-3.728094	-0.738084	
834	-3.759578	-0.685902	
835	-3.802745	-0.622530	
836	-3.850334	-0.545487	
837	-3.894539	-0.452488	
838	-3.928979	-0.339118	
839	-3.950026	-0.198086	
840	-3.956727	-0.021329	
841	-3.949783	0.195885	
842	-3.929782	0.451669	
843	-3.895281	0.737350	
844	-3.842874	1.039928	
845	-3.769592	1.346047	
846	-3.674698	1.645690	
847	-3.559240	1.932567	
848	-3.424671	2.201715	
849	-3.271711	2.448902	
850	-3.100169	2.672795	
851	-2.909677	2.874918	
852	-2.699983	3.056339	
853	-2.470837	3.216718	
854	-2.222564	3.356476	
855	-1.956631	3.477055	
856	-1.675233	3.579357	
857	-1.380340	3.663277	
858	-1.073104	3.727925	
859	-0.753864	3.772195	
860	-0.422298	3.795455	
861	-0.077872	3.797639	
862	0.279206	3.779636	
863	0.647596	3.744586	
864	1.026171	3.698878	
865	1.415891	3.651727	
866	1.819433	3.613128	
867	2.238801	3.591128	
868	2.673869	3.590201	
869	3.122727	3.611584	
870	3.582481	3.654382	
871	4.049645	3.716185	
872	4.520544	3.793645	
873	4.992500	3.883862	
874	5.465380	3.985284	
875	5.941846	4.096917	
876	6.425980	4.216922	
877	6.922289	4.341825	
878	7.435976	4.466601	
879	7.973015	4.585329	
880	8.539300	4.692334	
881	9.139949	4.783630	
882	9.779238	4.857137	
883	10.460056	4.911518	
884	11.182853	4.945305	
885	11.945918	4.956766	
886	12.747162	4.944006	
887	13.585471	4.905222	
888	14.460699	4.839198	
889	15.372846	4.746391	
890	16.321064	4.630519	
891	17.303390	4.499320	
892	18.317633	4.363454	
893	19.362408	4.234936	
894	20.437302	4.126276	
895	21.541649	4.049446	
896	22.672688	4.013953	
897	23.825351	4.024572	
898	24.993917	4.080022	
899	26.173506	4.173384	
900	27.359941	4.294242	
901	28.548043	4.431888	
902	29.730324	4.577544	
903	30.897988	4.724356	
904	32.043439	4.867008	
905	33.161977	5.002614	
906	34.251774	5.131699	
907	35.312620	5.257932	
908	36.344881	5.387320	
909	37.349366	5.528112	
910	38.327085	5.690797	
911	39.278531	5.887226	
912	40.203499	6.129070	
913	41.101922	6.425009	
914	41.975207	6.777090	
915	42.826699	7.179405	
916	43.660558	7.618768	
917	44.480023	8.074568	
918	45.286454	8.519340	
919	46.079185	8.921747	
920	46.854988	9.250877	
921	47.607192	9.480207	
922	48.326186	9.588818	
923	49.001139	9.561184	
924	49.621009	9.389789	
925	50.175827	9.078484	
926	50.659616	8.641643	
927	51.072465	8.100898	
928	51.419756	7.483901	
929	51.710298	6.823527	
930	51.954496	6.154441	
931	52.161612	5.508650	
932	52.337170	4.911444	
933	52.483004	4.378035	
934	52.599061	3.912782	
935	52.684261	3.510894	
936	52.736347	3.161049	
937	52.752288	2.847953	
938	52.729436	2.553908	
939	52.666081	2.260766	
940	52.560914	1.953387	
941	52.412425	1.622271	
942	52.219039	1.263762	
943	51.979518	0.878775	
944	51.693223	0.471157	
945	51.360383	0.046709	
946	50.982310	-0.387254	
947	50.561216	-0.823277	
948	50.099554	-1.255841	
949	49.599652	-1.681888	
950	49.063880	-2.099110	
951	48.494176	-2.504665	
952	47.890976	-2.895337	
953	47.253064	-3.266368	
954	46.579045	-3.609941	
955	45.869325	-3.916961	
956	45.126939	-4.180708	
957	44.357023	-4.399073	
958	43.565655	-4.574725	
959	42.758631	-4.713949	
960	41.940380	-4.825190	
961	41.112749	-4.917794	
962	40.274218	-5.000422	
963	39.420512	-5.079450	
964	38.545945	-5.158795	
965	37.644336	-5.240167	
966	36.709266	-5.320877	
967	35.733645	-5.390076	
968	34.709399	-5.428089	
969	33.629502	-5.412378	
970	32.492961	-5.329709	
971	31.308084	-5.186814	
972	30.089001	-5.008702	
973	28.848938	-4.826028	
974	27.597217	-4.663307	
975	26.340090	-4.534000	
976	25.081543	-4.441483	
977	23.823043	-4.382111	
978	22.564154	-4.347311	
979	21.304707	-4.326099	
980	20.045877	-4.308226	
981	18.788374	-4.284225	
982	17.530795	-4.242919	
983	16.270124	-4.170541	
984	15.003115	-4.053831	
985	13.729649	-3.888795	
986	12.456024	-3.687980	
987	11.192547	-3.474907	
988	9.948943	-3.272227	
989	8.732718	-3.096132	
990	7.548154	-2.957095	
991	6.395271	-2.862129	
992	5.270444	-2.814260	
993	4.168219	-2.809683	
994	3.083974	-2.838328	
995	2.016234	-2.888567	
996	0.966905	-2.951094	
997	-0.059914	-3.020747	
998	-1.058335	-3.098129	
999	-2.019933	-3.190430	
1000	-2.933687	-3.310651	
1001	-3.787188	-3.475521	
1002	-4.567773	-3.701142	
1003	-5.263014	-3.996324	
1004	-5.861943	-4.356540	
1005	-6.357561	-4.763024	
1006	-6.747867	-5.189002	
1007	-7.033371	-5.607591	
1008	-7.214103	-5.995174	
1009	-7.289020	-6.331147	
1010	-7.257283	-6.597216	
1011	-7.121034	-6.777630	
1012	-6.888482	-6.860362	
1013	-6.573606	-6.838548	
1014	-6.191504	-6.711860	
1015	-5.753883	-6.486566	
1016	-5.268552	-6.173603	
1017	-4.741394	-5.786503	
1018	-4.178316	-5.339818	
1019	-3.586401	-4.848066	
1020	-2.974940	-4.327438	
1021	-2.356910	-3.798787	
1022	-1.746543	-3.286185	
1023	-1.151098	-2.810773	
1024	-0.566871	-2.386838	
1025	0.013129	-2.025098	
1026	0.588732	-1.737627	
1027	1.149935	-1.536330	
1028	1.679778	-1.427209	
1029	2.158885	-1.404660	
1030	2.573537	-1.446777	
1031	2.924797	-1.516877	
1032	3.231494	-1.573157	
1033	3.524406	-1.579673	
1034	3.835598	-1.514079	
1035	4.189334	-1.370359	
1036	4.598107	-1.154918	
1037	5.061769	-0.880641	
1038	5.568098	-0.563414	
1039	6.097095	-0.219048	
1040	6.627685	0.139306	
1041	7.142053	0.501161	
1042	7.627590	0.857191	
1043	8.078060	1.197715	
1044	8.492453	1.511797	
1045	8.871218	1.785719	
1046	9.212734	2.001837	
1047	9.512025	2.144350	
1048	9.762372	2.210217	
1049	9.959410	2.213956	
1050	10.103803	2.184678	
1051	10.197965	2.160032	
1052	10.241253	2.177229	
1053	10.232838	2.262514	
1054	10.179970	2.422318	
1055	10.103035	2.641157	
1056	10.031976	2.891159	
1057	9.993064	3.147925	
1058	9.997703	3.401229	
1059	10.044813	3.651543	
1060	10.129492	3.893962	
1061	10.246054	4.104959	
1062	10.387120	4.243400	
1063	10.545573	4.265215	
1064	10.715975	4.144236	
1065	10.891135	3.883098	
1066	11.059223	3.505484	
1067	11.204691	3.043536	
1068	11.310953	2.532567	
1069	11.363098	2.007931	
1070	11.349495	1.499990	
1071	11.263924	1.030144	
1072	11.108208	0.610041	
1073	10.892822	0.243650	
1074	10.634129	-0.069157	
1075	10.347678	-0.328889	
1076	10.042363	-0.534891	
1077	9.721040	-0.686566	
1078	9.384894	-0.784603	
1079	9.036332	-0.831327	
1080	8.679020	-0.831868	
1081	8.315551	-0.795454	
1082	7.945292	-0.735014	
1083	7.566423	-0.665758	
1084	7.180563	-0.603583	
1085	6.794031	-0.563393	
1086	6.415309	-0.557587	
1087	6.052345	-0.594266	
1088	5.710683	-0.674939	
1089	5.392538	-0.792912	
1090	5.097563	-0.933814	
1091	4.824548	-1.078496	
1092	4.572322	-1.207336	
1093	4.339693	-1.305441	
1094	4.125454	-1.366229	
1095	3.928218	-1.390751	
1096	3.745931	-1.385098	
1097	3.575643	-1.358254	
1098	3.413244	-1.319794	
1099	3.254544	-1.278516	
1100	3.098547	-1.242490	
1101	2.948504	-1.218399	
1102	2.808704	-1.209728	
1103	2.681883	-1.215953	
1104	2.569181	-1.234090	
1105	2.469072	-1.261159	
1106	2.375558	-1.295090	
1107	2.280241	-1.333937	
1108	2.177025	-1.375223	
1109	2.063474	-1.416349	
1110	1.939082	-1.455510	
1111	1.803665	-1.492832	
1112	1.656355	-1.530719	
1113	1.496204	-1.571955	
1114	1.324194	-1.617240	
1115	1.144140	-1.665070	
1116	0.962073	-1.713377	
1117	0.785186	-1.760535	
1118	0.620698	-1.805116	
1119	0.474921	-1.845149	
1120	0.352232	-1.877720	
1121	0.252651	-1.899536	
1122	0.168871	-1.908349	
1123	0.086607	-1.904375	
1124	-0.010288	-1.890538	
1125	-0.134071	-1.871284	
1126	-0.290779	-1.851063	
1127	-0.480541	-1.833262	
1128	-0.698742	-1.819320	
1129	-0.937211	-1.808499	
1130	-1.184468	-1.799104	
1131	-1.426137	-1.790116	
1132	-1.647643	-1.781144	
1133	-1.837913	-1.770986	
1134	-1.991528	-1.757622	
1135	-2.109098	-1.739802	
1136	-2.196309	-1.717242	
1137	-2.262144	-1.689336	
1138	-2.317086	-1.654845	
1139	-2.371118	-1.612400	
1140	-2.431719	-1.560300	
1141	-2.503214	-1.496170	
1142	-2.587557	-1.418260	
1143	-2.685415	-1.329008	
1144	-2.797509	-1.237335	
1145	-2.925375	-1.154764	
1146	-3.069185	-1.088222	
1147	-3.223802	-1.036765	
1148	-3.378586	-0.993619	
1149	-3.522667	-0.951166	
1150	-3.649259	-0.905112	
1151	-3.754310	-0.853828	
1152	-3.834264	-0.794983	
1153	-3.887470	-0.725070	
1154	-3.916038	-0.642077	
1155	-3.924521	-0.546369	
1156	-3.917105	-0.438172	
1157	-3.896104	-0.316206	
1158	-3.862034	-0.179039	
1159	-3.814636	-0.025911	
1160	-3.754683	0.143239	
1161	-3.685089	0.326547	
1162	-3.609346	0.518144	
1163	-3.528513	0.706669	
1164	-3.439974	0.876661	
1165	-3.339059	1.013728	
1166	-3.222350	1.109246	
1167	-3.090201	1.160790	
1168	-2.945772	1.170704	
1169	-2.790584	1.145684	
1170	-2.620133	1.095849	
1171	-2.423880	1.031752	
1172	-2.189480	0.962311	
1173	-1.906998	0.897119	
1174	-1.570900	0.849852	
1175	-1.180483	0.837758	
1176	-0.739805	0.878014	
1177	-0.258308	0.982414	
1178	0.249092	1.152159	
1179	0.766291	1.378905	
1180	1.282331	1.651177	
1181	1.792483	1.957245	
1182	2.295936	2.284353	
1183	2.795692	2.619714	
1184	3.297187	2.952146	
1185	3.802793	3.272106	
1186	4.308031	3.571221	
1187	4.804541	3.842955	
1188	5.287510	4.083886	
1189	5.759991	4.292203	
1190	6.228346	4.464385	
1191	6.694183	4.596222	
1192	7.153126	4.688481	
1193	7.599693	4.750195	
1194	8.031837	4.797003	
1195	8.453613	4.849493	
1196	8.872502	4.930313	
1197	9.289486	5.055561	
1198	9.691372	5.228976	
1199	10.053399	5.447583	
1200	10.347954	5.711915	
1201	10.549448	6.029749	
1202	10.631455	6.411386	
1203	10.565079	6.860822	
1204	10.326527	7.367796	
1205	9.906708	7.909089	
1206	9.313089	8.459951	
1207	8.565452	9.002388	
1208	7.690663	9.523560	
1209	6.717376	10.011085	
1210	5.670635	10.451053	
1211	4.566751	10.829077	
1212	3.409435	11.134531	
1213	2.188619	11.367619	
1214	0.883659	11.542932	
1215	-0.527408	11.683617	
1216	-2.055838	11.811205	
1217	-3.695042	11.939122	
1218	-5.422660	12.070217	
1219	-7.212174	12.197250	
1220	-9.047352	12.307807	
1221	-10.927182	12.390664	
1222	-12.860589	12.438303	
1223	-14.859804	12.446272	
1224	-16.935928	12.413244	
1225	-19.097088	12.340963	
1226	-21.348524	12.232191	
1227	-23.691995	12.088802	
1228	-26.124800	11.911487	
1229	-28.640898	11.699164	
1230	-31.233547	11.447722	
1231	-33.895896	11.150741	
1232	-36.618649	10.802504	
1233	-39.388572	10.399994	
1234	-42.189839	9.942575	
1235	-45.005370	9.431315	
1236	-47.815992	8.869570	
1237	-50.599941	8.263860	
1238	-53.335849	7.622573	
1239	-56.006581	6.953092	
1240	-58.599247	6.261545	
1241	-61.102855	5.555539	
1242	-63.508190	4.845171	
1243	-65.810327	4.140190	
1244	-68.010047	3.446971	
1245	-70.111463	2.768947	
1246	-72.118243	2.108516	
1247	-74.032313	1.466930	
1248	-75.854869	0.843552	
1249	-77.587705	0.236592	
1250	-79.233617	-0.357227	
1251	-80.794843	-0.946006	
1252	-82.270949	-1.546096	
1253	-83.658812	-2.179866	
1254	-84.954288	-2.867232	
1255	-86.153043	-3.619812	
1256	-87.250264	-4.440732	
1257	-88.240050	-5.324971	
1258	-89.113856	-6.262081	
1259	-89.858924	-7.241621	
1260	-90.458238	-8.254583	
1261	-90.891986	-9.289316	
1262	-91.140945	-10.325872	
1263	-91.192756	-11.333667	
1264	-91.049803	-12.275284	
1265	-90.732052	-13.112878	
1266	-90.272897	-13.815013	
1267	-89.714357	-14.368962	
1268	-89.099517	-14.792536	
1269	-88.460795	-15.126945	
1270	-87.814830	-15.413972	
1271	-87.166392	-15.679842	
1272	-86.514523	-15.933253	
1273	-85.858852	-16.168967	
1274	-85.206889	-16.369801	
1275	-84.578881	-16.508079	
1276	-84.002740	-16.553853	
1277	-83.499311	-16.492212	
1278	-83.068554	-16.336915	
1279	-82.686771	-16.124071	
1280	-82.317746	-15.889825	
1281	-81.928400	-15.656408	
1282	-81.497981	-15.436368	
1283	NaN	NaN	
1284	NaN	NaN	
1285	NaN	NaN	
1286	NaN	NaN	
1287	NaN	NaN	
1288	NaN	NaN	
1289	NaN	NaN	
1290	NaN	NaN	
1291	NaN	NaN	
1292	NaN	NaN	
1293	NaN	NaN	
1294	NaN	NaN	
1295	NaN	NaN	
1296	NaN	NaN	
1297	NaN	NaN	
1298	NaN	NaN	
1299	NaN	NaN	
1300	NaN	NaN	
1301	NaN	NaN	
1302	NaN	NaN	
1303	NaN	NaN	
1304	NaN	NaN	
1305	NaN	NaN	
1306	NaN	NaN	
1307	NaN	NaN	
1308	NaN	NaN	
1309	NaN	NaN	
1310	NaN	NaN	
1311	NaN	NaN	
1312	NaN	NaN	
1313	NaN	NaN	
1314	NaN	NaN	
1315	NaN	NaN	
1316	NaN	NaN	
1317	NaN	NaN	
1318	NaN	NaN	
1319	NaN	NaN	
1320	NaN	NaN	
1321	NaN	NaN	
1322	NaN	NaN	
1323	NaN	NaN	
1324	NaN	NaN	
1325	NaN	NaN	
1326	NaN	NaN	
1327	NaN	NaN	
1328	NaN	NaN	
1329	NaN	NaN	
1330	NaN	NaN	
1331	NaN	NaN	
1332	NaN	NaN	
1333	NaN	NaN	
1334	NaN	NaN	
1335	NaN	NaN	
1336	NaN	NaN	
1337	NaN	NaN	
1338	NaN	NaN	
1339	NaN	NaN	
1340	NaN	NaN	
1341	NaN	NaN	
1342	NaN	NaN	
1343	NaN	NaN	
1344	NaN	NaN	
1345	NaN	NaN	
1346	NaN	NaN	
1347	NaN	NaN	
