Athlete_Engineering	// User ID
11-2-2021	// Evaluation date
P001_SQUAT	23-1-2021	11:57:12:229	// Source file name and timestamp
250.000	// Sampling rate
5.483	// Data capture period



Sample #	Right_Leg_Flexion	Right_Leg_Abduction	
0	-11.633691	-4.791256	
1	-11.638153	-4.798077	
2	-11.644428	-4.801963	
3	-11.651858	-4.801533	
4	-11.660204	-4.795442	
5	-11.669148	-4.782652	
6	-11.678066	-4.762854	
7	-11.686115	-4.736753	
8	-11.692245	-4.705942	
9	-11.695495	-4.672428	
10	-11.695577	-4.638394	
11	-11.692961	-4.606187	
12	-11.688332	-4.577640	
13	-11.682249	-4.553487	
14	-11.675419	-4.533720	
15	-11.668862	-4.517877	
16	-11.663593	-4.504947	
17	-11.660252	-4.493585	
18	-11.658983	-4.482669	
19	-11.659545	-4.471419	
20	-11.661367	-4.459062	
21	-11.663398	-4.445474	
22	-11.664380	-4.432133	
23	-11.663572	-4.421441	
24	-11.660966	-4.415143	
25	-11.656977	-4.413425	
26	-11.652167	-4.415197	
27	-11.646882	-4.419376	
28	-11.640930	-4.425877	
29	-11.633750	-4.435335	
30	-11.624770	-4.448227	
31	-11.613478	-4.464046	
32	-11.599366	-4.481133	
33	-11.582331	-4.497586	
34	-11.563494	-4.511828	
35	-11.545266	-4.522119	
36	-11.530346	-4.526529	
37	-11.520709	-4.523781	
38	-11.516870	-4.514125	
39	-11.517537	-4.499504	
40	-11.520329	-4.482677	
41	-11.522994	-4.465971	
42	-11.523948	-4.450755	
43	-11.522123	-4.437990	
44	-11.516861	-4.428730	
45	-11.508079	-4.423475	
46	-11.496189	-4.421442	
47	-11.481516	-4.421246	
48	-11.463835	-4.422199	
49	-11.442456	-4.424703	
50	-11.416764	-4.429332	
51	-11.386978	-4.435659	
52	-11.354457	-4.442585	
53	-11.321316	-4.449638	
54	-11.289676	-4.457045	
55	-11.260679	-4.464738	
56	-11.233858	-4.472048	
57	-11.207800	-4.478228	
58	-11.181445	-4.482998	
59	-11.154653	-4.486324	
60	-11.128094	-4.487514	
61	-11.102876	-4.485228	
62	-11.080126	-4.478790	
63	-11.060654	-4.469458	
64	-11.044656	-4.460202	
65	-11.031699	-4.453775	
66	-11.021179	-4.450976	
67	-11.012683	-4.450532	
68	-11.005824	-4.450226	
69	-10.999919	-4.448444	
70	-10.993903	-4.444986	
71	-10.986446	-4.440606	
72	-10.976175	-4.436373	
73	-10.961912	-4.433795	
74	-10.943001	-4.434566	
75	-10.919652	-4.439077	
76	-10.892731	-4.445568	
77	-10.863082	-4.451302	
78	-10.830977	-4.454373	
79	-10.796022	-4.454590	
80	-10.757580	-4.453041	
81	-10.715504	-4.450938	
82	-10.670402	-4.449113	
83	-10.623046	-4.448574	
84	-10.573649	-4.451159	
85	-10.521684	-4.459714	
86	-10.465940	-4.477903	
87	-10.404887	-4.509053	
88	-10.337602	-4.554424	
89	-10.264339	-4.612550	
90	-10.186350	-4.679708	
91	-10.105432	-4.750727	
92	-10.023414	-4.819957	
93	-9.941663	-4.882369	
94	-9.860647	-4.934696	
95	-9.779846	-4.976005	
96	-9.698346	-5.007307	
97	-9.615365	-5.031240	
98	-9.530327	-5.051599	
99	-9.442931	-5.071410	
100	-9.352981	-5.091382	
101	-9.260104	-5.110809	
102	-9.163915	-5.128787	
103	-9.064232	-5.144346	
104	-8.961000	-5.156857	
105	-8.853945	-5.166004	
106	-8.742448	-5.170154	
107	-8.626170	-5.165025	
108	-8.505704	-5.144470	
109	-8.382274	-5.102975	
110	-8.257001	-5.038100	
111	-8.130474	-4.950936	
112	-8.002447	-4.844722	
113	-7.871504	-4.723406	
114	-7.735016	-4.590733	
115	-7.589572	-4.449680	
116	-7.431447	-4.302729	
117	-7.256837	-4.153013	
118	-7.062326	-4.004983	
119	-6.845822	-3.863409	
120	-6.607174	-3.731429	
121	-6.347888	-3.610035	
122	-6.070078	-3.500035	
123	-5.775351	-3.404418	
124	-5.464474	-3.328258	
125	-5.138116	-3.275826	
126	-4.797801	-3.247174	
127	-4.446143	-3.237145	
128	-4.086429	-3.237852	
129	-3.721800	-3.242075	
130	-3.354717	-3.244908	
131	-2.987616	-3.243729	
132	-2.624148	-3.236717	
133	-2.269356	-3.220702	
134	-1.927954	-3.191047	
135	-1.602184	-3.143393	
136	-1.291483	-3.074598	
137	-0.993594	-2.982873	
138	-0.705482	-2.867902	
139	-0.423451	-2.731309	
140	-0.142785	-2.577907	
141	0.141576	-2.415551	
142	0.432278	-2.251005	
143	0.727061	-2.085165	
144	1.020111	-1.914370	
145	1.306174	-1.736991	
146	1.582776	-1.557278	
147	1.849419	-1.382896	
148	2.106574	-1.220470	
149	2.355985	-1.073465	
150	2.601121	-0.942036	
151	2.846220	-0.823861	
152	3.095008	-0.715730	
153	3.350747	-0.614302	
154	3.616611	-0.515662	
155	3.895522	-0.415607	
156	4.190134	-0.311041	
157	4.502863	-0.200765	
158	4.835283	-0.084602	
159	5.187378	0.038003	
160	5.558045	0.167282	
161	5.946978	0.300018	
162	6.355985	0.428497	
163	6.788244	0.544662	
164	7.246256	0.645431	
165	7.730309	0.733590	
166	8.238610	0.814259	
167	8.768412	0.891208	
168	9.316432	0.966218	
169	9.877778	1.040915	
170	10.444752	1.118617	
171	11.008276	1.204133	
172	11.561684	1.301691	
173	12.102573	1.413012	
174	12.631176	1.537125	
175	13.148224	1.671716	
176	13.654594	1.814302	
177	14.152403	1.962911	
178	14.645156	2.117014	
179	15.135958	2.277817	
180	15.626554	2.447447	
181	16.118640	2.627578	
182	16.615182	2.817422	
183	17.121224	3.011343	
184	17.644516	3.198908	
185	18.193454	3.370294	
186	18.772554	3.522689	
187	19.380054	3.660302	
188	20.009186	3.789205	
189	20.650951	3.913088	
190	21.296372	4.032746	
191	21.937547	4.149127	
192	22.568740	4.265517	
193	23.188060	4.384457	
194	23.798271	4.502745	
195	24.406465	4.609825	
196	25.022816	4.690349	
197	25.657301	4.730441	
198	26.314298	4.725500	
199	26.988386	4.684387	
200	27.665577	4.627053	
201	28.330997	4.575566	
202	28.978229	4.542283	
203	29.611339	4.525388	
204	30.237510	4.515522	
205	30.859167	4.504697	
206	31.472411	4.491595	
207	32.070230	4.482798	
208	32.646786	4.488882	
209	33.199765	4.518836	
210	33.729532	4.577437	
211	34.237068	4.664982	
212	34.723050	4.777582	
213	35.188425	4.907468	
214	35.635772	5.044156	
215	36.070004	5.178377	
216	36.497896	5.307525	
217	36.927630	5.437166	
218	37.368323	5.576664	
219	37.828241	5.733662	
220	38.311360	5.911356	
221	38.814131	6.108284	
222	39.325809	6.319919	
223	39.833581	6.541974	
224	40.328618	6.772873	
225	40.808378	7.011327	
226	41.275323	7.251076	
227	41.735106	7.480187	
228	42.195317	7.686906	
229	42.663579	7.866155	
230	43.144501	8.021559	
231	43.638370	8.161657	
232	44.143096	8.292847	
233	44.655988	8.414943	
234	45.174984	8.521329	
235	45.700635	8.602296	
236	46.235150	8.650887	
237	46.778725	8.666292	
238	47.328951	8.650484	
239	47.882937	8.604072	
240	48.438162	8.527564	
241	48.992431	8.425665	
242	49.544058	8.310659	
243	50.092043	8.202194	
244	50.636742	8.122982	
245	51.180246	8.094123	
246	51.725635	8.132047	
247	52.276745	8.245892	
248	52.837799	8.436358	
249	53.410170	8.696945	
250	53.988592	9.015331	
251	54.561845	9.374854	
252	55.118036	9.759392	
253	55.650476	10.158912	
254	56.161233	10.567194	
255	56.660345	10.973737	
256	57.159696	11.362386	
257	57.666288	11.718594	
258	58.180842	12.034644	
259	58.699161	12.309835	
260	59.213077	12.549769	
261	59.714434	12.762708	
262	60.201300	12.953104	
263	60.679734	13.119334	
264	61.159605	13.257834	
265	61.648664	13.369523	
266	62.148880	13.463678	
267	62.657167	13.554989	
268	63.169746	13.654635	
269	63.686659	13.762405	
270	64.212826	13.866234	
271	64.754308	13.949994	
272	65.313327	14.003284	
273	65.887181	14.026196	
274	66.469990	14.029575	
275	67.054206	14.032503	
276	67.633042	14.056090	
277	68.202894	14.116979	
278	68.762318	14.224900	
279	69.308782	14.382359	
280	69.837615	14.583651	
281	70.344627	14.814933	
282	70.829438	15.057830	
283	71.295695	15.295490	
284	71.748258	15.517101	
285	72.191102	15.718026	
286	72.627634	15.897659	
287	73.060568	16.060360	
288	73.490423	16.217498	
289	73.915489	16.383460	
290	74.332363	16.568694	
291	74.735703	16.777751	
292	75.120091	17.012246	
293	75.483905	17.273963	
294	75.830531	17.564295	
295	76.166072	17.879932	
296	76.497553	18.209333	
297	76.831579	18.535898	
298	77.171649	18.846371	
299	77.518657	19.133346	
300	77.875212	19.389736	
301	78.246895	19.606311	
302	78.639560	19.775861	
303	79.056831	19.897104	
304	79.498862	19.974068	
305	79.962040	20.013094	
306	80.439889	20.021117	
307	80.925511	20.004380	
308	81.415484	19.964229	
309	81.911757	19.894076	
310	82.417988	19.785327	
311	82.933754	19.637947	
312	83.452687	19.464500	
313	83.965930	19.285463	
314	84.467367	19.121594	
315	84.955798	18.987543	
316	85.433025	18.887435	
317	85.901336	18.813212	
318	86.362999	18.746986	
319	86.820062	18.668915	
320	87.272410	18.567528	
321	87.715835	18.445757	
322	88.142909	18.321162	
323	88.546776	18.221627	
324	88.924395	18.177986	
325	89.276069	18.216077	
326	89.603007	18.350502	
327	89.907078	18.581505	
328	90.193165	18.895000	
329	90.470683	19.265848	
330	90.753279	19.661656	
331	91.057945	20.043191	
332	91.401794	20.366770	
333	91.795062	20.597853	
334	92.235863	20.726749	
335	92.712633	20.767113	
336	93.211025	20.741098	
337	93.719468	20.668943	
338	94.229812	20.569136	
339	94.733188	20.464931	
340	95.218711	20.385510	
341	95.678000	20.355984	
342	96.108784	20.388019	
343	96.513765	20.480510	
344	96.897507	20.624317	
345	97.264783	20.805143	
346	97.619438	21.006563	
347	97.962618	21.212998	
348	98.293089	21.409687	
349	98.610392	21.581316	
350	98.916811	21.713937	
351	99.215779	21.800711	
352	99.510859	21.845212	
353	99.806843	21.861290	
354	100.107981	21.873279	
355	100.415040	21.910295	
356	100.726911	21.991939	
357	101.044045	22.118143	
358	101.368648	22.273072	
359	101.702542	22.438165	
360	102.045567	22.601713	
361	102.394620	22.759896	
362	102.743665	22.914212	
363	103.086692	23.067286	
364	103.421291	23.218421	
365	103.748289	23.364225	
366	104.069293	23.502527	
367	104.385971	23.634356	
368	104.699916	23.763496	
369	105.011945	23.894491	
370	105.321982	24.031161	
371	105.628926	24.177764	
372	105.930267	24.340410	
373	106.223922	24.523901	
374	106.510914	24.727262	
375	106.794437	24.945397	
376	107.077051	25.173470	
377	107.360057	25.407351	
378	107.643476	25.641731	
379	107.924982	25.869701	
380	108.200296	26.085220	
381	108.465634	26.286162	
382	108.718850	26.473563	
383	108.958776	26.648224	
384	109.185611	26.808883	
385	109.402403	26.951862	
386	109.615189	27.069456	
387	109.831093	27.148961	
388	110.054953	27.179171	
389	110.286938	27.159890	
390	110.524405	27.101008	
391	110.765490	27.013988	
392	111.009775	26.907793	
393	111.256762	26.790146	
394	111.504858	26.668534	
395	111.751621	26.547716	
396	111.993603	26.429327	
397	112.224821	26.319396	
398	112.438142	26.232336	
399	112.631305	26.181001	
400	112.810101	26.164588	
401	112.983795	26.168748	
402	113.158603	26.174945	
403	113.334522	26.169186	
404	113.505355	26.146010	
405	113.662511	26.106516	
406	113.799639	26.053374	
407	113.913696	25.988695	
408	114.004695	25.915910	
409	114.075821	25.842756	
410	114.131505	25.781119	
411	114.174332	25.743367	
412	114.203767	25.740002	
413	114.216712	25.778818	
414	114.208284	25.862717	
415	114.172449	25.988478	
416	114.102870	26.149079	
417	113.994097	26.337748	
418	113.843022	26.549926	
419	113.650480	26.779951	
420	113.422012	27.016222	
421	113.165792	27.243701	
422	112.890197	27.450273	
423	112.605357	27.625956	
424	112.324259	27.760239	
425	112.058370	27.845856	
426	111.812746	27.882392	
427	111.586137	27.875080	
428	111.374288	27.832224	
429	111.172480	27.762370	
430	110.976711	27.671189	
431	110.784752	27.559532	
432	110.596507	27.424103	
433	110.412563	27.260933	
434	110.232191	27.069584	
435	110.052693	26.855554	
436	109.869413	26.630393	
437	109.675385	26.409342	
438	109.462691	26.205038	
439	109.226097	26.019935	
440	108.965117	25.845658	
441	108.683408	25.669901	
442	108.387170	25.483941	
443	108.081902	25.288223	
444	107.769671	25.092751	
445	107.450376	24.909664	
446	107.124525	24.745203	
447	106.794445	24.597488	
448	106.463833	24.458895	
449	106.135366	24.321804	
450	105.808745	24.183011	
451	105.481738	24.041713	
452	105.151281	23.898465	
453	104.813056	23.758241	
454	104.462512	23.628426	
455	104.097044	23.512730	
456	103.715913	23.410157	
457	103.316836	23.320434	
458	102.893937	23.248520	
459	102.441157	23.201674	
460	101.956252	23.183311	
461	101.441357	23.188892	
462	100.903265	23.203881	
463	100.353237	23.207197	
464	99.803240	23.180922	
465	99.261266	23.116691	
466	98.730707	23.012010	
467	98.212255	22.864613	
468	97.703395	22.675290	
469	97.196922	22.455002	
470	96.682872	22.224083	
471	96.152863	22.002867	
472	95.603002	21.804788	
473	95.034329	21.635331	
474	94.451956	21.492246	
475	93.863315	21.367735	
476	93.275974	21.252435	
477	92.695891	21.137765	
478	92.125835	21.017327	
479	91.563655	20.888850	
480	91.002494	20.755196	
481	90.433836	20.622733	
482	89.849778	20.498779	
483	89.243680	20.389416	
484	88.612229	20.296225	
485	87.957847	20.213437	
486	87.287809	20.130276	
487	86.610300	20.039372	
488	85.931855	19.943445	
489	85.257514	19.855047	
490	84.591275	19.791672	
491	83.937320	19.766321	
492	83.301194	19.778379	
493	82.686899	19.814770	
494	82.092816	19.858236	
495	81.512577	19.892594	
496	80.938865	19.904005	
497	80.365579	19.882797	
498	79.787994	19.825511	
499	79.202106	19.733444	
500	78.604718	19.609595	
501	77.993986	19.458275	
502	77.368741	19.286714	
503	76.727403	19.106096	
504	76.068737	18.928920	
505	75.394739	18.762408	
506	74.712446	18.604496	
507	74.031180	18.447581	
508	73.356913	18.286119	
509	72.688086	18.121661	
510	72.015258	17.963051	
511	71.326931	17.820491	
512	70.619917	17.695529	
513	69.903995	17.577647	
514	69.195355	17.451131	
515	68.507301	17.301510	
516	67.847211	17.116706	
517	67.218254	16.888520	
518	66.620329	16.616406	
519	66.048979	16.310664	
520	65.494401	15.991877	
521	64.943027	15.684409	
522	64.382106	15.407472	
523	63.803520	15.170612	
524	63.204483	14.973151	
525	62.586438	14.805099	
526	61.952137	14.652708	
527	61.302472	14.505741	
528	60.636703	14.357968	
529	59.954853	14.203624	
530	59.259008	14.037293	
531	58.553466	13.855556	
532	57.843881	13.656759	
533	57.135323	13.440720	
534	56.430683	13.209813	
535	55.730514	12.968143	
536	55.034134	12.717889	
537	54.341384	12.458129	
538	53.654010	12.188492	
539	52.975570	11.913189	
540	52.309771	11.639905	
541	51.658545	11.373478	
542	51.021716	11.112344	
543	50.397453	10.852228	
544	49.781730	10.590064	
545	49.168830	10.323989	
546	48.553583	10.054031	
547	47.932478	9.783433	
548	47.304815	9.515569	
549	46.674343	9.249786	
550	46.046699	8.983289	
551	45.424438	8.717087	
552	44.805769	8.459315	
553	44.187219	8.222954	
554	43.567624	8.019640	
555	42.950880	7.854245	
556	42.345157	7.723671	
557	41.759525	7.619286	
558	41.201180	7.530047	
559	40.674708	7.444898	
560	40.181964	7.354898	
561	39.721529	7.254525	
562	39.288753	7.141418	
563	38.876947	7.015207	
564	38.478937	6.876816	
565	38.088629	6.729142	
566	37.702427	6.578498	
567	37.318677	6.435609	
568	36.935213	6.314402	
569	36.549291	6.227227	
570	36.160821	6.179608	
571	35.774510	6.169083	
572	35.398955	6.187617	
573	35.043836	6.225122	
574	34.716612	6.272999	
575	34.420928	6.325942	
576	34.157307	6.381346	
577	33.924456	6.437824	
578	33.720826	6.493735	
579	33.546277	6.546002	
580	33.402372	6.590198	
581	33.291016	6.622225	
582	33.212600	6.640544	
583	33.164989	6.647505	
584	33.144294	6.648975	
585	33.147318	6.651445	
586	33.173644	6.658097	
587	33.224867	6.668118	
588	33.302282	6.679477	
589	33.405833	6.691277	
590	33.534717	6.703613	
591	33.688877	6.715742	
592	33.870081	6.724838	
593	34.080921	6.726930	
594	34.323065	6.717941	
595	34.597836	6.692751	
596	34.907448	6.645862	
597	35.253329	6.575815	
598	35.633226	6.488690	
599	36.040659	6.397181	
600	36.466596	6.316644	
601	36.901074	6.261192	
602	37.333922	6.241588	
603	37.756294	6.263505	
604	38.163410	6.325746	
605	38.554956	6.421285	
606	38.932544	6.540469	
607	39.298607	6.672788	
608	39.657543	6.807390	
609	40.016227	6.933779	
610	40.383030	7.042684	
611	40.765582	7.127695	
612	41.168403	7.187477	
613	41.592839	7.227301	
614	42.038860	7.259609	
615	42.506376	7.301947	
616	42.995938	7.371092	
617	43.509537	7.476705	
618	44.050780	7.619345	
619	44.622195	7.794984	
620	45.221357	8.000728	
621	45.840954	8.234366	
622	46.472098	8.490938	
623	47.107076	8.762513	
624	47.740329	9.039160	
625	48.367581	9.308554	
626	48.984631	9.556712	
627	49.587734	9.770863	
628	50.175586	9.941756	
629	50.750484	10.064680	
630	51.316144	10.140225	
631	51.874465	10.173955	
632	52.425636	10.174425	
633	52.971193	10.150422	
634	53.516118	10.108747	
635	54.068441	10.053247	
636	54.638124	9.983687	
637	55.235199	9.896307	
638	55.866580	9.789899	
639	56.535052	9.672856	
640	57.241048	9.564261	
641	57.984109	9.487908	
642	58.763869	9.462270	
643	59.579192	9.494002	
644	60.425117	9.580548	
645	61.292023	9.717035	
646	62.168107	9.899309	
647	63.042646	10.122684	
648	63.908139	10.381522	
649	64.759847	10.670460	
650	65.593991	10.983778	
651	66.407082	11.312503	
652	67.195462	11.643893	
653	67.954496	11.966207	
654	68.679045	12.274173	
655	69.365104	12.569553	
656	70.011071	12.858443	
657	70.617247	13.150255	
658	71.184602	13.457763	
659	71.716472	13.792780	
660	72.222414	14.158546	
661	72.717679	14.548070	
662	73.216702	14.951127	
663	73.728561	15.361306	
664	74.258961	15.777651	
665	74.813007	16.202938	
666	75.394157	16.639932	
667	76.001911	17.087354	
668	76.631833	17.538725	
669	77.277835	17.983130	
670	77.933949	18.405519	
671	78.594384	18.787542	
672	79.253853	19.111171	
673	79.908135	19.364661	
674	80.553662	19.545561	
675	81.189709	19.656592	
676	81.823164	19.700640	
677	82.466705	19.684537	
678	83.128305	19.625268	
679	83.804213	19.545876	
680	84.483290	19.469040	
681	85.156240	19.418594	
682	85.819834	19.417146	
683	86.473216	19.475535	
684	87.113063	19.590351	
685	87.736094	19.752252	
686	88.345288	19.952691	
687	88.950554	20.185616	
688	89.563652	20.446590	
689	90.192997	20.731197	
690	90.841851	21.034567	
691	91.509232	21.351360	
692	92.190779	21.675708	
693	92.878655	22.000922	
694	93.562583	22.317985	
695	94.232777	22.614993	
696	94.882471	22.880618	
697	95.508525	23.109119	
698	96.110924	23.302393	
699	96.692086	23.469272	
700	97.255762	23.622889	
701	97.805729	23.775796	
702	98.345245	23.935797	
703	98.876679	24.105442	
704	99.400345	24.283873	
705	99.912869	24.469050	
706	100.406985	24.659556	
707	100.875439	24.854539	
708	101.316560	25.051311	
709	101.735595	25.243557	
710	102.142707	25.421993	
711	102.551166	25.578297	
712	102.972893	25.713570	
713	103.411731	25.842285	
714	103.862419	25.982563	
715	104.316302	26.144098	
716	104.766907	26.326130	
717	105.211910	26.521750	
718	105.652632	26.722939	
719	106.092802	26.925409	
720	106.536836	27.131239	
721	106.987685	27.346185	
722	107.445448	27.574150	
723	107.907489	27.815160	
724	108.370543	28.066786	
725	108.834623	28.324894	
726	109.304850	28.583463	
727	109.787431	28.835248	
728	110.283978	29.073325	
729	110.790551	29.292522	
730	111.300022	29.490670	
731	111.803742	29.668875	
732	112.292181	29.829290	
733	112.755940	29.972195	
734	113.187713	30.095673	
735	113.583757	30.197464	
736	113.944098	30.276817	
737	114.272515	30.335490	
738	114.576099	30.376884	
739	114.863912	30.404333	
740	115.145653	30.421812	
741	115.430344	30.436018	
742	115.724539	30.455209	
743	116.031246	30.485311	
744	116.351198	30.529004	
745	116.685243	30.588227	
746	117.034224	30.664141	
747	117.396283	30.754701	
748	117.766424	30.855853	
749	118.139580	30.964530	
750	118.512145	31.077468	
751	118.880571	31.189394	
752	119.240246	31.295186	
753	119.585001	31.392161	
754	119.907401	31.480724	
755	120.200880	31.564606	
756	120.462409	31.649197	
757	120.694347	31.739854	
758	120.904433	31.843220	
759	121.103083	31.967866	
760	121.299834	32.122097	
761	121.501607	32.312278	
762	121.712984	32.540503	
763	121.937022	32.799324	
764	122.175526	33.070113	
765	122.427875	33.331819	
766	122.689985	33.572347	
767	122.956157	33.789901	
768	123.221840	33.986681	
769	123.483662	34.164468	
770	123.737342	34.323826	
771	123.976911	34.464477	
772	124.196730	34.585907	
773	124.393616	34.687592	
774	124.566922	34.768492	
775	124.717942	34.827955	
776	124.849664	34.869025	
777	124.965652	34.899355	
778	125.067717	34.927680	
779	125.154926	34.960752	
780	125.226012	35.001271	
781	125.282264	35.046123	
782	125.327086	35.089002	
783	125.363758	35.124486	
784	125.394594	35.149069	
785	125.420910	35.162487	
786	125.441845	35.168354	
787	125.453421	35.170736	
788	125.450563	35.169876	
789	125.429921	35.160783	
790	125.389769	35.135752	
791	125.329011	35.089361	
792	125.248057	35.023471	
793	125.150134	34.949930	
794	125.041081	34.886366	
795	124.927013	34.845473	
796	124.811580	34.828821	
797	124.695534	34.830013	
798	124.577521	34.838546	
799	124.454389	34.840977	
800	124.322095	34.824002	
801	124.177066	34.779083	
802	124.016748	34.704505	
803	123.839670	34.604133	
804	123.645892	34.485414	
805	123.437339	34.358060	
806	123.216462	34.231317	
807	122.984438	34.109956	
808	122.741391	33.992771	
809	122.487749	33.872494	
810	122.224935	33.734938	
811	121.955545	33.561091	
812	121.683203	33.333000	
813	121.411472	33.039160	
814	121.141586	32.678542	
815	120.870146	32.262408	
816	120.589869	31.811014	
817	120.293944	31.349731	
818	119.978442	30.907155	
819	119.640107	30.508893	
820	119.274401	30.169793	
821	118.876798	29.892242	
822	118.446146	29.668881	
823	117.987993	29.485668	
824	117.515454	29.321314	
825	117.046364	29.145504	
826	116.594931	28.929033	
827	116.162487	28.661879	
828	115.739874	28.354893	
829	115.317655	28.024660	
830	114.887970	27.684480	
831	114.441372	27.346548	
832	113.970455	27.023359	
833	113.475777	26.724948	
834	112.965991	26.456298	
835	112.453322	26.216470	
836	111.946874	26.001780	
837	111.446616	25.813242	
838	110.943448	25.659737	
839	110.424573	25.552344	
840	109.878517	25.496433	
841	109.298908	25.488065	
842	108.686190	25.515153	
843	108.044911	25.561905	
844	107.377802	25.619801	
845	106.681593	25.698675	
846	105.951484	25.817955	
847	105.192926	25.981023	
848	104.428173	26.161010	
849	103.689078	26.312008	
850	103.002744	26.391657	
851	102.382643	26.375416	
852	101.829299	26.258020	
853	101.336305	26.046905	
854	100.895343	25.754903	
855	100.497526	25.397180	
856	100.133586	24.990816	
857	99.793281	24.555900	
858	99.462940	24.117490	
859	99.125186	23.703524	
860	98.764351	23.335804	
861	98.372828	23.022741	
862	97.952101	22.761473	
863	97.508228	22.543468	
864	97.045131	22.357698	
865	96.560907	22.192900	
866	96.050601	22.040031	
867	95.511524	21.892881	
868	94.944297	21.746053	
869	94.349938	21.593405	
870	93.729114	21.430053	
871	93.084503	21.256408	
872	92.421486	21.079149	
873	91.745725	20.907004	
874	91.061255	20.746085	
875	90.370578	20.600114	
876	89.674985	20.472886	
877	88.974130	20.367562	
878	88.265336	20.284339	
879	87.545230	20.221491	
880	86.814576	20.178735	
881	86.080269	20.157848	
882	85.351204	20.160438	
883	84.633667	20.186058	
884	83.930700	20.230184	
885	83.244437	20.280277	
886	82.578451	20.313029	
887	81.936297	20.301093	
888	81.316063	20.229104	
889	80.707738	20.101586	
890	80.097810	19.933405	
891	79.476472	19.737188	
892	78.840941	19.520168	
893	78.193528	19.287636	
894	77.537760	19.047002	
895	76.876007	18.808044	
896	76.208677	18.578872	
897	75.533724	18.360874	
898	74.848795	18.143532	
899	74.155909	17.905627	
900	73.460498	17.631242	
901	72.764484	17.325416	
902	72.063771	17.009832	
903	71.350862	16.709060	
904	70.617878	16.442132	
905	69.861507	16.216636	
906	69.087930	16.025598	
907	68.310321	15.852999	
908	67.540193	15.684233	
909	66.781937	15.513012	
910	66.032873	15.342801	
911	65.286041	15.183157	
912	64.534857	15.042009	
913	63.776004	14.919143	
914	63.009028	14.803421	
915	62.235619	14.673889	
916	61.458611	14.506687	
917	60.680880	14.284345	
918	59.905326	14.001191	
919	59.134121	13.663493	
920	58.367605	13.284936	
921	57.605514	12.880151	
922	56.849640	12.460651	
923	56.103821	12.034577	
924	55.369469	11.608952	
925	54.642508	11.191492	
926	53.917220	10.789791	
927	53.191218	10.408098	
928	52.464565	10.044065	
929	51.736304	9.690488	
930	51.004181	9.342627	
931	50.266511	9.002046	
932	49.521996	8.671268	
933	48.768657	8.348158	
934	48.006339	8.028501	
935	47.241381	7.710222	
936	46.487219	7.392305	
937	45.759407	7.073008	
938	45.069406	6.751454	
939	44.420768	6.428924	
940	43.808400	6.107001	
941	43.221513	5.785446	
942	42.649586	5.463590	
943	42.086942	5.143975	
944	41.533002	4.832376	
945	40.991037	4.532574	
946	40.467324	4.242712	
947	39.968796	3.959082	
948	39.499629	3.682529	
949	39.059380	3.419297	
950	38.643619	3.176076	
951	38.246834	2.954984	
952	37.866085	2.753838	
953	37.502940	2.571142	
954	37.162224	2.409588	
955	36.848091	2.275172	
956	36.560730	2.173119	
957	36.297426	2.102821	
958	36.056329	2.056575	
959	35.838243	2.023431	
960	35.645445	1.993480	
961	35.479731	1.960736	
962	35.341635	1.924993	
963	35.231858	1.890228	
964	35.153287	1.860245	
965	35.109875	1.837115	
966	35.103098	1.822569	
967	35.130652	1.817643	
968	35.188139	1.821628	
969	35.271845	1.833504	
970	35.381081	1.853669	
971	35.518293	1.883823	
972	35.687401	1.926122	
973	35.892166	1.982530	
974	36.135178	2.054213	
975	36.417375	2.141170	
976	36.737954	2.242124	
977	37.094313	2.354177	
978	37.481997	2.472497	
979	37.895329	2.591127	
980	38.328064	2.705310	
981	38.773632	2.813117	
982	39.227247	2.914760	
983	39.688440	3.012781	
984	40.160103	3.113702	
985	40.645805	3.226679	
986	41.148296	3.359295	
987	41.668274	3.514600	
988	42.203605	3.690715	
989	42.750770	3.882915	
990	43.307994	4.086793	
991	43.877469	4.299386	
992	44.464324	4.518164	
993	45.072108	4.740789	
994	45.697729	4.966048	
995	46.330723	5.194759	
996	46.959111	5.429722	
997	47.576967	5.673893	
998	48.186830	5.927701	
999	48.795904	6.187029	
1000	49.410669	6.443013	
1001	50.035133	6.684614	
1002	50.672664	6.903277	
1003	51.327094	7.097315	
1004	52.001295	7.273020	
1005	52.695322	7.440690	
1006	53.405949	7.609505	
1007	54.127047	7.787273	
1008	54.849831	7.982615	
1009	55.563383	8.203972	
1010	56.256810	8.457685	
1011	56.922985	8.748617	
1012	57.561919	9.080246	
1013	58.181203	9.452331	
1014	58.791540	9.861314	
1015	59.400227	10.303631	
1016	60.009622	10.774540	
1017	60.622207	11.264589	
1018	61.244931	11.762184	
1019	61.886832	12.259646	
1020	62.554104	12.753874	
1021	63.249213	13.240395	
1022	63.973246	13.708686	
1023	64.727419	14.144440	
1024	65.512832	14.535398	
1025	66.328057	14.877335	
1026	67.165883	15.176822	
1027	68.014432	15.443774	
1028	68.860548	15.681117	
1029	69.688630	15.889559	
1030	70.479308	16.081583	
1031	71.214912	16.281258	
1032	71.887306	16.509096	
1033	72.501870	16.771069	
1034	73.076278	17.060742	
1035	73.634151	17.368165	
1036	74.196516	17.685757	
1037	74.776643	18.008011	
1038	75.381134	18.329031	
1039	76.013256	18.641802	
1040	76.673313	18.939514	
1041	77.358187	19.217460	
1042	78.062961	19.474024	
1043	78.781345	19.710318	
1044	79.503894	19.929534	
1045	80.217411	20.136955	
1046	80.907354	20.340010	
1047	81.562164	20.547332	
1048	82.176235	20.765658	
1049	82.750357	20.994925	
1050	83.292773	21.225268	
1051	83.820470	21.441269	
1052	84.355155	21.633643	
1053	84.914444	21.807897	
1054	85.506882	21.982113	
1055	86.133482	22.176620	
1056	86.790169	22.400754	
1057	87.468419	22.646474	
1058	88.155837	22.895119	
1059	88.838203	23.128469	
1060	89.503249	23.334146	
1061	90.144590	23.505100	
1062	90.764489	23.637121	
1063	91.374203	23.727792	
1064	91.989077	23.778427	
1065	92.620726	23.795812	
1066	93.272036	23.791485	
1067	93.936542	23.781727	
1068	94.602190	23.786249	
1069	95.256698	23.822684	
1070	95.890336	23.901839	
1071	96.496514	24.027228	
1072	97.072600	24.197301	
1073	97.621569	24.407077	
1074	98.151933	24.647487	
1075	98.673811	24.905924	
1076	99.194999	25.170515	
1077	99.720757	25.433437	
1078	100.254263	25.689620	
1079	100.795734	25.934158	
1080	101.342605	26.161924	
1081	101.891659	26.368585	
1082	102.441364	26.551359	
1083	102.991996	26.708874	
1084	103.543399	26.840417	
1085	104.092874	26.945222	
1086	104.634750	27.022156	
1087	105.161740	27.071096	
1088	105.667009	27.095898	
1089	106.146762	27.104962	
1090	106.603310	27.108109	
1091	107.044501	27.113844	
1092	107.479052	27.129636	
1093	107.913431	27.163695	
1094	108.350868	27.225232	
1095	108.791594	27.322404	
1096	109.235611	27.459528	
1097	109.683736	27.635155	
1098	110.134769	27.841847	
1099	110.584688	28.067950	
1100	111.029224	28.301574	
1101	111.465330	28.534486	
1102	111.891317	28.762138	
1103	112.307549	28.981275	
1104	112.716685	29.188901	
1105	113.122040	29.382883	
1106	113.525250	29.563705	
1107	113.925970	29.735410	
1108	114.322971	29.901963	
1109	114.714596	30.062362	
1110	115.100196	30.211575	
1111	115.481737	30.344549	
1112	115.862898	30.457974	
1113	116.247473	30.552151	
1114	116.638019	30.632537	
1115	117.034385	30.707696	
1116	117.435092	30.788813	
1117	117.840918	30.893217	
1118	118.255101	31.041448	
1119	118.679704	31.245352	
1120	119.113290	31.502114	
1121	119.551864	31.800991	
1122	119.991040	32.131653	
1123	120.427219	32.486355	
1124	120.856465	32.859428	
1125	121.273005	33.247725	
1126	121.670905	33.649963	
1127	122.047523	34.063746	
1128	122.404381	34.484323	
1129	122.744980	34.906000	
1130	123.072405	35.321671	
1131	123.388727	35.721029	
1132	123.695417	36.092203	
1133	123.993126	36.425406	
1134	124.281317	36.714115	
1135	124.558611	36.953726	
1136	124.823048	37.140262	
1137	125.072095	37.270281	
1138	125.303255	37.341674	
1139	125.514896	37.355426	
1140	125.706335	37.318412	
1141	125.877669	37.245258	
1142	126.030235	37.155746	
1143	126.167221	37.068663	
1144	126.293139	36.997912	
1145	126.411518	36.952037	
1146	126.522403	36.934180	
1147	126.623071	36.941642	
1148	126.712387	36.964728	
1149	126.793656	36.988408	
1150	126.871534	37.003105	
1151	126.947272	37.014397	
1152	127.018862	37.035816	
1153	127.084105	37.075687	
1154	127.141821	37.135011	
1155	127.191312	37.211875	
1156	127.231291	37.303032	
1157	127.258604	37.402587	
1158	127.267931	37.501504	
1159	127.253407	37.589878	
1160	127.211315	37.660230	
1161	127.142014	37.708653	
1162	127.049974	37.734501	
1163	126.941499	37.740879	
1164	126.821694	37.734528	
1165	126.693169	37.723475	
1166	126.556276	37.713610	
1167	126.409236	37.706972	
1168	126.248256	37.702332	
1169	126.068004	37.694789	
1170	125.862229	37.672905	
1171	125.624881	37.617635	
1172	125.352211	37.508247	
1173	125.044953	37.332058	
1174	124.709230	37.089005	
1175	124.355962	36.789622	
1176	123.998680	36.450754	
1177	123.649958	36.090331	
1178	123.319597	35.723513	
1179	123.015987	35.363272	
1180	122.745506	35.022151	
1181	122.506834	34.712389	
1182	122.286383	34.446042	
1183	122.062118	34.232175	
1184	121.812900	34.069511	
1185	121.523883	33.942800	
1186	121.185599	33.829438	
1187	120.793030	33.707793	
1188	120.348196	33.556753	
1189	119.861634	33.355468	
1190	119.348917	33.092376	
1191	118.825662	32.772180	
1192	118.305490	32.413260	
1193	117.800106	32.041763	
1194	117.317921	31.685625	
1195	116.860896	31.368407	
1196	116.423488	31.105408	
1197	115.996452	30.903166	
1198	115.573109	30.760603	
1199	115.151578	30.670559	
1200	114.730315	30.621024	
1201	114.303258	30.595933	
1202	113.861279	30.577894	
1203	113.397956	30.554748	
1204	112.912062	30.524654	
1205	112.405206	30.491977	
1206	111.880200	30.458228	
1207	111.341171	30.418124	
1208	110.792594	30.361521	
1209	110.238408	30.276597	
1210	109.682265	30.151610	
1211	109.127079	29.975932	
1212	108.574204	29.743268	
1213	108.024100	29.454436	
1214	107.477804	29.113564	
1215	106.937827	28.720781	
1216	106.407928	28.271302	
1217	105.891454	27.763266	
1218	105.389216	27.206668	
1219	104.897694	26.626635	
1220	104.407913	26.060413	
1221	103.907654	25.547309	
1222	103.387681	25.114203	
1223	102.846453	24.767690	
1224	102.289457	24.496782	
1225	101.725971	24.279280	
1226	101.165594	24.090086	
1227	100.614883	23.910028	
1228	100.076732	23.727864	
1229	99.552520	23.536278	
1230	99.042718	23.329095	
1231	98.545538	23.101643	
1232	98.056811	22.852777	
1233	97.571315	22.586246	
1234	97.083642	22.311267	
1235	96.587839	22.044330	
1236	96.076538	21.809766	
1237	95.540713	21.634450	
1238	94.970945	21.538203	
1239	94.361228	21.525564	
1240	93.714270	21.581732	
1241	93.043770	21.675543	
1242	92.370646	21.771036	
1243	91.715653	21.838489	
1244	91.092556	21.858087	
1245	90.504225	21.821020	
1246	89.944319	21.727189	
1247	89.403219	21.580474	
1248	88.871302	21.389800	
1249	88.339327	21.170208	
1250	87.801301	20.936318	
1251	87.257653	20.696555	
1252	86.713745	20.454514	
1253	86.175096	20.213211	
1254	85.643076	19.977675	
1255	85.113089	19.755177	
1256	84.575370	19.554663	
1257	84.017932	19.386190	
1258	83.431015	19.257906	
1259	82.810376	19.170850	
1260	82.157364	19.117557	
1261	81.477055	19.086060	
1262	80.776714	19.065087	
1263	80.065009	19.047845	
1264	79.350741	19.031444	
1265	78.640847	19.011904	
1266	77.939384	18.981501	
1267	77.248653	18.931493	
1268	76.570080	18.857748	
1269	75.902070	18.765771	
1270	75.238354	18.668173	
1271	74.570948	18.574724	
1272	73.894858	18.485226	
1273	73.210624	18.388828	
1274	72.523870	18.268451	
1275	71.842148	18.109388	
1276	71.170261	17.906170	
1277	70.506598	17.663171	
1278	69.843782	17.390699	
1279	69.173462	17.100340	
1280	68.491021	16.802235	
1281	67.797710	16.504389	
1282	67.100256	16.213349	
1283	66.407486	15.935818	
1284	65.724129	15.680906	
1285	65.045778	15.461357	
1286	64.360866	15.289343	
1287	63.658731	15.168100	
1288	62.935638	15.088173	
1289	62.195087	15.030279	
1290	61.444743	14.970261	
1291	60.690969	14.886385	
1292	59.934332	14.766734	
1293	59.171319	14.607790	
1294	58.399752	14.405945	
1295	57.620279	14.156063	
1296	56.831520	13.860381	
1297	56.025893	13.533358	
1298	55.193851	13.194221	
1299	54.332036	12.857375	
1300	53.445542	12.530453	
1301	52.543740	12.217766	
1302	51.635439	11.923681	
1303	50.726813	11.652168	
1304	49.822115	11.402674	
1305	48.925507	11.168484	
1306	48.041237	10.942032	
1307	47.170736	10.721491	
1308	46.311166	10.509160	
1309	45.459023	10.303799	
1310	44.612538	10.098671	
1311	43.768704	9.886892	
1312	42.921418	9.664689	
1313	42.064260	9.429527	
1314	41.193054	9.177838	
1315	40.306114	8.904636	
1316	39.404676	8.604131	
1317	38.492980	8.270581	
1318	37.576452	7.899630	
1319	36.659917	7.490107	
1320	35.747634	7.043591	
1321	34.843583	6.563139	
1322	33.949486	6.057584	
1323	33.062883	5.546063	
1324	32.179408	5.053045	
1325	31.296184	4.600127	
1326	30.412676	4.201682	
1327	29.530107	3.862568	
1328	28.649836	3.579920	
1329	27.772175	3.349064	
1330	26.897174	3.166350	
1331	26.025198	3.026935	
1332	25.156599	2.923877	
1333	24.292251	2.850359	
1334	23.434755	2.800076	
1335	22.589067	2.764724	
1336	21.762215	2.732466	
1337	20.961754	2.688771	
1338	20.193397	2.619702	
1339	19.459644	2.516841	
1340	18.759553	2.380192	
1341	18.088811	2.216965	
1342	17.440826	2.038067	
1343	16.808595	1.854986	
1344	16.186176	1.677940	
1345	15.569754	1.514263	
1346	14.958298	1.366547	
1347	14.353126	1.232725	
1348	13.756373	1.109340	
1349	13.169702	0.995123	
1350	12.594304	0.891956	
1351	12.031939	0.803339	
1352	11.486165	0.731174	
1353	10.962848	0.673196	
1354	10.469666	0.623613	
1355	10.014886	0.575516	
1356	9.605213	0.522867	
1357	9.242869	0.462811	
1358	8.923701	0.397877	
1359	8.638130	0.335530	
1360	8.375189	0.284511	
1361	8.127571	0.250037	
1362	7.893713	0.231703	
1363	7.675031	0.225796	
1364	7.471700	0.228773	
1365	7.281437	0.238527	
1366	7.100868	0.253647	
1367	6.926071	0.272387	
1368	6.751818	0.292403	
1369	6.572279	0.310609	
1370	6.383337	0.322740	
