Athlete_Engineering	// User ID
11-2-2021	// Evaluation date
P002_WALK6	23-1-2021	14:06:28:911	// Source file name and timestamp
250.000	// Sampling rate
5.666	// Data capture period



Sample #	Right_Leg_Flexion	Right_Leg_Abduction	
0	3.847712	4.411908	
1	3.810295	4.332911	
2	3.777192	4.248219	
3	3.747684	4.161228	
4	3.720570	4.078376	
5	3.692757	4.005264	
6	3.660906	3.945506	
7	3.624910	3.902466	
8	3.589117	3.878421	
9	3.559813	3.871495	
10	3.542088	3.875729	
11	3.538717	3.884279	
12	3.549882	3.891525	
13	3.573273	3.894265	
14	3.605005	3.893183	
15	3.640547	3.891851	
16	3.675558	3.893619	
17	3.706639	3.900313	
18	3.731187	3.912356	
19	3.747113	3.928694	
20	3.753517	3.947472	
21	3.751318	3.967221	
22	3.742643	3.987290	
23	3.729738	4.007675	
24	3.714819	4.028358	
25	3.700585	4.048261	
26	3.689884	4.064805	
27	3.684457	4.074535	
28	3.684185	4.074495	
29	3.687433	4.063781	
30	3.691915	4.044062	
31	3.695721	4.018764	
32	3.697871	3.991673	
33	3.698202	3.965973	
34	3.697408	3.944609	
35	3.696837	3.930358	
36	3.697377	3.924210	
37	3.698512	3.924363	
38	3.698465	3.927177	
39	3.695292	3.929004	
40	3.688389	3.928828	
41	3.679171	3.930431	
42	3.670265	3.940630	
43	3.664120	3.964098	
44	3.662547	4.000502	
45	3.666744	4.046369	
46	3.676407	4.097446	
47	3.689462	4.148908	
48	3.703455	4.195611	
49	3.716570	4.233664	
50	3.727850	4.262363	
51	3.737190	4.284507	
52	3.744761	4.303913	
53	3.750395	4.322919	
54	3.753384	4.342771	
55	3.752322	4.365280	
56	3.745557	4.393432	
57	3.732498	4.430548	
58	3.714151	4.478547	
59	3.692218	4.537137	
60	3.668475	4.604751	
61	3.645113	4.679085	
62	3.624567	4.755835	
63	3.608847	4.828290	
64	3.598989	4.889580	
65	3.593969	4.934042	
66	3.590434	4.955711	
67	3.584753	4.946935	
68	3.575052	4.899961	
69	3.560835	4.810500	
70	3.540954	4.678823	
71	3.512209	4.507706	
72	3.469908	4.303384	
73	3.410310	4.081347	
74	3.333294	3.866954	
75	3.243364	3.686006	
76	3.149307	3.559781	
77	3.062389	3.506586	
78	2.992735	3.531570	
79	2.947308	3.614168	
80	2.931009	3.716962	
81	2.946798	3.806768	
82	2.994453	3.868071	
83	3.070856	3.903288	
84	3.170032	3.922323	
85	3.282534	3.932292	
86	3.397566	3.935784	
87	3.506292	3.934406	
88	3.602708	3.932360	
89	3.683175	3.940286	
90	3.746351	3.976353	
91	3.792716	4.058155	
92	3.823945	4.192911	
93	3.843669	4.374765	
94	3.858875	4.588375	
95	3.880122	4.817380	
96	3.920175	5.049308	
97	3.990480	5.271798	
98	4.094796	5.466755	
99	4.223237	5.609642	
100	4.354594	5.678897	
101	4.467510	5.670233	
102	4.550365	5.602448	
103	4.603276	5.508259	
104	4.633258	5.416134	
105	4.647023	5.340002	
106	4.646721	5.283738	
107	4.630600	5.247787	
108	4.596535	5.230551	
109	4.545076	5.229576	
110	4.479843	5.243097	
111	4.406013	5.267142	
112	4.329466	5.292560	
113	4.257371	5.310732	
114	4.198202	5.320684	
115	4.159126	5.324312	
116	4.143193	5.318432	
117	4.150262	5.299246	
118	4.178949	5.270014	
119	4.225426	5.237660	
120	4.282072	5.206032	
121	4.339616	5.175652	
122	4.390342	5.145713	
123	4.429024	5.114179	
124	4.451546	5.075729	
125	4.453683	5.018999	
126	4.432682	4.929205	
127	4.389963	4.796563	
128	4.331438	4.622479	
129	4.265926	4.419076	
130	4.203215	4.203675	
131	4.152165	3.993104	
132	4.119284	3.802750	
133	4.107301	3.648452	
134	4.114394	3.544688	
135	4.136385	3.498692	
136	4.170572	3.506924	
137	4.217469	3.557258	
138	4.279284	3.634110	
139	4.356926	3.722553	
140	4.447713	3.809814	
141	4.545245	3.885561	
142	4.641836	3.943260	
143	4.730414	3.982099	
144	4.803687	4.006849	
145	4.854154	4.026123	
146	4.877124	4.051842	
147	4.873793	4.098726	
148	4.851911	4.180925	
149	4.823641	4.306567	
150	4.800905	4.472801	
151	4.789374	4.662845	
152	4.785305	4.847313	
153	4.778994	4.992547	
154	4.760915	5.072296	
155	4.724711	5.074001	
156	4.667455	4.997353	
157	4.589405	4.849927	
158	4.494158	4.644537	
159	4.389559	4.399273	
160	4.287313	4.136843	
161	4.199062	3.880261	
162	4.132117	3.648438	
163	4.089796	3.456128	
164	4.075350	3.316138	
165	4.093569	3.238208	
166	4.147028	3.222862	
167	4.231983	3.256182	
168	4.340225	3.313685	
169	4.464313	3.371890	
170	4.599493	3.415440	
171	4.742651	3.434098	
172	4.892637	3.419164	
173	5.050753	3.368494	
174	5.219438	3.294917	
175	5.402193	3.225603	
176	5.603889	3.189819	
177	5.827611	3.206474	
178	6.072258	3.281899	
179	6.335604	3.415326	
180	6.618174	3.603673	
181	6.921360	3.840042	
182	7.241785	4.105554	
183	7.571592	4.369804	
184	7.907420	4.612810	
185	8.255380	4.839081	
186	8.621408	5.053117	
187	8.999681	5.231338	
188	9.377544	5.334550	
189	9.749085	5.339585	
190	10.119375	5.253568	
191	10.499769	5.110603	
192	10.902130	4.958462	
193	11.335355	4.839551	
194	11.805106	4.778631	
195	12.313658	4.782614	
196	12.857450	4.842891	
197	13.425755	4.934555	
198	14.003320	5.022319	
199	14.576561	5.078620	
200	15.140198	5.099873	
201	15.697334	5.109807	
202	16.251786	5.145791	
203	16.802958	5.224923	
204	17.348979	5.320615	
205	17.890520	5.380337	
206	18.429580	5.353469	
207	18.966487	5.196516	
208	19.498641	4.864313	
209	20.022116	4.301612	
210	20.535285	3.440345	
211	21.043925	2.212309	
212	21.568159	0.601871	
213	22.140350	-1.254262	
214	22.772326	-3.033369	
215	23.421454	-4.401974	
216	24.028401	-5.184332	
217	24.583136	-5.307579	
218	25.139992	-4.746703	
219	25.780877	-3.614595	
220	26.550913	-2.203825	
221	27.435699	-0.815542	
222	28.399135	0.387961	
223	29.413787	1.367574	
224	30.462249	2.147000	
225	31.528333	2.759904	
226	32.591339	3.224204	
227	33.625219	3.557818	
228	34.602430	3.796611	
229	35.504016	3.984686	
230	36.329301	4.156353	
231	37.094704	4.322121	
232	37.823319	4.461202	
233	38.534495	4.535321	
234	39.237945	4.515454	
235	39.933190	4.395889	
236	40.612284	4.192939	
237	41.263437	3.938385	
238	41.876868	3.671524	
239	42.450396	3.429693	
240	42.988465	3.238707	
241	43.496497	3.108952	
242	43.978128	3.039468	
243	44.436360	3.024281	
244	44.874362	3.055756	
245	45.294660	3.124553	
246	45.697847	3.218369	
247	46.082405	3.322358	
248	46.446532	3.421499	
249	46.789894	3.503049	
250	47.113447	3.558666	
251	47.418385	3.586055	
252	47.706015	3.587452	
253	47.978285	3.565234	
254	48.236668	3.521290	
255	48.480658	3.461073	
256	48.708838	3.394463	
257	48.919895	3.331906	
258	49.110355	3.281746	
259	49.273393	3.248924	
260	49.403533	3.231731	
261	49.500745	3.222084	
262	49.567214	3.212742	
263	49.602701	3.202533	
264	49.604861	3.193998	
265	49.572054	3.188242	
266	49.503978	3.183288	
267	49.399569	3.176792	
268	49.256860	3.167770	
269	49.076058	3.155507	
270	48.860746	3.139270	
271	48.616258	3.118479	
272	48.347790	3.091899	
273	48.058302	3.057643	
274	47.747241	3.014387	
275	47.412062	2.962576	
276	47.050700	2.904551	
277	46.662231	2.842795	
278	46.246063	2.777013	
279	45.801213	2.702739	
280	45.326648	2.613641	
281	44.822330	2.505405	
282	44.289560	2.377355	
283	43.730477	2.231564	
284	43.147183	2.071257	
285	42.540946	1.900030	
286	41.912429	1.722290	
287	41.262030	1.543553	
288	40.589279	1.369809	
289	39.893067	1.207029	
290	39.173623	1.060978	
291	38.433910	0.936601	
292	37.678639	0.836879	
293	36.912195	0.761494	
294	36.137590	0.705846	
295	35.356580	0.660453	
296	34.569529	0.611855	
297	33.774972	0.546920	
298	32.970337	0.457711	
299	32.153137	0.342203	
300	31.321384	0.202787	
301	30.474043	0.045556	
302	29.611237	-0.121497	
303	28.733795	-0.291408	
304	27.843153	-0.459826	
305	26.941285	-0.625487	
306	26.030195	-0.790525	
307	25.110946	-0.959697	
308	24.182827	-1.138064	
309	23.244035	-1.328151	
310	22.292571	-1.528456	
311	21.326473	-1.734443	
312	20.344785	-1.940814	
313	19.347957	-2.143330	
314	18.337247	-2.339129	
315	17.314936	-2.525997	
316	16.284369	-2.702693	
317	15.249518	-2.869917	
318	14.215614	-3.029682	
319	13.188912	-3.183578	
320	12.173932	-3.331514	
321	11.171875	-3.471192	
322	10.182171	-3.598570	
323	9.203987	-3.708798	
324	8.236192	-3.795985	
325	7.277185	-3.853071	
326	6.325342	-3.873927	
327	5.379722	-3.855472	
328	4.440178	-3.797778	
329	3.507387	-3.702905	
330	2.583781	-3.573171	
331	1.674062	-3.410331	
332	0.784411	-3.216371	
333	-0.078304	-2.995341	
334	-0.906712	-2.756595	
335	-1.692793	-2.517529	
336	-2.427429	-2.300728	
337	-3.100099	-2.126092	
338	-3.699600	-2.005146	
339	-4.215726	-1.940447	
340	-4.640310	-1.927222	
341	-4.967376	-1.955247	
342	-5.193910	-2.010167	
343	-5.321146	-2.073348	
344	-5.354411	-2.121498	
345	-5.301715	-2.128922	
346	-5.173469	-2.073011	
347	-4.982800	-1.939131	
348	-4.744651	-1.720629	
349	-4.474477	-1.415250	
350	-4.187408	-1.023576	
351	-3.898531	-0.551587	
352	-3.624004	-0.013809	
353	-3.379632	0.567901	
354	-3.176687	1.171033	
355	-3.020251	1.778329	
356	-2.910701	2.377422	
357	-2.844244	2.958817	
358	-2.812951	3.517076	
359	-2.805679	4.052697	
360	-2.808663	4.572107	
361	-2.806458	5.084571	
362	-2.784050	5.595744	
363	-2.728781	6.102578	
364	-2.632112	6.592906	
365	-2.490964	7.048549	
366	-2.306672	7.451631	
367	-2.082767	7.791571	
368	-1.824125	8.067691	
369	-1.536557	8.285992	
370	-1.226217	8.454094	
371	-0.899299	8.580284	
372	-0.561171	8.676246	
373	-0.215850	8.757074	
374	0.132742	8.837551	
375	0.479255	8.928376	
376	0.816596	9.033867	
377	1.136706	9.152033	
378	1.432071	9.278385	
379	1.697665	9.411271	
380	1.931208	9.552007	
381	2.130741	9.698695	
382	2.293267	9.843750	
383	2.416478	9.980439	
384	2.500724	10.108581	
385	2.548476	10.231644	
386	2.562369	10.350534	
387	2.544845	10.461110	
388	2.499165	10.556911	
389	2.430050	10.634443	
390	2.344503	10.696479	
391	2.252254	10.751109	
392	2.163766	10.808351	
393	2.087283	10.877630	
394	2.027888	10.966199	
395	1.987989	11.076421	
396	1.967328	11.205130	
397	1.962792	11.346993	
398	1.968897	11.493034	
399	1.979245	11.624117	
400	1.988436	11.714769	
401	1.993556	11.748646	
402	1.994584	11.728675	
403	1.992804	11.673026	
404	1.988430	11.603284	
405	1.979949	11.534782	
406	1.965066	11.473877	
407	1.942170	11.419677	
408	1.911991	11.366039	
409	1.878505	11.304274	
410	1.848360	11.227047	
411	1.829442	11.131340	
412	1.828983	11.019433	
413	1.851924	10.899094	
414	1.900709	10.782399	
415	1.974920	10.680464	
416	2.069571	10.597702	
417	2.174136	10.531402	
418	2.273955	10.473834	
419	2.354989	10.414110	
420	2.409270	10.341837	
421	2.435879	10.251258	
422	2.437941	10.143498	
423	2.418922	10.027017	
424	2.380453	9.915760	
425	2.323858	9.826845	
426	2.254095	9.781474	
427	2.180777	9.803037	
428	2.113741	9.901939	
429	2.057980	10.061102	
430	2.013954	10.248914	
431	1.981499	10.445340	
432	1.962539	10.648243	
433	1.962220	10.866336	
434	1.988585	11.113786	
435	2.048951	11.397762	
436	2.144444	11.706112	
437	2.268069	12.015190	
438	2.407475	12.304804	
439	2.547837	12.560293	
440	2.673629	12.769941	
441	2.772246	12.927919	
442	2.837734	13.035538	
443	2.870645	13.096948	
444	2.875872	13.117126	
445	2.861631	13.103798	
446	2.837973	13.067138	
447	2.813535	13.016667	
448	2.793253	12.959124	
449	2.778811	12.897908	
450	2.770521	12.833267	
451	2.769122	12.763613	
452	2.776354	12.687502	
453	2.793664	12.604756	
454	2.820895	12.516505	
455	2.857164	12.425257	
456	2.901965	12.334269	
457	2.954336	12.245861	
458	3.012266	12.161412	
459	3.073745	12.082493	
460	3.137353	12.009784	
461	3.201414	11.941815	
462	3.262733	11.875864	
463	3.316116	11.808444	
464	3.355770	11.734972	
465	3.377673	11.651061	
466	3.380316	11.554126	
467	3.363640	11.442982	
468	3.328996	11.317203	
469	3.280364	11.177367	
470	3.224262	11.024790	
471	3.168567	10.861137	
472	3.120742	10.688854	
473	3.085205	10.511300	
474	3.062341	10.331548	
475	3.050459	10.151073	
476	3.047697	9.969238	
477	3.051785	9.783434	
478	3.059447	9.590643	
479	3.066985	9.389868	
480	3.071368	9.182469	
481	3.071343	8.970912	
482	3.068376	8.759894	
483	3.066541	8.559099	
484	3.070689	8.381738	
485	3.083916	8.237612	
486	3.107421	8.128307	
487	3.143044	8.049461	
488	3.194713	7.995168	
489	3.267044	7.959274	
490	3.362961	7.934000	
491	3.482242	7.909696	
492	3.621639	7.878632	
493	3.776074	7.839466	
494	3.939325	7.795311	
495	4.104502	7.747647	
496	4.266343	7.696031	
497	4.423246	7.643298	
498	4.575811	7.596953	
499	4.724268	7.564253	
500	4.868411	7.547126	
501	5.009356	7.542824	
502	5.150566	7.548097	
503	5.297287	7.560804	
504	5.455054	7.578858	
505	5.628284	7.599756	
506	5.819505	7.620433	
507	6.029137	7.636955	
508	6.256100	7.645805	
509	6.498319	7.645478	
510	6.752158	7.635939	
511	7.012459	7.617521	
512	7.274143	7.590533	
513	7.533776	7.554538	
514	7.789729	7.508165	
515	8.041437	7.450370	
516	8.289255	7.382066	
517	8.534604	7.307401	
518	8.779723	7.234347	
519	9.027655	7.173132	
520	9.282149	7.131848	
521	9.546956	7.112630	
522	9.824803	7.112738	
523	10.116703	7.128780	
524	10.422133	7.157977	
525	10.739730	7.195772	
526	11.068083	7.234805	
527	11.406518	7.267109	
528	11.755880	7.286385	
529	12.119308	7.288374	
530	12.501827	7.270877	
531	12.907829	7.234253	
532	13.338619	7.180873	
533	13.792862	7.114420	
534	14.269140	7.040550	
535	14.767508	6.966843	
536	15.288851	6.899588	
537	15.833877	6.839620	
538	16.403404	6.782694	
539	16.998756	6.724445	
540	17.621626	6.663862	
541	18.274159	6.601311	
542	18.958352	6.533993	
543	19.674550	6.454629	
544	20.421256	6.354143	
545	21.196636	6.224789	
546	21.999636	6.061777	
547	22.829626	5.863362	
548	23.685803	5.630683	
549	24.567597	5.369153	
550	25.475268	5.089586	
551	26.410077	4.806496	
552	27.374039	4.534204	
553	28.368912	4.282762	
554	29.395362	4.056906	
555	30.453943	3.858816	
556	31.546690	3.690619	
557	32.676628	3.555043	
558	33.845213	3.455178	
559	35.050043	3.393197	
560	36.284507	3.370187	
561	37.539295	3.388138	
562	38.804472	3.451979	
563	40.070227	3.569492	
564	41.325626	3.746553	
565	42.557300	3.980510	
566	43.750190	4.259909	
567	44.890000	4.571059	
568	45.965545	4.904812	
569	46.970473	5.260415	
570	47.904470	5.644338	
571	48.772339	6.062046	
572	49.581339	6.509937	
573	50.340222	6.976156	
574	51.059667	7.445351	
575	51.751149	7.899674	
576	52.423645	8.318273	
577	53.080481	8.679039	
578	53.719349	8.961373	
579	54.335268	9.148832	
580	54.923545	9.231472	
581	55.480783	9.205823	
582	56.003767	9.073324	
583	56.488424	8.840919	
584	56.930846	8.522065	
585	57.328525	8.134007	
586	57.679999	7.692360	
587	57.985123	7.208703	
588	58.246813	6.693824	
589	58.472328	6.161105	
590	58.673246	5.627008	
591	58.862989	5.112594	
592	59.051853	4.643435	
593	59.242991	4.242244	
594	59.431943	3.920271	
595	59.609606	3.675643	
596	59.766830	3.498379	
597	59.897983	3.377450	
598	60.002089	3.304700	
599	60.081242	3.274250	
600	60.137376	3.280075	
601	60.169897	3.313829	
602	60.175000	3.363197	
603	60.144786	3.411778	
604	60.067261	3.441965	
605	59.930679	3.438950	
606	59.728297	3.393139	
607	59.457709	3.300844	
608	59.118088	3.165249	
609	58.708477	2.998440	
610	58.226382	2.819278	
611	57.668687	2.645711	
612	57.034514	2.489261	
613	56.327136	2.353875	
614	55.554691	2.236157	
615	54.728315	2.127207	
616	53.857796	2.016074	
617	52.949223	1.894498	
618	52.006075	1.760526	
619	51.031175	1.616826	
620	50.027509	1.465653	
621	48.997741	1.305117	
622	47.943565	1.128763	
623	46.865932	0.927693	
624	45.766030	0.692630	
625	44.645989	0.416265	
626	43.508955	0.097147	
627	42.358690	-0.257886	
628	41.198255	-0.635701	
629	40.028632	-1.021644	
630	38.849134	-1.403496	
631	37.658420	-1.773565	
632	36.454326	-2.128565	
633	35.234820	-2.466687	
634	34.001160	-2.785366	
635	32.759130	-3.082419	
636	31.516954	-3.357641	
637	30.283014	-3.613254	
638	29.064033	-3.853407	
639	27.863185	-4.082816	
640	26.679731	-4.305960	
641	25.510713	-4.526814	
642	24.352673	-4.747721	
643	23.201837	-4.968059	
644	22.053726	-5.184284	
645	20.904066	-5.391454	
646	19.751084	-5.584843	
647	18.597031	-5.761328	
648	17.446862	-5.920552	
649	16.305233	-6.064122	
650	15.175393	-6.193141	
651	14.060149	-6.306559	
652	12.962097	-6.400046	
653	11.882939	-6.465213	
654	10.823256	-6.491182	
655	9.782636	-6.468372	
656	8.760082	-6.391695	
657	7.754761	-6.260066	
658	6.766326	-6.072840	
659	5.794770	-5.828229	
660	4.840653	-5.526084	
661	3.905914	-5.171047	
662	2.994399	-4.771292	
663	2.111117	-4.333833	
664	1.261437	-3.861585	
665	0.451482	-3.355086	
666	-0.311996	-2.817134	
667	-1.022685	-2.256022	
668	-1.675034	-1.685535	
669	-2.263972	-1.123231	
670	-2.784640	-0.588483	
671	-3.231258	-0.100884	
672	-3.595570	0.322135	
673	-3.867755	0.668785	
674	-4.040313	0.934205	
675	-4.111474	1.119027	
676	-4.085617	1.229223	
677	-3.971539	1.278025	
678	-3.780421	1.286298	
679	-3.523948	1.279178	
680	-3.212426	1.281512	
681	-2.854648	1.314600	
682	-2.460477	1.392967	
683	-2.042663	1.520582	
684	-1.615557	1.690273	
685	-1.193699	1.887812	
686	-0.792268	2.096329	
687	-0.427306	2.298365	
688	-0.114418	2.477447	
689	0.133522	2.620742	
690	0.308675	2.722181	
691	0.409291	2.785204	
692	0.440065	2.824787	
693	0.412865	2.866420	
694	0.346578	2.940019	
695	0.265222	3.071667	
696	0.194807	3.277032	
697	0.159489	3.556794	
698	0.178165	3.895063	
699	0.262541	4.263732	
700	0.416815	4.630898	
701	0.638803	4.968118	
702	0.922289	5.254965	
703	1.259515	5.481631	
704	1.642549	5.649768	
705	2.063293	5.770705	
706	2.512897	5.861167	
707	2.981750	5.939575	
708	3.460405	6.024321	
709	3.939778	6.132027	
710	4.409720	6.275000	
711	4.858490	6.458355	
712	5.274592	6.677646	
713	5.648805	6.920195	
714	5.974977	7.170233	
715	6.250538	7.412878	
716	6.476945	7.635938	
717	6.658826	7.831469	
718	6.802311	7.995814	
719	6.914225	8.128579	
720	7.001890	8.232920	
721	7.072392	8.316246	
722	7.131723	8.388727	
723	7.184519	8.459728	
724	7.234420	8.535883	
725	7.284776	8.621810	
726	7.338707	8.720487	
727	7.398187	8.832735	
728	7.463117	8.956857	
729	7.530544	9.087998	
730	7.594607	9.218157	
731	7.648359	9.337626	
732	7.686337	9.436045	
733	7.706122	9.503000	
734	7.709241	9.530216	
735	7.700889	9.514735	
736	7.686938	9.460293	
737	7.670302	9.375767	
738	7.650026	9.272440	
739	7.622958	9.161470	
740	7.586228	9.051324	
741	7.538841	8.946426	
742	7.481308	8.848473	
743	7.415238	8.758770	
744	7.344062	8.679232	
745	7.271915	8.611736	
746	7.200367	8.556748	
747	7.127648	8.512054	
748	7.051690	8.472472	
749	6.972690	8.431754	
750	6.892632	8.386771	
751	6.813964	8.340005	
752	6.738515	8.297645	
753	6.665208	8.268342	
754	6.588453	8.262734	
755	6.499845	8.288424	
756	6.390967	8.345763	
757	6.254582	8.429562	
758	6.085678	8.532929	
759	5.884105	8.651312	
760	5.657588	8.785771	
761	5.422395	8.942079	
762	5.199656	9.124497	
763	5.008702	9.327886	
764	4.861885	9.536235	
765	4.764359	9.733776	
766	4.717105	9.917528	
767	4.717602	10.093707	
768	4.757263	10.264428	
769	4.821086	10.423902	
770	4.891816	10.564248	
771	4.954522	10.679386	
772	4.998878	10.766225	
773	5.020251	10.826601	
774	5.019098	10.867211	
775	4.997981	10.895246	
776	4.959580	10.912585	
777	4.908313	10.915002	
778	4.851667	10.897654	
779	4.797379	10.859139	
780	4.749991	10.801183	
781	4.711159	10.727761	
782	4.682149	10.644628	
783	4.664900	10.558422	
784	4.660972	10.474711	
785	4.670323	10.395432	
786	4.691209	10.318241	
787	4.720439	10.239332	
788	4.753438	10.157764	
789	4.785134	10.076273	
790	4.811807	9.996780	
791	4.832064	9.916317	
792	4.846088	9.828864	
793	4.854800	9.730375	
794	4.859746	9.621336	
795	4.862230	9.505887	
796	4.861863	9.389739	
797	4.857123	9.278917	
798	4.848007	9.179011	
799	4.837294	9.093491	
800	4.829189	9.022054	
801	4.827120	8.960749	
802	4.832396	8.903710	
803	4.844734	8.845490	
804	4.863743	8.782098	
805	4.889387	8.710194	
806	4.921056	8.627859	
807	4.956914	8.537445	
808	4.995168	8.445147	
809	5.035538	8.356265	
810	5.078042	8.272020	
811	5.120710	8.190443	
812	5.159986	8.108125	
813	5.193197	8.021515	
814	5.219869	7.928114	
815	5.241130	7.825684	
816	5.258797	7.710831	
817	5.275222	7.580726	
818	5.293691	7.436156	
819	5.318817	7.282211	
820	5.356266	7.126488	
821	5.411134	6.976111	
822	5.485582	6.835309	
823	5.577755	6.705866	
824	5.683451	6.589215	
825	5.798889	6.486485	
826	5.921731	6.396874	
827	6.050690	6.317316	
828	6.185335	6.243799	
829	6.326054	6.173636	
830	6.473823	6.108001	
831	6.629598	6.051964	
832	6.793628	6.010596	
833	6.965659	5.984698	
834	7.145643	5.969828	
835	7.333632	5.958124	
836	7.529422	5.941435	
837	7.733184	5.914501	
838	7.946499	5.875859	
839	8.172017	5.825695	
840	8.411880	5.764119	
841	8.667196	5.692383	
842	8.939065	5.614375	
843	9.229124	5.535502	
844	9.538805	5.459794	
845	9.868524	5.388790	
846	10.217900	5.323034	
847	10.586142	5.262714	
848	10.971571	5.206927	
849	11.371588	5.153932	
850	11.784447	5.102518	
851	12.211370	5.053303	
852	12.655678	5.008083	
853	13.118771	4.967168	
854	13.598695	4.928481	
855	14.093666	4.889688	
856	14.605076	4.849740	
857	15.136079	4.807272	
858	15.688543	4.758568	
859	16.263026	4.698705	
860	16.860571	4.623351	
861	17.482463	4.528297	
862	18.130240	4.409833	
863	18.807856	4.266870	
864	19.521665	4.101377	
865	20.277192	3.917394	
866	21.076978	3.720544	
867	21.921186	3.517281	
868	22.809227	3.314436	
869	23.741053	3.119766	
870	24.717885	2.941911	
871	25.741925	2.789157	
872	26.814610	2.667095	
873	27.934479	2.576667	
874	29.096316	2.516035	
875	30.292056	2.485673	
876	31.512712	2.492130	
877	32.750277	2.547790	
878	33.998587	2.666938	
879	35.252806	2.861187	
880	36.508311	3.137388	
881	37.759638	3.496878	
882	38.999226	3.933759	
883	40.216807	4.433988	
884	41.401105	4.976586	
885	42.542056	5.534553	
886	43.630862	6.076796	
887	44.660437	6.577250	
888	45.627362	7.026653	
889	46.532454	7.433511	
890	47.381298	7.815421	
891	48.185699	8.191893	
892	48.961266	8.578049	
893	49.720766	8.976472	
894	50.470399	9.376083	
895	51.211526	9.760519	
896	51.942711	10.113421	
897	52.659733	10.415872	
898	53.355756	10.647100	
899	54.021840	10.792589	
900	54.646811	10.846545	
901	55.217833	10.803402	
902	55.722952	10.653109	
903	56.154494	10.386781	
904	56.511553	10.002368	
905	56.800919	9.508450	
906	57.034608	8.929109	
907	57.224476	8.302303	
908	57.380438	7.669352	
909	57.512602	7.065080	
910	57.630805	6.516023	
911	57.742129	6.042485	
912	57.848839	5.655069	
913	57.947727	5.351858	
914	58.034095	5.125809	
915	58.106939	4.970531	
916	58.167720	4.872550	
917	58.215555	4.803031	
918	58.246860	4.728646	
919	58.256749	4.630647	
920	58.236399	4.506797	
921	58.172005	4.362554	
922	58.050667	4.208602	
923	57.866434	4.056975	
924	57.620539	3.906818	
925	57.318165	3.732354	
926	56.964306	3.491799	
927	56.560452	3.156545	
928	56.104098	2.733733	
929	55.590463	2.260438	
930	55.015382	1.780853	
931	54.379228	1.329473	
932	53.688987	0.926982	
933	52.955033	0.581948	
934	52.185551	0.294027	
935	51.384204	0.059331	
936	50.551638	-0.124887	
937	49.688151	-0.258966	
938	48.795372	-0.341899	
939	47.876110	-0.374341	
940	46.932703	-0.361571	
941	45.966048	-0.313081	
942	44.976814	-0.239955	
943	43.967306	-0.152702	
944	42.942850	-0.059247	
945	41.912193	0.036208	
946	40.884971	0.131747	
947	39.867688	0.225220	
948	38.861471	0.313321	
949	37.862216	0.393253	
950	36.862986	0.464646	
951	35.856726	0.528125	
952	34.836927	0.582265	
953	33.797505	0.623378	
954	32.733826	0.647366	
955	31.644646	0.649515	
956	30.532802	0.623035	
957	29.402692	0.561211	
958	28.257419	0.461323	
959	27.099158	0.324696	
960	25.930516	0.154747	
961	24.754712	-0.044101	
962	23.575757	-0.268493	
963	22.397979	-0.517288	
964	21.223648	-0.788844	
965	20.050859	-1.078104	
966	18.874797	-1.377014	
967	17.691694	-1.676705	
968	16.501970	-1.968528	
969	15.310628	-2.244225	
970	14.125281	-2.496747	
971	12.954031	-2.720297	
972	11.804705	-2.909059	
973	10.684361	-3.057121	
974	9.597990	-3.161097	
975	8.547418	-3.222111	
976	7.532384	-3.243014	
977	6.552928	-3.224582	
978	5.609941	-3.165832	
979	4.703112	-3.065567	
980	3.828373	-2.922077	
981	2.978477	-2.733235	
982	2.147350	-2.498362	
983	1.333338	-2.221298	
984	0.538994	-1.912441	
985	-0.229840	-1.586567	
986	-0.964469	-1.258677	
987	-1.654279	-0.942834	
988	-2.288018	-0.654088	
989	-2.854918	-0.408888	
990	-3.345980	-0.220605	
991	-3.754566	-0.093883	
992	-4.075168	-0.023183	
993	-4.302102	0.006431	
994	-4.429930	0.017161	
995	-4.454862	0.030889	
996	-4.376213	0.062277	
997	-4.197564	0.119871	
998	-3.927131	0.207547	
999	-3.577073	0.323076	
1000	-3.162897	0.460311	
1001	-2.704398	0.613754	
1002	-2.226181	0.779545	
1003	-1.753668	0.953507	
1004	-1.305748	1.130172	
1005	-0.891632	1.303274	
1006	-0.515830	1.465523	
1007	-0.184784	1.607630	
1008	0.092034	1.719250	
1009	0.305426	1.792049	
1010	0.449614	1.822520	
1011	0.522933	1.814093	
1012	0.527902	1.779156	
1013	0.474263	1.739661	
1014	0.382498	1.724588	
1015	0.282726	1.763827	
1016	0.209728	1.879974	
1017	0.195806	2.081028	
1018	0.262843	2.356645	
1019	0.418676	2.680234	
1020	0.659293	3.015833	
1021	0.972554	3.325509	
1022	1.341806	3.576902	
1023	1.749920	3.750951	
1024	2.182764	3.845653	
1025	2.631236	3.875039	
1026	3.091650	3.865882	
1027	3.564306	3.852078	
1028	4.050751	3.866829	
1029	4.551074	3.935038	
1030	5.062505	4.068958	
1031	5.579140	4.268435	
1032	6.091473	4.522624	
1033	6.586247	4.811206	
1034	7.048028	5.108342	
1035	7.462744	5.388814	
1036	7.822322	5.631212	
1037	8.127034	5.819056	
1038	8.383576	5.942556	
1039	8.601818	5.999192	
1040	8.792298	5.993295	
1041	8.964385	5.935108	
1042	9.125974	5.837484	
1043	9.284427	5.713211	
1044	9.446992	5.576280	
1045	9.619511	5.441978	
1046	9.803871	5.323508	
1047	9.996565	5.230421	
1048	10.190642	5.168020	
1049	10.380090	5.133989	
1050	10.562714	5.118201	
1051	10.738696	5.110166	
1052	10.905145	5.106849	
1053	11.051710	5.113841	
1054	11.163969	5.140814	
1055	11.230802	5.195593	
1056	11.246818	5.280414	
1057	11.211299	5.391102	
1058	11.128643	5.518472	
1059	11.009029	5.651397	
1060	10.866293	5.780891	
1061	10.713005	5.903554	
1062	10.555676	6.021898	
1063	10.392787	6.140456	
1064	10.217168	6.260695	
1065	10.022191	6.380114	
1066	9.807431	6.495832	
1067	9.579947	6.607661	
1068	9.351398	6.718423	
1069	9.132750	6.833303	
1070	8.930002	6.958737	
1071	8.743785	7.099316	
1072	8.570920	7.254381	
1073	8.405557	7.418052	
1074	8.240549	7.582388	
1075	8.069863	7.740647	
1076	7.890909	7.889593	
1077	7.705209	8.030967	
1078	7.516543	8.171034	
1079	7.327591	8.316529	
1080	7.138938	8.468271	
1081	6.952294	8.616433	
1082	6.773311	8.739915	
1083	6.609066	8.811418	
1084	6.463218	8.807842	
1085	6.335531	8.718592	
1086	6.225667	8.546658	
1087	6.136266	8.308044	
1088	6.073747	8.032429	
1089	6.045408	7.760321	
1090	6.052145	7.533657	
1091	6.085041	7.382501	
1092	6.131744	7.317560	
1093	6.184129	7.334273	
1094	6.238885	7.420273	
1095	6.295455	7.560485	
1096	6.355588	7.741064	
1097	6.418429	7.948402	
1098	6.473283	8.165089	
1099	6.503074	8.371558	
1100	6.495933	8.550824	
1101	6.450066	8.689391	
1102	6.369839	8.777489	
1103	6.262781	8.812809	
1104	6.141386	8.802444	
1105	6.024517	8.758684	
1106	5.934522	8.693158	
1107	5.890664	8.613733	
1108	5.901944	8.526167	
1109	5.965022	8.438777	
1110	6.068474	8.361933	
1111	6.197965	8.300946	
1112	6.339842	8.250761	
1113	6.482930	8.194369	
1114	6.618316	8.099672	
1115	6.740335	7.916084	
1116	6.846463	7.576677	
1117	6.931946	7.006942	
1118	6.986510	6.141206	
1119	6.997549	4.951225	
1120	6.954089	3.478649	
1121	6.849434	1.836958	
1122	6.682750	0.162935	
1123	6.456240	-1.442628	
1124	6.169319	-2.937914	
1125	5.820832	-4.324635	
1126	5.423191	-5.616285	
1127	5.011353	-6.814780	
1128	4.630572	-7.908860	
1129	4.313671	-8.886880	
1130	4.071213	-9.746407	
1131	3.899309	-10.492974	
1132	3.788702	-11.135828	
1133	3.724965	-11.689435	
1134	3.688901	-12.175917	
1135	3.663637	-12.619570	
1136	3.639711	-13.038523	
1137	3.613762	-13.443404	
1138	3.585946	-13.841384	
1139	3.557872	-14.238890	
1140	3.531553	-14.640828	
1141	3.510195	-15.049156	
1142	3.497745	-15.464061	
1143	3.494859	-15.885916	
1144	3.494912	-16.313968	
1145	3.486831	-16.742202	
1146	3.464855	-17.157329	
1147	3.434068	-17.541911	
1148	3.403755	-17.881979	
1149	3.378261	-18.174285	
1150	3.356426	-18.425976	
1151	3.335070	-18.649598	
1152	3.313245	-18.858473	
1153	3.318955	-19.093568	
1154	3.391574	-19.366922	
1155	3.510389	-19.634260	
1156	3.674101	-19.882227	
1157	3.876638	-20.100429	
1158	4.112588	-20.281305	
1159	4.380357	-20.419998	
1160	4.686065	-20.515533	
1161	5.043596	-20.573470	
1162	5.471581	-20.606184	
1163	NaN	NaN	
1164	NaN	NaN	
1165	NaN	NaN	
1166	NaN	NaN	
1167	NaN	NaN	
1168	NaN	NaN	
1169	NaN	NaN	
1170	NaN	NaN	
1171	NaN	NaN	
1172	NaN	NaN	
1173	NaN	NaN	
1174	NaN	NaN	
1175	NaN	NaN	
1176	NaN	NaN	
1177	NaN	NaN	
1178	NaN	NaN	
1179	NaN	NaN	
1180	NaN	NaN	
1181	NaN	NaN	
1182	NaN	NaN	
1183	NaN	NaN	
1184	NaN	NaN	
1185	NaN	NaN	
1186	NaN	NaN	
1187	NaN	NaN	
1188	NaN	NaN	
1189	NaN	NaN	
1190	NaN	NaN	
1191	NaN	NaN	
1192	NaN	NaN	
1193	NaN	NaN	
1194	NaN	NaN	
1195	NaN	NaN	
1196	NaN	NaN	
1197	NaN	NaN	
1198	NaN	NaN	
1199	NaN	NaN	
1200	NaN	NaN	
1201	NaN	NaN	
1202	NaN	NaN	
1203	NaN	NaN	
1204	NaN	NaN	
1205	NaN	NaN	
1206	NaN	NaN	
1207	NaN	NaN	
1208	NaN	NaN	
1209	NaN	NaN	
1210	NaN	NaN	
1211	NaN	NaN	
1212	NaN	NaN	
1213	NaN	NaN	
1214	NaN	NaN	
1215	NaN	NaN	
1216	NaN	NaN	
1217	NaN	NaN	
1218	NaN	NaN	
1219	NaN	NaN	
1220	NaN	NaN	
1221	NaN	NaN	
1222	NaN	NaN	
1223	NaN	NaN	
1224	NaN	NaN	
1225	NaN	NaN	
1226	NaN	NaN	
1227	NaN	NaN	
1228	NaN	NaN	
1229	NaN	NaN	
1230	NaN	NaN	
1231	NaN	NaN	
1232	NaN	NaN	
1233	NaN	NaN	
1234	NaN	NaN	
1235	NaN	NaN	
1236	NaN	NaN	
1237	NaN	NaN	
1238	NaN	NaN	
1239	NaN	NaN	
1240	NaN	NaN	
1241	NaN	NaN	
1242	NaN	NaN	
1243	NaN	NaN	
1244	NaN	NaN	
1245	NaN	NaN	
1246	NaN	NaN	
1247	NaN	NaN	
1248	NaN	NaN	
1249	NaN	NaN	
1250	NaN	NaN	
1251	NaN	NaN	
1252	NaN	NaN	
1253	NaN	NaN	
1254	NaN	NaN	
1255	NaN	NaN	
1256	NaN	NaN	
1257	NaN	NaN	
1258	NaN	NaN	
1259	NaN	NaN	
1260	NaN	NaN	
1261	NaN	NaN	
1262	NaN	NaN	
1263	NaN	NaN	
1264	NaN	NaN	
1265	NaN	NaN	
1266	NaN	NaN	
1267	NaN	NaN	
1268	NaN	NaN	
1269	NaN	NaN	
1270	NaN	NaN	
1271	NaN	NaN	
1272	NaN	NaN	
1273	NaN	NaN	
1274	NaN	NaN	
1275	NaN	NaN	
1276	NaN	NaN	
1277	NaN	NaN	
1278	NaN	NaN	
1279	NaN	NaN	
1280	NaN	NaN	
1281	NaN	NaN	
1282	NaN	NaN	
1283	NaN	NaN	
1284	NaN	NaN	
1285	NaN	NaN	
1286	NaN	NaN	
1287	NaN	NaN	
1288	NaN	NaN	
1289	NaN	NaN	
1290	NaN	NaN	
1291	NaN	NaN	
1292	NaN	NaN	
1293	NaN	NaN	
1294	NaN	NaN	
1295	NaN	NaN	
1296	NaN	NaN	
1297	NaN	NaN	
1298	NaN	NaN	
1299	NaN	NaN	
1300	NaN	NaN	
1301	NaN	NaN	
1302	NaN	NaN	
1303	NaN	NaN	
1304	NaN	NaN	
1305	NaN	NaN	
1306	NaN	NaN	
1307	NaN	NaN	
1308	NaN	NaN	
1309	NaN	NaN	
1310	NaN	NaN	
1311	NaN	NaN	
1312	NaN	NaN	
1313	NaN	NaN	
1314	NaN	NaN	
1315	NaN	NaN	
1316	NaN	NaN	
1317	NaN	NaN	
1318	NaN	NaN	
1319	NaN	NaN	
1320	NaN	NaN	
1321	NaN	NaN	
1322	NaN	NaN	
1323	NaN	NaN	
1324	NaN	NaN	
1325	NaN	NaN	
1326	NaN	NaN	
1327	NaN	NaN	
1328	NaN	NaN	
1329	NaN	NaN	
1330	NaN	NaN	
1331	NaN	NaN	
1332	NaN	NaN	
1333	NaN	NaN	
1334	NaN	NaN	
1335	NaN	NaN	
1336	NaN	NaN	
1337	NaN	NaN	
1338	NaN	NaN	
1339	NaN	NaN	
1340	NaN	NaN	
1341	NaN	NaN	
1342	NaN	NaN	
1343	NaN	NaN	
1344	NaN	NaN	
1345	NaN	NaN	
1346	NaN	NaN	
1347	NaN	NaN	
1348	NaN	NaN	
1349	NaN	NaN	
1350	NaN	NaN	
1351	NaN	NaN	
1352	NaN	NaN	
1353	NaN	NaN	
1354	NaN	NaN	
1355	NaN	NaN	
1356	NaN	NaN	
1357	NaN	NaN	
1358	NaN	NaN	
1359	NaN	NaN	
1360	NaN	NaN	
1361	NaN	NaN	
1362	NaN	NaN	
1363	NaN	NaN	
1364	NaN	NaN	
1365	NaN	NaN	
1366	NaN	NaN	
1367	NaN	NaN	
1368	NaN	NaN	
1369	NaN	NaN	
1370	NaN	NaN	
1371	NaN	NaN	
1372	NaN	NaN	
1373	NaN	NaN	
1374	NaN	NaN	
1375	NaN	NaN	
1376	NaN	NaN	
1377	NaN	NaN	
1378	NaN	NaN	
1379	NaN	NaN	
1380	NaN	NaN	
1381	NaN	NaN	
1382	NaN	NaN	
1383	NaN	NaN	
1384	NaN	NaN	
1385	NaN	NaN	
1386	NaN	NaN	
1387	NaN	NaN	
1388	NaN	NaN	
1389	NaN	NaN	
1390	NaN	NaN	
1391	NaN	NaN	
1392	NaN	NaN	
1393	NaN	NaN	
1394	NaN	NaN	
1395	NaN	NaN	
1396	NaN	NaN	
1397	NaN	NaN	
1398	NaN	NaN	
1399	NaN	NaN	
1400	NaN	NaN	
1401	NaN	NaN	
1402	NaN	NaN	
1403	NaN	NaN	
1404	NaN	NaN	
1405	NaN	NaN	
1406	NaN	NaN	
1407	NaN	NaN	
1408	NaN	NaN	
1409	NaN	NaN	
1410	NaN	NaN	
1411	NaN	NaN	
1412	NaN	NaN	
1413	NaN	NaN	
1414	NaN	NaN	
1415	NaN	NaN	
1416	NaN	NaN	
