Athlete_Engineering	// User ID
11-2-2021	// Evaluation date
P002_SQUAT	23-1-2021	13:59:15:628	// Source file name and timestamp
250.000	// Sampling rate
7.560	// Data capture period



Sample #	Right_Leg_Flexion	Right_Leg_Abduction	
0	5.134668	6.135892	
1	5.122044	6.198853	
2	5.104297	6.253498	
3	5.081595	6.296627	
4	5.054909	6.326996	
5	5.025683	6.343770	
6	4.994521	6.345339	
7	4.960746	6.330049	
8	4.923754	6.297301	
9	4.884490	6.247954	
10	4.845709	6.184564	
11	4.811060	6.111278	
12	4.783645	6.032989	
13	4.765136	5.954464	
14	4.755911	5.880170	
15	4.755254	5.814369	
16	4.761160	5.760655	
17	4.770712	5.721247	
18	4.781236	5.696745	
19	4.790970	5.686653	
20	4.798561	5.690118	
21	4.802130	5.706042	
22	4.799042	5.732725	
23	4.786942	5.767547	
24	4.765090	5.806781	
25	4.734698	5.845976	
26	4.698234	5.881225	
27	4.658529	5.910602	
28	4.618726	5.934971	
29	4.583006	5.957644	
30	4.556099	5.982730	
31	4.541360	6.013290	
32	4.539757	6.050432	
33	4.550406	6.093248	
34	4.571344	6.139253	
35	4.599782	6.185100	
36	4.632147	6.227335	
37	4.664551	6.262989	
38	4.693609	6.289847	
39	4.717228	6.306694	
40	4.735010	6.313243	
41	4.747785	6.309289	
42	4.756312	6.294284	
43	4.760347	6.268241	
44	4.759433	6.232595	
45	4.754823	6.189807	
46	4.750049	6.142289	
47	4.749207	6.091851	
48	4.755100	6.039667	
49	4.768961	5.986265	
50	4.791072	5.931907	
51	4.821094	5.877475	
52	4.857838	5.825079	
53	4.899013	5.777844	
54	4.941587	5.738804	
55	4.982650	5.709608	
56	5.020112	5.690098	
57	5.052795	5.678996	
58	5.080315	5.674777	
59	5.103215	5.675528	
60	5.122583	5.678162	
61	5.139106	5.678555	
62	5.152468	5.672920	
63	5.161308	5.658950	
64	5.163888	5.635527	
65	5.159261	5.601986	
66	5.147897	5.558454	
67	5.131764	5.507001	
68	5.114208	5.452344	
69	5.098969	5.401315	
70	5.088864	5.361167	
71	5.085578	5.337526	
72	5.090039	5.332608	
73	5.102578	5.344492	
74	5.123016	5.368550	
75	5.150577	5.399813	
76	5.183680	5.433944	
77	5.220013	5.467381	
78	5.256956	5.497796	
79	5.292166	5.524802	
80	5.323967	5.550574	
81	5.351430	5.579082	
82	5.374328	5.613612	
83	5.392847	5.654730	
84	5.407255	5.700302	
85	5.417923	5.747148	
86	5.425362	5.792599	
87	5.430049	5.834386	
88	5.432491	5.869881	
89	5.433493	5.896765	
90	5.434512	5.914072	
91	5.437853	5.921708	
92	5.445799	5.920042	
93	5.459256	5.910845	
94	5.477219	5.897340	
95	5.496967	5.882701	
96	5.514987	5.868898	
97	5.528500	5.856521	
98	5.536481	5.844972	
99	5.539697	5.833136	
100	5.539832	5.820487	
101	5.538195	5.807650	
102	5.535311	5.795708	
103	5.531484	5.785149	
104	5.527015	5.775622	
105	5.521922	5.766591	
106	5.515998	5.758202	
107	5.509236	5.751355	
108	5.502135	5.746797	
109	5.495435	5.744426	
110	5.489536	5.743759	
111	5.484478	5.744415	
112	5.480492	5.745774	
113	5.478112	5.746843	
114	5.477842	5.746713	
115	5.480084	5.744820	
116	5.485117	5.741050	
117	5.492719	5.735951	
118	5.502161	5.730723	
119	5.512733	5.726784	
120	5.523635	5.725267	
121	5.533511	5.726832	
122	5.540956	5.731602	
123	5.545431	5.739141	
124	5.547439	5.748702	
125	5.548015	5.759219	
126	5.548142	5.769021	
127	5.548547	5.776314	
128	5.549541	5.779875	
129	5.550746	5.778882	
130	5.551234	5.772777	
131	5.550135	5.761749	
132	5.547502	5.746691	
133	5.544704	5.728518	
134	5.543677	5.708028	
135	5.545863	5.686275	
136	5.551959	5.664532	
137	5.562686	5.644027	
138	5.579336	5.625945	
139	5.602972	5.611252	
140	5.633264	5.600302	
141	5.668292	5.593047	
142	5.705141	5.589895	
143	5.740813	5.591976	
144	5.773107	5.600249	
145	5.800678	5.614423	
146	5.822409	5.632861	
147	5.837242	5.653525	
148	5.844484	5.674443	
149	5.844100	5.692705	
150	5.837154	5.704231	
151	5.826128	5.706185	
152	5.814499	5.699188	
153	5.805513	5.686316	
154	5.800932	5.670775	
155	5.800663	5.654834	
156	5.803243	5.639353	
157	5.806945	5.623362	
158	5.811367	5.604662	
159	5.818093	5.581312	
160	5.829338	5.552501	
161	5.846386	5.518400	
162	5.869705	5.480029	
163	5.899720	5.439649	
164	5.936832	5.401216	
165	5.981170	5.369608	
166	6.032959	5.348652	
167	6.092778	5.340469	
168	6.161069	5.346469	
169	6.237743	5.367539	
170	6.322165	5.403129	
171	6.412858	5.450296	
172	6.507428	5.503047	
173	6.603524	5.552990	
174	6.699784	5.591502	
175	6.795691	5.611786	
176	6.890635	5.609604	
177	6.983355	5.583015	
178	7.072821	5.532065	
179	7.159845	5.458991	
180	7.247908	5.368765	
181	7.342392	5.268496	
182	7.448589	5.164811	
183	7.570318	5.061622	
184	7.709795	4.960321	
185	7.867598	4.861317	
186	8.042830	4.765450	
187	8.233660	4.674382	
188	8.437491	4.589515	
189	8.651268	4.510438	
190	8.872090	4.434561	
191	9.097254	4.358165	
192	9.324897	4.277865	
193	9.555726	4.191938	
194	9.793479	4.101539	
195	10.043192	4.011499	
196	10.308774	3.929286	
197	10.591636	3.862179	
198	10.890828	3.814875	
199	11.203664	3.787850	
200	11.526660	3.775968	
201	11.857184	3.769672	
202	12.194487	3.759386	
203	12.538826	3.739332	
204	12.889879	3.708353	
205	13.246682	3.668709	
206	13.609120	3.624223	
207	13.978683	3.578935	
208	14.357611	3.536730	
209	14.747793	3.501000	
210	15.150045	3.473554	
211	15.563498	3.453843	
212	15.985806	3.439885	
213	16.414812	3.429691	
214	16.850064	3.421686	
215	17.292058	3.415452	
216	17.740543	3.412658	
217	18.194795	3.415607	
218	18.655283	3.424486	
219	19.123991	3.437040	
220	19.602854	3.450914	
221	20.092151	3.465102	
222	20.590468	3.478749	
223	21.095738	3.491028	
224	21.606256	3.503751	
225	22.121469	3.521912	
226	22.641988	3.550845	
227	23.168885	3.593997	
228	23.703487	3.652728	
229	24.247282	3.726810	
230	24.800447	3.814622	
231	25.360454	3.913100	
232	25.923306	4.018237	
233	26.486235	4.125874	
234	27.049088	4.231662	
235	27.614310	4.331191	
236	28.185893	4.422613	
237	28.766922	4.509341	
238	29.357656	4.598186	
239	29.956296	4.695367	
240	30.561117	4.805479	
241	31.171286	4.932331	
242	31.786361	5.078386	
243	32.406642	5.243060	
244	33.034040	5.421704	
245	33.670793	5.606442	
246	34.317224	5.789217	
247	34.971941	5.965274	
248	35.632947	6.134608	
249	36.297392	6.300699	
250	36.962449	6.466683	
251	37.628147	6.631224	
252	38.298798	6.786635	
253	38.981451	6.920724	
254	39.682019	7.024396	
255	40.402225	7.097914	
256	41.141004	7.146655	
257	41.897329	7.174868	
258	42.669904	7.186377	
259	43.454709	7.186928	
260	44.244714	7.182977	
261	45.033796	7.178553	
262	45.820076	7.174945	
263	46.604545	7.173043	
264	47.388093	7.173222	
265	48.170697	7.173571	
266	48.952138	7.172052	
267	49.732320	7.170810	
268	50.510866	7.175660	
269	51.286190	7.191458	
270	52.055397	7.219797	
271	52.816700	7.261413	
272	53.571537	7.319475	
273	54.323452	7.399023	
274	55.075816	7.503609	
275	55.830337	7.633107	
276	56.585334	7.784248	
277	57.334512	7.952965	
278	58.069254	8.135551	
279	58.783598	8.327181	
280	59.477678	8.521255	
281	60.157997	8.711271	
282	60.834997	8.891118	
283	61.518500	9.053172	
284	62.213267	9.189316	
285	62.918049	9.295264	
286	63.628994	9.373101	
287	64.343550	9.430171	
288	65.061548	9.475967	
289	65.784656	9.518948	
290	66.515327	9.564877	
291	67.255307	9.615773	
292	68.004298	9.670434	
293	68.758946	9.729115	
294	69.512867	9.798536	
295	70.258845	9.891479	
296	70.992876	10.020956	
297	71.717377	10.192984	
298	72.439613	10.403106	
299	73.165630	10.639541	
300	73.895741	10.890425	
301	74.625487	11.148471	
302	75.349552	11.409021	
303	76.064996	11.665696	
304	76.772822	11.908703	
305	77.477130	12.126367	
306	78.181842	12.309549	
307	78.888428	12.455259	
308	79.597228	12.564431	
309	80.309165	12.635712	
310	81.025756	12.662939	
311	81.749368	12.643534	
312	82.482474	12.591149	
313	83.225277	12.534004	
314	83.974491	12.499591	
315	84.723763	12.505037	
316	85.465721	12.557570	
317	86.194329	12.654704	
318	86.904940	12.781907	
319	87.593781	12.918027	
320	88.259849	13.051664	
321	88.907891	13.193020	
322	89.548514	13.369927	
323	90.194431	13.615412	
324	90.855973	13.957689	
325	91.538514	14.415143	
326	92.241706	14.990302	
327	92.959429	15.658373	
328	93.679374	16.354943	
329	94.382921	16.980299	
330	95.050511	17.438014	
331	95.669370	17.672043	
332	96.231617	17.653832	
333	96.733549	17.371435	
334	97.187578	16.867730	
335	97.623766	16.252292	
336	98.071429	15.649165	
337	98.544317	15.148891	
338	99.041029	14.798891	
339	99.553211	14.609419	
340	100.073409	14.561810	
341	100.599853	14.621846	
342	101.137918	14.754950	
343	101.697440	14.933171	
344	102.286193	15.134804	
345	102.904367	15.340877	
346	103.546479	15.529423	
347	104.208204	15.676326	
348	104.889059	15.765755	
349	105.589197	15.799299	
350	106.305978	15.795107	
351	107.033171	15.777648	
352	107.761329	15.765537	
353	108.478034	15.764490	
354	109.168004	15.767538	
355	109.813909	15.763065	
356	110.400568	15.746586	
357	110.922197	15.726732	
358	111.386242	15.722500	
359	111.810168	15.756019	
360	112.214110	15.842972	
361	112.614485	15.985403	
362	113.023263	16.172209	
363	113.450336	16.385567	
364	113.902614	16.613819	
365	114.381217	16.866632	
366	114.882067	17.179192	
367	115.400555	17.604845	
368	115.936086	18.204083	
369	116.492410	19.032670	
370	117.073988	20.129111	
371	117.680398	21.494821	
372	118.301868	23.069875	
373	118.920071	24.725216	
374	119.510785	26.262994	
375	120.045206	27.421333	
376	120.499574	27.946548	
377	120.873280	27.738218	
378	121.194362	26.931190	
379	121.501321	25.800289	
380	121.821315	24.585588	
381	122.167209	23.434735	
382	122.544717	22.451872	
383	122.954394	21.711292	
384	123.392312	21.234074	
385	123.854668	20.995209	
386	124.342771	20.956898	
387	124.862456	21.092613	
388	125.417219	21.386163	
389	126.001220	21.820240	
390	126.594723	22.367619	
391	127.163343	22.977510	
392	127.668613	23.572064	
393	128.085617	24.075104	
394	128.413295	24.450961	
395	128.673223	24.717697	
396	128.898977	24.927205	
397	129.121321	25.131389	
398	129.357312	25.359724	
399	129.607983	25.617956	
400	129.860229	25.893356	
401	130.088027	26.152239	
402	130.262165	26.348003	
403	130.369324	26.448536	
404	130.419184	26.448478	
405	130.433575	26.355181	
406	130.435110	26.179977	
407	130.443725	25.944026	
408	130.475276	25.680299	
409	130.539363	25.428183	
410	130.639225	25.229064	
411	130.773702	25.118126	
412	130.938883	25.113286	
413	131.129027	25.215760	
414	131.336873	25.418864	
415	131.553729	25.711691	
416	131.769921	26.077244	
417	131.975600	26.490230	
418	132.162065	26.920032	
419	132.323224	27.339402	
420	132.455913	27.731294	
421	132.558196	28.089115	
422	132.626588	28.411698	
423	132.655253	28.697003	
424	132.638906	28.940213	
425	132.577504	29.136374	
426	132.479195	29.281501	
427	132.359849	29.367380	
428	132.239900	29.375334	
429	132.138486	29.289267	
430	132.067947	29.123412	
431	132.034286	28.923444	
432	132.040441	28.739783	
433	132.085707	28.613127	
434	132.161823	28.576315	
435	132.249167	28.645996	
436	132.316451	28.803390	
437	132.329562	28.998626	
438	132.267801	29.185808	
439	132.129328	29.340486	
440	131.916329	29.438583	
441	131.620068	29.440003	
442	131.224760	29.308282	
443	130.721006	29.038631	
444	130.116780	28.664238	
445	129.443471	28.244683	
446	128.751062	27.838814	
447	128.094166	27.473637	
448	127.515832	27.131813	
449	127.035245	26.767747	
450	126.650006	26.343231	
451	126.348070	25.852441	
452	126.110254	25.315734	
453	125.904825	24.753356	
454	125.697781	24.169425	
455	125.475245	23.561086	
456	125.248259	22.935291	
457	125.038850	22.313142	
458	124.861735	21.720195	
459	124.710710	21.178431	
460	124.560583	20.703816	
461	124.377545	20.299873	
462	124.126811	19.956247	
463	123.784757	19.660159	
464	123.349998	19.405904	
465	122.837240	19.191994	
466	122.264453	19.013951	
467	121.649904	18.862394	
468	121.013346	18.728389	
469	120.373059	18.608804	
470	119.742951	18.505926	
471	119.133435	18.424644	
472	118.551474	18.371430	
473	117.998161	18.354160	
474	117.468738	18.378743	
475	116.956700	18.443967	
476	116.458337	18.541016	
477	115.973692	18.660841	
478	115.504012	18.802996	
479	115.049405	18.974639	
480	114.608317	19.180037	
481	114.177709	19.412666	
482	113.753527	19.655654	
483	113.330994	19.885214	
484	112.904171	20.073217	
485	112.467013	20.190638	
486	112.016100	20.213080	
487	111.549553	20.131084	
488	111.062641	19.960638	
489	110.547905	19.739872	
490	109.999855	19.514560	
491	109.418785	19.329113	
492	108.810847	19.223904	
493	108.184128	19.225538	
494	107.545509	19.331137	
495	106.901865	19.502621	
496	106.260959	19.672016	
497	105.629788	19.756408	
498	105.016232	19.697006	
499	104.432543	19.497954	
500	103.890781	19.213009	
501	103.391934	18.896331	
502	102.919168	18.573816	
503	102.440021	18.249838	
504	101.918654	17.927074	
505	101.332846	17.616275	
506	100.681564	17.333590	
507	99.978433	17.094403	
508	99.243264	16.908920	
509	98.499030	16.781870	
510	97.768963	16.713361	
511	97.071804	16.696809	
512	96.420252	16.716010	
513	95.821996	16.745740	
514	95.277826	16.757358	
515	94.777708	16.726471	
516	94.299528	16.640437	
517	93.814350	16.502372	
518	93.298673	16.325917	
519	92.743332	16.125925	
520	92.150400	15.914658	
521	91.525894	15.704825	
522	90.876442	15.513679	
523	90.208453	15.360226	
524	89.528559	15.258077	
525	88.844427	15.211546	
526	88.164204	15.214255	
527	87.495118	15.249459	
528	86.841526	15.295353	
529	86.203124	15.334233	
530	85.575877	15.358939	
531	84.954460	15.371891	
532	84.332843	15.378455	
533	83.704836	15.380469	
534	83.067371	15.374354	
535	82.423497	15.351445	
536	81.780643	15.297815	
537	81.144638	15.199527	
538	80.515190	15.052800	
539	79.886954	14.865564	
540	79.252848	14.648974	
541	78.605911	14.412937	
542	77.941239	14.170275	
543	77.258509	13.939729	
544	76.561809	13.741804	
545	75.855611	13.591587	
546	75.141319	13.492654	
547	74.417979	13.436462	
548	73.684510	13.408434	
549	72.940165	13.392102	
550	72.184164	13.368024	
551	71.416167	13.316894	
552	70.637071	13.229913	
553	69.849644	13.112726	
554	69.058326	12.976062	
555	68.267512	12.826024	
556	67.481688	12.660668	
557	66.708089	12.469197	
558	65.954691	12.237444	
559	65.223116	11.961178	
560	64.506643	11.655926	
561	63.796228	11.351026	
562	63.086482	11.071794	
563	62.375939	10.828758	
564	61.664440	10.621900	
565	60.952257	10.448295	
566	60.240825	10.302839	
567	59.533306	10.175711	
568	58.833471	10.055415	
569	58.142110	9.934336	
570	57.454980	9.809294	
571	56.766042	9.680965	
572	56.072227	9.553613	
573	55.374658	9.431370	
574	54.676739	9.315929	
575	53.981506	9.209238	
576	53.289836	9.115232	
577	52.600650	9.036771	
578	51.911853	8.972026	
579	51.220622	8.914929	
580	50.523366	8.858459	
581	49.816044	8.797337	
582	49.096644	8.728674	
583	48.368484	8.650426	
584	47.639515	8.559326	
585	46.917941	8.451941	
586	46.208747	8.330386	
587	45.512892	8.206347	
588	44.828274	8.095717	
589	44.151468	8.009611	
590	43.479046	7.951470	
591	42.807745	7.918941	
592	42.134546	7.906574	
593	41.457891	7.908064	
594	40.778800	7.915807	
595	40.100257	7.918812	
596	39.425334	7.904228	
597	38.755088	7.863477	
598	38.087759	7.796578	
599	37.421285	7.709819	
600	36.756782	7.610300	
601	36.098624	7.502296	
602	35.451304	7.387035	
603	34.816014	7.265735	
604	34.189719	7.142712	
605	33.568066	7.024548	
606	32.949511	6.916241	
607	32.336592	6.818978	
608	31.734196	6.731028	
609	31.147688	6.648793	
610	30.581367	6.567019	
611	30.035965	6.480811	
612	29.507058	6.388513	
613	28.987495	6.291633	
614	28.472193	6.192233	
615	27.960660	6.090382	
616	27.455510	5.983578	
617	26.959404	5.869690	
618	26.472730	5.751042	
619	25.992018	5.635440	
620	25.511055	5.533009	
621	25.025424	5.450537	
622	24.535950	5.387500	
623	24.048463	5.337877	
624	23.571233	5.295676	
625	23.111521	5.257862	
626	22.673114	5.223408	
627	22.256296	5.191637	
628	21.859236	5.160660	
629	21.478836	5.126304	
630	21.110340	5.083825	
631	20.747377	5.031204	
632	20.384230	4.969760	
633	20.018769	4.902120	
634	19.653297	4.830787	
635	19.293254	4.757943	
636	18.944958	4.685073	
637	18.613114	4.612002	
638	18.298853	4.536765	
639	17.999288	4.458014	
640	17.709173	4.378485	
641	17.423382	4.305822	
642	17.138487	4.249489	
643	16.853800	4.216191	
644	16.571924	4.207424	
645	16.297730	4.220619	
646	16.036266	4.251818	
647	15.790985	4.296842	
648	15.562874	4.350253	
649	15.350781	4.404546	
650	15.152723	4.451819	
651	14.967014	4.486546	
652	14.792251	4.506398	
653	14.626697	4.511230	
654	14.468278	4.502209	
655	14.315228	4.480799	
656	14.166271	4.447420	
657	14.020262	4.401147	
658	13.876462	4.340258	
659	13.735174	4.262753	
660	13.597849	4.166930	
661	13.466910	4.052242	
662	13.344933	3.920500	
663	13.233209	3.776889	
664	13.131029	3.629880	
665	13.035629	3.490026	
666	12.942116	3.368498	
667	12.844513	3.275904	
668	12.738562	3.220538	
669	12.624122	3.205129	
670	12.505324	3.224049	
671	12.388916	3.264423	
672	12.281814	3.311143	
673	12.188844	3.352086	
674	12.111477	3.381209	
675	12.048374	3.399208	
676	11.997434	3.410733	
677	11.956901	3.419782	
678	11.925214	3.427369	
679	11.901178	3.432312	
680	11.884140	3.433459	
681	11.873596	3.431414	
682	11.868970	3.427715	
683	11.869692	3.422618	
684	11.874896	3.415283	
685	11.883165	3.405920	
686	11.893426	3.396070	
687	11.906063	3.387332	
688	11.922407	3.380893	
689	11.943140	3.377064	
690	11.967569	3.374454	
691	11.994261	3.370485	
692	12.021827	3.363396	
693	12.049098	3.353948	
694	12.075118	3.344646	
695	12.099091	3.336420	
696	12.120014	3.326896	
697	12.136465	3.313348	
698	12.146862	3.296422	
699	12.149864	3.279644	
700	12.144927	3.266401	
701	12.132657	3.258725	
702	12.114389	3.258254	
703	12.091958	3.266702	
704	12.067978	3.284719	
705	12.045303	3.311083	
706	12.026030	3.343534	
707	12.011202	3.380218	
708	12.001000	3.420611	
709	11.994916	3.465145	
710	11.991835	3.513915	
711	11.990837	3.566060	
712	11.992737	3.620426	
713	11.999989	3.676868	
714	12.014743	3.736873	
715	12.038090	3.802387	
716	12.070686	3.874031	
717	12.112562	3.950399	
718	12.162457	4.028070	
719	12.218510	4.101469	
720	12.280233	4.161484	
721	12.349510	4.194016	
722	12.428931	4.183465	
723	12.518775	4.120792	
724	12.615954	4.008476	
725	12.715845	3.858828	
726	12.814256	3.689545	
727	12.907811	3.519968	
728	12.994165	3.368216	
729	13.072828	3.248909	
730	13.145337	3.171186	
731	13.214517	3.138270	
732	13.284313	3.149702	
733	13.360455	3.203070	
734	13.450315	3.292769	
735	13.561679	3.408361	
736	13.701812	3.535799	
737	13.876851	3.660556	
738	14.090974	3.769514	
739	14.345824	3.852019	
740	14.640267	3.901691	
741	14.970094	3.917638	
742	15.327727	3.904804	
743	15.702908	3.874026	
744	16.085035	3.840640	
745	16.466502	3.820209	
746	16.845156	3.822013	
747	17.223984	3.846062	
748	17.608022	3.887329	
749	18.000534	3.940981	
750	18.401046	4.003329	
751	18.806564	4.070857	
752	19.214842	4.139502	
753	19.627295	4.204120	
754	20.048968	4.259759	
755	20.485381	4.304799	
756	20.940085	4.341903	
757	21.414415	4.376011	
758	21.907177	4.412768	
759	22.414812	4.457668	
760	22.932717	4.514039	
761	23.455839	4.580411	
762	23.978646	4.650483	
763	24.496559	4.716397	
764	25.009404	4.770925	
765	25.523865	4.808037	
766	26.050878	4.825302	
767	26.599189	4.825687	
768	27.171182	4.815234	
769	27.764359	4.799311	
770	28.375178	4.781763	
771	29.000220	4.767544	
772	29.634794	4.764446	
773	30.272618	4.779953	
774	30.907766	4.815589	
775	31.537268	4.865340	
776	32.162795	4.920662	
777	32.790058	4.977300	
778	33.426220	5.037602	
779	34.077340	5.107142	
780	34.746643	5.189658	
781	35.433882	5.284986	
782	36.136009	5.391374	
783	36.848485	5.508420	
784	37.567424	5.636497	
785	38.292086	5.774187	
786	39.024759	5.917354	
787	39.767093	6.060969	
788	40.516966	6.201873	
789	41.269943	6.338846	
790	42.023179	6.470749	
791	42.775983	6.597464	
792	43.527079	6.721745	
793	44.273957	6.846767	
794	45.014931	6.972540	
795	45.750274	7.097081	
796	46.481474	7.220649	
797	47.209821	7.347744	
798	47.936176	7.484373	
799	48.662464	7.631959	
800	49.392227	7.784127	
801	50.128445	7.931114	
802	50.871247	8.067475	
803	51.618643	8.196092	
804	52.369073	8.324910	
805	53.122293	8.459336	
806	53.877847	8.600030	
807	54.633995	8.746757	
808	55.389252	8.899498	
809	56.144373	9.055908	
810	56.901434	9.209899	
811	57.661698	9.351601	
812	58.426205	9.467638	
813	59.196685	9.545759	
814	59.972920	9.583251	
815	60.751169	9.589647	
816	61.527604	9.581873	
817	62.302207	9.577255	
818	63.078994	9.586686	
819	63.863208	9.611274	
820	64.658026	9.645148	
821	65.463338	9.682715	
822	66.276978	9.725088	
823	67.097136	9.778007	
824	67.923778	9.842662	
825	68.757246	9.912411	
826	69.595810	9.979000	
827	70.435381	10.036561	
828	71.270907	10.079882	
829	72.096969	10.107128	
830	72.908276	10.125142	
831	73.701458	10.146402	
832	74.475989	10.182114	
833	75.233615	10.239437	
834	75.977810	10.320618	
835	76.712886	10.422429	
836	77.442857	10.539179	
837	78.171031	10.668752	
838	78.899310	10.816808	
839	79.626778	10.995035	
840	80.349990	11.212207	
841	81.065905	11.467527	
842	81.774365	11.753096	
843	82.478082	12.055202	
844	83.181328	12.351977	
845	83.887396	12.618545	
846	84.596125	12.839285	
847	85.305959	13.012567	
848	86.018616	13.142527	
849	86.739330	13.231301	
850	87.472892	13.280517	
851	88.220556	13.296078	
852	88.979269	13.289935	
853	89.742731	13.277211	
854	90.503973	13.270422	
855	91.257596	13.273119	
856	91.999857	13.277766	
857	92.728392	13.274478	
858	93.443078	13.263080	
859	94.146276	13.253681	
860	94.841740	13.256756	
861	95.533223	13.275634	
862	96.224085	13.308645	
863	96.918247	13.355023	
864	97.620334	13.416634	
865	98.334025	13.497431	
866	99.060573	13.603997	
867	99.798606	13.744790	
868	100.544290	13.924881	
869	101.292288	14.137045	
870	102.038048	14.358506	
871	102.779454	14.562011	
872	103.517073	14.731401	
873	104.253058	14.866034	
874	104.988120	14.974863	
875	105.718620	15.068375	
876	106.433988	15.154365	
877	107.115879	15.238753	
878	107.748053	15.326012	
879	108.331147	15.420117	
880	108.882008	15.526896	
881	109.420172	15.650444	
882	109.959005	15.788290	
883	110.504670	15.935621	
884	111.058011	16.091922	
885	111.617235	16.261611	
886	112.180342	16.450762	
887	112.745415	16.661763	
888	113.310941	16.886408	
889	113.879289	17.101756	
890	114.457508	17.279203	
891	115.050606	17.406592	
892	115.656337	17.496377	
893	116.268311	17.566973	
894	116.880697	17.623752	
895	117.489502	17.658923	
896	118.090968	17.661018	
897	118.677298	17.623591	
898	119.235524	17.552586	
899	119.754441	17.468249	
900	120.232162	17.395141	
901	120.676611	17.348151	
902	121.100602	17.329290	
903	121.516027	17.335729	
904	121.930000	17.366997	
905	122.342834	17.425326	
906	122.749155	17.515108	
907	123.143934	17.645215	
908	123.528408	17.828036	
909	123.910922	18.072022	
910	124.304460	18.374517	
911	124.723223	18.721940	
912	125.178747	19.098386	
913	125.676306	19.496975	
914	126.213519	19.922241	
915	126.781343	20.380264	
916	127.364010	20.867179	
917	127.939309	21.363496	
918	128.485183	21.837841	
919	128.987738	22.257780	
920	129.441446	22.593848	
921	129.845893	22.819000	
922	130.205322	22.914528	
923	130.527992	22.879632	
924	130.823858	22.742148	
925	131.101388	22.557929	
926	131.364845	22.391303	
927	131.615388	22.294893	
928	131.854655	22.297264	
929	132.087781	22.400136	
930	132.326469	22.589694	
931	132.590369	22.852636	
932	132.900680	23.183652	
933	133.267435	23.575970	
934	133.683069	24.007183	
935	134.122774	24.436493	
936	134.543337	24.803616	
937	134.894589	25.040759	
938	135.149076	25.116176	
939	135.315698	25.061330	
940	135.421326	24.943522	
941	135.489326	24.825283	
942	135.534241	24.747554	
943	135.563774	24.728501	
944	135.579775	24.764218	
945	135.579065	24.831624	
946	135.554617	24.895877	
947	135.497882	24.926119	
948	135.403616	24.919315	
949	135.272371	24.905557	
950	135.107661	24.924566	
951	134.913131	25.003945	
952	134.691989	25.151335	
953	134.447378	25.352383	
954	134.184714	25.577472	
955	133.915435	25.795895	
956	133.658089	25.985571	
957	133.433314	26.133136	
958	133.254305	26.232999	
959	133.119701	26.293659	
960	133.015223	26.343294	
961	132.922313	26.421078	
962	132.824630	26.554992	
963	132.708313	26.740239	
964	132.560772	26.931962	
965	132.370995	27.057956	
966	132.131342	27.046953	
967	131.839678	26.855886	
968	131.498416	26.481046	
969	131.112330	25.952331	
970	130.689585	25.317709	
971	130.243715	24.630227	
972	129.793555	23.939704	
973	129.358631	23.277275	
974	128.947528	22.645337	
975	128.550817	22.037374	
976	128.150218	21.468916	
977	127.731371	20.978368	
978	127.286108	20.594781	
979	126.810223	20.315074	
980	126.303689	20.115092	
981	125.771724	19.969687	
982	125.224483	19.859389	
983	124.673329	19.767359	
984	124.126024	19.677290	
985	123.587215	19.576453	
986	123.062309	19.456217	
987	122.558355	19.308100	
988	122.083690	19.126669	
989	121.648876	18.919719	
990	121.264593	18.711478	
991	120.934852	18.535435	
992	120.650467	18.427659	
993	120.387134	18.425412	
994	120.112167	18.567231	
995	119.798860	18.891759	
996	119.437928	19.437676	
997	119.039611	20.246467	
998	118.626248	21.355436	
999	118.217720	22.768129	
1000	117.818428	24.407191	
1001	117.412808	26.078049	
1002	116.969616	27.491818	
1003	116.449883	28.336629	
1004	115.818382	28.363636	
1005	115.065853	27.517966	
1006	114.225195	26.023783	
1007	113.354575	24.265241	
1008	112.503521	22.568453	
1009	111.698380	21.103721	
1010	110.949500	19.924453	
1011	110.259885	19.037426	
1012	109.627950	18.446455	
1013	109.048537	18.163916	
1014	108.514548	18.203535	
1015	108.020314	18.566694	
1016	107.564773	19.230700	
1017	107.149477	20.145376	
1018	106.770188	21.223310	
1019	106.405840	22.314043	
1020	106.015880	23.204402	
1021	105.553801	23.680691	
1022	104.987215	23.616541	
1023	104.313052	23.042982	
1024	103.561574	22.158773	
1025	102.780743	21.232181	
1026	102.010594	20.462182	
1027	101.272869	19.934722	
1028	100.579622	19.677167	
1029	99.938195	19.687782	
1030	99.342899	19.902171	
1031	98.770305	20.188266	
1032	98.187097	20.395201	
1033	97.562330	20.399221	
1034	96.877200	20.126063	
1035	96.131659	19.567851	
1036	95.347599	18.803840	
1037	94.557911	17.976565	
1038	93.785739	17.214502	
1039	93.037384	16.583239	
1040	92.308739	16.094123	
1041	91.591690	15.729333	
1042	90.878836	15.458800	
1043	90.166188	15.250268	
1044	89.451846	15.076285	
1045	88.734217	14.919608	
1046	88.012462	14.775686	
1047	87.287296	14.649210	
1048	86.561708	14.545726	
1049	85.840748	14.465508	
1050	85.129043	14.404948	
1051	84.429098	14.359854	
1052	83.741473	14.323506	
1053	83.063883	14.283120	
1054	82.390131	14.223297	
1055	81.712236	14.135776	
1056	81.024814	14.023771	
1057	80.326472	13.896749	
1058	79.616525	13.765662	
1059	78.892971	13.643671	
1060	78.155803	13.544396	
1061	77.409137	13.474279	
1062	76.656677	13.429284	
1063	75.898356	13.400182	
1064	75.134240	13.375287	
1065	74.368115	13.337376	
1066	73.605262	13.266539	
1067	72.848968	13.150030	
1068	72.099330	12.987359	
1069	71.353244	12.787404	
1070	70.605205	12.563013	
1071	69.849148	12.327648	
1072	69.080406	12.092953	
1073	68.297648	11.866273	
1074	67.503611	11.652301	
1075	66.702265	11.456147	
1076	65.895935	11.281251	
1077	65.087537	11.126794	
1078	64.283334	10.988570	
1079	63.490333	10.860767	
1080	62.712679	10.739721	
1081	61.951661	10.626121	
1082	61.206886	10.519666	
1083	60.476534	10.413011	
1084	59.757150	10.294610	
1085	59.043410	10.157679	
1086	58.329287	10.004113	
1087	57.609724	9.840199	
1088	56.880584	9.672573	
1089	56.139192	9.507608	
1090	55.386234	9.350907	
1091	54.625227	9.207188	
1092	53.860181	9.080188	
1093	53.094608	8.970164	
1094	52.331175	8.871287	
1095	51.571289	8.774284	
1096	50.815111	8.673566	
1097	50.061575	8.570793	
1098	49.309113	8.470758	
1099	48.557507	8.375073	
1100	47.808133	8.280405	
1101	47.062332	8.181837	
1102	46.321143	8.077770	
1103	45.586069	7.971809	
1104	44.859081	7.869311	
1105	44.142825	7.772776	
1106	43.440365	7.681513	
1107	42.753036	7.594341	
1108	42.079012	7.511205	
1109	41.414382	7.433074	
1110	40.753943	7.360932	
1111	40.090983	7.293823	
1112	39.418456	7.226886	
1113	38.731253	7.151968	
1114	38.028030	7.061589	
1115	37.312348	6.952953	
1116	36.591651	6.828090	
1117	35.873884	6.689880	
1118	35.165093	6.538150	
1119	34.469370	6.370163	
1120	33.789047	6.184601	
1121	33.124648	5.984157	
1122	32.475594	5.774239	
1123	31.841076	5.560461	
1124	31.220113	5.348239	
1125	30.611134	5.144241	
1126	30.011579	4.957739	
1127	29.418067	4.800693	
1128	28.827967	4.685395	
1129	28.241301	4.620242	
1130	27.660529	4.606404	
1131	27.088464	4.636113	
1132	26.527105	4.692771	
1133	25.978558	4.754804	
1134	25.446393	4.801156	
1135	24.936272	4.812721	
1136	24.455576	4.771491	
1137	24.009776	4.666675	
1138	23.596781	4.504096	
1139	23.205799	4.304209	
1140	22.821977	4.090161	
1141	22.431860	3.879361	
1142	22.026303	3.683646	
1143	21.601169	3.512609	
1144	21.156761	3.374291	
1145	20.696345	3.274152	
1146	20.224902	3.214584	
1147	19.748816	3.193673	
1148	19.275268	3.203097	
1149	18.811161	3.228914	
1150	18.363025	3.256521	
1151	17.937417	3.275710	
1152	17.539908	3.282813	
1153	17.172946	3.279846	
1154	16.834847	3.271132	
1155	16.521444	3.259818	
1156	16.228975	3.246918	
1157	15.955429	3.231873	
1158	15.700187	3.212691	
1159	15.463312	3.185694	
1160	15.244391	3.146135	
1161	15.041004	3.090785	
1162	14.848286	3.021098	
1163	14.659811	2.943627	
1164	14.468501	2.867436	
1165	14.268305	2.801315	
1166	14.056594	2.752031	
1167	13.834279	2.723320	
1168	13.604256	2.716254	
1169	13.371082	2.730533	
1170	13.140828	2.764726	
1171	12.919773	2.815416	
1172	12.713185	2.876454	
1173	12.524886	2.939929	
1174	12.357021	2.999781	
1175	12.209889	3.054677	
1176	12.082215	3.106970	
1177	11.971820	3.159773	
1178	11.876048	3.214723	
1179	11.791689	3.270885	
1180	11.715391	3.324780	
1181	11.644622	3.371005	
1182	11.577561	3.403681	
1183	11.512120	3.419352	
1184	11.446019	3.419441	
1185	11.377501	3.409720	
1186	11.305256	3.397678	
1187	11.228035	3.390146	
1188	11.144956	3.391639	
1189	11.055948	3.403479	
1190	10.961933	3.424462	
1191	10.865262	3.452378	
1192	10.769879	3.485097	
1193	10.680598	3.520834	
1194	10.602072	3.557677	
1195	10.537884	3.593371	
1196	10.490013	3.625831	
1197	10.458889	3.653707	
1198	10.443581	3.677079	
1199	10.442229	3.697666	
1200	10.452789	3.717297	
1201	10.473411	3.736067	
1202	10.502322	3.752270	
1203	10.537380	3.764172	
1204	10.575602	3.772412	
1205	10.613509	3.780908	
1206	10.648098	3.795149	
1207	10.677238	3.819869	
1208	10.699566	3.857620	
1209	10.714875	3.907609	
1210	10.724705	3.965313	
1211	10.731981	4.024292	
1212	10.739715	4.079394	
1213	10.749974	4.128549	
1214	10.763539	4.171989	
1215	10.780048	4.210538	
1216	10.798628	4.244384	
1217	10.818546	4.272853	
1218	10.839310	4.295292	
1219	10.860655	4.312187	
1220	10.882637	4.325488	
1221	10.905342	4.337786	
1222	10.928098	4.351190	
1223	10.949096	4.367176	
1224	10.966338	4.386444	
1225	10.978698	4.408139	
1226	10.985613	4.430236	
1227	10.986651	4.451072	
1228	10.981868	4.470042	
1229	10.971920	4.487082	
1230	10.957775	4.501885	
1231	10.940490	4.513597	
1232	10.920936	4.520980	
1233	10.899787	4.522540	
1234	10.878106	4.516784	
1235	10.857864	4.502757	
1236	10.841613	4.480529	
1237	10.831517	4.451432	
1238	10.828728	4.417634	
1239	10.833488	4.381214	
1240	10.845257	4.343606	
1241	10.862646	4.305897	
1242	10.883639	4.269730	
1243	10.906325	4.237484	
1244	10.929636	4.210995	
1245	10.953165	4.190175	
1246	10.976211	4.172495	
1247	10.997060	4.153578	
1248	11.013111	4.129020	
1249	11.022463	4.096550	
1250	11.025851	4.056930	
1251	11.026390	4.012956	
1252	11.027551	3.967943	
1253	11.032280	3.925154	
1254	11.043839	3.887776	
1255	11.066766	3.858175	
1256	11.107064	3.835931	
1257	11.171690	3.816457	
1258	11.266908	3.792603	
1259	11.395938	3.757564	
1260	11.558088	3.705673	
1261	11.749805	3.632313	
1262	11.965665	3.535705	
1263	12.198935	3.419072	
1264	12.443011	3.290484	
1265	12.693334	3.161042	
1266	12.948392	3.043558	
1267	13.209502	2.951678	
1268	13.479802	2.897239	
1269	13.763172	2.885089	
1270	14.063233	2.910484	
1271	14.382207	2.963546	
1272	14.720622	3.035008	
1273	15.078193	3.116940	
1274	15.454656	3.201866	
1275	15.849425	3.284357	
1276	16.259847	3.362545	
1277	16.680074	3.437060	
1278	17.102586	3.509802	
1279	17.521035	3.583506	
1280	17.932192	3.659982	
1281	18.336288	3.738456	
1282	18.735964	3.816466	
1283	19.135206	3.891986	
1284	19.539047	3.964886	
1285	19.953268	4.037172	
1286	20.383439	4.111449	
1287	20.833021	4.188316	
1288	21.301858	4.265047	
1289	21.787041	4.336957	
1290	22.285101	4.400114	
1291	22.792701	4.452765	
1292	23.305591	4.494855	
1293	23.818331	4.526915	
1294	24.325977	4.549232	
1295	24.826332	4.561200	
1296	25.320648	4.561420	
1297	25.812000	4.549339	
1298	26.303549	4.527305	
1299	26.799163	4.501574	
1300	27.304629	4.480789	
1301	27.826194	4.471951	
1302	28.367526	4.477467	
1303	28.928776	4.494730	
1304	29.508651	4.517751	
1305	30.106789	4.541965	
1306	30.724216	4.568716	
1307	31.362876	4.603171	
1308	32.025056	4.647125	
1309	32.711794	4.694784	
1310	33.420946	4.736734	
1311	34.147189	4.768166	
1312	34.883893	4.792744	
1313	35.624496	4.819676	
1314	36.363262	4.858529	
1315	37.096560	4.915849	
1316	37.823497	4.994337	
1317	38.545443	5.093385	
1318	39.265249	5.209873	
1319	39.985303	5.339350	
1320	40.705367	5.477938	
1321	41.423818	5.624144	
1322	42.141247	5.778944	
1323	42.861034	5.944414	
1324	43.587110	6.122588	
1325	44.322858	6.314756	
1326	45.070394	6.520725	
1327	45.829234	6.737824	
1328	46.596512	6.960667	
1329	47.368813	7.182936	
1330	48.143405	7.399174	
1331	48.918443	7.604428	
1332	49.692739	7.792363	
1333	50.465390	7.954109	
1334	51.236311	8.081447	
1335	52.006961	8.172978	
1336	52.779244	8.235400	
1337	53.554247	8.278903	
1338	54.332784	8.313447	
1339	55.115692	8.347495	
1340	55.902972	8.386553	
1341	56.693697	8.432357	
1342	57.487027	8.484231	
1343	58.282975	8.540268	
1344	59.081759	8.596911	
1345	59.882435	8.649709	
1346	60.682724	8.695989	
1347	61.480633	8.736825	
1348	62.277004	8.776422	
1349	63.076865	8.818969	
1350	63.887562	8.866361	
1351	64.714519	8.919385	
1352	65.558407	8.979659	
1353	66.416249	9.049963	
1354	67.284593	9.132726	
1355	68.161610	9.226618	
1356	69.046791	9.325104	
1357	69.938492	9.420405	
1358	70.831682	9.507580	
1359	71.719279	9.584129	
1360	72.596585	9.649228	
1361	73.463160	9.704512	
1362	74.320188	9.753684	
1363	75.168456	9.802099	
1364	76.008438	9.856719	
1365	76.839480	9.922394	
1366	77.659066	9.997349	
1367	78.464364	10.076326	
1368	79.254502	10.157508	
1369	80.031094	10.243350	
1370	80.797059	10.338555	
1371	81.554914	10.450167	
1372	82.305113	10.585668	
1373	83.046073	10.749354	
1374	83.776280	10.942157	
1375	84.495176	11.163825	
1376	85.202452	11.413044	
1377	85.899252	11.685700	
1378	86.590184	11.975721	
1379	87.282064	12.277787	
1380	87.980035	12.584636	
1381	88.686079	12.880287	
1382	89.402408	13.140133	
1383	90.134431	13.341734	
1384	90.887563	13.478730	
1385	91.662369	13.564238	
1386	92.454087	13.618059	
1387	93.252900	13.650953	
1388	94.044413	13.661420	
1389	94.817134	13.646345	
1390	95.570827	13.612437	
1391	96.312887	13.576806	
1392	97.048850	13.560941	
1393	97.779811	13.583562	
1394	98.505330	13.652149	
1395	99.225474	13.758729	
1396	99.940477	13.885042	
1397	100.649272	14.012525	
1398	101.348430	14.129845	
1399	102.032861	14.234867	
1400	102.698859	14.331607	
1401	103.347362	14.425145	
1402	103.983906	14.520021	
1403	104.614780	14.623171	
1404	105.243442	14.742962	
1405	105.871069	14.881291	
1406	106.498872	15.028468	
1407	107.127790	15.167341	
1408	107.756994	15.281870	
1409	108.384625	15.363648	
1410	109.009214	15.413623	
1411	109.629840	15.438329	
1412	110.246411	15.443709	
1413	110.859956	15.432079	
1414	111.471311	15.405096	
1415	112.079582	15.369221	
1416	112.682125	15.335920	
1417	113.275598	15.316112	
1418	113.858134	15.317232	
1419	114.431114	15.345511	
1420	114.998238	15.408109	
1421	115.563734	15.511755	
1422	116.133041	15.655144	
1423	116.714270	15.819299	
1424	117.314915	15.974241	
1425	117.935303	16.099474	
1426	118.566823	16.190844	
1427	119.196657	16.254066	
1428	119.813553	16.300964	
1429	120.409814	16.345142	
1430	120.980551	16.395848	
1431	121.522993	16.457341	
1432	122.035218	16.533089	
1433	122.515295	16.629804	
1434	122.962791	16.757865	
1435	123.380376	16.926614	
1436	123.773164	17.138542	
1437	124.146770	17.389311	
1438	124.506769	17.673725	
1439	124.859673	17.987957	
1440	125.211674	18.322840	
1441	125.566170	18.658495	
1442	125.925217	18.969018	
1443	126.293726	19.234057	
1444	126.681638	19.449900	
1445	127.100257	19.629754	
1446	127.552476	19.792953	
1447	128.027417	19.959178	
1448	128.508085	20.153239	
1449	128.982288	20.408891	
1450	129.446155	20.762101	
1451	129.901378	21.231457	
1452	130.348753	21.797312	
1453	130.784213	22.405353	
1454	131.204640	22.997962	
1455	131.616572	23.540631	
1456	132.033393	24.021142	
1457	132.459606	24.437962	
1458	132.881335	24.797693	
1459	133.276260	25.112718	
1460	133.628379	25.392927	
1461	133.933958	25.644081	
1462	134.201008	25.871536	
1463	134.440848	26.075750	
1464	134.655462	26.242192	
1465	134.836264	26.342330	
1466	134.976059	26.352402	
1467	135.081064	26.279204	
1468	135.174612	26.174694	
1469	135.290608	26.122195	
1470	135.459383	26.193527	
1471	135.696455	26.406800	
1472	136.001068	26.720081	
1473	136.358338	27.057796	
1474	136.745096	27.344707	
1475	137.142751	27.537445	
1476	137.543327	27.640727	
1477	137.941905	27.695459	
1478	138.327130	27.745854	
1479	138.675969	27.801873	
1480	138.954323	27.824795	
1481	139.130533	27.759437	
1482	139.196484	27.584946	
1483	139.172045	27.328176	
1484	139.087620	27.039055	
1485	138.968121	26.765946	
1486	138.829725	26.544110	
1487	138.681748	26.396628	
1488	138.529609	26.339152	
1489	138.378978	26.374320	
1490	138.237027	26.484594	
1491	138.108797	26.639104	
1492	137.994046	26.806645	
1493	137.887296	26.959310	
1494	137.777882	27.068366	
1495	137.648628	27.105659	
1496	137.477664	27.054803	
1497	137.251002	26.926822	
1498	136.978233	26.764582	
1499	136.692948	26.620997	
1500	136.437593	26.531537	
1501	136.243451	26.506456	
1502	136.117801	26.537285	
1503	136.048081	26.610204	
1504	136.013851	26.720689	
1505	135.993705	26.870815	
1506	135.967831	27.051691	
1507	135.919854	27.244878	
1508	135.838045	27.441112	
1509	135.714494	27.637351	
1510	135.543149	27.815800	
1511	135.319054	27.942217	
1512	135.039734	27.989301	
1513	134.709136	27.958980	
1514	134.342838	27.879463	
1515	133.968372	27.777774	
1516	133.614349	27.652534	
1517	133.294879	27.474901	
1518	133.004739	27.219719	
1519	132.729884	26.890337	
1520	132.458708	26.505851	
1521	132.178889	26.076883	
1522	131.870313	25.607562	
1523	131.509153	25.104866	
1524	131.074528	24.567076	
1525	130.550941	23.975272	
1526	129.936710	23.319418	
1527	129.253355	22.627950	
1528	128.538007	21.954122	
1529	127.826564	21.342216	
1530	127.144538	20.814501	
1531	126.504654	20.374490	
1532	125.907886	20.011256	
1533	125.347767	19.703704	
1534	124.815749	19.427100	
1535	124.305410	19.161596	
1536	123.812682	18.899644	
1537	123.333363	18.648889	
1538	122.863261	18.429205	
1539	122.400846	18.261864	
1540	121.948279	18.155226	
1541	121.509852	18.101373	
1542	121.089086	18.087124	
1543	120.685403	18.103341	
1544	120.290881	18.142975	
1545	119.888607	18.196547	
1546	119.456860	18.251659	
1547	118.979656	18.294427	
1548	118.454203	18.312919	
1549	117.887718	18.302332	
1550	117.289212	18.266216	
1551	116.665435	18.212142	
1552	116.022436	18.147304	
1553	115.367744	18.077197	
1554	114.709986	18.005725	
1555	114.057998	17.935787	
1556	113.420964	17.870313	
1557	112.808247	17.810061	
1558	112.227829	17.749308	
1559	111.683133	17.680607	
1560	111.170573	17.604059	
1561	110.680161	17.524710	
1562	110.196890	17.445111	
1563	109.703190	17.364820	
1564	109.185345	17.281214	
1565	108.639045	17.189852	
1566	108.067934	17.089232	
1567	107.478399	16.985501	
1568	106.876402	16.889321	
1569	106.267265	16.809244	
1570	105.656912	16.750362	
1571	105.052381	16.716128	
1572	104.459494	16.709016	
1573	103.879238	16.728654	
1574	103.307410	16.768764	
1575	102.737451	16.819779	
1576	102.162143	16.874161	
1577	101.573849	16.925602	
1578	100.965230	16.965909	
1579	100.329711	16.985141	
1580	99.664143	16.973480	
1581	98.975863	16.924961	
1582	98.284151	16.844144	
1583	97.609278	16.746858	
1584	96.961145	16.648473	
1585	96.337283	16.553077	
1586	95.726146	16.454804	
1587	95.110301	16.344037	
1588	94.470324	16.212056	
1589	93.794145	16.057404	
1590	93.085751	15.891515	
1591	92.361244	15.734170	
1592	91.638089	15.603014	
1593	90.928911	15.508606	
1594	90.239324	15.452914	
1595	89.567795	15.427417	
1596	88.907271	15.414764	
1597	88.248275	15.397521	
1598	87.584211	15.370058	
1599	86.915511	15.340466	
1600	86.247766	15.316486	
1601	85.586357	15.289634	
1602	84.933738	15.236410	
1603	84.290191	15.136832	
1604	83.654868	14.990070	
1605	83.025239	14.811193	
1606	82.396232	14.618221	
1607	81.761621	14.428655	
1608	81.117064	14.263108	
1609	80.461333	14.140387	
1610	79.794712	14.066999	
1611	79.117236	14.034909	
1612	78.429484	14.028401	
1613	77.734427	14.029779	
1614	77.037107	14.018209	
1615	76.343263	13.968963	
1616	75.659247	13.860828	
1617	74.991048	13.686321	
1618	74.340498	13.453248	
1619	73.702513	13.176073	
1620	73.067687	12.869809	
1621	72.427918	12.551933	
1622	71.778862	12.241725	
1623	71.117977	11.955150	
1624	70.442962	11.703286	
1625	69.752768	11.493006	
1626	69.047720	11.327161	
1627	68.328664	11.206196	
1628	67.598951	11.127657	
1629	66.866856	11.081577	
1630	66.142927	11.049540	
1631	65.434205	11.012302	
1632	64.741470	10.958995	
1633	64.061376	10.886838	
1634	63.389844	10.793217	
1635	62.723602	10.675168	
1636	62.060235	10.537476	
1637	61.397409	10.393961	
1638	60.731945	10.258559	
1639	60.060423	10.137440	
1640	59.380997	10.028355	
1641	58.694368	9.924125	
1642	58.002967	9.816404	
1643	57.309468	9.699791	
1644	56.616157	9.574954	
1645	55.924788	9.447325	
1646	55.236542	9.323607	
1647	54.552932	9.209327	
1648	53.876328	9.106445	
1649	53.208335	9.012607	
1650	52.547650	8.926142	
1651	51.890149	8.851584	
1652	51.231630	8.795411	
1653	50.570685	8.757464	
1654	49.909254	8.730262	
1655	49.251090	8.704443	
1656	48.599699	8.673238	
1657	47.956887	8.633457	
1658	47.322547	8.583452	
1659	46.695529	8.521074	
1660	46.074120	8.443470	
1661	45.455385	8.347645	
1662	44.835600	8.231733	
1663	44.212686	8.097411	
1664	43.587614	7.950533	
1665	42.963989	7.797621	
1666	42.347496	7.642915	
1667	41.744106	7.490192	
1668	41.156573	7.344920	
1669	40.582913	7.212237	
1670	40.018713	7.092613	
1671	39.459843	6.979835	
1672	38.902747	6.864985	
1673	38.343900	6.743364	
1674	37.780339	6.616808	
1675	37.210680	6.490242	
1676	36.635409	6.367369	
1677	36.056644	6.248795	
1678	35.478367	6.133464	
1679	34.906258	6.021854	
1680	34.345920	5.916581	
1681	33.800739	5.819031	
1682	33.270720	5.726288	
1683	32.752169	5.631674	
1684	32.238368	5.527685	
1685	31.721694	5.409350	
1686	31.196680	5.276395	
1687	30.662823	5.132553	
1688	30.125517	4.983339	
1689	29.593551	4.834180	
1690	29.074780	4.689406	
1691	28.573641	4.552982	
1692	28.091383	4.429358	
1693	27.627528	4.322042	
1694	27.181043	4.231651	
1695	26.750613	4.155970	
1696	26.334599	4.090819	
1697	25.931382	4.030378	
1698	25.540388	3.969039	
1699	25.162552	3.904820	
1700	24.798856	3.840014	
1701	24.448947	3.777989	
1702	24.112402	3.719430	
1703	23.790278	3.660705	
1704	23.483390	3.595964	
1705	23.189850	3.521249	
1706	22.906157	3.436397	
1707	22.630334	3.344856	
1708	22.362830	3.253268	
1709	22.104264	3.169825	
1710	21.853218	3.101574	
1711	21.606995	3.052407	
1712	21.363977	3.022009	
1713	21.124880	3.006046	
1714	20.892196	2.998366	
1715	20.668299	2.994483	
1716	20.453186	2.993986	
1717	20.242942	3.001142	
1718	20.029544	3.024229	
1719	19.803297	3.072387	
1720	19.557308	3.150588	
1721	19.290483	3.256118	
1722	19.007839	3.377502	
1723	18.720208	3.493504	
1724	18.444047	3.572213	
1725	18.198028	3.577600	
1726	17.994392	3.487232	
1727	17.831384	3.307638	
1728	17.694960	3.071364	
1729	17.568290	2.818587	
1730	17.440116	2.580241	
1731	17.306751	2.373205	
1732	17.169238	2.203803	
1733	17.029543	2.070803	
1734	16.888539	1.966441	
1735	16.745437	1.882012	
1736	16.597464	1.815603	
1737	16.440992	1.771108	
1738	16.273811	1.751021	
1739	16.095968	1.753075	
1740	15.909063	1.770984	
1741	15.715491	1.796128	
1742	15.517937	1.820610	
1743	15.318797	1.840288	
1744	15.119579	1.855066	
1745	14.920782	1.866886	
1746	14.722250	1.877370	
1747	14.523723	1.886446	
1748	14.325628	1.892256	
1749	14.128974	1.892653	
1750	13.933891	1.887948	
1751	13.739186	1.881778	
1752	13.544093	1.878566	
1753	13.350234	1.880935	
1754	13.161621	1.889850	
1755	12.982577	1.906143	
1756	12.815641	1.930591	
1757	12.660958	1.962106	
1758	12.516296	1.996386	
1759	12.377207	2.026839	
1760	12.238363	2.047137	
1761	12.095592	2.053474	
1762	11.946465	2.045176	
1763	11.789583	2.023915	
1764	11.624538	1.992708	
1765	11.452973	1.955154	
1766	11.279586	1.915172	
1767	11.111235	1.877334	
1768	10.954062	1.846429	
1769	10.811143	1.825964	
1770	10.682379	1.817667	
1771	10.566076	1.821899	
1772	10.460380	1.837421	
1773	10.363317	1.861756	
1774	10.272415	1.892691	
1775	10.185012	1.928783	
1776	10.098770	1.968770	
1777	10.011853	2.011416	
1778	9.922855	2.055787	
1779	9.830486	2.101235	
1780	9.733316	2.147257	
1781	9.630448	2.193236	
1782	9.522407	2.238137	
1783	9.410377	2.281011	
1784	9.294457	2.321982	
1785	9.173515	2.362093	
1786	9.046641	2.402535	
1787	8.914430	2.444617	
1788	8.779553	2.489738	
1789	8.646591	2.538644	
1790	8.520997	2.590513	
1791	8.407707	2.642761	
1792	8.310020	2.691610	
1793	8.229051	2.732527	
1794	8.163560	2.760840	
1795	8.109878	2.773455	
1796	8.062452	2.770662	
1797	8.015319	2.756479	
1798	7.963606	2.737425	
1799	7.904199	2.720754	
1800	7.835890	2.712915	
1801	7.759276	2.718277	
1802	7.675856	2.738311	
1803	7.586848	2.771195	
1804	7.493324	2.811429	
1805	7.397537	2.850465	
1806	7.303561	2.879403	
1807	7.215993	2.892153	
1808	7.138295	2.886880	
1809	7.072598	2.865932	
1810	7.019992	2.834835	
1811	6.980371	2.800260	
1812	6.952224	2.767941	
1813	6.932482	2.741447	
1814	6.916808	2.721831	
1815	6.900422	2.708435	
1816	6.878572	2.700569	
1817	6.846671	2.698965	
1818	6.800686	2.706261	
1819	6.737690	2.725922	
1820	6.656495	2.759927	
1821	6.557844	2.807411	
1822	6.443762	2.865917	
1823	6.317039	2.933554	
1824	6.181353	3.008816	
1825	6.041234	3.088065	
1826	5.901616	3.164823	
1827	5.767193	3.232843	
1828	5.642016	3.288807	
1829	5.529421	3.331713	
1830	5.431366	3.362401	
1831	5.347714	3.384086	
1832	5.277042	3.400418	
1833	5.218226	3.412480	
1834	5.171103	3.418644	
1835	5.136115	3.416979	
1836	5.113587	3.407381	
1837	5.103089	3.391564	
1838	5.103339	3.371614	
1839	5.112699	3.349184	
1840	5.129611	3.326164	
1841	5.152489	3.305753	
1842	5.179157	3.292544	
1843	5.206258	3.291584	
1844	5.229532	3.307494	
1845	5.245113	3.343772	
1846	5.250490	3.401370	
1847	5.244471	3.477441	
1848	5.226882	3.566427	
1849	5.198790	3.662578	
1850	5.163147	3.761002	
1851	5.124558	3.857374	
1852	5.087463	3.948210	
1853	5.054347	4.031353	
1854	5.025547	4.105976	
1855	5.000272	4.172204	
1856	4.977536	4.230449	
1857	4.956447	4.280971	
1858	4.936160	4.324020	
1859	4.915913	4.360106	
1860	4.895330	4.390222	
1861	4.874801	4.415813	
1862	4.855470	4.438410	
1863	4.838661	4.459172	
1864	4.825298	4.478367	
1865	4.815571	4.495284	
1866	4.808808	4.509259	
1867	4.803868	4.520853	
1868	4.799528	4.531634	
1869	4.794669	4.542971	
1870	4.788930	4.555578	
1871	4.783204	4.569695	
1872	4.779101	4.585131	
1873	4.777924	4.601570	
1874	4.780112	4.618544	
1875	4.785575	4.634709	
1876	4.794205	4.648357	
1877	4.805787	4.658845	
1878	4.819719	4.666191	
1879	4.835075	4.669666	
1880	4.850948	4.668024	
1881	4.866670	4.660468	
1882	4.881671	4.647038	
1883	4.895263	4.629065	
1884	4.906807	4.609321	
1885	4.916243	4.591040	
1886	4.924251	4.576424	
1887	4.931625	4.565775	
1888	4.938760	4.557839	
1889	4.945886	4.550912	
1890	4.953466	4.543899	
