Athlete_Engineering	// User ID
11-2-2021	// Evaluation date
P002_WALK2	23-1-2021	14:03:38:560	// Source file name and timestamp
250.000	// Sampling rate
6.234	// Data capture period



Sample #	Right_Leg_Flexion	Right_Leg_Abduction	
0	5.144419	2.791628	
1	5.115786	2.781654	
2	5.086471	2.756336	
3	5.060026	2.723319	
4	5.039745	2.692085	
5	5.027410	2.670679	
6	5.022940	2.664336	
7	5.025043	2.675127	
8	5.031917	2.701631	
9	5.041561	2.739209	
10	5.051924	2.781555	
11	5.061268	2.823237	
12	5.068828	2.861832	
13	5.074978	2.897698	
14	5.080588	2.931174	
15	5.086542	2.960716	
16	5.093430	2.984052	
17	5.100879	2.999690	
18	5.107499	3.007406	
19	5.111939	3.008736	
20	5.113876	3.006530	
21	5.113785	3.003203	
22	5.111992	2.999943	
23	5.108215	2.997439	
24	5.102103	2.996417	
25	5.094124	2.997780	
26	5.085646	3.003390	
27	5.078210	3.017358	
28	5.073054	3.046266	
29	5.070999	3.097780	
30	5.072226	3.179052	
31	5.076200	3.296079	
32	5.082169	3.453353	
33	5.089582	3.653152	
34	5.098155	3.894281	
35	5.108642	4.169858	
36	5.124755	4.467675	
37	5.152428	4.774772	
38	5.193652	5.077955	
39	5.243447	5.362205	
40	5.293402	5.615052	
41	5.330536	5.827214	
42	5.334529	5.987182	
43	5.285022	6.080601	
44	5.171887	6.093838	
45	5.000592	6.019835	
46	4.793543	5.866302	
47	4.583286	5.657617	
48	4.397784	5.424856	
49	4.250498	5.192768	
50	4.142044	4.974836	
51	4.066571	4.776455	
52	4.016736	4.601750	
53	3.986702	4.459627	
54	3.972786	4.362767	
55	3.972079	4.319994	
56	3.981283	4.329724	
57	3.996902	4.379904	
58	4.016293	4.454215	
59	4.038074	4.537758	
60	4.060591	4.616915	
61	4.080312	4.676638	
62	4.092434	4.700433	
63	4.093150	4.675392	
64	4.081261	4.596689	
65	4.057346	4.465092	
66	4.022214	4.283407	
67	3.977389	4.058336	
68	3.926346	3.803346	
69	3.873883	3.536758	
70	3.824371	3.276997	
71	3.780702	3.039554	
72	3.744146	2.835116	
73	3.715042	2.668257	
74	3.693616	2.538520	
75	3.679783	2.442927	
76	3.672767	2.377863	
77	3.671289	2.339873	
78	3.673557	2.325584	
79	3.676975	2.331198	
80	3.678705	2.352029	
81	3.676858	2.382679	
82	3.670557	2.417782	
83	3.658627	2.452980	
84	3.639067	2.486244	
85	3.610572	2.518392	
86	3.574553	2.551899	
87	3.535844	2.588859	
88	3.502343	2.628855	
89	3.482515	2.668388	
90	3.479919	2.702662	
91	3.490886	2.728049	
92	3.509139	2.744730	
93	3.530581	2.758220	
94	3.553332	2.776501	
95	3.575907	2.804876	
96	3.596377	2.843983	
97	3.612629	2.891172	
98	3.623266	2.942767	
99	3.628427	2.995839	
100	3.630252	3.048800	
101	3.633395	3.101784	
102	3.645256	3.157273	
103	3.675407	3.219591	
104	3.734500	3.294186	
105	3.831902	3.387673	
106	3.970520	3.505464	
107	4.141437	3.647617	
108	4.325053	3.808313	
109	4.498566	3.977429	
110	4.641927	4.139421	
111	4.739717	4.272243	
112	4.783307	4.354901	
113	4.774624	4.382952	
114	4.726004	4.371972	
115	4.654294	4.341457	
116	4.575951	4.302318	
117	4.505401	4.260751	
118	4.452903	4.224588	
119	4.422515	4.201901	
120	4.413102	4.196261	
121	4.420848	4.205127	
122	4.440832	4.221738	
123	4.468069	4.236715	
124	4.498199	4.239064	
125	4.527808	4.216638	
126	4.554658	4.152724	
127	4.577783	4.025384	
128	4.599479	3.822428	
129	4.627336	3.561787	
130	4.670223	3.288282	
131	4.731106	3.047942	
132	4.805022	2.869815	
133	4.883264	2.764330	
134	4.957747	2.726996	
135	5.021155	2.741617	
136	5.065146	2.783720	
137	5.080611	2.824489	
138	5.060229	2.835574	
139	5.001710	2.797659	
140	4.909873	2.708743	
141	4.795957	2.582590	
142	4.674832	2.437976	
143	4.562288	2.288827	
144	4.473305	2.142245	
145	4.421165	2.003452	
146	4.416440	1.881630	
147	4.464154	1.788640	
148	4.560994	1.730252	
149	4.697851	1.701757	
150	4.866509	1.693536	
151	5.062657	1.697404	
152	5.283921	1.707400	
153	5.529055	1.720606	
154	5.799015	1.740496	
155	6.095124	1.773217	
156	6.414860	1.815151	
157	6.750803	1.848363	
158	7.094492	1.852586	
159	7.441592	1.819724	
160	7.794392	1.757725	
161	8.160257	1.685976	
162	8.548190	1.626980	
163	8.966312	1.599004	
164	9.419841	1.612531	
165	9.909672	1.667231	
166	10.433553	1.750988	
167	10.987689	1.845044	
168	11.566375	1.930925	
169	12.162366	1.994013	
170	12.769024	2.024906	
171	13.380957	2.019278	
172	13.992960	1.975095	
173	14.600048	1.890109	
174	15.199110	1.763747	
175	15.790699	1.601143	
176	16.378987	1.413260	
177	16.969663	1.213207	
178	17.567087	1.012868	
179	18.172482	0.820490	
180	18.785670	0.641364	
181	19.407510	0.481774	
182	20.038304	0.349228	
183	20.674581	0.247839	
184	21.307641	0.173466	
185	21.924726	0.111352	
186	22.512646	0.040829	
187	23.060816	-0.052536	
188	23.562178	-0.168503	
189	24.014167	-0.296635	
190	24.419770	-0.427625	
191	24.787701	-0.560907	
192	25.134055	-0.701830	
193	25.483341	-0.847191	
194	25.860505	-0.976345	
195	26.278614	-1.062931	
196	26.736554	-1.091585	
197	27.226418	-1.062393	
198	27.739998	-0.986312	
199	28.269947	-0.878139	
200	28.808317	-0.750637	
201	29.346812	-0.612030	
202	29.878595	-0.466843	
203	30.398586	-0.319218	
204	30.902899	-0.175230	
205	31.389618	-0.040935	
206	31.859750	0.080216	
207	32.316167	0.184948	
208	32.761590	0.265477	
209	33.197781	0.310341	
210	33.625474	0.311133	
211	34.044165	0.268979	
212	34.452606	0.196374	
213	34.850270	0.111744	
214	35.237888	0.029594	
215	35.615639	-0.042085	
216	35.980624	-0.095017	
217	36.325588	-0.116129	
218	36.639250	-0.089523	
219	36.909204	-0.001542	
220	37.126152	0.152367	
221	37.285685	0.362372	
222	37.387390	0.606454	
223	37.433372	0.859968	
224	37.427449	1.104783	
225	37.375613	1.332503	
226	37.285612	1.543018	
227	37.164134	1.740305	
228	37.013816	1.925237	
229	36.832472	2.089031	
230	36.614942	2.214850	
231	36.355907	2.286343	
232	36.051727	2.293513	
233	35.701186	2.233645	
234	35.306028	2.112294	
235	34.871457	1.944016	
236	34.405958	1.748288	
237	33.919115	1.541852	
238	33.418442	1.334958	
239	32.908951	1.134213	
240	32.394399	0.946306	
241	31.876759	0.778560	
242	31.355834	0.637192	
243	30.830060	0.524929	
244	30.296595	0.440554	
245	29.751822	0.381442	
246	29.193265	0.345997	
247	28.620116	0.332383	
248	28.030924	0.334979	
249	27.422496	0.343904	
250	26.792850	0.348897	
251	26.144056	0.343803	
252	25.481084	0.328305	
253	24.809051	0.306510	
254	24.131818	0.283938	
255	23.451630	0.264531	
256	22.769226	0.249530	
257	22.084217	0.238769	
258	21.395399	0.232290	
259	20.700955	0.230538	
260	19.998660	0.233643	
261	19.286669	0.240755	
262	18.564807	0.249882	
263	17.834632	0.259074	
264	17.098086	0.268226	
265	16.356634	0.279271	
266	15.611237	0.295163	
267	14.862515	0.318465	
268	14.111156	0.350022	
269	13.358270	0.389558	
270	12.605100	0.436707	
271	11.852562	0.490702	
272	11.101779	0.550664	
273	10.354831	0.616174	
274	9.613821	0.686607	
275	8.879602	0.761145	
276	8.152493	0.840167	
277	7.433740	0.925528	
278	6.725358	1.019149	
279	6.028929	1.121776	
280	5.345582	1.232835	
281	4.676815	1.350092	
282	4.024047	1.467807	
283	3.387481	1.575320	
284	2.766485	1.660035	
285	2.161790	1.713455	
286	1.577730	1.734011	
287	1.022262	1.724792	
288	0.504918	1.690678	
289	0.035234	1.638202	
290	-0.378436	1.575305	
291	-0.730962	1.508652	
292	-1.020998	1.441997	
293	-1.248996	1.378146	
294	-1.415894	1.321968	
295	-1.523610	1.281470	
296	-1.575492	1.266537	
297	-1.576072	1.286386	
298	-1.530845	1.347305	
299	-1.446145	1.452145	
300	-1.328598	1.600801	
301	-1.184814	1.789795	
302	-1.021772	2.011813	
303	-0.846885	2.256533	
304	-0.667861	2.511800	
305	-0.492137	2.765533	
306	-0.324578	3.009643	
307	-0.165484	3.242631	
308	-0.011814	3.467723	
309	0.139954	3.689626	
310	0.291480	3.912196	
311	0.440854	4.136120	
312	0.582873	4.357438	
313	0.711488	4.567457	
314	0.820774	4.753031	
315	0.903931	4.898484	
316	0.954509	4.991273	
317	0.969546	5.028589	
318	0.950585	5.019154	
319	0.902772	4.979848	
320	0.834116	4.931082	
321	0.755125	4.892884	
322	0.678799	4.882183	
323	0.619707	4.911344	
324	0.591023	4.986957	
325	0.601700	5.108607	
326	0.655553	5.267426	
327	0.750447	5.444165	
328	0.877590	5.610626	
329	1.024316	5.738732	
330	1.180719	5.813110	
331	1.344681	5.838423	
332	1.520296	5.836509	
333	1.711612	5.834834	
334	1.918194	5.855172	
335	2.135881	5.911106	
336	2.359032	6.010198	
337	2.580465	6.152308	
338	2.791632	6.328005	
339	2.984347	6.522574	
340	3.151283	6.720064	
341	3.285457	6.904120	
342	3.380901	7.059548	
343	3.434046	7.175516	
344	3.444968	7.248655	
345	3.417747	7.284070	
346	3.358921	7.292065	
347	3.275940	7.283096	
348	3.177323	7.266108	
349	3.072421	7.250099	
350	2.969838	7.245483	
351	2.875917	7.263365	
352	2.793552	7.312092	
353	2.722293	7.394161	
354	2.660470	7.505848	
355	2.606629	7.636708	
356	2.558781	7.770068	
357	2.513368	7.887897	
358	2.465250	7.977043	
359	2.409204	8.033146	
360	2.343012	8.061054	
361	2.269997	8.071176	
362	2.198011	8.074361	
363	2.135286	8.078662	
364	2.086832	8.088213	
365	2.053836	8.104196	
366	2.034816	8.127242	
367	2.026332	8.156926	
368	2.023123	8.187328	
369	2.019521	8.206829	
370	2.012180	8.206024	
371	2.001349	8.184362	
372	1.989695	8.148675	
373	1.980482	8.107334	
374	1.976449	8.065038	
375	1.979539	8.022734	
376	1.991458	7.983197	
377	2.014279	7.953567	
378	2.049390	7.940307	
379	2.095441	7.944339	
380	2.148438	7.961641	
381	2.204581	7.986751	
382	2.262309	8.015175	
383	2.321077	8.042513	
384	2.379932	8.063311	
385	2.438794	8.072981	
386	2.499452	8.070782	
387	2.563633	8.059449	
388	2.630364	8.041192	
389	2.696100	8.016567	
390	2.757414	7.987802	
391	2.812719	7.959267	
392	2.862027	7.935332	
393	2.906651	7.921669	
394	2.949048	7.926621	
395	2.991708	7.956650	
396	3.035671	8.010252	
397	3.080438	8.078840	
398	3.124979	8.152631	
399	3.168462	8.223910	
400	3.210745	8.287496	
401	3.252549	8.341616	
402	3.295091	8.388951	
403	3.339669	8.435530	
404	3.387535	8.487987	
405	3.440096	8.552654	
406	3.498920	8.635018	
407	3.565264	8.736765	
408	3.639818	8.854778	
409	3.722954	8.984487	
410	3.814749	9.123358	
411	3.914652	9.270570	
412	4.020468	9.420442	
413	4.126995	9.555781	
414	4.226748	9.651987	
415	4.312242	9.688754	
416	4.378541	9.659718	
417	4.426760	9.576364	
418	4.464501	9.462889	
419	4.500273	9.342801	
420	4.537728	9.227471	
421	4.575919	9.117437	
422	4.614220	9.015246	
423	4.655360	8.932737	
424	4.703135	8.880908	
425	4.758413	8.856871	
426	4.818354	8.845290	
427	4.879105	8.828945	
428	4.938421	8.795957	
429	4.995664	8.740236	
430	5.049791	8.658371	
431	5.097575	8.548381	
432	5.134481	8.411913	
433	5.158405	8.256217	
434	5.172221	8.092618	
435	5.181989	7.931541	
436	5.193218	7.777419	
437	5.208558	7.627315	
438	5.227712	7.474279	
439	5.248646	7.312646	
440	5.268139	7.140837	
441	5.281878	6.961840	
442	5.285887	6.783901	
443	5.278446	6.617957	
444	5.260637	6.470203	
445	5.235219	6.338466	
446	5.205471	6.217212	
447	5.175523	6.104033	
448	5.150266	6.000791	
449	5.133592	5.910902	
450	5.127056	5.837025	
451	5.129865	5.780366	
452	5.139760	5.740618	
453	5.154354	5.716365	
454	5.171869	5.706191	
455	5.191540	5.709157	
456	5.214437	5.723906	
457	5.243303	5.748418	
458	5.280680	5.780766	
459	5.327112	5.818709	
460	5.381093	5.858728	
461	5.440599	5.896531	
462	5.505025	5.928293	
463	5.575840	5.950430	
464	5.655663	5.958646	
465	5.747647	5.948854	
466	5.855154	5.918437	
467	5.979933	5.866298	
468	6.119894	5.793555	
469	6.269183	5.704100	
470	6.421068	5.603497	
471	6.571321	5.497870	
472	6.719938	5.394783	
473	6.871169	5.305329	
474	7.031744	5.243265	
475	7.206899	5.218955	
476	7.396210	5.232055	
477	7.593380	5.269594	
478	7.791186	5.312050	
479	7.986349	5.342489	
480	8.179236	5.351395	
481	8.371001	5.335601	
482	8.562848	5.296171	
483	8.756744	5.237445	
484	8.955208	5.164214	
485	9.160823	5.079802	
486	9.376165	4.988875	
487	9.603247	4.897777	
488	9.842872	4.809786	
489	10.095129	4.724081	
490	10.360327	4.639968	
491	10.639335	4.560275	
492	10.933848	4.491303	
493	11.245877	4.439547	
494	11.575958	4.407646	
495	11.922804	4.393684	
496	12.285290	4.393847	
497	12.664215	4.404317	
498	13.062095	4.420783	
499	13.481679	4.437975	
500	13.925046	4.451076	
501	14.393570	4.456679	
502	14.887507	4.451429	
503	15.405631	4.432116	
504	15.946478	4.398467	
505	16.510283	4.353950	
506	17.099208	4.303641	
507	17.716183	4.252262	
508	18.364163	4.202452	
509	19.045262	4.152291	
510	19.759421	4.095140	
511	20.505367	4.024945	
512	21.283646	3.942221	
513	22.097292	3.853183	
514	22.949383	3.763523	
515	23.840372	3.674405	
516	24.767182	3.583259	
517	25.724659	3.486546	
518	26.707572	3.382194	
519	27.710982	3.270509	
520	28.730483	3.153182	
521	29.763357	3.031933	
522	30.808757	2.907462	
523	31.866853	2.778919	
524	32.938205	2.644480	
525	34.023211	2.502535	
526	35.121937	2.354171	
527	36.234382	2.205637	
528	37.360118	2.066473	
529	38.497398	1.944446	
530	39.642496	1.843601	
531	40.789242	1.767400	
532	41.928360	1.721361	
533	43.047806	1.711508	
534	44.135774	1.742006	
535	45.184126	1.814951	
536	46.188512	1.932628	
537	47.146034	2.099485	
538	48.054042	2.319655	
539	48.911165	2.592973	
540	49.718588	2.914990	
541	50.480027	3.278892	
542	51.200764	3.675394	
543	51.886627	4.091204	
544	52.543456	4.508059	
545	53.176353	4.903626	
546	53.788014	5.255104	
547	54.377168	5.544314	
548	54.937560	5.759993	
549	55.457912	5.895230	
550	55.925264	5.944618	
551	56.330679	5.905765	
552	56.672491	5.783500	
553	56.955082	5.591932	
554	57.184979	5.351063	
555	57.367996	5.080296	
556	57.510262	4.795155	
557	57.620890	4.508451	
558	57.711752	4.232150	
559	57.794231	3.978314	
560	57.876108	3.758407	
561	57.960255	3.580533	
562	58.044638	3.446880	
563	58.122413	3.353327	
564	58.182913	3.290706	
565	58.215106	3.245711	
566	58.210829	3.201907	
567	58.164118	3.144146	
568	58.068655	3.063604	
569	57.917591	2.958181	
570	57.706487	2.830805	
571	57.435936	2.688851	
572	57.110889	2.542698	
573	56.738232	2.402508	
574	56.324790	2.274597	
575	55.876143	2.159356	
576	55.396216	2.052305	
577	54.886733	1.947636	
578	54.346545	1.841976	
579	53.772574	1.736037	
580	53.161649	1.633486	
581	52.510792	1.538989	
582	51.816288	1.457202	
583	51.074098	1.392744	
584	50.282384	1.349715	
585	49.443666	1.328869	
586	48.564214	1.324262	
587	47.650877	1.323451	
588	46.707478	1.310545	
589	45.733893	1.268666	
590	44.728950	1.182869	
591	43.694027	1.045098	
592	42.634000	0.856452	
593	41.555911	0.624187	
594	40.466712	0.357888	
595	39.371214	0.067601	
596	38.271623	-0.236416	
597	37.168429	-0.542987	
598	36.061453	-0.839392	
599	34.950663	-1.112170	
600	33.836494	-1.350082	
601	32.720274	-1.546773	
602	31.605528	-1.700323	
603	30.497714	-1.811308	
604	29.400939	-1.881605	
605	28.316137	-1.913962	
606	27.243169	-1.912157	
607	26.182770	-1.881163	
608	25.135814	-1.827428	
609	24.101843	-1.759966	
610	23.078810	-1.690580	
611	22.064065	-1.631397	
612	21.054854	-1.592044	
613	20.048281	-1.579448	
614	19.042246	-1.598548	
615	18.036152	-1.651810	
616	17.030394	-1.738106	
617	16.026515	-1.851245	
618	15.028049	-1.979648	
619	14.040106	-2.108648	
620	13.067607	-2.223433	
621	12.113659	-2.310434	
622	11.179288	-2.358010	
623	10.264070	-2.357629	
624	9.366847	-2.305008	
625	8.486176	-2.200283	
626	7.620000	-2.046839	
627	6.765453	-1.850007	
628	5.920031	-1.616446	
629	5.082776	-1.353035	
630	4.254012	-1.066091	
631	3.435047	-0.762295	
632	2.629039	-0.450413	
633	1.841173	-0.142683	
634	1.077595	0.146225	
635	0.345457	0.403086	
636	-0.346120	0.619826	
637	-0.986376	0.794246	
638	-1.564824	0.927645	
639	-2.073187	1.022136	
640	-2.505482	1.079617	
641	-2.856784	1.102195	
642	-3.123144	1.093032	
643	-3.302748	1.057035	
644	-3.396787	1.001696	
645	-3.409764	0.936218	
646	-3.348689	0.869179	
647	-3.220786	0.809072	
648	-3.032101	0.767042	
649	-2.788676	0.756115	
650	-2.498656	0.785007	
651	-2.173015	0.852986	
652	-1.824096	0.954032	
653	-1.463350	1.085467	
654	-1.100501	1.248625	
655	-0.743855	1.442880	
656	-0.400171	1.662991	
657	-0.074515	1.901117	
658	0.228728	2.149904	
659	0.504485	2.404413	
660	0.746817	2.661800	
661	0.949461	2.919310	
662	1.106154	3.172246	
663	1.211692	3.414591	
664	1.264019	3.641937	
665	1.265437	3.852604	
666	1.221936	4.047048	
667	1.142084	4.228246	
668	1.036615	4.401809	
669	0.918019	4.574291	
670	0.799544	4.750548	
671	0.694119	4.931469	
672	0.613340	5.113085	
673	0.566684	5.286539	
674	0.561231	5.438239	
675	0.601464	5.552087	
676	0.689252	5.614234	
677	0.824442	5.617634	
678	1.005248	5.565252	
679	1.228213	5.472163	
680	1.488236	5.364718	
681	1.778573	5.274923	
682	2.090953	5.232464	
683	2.416489	5.259300	
684	2.747040	5.368052	
685	3.075430	5.561588	
686	3.394377	5.832357	
687	3.696071	6.162413	
688	3.973092	6.526232	
689	4.219736	6.896461	
690	4.432721	7.248898	
691	4.611514	7.564051	
692	4.759272	7.827354	
693	4.882760	8.029628	
694	4.989355	8.167298	
695	5.083847	8.242587	
696	5.168098	8.263415	
697	5.242733	8.242646	
698	5.308184	8.197317	
699	5.364673	8.147102	
700	5.413395	8.112156	
701	5.458398	8.111363	
702	5.505546	8.158966	
703	5.559050	8.260289	
704	5.619846	8.411799	
705	5.686974	8.604907	
706	5.759333	8.827844	
707	5.835531	9.065108	
708	5.912654	9.298490	
709	5.986436	9.510290	
710	6.052833	9.686440	
711	6.108956	9.818551	
712	6.152644	9.903953	
713	6.181793	9.943114	
714	6.194343	9.937527	
715	6.188829	9.890644	
716	6.165086	9.809232	
717	6.124728	9.703257	
718	6.070654	9.584672	
719	6.005562	9.464014	
720	5.930867	9.347060	
721	5.847347	9.235580	
722	5.756885	9.131177	
723	5.662963	9.037669	
724	5.569141	8.959217	
725	5.477367	8.897098	
726	5.388071	8.849861	
727	5.301862	8.816372	
728	5.220554	8.797760	
729	5.145793	8.796114	
730	5.076809	8.812265	
731	5.010311	8.845067	
732	4.942591	8.891047	
733	4.870938	8.944283	
734	4.793437	8.998498	
735	4.709273	9.050356	
736	4.619844	9.100277	
737	4.528516	9.150280	
738	4.438958	9.201811	
739	4.353860	9.255408	
740	4.274612	9.310894	
741	4.202084	9.366634	
742	4.137793	9.419141	
743	4.083295	9.464378	
744	4.038293	9.499104	
745	4.000784	9.521096	
746	3.969598	9.530144	
747	3.945800	9.529970	
748	3.931339	9.527973	
749	3.927167	9.532286	
750	3.932593	9.548650	
751	3.946032	9.579058	
752	3.966627	9.622589	
753	3.994721	9.676622	
754	4.030401	9.736640	
755	4.072869	9.796622	
756	4.121271	9.851649	
757	4.174205	9.899193	
758	4.228596	9.936788	
759	4.280705	9.960186	
760	4.328370	9.966179	
761	4.372192	9.957517	
762	4.415092	9.943052	
763	4.460766	9.931508	
764	4.511841	9.925589	
765	4.568569	9.922740	
766	4.628952	9.920071	
767	4.689928	9.915826	
768	4.748040	9.906736	
769	4.799642	9.887169	
770	4.842244	9.851396	
771	4.875853	9.795751	
772	4.902143	9.719267	
773	4.923054	9.622654	
774	4.940711	9.506239	
775	4.957528	9.369473	
776	4.975861	9.213559	
777	4.997844	9.044373	
778	5.024644	8.871512	
779	5.055314	8.703758	
780	5.087258	8.546026	
781	5.117897	8.400428	
782	5.145484	8.268241	
783	5.169294	8.149822	
784	5.189638	8.043368	
785	5.207074	7.944750	
786	5.221487	7.849123	
787	5.232310	7.752745	
788	5.239830	7.654082	
789	5.246059	7.554350	
790	5.253853	7.456370	
791	5.265342	7.362130	
792	5.281317	7.271992	
793	5.301955	7.185688	
794	5.327997	7.102813	
795	5.360863	7.022563	
796	5.401798	6.944478	
797	5.451967	6.870402	
798	5.513048	6.804546	
799	5.585901	6.750423	
800	5.668810	6.708494	
801	5.758484	6.676874	
802	5.852182	6.652714	
803	5.948060	6.632442	
804	6.044680	6.611610	
805	6.141243	6.585673	
806	6.238031	6.552020	
807	6.336636	6.511649	
808	6.439863	6.468129	
809	6.550915	6.424685	
810	6.672027	6.382390	
811	6.803560	6.340226	
812	6.944346	6.296568	
813	7.092630	6.250891	
814	7.246888	6.203840	
815	7.406165	6.156238	
816	7.569736	6.109284	
817	7.736927	6.065609	
818	7.907025	6.028736	
819	8.078706	6.001207	
820	8.250287	5.983754	
821	8.421074	5.975033	
822	8.592323	5.970790	
823	8.766971	5.964347	
824	8.948841	5.949760	
825	9.142480	5.925274	
826	9.352608	5.893262	
827	9.582035	5.856520	
828	9.830364	5.815932	
829	10.095212	5.772067	
830	10.374039	5.727326	
831	10.665237	5.685853	
832	10.969204	5.651837	
833	11.288793	5.627948	
834	11.628209	5.614852	
835	11.991536	5.611314	
836	12.381552	5.614380	
837	12.798312	5.620192	
838	13.238301	5.625058	
839	13.695119	5.625330	
840	14.161454	5.616401	
841	14.631503	5.592735	
842	15.102513	5.549232	
843	15.574846	5.482913	
844	16.051215	5.394931	
845	16.535497	5.291198	
846	17.032010	5.179685	
847	17.545773	5.066810	
848	18.082251	4.955546	
849	18.646011	4.845337	
850	19.240006	4.733053	
851	19.866620	4.614148	
852	20.529185	4.484289	
853	21.231583	4.341085	
854	21.976584	4.184653	
855	22.765245	4.017106	
856	23.597179	3.841596	
857	24.471047	3.661281	
858	25.385412	3.479052	
859	26.338214	3.297750	
860	27.324705	3.119284	
861	28.337521	2.943800	
862	29.370071	2.771856	
863	30.419456	2.607806	
864	31.486284	2.459916	
865	32.572636	2.337776	
866	33.680470	2.250358	
867	34.811210	2.205259	
868	35.965420	2.208169	
869	37.141467	2.262174	
870	38.334417	2.367065	
871	39.537440	2.519879	
872	40.744105	2.716580	
873	41.947705	2.952955	
874	43.138565	3.224521	
875	44.303346	3.525681	
876	45.427141	3.848275	
877	46.496754	4.182490	
878	47.503238	4.521128	
879	48.442618	4.862606	
880	49.316437	5.209886	
881	50.132577	5.567933	
882	50.903539	5.942334	
883	51.642083	6.338545	
884	52.357887	6.758878	
885	53.056704	7.198213	
886	53.740403	7.644673	
887	54.407602	8.085246	
888	55.055194	8.508221	
889	55.679265	8.899762	
890	56.274572	9.239881	
891	56.833624	9.501925	
892	57.347498	9.658357	
893	57.809243	9.692193	
894	58.215961	9.602561	
895	58.567465	9.398602	
896	58.865413	9.094826	
897	59.113733	8.714262	
898	59.317526	8.289550	
899	59.480847	7.856513	
900	59.605293	7.444439	
901	59.691227	7.070341	
902	59.741191	6.739754	
903	59.760912	6.449133	
904	59.756595	6.187289	
905	59.732596	5.939160	
906	59.691370	5.691278	
907	59.634479	5.434230	
908	59.563198	5.162401	
909	59.478204	4.873796	
910	59.378966	4.570134	
911	59.263086	4.257059	
912	59.125529	3.943841	
913	58.958878	3.641360	
914	58.755349	3.359004	
915	58.508832	3.101825	
916	58.215025	2.869242	
917	57.870449	2.655894	
918	57.471888	2.453249	
919	57.016270	2.251982	
920	56.501418	2.046706	
921	55.928391	1.840319	
922	55.302489	1.642809	
923	54.631043	1.465648	
924	53.921437	1.318594	
925	53.180580	1.210137	
926	52.413698	1.146401	
927	51.623699	1.128119	
928	50.812727	1.149555	
929	49.982951	1.200168	
930	49.134410	1.267311	
931	48.263433	1.339224	
932	47.364539	1.408044	
933	46.433081	1.469754	
934	45.466679	1.520377	
935	44.466505	1.553590	
936	43.437748	1.562176	
937	42.388427	1.540800	
938	41.327672	1.488180	
939	40.263750	1.407031	
940	39.202478	1.301839	
941	38.147406	1.177071	
942	37.100223	1.036406	
943	36.060220	0.883012	
944	35.025159	0.721510	
945	33.993328	0.559526	
946	32.964189	0.406642	
947	31.937647	0.272132	
948	30.913220	0.163656	
949	29.889645	0.086456	
950	28.865331	0.042104	
951	27.839642	0.027466	
952	26.813752	0.034516	
953	25.789646	0.051693	
954	24.768362	0.066853	
955	23.749756	0.070130	
956	22.733578	0.055108	
957	21.720349	0.018722	
958	20.711728	-0.039088	
959	19.710233	-0.116598	
960	18.718402	-0.212398	
961	17.737816	-0.325585	
962	16.768135	-0.452291	
963	15.807203	-0.582598	
964	14.852764	-0.702797	
965	13.904202	-0.800143	
966	12.962242	-0.865125	
967	12.027223	-0.891604	
968	11.098666	-0.876157	
969	10.176123	-0.817248	
970	9.259043	-0.715703	
971	8.346014	-0.576092	
972	7.435192	-0.407029	
973	6.526139	-0.219308	
974	5.621475	-0.022471	
975	4.726453	0.177666	
976	3.847055	0.378798	
977	2.988703	0.580739	
978	2.155830	0.783871	
979	1.351728	0.986759	
980	0.579464	1.184578	
981	-0.156309	1.369728	
982	-0.848363	1.532955	
983	-1.487514	1.664368	
984	-2.064288	1.755086	
985	-2.570322	1.799413	
986	-2.998459	1.796707	
987	-3.342402	1.751517	
988	-3.597619	1.672439	
989	-3.763119	1.571073	
990	-3.841576	1.461097	
991	-3.837456	1.356933	
992	-3.755754	1.271649	
993	-3.602058	1.215876	
994	-3.383130	1.199047	
995	-3.107843	1.229566	
996	-2.786872	1.312391	
997	-2.431047	1.448081	
998	-2.050997	1.634425	
999	-1.657938	1.867414	
1000	-1.263502	2.141318	
1001	-0.879202	2.449218	
1002	-0.516719	2.782506	
1003	-0.188032	3.129804	
1004	0.095273	3.478254	
1005	0.322994	3.815693	
1006	0.487503	4.131268	
1007	0.584679	4.416533	
1008	0.614201	4.668004	
1009	0.580414	4.888913	
1010	0.494022	5.089134	
1011	0.372811	5.283898	
1012	0.240212	5.490936	
1013	0.121549	5.725113	
1014	0.038924	5.992323	
1015	0.007070	6.286140	
1016	0.032178	6.587711	
1017	0.113467	6.869411	
1018	0.245735	7.104423	
1019	0.422328	7.277896	
1020	0.637903	7.390173	
1021	0.888895	7.451742	
1022	1.172172	7.480309	
1023	1.484064	7.501117	
1024	1.819512	7.540657	
1025	2.171560	7.617565	
1026	2.532096	7.741237	
1027	2.892972	7.915171	
1028	3.246942	8.138964	
1029	3.588409	8.408652	
1030	3.913118	8.716349	
1031	4.216625	9.050034	
1032	4.493288	9.394220	
1033	4.737451	9.731234	
1034	4.945502	10.042922	
1035	5.116806	10.312430	
1036	5.253878	10.525728	
1037	5.361762	10.673793	
1038	5.447167	10.753867	
1039	5.517892	10.767842	
1040	5.580673	10.721090	
1041	5.639077	10.623966	
1042	5.694928	10.493290	
1043	5.751305	10.351467	
1044	5.813511	10.222289	
1045	5.886769	10.124026	
1046	5.973103	10.065613	
1047	6.071586	10.048461	
1048	6.180639	10.067567	
1049	6.298108	10.111196	
1050	6.420223	10.164932	
1051	6.542040	10.217534	
1052	6.658440	10.262131	
1053	6.764873	10.294568	
1054	6.857751	10.313135	
1055	6.934099	10.318010	
1056	6.991302	10.309136	
1057	7.027425	10.284928	
1058	7.041103	10.242500	
1059	7.031011	10.178577	
1060	6.996735	10.091422	
1061	6.941015	9.981939	
1062	6.869832	9.851845	
1063	6.789068	9.701989	
1064	6.702232	9.533197	
1065	6.612515	9.347659	
1066	6.525461	9.149280	
1067	6.447237	8.942958	
1068	6.380648	8.734912	
1069	6.324451	8.534126	
1070	6.275422	8.350665	
1071	6.229451	8.191105	
1072	6.182658	8.056460	
1073	6.133900	7.944207	
1074	6.085627	7.851369	
1075	6.041337	7.776500	
1076	6.001926	7.719471	
1077	5.964560	7.680029	
1078	5.925482	7.658093	
1079	5.883291	7.653777	
1080	5.838995	7.664122	
1081	5.794401	7.681363	
1082	5.751026	7.696286	
1083	5.709307	7.702449	
1084	5.668283	7.698123	
1085	5.626231	7.685959	
1086	5.581553	7.669793	
1087	5.533823	7.650537	
1088	5.484922	7.624409	
1089	5.438231	7.583731	
1090	5.396178	7.520735	
1091	5.358889	7.433739	
1092	5.324350	7.330972	
1093	5.290003	7.227947	
1094	5.255411	7.139672	
1095	5.223296	7.074432	
1096	5.197652	7.033163	
1097	5.180984	7.011631	
1098	5.173179	7.003620	
1099	5.172370	7.004675	
1100	5.176535	7.014609	
1101	5.184274	7.037518	
1102	5.193929	7.077742	
1103	5.202784	7.133589	
1104	5.208401	7.194912	
1105	5.211017	7.247090	
1106	5.214463	7.277405	
1107	5.224481	7.278436	
1108	5.245515	7.248037	
1109	5.278729	7.189183	
1110	5.322906	7.110898	
1111	5.376695	7.027005	
1112	5.439408	6.950368	
1113	5.510196	6.888125	
1114	5.587474	6.842616	
1115	5.669011	6.814103	
1116	5.751733	6.801578	
1117	5.831514	6.802746	
1118	5.904340	6.814868	
1119	5.967866	6.836532	
1120	6.020822	6.867347	
1121	6.061252	6.905107	
1122	6.086416	6.945762	
1123	6.094158	6.986573	
1124	6.084142	7.026699	
1125	6.058496	7.065861	
1126	6.021657	7.104243	
1127	5.978907	7.141451	
1128	5.934146	7.174210	
1129	5.889178	7.195737	
1130	5.845040	7.198043	
1131	5.803040	7.175807	
1132	5.763912	7.128156	
1133	5.726274	7.056518	
1134	5.686544	6.962221	
1135	5.641204	6.847421	
1136	5.589691	6.717832	
1137	5.535347	6.583199	
1138	5.483935	6.453314	
1139	5.440913	6.332970	
1140	5.410052	6.222429	
1141	5.394127	6.122552	
1142	5.394625	6.036519	
1143	5.411221	5.966573	
1144	5.443216	5.911820	
1145	5.489875	5.870365	
1146	5.549346	5.842292	
1147	5.619654	5.828305	
1148	5.700966	5.825391	
1149	5.796860	5.825605	
1150	5.913316	5.820019	
1151	6.054919	5.805157	
1152	6.221025	5.786548	
1153	6.405781	5.774526	
1154	6.601417	5.775980	
1155	6.800490	5.791379	
1156	6.996274	5.818094	
1157	7.183961	5.853354	
1158	7.361863	5.894734	
1159	7.530614	5.940554	
1160	7.691923	5.990437	
1161	7.848005	6.044432	
1162	8.000917	6.101286	
1163	8.152585	6.158255	
1164	8.305866	6.212025	
1165	8.464769	6.258687	
1166	8.632479	6.293518	
1167	8.809668	6.312066	
1168	8.996682	6.312397	
1169	9.196123	6.297348	
1170	9.410961	6.275116	
1171	9.641329	6.256909	
1172	9.883707	6.252609	
1173	10.132216	6.267214	
1174	10.381292	6.299673	
1175	10.627956	6.343696	
1176	10.871906	6.390188	
1177	11.114865	6.431360	
1178	11.361084	6.464190	
1179	11.617687	6.489703	
1180	11.893099	6.509713	
1181	12.194319	6.525140	
1182	12.524788	6.535537	
1183	12.884720	6.538684	
1184	13.273113	6.532220	
1185	13.687729	6.517778	
1186	14.124160	6.502781	
1187	14.577920	6.494599	
1188	15.047534	6.491714	
1189	15.535347	6.483712	
1190	16.046028	6.460131	
1191	16.583265	6.417206	
1192	17.147866	6.356379	
1193	17.739032	6.276020	
1194	18.354072	6.167350	
1195	18.986748	6.021765	
1196	19.630516	5.837856	
1197	20.284648	5.620283	
1198	20.955749	5.378076	
1199	21.654879	5.123854	
1200	22.393938	4.868670	
1201	23.181664	4.616872	
1202	24.021667	4.367918	
1203	24.914492	4.121831	
1204	25.860327	3.881930	
1205	26.859944	3.654845	
1206	27.914250	3.450808	
1207	29.021790	3.281362	
1208	30.175862	3.151641	
1209	31.364423	3.053820	
1210	32.571927	2.967067	
1211	33.781693	2.863244	
1212	34.979245	2.717709	
1213	36.155905	2.523094	
1214	37.310459	2.300402	
1215	38.446783	2.096120	
1216	39.568474	1.960975	
1217	40.675068	1.928041	
1218	41.762725	2.006133	
1219	42.826949	2.186474	
1220	43.863248	2.454593	
1221	44.864835	2.793770	
1222	45.821053	3.179591	
1223	46.720841	3.584431	
1224	47.559127	3.990519	
1225	48.339463	4.392238	
1226	49.071033	4.786554	
1227	49.765143	5.166302	
1228	50.434288	5.521427	
1229	51.091204	5.840461	
1230	51.746530	6.109841	
1231	52.406106	6.314311	
1232	53.069263	6.437441	
1233	53.729824	6.462852	
1234	54.378437	6.378367	
1235	55.003527	6.180908	
1236	55.591882	5.879499	
1237	56.130099	5.495588	
1238	56.606919	5.059371	
1239	57.017169	4.602453	
1240	57.364201	4.150267	
1241	57.657106	3.717982	
1242	57.905717	3.310620	
1243	58.117800	2.925174	
1244	58.299288	2.553441	
1245	58.455801	2.185309	
1246	58.592684	1.811519	
1247	58.714191	1.425326	
1248	58.824585	1.023300	
1249	58.930467	0.606550	
1250	59.042127	0.184153	
1251	59.173051	-0.224084	
1252	59.336017	-0.592582	
1253	59.536297	-0.900654	
1254	59.766000	-1.137400	
1255	60.001825	-1.299907	
1256	60.207219	-1.394518	
1257	60.341232	-1.442215	
1258	60.370765	-1.477245	
1259	60.276862	-1.533954	
1260	60.052441	-1.633264	
1261	59.698334	-1.778696	
1262	59.222322	-1.959317	
1263	58.638446	-2.157293	
1264	57.963869	-2.357136	
1265	57.215459	-2.549901	
1266	56.407952	-2.732071	
1267	55.553398	-2.903414	
1268	54.661546	-3.065441	
1269	53.740219	-3.220594	
1270	52.795626	-3.371667	
1271	51.833386	-3.520798	
1272	50.858943	-3.668563	
1273	49.876326	-3.813839	
1274	48.887223	-3.954543	
1275	47.891427	-4.088983	
1276	46.887613	-4.216743	
1277	45.874668	-4.338104	
1278	44.853019	-4.452672	
1279	43.824071	-4.559022	
1280	42.788826	-4.655757	
1281	41.747639	-4.742868	
1282	40.700653	-4.822287	
1283	39.648362	-4.897221	
1284	38.591603	-4.971029	
1285	37.530318	-5.047023	
1286	36.462507	-5.129211	
1287	35.384571	-5.222325	
1288	34.292289	-5.330335	
1289	33.181980	-5.454536	
1290	32.051762	-5.592926	
1291	30.902327	-5.741106	
1292	29.737229	-5.893612	
1293	28.562196	-6.045307	
1294	27.382544	-6.192684	
1295	26.201071	-6.334150	
1296	25.019531	-6.468565	
1297	23.841415	-6.592925	
1298	22.671758	-6.701664	
1299	21.514514	-6.788048	
1300	20.370909	-6.845406	
1301	19.239725	-6.866752	
1302	18.118366	-6.843475	
1303	17.003348	-6.765631	
1304	15.889131	-6.625000	
1305	14.766924	-6.417865	
1306	13.627002	-6.145159	
1307	12.464755	-5.810499	
1308	11.286832	-5.418723	
1309	10.113896	-4.978936	
1310	8.976074	-4.508803	
1311	7.901070	-4.031230	
1312	6.904987	-3.567042	
1313	5.991397	-3.132911	
1314	5.153400	-2.740618	
1315	4.377212	-2.394259	
1316	3.647950	-2.091092	
1317	2.954112	-1.825760	
1318	2.289082	-1.593193	
1319	1.651087	-1.390174	
1320	1.042719	-1.217075	
1321	0.470246	-1.078824	
1322	-0.057110	-0.983097	
1323	-0.528045	-0.936619	
1324	-0.931062	-0.942265	
1325	-1.257590	-0.996835	
1326	-1.504504	-1.088953	
1327	-1.673430	-1.198998	
1328	-1.768071	-1.300741	
1329	-1.795012	-1.363188	
1330	-1.769994	-1.354562	
1331	-1.723599	-1.247868	
1332	-1.701085	-1.024237	
1333	-1.757972	-0.674411	
1334	-1.952774	-0.201677	
1335	-2.335754	0.371969	
1336	-2.935374	0.998445	
1337	-3.750977	1.605856	
1338	-4.760759	2.120498	
1339	-5.937981	2.493177	
1340	-7.260000	2.705629	
1341	-8.708669	2.760814	
1342	-10.268801	2.673605	
1343	-11.927314	2.465177	
1344	-13.673087	2.158436	
1345	-15.497118	1.774460	
1346	-17.392566	1.330440	
1347	-19.354180	0.838965	
1348	-21.376381	0.309048	
1349	-23.450739	-0.251574	
1350	-25.564735	-0.834948	
1351	-27.702403	-1.433117	
1352	-29.845777	-2.038832	
1353	-31.976303	-2.645688	
1354	-34.076171	-3.247785	
1355	-36.129377	-3.839368	
1356	-38.122286	-4.414697	
1357	-40.044063	-4.968282	
1358	-41.887174	-5.495063	
1359	-43.649938	-5.991831	
1360	-47.148565	-8.240212	
1361	-49.124774	-8.790945	
1362	-51.095491	-9.339302	
1363	-53.067495	-9.889581	
1364	-55.046342	-10.446481	
1365	NaN	NaN	
1366	NaN	NaN	
1367	NaN	NaN	
1368	NaN	NaN	
1369	NaN	NaN	
1370	NaN	NaN	
1371	NaN	NaN	
1372	NaN	NaN	
1373	NaN	NaN	
1374	NaN	NaN	
1375	NaN	NaN	
1376	NaN	NaN	
1377	NaN	NaN	
1378	NaN	NaN	
1379	NaN	NaN	
1380	NaN	NaN	
1381	NaN	NaN	
1382	NaN	NaN	
1383	NaN	NaN	
1384	NaN	NaN	
1385	NaN	NaN	
1386	NaN	NaN	
1387	NaN	NaN	
1388	NaN	NaN	
1389	NaN	NaN	
1390	NaN	NaN	
1391	NaN	NaN	
1392	NaN	NaN	
1393	NaN	NaN	
1394	NaN	NaN	
1395	NaN	NaN	
1396	NaN	NaN	
1397	NaN	NaN	
1398	NaN	NaN	
1399	NaN	NaN	
1400	NaN	NaN	
1401	NaN	NaN	
1402	NaN	NaN	
1403	NaN	NaN	
1404	NaN	NaN	
1405	NaN	NaN	
1406	NaN	NaN	
1407	NaN	NaN	
1408	NaN	NaN	
1409	NaN	NaN	
1410	NaN	NaN	
1411	NaN	NaN	
1412	NaN	NaN	
1413	NaN	NaN	
1414	NaN	NaN	
1415	NaN	NaN	
1416	NaN	NaN	
1417	NaN	NaN	
1418	NaN	NaN	
1419	NaN	NaN	
1420	NaN	NaN	
1421	NaN	NaN	
1422	NaN	NaN	
1423	NaN	NaN	
1424	NaN	NaN	
1425	NaN	NaN	
1426	NaN	NaN	
1427	NaN	NaN	
1428	NaN	NaN	
1429	NaN	NaN	
1430	NaN	NaN	
1431	NaN	NaN	
1432	NaN	NaN	
1433	NaN	NaN	
1434	NaN	NaN	
1435	NaN	NaN	
1436	NaN	NaN	
1437	NaN	NaN	
1438	NaN	NaN	
1439	NaN	NaN	
1440	NaN	NaN	
1441	NaN	NaN	
1442	NaN	NaN	
1443	NaN	NaN	
1444	NaN	NaN	
1445	NaN	NaN	
1446	NaN	NaN	
1447	NaN	NaN	
1448	NaN	NaN	
1449	NaN	NaN	
1450	NaN	NaN	
1451	NaN	NaN	
1452	NaN	NaN	
1453	NaN	NaN	
1454	NaN	NaN	
1455	NaN	NaN	
1456	NaN	NaN	
1457	NaN	NaN	
1458	NaN	NaN	
1459	NaN	NaN	
1460	NaN	NaN	
1461	NaN	NaN	
1462	NaN	NaN	
1463	NaN	NaN	
1464	NaN	NaN	
1465	NaN	NaN	
1466	NaN	NaN	
1467	NaN	NaN	
1468	NaN	NaN	
1469	NaN	NaN	
1470	NaN	NaN	
1471	NaN	NaN	
1472	NaN	NaN	
1473	NaN	NaN	
1474	NaN	NaN	
1475	NaN	NaN	
1476	NaN	NaN	
1477	NaN	NaN	
1478	NaN	NaN	
1479	NaN	NaN	
1480	NaN	NaN	
1481	NaN	NaN	
1482	NaN	NaN	
1483	NaN	NaN	
1484	NaN	NaN	
1485	NaN	NaN	
1486	NaN	NaN	
1487	NaN	NaN	
1488	NaN	NaN	
1489	NaN	NaN	
1490	NaN	NaN	
1491	NaN	NaN	
1492	NaN	NaN	
1493	NaN	NaN	
1494	NaN	NaN	
1495	NaN	NaN	
1496	NaN	NaN	
1497	NaN	NaN	
1498	NaN	NaN	
1499	NaN	NaN	
1500	NaN	NaN	
1501	NaN	NaN	
1502	NaN	NaN	
1503	NaN	NaN	
1504	NaN	NaN	
1505	NaN	NaN	
1506	NaN	NaN	
1507	NaN	NaN	
1508	NaN	NaN	
1509	NaN	NaN	
1510	NaN	NaN	
1511	NaN	NaN	
1512	NaN	NaN	
1513	NaN	NaN	
1514	NaN	NaN	
1515	NaN	NaN	
1516	NaN	NaN	
1517	NaN	NaN	
1518	NaN	NaN	
1519	NaN	NaN	
1520	NaN	NaN	
1521	NaN	NaN	
1522	NaN	NaN	
1523	NaN	NaN	
1524	NaN	NaN	
1525	NaN	NaN	
1526	NaN	NaN	
1527	NaN	NaN	
1528	NaN	NaN	
1529	NaN	NaN	
1530	NaN	NaN	
1531	NaN	NaN	
1532	NaN	NaN	
1533	NaN	NaN	
1534	NaN	NaN	
1535	NaN	NaN	
1536	NaN	NaN	
1537	NaN	NaN	
1538	NaN	NaN	
1539	NaN	NaN	
1540	NaN	NaN	
1541	NaN	NaN	
1542	NaN	NaN	
1543	NaN	NaN	
1544	NaN	NaN	
1545	NaN	NaN	
1546	NaN	NaN	
1547	NaN	NaN	
1548	NaN	NaN	
1549	NaN	NaN	
1550	NaN	NaN	
1551	NaN	NaN	
1552	NaN	NaN	
1553	NaN	NaN	
1554	NaN	NaN	
1555	NaN	NaN	
1556	NaN	NaN	
1557	NaN	NaN	
1558	NaN	NaN	
