Athlete_Engineering	// User ID
11-2-2021	// Evaluation date
P002_WALK1	23-1-2021	14:02:32:144	// Source file name and timestamp
250.000	// Sampling rate
6.767	// Data capture period



Sample #	Right_Leg_Flexion	Right_Leg_Abduction	
0	7.589431	4.890247	
1	7.601450	4.894126	
2	7.615919	4.895532	
3	7.631037	4.894143	
4	7.645212	4.890069	
5	7.657421	4.884110	
6	7.667136	4.877382	
7	7.674192	4.871034	
8	7.678927	4.866226	
9	7.682316	4.863658	
10	7.685404	4.863269	
11	7.688489	4.864931	
12	7.691303	4.868854	
13	7.693658	4.875303	
14	7.695263	4.884613	
15	7.695097	4.897070	
16	7.691668	4.912313	
17	7.684083	4.929296	
18	7.672747	4.946896	
19	7.659150	4.964207	
20	7.645319	4.980448	
21	7.633624	4.995051	
22	7.626394	5.007761	
23	7.625009	5.018206	
24	7.629524	5.025558	
25	7.639098	5.028872	
26	7.652238	5.027547	
27	7.666876	5.021665	
28	7.680712	5.012328	
29	7.691855	5.001449	
30	7.699631	4.990999	
31	7.704706	4.982544	
32	7.708285	4.977190	
33	7.711225	4.975538	
34	7.713675	4.977480	
35	7.715435	4.982069	
36	7.716567	4.987928	
37	7.717411	4.994101	
38	7.718186	5.000608	
39	7.718991	5.008366	
40	7.719912	5.018611	
41	7.720727	5.032119	
42	7.720769	5.048769	
43	7.719391	5.067716	
44	7.716529	5.087770	
45	7.712868	5.107557	
46	7.709545	5.125272	
47	7.707525	5.138228	
48	7.707086	5.143438	
49	7.707673	5.139487	
50	7.708159	5.127662	
51	7.707387	5.111436	
52	7.704567	5.095549	
53	7.699525	5.084705	
54	7.693002	5.082140	
55	7.686347	5.089364	
56	7.680778	5.106395	
57	7.677112	5.131603	
58	7.675787	5.161829	
59	7.676762	5.193083	
60	7.679713	5.221580	
61	7.684346	5.244292	
62	7.690019	5.258643	
63	7.695228	5.262706	
64	7.698226	5.256219	
65	7.698214	5.241239	
66	7.695511	5.221429	
67	7.690765	5.199992	
68	7.684472	5.178116	
69	7.676999	5.155282	
70	7.668565	5.130258	
71	7.659167	5.101864	
72	7.648670	5.069856	
73	7.637012	5.035350	
74	7.624442	4.999934	
75	7.611913	4.964642	
76	7.601242	4.930275	
77	7.594202	4.898375	
78	7.591126	4.870802	
79	7.590764	4.848153	
80	7.591498	4.829476	
81	7.592347	4.812919	
82	7.593022	4.795681	
83	7.593423	4.774379	
84	7.593348	4.746805	
85	7.592834	4.713690	
86	7.592346	4.678981	
87	7.592441	4.647726	
88	7.593570	4.622710	
89	7.596197	4.603587	
90	7.601059	4.589163	
91	7.609118	4.579388	
92	7.620843	4.575118	
93	7.636011	4.576376	
94	7.654505	4.581820	
95	7.676609	4.590363	
96	7.702391	4.601636	
97	7.731384	4.614749	
98	7.762854	4.628454	
99	7.795802	4.641854	
100	7.828876	4.654045	
101	7.861033	4.664565	
102	7.892073	4.674342	
103	7.922110	4.685165	
104	7.950922	4.698154	
105	7.977822	4.712624	
106	8.001652	4.726335	
107	8.020894	4.736604	
108	8.034155	4.740785	
109	8.040889	4.736541	
110	8.041641	4.722743	
111	8.037647	4.699690	
112	8.030386	4.668490	
113	8.021440	4.631417	
114	8.012374	4.592566	
115	8.004126	4.556629	
116	7.996702	4.526792	
117	7.989972	4.503840	
118	7.984618	4.487206	
119	7.982257	4.477410	
120	7.984627	4.476913	
121	7.992271	4.487843	
122	8.003890	4.509532	
123	8.017139	4.538192	
124	8.030071	4.567910	
125	8.041894	4.592368	
126	8.052883	4.607205	
127	8.063781	4.611147	
128	8.074899	4.604986	
129	8.085465	4.590182	
130	8.093562	4.568566	
131	8.096654	4.542762	
132	8.092572	4.516457	
133	8.080205	4.494802	
134	8.059233	4.484265	
135	8.029579	4.489667	
136	7.991612	4.510618	
137	7.946735	4.542477	
138	7.897205	4.580422	
139	7.845257	4.621387	
140	7.792724	4.663616	
141	7.741472	4.706193	
142	7.693565	4.748849	
143	7.650692	4.791718	
144	7.613656	4.835302	
145	7.582562	4.880571	
146	7.557268	4.928373	
147	7.537450	4.977835	
148	7.522497	5.025385	
149	7.511564	5.065869	
150	7.503572	5.094269	
151	7.497115	5.105936	
152	7.490437	5.095702	
153	7.481603	5.058284	
154	7.468866	4.990787	
155	7.450974	4.894878	
156	7.427291	4.776880	
157	7.397922	4.646049	
158	7.364093	4.512162	
159	7.328517	4.384116	
160	7.294855	4.269743	
161	7.266201	4.175650	
162	7.243802	4.106774	
163	7.226972	4.065952	
164	7.214017	4.053778	
165	7.203329	4.068510	
166	7.193902	4.105960	
167	7.185105	4.159596	
168	7.176249	4.220785	
169	7.166545	4.279402	
170	7.155034	4.324780	
171	7.140070	4.346816	
172	7.119448	4.337871	
173	7.091622	4.295568	
174	7.056468	4.223951	
175	7.014919	4.131464	
176	6.968787	4.028490	
177	6.921255	3.925738	
178	6.876889	3.832737	
179	6.840770	3.757492	
180	6.817349	3.707087	
181	6.809145	3.686629	
182	6.815505	3.696677	
183	6.832526	3.732169	
184	6.854487	3.783599	
185	6.875743	3.838666	
186	6.892082	3.883922	
187	6.901515	3.907475	
188	6.904823	3.902716	
189	6.905739	3.870369	
190	6.910356	3.816489	
191	6.925825	3.748618	
192	6.959014	3.673635	
193	7.015216	3.597649	
194	7.096774	3.526698	
195	7.202486	3.466852	
196	7.328494	3.422780	
197	7.469869	3.396321	
198	7.621569	3.386256	
199	7.778267	3.388514	
200	7.934102	3.397290	
201	8.083698	3.407151	
202	8.224153	3.414542	
203	8.356229	3.418227	
204	8.483915	3.419477	
205	8.613674	3.421943	
206	8.753875	3.429964	
207	8.912736	3.445565	
208	9.094840	3.466702	
209	9.299710	3.487647	
210	9.523936	3.500008	
211	9.763908	3.493812	
212	10.016957	3.460234	
213	10.282022	3.396713	
214	10.560047	3.310444	
215	10.852834	3.215395	
216	11.161781	3.125613	
217	11.488241	3.050863	
218	11.833741	2.995545	
219	12.199003	2.958849	
220	12.583656	2.935699	
221	12.987042	2.919278	
222	13.408699	2.903529	
223	13.848193	2.883370	
224	14.304763	2.854634	
225	14.777466	2.815342	
226	15.265771	2.765711	
227	15.769726	2.706661	
228	16.290109	2.640142	
229	16.829047	2.570454	
230	17.389571	2.503150	
231	17.973430	2.442814	
232	18.579571	2.392680	
233	19.204803	2.355568	
234	19.845466	2.334709	
235	20.498456	2.334433	
236	21.160941	2.360473	
237	21.829387	2.418260	
238	22.498812	2.510003	
239	23.163301	2.634239	
240	23.817522	2.787583	
241	24.457232	2.965695	
242	25.079680	3.163056	
243	25.684994	3.372322	
244	26.276292	3.584469	
245	26.858101	3.790661	
246	27.434697	3.984127	
247	28.008698	4.160481	
248	28.579998	4.317958	
249	29.145050	4.457885	
250	29.696679	4.584194	
251	30.225410	4.702871	
252	30.721801	4.821499	
253	31.177725	4.946926	
254	31.586016	5.081981	
255	31.940179	5.224541	
256	32.235471	5.368868	
257	32.470515	5.507016	
258	32.647515	5.630327	
259	32.770470	5.730726	
260	32.842721	5.799730	
261	32.865445	5.827366	
262	32.837907	5.805777	
263	32.759365	5.734239	
264	32.630419	5.617802	
265	32.452152	5.461581	
266	32.225039	5.268674	
267	31.949305	5.041883	
268	31.625551	4.785639	
269	31.254774	4.507769	
270	30.838043	4.219469	
271	30.377239	3.932976	
272	29.877093	3.659408	
273	29.345461	3.406923	
274	28.790986	3.179732	
275	28.221152	2.979952	
276	27.641913	2.810132	
277	27.057105	2.671462	
278	26.467163	2.558776	
279	25.869293	2.459621	
280	25.259987	2.359681	
281	24.637646	2.249382	
282	24.002808	2.126094	
283	23.356546	1.991160	
284	22.699638	1.846064	
285	22.033149	1.690900	
286	21.358905	1.524462	
287	20.679259	1.345738	
288	19.996718	1.156702	
289	19.313735	0.964317	
290	18.632894	0.780370	
291	17.957188	0.619294	
292	17.289656	0.495093	
293	16.632747	0.419585	
294	15.988054	0.402417	
295	15.356047	0.450308	
296	14.735103	0.563959	
297	14.120222	0.734696	
298	13.503056	0.943807	
299	12.873710	1.165334	
300	12.223642	1.371733	
301	11.548901	1.541148	
302	10.851766	1.663684	
303	10.139028	1.743531	
304	9.418451	1.795271	
305	8.696299	1.836554	
306	7.976488	1.881816	
307	7.260806	1.939758	
308	6.550257	2.013873	
309	5.846740	2.102906	
310	5.154100	2.199855	
311	4.479212	2.292097	
312	3.832694	2.365278	
313	3.226897	2.408656	
314	2.671522	2.416131	
315	2.170931	2.383743	
316	1.725464	2.309342	
317	1.334639	2.194314	
318	0.998804	2.044306	
319	0.718500	1.868884	
320	0.493767	1.680841	
321	0.324294	1.494606	
322	0.209001	1.323247	
323	0.144988	1.175321	
324	0.127273	1.053487	
325	0.149488	0.956127	
326	0.204900	0.881529	
327	0.287466	0.831596	
328	0.391855	0.811698	
329	0.512065	0.826463	
330	0.641246	0.875703	
331	0.773649	0.954577	
332	0.905886	1.056341	
333	1.036296	1.174261	
334	1.164323	1.302824	
335	1.290328	1.437470	
336	1.415003	1.572109	
337	1.539541	1.699125	
338	1.666397	1.814434	
339	1.798831	1.921573	
340	1.939233	2.028604	
341	2.087402	2.139907	
342	2.240305	2.252140	
343	2.393533	2.359065	
344	2.542240	2.458014	
345	2.681327	2.551326	
346	2.806267	2.644901	
347	2.914124	2.746883	
348	3.003418	2.864976	
349	3.072455	3.000926	
350	3.118104	3.147807	
351	3.137210	3.294500	
352	3.129139	3.432535	
353	3.097377	3.560769	
354	3.050368	3.686846	
355	3.000698	3.822378	
356	2.961863	3.972345	
357	2.945077	4.128961	
358	2.958067	4.276786	
359	3.004839	4.400943	
360	3.086209	4.490612	
361	3.201984	4.540567	
362	3.352494	4.552747	
363	3.537018	4.536459	
364	3.751704	4.507439	
365	3.989894	4.483347	
366	4.244021	4.475778	
367	4.507484	4.486980	
368	4.775640	4.513456	
369	5.045650	4.550324	
370	5.315423	4.593471	
371	5.582462	4.640137	
372	5.843648	4.689147	
373	6.095462	4.740980	
374	6.333914	4.796696	
375	6.554792	4.856418	
376	6.754717	4.919396	
377	6.932279	4.985285	
378	7.088127	5.054423	
379	7.223772	5.126523	
380	7.340139	5.199084	
381	7.437456	5.267755	
382	7.516736	5.329210	
383	7.580452	5.382638	
384	7.631480	5.427794	
385	7.672803	5.463718	
386	7.708147	5.490363	
387	7.741165	5.510414	
388	7.773532	5.528891	
389	7.804424	5.550828	
390	7.831873	5.578841	
391	7.854426	5.611973	
392	7.871670	5.647170	
393	7.883452	5.683299	
394	7.889230	5.723896	
395	7.888505	5.775206	
396	7.881014	5.841583	
397	7.866732	5.923596	
398	7.846785	6.019885	
399	7.823478	6.128900	
400	7.798253	6.248567	
401	7.770233	6.375762	
402	7.736828	6.507466	
403	7.694659	6.642249	
404	7.640145	6.780025	
405	7.571018	6.920605	
406	7.487896	7.062043	
407	7.394032	7.199816	
408	7.293960	7.327585	
409	7.192615	7.438388	
410	7.094836	7.526127	
411	7.004596	7.588429	
412	6.923625	7.628609	
413	6.849851	7.653414	
414	6.777398	7.668650	
415	6.699765	7.677723	
416	6.614083	7.683025	
417	6.521933	7.686910	
418	6.427007	7.691897	
419	6.333336	7.701067	
420	6.244710	7.718032	
421	6.163880	7.745453	
422	6.091179	7.783184	
423	6.024056	7.827984	
424	5.959221	7.874618	
425	5.895125	7.917456	
426	5.831669	7.951884	
427	5.768598	7.974379	
428	5.705247	7.982172	
429	5.641105	7.974071	
430	5.575266	7.951291	
431	5.505647	7.918009	
432	5.430743	7.882921	
433	5.352447	7.859285	
434	5.275565	7.859683	
435	5.204051	7.888610	
436	5.138420	7.940759	
437	5.077652	8.007153	
438	5.023099	8.082178	
439	4.979256	8.164858	
440	4.951470	8.255905	
441	4.943595	8.354877	
442	4.956341	8.459108	
443	4.986596	8.563902	
444	5.028062	8.662442	
445	5.072131	8.745810	
446	5.108639	8.804428	
447	5.127963	8.830232	
448	5.123781	8.818967	
449	5.093478	8.771831	
450	5.036952	8.694977	
451	4.956608	8.597292	
452	4.857986	8.488698	
453	4.749832	8.379876	
454	4.643171	8.281809	
455	4.548697	8.203977	
456	4.473524	8.152453	
457	4.419525	8.128796	
458	4.384292	8.129837	
459	4.364200	8.148702	
460	4.357144	8.176494	
461	4.362324	8.204067	
462	4.378161	8.223807	
463	4.401108	8.230528	
464	4.426014	8.221777	
465	4.447481	8.198750	
466	4.461508	8.166864	
467	4.466546	8.134176	
468	4.463115	8.107801	
469	4.452177	8.091193	
470	4.433943	8.084581	
471	4.407751	8.086272	
472	4.372473	8.092572	
473	4.327974	8.098741	
474	4.276608	8.101709	
475	4.222965	8.101296	
476	4.172248	8.098639	
477	4.128220	8.094238	
478	4.091449	8.087423	
479	4.058983	8.076515	
480	4.025875	8.059272	
481	3.987739	8.033942	
482	3.943077	7.999904	
483	3.894172	7.957416	
484	3.845837	7.908044	
485	3.802577	7.854825	
486	3.765861	7.800131	
487	3.733902	7.744414	
488	3.704178	7.688564	
489	3.675455	7.635058	
490	3.647321	7.584100	
491	3.618627	7.529950	
492	3.586821	7.463252	
493	3.548667	7.378016	
494	3.501652	7.277594	
495	3.445285	7.174044	
496	3.381270	7.081110	
497	3.312469	7.007539	
498	3.242540	6.955520	
499	3.176341	6.922807	
500	3.119072	6.905430	
501	3.074169	6.899697	
502	3.041945	6.903110	
503	3.020387	6.915461	
504	3.006997	6.938877	
505	2.999145	6.972511	
506	2.993422	7.006815	
507	2.986254	7.026817	
508	2.974871	7.020348	
509	2.957015	6.980717	
510	2.930974	6.904769	
511	2.896932	6.792073	
512	2.857748	6.645448	
513	2.818406	6.472774	
514	2.785120	6.289124	
515	2.764256	6.114057	
516	2.760854	5.963703	
517	2.777521	5.845849	
518	2.814519	5.761620	
519	2.870472	5.707590	
520	2.942952	5.675592	
521	3.029173	5.655314	
522	3.126697	5.639963	
523	3.233635	5.629093	
524	3.348829	5.626582	
525	3.472287	5.636596	
526	3.605468	5.660679	
527	3.751548	5.697226	
528	3.915037	5.742941	
529	4.099706	5.794309	
530	4.305774	5.847299	
531	4.528719	5.896379	
532	4.760747	5.934853	
533	4.993798	5.956242	
534	5.222011	5.955480	
535	5.442963	5.930656	
536	5.658234	5.884334	
537	5.872532	5.821791	
538	6.091137	5.748907	
539	6.318182	5.673560	
540	6.557301	5.607313	
541	6.812466	5.561955	
542	7.086967	5.542927	
543	7.381816	5.546278	
544	7.695521	5.560484	
545	8.025262	5.571205	
546	8.368299	5.567065	
547	8.722881	5.543048	
548	9.088344	5.499953	
549	9.464548	5.441849	
550	9.851312	5.374047	
551	10.248261	5.301839	
552	10.655049	5.228598	
553	11.071809	5.154599	
554	11.499838	5.078757	
555	11.942236	5.001242	
556	12.403917	4.924684	
557	12.890578	4.854072	
558	13.406613	4.794348	
559	13.953421	4.746594	
560	14.529832	4.707464	
561	15.133633	4.672575	
562	15.762375	4.639606	
563	16.413851	4.608716	
564	17.086664	4.580904	
565	17.779960	4.555905	
566	18.492542	4.530908	
567	19.222900	4.500926	
568	19.969744	4.460807	
569	20.731888	4.407926	
570	21.508366	4.344326	
571	22.299073	4.275755	
572	23.104633	4.206986	
573	23.925740	4.139198	
574	24.762624	4.071845	
575	25.614336	4.003270	
576	26.478817	3.929626	
577	27.354473	3.846926	
578	28.241018	3.754188	
579	29.138396	3.653259	
580	30.046069	3.546924	
581	30.963971	3.438808	
582	31.893366	3.334339	
583	32.836216	3.240489	
584	33.793149	3.163965	
585	34.761119	3.108494	
586	35.733378	3.074337	
587	36.702439	3.061989	
588	37.662752	3.075285	
589	38.611178	3.120951	
590	39.546250	3.207642	
591	40.467086	3.345463	
592	41.371779	3.543363	
593	42.255803	3.803987	
594	43.112525	4.120357	
595	43.935959	4.477378	
596	44.723208	4.855788	
597	45.474875	5.235610	
598	46.193542	5.597350	
599	46.881435	5.921336	
600	47.538340	6.188851	
601	48.160563	6.384706	
602	48.742270	6.496641	
603	49.278737	6.513814	
604	49.768267	6.430493	
605	50.211118	6.251749	
606	50.607374	5.993024	
607	50.956234	5.674379	
608	51.256931	5.315468	
609	51.509528	4.933859	
610	51.714656	4.545893	
611	51.872566	4.166343	
612	51.983171	3.805218	
613	52.048232	3.466587	
614	52.071932	3.152435	
615	52.057385	2.866124	
616	52.003895	2.610173	
617	51.907965	2.381191	
618	51.765376	2.169427	
619	51.572150	1.963971	
620	51.325347	1.756276	
621	51.025495	1.540988	
622	50.679227	1.319366	
623	50.298654	1.102038	
624	49.896782	0.904498	
625	49.482476	0.739193	
626	49.058698	0.612213	
627	48.623112	0.524208	
628	48.169675	0.471479	
629	47.691519	0.447471	
630	47.182746	0.444565	
631	46.637632	0.454759	
632	46.049979	0.470155	
633	45.415167	0.483961	
634	44.732755	0.491536	
635	44.005742	0.490409	
636	43.237905	0.479065	
637	42.433115	0.456189	
638	41.596387	0.419738	
639	40.734098	0.364536	
640	39.853116	0.282560	
641	38.960425	0.167216	
642	38.062671	0.015136	
643	37.164534	-0.177007	
644	36.267731	-0.413473	
645	35.371165	-0.693649	
646	34.471315	-1.007595	
647	33.563613	-1.340033	
648	32.644672	-1.675888	
649	31.713528	-2.000664	
650	30.771519	-2.299652	
651	29.821524	-2.560064	
652	28.866900	-2.773165	
653	27.910818	-2.934345	
654	26.956819	-3.043578	
655	26.010438	-3.104891	
656	25.079004	-3.122731	
657	24.167228	-3.102007	
658	23.273676	-3.053413	
659	22.394003	-2.992350	
660	21.527093	-2.929475	
661	20.676805	-2.867305	
662	19.848302	-2.808500	
663	19.044021	-2.762304	
664	18.263865	-2.739043	
665	17.507468	-2.741518	
666	16.773228	-2.764060	
667	16.055233	-2.798047	
668	15.343981	-2.837020	
669	14.630966	-2.876821	
670	13.912268	-2.912459	
671	13.188571	-2.936537	
672	12.462096	-2.940077	
673	11.733772	-2.913079	
674	11.003452	-2.845419	
675	10.271247	-2.730160	
676	9.537633	-2.566187	
677	8.803466	-2.357071	
678	8.071215	-2.109104	
679	7.345729	-1.831769	
680	6.632734	-1.537488	
681	5.936274	-1.238367	
682	5.258053	-0.942747	
683	4.599202	-0.653848	
684	3.960906	-0.371556	
685	3.343623	-0.095877	
686	2.748112	0.170252	
687	2.176269	0.419473	
688	1.629919	0.641480	
689	1.111079	0.827171	
690	0.623672	0.971828	
691	0.172466	1.074483	
692	-0.239767	1.135273	
693	-0.611655	1.154993	
694	-0.939648	1.136499	
695	-1.217450	1.085052	
696	-1.438896	1.007212	
697	-1.599729	0.909852	
698	-1.697945	0.800787	
699	-1.734089	0.689271	
700	-1.710513	0.584364	
701	-1.629835	0.493728	
702	-1.494777	0.424901	
703	-1.309369	0.386672	
704	-1.079831	0.387347	
705	-0.814760	0.431448	
706	-0.524391	0.519115	
707	-0.219110	0.647505	
708	0.091639	0.811764	
709	0.399814	1.006471	
710	0.699212	1.227328	
711	0.986329	1.472008	
712	1.260536	1.740784	
713	1.522201	2.035206	
714	1.770874	2.353319	
715	2.005796	2.686968	
716	2.226546	3.024956	
717	2.431499	3.355522	
718	2.615482	3.663764	
719	2.769881	3.931583	
720	2.885448	4.144985	
721	2.954273	4.298664	
722	2.970508	4.393261	
723	2.933265	4.435134	
724	2.851376	4.440490	
725	2.744921	4.435483	
726	2.640585	4.449897	
727	2.564520	4.508432	
728	2.537734	4.624198	
729	2.573967	4.797375	
730	2.678373	5.018170	
731	2.847646	5.271593	
732	3.072156	5.542705	
733	3.339298	5.819641	
734	3.636609	6.093833	
735	3.952368	6.360448	
736	4.273894	6.617431	
737	4.587578	6.861762	
738	4.881840	7.088270	
739	5.149649	7.292524	
740	5.388576	7.473126	
741	5.599296	7.630897	
742	5.783507	7.767525	
743	5.941403	7.886940	
744	6.070327	7.996090	
745	6.166386	8.101491	
746	6.227557	8.206052	
747	6.255586	8.310585	
748	6.256403	8.417606	
749	6.239582	8.532033	
750	6.215974	8.657304	
751	6.194216	8.791760	
752	6.179066	8.928444	
753	6.171490	9.057391	
754	6.169065	9.169777	
755	6.167734	9.261306	
756	6.164155	9.331852	
757	6.156374	9.383522	
758	6.143645	9.419832	
759	6.127197	9.444837	
760	6.111024	9.461962	
761	6.100556	9.474327	
762	6.099687	9.485701	
763	6.109155	9.499892	
764	6.128097	9.519431	
765	6.156742	9.545394	
766	6.196384	9.577980	
767	6.246068	9.616271	
768	6.299735	9.656935	
769	6.347654	9.693630	
770	6.381259	9.719071	
771	6.396288	9.728602	
772	6.392064	9.721099	
773	6.370013	9.696841	
774	6.332793	9.655960	
775	6.282770	9.598672	
776	6.221104	9.526518	
777	6.148851	9.443446	
778	6.068390	9.355578	
779	5.983325	9.270337	
780	5.897527	9.195500	
781	5.814430	9.136556	
782	5.736046	9.093228	
783	5.661586	9.059044	
784	5.587277	9.024448	
785	5.508079	8.980481	
786	5.420322	8.921258	
787	5.324080	8.845691	
788	5.224124	8.758734	
789	5.128759	8.670568	
790	5.046473	8.592329	
791	4.982462	8.531177	
792	4.938247	8.489052	
793	4.913799	8.464320	
794	4.908701	8.452895	
795	4.921124	8.449383	
796	4.947459	8.449895	
797	4.984260	8.454653	
798	5.029780	8.468138	
799	5.083015	8.497177	
800	5.141060	8.547901	
801	5.197038	8.622393	
802	5.241492	8.716519	
803	5.266393	8.820804	
804	5.267411	8.923707	
805	5.243148	9.013707	
806	5.194036	9.080005	
807	5.122184	9.113840	
808	5.031629	9.110893	
809	4.928559	9.074257	
810	4.820373	9.014257	
811	4.714242	8.943725	
812	4.616951	8.873882	
813	4.534828	8.813381	
814	4.472780	8.768264	
815	4.433270	8.741969	
816	4.415231	8.735290	
817	4.413619	8.746041	
818	4.420806	8.768964	
819	4.429430	8.796895	
820	4.435339	8.823548	
821	4.438160	8.845536	
822	4.438360	8.860914	
823	4.434304	8.866842	
824	4.422526	8.859863	
825	4.399677	8.837224	
826	4.364294	8.797569	
827	4.318746	8.742274	
828	4.270873	8.676892	
829	4.232434	8.610134	
830	4.213609	8.550535	
831	4.218362	8.503528	
832	4.244710	8.470853	
833	4.288169	8.451919	
834	4.344902	8.445796	
835	4.412146	8.452051	
836	4.485994	8.469309	
837	4.560754	8.493890	
838	4.631437	8.520769	
839	4.695902	8.545196	
840	4.755301	8.564024	
841	4.812546	8.576059	
842	4.868536	8.579789	
843	4.920700	8.571404	
844	4.965827	8.546952	
845	5.002305	8.506391	
846	5.030027	8.455424	
847	5.051139	8.403989	
848	5.072122	8.362576	
849	5.103636	8.338783	
850	5.155467	8.335029	
851	5.230065	8.347151	
852	5.320994	8.365262	
853	5.417211	8.377203	
854	5.508567	8.372034	
855	5.588752	8.341919	
856	5.656131	8.282679	
857	5.714209	8.193816	
858	5.770662	8.078865	
859	5.833039	7.945212	
860	5.903948	7.802668	
861	5.981694	7.662406	
862	6.065145	7.535905	
863	6.155503	7.431594	
864	6.254120	7.350931	
865	6.361462	7.289252	
866	6.477775	7.240487	
867	6.602906	7.199607	
868	6.736102	7.162514	
869	6.876819	7.125903	
870	7.025078	7.087005	
871	7.180752	7.043802	
872	7.343697	6.996263	
873	7.514971	6.946703	
874	7.696597	6.897993	
875	7.889652	6.851576	
876	8.093152	6.807543	
877	8.305195	6.766340	
878	8.524894	6.729762	
879	8.752543	6.699993	
880	8.988637	6.677853	
881	9.233404	6.661939	
882	9.486385	6.649294	
883	9.746237	6.636510	
884	10.011639	6.620070	
885	10.282659	6.596835	
886	10.561272	6.565139	
887	10.851440	6.525465	
888	11.159511	6.480746	
889	11.493593	6.436627	
890	11.861279	6.400936	
891	12.267493	6.381758	
892	12.713874	6.384819	
893	13.199514	6.412379	
894	13.721873	6.464325	
895	14.277130	6.538619	
896	14.859900	6.630338	
897	15.462728	6.731534	
898	16.076069	6.832158	
899	16.689540	6.921467	
900	17.294572	6.990115	
901	17.886786	7.031723	
902	18.467550	7.043127	
903	19.045697	7.024951	
904	19.636818	6.982392	
905	20.257968	6.923486	
906	20.922307	6.855803	
907	21.637139	6.785328	
908	22.404435	6.717786	
909	23.222595	6.659477	
910	24.087340	6.615986	
911	24.991267	6.590350	
912	25.924578	6.582128	
913	26.877609	6.586831	
914	27.842588	6.596279	
915	28.813620	6.599921	
916	29.786825	6.585618	
917	30.761130	6.541526	
918	31.738418	6.460510	
919	32.722935	6.343933	
920	33.719761	6.200734	
921	34.732236	6.042266	
922	35.760587	5.878155	
923	36.802503	5.715500	
924	37.853536	5.558680	
925	38.906905	5.408885	
926	39.953836	5.265087	
927	40.985304	5.127473	
928	41.994850	5.001518	
929	42.980877	4.899183	
930	43.947883	4.839063	
931	44.904988	4.846462	
932	45.859021	4.945793	
933	46.806108	5.147583	
934	47.729469	5.443175	
935	48.606432	5.810855	
936	49.420593	6.228730	
937	50.169218	6.682644	
938	50.860003	7.161977	
939	51.502514	7.655154	
940	52.103257	8.151439	
941	52.666865	8.641722	
942	53.199144	9.114913	
943	53.707934	9.550720	
944	54.201111	9.917765	
945	54.682861	10.184789	
946	55.151242	10.328489	
947	55.599807	10.329621	
948	56.020569	10.178218	
949	56.405152	9.885763	
950	56.745743	9.481379	
951	57.036140	8.997291	
952	57.271730	8.460316	
953	57.449680	7.892326	
954	57.569845	7.313695	
955	57.634848	6.742656	
956	57.648989	6.192652	
957	57.617052	5.672461	
958	57.543439	5.187938	
959	57.431663	4.744237	
960	57.284907	4.346537	
961	57.107486	3.997139	
962	56.904766	3.692367	
963	56.681016	3.422991	
964	56.437833	3.177230	
965	56.174153	2.943904	
966	55.886677	2.715285	
967	55.571374	2.490298	
968	55.226215	2.276048	
969	54.851598	2.084787	
970	54.447664	1.926559	
971	54.011460	1.801511	
972	53.535120	1.696446	
973	53.006046	1.586738	
974	52.409760	1.443194	
975	51.733977	1.241332	
976	50.971335	0.967011	
977	50.119069	0.617544	
978	49.177283	0.203522	
979	48.149540	-0.250455	
980	47.046494	-0.711929	
981	45.889039	-1.147468	
982	44.706970	-1.526061	
983	43.532380	-1.825895	
984	42.391122	-2.041084	
985	41.297365	-2.180442	
986	40.253684	-2.262483	
987	39.254364	-2.311830	
988	38.288454	-2.355162	
989	37.342424	-2.415191	
990	36.404390	-2.504566	
991	35.467729	-2.623820	
992	34.529554	-2.765619	
993	33.586661	-2.920672	
994	32.634596	-3.081103	
995	31.669494	-3.241089	
996	30.689960	-3.395502	
997	29.697833	-3.539111	
998	28.697776	-3.667079	
999	27.696024	-3.775244	
1000	26.698054	-3.861136	
1001	25.706676	-3.925213	
1002	24.723472	-3.969598	
1003	23.751273	-3.996684	
1004	22.793959	-4.010434	
1005	21.855032	-4.017355	
1006	20.936766	-4.024980	
1007	20.040839	-4.038321	
1008	19.169681	-4.056535	
1009	18.325521	-4.074113	
1010	17.508482	-4.085546	
1011	16.716912	-4.088617	
1012	15.948860	-4.084881	
1013	15.202444	-4.077852	
1014	14.474779	-4.070437	
1015	13.761348	-4.062969	
1016	13.056923	-4.052142	
1017	12.356548	-4.032405	
1018	11.655980	-3.998282	
1019	10.952133	-3.945583	
1020	10.243263	-3.873217	
1021	9.529137	-3.784377	
1022	8.811342	-3.684380	
1023	8.092918	-3.576377	
1024	7.377401	-3.458249	
1025	6.668291	-3.324142	
1026	5.968832	-3.169549	
1027	5.281377	-2.993898	
1028	4.606688	-2.799360	
1029	3.944549	-2.589160	
1030	3.295576	-2.366555	
1031	2.662018	-2.135451	
1032	2.047029	-1.901830	
1033	1.453906	-1.673458	
1034	0.885571	-1.458173	
1035	0.344196	-1.262032	
1036	-0.168393	-1.088014	
1037	-0.649520	-0.935692	
1038	-1.095345	-0.803186	
1039	-1.502778	-0.692267	
1040	-1.871251	-0.611441	
1041	-2.201303	-0.572440	
1042	-2.492727	-0.584973	
1043	-2.745366	-0.653783	
1044	-2.960470	-0.777434	
1045	-3.140782	-0.948724	
1046	-3.288718	-1.153911	
1047	-3.403967	-1.370872	
1048	-3.483529	-1.572054	
1049	-3.523218	-1.731111	
1050	-3.519465	-1.826342	
1051	-3.471252	-1.840118	
1052	-3.379177	-1.758420	
1053	-3.242677	-1.571860	
1054	-3.060247	-1.276524	
1055	-2.832839	-0.875416	
1056	-2.566143	-0.381132	
1057	-2.268446	0.186070	
1058	-1.947614	0.804496	
1059	-1.612151	1.451675	
1060	-1.273292	2.100271	
1061	-0.944986	2.717547	
1062	-0.642618	3.269608	
1063	-0.379687	3.729003	
1064	-0.163487	4.083896	
1065	0.007188	4.343253	
1066	0.142309	4.533627	
1067	0.259291	4.690503	
1068	0.378985	4.848389	
1069	0.519985	5.030740	
1070	0.694648	5.245367	
1071	0.908514	5.488578	
1072	1.161129	5.750592	
1073	1.446904	6.017599	
1074	1.757628	6.274544	
1075	2.086023	6.510578	
1076	2.427043	6.722509	
1077	2.776535	6.913184	
1078	3.129963	7.088004	
1079	3.482102	7.252627	
1080	3.826517	7.411964	
1081	4.155656	7.570147	
1082	4.462467	7.730460	
1083	4.741719	7.894431	
1084	4.989912	8.060921	
1085	5.204411	8.225819	
1086	5.382881	8.382534	
1087	5.523837	8.523750	
1088	5.627781	8.643852	
1089	5.697896	8.740243	
1090	5.739515	8.812559	
1091	5.758214	8.860650	
1092	5.758192	8.883352	
1093	5.742963	8.879822	
1094	5.716966	8.852467	
1095	5.685498	8.808467	
1096	5.653155	8.758392	
1097	5.622484	8.713470	
1098	5.594509	8.683760	
1099	5.570830	8.677106	
1100	5.553896	8.697767	
1101	5.544073	8.745119	
1102	5.537375	8.814170	
1103	5.527235	8.897996	
1104	5.508437	8.989236	
1105	5.479479	9.080641	
1106	5.441807	9.166287	
1107	5.397249	9.242120	
1108	5.346764	9.305849	
1109	5.291228	9.357012	
1110	5.232411	9.396158	
1111	5.173185	9.423120	
1112	5.116282	9.436114	
1113	5.062786	9.432797	
1114	5.012919	9.412008	
1115	4.967308	9.374170	
1116	4.926407	9.321027	
1117	4.890191	9.256073	
1118	4.859039	9.184114	
1119	4.833533	9.108576	
1120	4.812993	9.029378	
1121	4.795479	8.944729	
1122	4.779386	8.854548	
1123	4.763456	8.761738	
1124	4.745433	8.671706	
1125	4.722261	8.590198	
1126	4.691717	8.520466	
1127	4.653836	8.463390	
1128	4.611343	8.419339	
1129	4.568963	8.388392	
1130	4.532192	8.370052	
1131	4.505774	8.362896	
1132	4.492142	8.363139	
1133	4.490774	8.364737	
1134	4.498979	8.362849	
1135	4.513524	8.357126	
1136	4.532303	8.351642	
1137	4.555024	8.352176	
1138	4.581711	8.362506	
1139	4.610115	8.381590	
1140	4.635523	8.404423	
1141	4.653603	8.426121	
1142	4.663165	8.444416	
1143	4.667089	8.458393	
1144	4.671014	8.466621	
1145	4.679493	8.467447	
1146	4.692790	8.460653	
1147	4.708068	8.448587	
1148	4.722690	8.435895	
1149	4.735189	8.427736	
1150	4.744430	8.427280	
1151	4.749609	8.434060	
1152	4.750987	8.444872	
1153	4.750215	8.456921	
1154	4.749939	8.469670	
1155	4.752477	8.483342	
1156	4.758501	8.496981	
1157	4.767347	8.508560	
1158	4.777975	8.515733	
1159	4.789279	8.516321	
1160	4.800361	8.508972	
1161	4.811203	8.493559	
1162	4.822847	8.470864	
1163	4.836596	8.442126	
1164	4.853770	8.409366	
1165	4.876510	8.375800	
1166	4.907409	8.344795	
1167	4.947929	8.318243	
1168	4.998028	8.296041	
1169	5.056638	8.276660	
1170	5.121532	8.258090	
1171	5.188925	8.238883	
1172	5.253669	8.218409	
1173	5.310891	8.195551	
1174	5.358143	8.167456	
1175	5.395463	8.130261	
1176	5.424088	8.081523	
1177	5.446744	8.022987	
1178	5.468631	7.961114	
1179	5.496410	7.904211	
1180	5.535205	7.859312	
1181	5.585497	7.830857	
1182	5.642360	7.819965	
1183	5.698007	7.824101	
1184	5.746330	7.838143	
1185	5.786103	7.856422	
1186	5.819501	7.873589	
1187	5.848553	7.884134	
1188	5.874662	7.883343	
1189	5.899851	7.869519	
1190	5.925904	7.843973	
1191	5.952529	7.808324	
1192	5.977668	7.762322	
1193	5.999386	7.704181	
1194	6.017094	7.632607	
1195	6.031981	7.548434	
1196	6.047006	7.454422	
1197	6.065941	7.353869	
1198	6.092013	7.249908	
1199	6.127107	7.146053	
1200	6.171710	7.046710	
1201	6.225165	6.956466	
1202	6.285889	6.878659	
1203	6.351859	6.814588	
1204	6.421861	6.763416	
1205	6.496750	6.722408	
1206	6.579066	6.687668	
1207	6.671231	6.655132	
1208	6.774574	6.621402	
1209	6.889745	6.584208	
1210	7.017001	6.542367	
1211	7.155782	6.495797	
1212	7.304781	6.445997	
1213	7.463054	6.395833	
1214	7.630812	6.348162	
1215	7.808803	6.304914	
1216	7.997063	6.267263	
1217	8.193943	6.236002	
1218	8.396254	6.211806	
1219	8.600817	6.195095	
1220	8.805980	6.185616	
1221	9.011858	6.182545	
1222	9.219825	6.185008	
1223	9.431755	6.192681	
1224	9.649352	6.206280	
1225	9.874277	6.226731	
1226	10.108901	6.253692	
1227	10.356715	6.286042	
1228	10.621771	6.323734	
1229	10.908000	6.368206	
1230	11.219418	6.420944	
1231	11.559913	6.481796	
1232	11.931922	6.548779	
1233	12.336013	6.619601	
1234	12.771775	6.692676	
1235	13.238203	6.766589	
1236	13.732992	6.839432	
1237	14.251862	6.908350	
1238	14.789003	6.969083	
1239	15.338434	7.015828	
1240	15.895187	7.042014	
1241	16.456303	7.042273	
1242	17.021931	7.014003	
1243	17.595103	6.956851	
1244	18.179817	6.871105	
1245	18.779971	6.756906	
1246	19.399797	6.614897	
1247	20.043806	6.447602	
1248	20.715742	6.260152	
1249	21.418073	6.059508	
1250	22.152449	5.852643	
1251	22.919786	5.645650	
1252	23.719774	5.445075	
1253	24.550685	5.259253	
1254	25.409364	5.096880	
1255	26.291826	4.963809	
1256	27.194677	4.860418	
1257	28.116221	4.780393	
1258	29.056598	4.712666	
1259	30.017229	4.647043	
1260	30.999920	4.579142	
1261	32.005325	4.510816	
1262	33.031436	4.447242	
1263	34.073773	4.393829	
1264	35.126678	4.355486	
1265	36.184281	4.337262	
1266	37.240490	4.343431	
1267	38.287942	4.376264	
1268	39.318055	4.436735	
1269	40.324033	4.525769	
1270	41.304400	4.644765	
1271	42.262186	4.794862	
1272	43.199967	4.975313	
1273	44.116626	5.183549	
1274	45.008046	5.417378	
1275	45.869286	5.676301	
1276	46.696897	5.959755	
1277	47.490369	6.264170	
1278	48.250861	6.581464	
1279	48.979126	6.897983	
1280	49.675462	7.192876	
1281	50.339344	7.438495	
1282	50.967553	7.605239	
1283	51.553720	7.668516	
1284	52.089891	7.613274	
1285	52.568627	7.435788	
1286	52.984799	7.145005	
1287	53.336334	6.762469	
1288	53.624216	6.318381	
1289	53.852532	5.846783	
1290	54.028442	5.381277	
1291	54.161119	4.946063	
1292	54.259798	4.548981	
1293	54.332165	4.187639	
1294	54.383406	3.859557	
1295	54.416106	3.565401	
1296	54.431088	3.308697	
1297	54.427722	3.096148	
1298	54.402957	2.937407	
1299	54.350923	2.842402	
1300	54.264401	2.817616	
1301	54.136582	2.863875	
1302	53.962658	2.976156	
1303	53.741471	3.144675	
1304	53.474659	3.354632	
1305	53.163879	3.583354	
1306	52.809979	3.797970	
1307	52.413560	3.956442	
1308	51.974772	4.013585	
1309	51.494091	3.934069	
1310	50.975330	3.708560	
1311	50.426034	3.363139	
1312	49.852526	2.952024	
1313	49.256229	2.533554	
1314	48.635380	2.149148	
1315	47.983555	1.813053	
1316	47.280338	1.502105	
1317	46.493876	1.160798	
1318	45.606487	0.735727	
1319	44.633665	0.213018	
1320	43.616154	-0.369463	
1321	42.597454	-0.939353	
1322	41.603323	-1.430048	
1323	40.636341	-1.820605	
1324	39.686657	-2.135912	
1325	38.747318	-2.402995	
1326	37.819979	-2.617880	
1327	36.909766	-2.757127	
1328	36.021259	-2.801324	
1329	35.158902	-2.743705	
1330	34.325563	-2.593246	
1331	33.519407	-2.372271	
1332	32.733829	-2.107069	
1333	31.958091	-1.828070	
1334	31.177497	-1.573352	
1335	30.377865	-1.375053	
1336	29.550147	-1.244455	
1337	28.690502	-1.173655	
1338	27.799730	-1.143912	
1339	26.882980	-1.132428	
1340	25.948488	-1.118135	
1341	25.006323	-1.087054	
1342	24.066994	-1.034555	
1343	23.139260	-0.962898	
1344	22.228182	-0.879113	
1345	21.334888	-0.796348	
1346	20.457553	-0.734667	
1347	19.592189	-0.718667	
1348	18.732775	-0.774996	
1349	17.872209	-0.930285	
1350	17.004474	-1.206600	
1351	16.125806	-1.616274	
1352	15.234837	-2.156871	
1353	14.333605	-2.802244	
1354	13.428410	-3.497296	
1355	12.527839	-4.171747	
1356	11.638863	-4.764076	
1357	10.764700	-5.235160	
1358	9.905128	-5.569877	
1359	9.057709	-5.771680	
1360	8.219228	-5.854044	
1361	7.388224	-5.834199	
1362	6.567640	-5.730278	
1363	5.763651	-5.559307	
1364	4.982170	-5.334341	
1365	4.228282	-5.063310	
1366	3.506622	-4.750961	
1367	2.819144	-4.399560	
1368	2.163181	-4.006671	
1369	1.532502	-3.563900	
1370	0.920717	-3.059742	
1371	0.325356	-2.485965	
1372	-0.250603	-1.845366	
1373	-0.801042	-1.160011	
1374	-1.319454	-0.474101	
1375	-1.798437	0.156632	
1376	-2.227273	0.682548	
1377	-2.593855	1.071566	
1378	-2.890777	1.310837	
1379	-3.117066	1.402321	
1380	-3.275022	1.359321	
1381	-3.369426	1.206233	
1382	-3.408331	0.976350	
1383	-3.400456	0.704822	
1384	-3.351785	0.421754	
1385	-3.266307	0.151570	
1386	-3.148904	-0.083360	
1387	-3.005317	-0.258080	
1388	-2.839979	-0.344368	
1389	-2.655739	-0.322189	
1390	-2.454962	-0.190837	
1391	-2.239627	0.038064	
1392	-2.011761	0.353201	
1393	-1.775253	0.745751	
1394	-1.536202	1.205499	
1395	-1.300074	1.716729	
1396	-1.069707	2.256471	
1397	-0.846757	2.797818	
1398	-0.633483	3.315844	
1399	-0.433179	3.791894	
1400	-0.250186	4.215511	
1401	-0.089663	4.584731	
1402	0.042907	4.905117	
1403	0.142938	5.186911	
1404	0.208371	5.440981	
1405	0.240320	5.677203	
1406	0.243622	5.905521	
1407	0.227808	6.135233	
1408	0.206131	6.372133	
1409	0.192868	6.615986	
1410	0.201324	6.859555	
1411	0.243498	7.089745	
1412	0.329916	7.291620	
1413	0.466602	7.457013	
1414	0.651948	7.590474	
1415	0.878845	7.703650	
1416	1.139813	7.806953	
1417	1.430159	7.907624	
1418	1.746624	8.011408	
1419	2.083560	8.126261	
1420	2.431842	8.264269	
1421	2.778678	8.437229	
1422	3.106063	8.651689	
1423	3.392961	8.908233	
1424	3.622088	9.201748	
1425	3.786412	9.522574	
1426	3.892481	9.859487	
1427	3.958049	10.202108	
1428	4.003754	10.542970	
1429	4.045078	10.877951	
1430	4.091799	11.200896	
1431	4.152783	11.498413	
1432	4.235866	11.754306	
1433	4.341532	11.958271	
1434	4.460604	12.108975	
1435	4.580182	12.212208	
1436	4.692578	12.277318	
1437	4.800051	12.312711	
1438	4.909522	12.324927	
1439	5.021048	12.322028	
1440	5.123764	12.313685	
1441	5.203564	12.306787	
1442	5.252130	12.303130	
1443	5.269483	12.300871	
1444	5.261877	12.296739	
1445	5.238527	12.288300	
1446	5.208387	12.275867	
1447	5.178109	12.260583	
1448	5.152157	12.239826	
1449	5.134099	12.206329	
1450	5.126158	12.154027	
1451	5.126312	12.086598	
1452	5.127834	12.018872	
1453	5.123629	11.969018	
1454	5.110443	11.950617	
1455	5.090083	11.968234	
1456	5.067985	12.014873	
1457	5.049764	12.072720	
1458	5.039082	12.118638	
1459	5.037695	12.133344	
1460	5.045767	12.108403	
1461	5.063616	12.045465	
1462	5.093936	11.950663	
1463	5.141060	11.830288	
1464	5.208335	11.690137	
1465	5.296150	11.537654	
1466	5.400631	11.383813	
1467	5.512675	11.241906	
1468	5.617795	11.122981	
1469	5.698768	11.032461	
1470	5.741882	10.971820	
1471	5.743121	10.941051	
1472	5.709925	10.938837	
1473	5.656363	10.961612	
1474	5.594722	11.001926	
1475	5.532277	11.051354	
1476	5.474953	11.106230	
1477	5.429486	11.165665	
1478	5.401577	11.226570	
1479	5.395688	11.284849	
1480	5.417226	11.338330	
1481	5.472950	11.384998	
1482	5.566659	11.417967	
1483	5.691669	11.425298	
1484	5.829457	11.397776	
1485	5.958994	11.337124	
1486	6.066174	11.258704	
1487	6.146327	11.186465	
1488	6.202869	11.140872	
1489	6.242941	11.129886	
1490	6.271158	11.149105	
1491	6.284658	11.185943	
1492	6.271084	11.225409	
1493	6.212438	11.258155	
1494	6.095675	11.284455	
1495	5.922299	11.307050	
1496	5.707468	11.322739	
1497	5.471159	11.326507	
1498	5.230870	11.319092	
1499	4.998642	11.305814	
1500	4.782003	11.293253	
1501	4.586580	11.288710	
1502	4.417105	11.296730	
1503	4.279131	11.314955	
1504	4.180928	11.335388	
1505	4.130065	11.347643	
1506	4.127365	11.342198	
1507	4.165700	11.315214	
1508	4.233473	11.270526	
1509	4.319065	11.215383	
1510	4.413827	11.154936	
1511	4.511796	11.090609	
1512	4.608242	11.020948	
1513	4.700184	10.942286	
1514	4.787405	10.848438	
1515	4.871789	10.731836	
1516	4.954837	10.588910	
1517	5.035623	10.424278	
1518	5.111896	10.248054	
1519	5.182922	10.071310	
1520	5.251017	9.904485	
1521	5.321090	9.757191	
1522	5.398508	9.637697	
1523	5.487201	9.552616	
1524	5.589944	9.507907	
1525	5.709430	9.509343	
1526	5.848939	9.559933	
1527	6.012564	9.656204	
1528	6.202696	9.786394	
1529	6.415115	9.931867	
1530	6.637293	10.073503	
1531	6.850804	10.201523	
1532	7.035513	10.317547	
1533	7.175788	10.423725	
1534	7.263633	10.514138	
1535	7.295934	10.578354	
1536	7.272659	10.606933	
1537	7.197968	10.592543	
1538	7.081063	10.530011	
1539	6.937091	10.417268	
1540	6.786651	10.258275	
1541	6.652350	10.064383	
1542	6.556655	9.849681	
1543	6.520398	9.629160	
1544	6.557349	9.426085	
1545	6.671933	9.273027	
1546	6.864314	9.198158	
1547	7.131561	9.212453	
1548	7.462161	9.307062	
1549	7.837292	9.453668	
1550	8.243553	9.597843	
1551	8.689342	9.636343	
1552	9.224933	9.361114	
1553	9.990232	8.291957	
1554	11.359751	4.890787	
1555	11.629592	-9.133455	
1556	3.263504	-35.852796	
1557	-3.543842	-55.633973	
1558	-14.230522	-67.083591	
1559	-26.264625	-75.087739	
1560	-37.425357	-80.270236	
1561	-48.260388	-82.800301	
1562	-61.755745	-82.974864	
1563	-83.204760	-80.612173	
1564	-117.954957	-73.669453	
1565	-157.833714	-54.116514	
1566	172.823661	-10.130672	
1567	158.830609	38.900745	
1568	155.016161	77.801663	
1569	155.654302	107.781920	
1570	157.772607	126.005651	
1571	158.463305	145.227578	
1572	157.909430	176.689056	
1573	157.307382	-152.137971	
1574	156.882281	-131.753040	
1575	156.538955	-120.080669	
1576	156.345723	-113.002468	
1577	156.410251	-108.155476	
1578	156.779149	-104.400487	
1579	157.442975	-101.177829	
1580	158.365848	-98.176087	
1581	159.508300	-95.176076	
1582	160.840821	-91.969762	
1583	162.352904	-88.289858	
1584	164.052626	-83.740184	
1585	165.953823	-77.743483	
1586	168.053824	-69.588897	
1587	170.294910	-58.949319	
1588	172.539304	-46.838586	
1589	174.643027	-35.197281	
1590	176.570341	-25.140313	
1591	178.375847	-16.652007	
1592	-179.886792	-9.349250	
1593	-178.202782	-2.929955	
1594	-176.593681	2.740738	
1595	-175.117168	7.642855	
1596	-173.897692	11.596528	
1597	-173.261533	14.273705	
1598	-174.074584	16.730128	
1599	-174.261909	24.440731	
1600	-0.735323	30.120459	
1601	-2.068355	32.599668	
1602	-3.380655	33.691507	
1603	-4.649441	34.180750	
1604	-5.989330	34.421903	
1605	-7.439016	34.582732	
1606	-8.985832	34.742293	
1607	-10.597375	34.940398	
1608	-12.232189	35.207832	
1609	-13.835477	35.585170	
1610	-15.321720	36.121768	
1611	-16.548981	36.863209	
1612	-52.213073	28.160536	
1613	-55.613136	28.027056	
1614	-59.222282	27.870251	
1615	-62.943567	27.676854	
1616	-66.692404	27.430675	
1617	-70.406566	27.116039	
1618	-74.048105	26.719976	
1619	-77.599706	26.233522	
1620	-81.057935	25.652456	
1621	-84.425243	24.977674	
1622	-87.701961	24.215295	
1623	-90.879166	23.376486	
1624	-93.933280	22.476896	
1625	-96.823208	21.535608	
1626	-99.490308	20.573518	
1627	-101.860151	19.611160	
1628	-103.843226	18.665988	
1629	-105.329885	17.749164	
1630	-106.173150	16.862252	
1631	-106.151018	15.995665	
1632	-104.902540	15.134548	
1633	-101.898534	14.284528	
1634	-97.199937	13.505727	
1635	-102.430995	12.070572	
1636	153.381207	0.483466	
1637	142.123497	-40.179603	
1638	137.898167	-46.345374	
1639	132.000784	-41.511090	
1640	127.043208	-35.079239	
1641	124.900346	-29.541940	
1642	125.661986	-25.415978	
1643	128.309596	-22.574069	
1644	131.452159	-20.707492	
1645	134.131915	-19.755598	
1646	136.119213	-19.849358	
1647	137.538390	-21.053244	
1648	138.553578	-23.289161	
1649	139.284424	-26.377303	
1650	139.812601	-30.094362	
1651	140.202738	-34.220786	
1652	140.518001	-38.573468	
1653	140.827889	-43.023757	
1654	141.209975	-47.502407	
1655	141.748839	-51.995571	
1656	142.536602	-56.532907	
1657	143.679867	-61.163254	
1658	NaN	NaN	
1659	NaN	NaN	
1660	NaN	NaN	
1661	NaN	NaN	
1662	NaN	NaN	
1663	NaN	NaN	
1664	NaN	NaN	
1665	NaN	NaN	
1666	NaN	NaN	
1667	NaN	NaN	
1668	NaN	NaN	
1669	NaN	NaN	
1670	NaN	NaN	
1671	NaN	NaN	
1672	NaN	NaN	
1673	NaN	NaN	
1674	NaN	NaN	
1675	NaN	NaN	
1676	NaN	NaN	
1677	NaN	NaN	
1678	NaN	NaN	
1679	NaN	NaN	
1680	NaN	NaN	
1681	NaN	NaN	
1682	NaN	NaN	
1683	NaN	NaN	
1684	NaN	NaN	
1685	NaN	NaN	
1686	NaN	NaN	
1687	NaN	NaN	
1688	NaN	NaN	
1689	NaN	NaN	
1690	NaN	NaN	
1691	NaN	NaN	
