Athlete_Engineering	// User ID
11-2-2021	// Evaluation date
P002_WALK3	23-1-2021	14:04:22:778	// Source file name and timestamp
250.000	// Sampling rate
6.382	// Data capture period



Sample #	Right_Leg_Flexion	Right_Leg_Abduction	
0	6.362108	7.021384	
1	6.366391	7.037861	
2	6.372202	7.054081	
3	6.379196	7.066907	
4	6.385870	7.074328	
5	6.390101	7.075812	
6	6.390146	7.072325	
7	6.385442	7.065679	
8	6.376892	7.057652	
9	6.366561	7.049680	
10	6.356887	7.042938	
11	6.349827	7.037933	
12	6.346310	7.034114	
13	6.346110	7.030401	
14	6.348003	7.026106	
15	6.350133	7.021140	
16	6.350569	7.015424	
17	6.348045	7.008784	
18	6.342662	7.001753	
19	6.335977	6.995845	
20	6.330129	6.992696	
21	6.326661	6.993301	
22	6.326084	6.997763	
23	6.328315	7.005247	
24	6.333144	7.014151	
25	6.340352	7.022689	
26	6.349746	7.029629	
27	6.361014	7.034455	
28	6.373322	7.036733	
29	6.385135	7.035423	
30	6.394435	7.029305	
31	6.399159	7.018379	
32	6.397969	7.004493	
33	6.391011	6.990471	
34	6.380121	6.978505	
35	6.368331	6.969154	
36	6.358413	6.961887	
37	6.351238	6.955826	
38	6.345827	6.949557	
39	6.340855	6.941363	
40	6.335635	6.930310	
41	6.330019	6.917260	
42	6.324313	6.905220	
43	6.319503	6.898455	
44	6.316921	6.900469	
45	6.317206	6.912153	
46	6.319864	6.931712	
47	6.323812	6.956657	
48	6.327803	6.985367	
49	6.330593	7.016653	
50	6.331493	7.049409	
51	6.330611	7.082901	
52	6.328277	7.115992	
53	6.324921	7.146360	
54	6.321695	7.171541	
55	6.320173	7.189978	
56	6.321114	7.200833	
57	6.324314	7.204410	
58	6.329483	7.202652	
59	6.336474	7.197620	
60	6.344820	7.189877	
61	6.353644	7.178934	
62	6.362020	7.164548	
63	6.369080	7.147241	
64	6.373874	7.127904	
65	6.375510	7.107570	
66	6.373603	7.087950	
67	6.368460	7.071843	
68	6.360847	7.062639	
69	6.351696	7.062831	
70	6.341867	7.072382	
71	6.331870	7.088642	
72	6.321960	7.107941	
73	6.312729	7.127385	
74	6.305290	7.145279	
75	6.300454	7.160066	
76	6.297979	7.169616	
77	6.297108	7.171749	
78	6.297580	7.165324	
79	6.299734	7.151340	
80	6.303886	7.133120	
81	6.309765	7.114730	
82	6.316468	7.098747	
83	6.323123	7.085679	
84	6.329487	7.075126	
85	6.335689	7.066594	
86	6.341470	7.059449	
87	6.345992	7.053218	
88	6.348575	7.048258	
89	6.349256	7.045429	
90	6.348339	7.044692	
91	6.345874	7.044610	
92	6.341814	7.043181	
93	6.336321	7.039213	
94	6.329748	7.033765	
95	6.322538	7.029785	
96	6.315286	7.029560	
97	6.308614	7.032946	
98	6.302737	7.038107	
99	6.297336	7.043496	
100	6.291723	7.048549	
101	6.284894	7.052777	
102	6.275939	7.055889	
103	6.264982	7.058139	
104	6.253574	7.059097	
105	6.243894	7.057400	
106	6.237405	7.051908	
107	6.234249	7.041830	
108	6.233584	7.026379	
109	6.233955	7.005347	
110	6.233572	6.979767	
111	6.230838	6.951648	
112	6.224913	6.923645	
113	6.216081	6.899089	
114	6.205520	6.881189	
115	6.194473	6.871884	
116	6.183790	6.871648	
117	6.174403	6.879772	
118	6.167503	6.894406	
119	6.164069	6.912533	
120	6.164746	6.930472	
121	6.169801	6.944943	
122	6.178620	6.953909	
123	6.189533	6.956671	
124	6.200379	6.953349	
125	6.209121	6.944246	
126	6.214085	6.929899	
127	6.214333	6.912190	
128	6.210126	6.894804	
129	6.202619	6.881860	
130	6.193167	6.876343	
131	6.183185	6.879566	
132	6.174201	6.891249	
133	6.167377	6.909891	
134	6.162957	6.933161	
135	6.160474	6.958314	
136	6.159417	6.982992	
137	6.159561	7.005778	
138	6.160789	7.025735	
139	6.162725	7.041523	
140	6.164629	7.051291	
141	6.165717	7.053593	
142	6.165564	7.048305	
143	6.164061	7.037028	
144	6.161200	7.023142	
145	6.157167	7.011059	
146	6.152415	7.004684	
147	6.147295	7.005846	
148	6.141763	7.013269	
149	6.135845	7.023069	
150	6.130185	7.030683	
151	6.125691	7.032493	
152	6.122802	7.026479	
153	6.121417	7.012521	
154	6.121303	6.992769	
155	6.122444	6.971473	
156	6.125125	6.952890	
157	6.129534	6.938841	
158	6.135331	6.928914	
159	6.141756	6.921944	
160	6.147748	6.916410	
161	6.151694	6.910771	
162	6.151887	6.904590	
163	6.147834	6.899334	
164	6.140624	6.897682	
165	6.132015	6.901493	
166	6.123554	6.910251	
167	6.116121	6.921306	
168	6.109690	6.931076	
169	6.103642	6.935972	
170	6.097622	6.933422	
171	6.091958	6.923201	
172	6.087071	6.907943	
173	6.082753	6.891910	
174	6.078169	6.878736	
175	6.072468	6.870349	
176	6.065540	6.867779	
177	6.058307	6.871810	
178	6.052196	6.882499	
179	6.048225	6.898640	
180	6.046465	6.917928	
181	6.046188	6.937753	
182	6.046387	6.955602	
183	6.046052	6.968601	
184	6.044326	6.973725	
185	6.040969	6.969330	
186	6.036464	6.955718	
187	6.031438	6.934109	
188	6.026511	6.906506	
189	6.022624	6.876478	
190	6.020952	6.848653	
191	6.022547	6.827172	
192	6.028057	6.814438	
193	6.037399	6.810589	
194	6.049762	6.813892	
195	6.064047	6.821653	
196	6.079057	6.830678	
197	6.093295	6.837011	
198	6.104982	6.836148	
199	6.112725	6.825214	
200	6.116310	6.805543	
201	6.116637	6.782136	
202	6.114830	6.760627	
203	6.111591	6.745302	
204	6.107361	6.738902	
205	6.102839	6.742704	
206	6.099004	6.756463	
207	6.096622	6.779140	
208	6.095821	6.810057	
209	6.095943	6.848974	
210	6.095802	6.895457	
211	6.094253	6.948355	
212	6.090521	7.005300	
213	6.084198	7.062879	
214	6.075222	7.117563	
215	6.063881	7.166785	
216	6.050808	7.210066	
217	6.036730	7.248905	
218	6.021906	7.285091	
219	6.006107	7.319638	
220	5.989295	7.352915	
221	5.971876	7.384816	
222	5.954468	7.414969	
223	5.938035	7.443333	
224	5.924218	7.470739	
225	5.915151	7.498802	
226	5.912668	7.529234	
227	5.917437	7.562863	
228	5.928711	7.598614	
229	5.944787	7.633146	
230	5.963627	7.661622	
231	5.983404	7.679178	
232	6.002664	7.681888	
233	6.019950	7.666654	
234	6.033916	7.630868	
235	6.044234	7.573257	
236	6.051877	7.495992	
237	6.058241	7.405168	
238	6.064519	7.308062	
239	6.071878	7.210763	
240	6.081349	7.118545	
241	6.093179	7.036694	
242	6.106795	6.970477	
243	6.121702	6.924651	
244	6.138051	6.902154	
245	6.156036	6.902727	
246	6.175281	6.922854	
247	6.195183	6.956510	
248	6.215244	6.995860	
249	6.234554	7.032425	
250	6.251342	7.058471	
251	6.263422	7.067694	
252	6.269264	7.055781	
253	6.269200	7.022677	
254	6.266082	6.975360	
255	6.264622	6.926802	
256	6.269831	6.890434	
257	6.285527	6.873793	
258	6.313264	6.874603	
259	6.352265	6.881154	
260	6.400539	6.876363	
261	6.456332	6.843703	
262	6.519588	6.774249	
263	6.592919	6.671683	
264	6.680638	6.550271	
265	6.786167	6.426302	
266	6.910174	6.309551	
267	7.050643	6.200214	
268	7.204184	6.091894	
269	7.367733	5.978184	
270	7.539989	5.859461	
271	7.722135	5.746684	
272	7.917012	5.658614	
273	8.126689	5.609742	
274	8.351026	5.598607	
275	8.588659	5.611150	
276	8.837952	5.632850	
277	9.096958	5.654013	
278	9.363643	5.668014	
279	9.636414	5.669264	
280	9.914757	5.653353	
281	10.200051	5.619353	
282	10.495898	5.571667	
283	10.807511	5.518713	
284	11.140179	5.470109	
285	11.497212	5.434099	
286	11.878613	5.415338	
287	12.281204	5.414190	
288	12.699335	5.426977	
289	13.126166	5.446847	
290	13.555987	5.467258	
291	13.985906	5.485329	
292	14.415258	5.500007	
293	14.844479	5.507696	
294	15.275262	5.501801	
295	15.710546	5.476603	
296	16.153399	5.429609	
297	16.606125	5.359918	
298	17.069718	5.267306	
299	17.543722	5.153819	
300	18.027310	5.024710	
301	18.520294	4.887124	
302	19.022736	4.746808	
303	19.534604	4.605452	
304	20.056307	4.461484	
305	20.589061	4.312841	
306	21.134522	4.159872	
307	21.693716	4.007530	
308	22.266121	3.863064	
309	22.849925	3.729790	
310	23.442893	3.604716	
311	24.043349	3.482691	
312	24.650938	3.360896	
313	25.266245	3.238388	
314	25.889882	3.114064	
315	26.522304	2.987996	
316	27.163803	2.862829	
317	27.813698	2.741666	
318	28.469432	2.625502	
319	29.127066	2.512645	
320	29.782886	2.400520	
321	30.434582	2.288582	
322	31.081390	2.178964	
323	31.723590	2.074524	
324	32.361635	1.977105	
325	32.994819	1.887655	
326	33.620235	1.807256	
327	34.233603	1.736823	
328	34.832087	1.675865	
329	35.416601	1.622311	
330	35.990595	1.573369	
331	36.556745	1.526973	
332	37.115704	1.483859	
333	37.666740	1.448239	
334	38.208157	1.425434	
335	38.737670	1.418724	
336	39.253398	1.427077	
337	39.754524	1.444124	
338	40.239951	1.460652	
339	40.706527	1.469719	
340	41.149627	1.469314	
341	41.565254	1.461118	
342	41.951869	1.448864	
343	42.310991	1.437444	
344	42.645266	1.429979	
345	42.955675	1.424421	
346	43.241026	1.414361	
347	43.499221	1.392065	
348	43.728593	1.350923	
349	43.928921	1.289093	
350	44.101359	1.211334	
351	44.247047	1.125508	
352	44.365834	1.038914	
353	44.455890	0.958014	
354	44.513663	0.888373	
355	44.534878	0.833378	
356	44.516652	0.793797	
357	44.458550	0.769748	
358	44.362011	0.762490	
359	44.229378	0.772669	
360	44.062934	0.798885	
361	43.864113	0.839735	
362	43.632875	0.894801	
363	43.367546	0.963132	
364	43.065461	1.042480	
365	42.723427	1.129700	
366	42.337887	1.220839	
367	41.906549	1.310172	
368	41.430501	1.389210	
369	40.914383	1.447212	
370	40.364708	1.473105	
371	39.787325	1.458321	
372	39.185195	1.399210	
373	38.558306	1.297587	
374	37.905879	1.160672	
375	37.228601	1.000263	
376	36.528569	0.829485	
377	35.807670	0.659046	
378	35.067035	0.495632	
379	34.307825	0.342296	
380	33.531541	0.199519	
381	32.739475	0.065786	
382	31.932023	-0.061876	
383	31.108771	-0.186777	
384	30.269432	-0.311555	
385	29.414198	-0.436905	
386	28.543237	-0.560086	
387	27.656695	-0.676483	
388	26.755370	-0.783914	
389	25.841168	-0.883700	
390	24.917171	-0.977732	
391	23.987299	-1.066970	
392	23.055466	-1.152903	
393	22.125460	-1.238638	
394	21.201535	-1.328738	
395	20.287195	-1.428550	
396	19.382353	-1.542546	
397	18.482224	-1.672833	
398	17.578880	-1.820337	
399	16.663812	-1.986871	
400	15.730727	-2.172850	
401	14.777677	-2.371872	
402	13.806811	-2.569815	
403	12.822235	-2.749803	
404	11.828509	-2.897405	
405	10.830398	-3.002523	
406	9.832262	-3.059150	
407	8.837323	-3.066006	
408	7.848208	-3.026550	
409	6.868214	-2.945320	
410	5.901921	-2.824530	
411	4.955122	-2.664711	
412	4.034600	-2.467052	
413	3.147376	-2.235697	
414	2.299205	-1.979833	
415	1.493912	-1.713782	
416	0.734351	-1.454172	
417	0.023279	-1.217004	
418	-0.636477	-1.016880	
419	-1.241477	-0.866244	
420	-1.786733	-0.773048	
421	-2.265924	-0.738744	
422	-2.673785	-0.758465	
423	-3.008520	-0.823343	
424	-3.271078	-0.922288	
425	-3.462089	-1.040225	
426	-3.580604	-1.156760	
427	-3.626402	-1.250170	
428	-3.602669	-1.301869	
429	-3.515837	-1.297057	
430	-3.373705	-1.224325	
431	-3.184360	-1.075491	
432	-2.956312	-0.845355	
433	-2.699065	-0.532384	
434	-2.423085	-0.139639	
435	-2.138918	0.325170	
436	-1.856786	0.850379	
437	-1.586941	1.421541	
438	-1.339612	2.022110	
439	-1.124913	2.633421	
440	-0.953296	3.235370	
441	-0.834975	3.808288	
442	-0.776916	4.335972	
443	-0.779417	4.809884	
444	-0.835536	5.232100	
445	-0.932442	5.614327	
446	-1.052288	5.974046	
447	-1.173600	6.329833	
448	-1.274290	6.696161	
449	-1.334910	7.078516	
450	-1.341058	7.471126	
451	-1.284593	7.859104	
452	-1.163324	8.223934	
453	-0.979841	8.548711	
454	-0.740726	8.820786	
455	-0.455472	9.032309	
456	-0.134322	9.180005	
457	0.213167	9.264880	
458	0.577402	9.291670	
459	0.947592	9.268097	
460	1.312076	9.204724	
461	1.659888	9.115078	
462	1.982274	9.014830	
463	2.273442	8.920039	
464	2.530702	8.844786	
465	2.754538	8.798595	
466	2.948097	8.785164	
467	3.115318	8.802956	
468	3.258456	8.846456	
469	3.376880	8.907239	
470	3.467940	8.975329	
471	3.528818	9.041609	
472	3.558171	9.100399	
473	3.557429	9.150397	
474	3.531565	9.194225	
475	3.488724	9.237255	
476	3.438265	9.284835	
477	3.388053	9.339414	
478	3.342474	9.401177	
479	3.302282	9.471068	
480	3.266339	9.551944	
481	3.234130	9.648738	
482	3.207560	9.770283	
483	3.191094	9.929279	
484	3.190033	10.136456	
485	3.207564	10.393020	
486	3.242564	10.688608	
487	3.290097	11.005554	
488	3.343763	11.324188	
489	3.397879	11.626155	
490	3.448820	11.896632	
491	3.495169	12.125430	
492	3.536853	12.306407	
493	3.574347	12.436787	
494	3.607802	12.517624	
495	3.636427	12.554203	
496	3.659335	12.555315	
497	3.677170	12.531581	
498	3.692988	12.493543	
499	3.712052	12.450826	
500	3.740654	12.412259	
501	3.783633	12.385126	
502	3.841791	12.373736	
503	3.911850	12.378673	
504	3.988543	12.395945	
505	4.066349	12.416645	
506	4.140610	12.429722	
507	4.208627	12.426840	
508	4.270173	12.405853	
509	4.326864	12.371071	
510	4.380825	12.330609	
511	4.433937	12.293241	
512	4.487698	12.266216	
513	4.542023	12.253048	
514	4.593776	12.252273	
515	4.638043	12.259291	
516	4.671214	12.269581	
517	4.692521	12.280030	
518	4.703424	12.288281	
519	4.706344	12.292052	
520	4.703951	12.289201	
521	4.698651	12.278093	
522	4.691672	12.257743	
523	4.682839	12.227471	
524	4.671983	12.187030	
525	4.660225	12.137780	
526	4.649626	12.082463	
527	4.642264	12.022795	
528	4.639756	11.958458	
529	4.642623	11.889239	
530	4.649478	11.817329	
531	4.657017	11.746820	
532	4.660640	11.681286	
533	4.655283	11.621658	
534	4.636925	11.565419	
535	4.603933	11.507211	
536	4.557066	11.440292	
537	4.499149	11.358630	
538	4.435304	11.259871	
539	4.372269	11.147420	
540	4.315958	11.028932	
541	4.269895	10.912388	
542	4.235879	10.803681	
543	4.214459	10.706568	
544	4.204721	10.622676	
545	4.204619	10.550928	
546	4.211302	10.487835	
547	4.221511	10.429061	
548	4.232775	10.371734	
549	4.244395	10.316221	
550	4.257255	10.265271	
551	4.272664	10.221312	
552	4.291293	10.184680	
553	4.313393	10.153378	
554	4.339826	10.123516	
555	4.371889	10.090195	
556	4.409737	10.048887	
557	4.451375	9.996281	
558	4.493591	9.930367	
559	4.534042	9.850850	
560	4.571928	9.759307	
561	4.606340	9.658705	
562	4.634916	9.553092	
563	4.654557	9.446965	
564	4.663044	9.343939	
565	4.660219	9.245797	
566	4.648384	9.152485	
567	4.632002	9.062502	
568	4.616466	8.972890	
569	4.606498	8.879386	
570	4.605363	8.777856	
571	4.614358	8.665125	
572	4.632339	8.537710	
573	4.656491	8.391048	
574	4.683947	8.220815	
575	4.713122	8.025135	
576	4.744407	7.806543	
577	4.779891	7.572762	
578	4.822249	7.335439	
579	4.873846	7.107709	
580	4.936717	6.902012	
581	5.012611	6.728014	
582	5.102595	6.590816	
583	5.207056	6.490862	
584	5.325954	6.425203	
585	5.458384	6.388172	
586	5.601491	6.371049	
587	5.750286	6.362751	
588	5.900101	6.353190	
589	6.050114	6.336177	
590	6.203824	6.308590	
591	6.366057	6.268843	
592	6.540653	6.217656	
593	6.730617	6.158956	
594	6.938427	6.098702	
595	7.165213	6.042494	
596	7.410390	5.994193	
597	7.672557	5.956244	
598	7.949795	5.929519	
599	8.239624	5.912119	
600	8.540737	5.899918	
601	8.854485	5.889136	
602	9.183468	5.878665	
603	9.529001	5.870711	
604	9.890569	5.869333	
605	10.267735	5.877846	
606	10.661596	5.896798	
607	11.073805	5.924069	
608	11.504363	5.956470	
609	11.950698	5.990988	
610	12.409212	6.025492	
611	12.877326	6.058907	
612	13.354338	6.090722	
613	13.841478	6.120101	
614	14.341008	6.145663	
615	14.855002	6.167095	
616	15.385223	6.185737	
617	15.933791	6.202255	
618	16.503710	6.215705	
619	17.098333	6.224501	
620	17.720122	6.226543	
621	18.370816	6.220756	
622	19.052356	6.209914	
623	19.765841	6.199667	
624	20.509872	6.193955	
625	21.280921	6.192019	
626	22.074589	6.188264	
627	22.885299	6.172319	
628	23.704533	6.129981	
629	24.520862	6.047867	
630	25.324456	5.918415	
631	26.113036	5.740113	
632	26.893074	5.515717	
633	27.675805	5.252404	
634	28.473501	4.962777	
635	29.297709	4.663458	
636	30.156718	4.370459	
637	31.054105	4.096370	
638	31.991095	3.852079	
639	32.969402	3.647761	
640	33.990779	3.490307	
641	35.054388	3.381128	
642	36.155457	3.317983	
643	37.286837	3.299977	
644	38.440767	3.330090	
645	39.608249	3.411488	
646	40.777080	3.542678	
647	41.931610	3.718780	
648	43.055937	3.936584	
649	44.137893	4.194826	
650	45.170625	4.489857	
651	46.152355	4.814568	
652	47.085950	5.161516	
653	47.978194	5.525061	
654	48.837696	5.900676	
655	49.671618	6.281753	
656	50.482866	6.654830	
657	51.268856	6.997997	
658	52.021243	7.284805	
659	52.726434	7.489469	
660	53.367950	7.590333	
661	53.930151	7.571622	
662	54.401783	7.424386	
663	54.778328	7.147559	
664	55.062655	6.748116	
665	55.264682	6.240695	
666	55.400544	5.647770	
667	55.489712	4.997527	
668	55.550483	4.318446	
669	55.597897	3.637049	
670	55.644840	2.983547	
671	55.701545	2.397891	
672	55.772309	1.923774	
673	55.854376	1.592331	
674	55.940238	1.409783	
675	56.019448	1.355668	
676	56.079664	1.391644	
677	56.109252	1.478043	
678	56.100892	1.585944	
679	56.053314	1.696779	
680	55.968727	1.795757	
681	55.848536	1.868240	
682	55.692293	1.900599	
683	55.498501	1.880796	
684	55.262543	1.798152	
685	54.973096	1.647228	
686	54.613419	1.434061	
687	54.168067	1.176213	
688	53.627537	0.897314	
689	52.988024	0.624122	
690	52.250743	0.383269	
691	51.421781	0.191886	
692	50.513265	0.053238	
693	49.548970	-0.033177	
694	48.567142	-0.060865	
695	47.608624	-0.018165	
696	46.694095	0.097940	
697	45.812389	0.267688	
698	44.933267	0.453921	
699	44.028740	0.622429	
700	43.083202	0.752440	
701	42.093196	0.833935	
702	41.063687	0.863973	
703	40.003689	0.844068	
704	38.923141	0.774880	
705	37.830744	0.652189	
706	36.732576	0.470367	
707	35.631630	0.228649	
708	34.526958	-0.067658	
709	33.413931	-0.409095	
710	32.287747	-0.783474	
711	31.147058	-1.178128	
712	29.994140	-1.582882	
713	28.833315	-1.989580	
714	27.670147	-2.387595	
715	26.510824	-2.761833	
716	25.361160	-3.094795	
717	24.225971	-3.368149	
718	23.108984	-3.565230	
719	22.012282	-3.676863	
720	20.935402	-3.706639	
721	19.875488	-3.671262	
722	18.828613	-3.595534	
723	17.790945	-3.504464	
724	16.759046	-3.416722	
725	15.730088	-3.342705	
726	14.701922	-3.285877	
727	13.672305	-3.244150	
728	12.638897	-3.211045	
729	11.601031	-3.177890	
730	10.561035	-3.135507	
731	9.522629	-3.074663	
732	8.488056	-2.987854	
733	7.458125	-2.871862	
734	6.435147	-2.727631	
735	5.424876	-2.556995	
736	4.435746	-2.360132	
737	3.476680	-2.137280	
738	2.554864	-1.891302	
739	1.674350	-1.626995	
740	0.836064	-1.350139	
741	0.039568	-1.069180	
742	-0.713523	-0.796455	
743	-1.417342	-0.546881	
744	-2.062642	-0.335291	
745	-2.638749	-0.172023	
746	-3.135509	-0.059582	
747	-3.544852	0.005690	
748	-3.861338	0.031117	
749	-4.082315	0.028286	
750	-4.208279	0.013363	
751	-4.242806	0.004699	
752	-4.191640	0.019278	
753	-4.061501	0.070329	
754	-3.859081	0.167154	
755	-3.590701	0.314828	
756	-3.263534	0.512411	
757	-2.887587	0.753338	
758	-2.476388	1.029280	
759	-2.045277	1.333829	
760	-1.607955	1.663811	
761	-1.174135	2.017551	
762	-0.750831	2.391148	
763	-0.345720	2.775684	
764	0.031494	3.155686	
765	0.370438	3.509424	
766	0.661533	3.813803	
767	0.896344	4.050922	
768	1.068450	4.211002	
769	1.175878	4.294330	
770	1.223565	4.315458	
771	1.224330	4.304910	
772	1.198080	4.303999	
773	1.169481	4.353834	
774	1.164660	4.483100	
775	1.206739	4.701960	
776	1.311116	5.004613	
777	1.483132	5.374903	
778	1.719216	5.791304	
779	2.009653	6.231428	
780	2.340267	6.674655	
781	2.693831	7.102305	
782	3.053543	7.496321	
783	3.406697	7.838605	
784	3.745460	8.113397	
785	4.065201	8.311118	
786	4.361978	8.430603	
787	4.630516	8.479530	
788	4.864889	8.472238	
789	5.060990	8.424517	
790	5.216869	8.348497	
791	5.331242	8.251339	
792	5.403020	8.138956	
793	5.431912	8.020018	
794	5.419868	7.903957	
795	5.372806	7.797245	
796	5.300150	7.704776	
797	5.212068	7.632312	
798	5.117205	7.586281	
799	5.022282	7.574567	
800	4.932523	7.607112	
801	4.851178	7.692504	
802	4.779132	7.834610	
803	4.716540	8.033377	
804	4.664216	8.286414	
805	4.622582	8.587855	
806	4.590619	8.926432	
807	4.566445	9.285535	
808	4.547467	9.644523	
809	4.529945	9.981351	
810	4.510431	10.277800	
811	4.488895	10.524029	
812	4.469774	10.718739	
813	4.458560	10.866061	
814	4.457418	10.972416	
815	4.464875	11.045173	
816	4.477746	11.091295	
817	4.491750	11.115260	
818	4.502129	11.119541	
819	4.504558	11.107131	
820	4.496048	11.082016	
821	4.476512	11.047446	
822	4.448821	11.004415	
823	4.416304	10.952137	
824	4.380225	10.891631	
825	4.339900	10.830186	
826	4.295396	10.780402	
827	4.248486	10.752526	
828	4.199892	10.748257	
829	4.147288	10.762668	
830	4.086609	10.789393	
831	4.014899	10.821823	
832	3.932991	10.852068	
833	3.846151	10.872099	
834	3.761324	10.877422	
835	3.683879	10.871010	
836	3.617673	10.862857	
837	3.566037	10.863639	
838	3.530005	10.878418	
839	3.506123	10.906169	
840	3.487406	10.944163	
841	3.467858	10.991715	
842	3.447376	11.049807	
843	3.432316	11.118849	
844	3.432108	11.198342	
845	3.455464	11.287503	
846	3.506957	11.383768	
847	3.585000	11.481036	
848	3.683417	11.571703	
849	3.795435	11.651010	
850	3.916662	11.719517	
851	4.045703	11.783382	
852	4.183063	11.852797	
853	4.329345	11.936371	
854	4.484108	12.034735	
855	4.645782	12.140794	
856	4.811760	12.245376	
857	4.978407	12.341143	
858	5.141465	12.422611	
859	5.296362	12.484632	
860	5.437845	12.522044	
861	5.561048	12.531842	
862	5.664581	12.515513	
863	5.751583	12.477854	
864	5.826625	12.423379	
865	5.891486	12.354209	
866	5.943909	12.270263	
867	5.979963	12.170277	
868	5.997466	12.053525	
869	5.997653	11.921484	
870	5.984199	11.776921	
871	5.961736	11.621995	
872	5.935390	11.458840	
873	5.910325	11.291029	
874	5.891430	11.123532	
875	5.882855	10.961321	
876	5.886649	10.807448	
877	5.902511	10.662856	
878	5.928931	10.528382	
879	5.962968	10.405559	
880	5.999293	10.294830	
881	6.031124	10.194029	
882	6.052850	10.099652	
883	6.061939	10.008746	
884	6.058387	9.918340	
885	6.043025	9.824699	
886	6.017428	9.724800	
887	5.985035	9.617371	
888	5.950861	9.502107	
889	5.920321	9.378523	
890	5.898475	9.244918	
891	5.888533	9.097883	
892	5.889951	8.932419	
893	5.899102	8.743416	
894	5.912992	8.529812	
895	5.931663	8.297664	
896	5.956709	8.057633	
897	5.989001	7.820311	
898	6.028389	7.594816	
899	6.074313	7.389539	
900	6.126996	7.211987	
901	6.189213	7.067665	
902	6.265967	6.957735	
903	6.361381	6.876965	
904	6.476289	6.816034	
905	6.608211	6.766198	
906	6.752149	6.721325	
907	6.901418	6.677534	
908	7.048987	6.631936	
909	7.189240	6.581090	
910	7.319554	6.520681	
911	7.440310	6.445848	
912	7.553243	6.351018	
913	7.660624	6.231196	
914	7.766528	6.086002	
915	7.878315	5.923838	
916	8.006340	5.761957	
917	8.161571	5.620535	
918	8.352441	5.514962	
919	8.582627	5.451967	
920	8.850483	5.429558	
921	9.150739	5.439851	
922	9.477711	5.473790	
923	9.827519	5.522856	
924	10.198296	5.577423	
925	10.589722	5.626485	
926	11.003342	5.659905	
927	11.441911	5.671299	
928	11.905728	5.658248	
929	12.390612	5.620479	
930	12.890992	5.560839	
931	13.403508	5.486492	
932	13.927591	5.406249	
933	14.464397	5.327021	
934	15.015772	5.252078	
935	15.583614	5.181412	
936	16.169288	5.113971	
937	16.773445	5.049332	
938	17.396943	4.987563	
939	18.042123	4.929444	
940	18.712879	4.876848	
941	19.413336	4.830741	
942	20.146425	4.787789	
943	20.912812	4.739504	
944	21.710436	4.675589	
945	22.535992	4.588360	
946	23.387610	4.474792	
947	24.265709	4.336440	
948	25.172083	4.179416	
949	26.108820	4.013441	
950	27.076865	3.847030	
951	28.075475	3.683571	
952	29.103659	3.524349	
953	30.161435	3.374270	
954	31.249025	3.245404	
955	32.364724	3.156992	
956	33.503620	3.130582	
957	34.658283	3.182989	
958	35.820532	3.322512	
959	36.982910	3.550379	
960	38.138649	3.863310	
961	39.280468	4.254023	
962	40.399951	4.711681	
963	41.487665	5.222404	
964	42.533538	5.770149	
965	43.527682	6.339729	
966	44.461488	6.919656	
967	45.329528	7.503529	
968	46.132345	8.090019	
969	46.877158	8.680503	
970	47.574888	9.275439	
971	48.237160	9.871179	
972	48.875622	10.458594	
973	49.501360	11.023507	
974	50.123368	11.547048	
975	50.747189	12.004807	
976	51.373393	12.366266	
977	51.996022	12.597820	
978	52.604165	12.671363	
979	53.187061	12.574671	
980	53.736831	12.314628	
981	54.246171	11.910507	
982	54.706093	11.385264	
983	55.107586	10.761429	
984	55.445047	10.060407	
985	55.717965	9.301965	
986	55.930416	8.502995	
987	56.090434	7.677271	
988	56.209569	6.837212	
989	56.300148	5.995311	
990	56.370773	5.163893	
991	56.424843	4.355362	
992	56.463273	3.583528	
993	56.487546	2.863057	
994	56.499758	2.205210	
995	56.500131	1.613068	
996	56.484359	1.081981	
997	56.440213	0.604634	
998	56.345847	0.172887	
999	56.178925	-0.222340	
1000	55.931595	-0.585900	
1001	55.613809	-0.914154	
1002	55.245244	-1.198625	
1003	54.847782	-1.432062	
1004	54.440517	-1.611721	
1005	54.035112	-1.739784	
1006	53.632836	-1.821613	
1007	53.224986	-1.863065	
1008	52.796721	-1.867825	
1009	52.333200	-1.835173	
1010	51.825061	-1.759863	
1011	51.270664	-1.635279	
1012	50.675114	-1.457815	
1013	50.045276	-1.230250	
1014	49.382784	-0.963586	
1015	48.683508	-0.675712	
1016	47.943826	-0.387164	
1017	47.162927	-0.118320	
1018	46.339533	0.112336	
1019	45.471493	0.291685	
1020	44.559917	0.413262	
1021	43.611667	0.475051	
1022	42.636936	0.478358	
1023	41.645142	0.428242	
1024	40.642699	0.332984	
1025	39.632264	0.201931	
1026	38.612732	0.043354	
1027	37.580712	-0.135483	
1028	36.533181	-0.326916	
1029	35.469365	-0.522726	
1030	34.390657	-0.715124	
1031	33.299342	-0.897608	
1032	32.197542	-1.065909	
1033	31.087275	-1.218910	
1034	29.971120	-1.358309	
1035	28.851960	-1.487292	
1036	27.731935	-1.609841	
1037	26.612224	-1.730808	
1038	25.493603	-1.855690	
1039	24.376532	-1.989629	
1040	23.261355	-2.135759	
1041	22.148919	-2.293970	
1042	21.040444	-2.461210	
1043	19.936880	-2.632153	
1044	18.838860	-2.799054	
1045	17.746821	-2.952206	
1046	16.660568	-3.082729	
1047	15.578661	-3.185687	
1048	14.498672	-3.260175	
1049	13.418618	-3.306984	
1050	12.337739	-3.326709	
1051	11.255564	-3.319364	
1052	10.171864	-3.284388	
1053	9.088556	-3.220728	
1054	8.010397	-3.128013	
1055	6.942808	-3.008149	
1056	5.889364	-2.865429	
1057	4.851716	-2.703811	
1058	3.830956	-2.523736	
1059	2.828334	-2.323345	
1060	1.846286	-2.102037	
1061	0.890211	-1.861219	
1062	-0.031073	-1.603221	
1063	-0.906376	-1.330569	
1064	-1.722716	-1.045474	
1065	-2.465499	-0.750326	
1066	-3.120240	-0.450062	
1067	-3.675728	-0.153448	
1068	-4.125785	0.129602	
1069	-4.467946	0.392452	
1070	-4.701093	0.635314	
1071	-4.824846	0.866724	
1072	-4.840515	1.101142	
1073	-4.751818	1.354548	
1074	-4.565022	1.642202	
1075	-4.288437	1.977191	
1076	-3.931418	2.366553	
1077	-3.504305	2.807015	
1078	-3.019688	3.283823	
1079	-2.493544	3.772733	
1080	-1.944756	4.243126	
1081	-1.393314	4.662388	
1082	-0.858888	5.003422	
1083	-0.359427	5.252709	
1084	0.092149	5.413942	
1085	0.491772	5.507025	
1086	0.845556	5.564083	
1087	1.168477	5.622070	
1088	1.480838	5.713670	
1089	1.802568	5.861562	
1090	2.147822	6.077498	
1091	2.522488	6.362986	
1092	2.924791	6.710066	
1093	3.347986	7.103526	
1094	3.783606	7.525038	
1095	4.224202	7.956640	
1096	4.664602	8.381123	
1097	5.101215	8.781222	
1098	5.530423	9.140419	
1099	5.947473	9.445178	
1100	6.346508	9.687036	
1101	6.721653	9.862984	
1102	7.068200	9.974305	
1103	7.383022	10.025510	
1104	7.664423	10.023601	
1105	7.911824	9.977290	
1106	8.125076	9.896184	
1107	8.303718	9.789773	
1108	8.447534	9.667127	
1109	8.558095	9.537535	
1110	8.639316	9.410375	
1111	8.696805	9.293872	
1112	8.737024	9.194323	
1113	8.767038	9.117323	
1114	8.794533	9.069662	
1115	8.826211	9.057901	
1116	8.865238	9.084919	
1117	8.910996	9.149123	
1118	8.960844	9.245831	
1119	9.011185	9.368363	
1120	9.057711	9.508492	
1121	9.096341	9.656454	
1122	9.124973	9.801429	
1123	9.144641	9.932886	
1124	9.159212	10.041931	
1125	9.174063	10.122456	
1126	9.194840	10.172044	
1127	9.227047	10.192088	
1128	9.275961	10.187037	
1129	9.345729	10.162798	
1130	9.437488	10.125367	
1131	9.547655	10.081123	
1132	9.667095	10.036888	
1133	9.781341	9.997064	
1134	9.873707	9.961485	
1135	9.931800	9.928927	
1136	9.952848	9.902147	
1137	9.942457	9.887016	
1138	9.908469	9.887133	
1139	9.856809	9.901530	
1140	9.791706	9.927148	
1141	9.717200	9.961051	
1142	9.637209	9.999766	
1143	9.554409	10.038213	
1144	9.470365	10.070944	
1145	9.386752	10.094859	
1146	9.304964	10.110270	
1147	9.225520	10.120035	
1148	9.149743	10.129017	
1149	9.080379	10.144325	
1150	9.018583	10.174550	
1151	8.961445	10.226823	
1152	8.903783	10.303107	
1153	8.842187	10.398977	
1154	8.778469	10.506497	
1155	8.720410	10.618452	
1156	8.677474	10.730008	
1157	8.654252	10.837492	
1158	8.648074	10.936865	
1159	8.651729	11.024255	
1160	8.657378	11.097915	
1161	8.658648	11.158582	
1162	8.650956	11.207744	
1163	8.632008	11.246248	
1164	8.602352	11.274290	
1165	8.564483	11.292120	
1166	8.521032	11.300830	
1167	8.473121	11.302605	
1168	8.419930	11.300111	
1169	8.360372	11.295408	
1170	8.295354	11.289161	
1171	8.227783	11.281076	
1172	8.160166	11.270808	
1173	8.092639	11.257469	
1174	8.023417	11.238233	
1175	7.951085	11.208195	
1176	7.876210	11.161667	
1177	7.800655	11.093638	
1178	7.725853	11.000959	
1179	7.651605	10.883839	
1180	7.576442	10.747467	
1181	7.499215	10.602211	
1182	7.419242	10.460958	
1183	7.335056	10.334653	
1184	7.244777	10.228056	
1185	7.147344	10.137101	
1186	7.042880	10.050384	
1187	6.933155	9.955212	
1188	6.821760	9.843126	
1189	6.713176	9.710384	
1190	6.611237	9.554688	
1191	6.517415	9.372875	
1192	6.430566	9.162634	
1193	6.348586	8.926048	
1194	6.269534	8.671185	
1195	6.192076	8.411580	
1196	6.117256	8.164569	
1197	6.049916	7.947479	
1198	5.996919	7.771912	
1199	5.964084	7.639932	
1200	5.954938	7.545447	
1201	5.970885	7.479013	
1202	6.011216	7.431966	
1203	6.072764	7.398086	
1204	6.150581	7.372918	
1205	6.240076	7.352234	
1206	6.339175	7.332098	
1207	6.449009	7.310339	
1208	6.572381	7.286858	
1209	6.711136	7.263110	
1210	6.864078	7.242447	
1211	7.026278	7.229624	
1212	7.191039	7.228551	
1213	7.352972	7.241046	
1214	7.508934	7.267769	
1215	7.657976	7.309559	
1216	7.801326	7.367648	
1217	7.941464	7.442245	
1218	8.081295	7.530683	
1219	8.223899	7.627363	
1220	8.371949	7.724988	
1221	8.527022	7.815850	
1222	8.689573	7.894488	
1223	8.859185	7.957950	
1224	9.033902	7.999728	
1225	9.209771	8.006264	
1226	9.382674	7.963125	
1227	9.551595	7.864098	
1228	9.721231	7.715945	
1229	9.901253	7.536991	
1230	10.101456	7.349942	
1231	10.327620	7.173755	
1232	10.581070	7.020325	
1233	10.859564	6.894993	
1234	11.158620	6.797202	
1235	11.473464	6.721438	
1236	11.800496	6.658858	
1237	12.138287	6.599148	
1238	12.488134	6.532773	
1239	12.853017	6.452395	
1240	13.235376	6.353239	
1241	13.635941	6.233911	
1242	14.054195	6.097317	
1243	14.489483	5.950025	
1244	14.941800	5.798921	
1245	15.411812	5.646991	
1246	15.900950	5.492765	
1247	16.411672	5.333516	
1248	16.947142	5.167652	
1249	17.510800	4.995119	
1250	18.105791	4.817849	
1251	18.733648	4.640423	
1252	19.393197	4.469001	
1253	20.081712	4.308257	
1254	20.797722	4.159428	
1255	21.542851	4.021585	
1256	22.322597	3.895145	
1257	23.145795	3.784468	
1258	24.021127	3.696752	
1259	24.953174	3.638918	
1260	25.941827	3.615299	
1261	26.984077	3.626646	
1262	28.075310	3.672440	
1263	29.209148	3.756372	
1264	30.377134	3.889154	
1265	31.570302	4.085634	
1266	32.781739	4.360005	
1267	34.007215	4.724028	
1268	35.244954	5.188133	
1269	36.495146	5.759129	
1270	37.755156	6.430406	
1271	39.012214	7.170319	
1272	40.242607	7.921687	
1273	41.419814	8.619187	
1274	42.523418	9.211609	
1275	43.542504	9.671870	
1276	44.477043	9.997328	
1277	45.339756	10.209894	
1278	46.153058	10.351986	
1279	46.939060	10.469468	
1280	47.711646	10.589116	
1281	48.477411	10.708933	
1282	49.239827	10.805683	
1283	50.000129	10.850636	
1284	50.755788	10.825897	
1285	51.499270	10.731608	
1286	52.217364	10.573958	
1287	52.890653	10.346744	
1288	53.497292	10.026725	
1289	54.023319	9.581671	
1290	54.469243	8.989372	
1291	54.843934	8.264417	
1292	55.157130	7.470153	
1293	55.423300	6.703280	
1294	55.666285	6.064297	
1295	55.913794	5.627248	
1296	56.187933	5.413363	
1297	56.499591	5.381766	
1298	56.851069	5.455306	
1299	57.239893	5.560925	
1300	57.655308	5.643033	
1301	58.079744	5.659969	
1302	58.497896	5.588511	
1303	58.897142	5.422602	
1304	59.262152	5.162859	
1305	59.575084	4.813888	
1306	59.817882	4.387539	
1307	59.973039	3.903273	
1308	60.021936	3.387636	
1309	59.937893	2.873816	
1310	59.684271	2.397480	
1311	59.231330	1.990733	
1312	58.578700	1.677777	
1313	57.761445	1.469179	
1314	56.838852	1.358041	
1315	55.873781	1.324420	
1316	54.911957	1.339742	
1317	53.973013	1.367205	
1318	53.054649	1.369689	
1319	52.145145	1.326404	
1320	51.238987	1.242637	
1321	50.342415	1.141585	
1322	49.463864	1.046576	
1323	48.603839	0.970562	
1324	47.754845	0.916854	
1325	46.907015	0.884264	
1326	46.052472	0.870952	
1327	45.186388	0.874916	
1328	44.306515	0.893022	
1329	43.412639	0.921007	
1330	42.505909	0.954151	
1331	41.588104	0.987693	
1332	40.661068	1.016890	
1333	39.726332	1.036873	
1334	38.784865	1.042423	
1335	37.836948	1.027802	
1336	36.882147	0.986720	
1337	35.919391	0.912585	
1338	34.947180	0.799112	
1339	33.963992	0.641407	
1340	32.968911	0.437618	
1341	31.962666	0.191255	
1342	30.948322	-0.086362	
1343	29.929858	-0.375742	
1344	28.908732	-0.651995	
1345	27.880538	-0.889424	
1346	26.835551	-1.067356	
1347	25.764910	-1.175451	
1348	24.666278	-1.215315	
1349	23.543330	-1.198954	
1350	22.401942	-1.145753	
1351	21.248620	-1.078553	
1352	20.091710	-1.019255	
1353	18.940930	-0.984272	
1354	17.804762	-0.981786	
1355	16.690611	-1.010720	
1356	15.606981	-1.060341	
1357	14.561927	-1.113722	
1358	13.557556	-1.154546	
1359	12.586908	-1.173386	
1360	11.638103	-1.172432	
1361	10.701548	-1.160238	
1362	9.771027	-1.138124	
1363	8.839339	-1.101419	
1364	7.898188	-1.052225	
1365	6.943545	-0.996351	
1366	5.978361	-0.929734	
1367	5.010448	-0.836475	
1368	4.049772	-0.698182	
1369	3.107084	-0.502293	
1370	2.192899	-0.243544	
1371	1.314901	0.077924	
1372	0.474387	0.456904	
1373	-0.334395	0.884110	
1374	-1.119752	1.348496	
1375	-1.885210	1.833485	
1376	-2.626548	2.310222	
1377	-3.336379	2.742555	
1378	-4.007434	3.101083	
1379	-4.627227	3.372082	
1380	-5.171812	3.560168	
1381	-5.611709	3.685428	
1382	-5.925885	3.772808	
1383	-6.105678	3.842616	
1384	-6.148541	3.910011	
1385	-6.054088	3.990122	
1386	-5.824256	4.101185	
1387	-5.466892	4.260442	
1388	-4.997783	4.481234	
1389	-4.434729	4.780409	
1390	-3.794592	5.181281	
1391	-3.101758	5.694715	
1392	-2.392573	6.294315	
1393	-1.705967	6.915312	
1394	-1.072684	7.477685	
1395	-0.509741	7.911661	
1396	-0.018576	8.171718	
1397	0.409199	8.242416	
1398	0.781652	8.142119	
1399	1.103056	7.920341	
1400	1.378305	7.645924	
1401	1.617480	7.394304	
1402	1.834473	7.239039	
1403	2.039413	7.238568	
1404	2.233338	7.414098	
1405	2.413273	7.741191	
1406	2.582113	8.170090	
1407	2.752702	8.651010	
1408	2.945141	9.142498	
1409	3.181203	9.610538	
1410	3.477581	10.030967	
1411	3.840774	10.394948	
1412	4.265998	10.709706	
1413	4.738909	10.992523	
1414	5.239168	11.262938	
1415	5.745711	11.535945	
1416	6.240712	11.817963	
1417	6.709575	12.106403	
1418	7.139300	12.390708	
1419	7.518692	12.654042	
1420	7.839943	12.875946	
1421	8.101386	13.035309	
1422	8.310497	13.115304	
1423	8.480661	13.112496	
1424	8.623674	13.041739	
1425	8.748995	12.927486	
1426	8.867188	12.792550	
1427	8.988271	12.657261	
1428	9.116243	12.543429	
1429	9.245244	12.474493	
1430	9.361473	12.470648	
1431	9.451094	12.541715	
1432	9.508169	12.681806	
1433	9.536828	12.869774	
1434	9.546519	13.077595	
1435	9.545667	13.280357	
1436	9.540498	13.458632	
1437	9.536188	13.596263	
1438	9.535203	13.681573	
1439	9.535594	13.710321	
1440	9.532249	13.685110	
1441	9.519305	13.612170	
1442	9.491419	13.500116	
1443	9.443930	13.360959	
1444	9.373882	13.208814	
1445	9.282756	13.056089	
1446	9.178585	12.910680	
1447	9.074168	12.774964	
1448	8.981221	12.647311	
1449	8.905430	12.525380	
1450	8.846533	12.407045	
1451	8.801282	12.289342	
1452	8.765385	12.169887	
1453	8.734844	12.049528	
1454	8.708179	11.932772	
1455	8.687777	11.828225	
1456	8.679047	11.749669	
1457	8.689515	11.716314	
1458	8.729583	11.754004	
1459	8.814534	11.895100	
1460	8.967766	12.172785	
1461	9.223855	12.612401	
1462	9.630487	13.224554	
1463	10.252795	13.998766	
1464	11.183538	14.897707	
1465	12.555199	15.863144	
1466	14.545426	16.833124	
1467	17.376233	17.746677	
1468	21.309110	18.526187	
1469	26.618443	19.061488	
1470	33.531945	19.242572	
1471	42.223253	19.067113	
1472	53.053175	18.720391	
1473	67.105945	18.481165	
1474	87.165609	18.937651	
1475	123.457302	36.867657	
1476	146.470336	55.421102	
1477	175.179691	-108.162348	
1478	-145.269565	-66.039321	
1479	-102.570330	-57.777033	
1480	-80.437928	-53.446543	
1481	-67.521431	-49.697846	
1482	-56.751692	-45.518711	
1483	-44.403617	-40.540562	
1484	-26.655924	-35.143503	
1485	2.332096	-32.293179	
1486	32.846613	-43.094887	
1487	33.188025	-62.145916	
1488	22.976438	-70.941271	
1489	9.696065	-76.016018	
1490	-6.531007	-79.920191	
1491	-22.399512	-79.352313	
1492	-39.028959	-68.506912	
1493	142.597401	-26.131239	
1494	-55.090804	105.750438	
1495	-59.787677	121.589635	
1496	-67.039995	129.649101	
1497	-72.362546	130.305921	
1498	-78.256419	127.832363	
1499	-86.277846	123.526690	
1500	-97.752553	117.999500	
1501	-113.242279	112.028559	
1502	-131.178703	106.283002	
1503	-148.544163	99.647917	
1504	-163.410611	85.452327	
1505	-175.485158	16.702059	
1506	174.769772	-173.911190	
1507	166.786061	147.359813	
1508	160.109892	132.411946	
1509	154.434783	121.495270	
1510	149.626353	112.480537	
1511	145.745621	106.645227	
1512	142.901426	105.346617	
1513	140.991055	108.206988	
1514	139.719831	113.745673	
1515	138.790758	120.597438	
1516	137.983781	127.889083	
1517	137.140535	135.136292	
1518	136.132006	142.083045	
1519	134.835119	148.595643	
1520	133.123774	154.593560	
1521	NaN	NaN	
1522	NaN	NaN	
1523	NaN	NaN	
1524	NaN	NaN	
1525	NaN	NaN	
1526	NaN	NaN	
1527	NaN	NaN	
1528	NaN	NaN	
1529	NaN	NaN	
1530	NaN	NaN	
1531	NaN	NaN	
1532	NaN	NaN	
1533	NaN	NaN	
1534	NaN	NaN	
1535	NaN	NaN	
1536	NaN	NaN	
1537	NaN	NaN	
1538	NaN	NaN	
1539	NaN	NaN	
1540	NaN	NaN	
1541	NaN	NaN	
1542	NaN	NaN	
1543	NaN	NaN	
1544	NaN	NaN	
1545	NaN	NaN	
1546	NaN	NaN	
1547	NaN	NaN	
1548	NaN	NaN	
1549	NaN	NaN	
1550	NaN	NaN	
1551	NaN	NaN	
1552	NaN	NaN	
1553	NaN	NaN	
1554	NaN	NaN	
1555	NaN	NaN	
1556	NaN	NaN	
1557	NaN	NaN	
1558	NaN	NaN	
1559	NaN	NaN	
1560	NaN	NaN	
1561	NaN	NaN	
1562	NaN	NaN	
1563	NaN	NaN	
1564	NaN	NaN	
1565	NaN	NaN	
1566	NaN	NaN	
1567	NaN	NaN	
1568	NaN	NaN	
1569	NaN	NaN	
1570	NaN	NaN	
1571	NaN	NaN	
1572	NaN	NaN	
1573	NaN	NaN	
1574	NaN	NaN	
1575	NaN	NaN	
1576	NaN	NaN	
1577	NaN	NaN	
1578	NaN	NaN	
1579	NaN	NaN	
1580	NaN	NaN	
1581	NaN	NaN	
1582	NaN	NaN	
1583	NaN	NaN	
1584	NaN	NaN	
1585	NaN	NaN	
1586	NaN	NaN	
1587	NaN	NaN	
1588	NaN	NaN	
1589	NaN	NaN	
1590	NaN	NaN	
1591	NaN	NaN	
1592	NaN	NaN	
1593	NaN	NaN	
1594	NaN	NaN	
1595	NaN	NaN	
