Athlete_Engineering	// User ID
11-2-2021	// Evaluation date
P003_WALK2	23-1-2021	14:56:19:587	// Source file name and timestamp
250.000	// Sampling rate
5.716	// Data capture period



Sample #	Right_Leg_Flexion	Right_Leg_Abduction	
0	-4.772189	1.533535	
1	-4.767453	1.532242	
2	-9.943926	0.629568	
3	-9.959510	0.639788	
4	-9.980120	0.654245	
5	-10.001394	0.672465	
6	-10.018064	0.691495	
7	-10.027077	0.706960	
8	NaN	NaN	
9	NaN	NaN	
10	NaN	NaN	
11	NaN	NaN	
12	NaN	NaN	
13	NaN	NaN	
14	NaN	NaN	
15	NaN	NaN	
16	NaN	NaN	
17	NaN	NaN	
18	NaN	NaN	
19	NaN	NaN	
20	NaN	NaN	
21	NaN	NaN	
22	NaN	NaN	
23	NaN	NaN	
24	NaN	NaN	
25	NaN	NaN	
26	NaN	NaN	
27	NaN	NaN	
28	NaN	NaN	
29	NaN	NaN	
30	NaN	NaN	
31	NaN	NaN	
32	NaN	NaN	
33	NaN	NaN	
34	NaN	NaN	
35	NaN	NaN	
36	NaN	NaN	
37	NaN	NaN	
38	NaN	NaN	
39	NaN	NaN	
40	NaN	NaN	
41	NaN	NaN	
42	NaN	NaN	
43	NaN	NaN	
44	NaN	NaN	
45	NaN	NaN	
46	NaN	NaN	
47	NaN	NaN	
48	NaN	NaN	
49	NaN	NaN	
50	NaN	NaN	
51	NaN	NaN	
52	NaN	NaN	
53	NaN	NaN	
54	NaN	NaN	
55	NaN	NaN	
56	NaN	NaN	
57	NaN	NaN	
58	NaN	NaN	
59	NaN	NaN	
60	NaN	NaN	
61	NaN	NaN	
62	NaN	NaN	
63	NaN	NaN	
64	NaN	NaN	
65	NaN	NaN	
66	NaN	NaN	
67	NaN	NaN	
68	NaN	NaN	
69	NaN	NaN	
70	NaN	NaN	
71	NaN	NaN	
72	NaN	NaN	
73	NaN	NaN	
74	NaN	NaN	
75	NaN	NaN	
76	NaN	NaN	
77	NaN	NaN	
78	NaN	NaN	
79	NaN	NaN	
80	NaN	NaN	
81	NaN	NaN	
82	NaN	NaN	
83	NaN	NaN	
84	NaN	NaN	
85	NaN	NaN	
86	NaN	NaN	
87	NaN	NaN	
88	NaN	NaN	
89	NaN	NaN	
90	NaN	NaN	
91	NaN	NaN	
92	NaN	NaN	
93	NaN	NaN	
94	NaN	NaN	
95	NaN	NaN	
96	NaN	NaN	
97	NaN	NaN	
98	NaN	NaN	
99	NaN	NaN	
100	NaN	NaN	
101	NaN	NaN	
102	NaN	NaN	
103	NaN	NaN	
104	NaN	NaN	
105	NaN	NaN	
106	NaN	NaN	
107	NaN	NaN	
108	NaN	NaN	
109	NaN	NaN	
110	NaN	NaN	
111	NaN	NaN	
112	NaN	NaN	
113	NaN	NaN	
114	NaN	NaN	
115	NaN	NaN	
116	NaN	NaN	
117	NaN	NaN	
118	NaN	NaN	
119	NaN	NaN	
120	NaN	NaN	
121	NaN	NaN	
122	NaN	NaN	
123	NaN	NaN	
124	NaN	NaN	
125	NaN	NaN	
126	NaN	NaN	
127	NaN	NaN	
128	NaN	NaN	
129	NaN	NaN	
130	NaN	NaN	
131	NaN	NaN	
132	NaN	NaN	
133	NaN	NaN	
134	NaN	NaN	
135	NaN	NaN	
136	NaN	NaN	
137	NaN	NaN	
138	NaN	NaN	
139	NaN	NaN	
140	NaN	NaN	
141	NaN	NaN	
142	NaN	NaN	
143	NaN	NaN	
144	NaN	NaN	
145	NaN	NaN	
146	NaN	NaN	
147	NaN	NaN	
148	NaN	NaN	
149	NaN	NaN	
150	NaN	NaN	
151	NaN	NaN	
152	NaN	NaN	
153	NaN	NaN	
154	NaN	NaN	
155	NaN	NaN	
156	NaN	NaN	
157	NaN	NaN	
158	NaN	NaN	
159	NaN	NaN	
160	NaN	NaN	
161	NaN	NaN	
162	NaN	NaN	
163	NaN	NaN	
164	NaN	NaN	
165	NaN	NaN	
166	NaN	NaN	
167	NaN	NaN	
168	NaN	NaN	
169	NaN	NaN	
170	NaN	NaN	
171	NaN	NaN	
172	NaN	NaN	
173	NaN	NaN	
174	NaN	NaN	
175	NaN	NaN	
176	NaN	NaN	
177	NaN	NaN	
178	NaN	NaN	
179	NaN	NaN	
180	NaN	NaN	
181	NaN	NaN	
182	NaN	NaN	
183	NaN	NaN	
184	NaN	NaN	
185	NaN	NaN	
186	NaN	NaN	
187	NaN	NaN	
188	NaN	NaN	
189	NaN	NaN	
190	NaN	NaN	
191	NaN	NaN	
192	NaN	NaN	
193	NaN	NaN	
194	NaN	NaN	
195	NaN	NaN	
196	NaN	NaN	
197	NaN	NaN	
198	NaN	NaN	
199	NaN	NaN	
200	NaN	NaN	
201	NaN	NaN	
202	NaN	NaN	
203	NaN	NaN	
204	NaN	NaN	
205	NaN	NaN	
206	NaN	NaN	
207	NaN	NaN	
208	NaN	NaN	
209	NaN	NaN	
210	NaN	NaN	
211	NaN	NaN	
212	NaN	NaN	
213	NaN	NaN	
214	NaN	NaN	
215	NaN	NaN	
216	NaN	NaN	
217	NaN	NaN	
218	NaN	NaN	
219	NaN	NaN	
220	NaN	NaN	
221	NaN	NaN	
222	NaN	NaN	
223	NaN	NaN	
224	NaN	NaN	
225	NaN	NaN	
226	NaN	NaN	
227	NaN	NaN	
228	NaN	NaN	
229	NaN	NaN	
230	NaN	NaN	
231	NaN	NaN	
232	NaN	NaN	
233	NaN	NaN	
234	NaN	NaN	
235	NaN	NaN	
236	NaN	NaN	
237	NaN	NaN	
238	NaN	NaN	
239	NaN	NaN	
240	NaN	NaN	
241	NaN	NaN	
242	NaN	NaN	
243	NaN	NaN	
244	NaN	NaN	
245	NaN	NaN	
246	NaN	NaN	
247	NaN	NaN	
248	NaN	NaN	
249	NaN	NaN	
250	NaN	NaN	
251	NaN	NaN	
252	NaN	NaN	
253	NaN	NaN	
254	NaN	NaN	
255	NaN	NaN	
256	NaN	NaN	
257	NaN	NaN	
258	NaN	NaN	
259	12.456289	-22.259640	
260	11.938273	-20.569186	
261	11.152877	-18.637534	
262	10.230119	-16.652414	
263	9.360401	-14.846916	
264	8.699333	-13.379413	
265	8.323804	-12.285088	
266	8.242731	-11.505834	
267	8.423403	-10.939858	
268	8.807575	-10.470978	
269	9.312075	-9.971838	
270	9.818350	-9.290466	
271	10.177815	-8.247000	
272	10.271965	-6.692883	
273	10.095671	-4.644096	
274	9.757393	-2.345049	
275	9.395957	-0.145664	
276	9.102978	1.676486	
277	8.896789	3.008741	
278	8.765512	3.901850	
279	8.717708	4.511152	
280	8.785224	5.001705	
281	8.999971	5.450942	
282	9.354379	5.824441	
283	9.781204	6.042392	
284	10.194117	6.066663	
285	10.531820	5.949035	
286	10.749002	5.818419	
287	10.801303	5.801715	
288	10.667994	5.937282	
289	10.373610	6.168839	
290	9.974615	6.410155	
291	9.536116	6.605760	
292	9.119668	6.749356	
293	8.766516	6.860659	
294	8.481626	6.953258	
295	8.244886	7.028873	
296	8.034159	7.085511	
297	7.832191	7.118127	
298	7.624070	7.118057	
299	7.396130	7.074879	
300	7.133973	6.975124	
301	6.820703	6.801186	
302	6.442564	6.540533	
303	6.000553	6.198484	
304	5.513115	5.797558	
305	5.005243	5.366684	
306	4.497463	4.932878	
307	4.002859	4.517935	
308	3.527799	4.138957	
309	3.072393	3.809278	
310	2.631368	3.536183	
311	2.196677	3.318790	
312	1.761161	3.150584	
313	1.320954	3.023898	
314	0.874885	2.931867	
315	0.422813	2.867479	
316	-0.034646	2.822211	
317	-0.496993	2.787999	
318	-0.966169	2.761486	
319	-1.446730	2.742672	
320	-1.943554	2.728012	
321	-2.459957	2.708291	
322	-2.996911	2.674016	
323	-3.553411	2.620630	
324	-4.127464	2.548902	
325	-4.716764	2.464140	
326	-5.318898	2.375519	
327	-5.930490	2.290214	
328	-6.545873	2.206116	
329	-7.157784	2.112823	
330	-7.759875	1.998099	
331	-8.348328	1.853742	
332	-8.922153	1.679918	
333	-9.482732	1.485677	
334	-10.032023	1.284777	
335	-10.570764	1.089403	
336	-11.098829	0.905299	
337	-11.615348	0.730472	
338	-12.116736	0.557641	
339	-12.596639	0.379347	
340	-13.049785	0.192807	
341	-13.475513	0.001554	
342	-13.877906	-0.186561	
343	-14.263400	-0.362538	
344	-14.637354	-0.518019	
345	-15.001557	-0.646925	
346	-15.354745	-0.748384	
347	-15.695637	-0.826577	
348	-16.025499	-0.885440	
349	-16.347808	-0.925081	
350	-16.665658	-0.942942	
351	-16.979636	-0.935521	
352	-17.288262	-0.900268	
353	-17.589730	-0.838570	
354	-17.881843	-0.756770	
355	-18.160504	-0.664008	
356	-18.419811	-0.569588	
357	-18.654258	-0.482196	
358	-18.860854	-0.410386	
359	-19.039809	-0.361551	
360	-19.193992	-0.339464	
361	-19.327242	-0.343853	
362	-19.442108	-0.371666	
363	-19.538896	-0.417758	
364	-19.616721	-0.475794	
365	-19.674938	-0.539188	
366	-19.712872	-0.601874	
367	-19.727054	-0.658422	
368	-19.708721	-0.702152	
369	-19.645971	-0.725813	
370	-19.529430	-0.727140	
371	-19.355742	-0.710661	
372	-19.127420	-0.681581	
373	-18.851769	-0.640247	
374	-18.539906	-0.583714	
375	-18.205365	-0.511054	
376	-17.862567	-0.426545	
377	-17.526225	-0.337523	
378	-17.210994	-0.248601	
379	-16.930011	-0.159505	
380	-16.693438	-0.069132	
381	-16.508217	0.020859	
382	-16.378996	0.107055	
383	-16.309158	0.185736	
384	-16.299905	0.253771	
385	-16.347447	0.313350	
386	-16.441333	0.376687	
387	-16.566598	0.462580	
388	-16.707879	0.587354	
389	-16.850934	0.757037	
390	-16.982217	0.964596	
391	-17.090476	1.193713	
392	-17.168603	1.424533	
393	-17.213202	1.637540	
394	-17.223505	1.818750	
395	-17.199709	1.965659	
396	-17.140720	2.086230	
397	-17.042803	2.189885	
398	-16.899321	2.281966	
399	-16.702776	2.367627	
400	-16.449362	2.455661	
401	-16.141852	2.556032	
402	-15.788204	2.676053	
403	-15.399005	2.818664	
404	-14.986369	2.981995	
405	-14.562440	3.159654	
406	-14.137579	3.342705	
407	-13.720439	3.524193	
408	-13.318393	3.702533	
409	-12.936998	3.880710	
410	-12.579961	4.064666	
411	-12.249275	4.261871	
412	-11.945172	4.477881	
413	-11.666915	4.714009	
414	-11.413984	4.968892	
415	-11.185959	5.240097	
416	-10.980393	5.522045	
417	-10.791534	5.803366	
418	-10.612870	6.068650	
419	-10.440957	6.303160	
420	-10.276690	6.496773	
421	-10.124819	6.646165	
422	-9.993861	6.754112	
423	-9.894776	6.826327	
424	-9.836665	6.868911	
425	-9.822336	6.888488	
426	-9.846858	6.893616	
427	-9.899452	6.892833	
428	-9.967003	6.890167	
429	-10.036489	6.885643	
430	-10.095662	6.880346	
431	-10.133835	6.878623	
432	-10.143513	6.885035	
433	-10.121878	6.899766	
434	-10.072227	6.918075	
435	-10.004266	6.934385	
436	-9.930734	6.945698	
437	-9.863866	6.952452	
438	-9.816088	6.959766	
439	-9.801109	6.977877	
440	-9.830196	7.016855	
441	-9.905533	7.079307	
442	-10.018104	7.161218	
443	-10.152648	7.259617	
444	-10.294502	7.376133	
445	-10.433793	7.514624	
446	-10.564700	7.679791	
447	-10.682555	7.878643	
448	-10.784823	8.120155	
449	-10.874138	8.411151	
450	-10.958023	8.752075	
451	-11.045783	9.134387	
452	-11.145765	9.535267	
453	-11.262978	9.913957	
454	-11.394670	10.224731	
455	-11.525989	10.439876	
456	-11.632625	10.560575	
457	-11.693981	10.609725	
458	-11.707789	10.613935	
459	-11.690012	10.593193	
460	-11.659516	10.568490	
461	-11.624610	10.564790	
462	-11.584485	10.593363	
463	-11.540725	10.643603	
464	-11.499228	10.701306	
465	-11.459023	10.761773	
466	-11.407903	10.823649	
467	-11.328365	10.882358	
468	-11.203590	10.931078	
469	-11.023179	10.963524	
470	-10.788710	10.975233	
471	-10.518979	10.962190	
472	-10.251394	10.918873	
473	-10.030151	10.838905	
474	-9.889500	10.715565	
475	-9.847287	10.541668	
476	-9.901955	10.313839	
477	-10.029111	10.041653	
478	-10.190722	9.753625	
479	-10.354389	9.489890	
480	-10.503700	9.284150	
481	-10.633812	9.149605	
482	-10.742601	9.077326	
483	-10.827264	9.044802	
484	-10.885969	9.027181	
485	-10.919292	9.004340	
486	-10.930051	8.962888	
487	-10.922723	8.896344	
488	-10.902702	8.804907	
489	-10.875332	8.694186	
490	-10.845171	8.573586	
491	-10.815451	8.454771	
492	-10.787915	8.349247	
493	-10.763632	8.265212	
494	-10.743731	8.205558	
495	-10.729527	8.168268	
496	-10.722387	8.146773	
497	-10.722634	8.130350	
498	-10.728449	8.108776	
499	-10.736984	8.078963	
500	-10.747518	8.049863	
501	-10.763234	8.042477	
502	-10.788060	8.076370	
503	-10.821681	8.153272	
504	-10.859654	8.260409	
505	-10.897369	8.384696	
506	-10.931970	8.518336	
507	-10.961687	8.657375	
508	-10.984993	8.799537	
509	-11.000308	8.942113	
510	-11.005752	9.080825	
511	-10.999060	9.211023	
512	-10.977983	9.329719	
513	-10.940766	9.436307	
514	-10.886006	9.532180	
515	-10.812330	9.619533	
516	-10.718786	9.699526	
517	-10.605537	9.771554	
518	-10.473813	9.834690	
519	-10.324890	9.889333	
520	-10.158972	9.937007	
521	-9.975139	9.979779	
522	-9.772289	10.020453	
523	-9.550045	10.061787	
524	-9.309029	10.104586	
525	-9.050642	10.147580	
526	-8.776534	10.189137	
527	-8.487723	10.227385	
528	-8.183970	10.259136	
529	-7.863935	10.280439	
530	-7.525558	10.287686	
531	-7.166657	10.277927	
532	-6.785848	10.249258	
533	-6.382676	10.201664	
534	-5.957208	10.137848	
535	-5.510508	10.063277	
536	-5.045265	9.985153	
537	-4.565820	9.911039	
538	-4.078052	9.848082	
539	-3.587899	9.802914	
540	-3.098523	9.781092	
541	-2.609239	9.785442	
542	-2.116407	9.814419	
543	-1.614348	9.862048	
544	-1.097109	9.919491	
545	-0.560960	9.977411	
546	-0.005542	10.027961	
547	0.566942	10.065877	
548	1.153465	10.089027	
549	1.751530	10.097438	
550	2.359326	10.090537	
551	2.975190	10.066566	
552	3.597529	10.025523	
553	4.225916	9.970533	
554	4.862339	9.906134	
555	5.511044	9.837056	
556	6.177345	9.767367	
557	6.866676	9.699241	
558	7.584330	9.632905	
559	8.335575	9.566852	
560	9.125144	9.497581	
561	9.956016	9.420080	
562	10.828350	9.328325	
563	11.739161	9.215288	
564	12.683480	9.073674	
565	13.657215	8.896745	
566	14.659248	8.678056	
567	15.690420	8.412456	
568	16.750770	8.099666	
569	17.838098	7.746284	
570	18.948963	7.362961	
571	20.080586	6.960890	
572	21.231550	6.551331	
573	22.400165	6.143498	
574	23.581515	5.740040	
575	24.766519	5.337271	
576	25.944101	4.929541	
577	27.104193	4.510802	
578	28.240728	4.072978	
579	29.353593	3.606530	
580	30.447805	3.105749	
581	31.530028	2.575534	
582	32.603732	2.035098	
583	33.665504	1.517066	
584	34.703859	1.065757	
585	35.699642	0.734839	
586	36.630951	0.573922	
587	37.482846	0.608208	
588	38.253585	0.830056	
589	38.956690	1.198352	
590	39.619639	1.640963	
591	40.272276	2.074685	
592	40.931210	2.430790	
593	41.593412	2.665133	
594	42.240872	2.759112	
595	42.849773	2.716925	
596	43.397483	2.559177	
597	43.868296	2.317214	
598	44.258333	2.028807	
599	44.573650	1.733845	
600	44.821223	1.467427	
601	45.002842	1.251788	
602	45.118435	1.095050	
603	45.170998	0.995372	
604	45.164733	0.943028	
605	45.099510	0.920706	
606	44.968158	0.905371	
607	44.759929	0.872991	
608	44.470288	0.806240	
609	44.111143	0.702768	
610	43.709724	0.576447	
611	43.294718	0.447485	
612	42.884808	0.331190	
613	42.488150	0.235662	
614	42.106080	0.166201	
615	41.735204	0.129888	
616	41.370189	0.135068	
617	41.007339	0.185968	
618	40.642610	0.279506	
619	40.265647	0.407907	
620	39.859941	0.564976	
621	39.409209	0.748978	
622	38.901257	0.955792	
623	38.325974	1.173513	
624	37.672710	1.390045	
625	36.933149	1.601314	
626	36.106938	1.809536	
627	35.202187	2.017415	
628	34.230499	2.223883	
629	33.202675	2.422696	
630	32.127430	2.603037	
631	31.012051	2.751189	
632	29.863209	2.854426	
633	28.686425	2.905832	
634	27.485712	2.905879	
635	26.264554	2.860227	
636	25.026752	2.777298	
637	23.776243	2.666672	
638	22.516142	2.536199	
639	21.248090	2.388779	
640	19.972393	2.222327	
641	18.688286	2.033189	
642	17.394120	1.820901	
643	16.086972	1.592036	
644	14.762332	1.360066	
645	13.415610	1.140729	
646	12.044105	0.946461	
647	10.647793	0.782721	
648	9.229107	0.647539	
649	7.791712	0.534484	
650	6.339617	0.435521	
651	4.877705	0.342240	
652	3.412038	0.247372	
653	1.949380	0.145516	
654	0.496422	0.032880	
655	-0.941550	-0.091481	
656	-2.361097	-0.224134	
657	-3.759512	-0.358922	
658	-5.134296	-0.490797	
659	-6.483101	-0.617817	
660	-7.802839	-0.740294	
661	-9.089402	-0.858375	
662	-10.338935	-0.969634	
663	-11.548800	-1.069240	
664	-12.717770	-1.152064	
665	-13.846449	-1.212682	
666	-14.936775	-1.244839	
667	-15.989758	-1.244348	
668	-17.003170	-1.212231	
669	-17.970786	-1.154119	
670	-18.883741	-1.079098	
671	-19.732688	-1.001444	
672	-20.508058	-0.941305	
673	-21.198558	-0.919066	
674	-21.791473	-0.945849	
675	-22.275640	-1.019035	
676	-22.643399	-1.128465	
677	-22.889925	-1.265474	
678	-23.012780	-1.422106	
679	-23.012658	-1.583942	
680	-22.893832	-1.729442	
681	-22.664156	-1.837812	
682	-22.334161	-1.897395	
683	-21.915707	-1.906518	
684	-21.422727	-1.866760	
685	-20.872594	-1.779193	
686	-20.285412	-1.647870	
687	-19.682925	-1.482705	
688	-19.087556	-1.300228	
689	-18.520493	-1.123301	
690	-18.000486	-0.974744	
691	-17.543050	-0.869888	
692	-17.157530	-0.817208	
693	-16.844537	-0.820214	
694	-16.597630	-0.872073	
695	-16.406546	-0.951492	
696	-16.258630	-1.028571	
697	-16.140395	-1.074955	
698	-16.040013	-1.071249	
699	-15.947808	-1.011205	
700	-15.853881	-0.904109	
701	-15.746354	-0.772977	
702	-15.613101	-0.642988	
703	-15.444668	-0.525412	
704	-15.234507	-0.413318	
705	-14.976812	-0.293005	
706	-14.666254	-0.155189	
707	-14.300487	0.004102	
708	-13.881226	0.186897	
709	-13.413684	0.397868	
710	-12.906662	0.646825	
711	-12.371546	0.944195	
712	-11.820082	1.295962	
713	-11.263942	1.703310	
714	-10.716101	2.165272	
715	-10.190900	2.680752	
716	-9.701072	3.242952	
717	-9.254277	3.830901	
718	-8.852947	4.411882	
719	-8.497207	4.952585	
720	-8.187381	5.427652	
721	-7.924573	5.823696	
722	-7.710562	6.140365	
723	-7.547583	6.387365	
724	-7.436833	6.576614	
725	-7.376176	6.712901	
726	-7.359814	6.792579	
727	-7.379750	6.813219	
728	-7.426714	6.782157	
729	-7.491995	6.714594	
730	-7.570644	6.626231	
731	-7.662145	6.528557	
732	-7.767676	6.428636	
733	-7.886947	6.330896	
734	-8.016802	6.239172	
735	-8.151997	6.158044	
736	-8.286721	6.092662	
737	-8.415587	6.049348	
738	-8.534828	6.036202	
739	-8.643418	6.058718	
740	-8.742643	6.114147	
741	-8.834705	6.192513	
742	-8.921775	6.281613	
743	-9.005834	6.370431	
744	-9.088886	6.451478	
745	-9.172266	6.521984	
746	-9.255228	6.582531	
747	-9.334928	6.634643	
748	-9.408154	6.679236	
749	-9.473253	6.715981	
750	-9.530890	6.743413	
751	-9.583451	6.760200	
752	-9.634100	6.766883	
753	-9.685801	6.766214	
754	-9.740584	6.762372	
755	-9.799903	6.760353	
756	-9.864842	6.764821	
757	-9.934817	6.778710	
758	-10.006899	6.803820	
759	-10.077401	6.842553	
760	-10.143970	6.898389	
761	-10.206564	6.974990	
762	-10.266468	7.074822	
763	-10.323269	7.198583	
764	-10.373335	7.344913	
765	-10.412072	7.509324	
766	-10.436334	7.683520	
767	-10.444530	7.854745	
768	-10.436499	8.005297	
769	-10.413678	8.114179	
770	-10.378550	8.159604	
771	-10.332814	8.121213	
772	-10.274769	7.982868	
773	-10.199262	7.736253	
774	-10.101322	7.386887	
775	-9.980141	6.961800	
776	-9.841126	6.509626	
777	-9.696122	6.087934	
778	-9.562006	5.750120	
779	-9.456056	5.538106	
780	-9.387026	5.466273	
781	-9.349582	5.508430	
782	-9.331252	5.620222	
783	-9.322690	5.773063	
784	-9.318441	5.956592	
785	-9.313288	6.162935	
786	-9.301740	6.380665	
787	-9.278961	6.597034	
788	-9.241181	6.799467	
789	-9.186503	6.976589	
790	-9.116674	7.121463	
791	-9.037866	7.235018	
792	-8.958262	7.325209	
793	-8.884524	7.401775	
794	-8.820825	7.471368	
795	-8.770311	7.536137	
796	-8.735553	7.594369	
797	-8.716893	7.641709	
798	-8.710894	7.672619	
799	-8.710790	7.681847	
800	-8.709725	7.667668	
801	-8.704396	7.635817	
802	-8.695665	7.599156	
803	-8.686533	7.573285	
804	-8.679554	7.572159	
805	-8.674940	7.604565	
806	-8.670343	7.671187	
807	-8.662471	7.764034	
808	-8.649286	7.869963	
809	-8.631213	7.976494	
810	-8.610667	8.076777	
811	-8.590238	8.171232	
812	-8.570870	8.266408	
813	-8.551371	8.373356	
814	-8.529180	8.503486	
815	-8.501162	8.660938	
816	-8.463940	8.836926	
817	-8.414581	9.012578	
818	-8.351061	9.169608	
819	-8.271570	9.298608	
820	-8.174470	9.399096	
821	-8.059802	9.475523	
822	-7.929946	9.533580	
823	-7.788275	9.579355	
824	-7.636829	9.620368	
825	-7.474433	9.663507	
826	-7.297134	9.709982	
827	-7.100947	9.753716	
828	-6.883321	9.785757	
829	-6.643215	9.799336	
830	-6.382164	9.790732	
831	-6.103995	9.758164	
832	-5.812177	9.702577	
833	-5.507947	9.629359	
834	-5.190196	9.546618	
835	-4.856431	9.460335	
836	-4.504466	9.372826	
837	-4.133342	9.285878	
838	-3.742373	9.202762	
839	-3.330438	9.127615	
840	-2.897263	9.065543	
841	-2.444695	9.021950	
842	-1.976016	8.998700	
843	-1.494160	8.992368	
844	-1.001248	8.998304	
845	-0.499233	9.014902	
846	0.010441	9.042925	
847	0.527559	9.082669	
848	1.053022	9.132683	
849	1.588665	9.189933	
850	2.137231	9.251114	
851	2.701932	9.314698	
852	3.285544	9.380830	
853	3.889697	9.448313	
854	4.515454	9.512987	
855	5.164620	9.569861	
856	5.840126	9.615437	
857	6.545906	9.647715	
858	7.286659	9.665352	
859	8.065639	9.666795	
860	8.881357	9.649272	
861	9.727783	9.608800	
862	10.598471	9.541254	
863	11.489540	9.442998	
864	12.399747	9.311097	
865	13.330082	9.143620	
866	14.283501	8.939629	
867	15.264272	8.698988	
868	16.276974	8.422878	
869	17.324426	8.113998	
870	18.405250	7.775199	
871	19.513676	7.408803	
872	20.641514	7.017365	
873	21.780210	6.604354	
874	22.922470	6.175397	
875	24.063080	5.738894	
876	25.197727	5.304417	
877	26.321029	4.882285	
878	27.425920	4.486707	
879	28.503824	4.136992	
880	29.545826	3.849625	
881	30.545732	3.627090	
882	31.502089	3.457095	
883	32.417073	3.321010	
884	33.294470	3.199460	
885	34.138621	3.073215	
886	34.953881	2.924442	
887	35.743980	2.738967	
888	36.510866	2.507994	
889	37.253235	2.228346	
890	37.965815	1.900925	
891	38.639948	1.528984	
892	39.265736	1.117823	
893	39.834787	0.674840	
894	40.342043	0.209091	
895	40.786273	-0.268126	
896	41.169051	-0.741820	
897	41.493029	-1.192853	
898	41.760819	-1.598867	
899	41.974552	-1.937836	
900	42.136622	-2.193878	
901	42.251165	-2.359276	
902	42.324255	-2.431093	
903	42.363419	-2.408732	
904	42.377403	-2.294738	
905	42.373964	-2.095890	
906	42.355402	-1.823439	
907	42.316920	-1.492820	
908	42.250617	-1.122731	
909	42.149456	-0.733413	
910	42.006514	-0.344361	
911	41.813677	0.027495	
912	41.563283	0.368221	
913	41.249178	0.667234	
914	40.864917	0.919771	
915	40.402515	1.129764	
916	39.854534	1.308499	
917	39.217815	1.468059	
918	38.495732	1.615562	
919	37.697867	1.754177	
920	36.838608	1.886937	
921	35.936743	2.016995	
922	35.013861	2.145195	
923	34.089085	2.267599	
924	33.174951	2.373815	
925	32.277546	2.447241	
926	31.397130	2.469678	
927	30.528922	2.431320	
928	29.665783	2.337516	
929	28.799775	2.202360	
930	27.921236	2.036396	
931	27.019694	1.841749	
932	26.087344	1.614620	
933	25.120361	1.350162	
934	24.117086	1.047836	
935	23.075915	0.715508	
936	21.994803	0.370358	
937	20.872699	0.034875	
938	19.711298	-0.269017	
939	18.515883	-0.523588	
940	17.295408	-0.718842	
941	16.061106	-0.855484	
942	14.823483	-0.943350	
943	13.589251	-0.997696	
944	12.360030	-1.036512	
945	11.132992	-1.076872	
946	9.902810	-1.130648	
947	8.665208	-1.203496	
948	7.420264	-1.297338	
949	6.172079	-1.412058	
950	4.925924	-1.543385	
951	3.686658	-1.680724	
952	2.459261	-1.810929	
953	1.249124	-1.923625	
954	0.060713	-2.010552	
955	-1.103302	-2.062464	
956	-2.241361	-2.067902	
957	-3.351962	-2.012618	
958	-4.432430	-1.882661	
959	-5.478022	-1.671922	
960	-6.483007	-1.385858	
961	-7.443391	-1.037569	
962	-8.359171	-0.641503	
963	-9.234460	-0.210081	
964	-10.074848	0.246183	
965	-10.884180	0.718165	
966	-11.663936	1.198379	
967	-12.414355	1.681132	
968	-13.135074	2.162889	
969	-13.825474	2.640461	
970	-14.484810	3.106312	
971	-15.111384	3.547496	
972	-15.701362	3.948806	
973	-16.249095	4.293426	
974	-16.749037	4.562423	
975	-17.196505	4.738091	
976	-17.586732	4.809568	
977	-17.915175	4.777154	
978	-18.179048	4.652024	
979	-18.376923	4.449979	
980	-18.506873	4.184963	
981	-18.566645	3.869235	
982	-18.556222	3.518367	
983	-18.479151	3.153587	
984	-18.340927	2.798422	
985	-18.147532	2.473680	
986	-17.906544	2.194965	
987	-17.628566	1.972757	
988	-17.326357	1.813006	
989	-17.012975	1.716384	
990	-16.701523	1.677188	
991	-16.405901	1.683895	
992	-16.139879	1.720186	
993	-15.914588	1.765251	
994	-15.736492	1.796162	
995	-15.605993	1.793699	
996	-15.516200	1.748647	
997	-15.453222	1.665550	
998	-15.399352	1.561329	
999	-15.337873	1.457541	
1000	-15.256646	1.371943	
1001	-15.149630	1.317485	
1002	-15.015973	1.307077	
1003	-14.856596	1.355444	
1004	-14.670906	1.476044	
1005	-14.455786	1.677783	
1006	-14.206241	1.962701	
1007	-13.916152	2.322735	
1008	-13.578577	2.738468	
1009	-13.187540	3.185165	
1010	-12.741827	3.643281	
1011	-12.247881	4.103801	
1012	-11.719518	4.565713	
1013	-11.174345	5.031025	
1014	-10.629334	5.499628	
1015	-10.098862	5.964988	
1016	-9.594991	6.414195	
1017	-9.128120	6.832570	
1018	-8.707237	7.208500	
1019	-8.339042	7.535054	
1020	-8.026262	7.808985	
1021	-7.766875	8.030554	
1022	-7.554922	8.205002	
1023	-7.382189	8.341069	
1024	-7.239934	8.445505	
1025	-7.120169	8.521000	
1026	-7.016279	8.568863	
1027	-6.923260	8.589665	
1028	-6.837715	8.582555	
1029	-6.757782	8.547106	
1030	-6.682796	8.485081	
1031	-6.612428	8.400525	
1032	-6.546781	8.299787	
1033	-6.487237	8.191727	
1034	-6.436043	8.086163	
1035	-6.396346	7.990954	
1036	-6.372855	7.911644	
1037	-6.369305	7.851472	
1038	-6.384482	7.808682	
1039	-6.411923	7.776207	
1040	-6.443245	7.745407	
1041	-6.472080	7.710055	
1042	-6.495739	7.669013	
1043	-6.514132	7.626711	
1044	-6.528315	7.589626	
1045	-6.539976	7.561767	
1046	-6.551318	7.544131	
1047	-6.564332	7.536548	
1048	-6.579767	7.539256	
1049	-6.597131	7.553981	
1050	-6.615243	7.583487	
1051	-6.632510	7.630055	
1052	-6.648013	7.694373	
1053	-6.663125	7.774343	
1054	-6.681848	7.863693	
1055	-6.708826	7.952888	
1056	-6.745930	8.032659	
1057	-6.790480	8.096859	
1058	-6.836716	8.143233	
1059	-6.878242	8.173372	
1060	-6.909835	8.192589	
1061	-6.929283	8.208512	
1062	-6.938232	8.227992	
1063	-6.940640	8.254225	
1064	-6.940375	8.285568	
1065	-6.940142	8.317358	
1066	-6.941212	8.345925	
1067	-6.943060	8.370852	
1068	-6.943627	8.393379	
1069	-6.940595	8.412261	
1070	-6.932868	8.422242	
1071	-6.921705	8.417638	
1072	-6.911843	8.394861	
1073	-6.911594	8.352132	
1074	-6.929935	8.291982	
1075	-6.971456	8.223100	
1076	-7.033135	8.155364	
1077	-7.106156	8.094005	
1078	-7.181272	8.039389	
1079	-7.253072	7.989913	
1080	-7.321212	7.944367	
1081	-7.388791	7.902648	
1082	-7.458416	7.864659	
1083	-7.529378	7.829135	
1084	-7.598555	7.795030	
1085	-7.662255	7.762849	
1086	-7.716519	7.732902	
1087	-7.757506	7.704644	
1088	-7.783252	7.678380	
1089	-7.794753	7.655408	
1090	-7.794537	7.637559	
1091	-7.784846	7.628148	
1092	-7.767431	7.631879	
1093	-7.743909	7.652479	
1094	-7.715871	7.691283	
1095	-7.684300	7.747525	
1096	-7.648717	7.817077	
1097	-7.608082	7.891610	
1098	-7.562743	7.962588	
1099	-7.514880	8.025766	
1100	-7.467598	8.080212	
1101	-7.424206	8.125453	
1102	-7.387810	8.161049	
1103	-7.360496	8.186665	
1104	-7.341960	8.203031	
1105	-7.328449	8.214755	
1106	-7.313534	8.230189	
1107	-7.291253	8.256705	
1108	-7.259045	8.297285	
1109	-7.217483	8.350971	
1110	-7.168029	8.414844	
1111	-7.112022	8.486554	
1112	-7.051175	8.565103	
1113	-6.987782	8.649245	
1114	-6.923811	8.737474	
1115	-6.859741	8.828770	
1116	-6.794182	8.921205	
1117	-6.724669	9.010745	
1118	-6.649080	9.091534	
1119	-6.565900	9.157378	
1120	-6.473335	9.205220	
1121	-6.369462	9.238058	
1122	-6.252891	9.263981	
1123	-6.122355	9.292795	
1124	-5.976510	9.332775	
1125	-5.814657	9.388990	
1126	-5.637526	9.463982	
1127	-5.447419	9.558532	
1128	-5.247428	9.670395	
1129	-5.040823	9.793107	
1130	-4.830528	9.917440	
1131	-4.617128	10.035061	
1132	-4.397731	10.141470	
1133	-4.168036	10.235784	
1134	-3.924780	10.318660	
1135	-3.667206	10.390803	
1136	-3.398609	10.452716	
1137	-3.126162	10.504863	
1138	-2.857626	10.547661	
1139	-2.597695	10.582352	
1140	-2.346497	10.611755	
1141	-2.099588	10.638487	
1142	-1.848848	10.663028	
1143	-1.584982	10.684993	
1144	-1.300215	10.705653	
1145	-0.989025	10.728052	
1146	-0.648246	10.754815	
1147	-0.278587	10.785968	
1148	0.115028	10.818648	
1149	0.528299	10.849789	
1150	0.963414	10.878818	
1151	1.427906	10.905658	
1152	1.928907	10.926729	
1153	2.470018	10.934821	
1154	3.050999	10.922352	
1155	3.668371	10.883941	
1156	4.317193	10.816693	
1157	4.993779	10.720327	
1158	5.697280	10.598121	
1159	6.428590	10.455727	
1160	7.188604	10.298198	
1161	7.978063	10.129112	
1162	8.797867	9.951358	
1163	9.648467	9.767012	
1164	10.529200	9.576594	
1165	11.438461	9.378919	
1166	12.374397	9.171346	
1167	13.335714	8.950150	
1168	14.321856	8.711397	
1169	15.331741	8.451763	
1170	16.362442	8.169429	
1171	17.409926	7.866202	
1172	18.470910	7.548846	
1173	19.543384	7.226954	
1174	20.625867	6.909538	
1175	21.716084	6.603501	
1176	22.808943	6.313248	
1177	23.896067	6.039867	
1178	24.968051	5.781128	
1179	26.016313	5.533872	
1180	27.033342	5.296873	
1181	28.013002	5.071382	
1182	28.950870	4.859888	
1183	29.844379	4.664330	
1184	30.693402	4.484250	
1185	31.500721	4.316039	
1186	32.271313	4.154235	
1187	33.010856	3.994984	
1188	33.724771	3.837616	
1189	34.417660	3.680545	
1190	35.092131	3.517883	
1191	35.747733	3.343275	
1192	36.381845	3.154996	
1193	36.991174	2.955658	
1194	37.570360	2.749311	
1195	38.111207	2.542255	
1196	38.607738	2.348384	
1197	39.059501	2.190799	
1198	39.466911	2.094527	
1199	39.826514	2.077349	
1200	40.131034	2.143935	
1201	40.371920	2.282798	
1202	40.543754	2.468518	
1203	40.647735	2.668667	
1204	40.691109	2.850878	
1205	40.683811	2.987202	
1206	40.633661	3.052855	
1207	40.540861	3.026367	
1208	40.396580	2.900841	
1209	40.189625	2.693847	
1210	39.914529	2.440415	
1211	39.572262	2.177116	
1212	39.166287	1.931375	
1213	38.700549	1.718598	
1214	38.178728	1.543617	
1215	37.602607	1.403089	
1216	36.973156	1.288784	
1217	36.295108	1.192532	
1218	35.577967	1.108277	
1219	34.831809	1.029962	
1220	34.065246	0.952294	
1221	33.286818	0.874593	
1222	32.503450	0.799985	
1223	31.716744	0.729503	
1224	30.923332	0.658184	
1225	30.119405	0.577080	
1226	29.304961	0.478032	
1227	28.484529	0.356509	
1228	27.664658	0.211902	
1229	26.850450	0.047008	
1230	26.042851	-0.132381	
1231	25.238176	-0.319012	
1232	24.430054	-0.506633	
1233	23.611663	-0.690206	
1234	22.776942	-0.864166	
1235	21.920957	-1.022570	
1236	21.039779	-1.160939	
1237	20.130796	-1.275704	
1238	19.194049	-1.362119	
1239	18.234589	-1.416009	
1240	17.264948	-1.437538	
1241	16.304150	-1.430374	
1242	15.370836	-1.397987	
1243	14.475843	-1.342124	
1244	13.621412	-1.261780	
1245	12.803568	-1.151909	
1246	12.011780	-1.005429	
1247	11.229969	-0.817255	
1248	10.442206	-0.585772	
1249	9.637795	-0.312676	
1250	8.811666	-0.003699	
1251	7.962944	0.331932	
1252	7.094168	0.684267	
1253	6.210163	1.044613	
1254	5.317077	1.405464	
1255	4.422307	1.760351	
1256	3.533678	2.104626	
1257	2.657960	2.435307	
1258	1.799933	2.749568	
1259	0.961562	3.046029	
1260	0.142156	3.328572	
1261	-0.659596	3.606012	
1262	-1.443874	3.887805	
1263	-2.209080	4.181777	
1264	-2.951789	4.494750	
1265	-3.667906	4.833532	
1266	-4.353704	5.204402	
1267	-5.006071	5.611019	
1268	-5.623875	6.052469	
1269	-6.209211	6.522693	
1270	-6.765544	7.011675	
1271	-7.295179	7.507849	
1272	-7.800129	8.000309	
1273	-8.284662	8.480733	
1274	-8.755006	8.944873	
1275	-9.216022	9.392719	
1276	-9.668389	9.827567	
1277	-10.108436	10.254561	
1278	-10.529913	10.678956	
1279	-10.926154	11.104569	
1280	-11.291525	11.533651	
1281	-11.623303	11.969078	
1282	-11.923722	12.415621	
1283	-12.196517	12.875314	
1284	-12.439881	13.341503	
1285	-12.646128	13.800512	
1286	-12.806251	14.237670	
1287	-12.912415	14.640273	
1288	-12.959343	14.998145	
1289	-12.945141	15.304309	
1290	-12.871725	15.555821	
1291	-12.747568	15.754259	
1292	-12.590171	15.906418	
1293	-12.421444	16.023451	
1294	-12.256704	16.115611	
1295	-12.096852	16.186169	
1296	-11.931240	16.230469	
1297	-11.749258	16.240455	
1298	-11.549897	16.210235	
1299	-11.341337	16.138337	
1300	-11.134579	16.026073	
1301	-10.938447	15.874683	
1302	-10.757825	15.683962	
1303	-10.593881	15.452681	
1304	-10.445021	15.179188	
1305	-10.308034	14.861712	
1306	-10.179041	14.499656	
1307	-10.053983	14.096061	
1308	-9.929332	13.659155	
1309	-9.802898	13.201252	
1310	-9.673479	12.735937	
1311	-9.540062	12.275770	
1312	-9.402088	11.831463	
1313	-9.258923	11.412232	
1314	-9.107700	11.026098	
1315	-8.943041	10.678624	
1316	-8.759399	10.371208	
1317	-8.552780	10.101390	
1318	-8.320918	9.864846	
1319	-8.063174	9.657198	
1320	-7.780720	9.474548	
1321	-7.476693	9.312640	
1322	-7.155807	9.165920	
1323	-6.823360	9.027879	
1324	-6.484373	8.892391	
1325	-6.143316	8.755017	
1326	-5.804222	8.613583	
1327	-5.471178	8.467931	
1328	-5.148604	8.319787	
1329	-4.840808	8.173339	
1330	-4.551431	8.035802	
1331	-4.282908	7.917258	
1332	-4.036251	7.829236	
1333	-3.812700	7.782218	
1334	-3.615728	7.783227	
1335	-3.449817	7.834161	
1336	-3.317467	7.931218	
1337	-3.217757	8.065431	
1338	-3.146311	8.223613	
1339	-3.095758	8.389410	
1340	-3.055849	8.544421	
1341	-3.014142	8.670203	
1342	-2.961460	8.754342	
1343	-2.898486	8.797647	
1344	-2.833887	8.813499	
1345	-2.777131	8.820237	
1346	-2.735041	8.835056	
1347	-2.712271	8.871859	
1348	-2.712648	8.941420	
1349	-2.740034	9.052590	
1350	-2.797977	9.212897	
1351	-2.888460	9.426993	
1352	-3.011068	9.694050	
1353	-3.162526	10.002036	
1354	-2.840015	7.958077	
1355	-2.989795	8.013557	
1356	NaN	NaN	
1357	NaN	NaN	
1358	NaN	NaN	
1359	NaN	NaN	
1360	NaN	NaN	
1361	NaN	NaN	
1362	NaN	NaN	
1363	NaN	NaN	
1364	NaN	NaN	
1365	NaN	NaN	
1366	NaN	NaN	
1367	NaN	NaN	
1368	NaN	NaN	
1369	NaN	NaN	
1370	NaN	NaN	
1371	NaN	NaN	
1372	NaN	NaN	
1373	NaN	NaN	
1374	NaN	NaN	
1375	NaN	NaN	
1376	NaN	NaN	
1377	NaN	NaN	
1378	NaN	NaN	
1379	NaN	NaN	
1380	NaN	NaN	
1381	NaN	NaN	
1382	NaN	NaN	
1383	NaN	NaN	
1384	NaN	NaN	
1385	NaN	NaN	
1386	NaN	NaN	
1387	NaN	NaN	
1388	NaN	NaN	
1389	NaN	NaN	
1390	NaN	NaN	
1391	NaN	NaN	
1392	NaN	NaN	
1393	NaN	NaN	
1394	NaN	NaN	
1395	NaN	NaN	
1396	NaN	NaN	
1397	NaN	NaN	
1398	NaN	NaN	
1399	NaN	NaN	
1400	NaN	NaN	
1401	NaN	NaN	
1402	NaN	NaN	
1403	NaN	NaN	
1404	NaN	NaN	
1405	NaN	NaN	
1406	NaN	NaN	
1407	NaN	NaN	
1408	NaN	NaN	
1409	NaN	NaN	
1410	NaN	NaN	
1411	NaN	NaN	
1412	NaN	NaN	
1413	NaN	NaN	
1414	NaN	NaN	
1415	NaN	NaN	
1416	NaN	NaN	
1417	NaN	NaN	
1418	NaN	NaN	
1419	NaN	NaN	
1420	NaN	NaN	
1421	NaN	NaN	
1422	NaN	NaN	
1423	NaN	NaN	
1424	NaN	NaN	
1425	NaN	NaN	
1426	NaN	NaN	
1427	NaN	NaN	
1428	NaN	NaN	
1429	NaN	NaN	
