Athlete_Engineering	// User ID
11-2-2021	// Evaluation date
P003_WALK3	23-1-2021	14:56:51:709	// Source file name and timestamp
250.000	// Sampling rate
5.333	// Data capture period



Sample #	Right_Leg_Flexion	Right_Leg_Abduction	
0	-21.798863	4.881678	
1	-21.776316	4.833545	
2	-21.756699	4.792172	
3	-21.738333	4.756488	
4	-21.720011	4.724742	
5	-21.701383	4.694851	
6	-21.682565	4.665478	
7	-21.663399	4.636697	
8	-21.643211	4.609550	
9	-21.621320	4.585220	
10	-21.597563	4.564560	
11	-21.572103	4.548013	
12	-21.544972	4.535695	
13	-21.516258	4.527466	
14	-21.486580	4.522695	
15	-21.456822	4.520163	
16	-21.427321	4.518429	
17	-21.397589	4.515873	
18	-21.366802	4.510700	
19	-21.334410	4.501959	
20	-21.300447	4.490588	
21	-21.265465	4.478895	
22	-21.230242	4.468962	
23	-21.195676	4.461414	
24	-21.163003	4.455250	
25	-21.133732	4.448769	
26	-21.109244	4.441008	
27	-21.090457	4.432452	
28	-21.077553	4.424646	
29	-21.069716	4.419662	
30	-21.064967	4.419320	
31	-21.060100	4.423865	
32	-21.051267	4.431757	
33	-21.035725	4.441545	
34	-21.013327	4.453661	
35	-20.985818	4.470150	
36	-20.954786	4.493662	
37	-20.920635	4.526868	
38	-20.883032	4.571451	
39	-20.841480	4.626731	
40	-20.795561	4.689124	
41	-20.745157	4.753040	
42	-20.690544	4.812653	
43	-20.632753	4.862942	
44	-20.574140	4.899924	
45	-20.518134	4.921489	
46	-20.468101	4.927827	
47	-20.425964	4.919985	
48	-20.391578	4.898547	
49	-20.363571	4.864281	
50	-20.340532	4.819184	
51	-20.321685	4.766696	
52	-20.307346	4.711368	
53	-20.298857	4.657658	
54	-20.297975	4.608442	
55	-20.306550	4.564677	
56	-20.326037	4.525826	
57	-20.356472	4.490567	
58	-20.396094	4.457883	
59	-20.442119	4.427511	
60	-20.491825	4.399070	
61	-20.543028	4.370884	
62	-20.593825	4.340008	
63	-20.642410	4.303537	
64	-20.687676	4.259995	
65	-20.730064	4.209985	
66	-20.771529	4.155825	
67	-20.814453	4.100804	
68	-20.860551	4.048833	
69	-20.910302	4.003708	
70	-20.962500	3.967461	
71	-21.014201	3.939452	
72	-21.061643	3.917373	
73	-21.101649	3.898658	
74	-21.132450	3.880872	
75	-21.153709	3.862137	
76	-21.166436	3.842456	
77	-21.173039	3.824345	
78	-21.177043	3.811588	
79	-21.182121	3.807170	
80	-21.190812	3.811616	
81	-21.203837	3.822702	
82	-21.220434	3.836929	
83	-21.239078	3.851368	
84	-21.258060	3.864161	
85	-21.275886	3.873714	
86	-21.291363	3.878007	
87	-21.303308	3.874587	
88	-21.310399	3.860645	
89	-21.311417	3.833000	
90	-21.305548	3.788538	
91	-21.292696	3.725653	
92	-21.273854	3.646065	
93	-21.250995	3.555176	
94	-21.226450	3.460681	
95	-21.202080	3.370530	
96	-21.178674	3.291200	
97	-21.156317	3.226969	
98	-21.135489	3.180197	
99	-21.117926	3.152272	
100	-21.107061	3.144921	
101	-21.107352	3.160366	
102	-21.121777	3.199167	
103	-21.149506	3.257984	
104	-21.186307	3.329707	
105	-21.227007	3.405307	
106	-21.267552	3.476063	
107	-21.305586	3.534997	
108	-21.339819	3.577194	
109	-21.369265	3.600267	
110	-21.392834	3.604964	
111	-21.408797	3.594577	
112	-21.415092	3.573327	
113	-21.410733	3.544705	
114	-21.396160	3.510219	
115	-21.372187	3.469090	
116	-21.339596	3.419401	
117	-21.299753	3.359697	
118	-21.254847	3.289601	
119	-21.207377	3.209692	
120	-21.159947	3.121538	
121	-21.115527	3.028038	
122	-21.077450	2.933769	
123	-21.049223	2.845079	
124	-21.034448	2.769657	
125	-21.036174	2.714889	
126	-21.055818	2.685019	
127	-21.092347	2.679172	
128	-21.142085	2.692156	
129	-21.199663	2.717183	
130	-21.259418	2.748482	
131	-21.315753	2.782848	
132	-21.362945	2.819863	
133	-21.395541	2.860679	
134	-21.409310	2.906051	
135	-21.402512	2.954808	
136	-21.376967	3.003438	
137	-21.337578	3.047331	
138	-21.290128	3.083025	
139	-21.239200	3.109694	
140	-21.188144	3.129203	
141	-21.139876	3.144990	
142	-21.096036	3.159695	
143	-21.056067	3.173015	
144	-21.018998	3.182739	
145	-20.986215	3.187984	
146	-20.961296	3.190556	
147	-20.946950	3.193453	
148	-20.943233	3.198672	
149	-20.948602	3.205752	
150	-20.961525	3.211289	
151	-20.980730	3.210254	
152	-21.003930	3.199116	
153	-21.027394	3.177674	
154	-21.047286	3.147837	
155	-21.060309	3.112247	
156	-21.063737	3.074659	
157	-21.056197	3.039814	
158	-21.037709	3.011646	
159	-21.008533	2.992050	
160	-20.968593	2.981523	
161	-20.918387	2.980446	
162	-20.860582	2.989841	
163	-20.800844	3.011123	
164	-20.747075	3.044857	
165	-20.707604	3.089014	
166	-20.689220	3.137849	
167	-20.695532	3.182926	
168	-20.725847	3.216165	
169	-20.774523	3.232673	
170	-20.831810	3.231342	
171	-20.887073	3.213741	
172	-20.932172	3.183583	
173	-20.962368	3.146959	
174	-20.975255	3.111164	
175	-20.969230	3.081747	
176	-20.942760	3.060335	
177	-20.895837	3.045164	
178	-20.831868	3.033459	
179	-20.756386	3.023926	
180	-20.674100	3.018351	
181	-20.587901	3.021561	
182	-20.499095	3.039560	
183	-20.407184	3.076452	
184	-20.310221	3.132371	
185	-20.206917	3.204179	
186	-20.098946	3.286830	
187	-19.990944	3.374002	
188	-19.887826	3.459400	
189	-19.791687	3.538289	
190	-19.700683	3.608054	
191	-19.609903	3.668179	
192	-19.512742	3.719625	
193	-19.402346	3.763319	
194	-19.273393	3.798850	
195	-19.124106	3.824062	
196	-18.956830	3.835065	
197	-18.775045	3.827279	
198	-18.578809	3.797749	
199	-18.363313	3.747032	
200	-18.121496	3.679034	
201	-17.847343	3.598604	
202	-17.537086	3.509073	
203	-17.188084	3.413032	
204	-16.797480	3.315652	
205	-16.362942	3.225319	
206	-15.883917	3.150312	
207	-15.361361	3.096693	
208	-14.797406	3.068883	
209	-14.195557	3.069383	
210	-13.559995	3.097780	
211	-12.894174	3.151441	
212	-12.199342	3.226844	
213	-11.473000	3.319640	
214	-10.708126	3.423925	
215	-9.895155	3.532075	
216	-9.027176	3.636453	
217	-8.103425	3.732835	
218	-7.127475	3.822530	
219	-6.103730	3.911003	
220	-5.035861	4.004797	
221	-3.928028	4.109803	
222	-2.787520	4.231344	
223	-1.625060	4.374449	
224	-0.452846	4.543714	
225	0.716790	4.742080	
226	1.872332	4.967161	
227	3.004873	5.206824	
228	4.110041	5.438138	
229	5.187464	5.631584	
230	6.237084	5.758852	
231	7.256037	5.799300	
232	8.238673	5.742428	
233	9.178140	5.588537	
234	10.067075	5.347617	
235	10.896743	5.036188	
236	11.656673	4.674982	
237	12.336509	4.287722	
238	12.928338	3.900189	
239	13.427078	3.540386	
240	13.829545	3.235078	
241	14.134846	2.999411	
242	14.346085	2.831808	
243	14.470424	2.721676	
244	14.516539	2.657424	
245	14.491685	2.627552	
246	14.401236	2.619250	
247	14.249613	2.617700	
248	14.039603	2.608528	
249	13.771908	2.581348	
250	13.446267	2.529705	
251	13.062121	2.450522	
252	12.619245	2.348039	
253	12.118980	2.236233	
254	11.565093	2.131194	
255	10.964149	2.040182	
256	10.325258	1.957693	
257	9.658432	1.868181	
258	8.972540	1.752970	
259	8.274772	1.596841	
260	7.570886	1.390617	
261	6.864615	1.132913	
262	6.157072	0.830457	
263	5.447528	0.494949	
264	4.735399	0.140386	
265	4.021768	-0.219322	
266	3.309148	-0.575287	
267	2.600481	-0.925971	
268	1.898524	-1.272393	
269	1.205554	-1.611997	
270	0.523546	-1.938047	
271	-0.145249	-2.243567	
272	-0.798229	-2.524870	
273	-1.433289	-2.782315	
274	-2.049782	-3.018869	
275	-2.648895	-3.238802	
276	-3.233726	-3.447287	
277	-3.808740	-3.648243	
278	-4.378294	-3.842344	
279	-4.944678	-4.028384	
280	-5.507095	-4.203251	
281	-6.063712	-4.359157	
282	-6.615247	-4.484748	
283	-7.165573	-4.570120	
284	-7.719247	-4.609023	
285	-8.278941	-4.597568	
286	-8.844141	-4.534103	
287	-9.411267	-4.420317	
288	-9.975007	-4.261189	
289	-10.530703	-4.064491	
290	-11.076481	-3.840822	
291	-11.613885	-3.603337	
292	-12.147139	-3.365892	
293	-12.681188	-3.140920	
294	-13.220196	-2.938573	
295	-13.767031	-2.764867	
296	-14.321995	-2.619583	
297	-14.882030	-2.497817	
298	-15.441695	-2.394395	
299	-15.994461	-2.307412	
300	-16.534509	-2.238914	
301	-17.058849	-2.192354	
302	-17.567029	-2.168367	
303	-18.058053	-2.162759	
304	-18.528028	-2.167523	
305	-18.971488	-2.171541	
306	-19.383762	-2.161921	
307	-19.760300	-2.127549	
308	-20.095311	-2.061246	
309	-20.382974	-1.961051	
310	-20.619682	-1.833547	
311	-20.805108	-1.695238	
312	-20.941512	-1.567761	
313	-21.032805	-1.469783	
314	-21.084559	-1.411274	
315	-21.103180	-1.392365	
316	-21.093624	-1.404989	
317	-21.058339	-1.435611	
318	-20.998159	-1.469653	
319	-20.912203	-1.496674	
320	-20.796752	-1.512597	
321	-20.646335	-1.517968	
322	-20.457041	-1.515047	
323	-20.229632	-1.506418	
324	-19.970469	-1.494736	
325	-19.689859	-1.481687	
326	-19.399391	-1.466891	
327	-19.109673	-1.448862	
328	-18.829995	-1.427067	
329	-18.570074	-1.402412	
330	-18.340960	-1.376771	
331	-18.153734	-1.354032	
332	-18.017622	-1.340890	
333	-17.939450	-1.344136	
334	-17.923896	-1.366659	
335	-17.971951	-1.404955	
336	-18.078793	-1.447053	
337	-18.234007	-1.472757	
338	-18.422560	-1.459600	
339	-18.625661	-1.391173	
340	-18.823946	-1.261484	
341	-19.001515	-1.073370	
342	-19.146948	-0.834473	
343	-19.252376	-0.555174	
344	-19.313518	-0.248412	
345	-19.329718	0.071457	
346	-19.302763	0.391447	
347	-19.235588	0.702223	
348	-19.131028	0.999059	
349	-18.990918	1.281910	
350	-18.816266	1.553214	
351	-18.607790	1.814227	
352	-18.366830	2.063506	
353	-18.096392	2.297317	
354	-17.800665	2.509279	
355	-17.483868	2.690967	
356	-17.150245	2.835637	
357	-16.803800	2.941175	
358	-16.447039	3.009930	
359	-16.080443	3.048915	
360	-15.703545	3.070617	
361	-15.317632	3.092403	
362	-14.927925	3.134766	
363	-14.542755	3.217397	
364	-14.172050	3.353975	
365	-13.827220	3.549819	
366	-13.520145	3.802938	
367	-13.260516	4.105924	
368	-13.054224	4.448217	
369	-12.903458	4.818578	
370	-12.806509	5.206057	
371	-12.757083	5.599662	
372	-12.744356	5.988555	
373	-12.754810	6.363345	
374	-12.776039	6.717027	
375	-12.799820	7.043686	
376	-12.821960	7.337306	
377	-12.840683	7.593990	
378	-12.855779	7.814774	
379	-12.867993	8.005160	
380	-12.877770	8.172081	
381	-12.884148	8.320888	
382	-12.885552	8.454367	
383	-12.882042	8.573644	
384	-12.876007	8.679250	
385	-12.870565	8.771800	
386	-12.867815	8.852844	
387	-12.868444	8.925086	
388	-12.872640	8.991903	
389	-12.880862	9.057747	
390	-12.893422	9.128040	
391	-12.910344	9.207234	
392	-12.932544	9.297579	
393	-12.962223	9.398260	
394	-13.001100	9.503383	
395	-13.048656	9.602433	
396	-13.102301	9.684847	
397	-13.158719	9.743905	
398	-13.215210	9.777712	
399	-13.270662	9.788683	
400	-13.325792	9.781246	
401	-13.382511	9.759629	
402	-13.442981	9.728257	
403	-13.509792	9.692219	
404	-13.587543	9.655427	
405	-13.682984	9.618816	
406	-13.801833	9.582059	
407	-13.945618	9.547448	
408	-14.111675	9.520691	
409	-14.294989	9.508369	
410	-14.490145	9.516285	
411	-14.692740	9.548725	
412	-14.899235	9.606276	
413	-15.105223	9.684296	
414	-15.303874	9.774445	
415	-15.486413	9.867187	
416	-15.644840	9.953593	
417	-15.774635	10.026628	
418	-15.875644	10.081312	
419	-15.952274	10.114190	
420	-16.013199	10.123574	
421	-16.068879	10.110223	
422	-16.128236	10.077630	
423	-16.197127	10.032037	
424	-16.278059	9.981794	
425	-16.370493	9.935504	
426	-16.472127	9.899135	
427	-16.579780	9.873344	
428	-16.689480	9.853117	
429	-16.797555	9.830758	
430	-16.902349	9.800068	
431	-17.004379	9.758616	
432	-17.105251	9.707578	
433	-17.206890	9.650925	
434	-17.310695	9.594449	
435	-17.416063	9.543578	
436	-17.519830	9.500505	
437	-17.617638	9.463060	
438	-17.705456	9.426056	
439	-17.780803	9.383721	
440	-17.844166	9.332783	
441	-17.898707	9.274645	
442	-17.947832	9.213690	
443	-17.993003	9.153129	
444	-18.033617	9.093589	
445	-18.068492	9.035617	
446	-18.096532	8.982112	
447	-18.116376	8.938438	
448	-18.126792	8.911104	
449	-18.127175	8.905671	
450	-18.117221	8.925482	
451	-18.096557	8.973308	
452	-18.064340	9.053025	
453	-18.018595	9.166403	
454	-17.956443	9.307991	
455	-17.875904	9.465272	
456	-17.778322	9.623278	
457	-17.669316	9.768494	
458	-17.556602	9.891403	
459	-17.446503	9.988012	
460	-17.342235	10.059417	
461	-17.243906	10.110602	
462	-17.148992	10.148767	
463	-17.053198	10.180227	
464	-16.951845	10.208123	
465	-16.841031	10.232528	
466	-16.718026	10.251693	
467	-16.581415	10.264033	
468	-16.431288	10.269849	
469	-16.268996	10.270759	
470	-16.096139	10.267386	
471	-15.912959	10.258151	
472	-15.717739	10.240847	
473	-15.508474	10.215881	
474	-15.285034	10.188521	
475	-15.049661	10.167784	
476	-14.805892	10.162415	
477	-14.556923	10.177266	
478	-14.304291	10.211817	
479	-14.047400	10.260291	
480	-13.783829	10.314193	
481	-13.510192	10.366221	
482	-13.223616	10.411649	
483	-12.923246	10.446528	
484	-12.610235	10.466384	
485	-12.285666	10.467720	
486	-11.948118	10.450583	
487	-11.593650	10.419975	
488	-11.218498	10.385470	
489	-10.821123	10.357987	
490	-10.401669	10.344418	
491	-9.960989	10.344644	
492	-9.500954	10.353811	
493	-9.024384	10.367134	
494	-8.533672	10.382307	
495	-8.029693	10.397519	
496	-7.511935	10.408840	
497	-6.979337	10.411267	
498	-6.430681	10.400794	
499	-5.863646	10.373589	
500	-5.274218	10.324624	
501	-4.658552	10.248919	
502	-4.015812	10.143787	
503	-3.348656	10.009933	
504	-2.660492	9.851716	
505	-1.952197	9.675932	
506	-1.221694	9.489179	
507	-0.466191	9.297028	
508	0.316251	9.104458	
509	1.126954	8.914677	
510	1.966447	8.728979	
511	2.833941	8.547918	
512	3.728390	8.369743	
513	4.649649	8.188910	
514	5.597826	7.999325	
515	6.572588	7.798500	
516	7.573976	7.587593	
517	8.603289	7.368580	
518	9.662635	7.142338	
519	10.753465	6.908837	
520	11.874912	6.667768	
521	13.022912	6.418232	
522	14.190712	6.157871	
523	15.370947	5.882680	
524	16.558059	5.587831	
525	17.748372	5.268321	
526	18.938979	4.921204	
527	20.128754	4.550492	
528	21.319184	4.169780	
529	22.512078	3.799213	
530	23.706458	3.459436	
531	24.897829	3.166666	
532	26.079583	2.930518	
533	27.243803	2.753189	
534	28.381093	2.629628	
535	29.482493	2.549752	
536	30.543027	2.501206	
537	31.562430	2.470273	
538	32.543391	2.441131	
539	33.490731	2.395083	
540	34.410519	2.311684	
541	35.307215	2.173297	
542	36.181690	1.971635	
543	37.032502	1.712314	
544	37.857622	1.414626	
545	38.654768	1.106954	
546	39.421983	0.820269	
547	40.158007	0.582065	
548	40.860030	0.411892	
549	41.520076	0.318723	
550	42.124679	0.300345	
551	42.659490	0.345536	
552	43.115629	0.439186	
553	43.493237	0.567650	
554	43.799060	0.720555	
555	44.040935	0.889727	
556	44.224877	1.069553	
557	44.354838	1.258397	
558	44.432357	1.456702	
559	44.456040	1.663550	
560	44.422735	1.876891	
561	44.330070	2.095479	
562	44.177829	2.318309	
563	43.968308	2.543366	
564	43.706758	2.767779	
565	43.400900	2.987940	
566	43.059028	3.199364	
567	42.687586	3.397022	
568	42.289529	3.575035	
569	41.863858	3.725633	
570	41.406473	3.838511	
571	40.913042	3.900789	
572	40.381160	3.898693	
573	39.808183	3.821846	
574	39.188613	3.666993	
575	38.515281	3.438658	
576	37.780964	3.148952	
577	36.978630	2.816598	
578	36.102889	2.461545	
579	35.152188	2.096432	
580	34.129266	1.722394	
581	33.040234	1.333653	
582	31.894003	0.925743	
583	30.701816	0.499581	
584	29.475846	0.061783	
585	28.227368	-0.375609	
586	26.965566	-0.797702	
587	25.696105	-1.191118	
588	24.419616	-1.546242	
589	23.133185	-1.857117	
590	21.834323	-2.120876	
591	20.523360	-2.336968	
592	19.202585	-2.505992	
593	17.874022	-2.629328	
594	16.539204	-2.710471	
595	15.200593	-2.756187	
596	13.861119	-2.775665	
597	12.522261	-2.778691	
598	11.183156	-2.774169	
599	9.840916	-2.768849	
600	8.491441	-2.766873	
601	7.130816	-2.770907	
602	5.756657	-2.783842	
603	4.368939	-2.809456	
604	2.970816	-2.850318	
605	1.569004	-2.903983	
606	0.172633	-2.962521	
607	-1.209064	-3.016497	
608	-2.568964	-3.058477	
609	-3.902681	-3.083688	
610	-5.206787	-3.089666	
611	-6.476340	-3.076155	
612	-7.704201	-3.045555	
613	-8.882427	-3.002624	
614	-10.004957	-2.951816	
615	-11.070356	-2.894415	
616	-12.082209	-2.828169	
617	-13.045850	-2.748530	
618	-13.963779	-2.650239	
619	-14.833511	-2.529708	
620	-15.649488	-2.387322	
621	-16.406848	-2.227747	
622	-17.103186	-2.058916	
623	-17.737700	-1.891412	
624	-18.310169	-1.737347	
625	-18.820687	-1.607771	
626	-19.269411	-1.510574	
627	-19.655843	-1.449762	
628	-19.977967	-1.424743	
629	-20.232003	-1.429827	
630	-20.413115	-1.455303	
631	-20.516020	-1.490000	
632	-20.534806	-1.523645	
633	-20.463107	-1.547291	
634	-20.295597	-1.552324	
635	-20.030062	-1.530222	
636	-19.669178	-1.473434	
637	-19.221569	-1.375634	
638	-18.701281	-1.231998	
639	-18.125247	-1.042287	
640	-17.510698	-0.815118	
641	-16.875479	-0.567719	
642	-16.239913	-0.320618	
643	-15.626148	-0.093192	
644	-15.055305	0.097913	
645	-14.545148	0.240687	
646	-14.108165	0.330849	
647	-13.749180	0.373649	
648	-13.463571	0.383107	
649	-13.238256	0.379675	
650	-13.055767	0.386504	
651	-12.898847	0.424597	
652	-12.753696	0.508815	
653	-12.611296	0.644659	
654	-12.466488	0.825865	
655	-12.316146	1.036444	
656	-12.157876	1.257731	
657	-11.988494	1.474550	
658	-11.802437	1.676639	
659	-11.592172	1.859190	
660	-11.350388	2.025534	
661	-11.072093	2.188247	
662	-10.756664	2.365974	
663	-10.409189	2.578161	
664	-10.038753	2.840278	
665	-9.655020	3.161058	
666	-9.266758	3.541781	
667	-8.881880	3.976621	
668	-8.506924	4.453825	
669	-8.146059	4.957213	
670	-7.800400	5.467604	
671	-7.468707	5.965009	
672	-7.149991	6.431596	
673	-6.845748	6.853965	
674	-6.559703	7.224253	
675	-6.296464	7.541098	
676	-6.060930	7.809246	
677	-5.858137	8.035859	
678	-5.692351	8.226418	
679	-5.565466	8.383985	
680	-5.476609	8.510670	
681	-5.423877	8.609259	
682	-5.406392	8.684813	
683	-5.424363	8.745068	
684	-5.477366	8.798961	
685	-5.562268	8.854181	
686	-5.671899	8.914376	
687	-5.796014	8.978532	
688	-5.924276	9.044525	
689	-6.048416	9.113328	
690	-6.162154	9.189542	
691	-6.260407	9.278213	
692	-6.339576	9.380502	
693	-6.398666	9.491621	
694	-6.439913	9.602815	
695	-6.468219	9.705601	
696	-6.490057	9.795108	
697	-6.512882	9.870326	
698	-6.544016	9.932000	
699	-6.588026	9.981403	
700	-6.644938	10.020858	
701	-6.711788	10.053867	
702	-6.786079	10.084675	
703	-6.867516	10.118282	
704	-6.956745	10.159884	
705	-7.053155	10.213755	
706	-7.154628	10.282649	
707	-7.259209	10.367019	
708	-7.365936	10.464425	
709	-7.474353	10.570652	
710	-7.584191	10.681111	
711	-7.695390	10.790547	
712	-7.807711	10.892378	
713	-7.920219	10.979255	
714	-8.031276	11.044580	
715	-8.138277	11.084266	
716	-8.237211	11.097459	
717	-8.323488	11.085599	
718	-8.393758	11.051016	
719	-8.447659	10.996154	
720	-8.489048	10.923683	
721	-8.525466	10.837335	
722	-8.565447	10.742603	
723	-8.615678	10.647042	
724	-8.680135	10.559818	
725	-8.761069	10.489768	
726	-8.860210	10.443086	
727	-8.979484	10.421684	
728	-9.120533	10.422282	
729	-9.282018	10.437814	
730	-9.458029	10.460892	
731	-9.641593	10.485969	
732	-9.829296	10.509171	
733	-10.021104	10.528054	
734	-10.216234	10.542046	
735	-10.409015	10.552057	
736	-10.588396	10.559155	
737	-10.742930	10.563252	
738	-10.867781	10.561995	
739	-10.967495	10.551182	
740	-11.051700	10.527384	
741	-11.128113	10.489850	
742	-11.200040	10.440505	
743	-11.268551	10.383908	
744	-11.334192	10.326665	
745	-11.396849	10.275488	
746	-11.455756	10.235540	
747	-11.510296	10.209884	
748	-11.560490	10.198962	
749	-11.606300	10.200061	
750	-11.646484	10.209355	
751	-11.678113	10.225673	
752	-11.697269	10.250608	
753	-11.700537	10.284791	
754	-11.685792	10.326401	
755	-11.651799	10.373227	
756	-11.598449	10.423610	
757	-11.528012	10.475622	
758	-11.445087	10.527228	
759	-11.354684	10.577042	
760	-11.260018	10.626100	
761	-11.161529	10.680590	
762	-11.058060	10.750624	
763	-10.948584	10.844727	
764	-10.832486	10.966212	
765	-10.709002	11.113058	
766	-10.576261	11.279369	
767	-10.430430	11.457947	
768	-10.266947	11.642105	
769	-10.082868	11.825714	
770	-9.877164	12.003944	
771	-9.650300	12.174546	
772	-9.405815	12.337160	
773	-9.151032	12.491678	
774	-8.892947	12.637362	
775	-8.632632	12.771549	
776	-8.363965	12.888411	
777	-8.076970	12.980442	
778	-7.763515	13.041224	
779	-7.421533	13.066389	
780	-7.054470	13.053926	
781	-6.668153	13.004060	
782	-6.267628	12.918240	
783	-5.855551	12.801360	
784	-5.433890	12.666485	
785	-5.005975	12.532665	
786	-4.576237	12.414962	
787	-4.148979	12.318654	
788	-3.726413	12.243030	
789	-3.306616	12.186400	
790	-2.883669	12.145379	
791	-2.450051	12.112028	
792	-1.998868	12.075396	
793	-1.524843	12.027581	
794	-1.025098	11.968281	
795	-0.499361	11.904262	
796	0.051146	11.846374	
797	0.625133	11.806415	
798	1.221687	11.794151	
799	1.839701	11.815942	
800	2.477766	11.874799	
801	3.135149	11.969559	
802	3.812383	12.093040	
803	4.511361	12.230816	
804	5.235707	12.360417	
805	5.990394	12.450492	
806	6.780135	12.465705	
807	7.608176	12.381622	
808	8.475684	12.197306	
809	9.380738	11.930723	
810	10.318590	11.603150	
811	11.284361	11.228478	
812	12.275524	10.812364	
813	13.291170	10.357551	
814	14.329490	9.867755	
815	15.387175	9.345703	
816	16.460576	8.791681	
817	17.546134	8.206896	
818	18.640420	7.596619	
819	19.741016	6.969244	
820	20.846522	6.332644	
821	21.954125	5.692027	
822	23.057352	5.051517	
823	24.147004	4.416884	
824	25.213724	3.796569	
825	26.249613	3.201595	
826	27.248886	2.646312	
827	28.207947	2.148610	
828	29.125397	1.726400	
829	30.002497	1.392188	
830	30.843268	1.150526	
831	31.653524	0.998778	
832	32.439261	0.928092	
833	33.205262	0.922627	
834	33.954740	0.958159	
835	34.689665	1.003858	
836	35.410873	1.028931	
837	36.117180	1.010494	
838	36.803708	0.937696	
839	37.462443	0.809898	
840	38.085710	0.631745	
841	38.668345	0.411247	
842	39.207341	0.160285	
843	39.701303	-0.106943	
844	40.149500	-0.374447	
845	40.550374	-0.622415	
846	40.901641	-0.829359	
847	41.201968	-0.978700	
848	41.452348	-1.062520	
849	41.656396	-1.081629	
850	41.818707	-1.045002	
851	41.941721	-0.968032	
852	42.023995	-0.870191	
853	42.060845	-0.773357	
854	42.046058	-0.698270	
855	41.974235	-0.659655	
856	41.842076	-0.663893	
857	41.647454	-0.708824	
858	41.389388	-0.784962	
859	41.070355	-0.879013	
860	40.696893	-0.977149	
861	40.276285	-1.065446	
862	39.812968	-1.129403	
863	39.307509	-1.155688	
864	38.757873	-1.134837	
865	38.162012	-1.060909	
866	37.519263	-0.929497	
867	36.829254	-0.738537	
868	36.090862	-0.491050	
869	35.303252	-0.196909	
870	34.467692	0.126618	
871	33.588324	0.455339	
872	32.671301	0.760880	
873	31.722570	1.016570	
874	30.745781	1.203858	
875	29.741691	1.312575	
876	28.708565	1.332837	
877	27.643326	1.253193	
878	26.543889	1.074049	
879	25.410666	0.814034	
880	24.246434	0.497879	
881	23.055808	0.146186	
882	21.844007	-0.226848	
883	20.614568	-0.614608	
884	19.368825	-1.014320	
885	18.108383	-1.420044	
886	16.837489	-1.820713	
887	15.561847	-2.203781	
888	14.284918	-2.559588	
889	13.005842	-2.883408	
890	11.720167	-3.175846	
891	10.421710	-3.442531	
892	9.105216	-3.692543	
893	7.769427	-3.935696	
894	6.417972	-4.179817	
895	5.057093	-4.429831	
896	3.693035	-4.689387	
897	2.331190	-4.962061	
898	0.976651	-5.250097	
899	-0.364551	-5.552519	
900	-1.685505	-5.864324	
901	-2.980513	-6.177756	
902	-4.245923	-6.484994	
903	-5.478200	-6.778870	
904	-6.672384	-7.050969	
905	-7.823447	-7.290353	
906	-8.929018	-7.485272	
907	-9.990176	-7.626699	
908	-11.009253	-7.710642	
909	-11.987152	-7.738251	
910	-12.923039	-7.714735	
911	-13.815996	-7.647642	
912	-14.666200	-7.544426	
913	-15.475112	-7.409619	
914	-16.246142	-7.242602	
915	-16.985629	-7.036830	
916	-17.702166	-6.782079	
917	-18.403530	-6.471491	
918	-19.092571	-6.109852	
919	-19.765381	-5.714543	
920	-20.412472	-5.308747	
921	-21.019731	-4.917080	
922	-21.569392	-4.566054	
923	-22.042991	-4.280517	
924	-22.423848	-4.077058	
925	-22.697159	-3.964067	
926	-22.850207	-3.943228	
927	-22.874361	-4.006319	
928	-22.766560	-4.136453	
929	-22.528953	-4.313874	
930	-22.169125	-4.516403	
931	-21.701920	-4.717687	
932	-21.150052	-4.890304	
933	-20.542002	-5.009923	
934	-19.909110	-5.058038	
935	-19.283638	-5.027203	
936	-18.697770	-4.925439	
937	-18.182747	-4.773027	
938	-17.767105	-4.594435	
939	-17.473167	-4.411040	
940	-17.312581	-4.234817	
941	-17.283569	-4.062521	
942	-17.371401	-3.873535	
943	-17.550573	-3.635978	
944	-17.787809	-3.322239	
945	-18.047478	-2.925642	
946	-18.297986	-2.467750	
947	-18.514236	-1.998275	
948	-18.677599	-1.585760	
949	-18.778343	-1.290258	
950	-18.816014	-1.137162	
951	-18.793752	-1.114729	
952	-18.712661	-1.186276	
953	-18.570154	-1.306047	
954	-18.361718	-1.434170	
955	-18.085055	-1.544325	
956	-17.743274	-1.623548	
957	-17.344774	-1.665356	
958	-16.901259	-1.659917	
959	-16.426101	-1.591278	
960	-15.932581	-1.444345	
961	-15.431876	-1.211677	
962	-14.932604	-0.895210	
963	-14.441701	-0.505538	
964	-13.964525	-0.059123	
965	-13.503990	0.425953	
966	-13.060534	0.933402	
967	-12.633742	1.449540	
968	-12.224153	1.961706	
969	-11.834062	2.457244	
970	-11.468384	2.925308	
971	-11.135354	3.359338	
972	-10.844207	3.756154	
973	-10.600736	4.111436	
974	-10.405643	4.416511	
975	-10.256430	4.660841	
976	-10.149744	4.838972	
977	-10.082605	4.955682	
978	-10.052191	5.023970	
979	-10.055115	5.061094	
980	-10.087648	5.089888	
981	-10.146058	5.138716	
982	-10.226020	5.234143	
983	-10.321555	5.393806	
984	-10.424136	5.624587	
985	-10.522517	5.922222	
986	-10.603963	6.271311	
987	-10.658184	6.653301	
988	-10.681926	7.061579	
989	-10.677627	7.500878	
990	-10.647514	7.966496	
991	-10.592374	8.434826	
992	-10.514380	8.875457	
993	-10.417416	9.265041	
994	-10.306446	9.591742	
995	-10.188740	9.849457	
996	-10.074843	10.031162	
997	-9.977032	10.130301	
998	-9.905600	10.144236	
999	-9.866390	10.077062	
1000	-9.862032	9.943899	
1001	-9.894403	9.769505	
1002	-9.965303	9.576322	
1003	-10.075607	9.371990	
1004	-10.223996	9.149924	
1005	-10.403495	8.904405	
1006	-10.596712	8.643912	
1007	-10.778570	8.387061	
1008	-10.927900	8.151240	
1009	-11.035786	7.948515	
1010	-11.104250	7.785500	
1011	-11.140092	7.662907	
1012	-11.150135	7.576349	
1013	-11.140656	7.519484	
1014	-11.118725	7.487422	
1015	-11.091780	7.477261	
1016	-11.065812	7.486798	
1017	-11.044828	7.513530	
1018	-11.031520	7.554096	
1019	-11.027303	7.605109	
1020	-11.031710	7.664235	
1021	-11.041828	7.728801	
1022	-11.052228	7.794220	
1023	-11.056298	7.855369	
1024	-11.048590	7.908523	
1025	-11.026219	7.952160	
1026	-10.989025	7.989054	
1027	-10.938820	8.028402	
1028	-10.877589	8.082250	
1029	-10.806960	8.158278	
1030	-10.730077	8.257136	
1031	-10.652337	8.374780	
1032	-10.579608	8.506143	
1033	-10.516873	8.648730	
1034	-10.468025	8.803818	
1035	-10.435108	8.975513	
1036	-10.416702	9.168847	
1037	-10.407413	9.385722	
1038	-10.400036	9.620660	
1039	-10.388864	9.859953	
1040	-10.371793	10.085720	
1041	-10.350248	10.282973	
1042	-10.326856	10.443975	
1043	-10.302684	10.567522	
1044	-10.276605	10.657004	
1045	-10.246924	10.720536	
1046	-10.213660	10.770417	
1047	-10.179641	10.818678	
1048	-10.148990	10.873938	
1049	-10.124285	10.944799	
1050	-10.104679	11.042690	
1051	-10.085663	11.175753	
1052	-10.060441	11.340461	
1053	-10.021924	11.522300	
1054	-9.964583	11.704378	
1055	-9.886379	11.875225	
1056	-9.789690	12.030243	
1057	-9.680505	12.168488	
1058	-9.566742	12.289106	
1059	-9.456019	12.388518	
1060	-9.353321	12.459739	
1061	-9.260443	12.495844	
1062	-9.177959	12.495430	
1063	-9.107055	12.465108	
1064	-9.048154	12.416270	
1065	-8.997828	12.359740	
1066	-8.947862	12.303770	
1067	-8.886916	12.254789	
1068	-8.803644	12.217980	
1069	-8.690229	12.197928	
1070	-8.544402	12.198838	
1071	-8.369977	12.223638	
1072	-8.176428	12.274229	
1073	-7.976413	12.351252	
1074	-7.781845	12.449815	
1075	-7.600531	12.555998	
1076	-7.433850	12.649947	
1077	-7.274987	12.713166	
1078	-7.109122	12.734345	
1079	-6.918778	12.709604	
1080	-6.691774	12.638821	
1081	-6.424596	12.524452	
1082	-6.120529	12.372666	
1083	-5.786557	12.192490	
1084	-5.430890	11.995581	
1085	-5.062179	11.799655	
1086	-4.690137	11.631042	
1087	-4.325128	11.521195	
1088	-3.975785	11.498791	
1089	-3.646591	11.581092	
1090	-3.336177	11.764978	
1091	-3.036150	12.021397	
1092	-2.732265	12.300605	
1093	-2.408514	12.547346	
1094	-2.050738	12.716039	
1095	-1.648414	12.779010	
1096	-1.196497	12.728255	
1097	-0.696153	12.572957	
1098	-0.153566	12.335574	
1099	0.420736	12.049739	
1100	1.012762	11.756795	
1101	1.608465	11.495089	
1102	2.197717	11.287629	
1103	2.776121	11.138842	
1104	3.344887	11.039422	
1105	3.909009	10.972659	
1106	4.474064	10.920912	
1107	5.044156	10.870958	
1108	5.622236	10.815137	
1109	6.211204	10.748956	
1110	6.814578	10.668745	
1111	7.436820	10.571794	
1112	8.083471	10.458442	
1113	8.761083	10.333019	
1114	9.476230	10.201725	
1115	10.233201	10.069452	
1116	11.031842	9.938420	
1117	11.868096	9.808494	
1118	12.736808	9.677362	
1119	13.633486	9.540435	
1120	14.554597	9.391826	
1121	15.497784	9.226391	
1122	16.461472	9.040867	
1123	17.443332	8.833967	
1124	18.439654	8.606050	
1125	19.446806	8.357677	
1126	20.461240	8.089375	
1127	21.476992	7.803875	
1128	22.485394	7.506231	
1129	23.477884	7.200189	
1130	24.447915	6.885690	
1131	25.390548	6.560267	
1132	26.301371	6.221510	
1133	27.176329	5.867843	
1134	28.013191	5.497922	
1135	28.813839	5.110276	
1136	29.585078	4.704080	
1137	30.337535	4.279422	
1138	31.084022	3.836756	
1139	31.836605	3.377482	
1140	32.603311	2.905111	
1141	33.387164	2.425491	
1142	34.185866	1.946069	
1143	34.991624	1.474425	
1144	35.792317	1.015664	
1145	36.571839	0.568212	
1146	37.309841	0.122392	
1147	37.983029	-0.335313	
1148	38.570590	-0.818652	
1149	39.061482	-1.340263	
1150	39.454114	-1.908169	
1151	39.749719	-2.522084	
1152	39.949946	-3.170631	
1153	40.059780	-3.826884	
1154	40.092784	-4.445118	
1155	40.078445	-4.961226	
1156	40.070270	-5.290329	
1157	40.158775	-5.313790	
1158	40.517280	-4.851319	
1159	41.552223	-3.607807	
1160	44.301674	-1.105715	
1161	50.815592	3.180401	
1162	61.752049	8.764852	
1163	73.881503	13.853709	
1164	84.093870	17.715500	
1165	91.294268	20.386091	
1166	95.936418	22.075059	
1167	98.835421	23.058262	
1168	100.618087	23.597938	
1169	101.676519	23.951368	
1170	102.240272	24.409414	
1171	102.443876	25.318795	
1172	102.377747	27.079928	
1173	102.134446	30.141510	
1174	101.860257	35.031238	
1175	101.820810	42.453004	
1176	102.483957	53.461421	
1177	104.635871	69.508690	
1178	110.802313	91.568815	
1179	136.168738	125.710253	
1180	175.194398	-146.503022	
1181	178.441678	-132.064063	
1182	164.279852	175.601074	
1183	147.769235	135.827299	
1184	145.087869	116.911872	
1185	150.559345	92.889054	
1186	150.022559	43.824986	
1187	139.453487	-2.566672	
1188	78.545325	-7.652663	
1189	59.112262	-11.275516	
1190	43.507304	-14.456850	
1191	32.265332	-10.496720	
1192	26.183443	-8.979652	
1193	22.155497	-8.408248	
1194	19.346381	-8.062119	
1195	17.361573	-7.738939	
1196	15.953703	-7.389501	
1197	14.949788	-7.025354	
1198	14.201480	-6.685802	
1199	13.567899	-6.421351	
1200	12.946135	-6.282888	
1201	12.301052	-6.304213	
1202	11.647397	-6.482631	
1203	10.996449	-6.781555	
1204	10.315599	-7.157026	
1205	9.535737	-7.579120	
1206	8.592132	-8.032808	
1207	7.457374	-8.506727	
1208	6.153432	-8.978172	
1209	4.743061	-9.407721	
1210	3.297715	-9.753191	
1211	1.868973	-9.987116	
1212	0.485989	-10.102017	
1213	-0.835016	-10.107311	
1214	-2.084345	-10.023107	
1215	-3.255297	-9.871199	
1216	-4.340461	-9.665867	
1217	-5.330058	-9.408818	
1218	-6.212835	-9.088032	
1219	-6.977893	-8.679962	
1220	-7.618800	-8.155175	
1221	-8.136351	-7.475800	
1222	-8.531275	-6.565668	
1223	-8.780179	-5.223822	
1224	-8.747002	-2.865593	
1225	-7.537381	2.600336	
1226	13.327723	34.953161	
1227	62.245225	162.641941	
1228	63.402484	168.122846	
1229	63.482981	170.033061	
1230	63.343990	171.200864	
1231	63.075522	171.999707	
1232	62.719706	172.536971	
1233	62.303715	172.876289	
1234	61.843209	173.051963	
1235	61.347813	173.082893	
1236	60.825907	172.994125	
1237	60.288670	172.818488	
1238	59.753687	172.589527	
1239	59.247572	172.340727	
1240	58.803001	172.105505	
1241	58.448355	171.914714	
1242	58.198735	171.793904	
1243	58.055750	171.761729	
1244	58.014813	171.826472	
1245	58.074250	171.978790	
1246	58.235537	172.189353	
1247	58.492480	172.417305	
1248	58.826607	172.629593	
1249	59.217896	172.825802	
1250	59.653231	173.043254	
1251	60.120891	173.331454	
1252	60.603848	173.723854	
1253	61.082185	174.223888	
1254	61.541324	174.804251	
1255	61.976968	175.417825	
1256	62.389311	176.007337	
1257	62.774063	176.515635	
1258	63.121540	176.904907	
1259	63.420572	177.169544	
1260	63.662331	177.332684	
1261	63.845608	177.433915	
1262	63.981487	177.515825	
1263	64.093100	177.615053	
1264	64.211233	177.762932	
1265	64.370095	177.996006	
1266	64.603303	178.365235	
1267	64.937900	178.931068	
1268	65.390070	179.737891	
1269	65.964375	-179.222862	
1270	66.653740	-178.019152	
1271	67.439201	-176.743540	
1272	68.284864	-175.489837	
1273	69.124861	-174.363511	
1274	69.851670	-173.500867	
1275	70.315470	-173.083755	
1276	70.334639	-173.352324	
1277	69.731192	-174.616146	
1278	68.475020	-177.256579	
1279	67.385285	178.313607	
1280	75.648203	172.786279	
1281	115.714411	159.351923	
1282	148.471745	124.560100	
1283	168.497443	84.451031	
1284	-178.567381	46.258852	
1285	-169.121339	8.814841	
1286	-159.669461	-33.977049	
1287	-142.013113	-96.495622	
1288	-118.554629	-146.684662	
1289	-101.603026	-169.247631	
1290	-91.323610	179.648105	
1291	-85.954962	174.342724	
1292	-83.110220	171.867806	
1293	-81.518012	170.852898	
1294	-80.706723	170.741034	
1295	-80.577549	171.361611	
1296	-81.234277	172.763464	
1297	-83.244711	175.156143	
1298	-92.069691	177.610404	
1299	-111.127969	79.013978	
1300	-140.514771	105.600911	
1301	-147.073742	109.333545	
1302	-152.348279	128.010392	
1303	25.712682	-85.288196	
1304	-32.444135	-72.066223	
1305	-34.743967	-71.827817	
1306	NaN	NaN	
1307	NaN	NaN	
1308	NaN	NaN	
1309	NaN	NaN	
1310	NaN	NaN	
1311	NaN	NaN	
1312	NaN	NaN	
1313	NaN	NaN	
1314	NaN	NaN	
1315	NaN	NaN	
1316	NaN	NaN	
1317	NaN	NaN	
1318	NaN	NaN	
1319	NaN	NaN	
1320	NaN	NaN	
1321	NaN	NaN	
1322	NaN	NaN	
1323	NaN	NaN	
1324	NaN	NaN	
1325	NaN	NaN	
1326	NaN	NaN	
1327	NaN	NaN	
1328	NaN	NaN	
1329	NaN	NaN	
1330	NaN	NaN	
1331	NaN	NaN	
1332	NaN	NaN	
1333	NaN	NaN	
