Athlete_Engineering	// User ID
11-2-2021	// Evaluation date
P003_WALK1	23-1-2021	14:54:37:804	// Source file name and timestamp
250.000	// Sampling rate
5.783	// Data capture period



Sample #	Right_Leg_Flexion	Right_Leg_Abduction	
0	-11.837415	-0.337495	
1	-11.810884	-0.399765	
2	-11.783057	-0.468768	
3	-11.757546	-0.544853	
4	-11.737004	-0.626571	
5	-11.722950	-0.710379	
6	-11.715740	-0.791061	
7	-11.714751	-0.863046	
8	-11.718899	-0.921538	
9	-11.726809	-0.962932	
10	-11.736438	-0.985606	
11	-11.744987	-0.991251	
12	-11.749992	-0.985076	
13	-11.750631	-0.974175	
14	-11.747461	-0.965448	
15	-11.741173	-0.964534	
16	-11.732126	-0.975618	
17	-11.720534	-1.001112	
18	-11.706541	-1.040512	
19	-11.690587	-1.089292	
20	-11.673789	-1.139975	
21	-11.657899	-1.184713	
22	-11.645488	-1.215943	
23	-11.639788	-1.226178	
24	-11.643055	-1.209876	
25	-11.655045	-1.165304	
26	-11.673373	-1.094946	
27	-11.694748	-1.006016	
28	-11.715858	-0.909531	
29	-11.733871	-0.817181	
30	-11.746344	-0.738945	
31	-11.751155	-0.681814	
32	-11.747121	-0.648748	
33	-11.734324	-0.638898	
34	-11.713538	-0.649118	
35	-11.685724	-0.675515	
36	-11.652035	-0.714690	
37	-11.613867	-0.764776	
38	-11.572882	-0.825819	
39	-11.531076	-0.898570	
40	-11.490553	-0.982202	
41	-11.453388	-1.073077	
42	-11.422148	-1.165454	
43	-11.400466	-1.253007	
44	-11.392564	-1.330438	
45	-11.401351	-1.394761	
46	-11.426564	-1.445332	
47	-11.464875	-1.482810	
48	-11.511645	-1.508161	
49	-11.562697	-1.521875	
50	-11.615238	-1.523458	
51	-11.667820	-1.511795	
52	-11.719804	-1.485833	
53	-11.771108	-1.445121	
54	-11.822394	-1.390673	
55	-11.875215	-1.325560	
56	-11.931877	-1.253932	
57	-11.994265	-1.179331	
58	-12.061615	-1.103869	
59	-12.130067	-1.027817	
60	-12.195008	-0.949413	
61	-12.253110	-0.866295	
62	-12.302363	-0.777970	
63	-12.341398	-0.687190	
64	-12.369388	-0.599311	
65	-12.386037	-0.520705	
66	-12.390732	-0.458790	
67	-12.382216	-0.423062	
68	-12.360386	-0.423784	
69	-12.328579	-0.468475	
70	-12.293801	-0.559108	
71	-12.264820	-0.690876	
72	-12.249645	-0.851337	
73	-12.253703	-1.020621	
74	-12.278546	-1.174574	
75	-12.321012	-1.289284	
76	-12.374638	-1.346586	
77	-12.433626	-1.341861	
78	-12.495648	-1.286794	
79	-12.560744	-1.201878	
80	-12.628625	-1.107584	
81	-12.697448	-1.020669	
82	-12.764228	-0.953451	
83	-12.825635	-0.914846	
84	-12.878694	-0.911460	
85	-12.921872	-0.946007	
86	-12.956329	-1.014823	
87	-12.986281	-1.108331	
88	-13.017998	-1.213689	
89	-13.057213	-1.315964	
90	-13.106259	-1.398642	
91	-13.163425	-1.446752	
92	-13.224502	-1.451056	
93	-13.284452	-1.410218	
94	-13.338388	-1.331159	
95	-13.381996	-1.228142	
96	-13.411565	-1.119470	
97	-13.424063	-1.021943	
98	-13.417272	-0.946510	
99	-13.389965	-0.897353	
100	-13.342912	-0.872938	
101	-13.280275	-0.867969	
102	-13.209156	-0.875784	
103	-13.136703	-0.888994	
104	-13.066900	-0.898964	
105	-12.999876	-0.898157	
106	-12.934254	-0.884249	
107	-12.869827	-0.860245	
108	-12.807943	-0.830731	
109	-12.750086	-0.799048	
110	-12.697119	-0.765941	
111	-12.649730	-0.728526	
112	-12.608612	-0.681119	
113	-12.574341	-0.618241	
114	-12.547539	-0.537145	
115	-12.529170	-0.438583	
116	-12.521115	-0.327192	
117	-12.526349	-0.212044	
118	-12.547352	-0.106372	
119	-12.583445	-0.025476	
120	-12.629434	0.017924	
121	-12.677091	0.019606	
122	-12.718676	-0.013877	
123	-12.749515	-0.070269	
124	-12.768240	-0.138999	
125	-12.776418	-0.213473	
126	-12.778107	-0.289715	
127	-12.778052	-0.366109	
128	-12.779252	-0.443777	
129	-12.782074	-0.525577	
130	-12.785455	-0.614317	
131	-12.789296	-0.711488	
132	-12.796644	-0.816799	
133	-12.813538	-0.927307	
134	-12.845572	-1.034929	
135	-12.893822	-1.124289	
136	-12.953645	-1.176046	
137	-13.016494	-1.176566	
138	-13.072819	-1.125461	
139	-13.115068	-1.034797	
140	-13.140003	-0.924448	
141	-13.148397	-0.817311	
142	-13.142573	-0.733273	
143	-13.125229	-0.683224	
144	-13.100348	-0.666026	
145	-13.073339	-0.670738	
146	-13.049336	-0.683687	
147	-13.031453	-0.694885	
148	-13.020322	-0.699999	
149	-13.014489	-0.699702	
150	-13.011202	-0.698394	
151	-13.007547	-0.703574	
152	-13.001640	-0.725842	
153	-12.992794	-0.775326	
154	-12.980222	-0.853204	
155	-12.961649	-0.946342	
156	-12.933672	-1.031346	
157	-12.893534	-1.083540	
158	-12.840297	-1.084731	
159	-12.774901	-1.028387	
160	-12.700090	-0.921362	
161	-12.619919	-0.780908	
162	-12.537891	-0.629362	
163	-12.454632	-0.490375	
164	-12.367520	-0.385525	
165	-12.272530	-0.329248	
166	-12.166328	-0.324407	
167	-12.047796	-0.360518	
168	-11.918770	-0.415261	
169	-11.783383	-0.460479	
170	-11.646471	-0.472138	
171	-11.511745	-0.440227	
172	-11.380330	-0.371398	
173	-11.251254	-0.280600	
174	-11.123166	-0.179736	
175	-10.994505	-0.074629	
176	-10.862605	0.030585	
177	-10.724023	0.130411	
178	-10.575470	0.219005	
179	-10.413608	0.292086	
180	-10.233847	0.347744	
181	-10.029921	0.386395	
182	-9.795831	0.411239	
183	-9.528753	0.429816	
184	-9.230036	0.454251	
185	-8.903929	0.497213	
186	-8.555358	0.566180	
187	-8.187724	0.662018	
188	-7.801817	0.781192	
189	-7.396603	0.916292	
190	-6.970626	1.055624	
191	-6.523321	1.184798	
192	-6.057240	1.288331	
193	-5.578816	1.350044	
194	-5.094506	1.355165	
195	-4.605584	1.294636	
196	-4.107314	1.166471	
197	-3.592992	0.973473	
198	-3.058694	0.725038	
199	-2.505359	0.441250	
200	-1.937857	0.149596	
201	-1.362512	-0.124789	
202	-0.785107	-0.367893	
203	-0.211162	-0.577282	
204	0.351899	-0.754017	
205	0.893324	-0.896335	
206	1.399540	-0.998937	
207	1.855636	-1.053290	
208	2.247235	-1.048499	
209	2.562951	-0.974347	
210	2.797455	-0.826298	
211	2.953933	-0.610627	
212	3.043020	-0.345729	
213	3.077751	-0.057784	
214	3.069029	0.226432	
215	3.024381	0.486288	
216	2.948746	0.711412	
217	2.845945	0.900957	
218	2.719432	1.058869	
219	2.572229	1.188797	
220	2.406604	1.292180	
221	2.222998	1.369759	
222	2.020111	1.421420	
223	1.797505	1.443562	
224	1.557207	1.430478	
225	1.302719	1.378392	
226	1.037395	1.285635	
227	0.762695	1.152399	
228	0.477627	0.982936	
229	0.180881	0.785868	
230	-0.127645	0.573337	
231	-0.448014	0.359792	
232	-0.781006	0.157841	
233	-1.126709	-0.025472	
234	-1.482452	-0.189379	
235	-1.842866	-0.337569	
236	-2.202720	-0.473560	
237	-2.558651	-0.597579	
238	-2.907975	-0.707436	
239	-3.247781	-0.801049	
240	-3.575602	-0.880012	
241	-3.889914	-0.950194	
242	-4.189781	-1.016015	
243	-4.474472	-1.074585	
244	-4.743476	-1.116879	
245	-4.996949	-1.136287	
246	-5.236458	-1.136109	
247	-5.465394	-1.127295	
248	-5.688435	-1.120245	
249	-5.909973	-1.119925	
250	-6.132655	-1.126020	
251	-6.357375	-1.135514	
252	-6.583756	-1.147350	
253	-6.810732	-1.164267	
254	-7.038550	-1.186503	
255	-7.270186	-1.206667	
256	-7.508656	-1.215589	
257	-7.752821	-1.211474	
258	-7.997047	-1.201712	
259	-8.234424	-1.198698	
260	-8.460078	-1.215054	
261	-8.672265	-1.259515	
262	-8.871438	-1.335327	
263	-9.059724	-1.443181	
264	-9.240657	-1.584054	
265	-9.417855	-1.756326	
266	-9.593839	-1.950630	
267	-9.769789	-2.149953	
268	-9.945647	-2.335643	
269	-10.120096	-2.493231	
270	-10.291124	-2.614176	
271	-10.457987	-2.695783	
272	-10.622725	-2.741016	
273	-10.789294	-2.758222	
274	-10.961361	-2.761109	
275	-11.141152	-2.765653	
276	-11.330568	-2.784171	
277	-11.533018	-2.822789	
278	-11.753473	-2.881494	
279	-11.996551	-2.954519	
280	-12.264339	-3.033286	
281	-12.555629	-3.109479	
282	-12.866559	-3.176435	
283	-13.191636	-3.229947	
284	-13.524473	-3.267950	
285	-13.857965	-3.290035	
286	-14.184349	-3.297461	
287	-14.495405	-3.294204	
288	-14.782986	-3.288480	
289	-15.040633	-3.289491	
290	-15.265292	-3.301317	
291	-15.457798	-3.322436	
292	-15.621829	-3.349654	
293	-15.762044	-3.380598	
294	-15.884185	-3.413319	
295	-15.996466	-3.444333	
296	-16.107929	-3.468189	
297	-16.224430	-3.480066	
298	-16.346945	-3.479721	
299	-16.473930	-3.473610	
300	-16.604020	-3.471671	
301	-16.735207	-3.478937	
302	-16.862511	-3.490242	
303	-16.977690	-3.495487	
304	-17.070997	-3.488431	
305	-17.133335	-3.467257	
306	-17.157107	-3.429431	
307	-17.135351	-3.370514	
308	-17.062236	-3.286178	
309	-16.936573	-3.172161	
310	-16.764066	-3.023352	
311	-16.555232	-2.835203	
312	-16.322036	-2.607720	
313	-16.075569	-2.348977	
314	-15.825031	-2.075065	
315	-15.579256	-1.806321	
316	-15.349223	-1.563107	
317	-15.148760	-1.364013	
318	-14.994416	-1.222218	
319	-14.904324	-1.139415	
320	-14.894281	-1.106391	
321	-14.972594	-1.109338	
322	-15.136469	-1.131737	
323	-15.371191	-1.151490	
324	-15.651674	-1.141509	
325	-15.945927	-1.077529	
326	-16.221560	-0.946898	
327	-16.454824	-0.750879	
328	-16.636266	-0.502559	
329	-16.767253	-0.223640	
330	-16.852503	0.060640	
331	-16.897160	0.327193	
332	-16.906172	0.561209	
333	-16.882540	0.761920	
334	-16.827060	0.941803	
335	-16.739583	1.118576	
336	-16.619983	1.307535	
337	-16.468832	1.517545	
338	-16.287678	1.750434	
339	-16.078863	2.004470	
340	-15.845506	2.277651	
341	-15.591329	2.566469	
342	-15.319426	2.864074	
343	-15.031414	3.161260	
344	-14.728693	3.448137	
345	-14.414538	3.716099	
346	-14.095323	3.960737	
347	-13.780426	4.183675	
348	-13.480410	4.392379	
349	-13.204627	4.597735	
350	-12.960492	4.808748	
351	-12.753700	5.027397	
352	-12.587475	5.248361	
353	-12.462393	5.464230	
354	-12.378034	5.670772	
355	-12.333351	5.866603	
356	-12.324921	6.050733	
357	-12.347161	6.223964	
358	-12.395070	6.391104	
359	-12.465369	6.558828	
360	-12.555169	6.731528	
361	-12.660809	6.909588	
362	-12.777674	7.090167	
363	-12.899875	7.269273	
364	-13.019557	7.444411	
365	-13.127526	7.616142	
366	-13.216150	7.787415	
367	-13.281987	7.960483	
368	-13.326270	8.132954	
369	-13.353789	8.296787	
370	-13.370247	8.441122	
371	-13.379428	8.556602	
372	-13.382804	8.638992	
373	-13.381545	8.690159	
374	-13.378496	8.716832	
375	-13.378047	8.729019	
376	-13.384335	8.737604	
377	-13.399881	8.750456	
378	-13.425847	8.769345	
379	-13.463216	8.789925	
380	-13.513281	8.804314	
381	-13.577093	8.804217	
382	-13.654440	8.782988	
383	-13.743255	8.736589	
384	-13.840023	8.663905	
385	-13.940545	8.566479	
386	-14.040780	8.448546	
387	-14.138264	8.316847	
388	-14.233480	8.179231	
389	-14.329825	8.043983	
390	-14.431666	7.920093	
391	-14.541240	7.816326	
392	-14.656785	7.739775	
393	-14.772954	7.694327	
394	-14.882369	7.679111	
395	-14.977889	7.689572	
396	-15.054880	7.720480	
397	-15.112472	7.767037	
398	-15.153462	7.824049	
399	-15.182447	7.884955	
400	-15.203105	7.941588	
401	-15.217063	7.986301	
402	-15.224900	8.015945	
403	-15.227206	8.032789	
404	-15.224643	8.040842	
405	-15.218074	8.041974	
406	-15.208638	8.034752	
407	-15.197175	8.015845	
408	-15.184264	7.982765	
409	-15.171279	7.935767	
410	-15.160418	7.877790	
411	-15.152764	7.812956	
412	-15.146865	7.745053	
413	-15.140374	7.677266	
414	-15.132992	7.612306	
415	-15.127279	7.552039	
416	-15.127182	7.497282	
417	-15.135384	7.447313	
418	-15.151044	7.398435	
419	-15.170491	7.343863	
420	-15.189505	7.276453	
421	-15.203723	7.191935	
422	-15.208237	7.090037	
423	-15.198971	6.973770	
424	-15.174586	6.848266	
425	-15.136030	6.719622	
426	-15.084634	6.593783	
427	-15.022378	6.476245	
428	-14.954096	6.372999	
429	-14.887055	6.290493	
430	-14.827160	6.233470	
431	-14.776828	6.204058	
432	-14.736288	6.203031	
433	-14.704339	6.229469	
434	-14.677372	6.278978	
435	-14.649601	6.344794	
436	-14.615111	6.421078	
437	-14.569235	6.503664	
438	-14.508200	6.588887	
439	-14.427949	6.673745	
440	-14.323699	6.756386	
441	-14.191801	6.836205	
442	-14.033091	6.914021	
443	-13.854504	6.990688	
444	-13.667045	7.065127	
445	-13.481964	7.134495	
446	-13.308195	7.195395	
447	-13.151451	7.244621	
448	-13.014294	7.280572	
449	-12.896889	7.305135	
450	-12.796737	7.323071	
451	-12.706855	7.338899	
452	-12.615079	7.355346	
453	-12.506170	7.374302	
454	-12.366259	7.397897	
455	-12.188178	7.428685	
456	-11.974477	7.468752	
457	-11.735695	7.518729	
458	-11.485025	7.577818	
459	-11.232864	7.644166	
460	-10.983849	7.715380	
461	-10.736926	7.789563	
462	-10.488050	7.866060	
463	-10.233646	7.944751	
464	-9.972124	8.024207	
465	-9.703208	8.100447	
466	-9.426452	8.167609	
467	-9.139850	8.220689	
468	-8.839987	8.258984	
469	-8.523826	8.286673	
470	-8.190102	8.309450	
471	-7.839749	8.331475	
472	-7.475811	8.355159	
473	-7.102345	8.381724	
474	-6.722400	8.411498	
475	-6.337096	8.444197	
476	-5.946174	8.478586	
477	-5.547738	8.511754	
478	-5.137912	8.539727	
479	-4.712600	8.559875	
480	-4.269471	8.572560	
481	-3.807977	8.579664	
482	-3.328456	8.581525	
483	-2.831400	8.576109	
484	-2.317077	8.560666	
485	-1.785540	8.532814	
486	-1.236327	8.490598	
487	-0.668039	8.433488	
488	-0.078586	8.363311	
489	0.534297	8.283181	
490	1.172498	8.196258	
491	1.836908	8.106648	
492	2.527252	8.020627	
493	3.242236	7.945508	
494	3.979726	7.886557	
495	4.737372	7.845111	
496	5.513765	7.819516	
497	6.309333	7.806595	
498	7.125836	7.802000	
499	7.964819	7.800126	
500	8.826976	7.793826	
501	9.712480	7.774567	
502	10.620408	7.734001	
503	11.547849	7.665767	
504	12.491038	7.565796	
505	13.448669	7.432086	
506	14.424574	7.265631	
507	15.425975	7.070998	
508	16.458633	6.855076	
509	17.524342	6.625069	
510	18.621713	6.385793	
511	19.748357	6.136746	
512	20.901321	5.872059	
513	22.072564	5.584628	
514	23.245568	5.271750	
515	24.400609	4.938521	
516	25.522995	4.597085	
517	26.606527	4.262451	
518	27.652081	3.946595	
519	28.663737	3.653875	
520	29.645596	3.381961	
521	30.600718	3.127032	
522	31.530673	2.887175	
523	32.435745	2.662467	
524	33.316077	2.453183	
525	34.171380	2.256073	
526	34.999510	2.061438	
527	35.797313	1.854885	
528	36.562899	1.622096	
529	37.295814	1.352698	
530	37.995739	1.043319	
531	38.662161	0.700112	
532	39.294075	0.337588	
533	39.888383	-0.026194	
534	40.439047	-0.373752	
535	40.938055	-0.689933	
536	41.376978	-0.962442	
537	41.748902	-1.181868	
538	42.049613	-1.341864	
539	42.277163	-1.440254	
540	42.431851	-1.479800	
541	42.517070	-1.466779	
542	42.539311	-1.408023	
543	42.507523	-1.308828	
544	42.432163	-1.172670	
545	42.322651	-1.002268	
546	42.184335	-0.801721	
547	42.018063	-0.577732	
548	41.822092	-0.338101	
549	41.593830	-0.089607	
550	41.330223	0.163040	
551	41.027623	0.418129	
552	40.682622	0.677237	
553	40.293572	0.943474	
554	39.861809	1.218559	
555	39.391548	1.501095	
556	38.887733	1.785990	
557	38.353819	2.063752	
558	37.790985	2.321358	
559	37.197348	2.544689	
560	36.567759	2.720378	
561	35.895782	2.838652	
562	35.176349	2.897090	
563	34.406820	2.900474	
564	33.586220	2.856226	
565	32.714025	2.771059	
566	31.789859	2.650383	
567	30.814401	2.496315	
568	29.790644	2.304492	
569	28.724119	2.064791	
570	27.621524	1.766636	
571	26.488615	1.404660	
572	25.329132	0.981344	
573	24.145868	0.506081	
574	22.942668	-0.008686	
575	21.724556	-0.551504	
576	20.496107	-1.111600	
577	19.261285	-1.675428	
578	18.024674	-2.226638	
579	16.791251	-2.750359	
580	15.564752	-3.236950	
581	14.346970	-3.682285	
582	13.138385	-4.085980	
583	11.938604	-4.450492	
584	10.746345	-4.780293	
585	9.560003	-5.079942	
586	8.378591	-5.353400	
587	7.201262	-5.603797	
588	6.025745	-5.831584	
589	4.849033	-6.033998	
590	3.670505	-6.207433	
591	2.493561	-6.349318	
592	1.324301	-6.457886	
593	0.169459	-6.531734	
594	-0.965201	-6.569478	
595	-2.075953	-6.568644	
596	-3.160401	-6.526039	
597	-4.215243	-6.440491	
598	-5.235414	-6.314316	
599	-6.215769	-6.151982	
600	-7.152689	-5.959039	
601	-8.043742	-5.743549	
602	-8.887418	-5.516763	
603	-9.684575	-5.288016	
604	-10.439188	-5.058993	
605	-11.156439	-4.826269	
606	-11.840552	-4.587141	
607	-12.494144	-4.339979	
608	-13.117854	-4.083312	
609	-13.709980	-3.819171	
610	-14.267146	-3.555819	
611	-14.785632	-3.306799	
612	-15.262195	-3.089287	
613	-15.694186	-2.921154	
614	-16.078484	-2.816562	
615	-16.409900	-2.783477	
616	-16.682758	-2.823809	
617	-16.894629	-2.934275	
618	-17.046185	-3.106061	
619	-17.137878	-3.325304	
620	-17.168239	-3.577453	
621	-17.134029	-3.850374	
622	-17.032039	-4.130879	
623	-16.862156	-4.401403	
624	-16.629028	-4.644305	
625	-16.341247	-4.848438	
626	-16.009099	-5.009969	
627	-15.643827	-5.128665	
628	-15.259377	-5.205156	
629	-14.873044	-5.240802	
630	-14.503869	-5.237506	
631	-14.170958	-5.196164	
632	-13.891485	-5.115659	
633	-13.677678	-4.992820	
634	-13.534792	-4.821761	
635	-13.461522	-4.593227	
636	-13.450692	-4.296541	
637	-13.489256	-3.923442	
638	-13.560192	-3.470446	
639	-13.645909	-2.939160	
640	-13.730771	-2.336070	
641	-13.802394	-1.673633	
642	-13.851532	-0.972549	
643	-13.870983	-0.262648	
644	-13.854625	0.419128	
645	-13.796623	1.034514	
646	-13.691275	1.552855	
647	-13.534344	1.958637	
648	-13.324767	2.253333	
649	-13.064698	2.450889	
650	-12.757699	2.570499	
651	-12.406717	2.633366	
652	-12.013275	2.665078	
653	-11.578739	2.696491	
654	-11.106678	2.758622	
655	-10.603972	2.875962	
656	-10.080665	3.062530	
657	-9.548975	3.321299	
658	-9.020701	3.646702	
659	-8.505521	4.027275	
660	-8.011977	4.446586	
661	-7.547912	4.885609	
662	-7.119177	5.326261	
663	-6.729071	5.751748	
664	-6.379213	6.145975	
665	-6.070947	6.495712	
666	-5.806746	6.792608	
667	-5.590774	7.033650	
668	-5.427863	7.222027	
669	-5.321627	7.367132	
670	-5.272998	7.482038	
671	-5.279235	7.580075	
672	-5.333585	7.672592	
673	-5.426716	7.768554	
674	-5.548640	7.874936	
675	-5.688766	7.996783	
676	-5.835574	8.137570	
677	-5.978356	8.300157	
678	-6.109494	8.487115	
679	-6.224341	8.700005	
680	-6.319159	8.937922	
681	-6.390307	9.195930	
682	-6.435518	9.464541	
683	-6.455305	9.730913	
684	-6.453505	9.981745	
685	-6.436916	10.206716	
686	-6.413794	10.399748	
687	-6.391845	10.557180	
688	-6.376832	10.676386	
689	-6.372219	10.757279	
690	-6.379415	10.803509	
691	-6.397897	10.820725	
692	-6.425514	10.814291	
693	-6.459305	10.788760	
694	-6.496195	10.748171	
695	-6.533188	10.696286	
696	-6.567288	10.637476	
697	-6.596024	10.577539	
698	-6.618349	10.522395	
699	-6.634278	10.476276	
700	-6.643613	10.442469	
701	-6.645310	10.424938	
702	-6.637465	10.427215	
703	-6.617760	10.449474	
704	-6.584622	10.488441	
705	-6.538131	10.540748	
706	-6.479456	10.605090	
707	-6.409698	10.680930	
708	-6.330417	10.766488	
709	-6.245406	10.857939	
710	-6.160192	10.949371	
711	-6.079432	11.034198	
712	-6.005903	11.107247	
713	-5.940965	11.164244	
714	-5.884649	11.199748	
715	-5.835984	11.208374	
716	-5.793807	11.189940	
717	-5.757201	11.152823	
718	-5.725377	11.110764	
719	-5.697654	11.076938	
720	-5.674943	11.060936	
721	-5.661848	11.066558	
722	-5.665246	11.088253	
723	-5.689417	11.110303	
724	-5.734457	11.113050	
725	-5.799745	11.083116	
726	-5.887258	11.020205	
727	-6.000599	10.937335	
728	-6.137801	10.854230	
729	-6.285838	10.787289	
730	-6.427309	10.743736	
731	-6.550788	10.721796	
732	-6.652435	10.714388	
733	-6.732375	10.714258	
734	-6.792609	10.717170	
735	-6.836144	10.721832	
736	-6.865806	10.728247	
737	-6.883832	10.735815	
738	-6.892780	10.742373	
739	-6.895936	10.744351	
740	-6.896261	10.737035	
741	-6.896073	10.715443	
742	-6.898502	10.676184	
743	-6.907554	10.618146	
744	-6.925176	10.541901	
745	-6.948322	10.450087	
746	-6.968556	10.348605	
747	-6.974223	10.247442	
748	-6.954588	10.158887	
749	-6.903373	10.091954	
750	-6.819234	10.048314	
751	-6.705117	10.024336	
752	-6.567994	10.016289	
753	-6.416667	10.022846	
754	-6.258724	10.042935	
755	-6.099474	10.073195	
756	-5.941329	10.108743	
757	-5.783572	10.145649	
758	-5.624702	10.182331	
759	-5.465212	10.219029	
760	-5.307510	10.256053	
761	-5.153339	10.292267	
762	-5.000892	10.325432	
763	-4.843495	10.354264	
764	-4.670884	10.379763	
765	-4.472129	10.405168	
766	-4.238057	10.435780	
767	-3.962148	10.477977	
768	-3.640648	10.537281	
769	-3.273825	10.616853	
770	-2.868532	10.716183	
771	-2.438755	10.830743	
772	-2.002055	10.953819	
773	-1.573742	11.078504	
774	-1.161770	11.198664	
775	-0.764510	11.309572	
776	-0.372803	11.408002	
777	0.024533	11.492934	
778	0.435526	11.567344	
779	0.863577	11.637648	
780	1.309737	11.711065	
781	1.774926	11.795357	
782	2.258700	11.898748	
783	2.758092	12.026072	
784	3.270583	12.175368	
785	3.796781	12.339598	
786	4.338274	12.511149	
787	4.895160	12.684890	
788	5.467333	12.858302	
789	6.056158	13.028995	
790	6.664248	13.191606	
791	7.294570	13.336807	
792	7.950066	13.453394	
793	8.634454	13.531822	
794	9.352291	13.566308	
795	10.106929	13.554099	
796	10.899096	13.493773	
797	11.727655	13.384582	
798	12.590421	13.225954	
799	13.484223	13.017006	
800	14.406051	12.757001	
801	15.354946	12.445741	
802	16.331806	12.083144	
803	17.337221	11.668834	
804	18.369776	11.201959	
805	19.425861	10.681577	
806	20.501048	10.108742	
807	21.591444	9.488711	
808	22.692763	8.830449	
809	23.799014	8.145594	
810	24.904196	7.449565	
811	26.004772	6.761448	
812	27.098501	6.100532	
813	28.180921	5.482744	
814	29.243747	4.918808	
815	30.276403	4.413990	
816	31.268668	3.968800	
817	32.212998	3.578741	
818	33.106697	3.233439	
819	33.952656	2.916885	
820	34.756738	2.608247	
821	35.523313	2.283784	
822	36.253278	1.921770	
823	36.945894	1.508227	
824	37.600737	1.040383	
825	38.217729	0.528015	
826	38.797272	-0.008277	
827	39.340679	-0.542666	
828	39.849250	-1.050357	
829	40.323105	-1.511602	
830	40.761662	-1.913025	
831	41.163250	-2.247145	
832	41.521721	-2.511379	
833	41.825429	-2.705410	
834	42.061757	-2.827596	
835	42.220797	-2.874604	
836	42.295457	-2.843501	
837	42.283258	-2.733232	
838	42.189593	-2.546476	
839	42.026722	-2.291639	
840	41.809165	-1.983087	
841	41.550224	-1.638354	
842	41.261127	-1.272602	
843	40.952136	-0.894822	
844	40.633917	-0.510355	
845	40.317089	-0.126186	
846	40.008785	0.248386	
847	39.707578	0.604231	
848	39.400509	0.932551	
849	39.064786	1.224616	
850	38.674850	1.473228	
851	38.212167	1.673214	
852	37.670905	1.820374	
853	37.056557	1.910517	
854	36.381710	1.937592	
855	35.661875	1.891359	
856	34.910956	1.759440	
857	34.137807	1.534063	
858	33.345914	1.216631	
859	32.535387	0.816581	
860	31.704964	0.348871	
861	30.852575	-0.169116	
862	29.975291	-0.724489	
863	29.069281	-1.313488	
864	28.129066	-1.936835	
865	27.146884	-2.585639	
866	26.113632	-3.226480	
867	25.023059	-3.805346	
868	23.876845	-4.270848	
869	22.684128	-4.591539	
870	21.457479	-4.757119	
871	20.210549	-4.774686	
872	18.955517	-4.665858	
873	17.700426	-4.461549	
874	16.449620	-4.195030	
875	15.205139	-3.897266	
876	13.966627	-3.594904	
877	12.732147	-3.309448	
878	11.500154	-3.057533	
879	10.269800	-2.851220	
880	9.039835	-2.696746	
881	7.808453	-2.593572	
882	6.575451	-2.535645	
883	5.344965	-2.514089	
884	4.124537	-2.519643	
885	2.921157	-2.543324	
886	1.739190	-2.575470	
887	0.581311	-2.605939	
888	-0.549925	-2.626741	
889	-1.651653	-2.633932	
890	-2.720930	-2.626658	
891	-3.754246	-2.605722	
892	-4.747712	-2.573149	
893	-5.699281	-2.531865	
894	-6.609998	-2.484947	
895	-7.482657	-2.434432	
896	-8.320182	-2.380554	
897	-9.125325	-2.321804	
898	-9.900959	-2.255823	
899	-10.649031	-2.182098	
900	-11.368365	-2.104453	
901	-12.054274	-2.029182	
902	-12.700432	-1.961047	
903	-13.300232	-1.902612	
904	-13.846467	-1.856334	
905	-14.331864	-1.824828	
906	-14.751429	-1.808804	
907	-15.103159	-1.807021	
908	-15.386008	-1.818832	
909	-15.598875	-1.845414	
910	-15.742212	-1.888924	
911	-15.819733	-1.950510	
912	-15.838034	-2.027569	
913	-15.804655	-2.112772	
914	-15.725950	-2.195958	
915	-15.605651	-2.266785	
916	-15.445585	-2.316947	
917	-15.249101	-2.341567	
918	-15.023947	-2.339075	
919	-14.781327	-2.310199	
920	-14.532716	-2.257621	
921	-14.288315	-2.187372	
922	-14.057900	-2.111546	
923	-13.851228	-2.049152	
924	-13.676869	-2.022374	
925	-13.541094	-2.049453	
926	-13.447421	-2.137210	
927	-13.396881	-2.275516	
928	-13.388021	-2.436616	
929	-13.414894	-2.581921	
930	-13.465428	-2.673386	
931	-13.523371	-2.683019	
932	-13.572548	-2.596614	
933	-13.600866	-2.411663	
934	-13.601995	-2.134357	
935	-13.573558	-1.778063	
936	-13.513482	-1.359194	
937	-13.417663	-0.890679	
938	-13.280289	-0.378997	
939	-13.095733	0.172473	
940	-12.860633	0.757062	
941	-12.574648	1.360939	
942	-12.238866	1.963518	
943	-11.853893	2.541301	
944	-11.420762	3.075505	
945	-10.943767	3.558574	
946	-10.431333	3.992814	
947	-9.894455	4.385728	
948	-9.345516	4.748073	
949	-8.798344	5.091672	
950	-8.267982	5.424968	
951	-7.769285	5.749821	
952	-7.315195	6.062288	
953	-6.915775	6.355578	
954	-6.577775	6.622601	
955	-6.304202	6.858282	
956	-6.093727	7.060583	
957	-5.939989	7.228849	
958	-5.832147	7.362268	
959	-5.757438	7.460504	
960	-5.704127	7.524249	
961	-5.663646	7.554677	
962	-5.631791	7.553359	
963	-5.608429	7.523143	
964	-5.596090	7.468878	
965	-5.598801	7.397430	
966	-5.620827	7.317446	
967	-5.664329	7.238508	
968	-5.727488	7.168198	
969	-5.804817	7.108945	
970	-5.888475	7.057964	
971	-5.969369	7.008820	
972	-6.038489	6.954560	
973	-6.088251	6.891901	
974	-6.113667	6.821365	
975	-6.114114	6.745760	
976	-6.094590	6.673980	
977	-6.064602	6.624119	
978	-6.034955	6.616086	
979	-6.014645	6.661049	
980	-6.009726	6.758922	
981	-6.023191	6.900810	
982	-6.054231	7.070750	
983	-6.098168	7.247817	
984	-6.148393	7.410658	
985	-6.198666	7.542679	
986	-6.244350	7.635039	
987	-6.283425	7.685511	
988	-6.318150	7.692219	
989	-6.355502	7.647972	
990	-6.404063	7.542001	
991	-6.469477	7.366449	
992	-6.552443	7.121311	
993	-6.649677	6.816202	
994	-6.755728	6.472009	
995	-6.865320	6.121197	
996	-6.976224	5.800462	
997	-7.090177	5.539872	
998	-7.210843	5.357905	
999	-7.341140	5.261901	
1000	-7.481989	5.251018	
1001	-7.632354	5.319906	
1002	-7.789748	5.458913	
1003	-7.951145	5.650725	
1004	-8.113463	5.869942	
1005	-8.272356	6.089768	
1006	-8.421824	6.290589	
1007	-8.556962	6.463090	
1008	-8.676075	6.605592	
1009	-8.778888	6.719358	
1010	-8.864009	6.804682	
1011	-8.929919	6.859921	
1012	-8.978352	6.883935	
1013	-9.015195	6.878854	
1014	-9.047509	6.849552	
1015	-9.080336	6.800620	
1016	-9.116307	6.734673	
1017	-9.156983	6.653172	
1018	-9.203482	6.557950	
1019	-9.256044	6.451964	
1020	-9.313804	6.339818	
1021	-9.375193	6.229075	
1022	-9.438061	6.129802	
1023	-9.499454	6.050702	
1024	-9.555935	5.996142	
1025	-9.604307	5.966680	
1026	-9.642176	5.961191	
1027	-9.668519	5.978976	
1028	-9.684061	6.020258	
1029	-9.691010	6.084177	
1030	-9.693043	6.166722	
1031	-9.696013	6.261924	
1032	-9.706640	6.364598	
1033	-9.728619	6.469348	
1034	-9.760293	6.566582	
1035	-9.795921	6.642675	
1036	-9.828869	6.686626	
1037	-9.854476	6.696118	
1038	-9.871421	6.677614	
1039	-9.881038	6.642658	
1040	-9.884550	6.603248	
1041	-9.881072	6.569856	
1042	-9.868643	6.551830	
1043	-9.846291	6.556035	
1044	-9.814971	6.585592	
1045	-9.776535	6.639203	
1046	-9.731651	6.710045	
1047	-9.679303	6.788895	
1048	-9.618272	6.869430	
1049	-9.548701	6.949385	
1050	-9.471694	7.029582	
1051	-9.386882	7.112264	
1052	-9.291048	7.198440	
1053	-9.179402	7.287989	
1054	-9.047117	7.380919	
1055	-8.890184	7.475361	
1056	-8.706072	7.567154	
1057	-8.493256	7.654266	
1058	-8.250460	7.739560	
1059	-7.977599	7.829099	
1060	-7.677140	7.929600	
1061	-7.353863	8.046875	
1062	-7.013367	8.184712	
1063	-6.660278	8.343842	
1064	-6.296882	8.522119	
1065	-5.922908	8.715670	
1066	-5.536553	8.917866	
1067	-5.136230	9.116986	
1068	-4.722101	9.297748	
1069	-4.296192	9.446559	
1070	-3.860893	9.554589	
1071	-3.417116	9.616527	
1072	-2.963729	9.629181	
1073	-2.499072	9.592712	
1074	-2.023294	9.512458	
1075	-1.539543	9.399120	
1076	-1.052635	9.266388	
1077	-0.565675	9.127753	
1078	-0.077350	8.995831	
1079	0.418051	8.882315	
1080	0.927049	8.795290	
1081	1.452003	8.736485	
1082	1.990648	8.702026	
1083	2.540781	8.685624	
1084	3.104251	8.680645	
1085	3.687228	8.679788	
1086	4.297799	8.674599	
1087	4.942509	8.656890	
1088	5.623548	8.621124	
1089	6.337851	8.565763	
1090	7.079094	8.493313	
1091	7.842295	8.409400	
1092	8.627356	8.321431	
1093	9.438237	8.237180	
1094	10.279533	8.162612	
1095	11.154154	8.099285	
1096	12.063137	8.042367	
1097	13.006602	7.979751	
1098	13.984863	7.893607	
1099	14.998691	7.764556	
1100	16.048405	7.576402	
1101	17.132944	7.320754	
1102	18.248675	7.000077	
1103	19.387597	6.625780	
1104	20.537565	6.213535	
1105	21.685314	5.781516	
1106	22.819495	5.348921	
1107	23.932005	4.929595	
1108	25.017763	4.527714	
1109	26.074429	4.142146	
1110	27.102831	3.772263	
1111	28.105759	3.418921	
1112	29.084661	3.083562	
1113	30.037859	2.768414	
1114	30.961732	2.476991	
1115	31.851902	2.213884	
1116	32.702915	1.983929	
1117	33.508512	1.791054	
1118	34.263788	1.636828	
1119	34.967843	1.518202	
1120	35.624492	1.425479	
1121	36.239755	1.342817	
1122	36.816664	1.251220	
1123	37.351032	1.131350	
1124	37.833629	0.966175	
1125	38.256865	0.744860	
1126	38.617545	0.465856	
1127	38.914292	0.138351	
1128	39.146640	-0.217741	
1129	39.318205	-0.575885	
1130	39.438970	-0.909264	
1131	39.524088	-1.194017	
1132	39.589885	-1.409827	
1133	39.648437	-1.541441	
1134	39.706079	-1.582879	
1135	39.766402	-1.541739	
1136	39.830512	-1.437530	
1137	39.894349	-1.293808	
1138	39.948898	-1.131543	
1139	39.982920	-0.967386	
1140	39.985532	-0.812680	
1141	39.949191	-0.672019	
1142	39.871335	-0.545799	
1143	39.752371	-0.435349	
1144	39.592670	-0.344360	
1145	39.390020	-0.275888	
1146	39.136647	-0.230016	
1147	38.820354	-0.205991	
1148	38.432118	-0.205768	
1149	37.970723	-0.234331	
1150	37.439341	-0.296347	
1151	36.843735	-0.390761	
1152	36.194741	-0.509632	
1153	35.506221	-0.644717	
1154	34.790163	-0.792160	
1155	34.055008	-0.949838	
1156	33.304570	-1.114787	
1157	32.535811	-1.283885	
1158	31.737398	-1.454017	
1159	30.890524	-1.620793	
1160	29.973765	-1.778302	
1161	28.971737	-1.920624	
1162	27.881226	-2.043287	
1163	26.709393	-2.143909	
1164	25.468586	-2.220118	
1165	24.169615	-2.261467	
1166	22.814189	-2.243022	
1167	21.399751	-2.128198	
1168	19.938401	-1.870727	
1169	18.463875	-1.404652	
1170	16.995330	-0.627644	
1171	15.481151	0.518104	
1172	13.978651	1.291195	
1173	12.890248	0.043168	
1174	11.867864	-1.927758	
1175	10.787626	-3.323448	
1176	9.779017	-4.259153	
1177	8.848293	-4.937728	
1178	7.937301	-5.463132	
1179	6.989139	-5.884206	
1180	5.967727	-6.230890	
1181	4.856867	-6.525446	
1182	3.659152	-6.782502	
1183	2.394922	-7.010377	
1184	1.095230	-7.212106	
1185	-0.206164	-7.383876	
1186	-1.477361	-7.513835	
1187	-2.693001	-7.583906	
1188	-3.840698	-7.575151	
1189	-4.925361	-7.475829	
1190	-5.964417	-7.287530	
1191	-6.975257	-7.023071	
1192	-7.966709	-6.697221	
1193	-8.937732	-6.318851	
1194	-9.878177	-5.890099	
1195	-10.772477	-5.410730	
1196	-11.606172	-4.882588	
1197	-12.370695	-4.311181	
1198	-13.065312	-3.706339	
1199	-13.695871	-3.084650	
1200	-14.271027	-2.472249	
1201	-14.799061	-1.903984	
1202	-15.284769	-1.415557	
1203	-15.727238	-1.031036	
1204	-16.122770	-0.756420	
1205	-16.470734	-0.586429	
1206	-16.774762	-0.513304	
1207	-17.037479	-0.524369	
1208	-17.253699	-0.593210	
1209	-17.407244	-0.676427	
1210	-17.476017	-0.724119	
1211	-17.442148	-0.700293	
1212	-17.297630	-0.601121	
1213	-17.043504	-0.461883	
1214	-16.687141	-0.342771	
1215	-16.243794	-0.295887	
1216	-15.740365	-0.337303	
1217	-15.210375	-0.446399	
1218	-14.683337	-0.587635	
1219	-14.182054	-0.731745	
1220	-13.725640	-0.865742	
1221	-13.329733	-0.992778	
1222	-13.004721	-1.125057	
1223	-12.754392	-1.274845	
1224	-12.574691	-1.446117	
1225	-12.454226	-1.629669	
1226	-12.377208	-1.804269	
1227	-12.326175	-1.941393	
1228	-12.284091	-2.011821	
1229	-12.236622	-1.994942	
1230	-12.173551	-1.886488	
1231	-12.088838	-1.697844	
1232	-11.979305	-1.447786	
1233	-11.842144	-1.154379	
1234	-11.672726	-0.830870	
1235	-11.464229	-0.484266	
1236	-11.209187	-0.117246	
1237	-10.901209	0.267634	
1238	-10.536478	0.667129	
1239	-10.117520	1.079993	
1240	-9.656422	1.506368	
1241	-9.171077	1.943381	
1242	-8.677840	2.383281	
1243	-8.188710	2.816505	
1244	-7.712496	3.236043	
1245	-7.256206	3.638221	
1246	-6.826928	4.020042	
1247	-6.433777	4.378406	
1248	-6.087275	4.712109	
1249	-5.795793	5.022702	
1250	-5.561948	5.313422	
1251	-5.381747	5.587699	
1252	-5.246087	5.847761	
1253	-5.143833	6.094144	
1254	-5.065555	6.326475	
1255	-5.005095	6.544850	
1256	-4.959334	6.750052	
1257	-4.927720	6.941105	
1258	-4.909235	7.112886	
1259	-4.899066	7.257820	
1260	-4.891009	7.370369	
1261	-4.882590	7.449867	
1262	-4.876121	7.499982	
1263	-4.876579	7.526856	
1264	-4.889848	7.537780	
1265	-4.921491	7.540321	
1266	-4.975225	7.541545	
1267	-5.051258	7.547138	
1268	-5.145846	7.559710	
1269	-5.253139	7.576672	
1270	-5.367617	7.590047	
1271	-5.483790	7.588282	
1272	-5.593707	7.557326	
1273	-5.687168	7.480741	
1274	-5.755731	7.339719	
1275	-5.795837	7.113549	
1276	-5.808290	6.784220	
1277	-5.795564	6.347051	
1278	-5.759643	5.823265	
1279	-5.701914	5.264056	
1280	-5.623600	4.733538	
1281	-5.525565	4.280127	
1282	-5.410041	3.924489	
1283	-5.283224	3.669846	
1284	-5.152274	3.518384	
1285	-5.016485	3.483764	
1286	-4.860706	3.597336	
1287	-4.659042	3.901122	
1288	-4.390588	4.422469	
1289	-4.055789	5.149714	
1290	-3.677901	6.037593	
1291	-3.291195	7.035600	
1292	-2.928600	8.108862	
1293	-2.615510	9.242076	
1294	-2.370605	10.436187	
1295	-2.212995	11.704078	
1296	-2.166960	13.068685	
1297	-2.248294	14.566898	
1298	-2.445669	16.254423	
1299	-2.727435	18.204787	
1300	-3.057159	20.505206	
1301	-3.385111	23.249231	
1302	-3.618866	26.517370	
1303	-3.587332	30.349154	
1304	-3.008183	34.744997	
1305	-1.440341	39.776214	
1306	1.844359	46.018241	
1307	6.125538	57.018876	
1308	-104.577737	109.807281	
1309	-111.991134	133.174528	
1310	-117.026586	136.621000	
1311	-123.561425	142.722309	
1312	-131.272132	151.664118	
1313	-140.577378	163.633467	
1314	-153.405750	-176.415918	
1315	-173.810093	-124.742290	
1316	138.150812	17.680829	
1317	164.412480	123.813999	
1318	83.327867	171.922089	
1319	75.109649	168.753095	
1320	72.366565	162.537336	
1321	-153.748760	77.774079	
1322	-156.081872	121.636787	
1323	-155.937688	126.775145	
1324	-148.369957	124.001695	
1325	-142.306566	124.013532	
1326	-139.159011	125.796947	
1327	-137.548478	126.832164	
1328	-136.802847	127.171498	
1329	-136.592869	127.203873	
1330	-136.721987	127.120005	
1331	-137.065847	126.988318	
1332	-137.542483	126.817356	
1333	-138.096054	126.584423	
1334	-138.686912	126.253889	
1335	-139.283740	125.791973	
1336	-139.857111	125.177145	
1337	-140.377738	124.405319	
1338	-140.821461	123.489880	
1339	-141.177265	122.458455	
1340	-141.452320	121.352438	
1341	-141.672750	120.233405	
1342	-141.876407	119.180717	
1343	-142.088327	118.254636	
1344	-142.298137	117.454565	
1345	-142.473621	116.731422	
1346	-142.594209	116.034083	
1347	-142.664135	115.331215	
1348	-142.701958	114.608608	
1349	-142.726513	113.862918	
1350	-142.751548	113.086854	
1351	-142.786096	112.254075	
1352	-142.833041	111.331223	
1353	-142.887247	110.304030	
1354	-142.938284	109.176368	
1355	-142.975703	107.949776	
1356	-142.992032	106.619967	
1357	-142.981837	105.189990	
1358	-142.938116	103.682551	
1359	-142.850404	102.146947	
1360	-142.708416	100.652926	
1361	-142.507581	99.267116	
1362	-142.249309	98.030162	
1363	-141.937118	96.953388	
1364	-141.575076	96.028378	
1365	-141.168670	95.234015	
1366	-140.724510	94.539606	
1367	-140.248638	93.908732	
1368	-139.744840	93.303707	
1369	-139.213380	92.689854	
1370	-138.650757	92.039269	
1371	-138.052166	91.330236	
1372	-137.415939	90.542366	
1373	-136.746303	89.657527	
1374	-136.053982	88.669218	
1375	-135.356667	87.589531	
1376	-134.679455	86.453131	
1377	-134.055029	85.327213	
1378	-133.523121	84.318479	
1379	-133.128969	83.559364	
1380	-132.921709	83.182704	
1381	-132.952435	83.313065	
1382	-133.271825	84.082038	
1383	-133.929034	85.649368	
1384	-134.972879	88.213259	
1385	-136.452885	92.003250	
1386	-138.414475	97.251334	
1387	-140.887346	104.142455	
1388	-143.873907	112.751235	
1389	-147.342605	122.974425	
1390	-151.227362	134.480632	
1391	-155.435756	146.710455	
1392	-159.864824	158.958293	
1393	-164.417339	170.533954	
1394	-169.011854	-179.070919	
1395	-173.585954	-170.107414	
1396	-178.097136	-162.599868	
1397	177.477749	-156.427332	
1398	173.147131	-151.404254	
1399	168.911082	-147.334632	
1400	164.764492	-144.037037	
1401	160.698233	-141.354282	
1402	156.701791	-139.157384	
1403	152.765099	-137.344327	
1404	149.550426	-132.662386	
1405	NaN	NaN	
1406	NaN	NaN	
1407	NaN	NaN	
1408	NaN	NaN	
1409	NaN	NaN	
1410	NaN	NaN	
1411	NaN	NaN	
1412	NaN	NaN	
1413	NaN	NaN	
1414	NaN	NaN	
1415	NaN	NaN	
1416	NaN	NaN	
1417	NaN	NaN	
1418	NaN	NaN	
1419	NaN	NaN	
1420	NaN	NaN	
1421	NaN	NaN	
1422	NaN	NaN	
1423	NaN	NaN	
1424	NaN	NaN	
1425	NaN	NaN	
1426	NaN	NaN	
1427	NaN	NaN	
1428	NaN	NaN	
1429	NaN	NaN	
1430	NaN	NaN	
1431	NaN	NaN	
1432	NaN	NaN	
1433	NaN	NaN	
1434	NaN	NaN	
1435	NaN	NaN	
1436	NaN	NaN	
1437	NaN	NaN	
1438	NaN	NaN	
1439	NaN	NaN	
1440	NaN	NaN	
1441	NaN	NaN	
1442	NaN	NaN	
1443	NaN	NaN	
1444	NaN	NaN	
1445	NaN	NaN	
