Athlete_Engineering	// User ID
11-2-2021	// Evaluation date
P003_SQUAT	23-1-2021	14:51:16:893	// Source file name and timestamp
250.000	// Sampling rate
6.966	// Data capture period



Sample #	Right_Leg_Flexion	Right_Leg_Abduction	
0	4.333263	-3.025490	
1	4.502502	-2.986302	
2	4.681191	-2.950493	
3	4.870312	-2.926624	
4	5.069765	-2.921102	
5	5.279255	-2.934857	
6	5.498882	-2.962034	
7	5.728746	-2.990636	
8	5.968118	-3.005559	
9	6.215058	-2.993486	
10	6.467004	-2.947144	
11	6.721921	-2.866262	
12	6.979059	-2.755370	
13	7.239135	-2.620766	
14	7.504614	-2.468139	
15	7.779571	-2.301622	
16	8.068308	-2.124304	
17	8.373873	-1.938839	
18	8.697561	-1.747801	
19	9.038928	-1.554577	
20	9.396159	-1.364180	
21	9.766693	-1.182579	
22	10.147503	-1.014653	
23	10.535071	-0.862716	
24	10.925553	-0.726570	
25	11.315441	-0.604001	
26	11.702753	-0.491699	
27	12.087856	-0.387319	
28	12.473216	-0.291153	
29	12.862631	-0.205706	
30	13.260508	-0.133943	
31	13.670896	-0.078094	
32	14.096017	-0.039526	
33	14.535135	-0.018603	
34	14.985269	-0.014098	
35	15.443559	-0.022921	
36	15.908844	-0.040669	
37	16.381398	-0.062669	
38	16.862297	-0.084630	
39	17.353171	-0.102073	
40	17.856398	-0.109147	
41	18.375480	-0.098509	
42	18.914168	-0.062276	
43	19.474398	0.007023	
44	20.055280	0.114905	
45	20.653458	0.262993	
46	21.264050	0.449512	
47	21.881765	0.671468	
48	22.501237	0.924678	
49	23.116891	1.202658	
50	23.723679	1.497751	
51	24.318056	1.803607	
52	24.897828	2.116275	
53	25.461166	2.432939	
54	26.006417	2.749190	
55	26.533342	3.057275	
56	27.044344	3.347183	
57	27.543873	3.609833	
58	28.036852	3.839559	
59	28.528624	4.033665	
60	29.025917	4.190548	
61	29.535755	4.309260	
62	30.062524	4.390912	
63	30.606836	4.440249	
64	31.167343	4.465199	
65	31.743130	4.474093	
66	32.334266	4.473787	
67	32.940099	4.470971	
68	33.556909	4.474684	
69	34.177268	4.496888	
70	34.792321	4.549469	
71	35.396080	4.638562	
72	35.988422	4.760488	
73	36.574177	4.903109	
74	37.159433	5.049622	
75	37.748279	5.180226	
76	38.342009	5.274692	
77	38.939854	5.318236	
78	39.538975	5.305808	
79	40.134127	5.243140	
80	40.719591	5.146570	
81	41.293060	5.040328	
82	41.857526	4.950270	
83	42.418971	4.897418	
84	42.982532	4.893759	
85	43.550579	4.939996	
86	44.122865	5.027616	
87	44.697364	5.144976	
88	45.270891	5.281410	
89	45.839498	5.428194	
90	46.399572	5.579106	
91	46.949517	5.730216	
92	47.490689	5.879476	
93	48.026633	6.027345	
94	48.560575	6.176538	
95	49.093207	6.330522	
96	49.622243	6.492643	
97	50.142867	6.665232	
98	50.650289	6.847389	
99	51.143799	7.031260	
100	51.627476	7.199762	
101	52.107468	7.331818	
102	52.589577	7.412373	
103	53.078434	7.436757	
104	53.577807	7.407765	
105	54.090765	7.332069	
106	54.619020	7.219346	
107	55.162838	7.081916	
108	55.721678	6.933374	
109	56.293716	6.788106	
110	56.874346	6.661056	
111	57.456156	6.565525	
112	58.030803	6.511397	
113	58.591171	6.505170	
114	59.132667	6.549025	
115	59.652939	6.639316	
116	60.150705	6.767510	
117	60.625375	6.923430	
118	61.078247	7.097373	
119	61.513910	7.279903	
120	61.939270	7.461506	
121	62.360702	7.632520	
122	62.782811	7.783101	
123	63.209613	7.904404	
124	63.645121	7.990889	
125	64.091153	8.043027	
126	64.545104	8.067822	
127	65.001610	8.074695	
128	65.456380	8.070832	
129	65.907588	8.061334	
130	66.354445	8.051454	
131	66.796134	8.045633	
132	67.231528	8.045513	
133	67.658103	8.051508	
134	68.071466	8.064857	
135	68.467813	8.086391	
136	68.847278	8.115701	
137	69.213750	8.153118	
138	69.571538	8.199690	
139	69.923536	8.254381	
140	70.271884	8.313883	
141	70.619356	8.374805	
142	70.970651	8.434250	
143	71.331544	8.489231	
144	71.705435	8.536151	
145	72.091409	8.570750	
146	72.485799	8.589774	
147	72.884271	8.593245	
148	73.281840	8.585464	
149	73.672288	8.574270	
150	74.049304	8.567902	
151	74.408290	8.571421	
152	74.747263	8.585737	
153	75.066875	8.609251	
154	75.369615	8.640161	
155	75.659468	8.676612	
156	75.942323	8.715175	
157	76.225142	8.751893	
158	76.513715	8.784960	
159	76.811278	8.814329	
160	77.118836	8.839314	
161	77.435321	8.858273	
162	77.756912	8.869700	
163	78.077694	8.872108	
164	78.392395	8.863590	
165	78.698826	8.842867	
166	78.997569	8.811161	
167	79.289924	8.772540	
168	79.577410	8.732156	
169	79.862745	8.695094	
170	80.149149	8.666719	
171	80.438139	8.652495	
172	80.729044	8.656845	
173	81.020605	8.681258	
174	81.312014	8.722161	
175	81.602237	8.770943	
176	81.889595	8.816798	
177	82.172579	8.850173	
178	82.450220	8.865017	
179	82.721667	8.858578	
180	82.986029	8.829706	
181	83.242006	8.779167	
182	83.487625	8.710848	
183	83.721436	8.630431	
184	83.944281	8.543482	
185	84.159631	8.455183	
186	84.371590	8.370665	
187	84.581673	8.295531	
188	84.787187	8.235458	
189	84.982663	8.194341	
190	85.163282	8.173329	
191	85.328204	8.170937	
192	85.481299	8.182406	
193	85.628819	8.199844	
194	85.776644	8.214429	
195	85.928594	8.218812	
196	86.085459	8.208024	
197	86.244974	8.179081	
198	86.402975	8.131008	
199	86.555135	8.065497	
200	86.698312	7.986468	
201	86.830901	7.898847	
202	86.952579	7.808206	
203	87.064040	7.721164	
204	87.166783	7.645248	
205	87.262632	7.588266	
206	87.353367	7.557446	
207	87.441095	7.557894	
208	87.528254	7.591581	
209	87.617052	7.656983	
210	87.709605	7.747547	
211	87.807800	7.851471	
212	87.912300	7.955040	
213	88.022230	8.046218	
214	88.135749	8.116503	
215	88.250590	8.161516	
216	88.364269	8.180100	
217	88.474263	8.172969	
218	88.578728	8.141586	
219	88.677501	8.086822	
220	88.772617	8.008658	
221	88.868288	7.907580	
222	88.970616	7.786293	
223	89.086891	7.650517	
224	89.223498	7.508413	
225	89.382144	7.370092	
226	89.557269	7.248733	
227	89.737537	7.160127	
228	89.910451	7.116572	
229	90.065906	7.120925	
230	90.196613	7.169377	
231	90.298833	7.256542	
232	90.374642	7.373974	
233	90.431236	7.507947	
234	90.476928	7.641945	
235	90.518184	7.760299	
236	90.558943	7.850636	
237	90.601258	7.905355	
238	90.646277	7.922120	
239	90.694460	7.903544	
240	90.745325	7.855600	
241	90.797503	7.785310	
242	90.848988	7.699478	
243	90.897829	7.604292	
244	90.943088	7.504500	
245	90.984629	7.402964	
246	91.021766	7.302377	
247	91.052567	7.207919	
248	91.074686	7.126945	
249	91.087106	7.064827	
250	91.091659	7.020956	
251	91.093021	6.988662	
252	91.096665	6.958907	
253	91.106271	6.924635	
254	91.122889	6.882947	
255	91.145716	6.835666	
256	91.172893	6.789275	
257	91.202153	6.752743	
258	91.231641	6.733606	
259	91.260280	6.734679	
260	91.287226	6.752859	
261	91.310949	6.780487	
262	91.328837	6.808408	
263	91.337539	6.828862	
264	91.333860	6.836944	
265	91.315885	6.830739	
266	91.283332	6.810834	
267	91.237269	6.779704	
268	91.180357	6.741345	
269	91.116824	6.701047	
270	91.050890	6.665697	
271	90.984678	6.644279	
272	90.917637	6.645892	
273	90.847919	6.675755	
274	90.774233	6.733438	
275	90.697000	6.814083	
276	90.618549	6.909806	
277	90.542642	7.009789	
278	90.473661	7.101392	
279	90.415154	7.174608	
280	90.368292	7.226365	
281	90.331290	7.260366	
282	90.299408	7.283734	
283	90.265402	7.303474	
284	90.221397	7.323409	
285	90.161661	7.341608	
286	90.084286	7.350585	
287	89.990876	7.341877	
288	89.885066	7.311125	
289	89.770938	7.259537	
290	89.651879	7.193438	
291	89.530014	7.123688	
292	89.406209	7.062993	
293	89.280695	7.020934	
294	89.153628	7.000417	
295	89.024357	6.998843	
296	88.890012	7.012236	
297	88.745983	7.037376	
298	88.588726	7.070559	
299	88.417851	7.105942	
300	88.235354	7.136623	
301	88.043377	7.158027	
302	87.842908	7.169457	
303	87.634235	7.172592	
304	87.418372	7.169724	
305	87.198078	7.162799	
306	86.977268	7.153447	
307	86.759583	7.143557	
308	86.547461	7.135153	
309	86.341341	7.129720	
310	86.139551	7.127201	
311	85.939525	7.126220	
312	85.738451	7.126409	
313	85.533156	7.127960	
314	85.320879	7.127927	
315	85.100306	7.120334	
316	84.871649	7.100569	
317	84.636084	7.068639	
318	84.394647	7.030039	
319	84.146632	6.995156	
320	83.888973	6.976355	
321	83.617560	6.982917	
322	83.328696	7.017297	
323	83.019482	7.074578	
324	82.688510	7.143355	
325	82.336821	7.208237	
326	81.967224	7.254667	
327	81.582481	7.273052	
328	81.184709	7.261031	
329	80.776053	7.224578	
330	80.359017	7.175077	
331	79.936157	7.122902	
332	79.509558	7.074215	
333	79.080702	7.031600	
334	78.650233	6.995014	
335	78.217053	6.963539	
336	77.778736	6.936582	
337	77.333704	6.912785	
338	76.882789	6.889750	
339	76.429112	6.865756	
340	75.976357	6.839557	
341	75.525947	6.809028	
342	75.075387	6.773581	
343	74.619260	6.736746	
344	74.151417	6.703739	
345	73.666735	6.678816	
346	73.162382	6.664916	
347	72.638715	6.659417	
348	72.099647	6.648605	
349	71.552094	6.612233	
350	71.004212	6.536984	
351	70.462717	6.427023	
352	69.930698	6.302218	
353	69.407917	6.183503	
354	68.891637	6.081725	
355	68.375295	6.001438	
356	67.849305	5.945830	
357	67.305164	5.914123	
358	66.737473	5.901123	
359	66.143819	5.901453	
360	65.524420	5.911177	
361	64.881484	5.924849	
362	64.220067	5.933382	
363	63.548681	5.926620	
364	62.876642	5.898371	
365	62.210459	5.849931	
366	61.551668	5.789052	
367	60.897293	5.724515	
368	60.243259	5.661045	
369	59.586359	5.599344	
370	58.922794	5.540340	
371	58.249809	5.486710	
372	57.570127	5.438609	
373	56.889807	5.389901	
374	56.212219	5.330133	
375	55.537322	5.250119	
376	54.862610	5.146296	
377	54.181441	5.022335	
378	53.484512	4.887890	
379	52.765365	4.752889	
380	52.023000	4.621591	
381	51.260972	4.492151	
382	50.487138	4.358884	
383	49.712729	4.214287	
384	48.949240	4.051362	
385	48.206374	3.865282	
386	47.490861	3.655435	
387	46.803734	3.428917	
388	46.138277	3.200645	
389	45.481680	2.987343	
390	44.819966	2.799437	
391	44.142776	2.636889	
392	43.445198	2.492929	
393	42.727241	2.361299	
394	41.992348	2.239839	
395	41.245519	2.129734	
396	40.491437	2.032343	
397	39.733336	1.946159	
398	38.973386	1.866528	
399	38.212845	1.788529	
400	37.451081	1.710398	
401	36.686299	1.632732	
402	35.917565	1.554274	
403	35.144400	1.471024	
404	34.365923	1.379688	
405	33.582684	1.279311	
406	32.797586	1.169313	
407	32.013400	1.049213	
408	31.230768	0.920864	
409	30.449462	0.788358	
410	29.670709	0.654771	
411	28.897370	0.520246	
412	28.131675	0.383410	
413	27.373859	0.242801	
414	26.623307	0.097113	
415	25.879560	-0.054217	
416	25.142057	-0.210702	
417	24.410213	-0.370879	
418	23.683974	-0.532305	
419	22.963791	-0.691651	
420	22.249830	-0.844119	
421	21.541769	-0.983289	
422	20.839647	-1.103030	
423	20.144184	-1.199458	
424	19.456246	-1.270964	
425	18.776607	-1.317805	
426	18.106293	-1.342600	
427	17.446784	-1.350443	
428	16.799512	-1.347908	
429	16.165271	-1.342473	
430	15.544482	-1.342768	
431	14.938052	-1.358182	
432	14.347391	-1.396368	
433	13.772858	-1.459063	
434	13.212184	-1.539342	
435	12.660343	-1.622903	
436	12.110955	-1.693032	
437	11.558943	-1.736991	
438	11.002685	-1.749868	
439	10.443760	-1.733591	
440	9.885405	-1.693514	
441	9.331388	-1.635387	
442	8.785570	-1.563343	
443	8.252208	-1.479584	
444	7.736534	-1.385815	
445	7.244427	-1.284785	
446	6.780637	-1.180530	
447	6.346645	-1.077815	
448	5.939939	-0.981911	
449	5.554891	-0.898125	
450	5.184267	-0.829804	
451	4.821140	-0.776048	
452	4.460380	-0.731535	
453	4.098785	-0.688219	
454	3.734736	-0.637410	
455	3.368150	-0.572518	
456	3.000184	-0.491180	
457	2.632682	-0.394533	
458	2.267687	-0.285844	
459	1.907222	-0.171166	
460	1.553621	-0.060501	
461	1.209297	0.033028	
462	0.875394	0.096525	
463	0.551212	0.121401	
464	0.234928	0.105606	
465	-0.075716	0.053329	
466	-0.383105	-0.026906	
467	-0.689316	-0.124929	
468	-0.995362	-0.231880	
469	-1.300700	-0.342228	
470	-1.603979	-0.453399	
471	-1.904443	-0.563507	
472	-2.202251	-0.669480	
473	-2.497117	-0.767408	
474	-2.786218	-0.854605	
475	-3.063747	-0.930780	
476	-3.323733	-0.997479	
477	-3.563736	-1.057145	
478	-3.785840	-1.112646	
479	-3.995099	-1.167813	
480	-4.197755	-1.228461	
481	-4.400351	-1.301198	
482	-4.609578	-1.389735	
483	-4.831769	-1.493279	
484	-5.070873	-1.608937	
485	-5.325958	-1.734190	
486	-5.590994	-1.866536	
487	-5.858391	-2.000934	
488	-6.124043	-2.127399	
489	-6.389053	-2.232920	
490	-6.656328	-2.308695	
491	-6.926961	-2.355004	
492	-7.200640	-2.378005	
493	-7.476376	-2.385112	
494	-7.750338	-2.385866	
495	-8.015265	-2.393814	
496	-8.263998	-2.423855	
497	-8.493264	-2.489801	
498	-8.705524	-2.606770	
499	-8.909236	-2.791923	
500	-9.116342	-3.059236	
501	-9.336838	-3.413326	
502	-9.573965	-3.845760	
503	-9.823733	-4.335997	
504	-10.078187	-4.858395	
505	-10.329345	-5.387858	
506	-10.571807	-5.898465	
507	-10.803185	-6.364406	
508	-11.022314	-6.769062	
509	-11.227072	-7.111399	
510	-11.414553	-7.401842	
511	-11.583473	-7.653247	
512	-11.735530	-7.873109	
513	-11.874243	-8.059326	
514	-12.003301	-8.202029	
515	-12.126071	-8.290776	
516	-12.245827	-8.320396	
517	-12.365651	-8.291771	
518	-12.487658	-8.211219	
519	-12.612187	-8.091990	
520	-12.738106	-7.955430	
521	-12.864221	-7.825955	
522	-12.990245	-7.720912	
523	-13.116317	-7.645400	
524	-13.241812	-7.596503	
525	-13.364671	-7.570573	
526	-13.481520	-7.567401	
527	-13.588258	-7.590669	
528	-13.680991	-7.645148	
529	-13.756882	-7.732197	
530	-13.814315	-7.847490	
531	-13.852887	-7.982219	
532	-13.873816	-8.125624	
533	-13.880310	-8.267170	
534	-13.877418	-8.397513	
535	-13.871232	-8.508395	
536	-13.867482	-8.592469	
537	-13.870089	-8.643423	
538	-13.880085	-8.656294	
539	-13.894987	-8.628167	
540	-13.909324	-8.559404	
541	-13.916722	-8.455129	
542	-13.911885	-8.325676	
543	-13.890985	-8.183669	
544	-13.851044	-8.038759	
545	-13.789860	-7.895588	
546	-13.707233	-7.757154	
547	-13.606385	-7.629197	
548	-13.493343	-7.521487	
549	-13.374336	-7.446735	
550	-13.253947	-7.418827	
551	-13.135246	-7.449677	
552	-13.020616	-7.544427	
553	-12.912104	-7.697198	
554	-12.811377	-7.891218	
555	-12.719950	-8.104702	
556	-12.639394	-8.318027	
557	-12.570922	-8.517271	
558	-12.514616	-8.694551	
559	-12.468844	-8.846662	
560	-12.430182	-8.972637	
561	-12.393829	-9.072867	
562	-12.354119	-9.149778	
563	-12.305183	-9.206718	
564	-12.242328	-9.245810	
565	-12.162931	-9.266933	
566	-12.065424	-9.267296	
567	-11.948244	-9.242212	
568	-11.810171	-9.187724	
569	-11.650294	-9.102836	
570	-11.467109	-8.989993	
571	-11.257629	-8.854424	
572	-11.016501	-8.702737	
573	-10.736161	-8.541621	
574	-10.409741	-8.376090	
575	-10.036040	-8.205313	
576	-9.622444	-8.019994	
577	-9.182404	-7.809577	
578	-8.729952	-7.574323	
579	-8.276577	-7.327514	
580	-7.831693	-7.087469	
581	-7.403583	-6.870040	
582	-6.998455	-6.685444	
583	-6.618507	-6.537658	
584	-6.260380	-6.425644	
585	-5.914924	-6.346606	
586	-5.569680	-6.299684	
587	-5.213254	-6.287274	
588	-4.838394	-6.312435	
589	-4.442199	-6.374117	
590	-4.024673	-6.464823	
591	-3.587280	-6.572475	
592	-3.132131	-6.683314	
593	-2.661565	-6.783959	
594	-2.177961	-6.863837	
595	-1.683427	-6.916473	
596	-1.179147	-6.937034	
597	-0.664949	-6.919346	
598	-0.139711	-6.856481	
599	0.397831	-6.743778	
600	0.948852	-6.581034	
601	1.514694	-6.371989	
602	2.096687	-6.122555	
603	2.695613	-5.840771	
604	3.311781	-5.538417	
605	3.945576	-5.231974	
606	4.597054	-4.940078	
607	5.264579	-4.677431	
608	5.944674	-4.450585	
609	6.634140	-4.259070	
610	7.332126	-4.099046	
611	8.039778	-3.966220	
612	8.758953	-3.857012	
613	9.491879	-3.768046	
614	10.240881	-3.695177	
615	11.007529	-3.632703	
616	11.791562	-3.573001	
617	12.590182	-3.508054	
618	13.399187	-3.432269	
619	14.215641	-3.343507	
620	15.039041	-3.241367	
621	15.870044	-3.124262	
622	16.709097	-2.987849	
623	17.556214	-2.826393	
624	18.411082	-2.635219	
625	19.273243	-2.412599	
626	20.142424	-2.161257	
627	21.018508	-1.887949	
628	21.901237	-1.600713	
629	22.790045	-1.307338	
630	23.683564	-1.015426	
631	24.579245	-0.730839	
632	25.474222	-0.455520	
633	26.366148	-0.187127	
634	27.253049	0.079908	
635	28.133700	0.352908	
636	29.007982	0.639299	
637	29.876108	0.944600	
638	30.738108	1.270446	
639	31.593580	1.613691	
640	32.441300	1.966335	
641	33.279669	2.315236	
642	34.107191	2.643389	
643	34.921994	2.935709	
644	35.721485	3.186071	
645	36.502963	3.399080	
646	37.265258	3.586456	
647	38.010370	3.761438	
648	38.743235	3.933917	
649	39.469578	4.109683	
650	40.193561	4.292731	
651	40.915806	4.485020	
652	41.632296	4.683675	
653	42.336066	4.880030	
654	43.021480	5.060683	
655	43.686593	5.210247	
656	44.331613	5.316354	
657	44.957963	5.372751	
658	45.569350	5.378438	
659	46.171631	5.337089	
660	46.772098	5.256489	
661	47.379174	5.144764	
662	48.000238	5.007254	
663	48.638295	4.847294	
664	49.291651	4.667117	
665	49.956245	4.468202	
666	50.626844	4.253444	
667	51.297710	4.028906	
668	51.964148	3.803402	
669	52.623740	3.588752	
670	53.278306	3.401859	
671	53.935755	3.262611	
672	54.606866	3.183692	
673	55.298441	3.164462	
674	56.009736	3.198850	
675	56.733458	3.281798	
676	57.458239	3.403770	
677	58.171337	3.548213	
678	58.861328	3.698957	
679	59.519273	3.847394	
680	60.139396	3.993247	
681	60.721629	4.140171	
682	61.272088	4.289702	
683	61.798751	4.438631	
684	62.307847	4.582491	
685	62.803765	4.720616	
686	63.290203	4.856469	
687	63.771243	4.993591	
688	64.251234	5.132600	
689	64.732885	5.271928	
690	65.215785	5.409920	
691	65.697577	5.545245	
692	66.176218	5.675628	
693	66.650671	5.797520	
694	67.120964	5.906378	
695	67.588660	5.995700	
696	68.055793	6.058133	
697	68.522548	6.090515	
698	68.986736	6.097398	
699	69.445698	6.088508	
700	69.898571	6.073228	
701	70.346569	6.058667	
702	70.791261	6.051313	
703	71.233500	6.057016	
704	71.674209	6.078860	
705	72.115282	6.115872	
706	72.558484	6.164132	
707	73.003351	6.219569	
708	73.447238	6.279667	
709	73.888001	6.343265	
710	74.326339	6.409859	
711	74.765288	6.478091	
712	75.208519	6.543671	
713	75.660016	6.599077	
714	76.123853	6.635458	
715	76.602011	6.645511	
716	77.091762	6.626170	
717	77.586282	6.578729	
718	78.079124	6.506230	
719	78.567965	6.411759	
720	79.053644	6.300083	
721	79.536447	6.180571	
722	80.013815	6.066910	
723	80.480192	5.973130	
724	80.927685	5.910473	
725	81.348483	5.885459	
726	81.739199	5.896369	
727	82.102824	5.932078	
728	82.445755	5.977004	
729	82.773856	6.017972	
730	83.091451	6.048631	
731	83.401990	6.070281	
732	83.708269	6.088331	
733	84.012509	6.106544	
734	84.316984	6.123647	
735	84.624693	6.133993	
736	84.938686	6.132006	
737	85.259808	6.117668	
738	85.585533	6.097200	
739	85.911469	6.079364	
740	86.233190	6.072929	
741	86.546819	6.084707	
742	86.849043	6.115956	
743	87.137493	6.160329	
744	87.412109	6.205077	
745	87.676024	6.234037	
746	87.933421	6.234012	
747	88.186419	6.201957	
748	88.435238	6.144255	
749	88.680165	6.070192	
750	88.922266	5.988547	
751	89.163325	5.906549	
752	89.405287	5.828047	
753	89.648792	5.753521	
754	89.892006	5.683334	
755	90.131109	5.620843	
756	90.362724	5.571934	
757	90.586479	5.541406	
758	90.805281	5.529686	
759	91.023484	5.532581	
760	91.245023	5.543434	
761	91.472208	5.555688	
762	91.705324	5.564318	
763	91.943458	5.566483	
764	92.185326	5.562476	
765	92.429071	5.556056	
766	92.672259	5.552700	
767	92.912471	5.555871	
768	93.147555	5.564186	
769	93.375440	5.574197	
770	93.593750	5.586399	
771	93.799745	5.606215	
772	93.991310	5.640295	
773	94.168049	5.695461	
774	94.331142	5.781036	
775	94.482580	5.907837	
776	94.625063	6.081608	
777	94.762355	6.297179	
778	94.899036	6.537660	
779	95.039587	6.778134	
780	95.187443	6.993468	
781	95.344267	7.166555	
782	95.509741	7.291212	
783	95.682253	7.369730	
784	95.860643	7.409138	
785	96.045702	7.417791	
786	96.239576	7.402123	
787	96.443052	7.366092	
788	96.653442	7.313483	
789	96.865415	7.248951	
790	97.073626	7.177204	
791	97.275016	7.100368	
792	97.469459	7.015158	
793	97.657865	6.915287	
794	97.839864	6.796368	
795	98.013919	6.657196	
796	98.178525	6.501608	
797	98.332670	6.341234	
798	98.476044	6.190917	
799	98.608553	6.060756	
800	98.729090	5.955180	
801	98.835129	5.876138	
802	98.924297	5.823099	
803	98.997308	5.791403	
804	99.059285	5.773326	
805	99.117849	5.761054	
806	99.180198	5.748593	
807	99.251133	5.732066	
808	99.332020	5.709541	
809	99.421031	5.681268	
810	99.514520	5.650184	
811	99.608659	5.621720	
812	99.701255	5.601847	
813	99.792806	5.594521	
814	99.884925	5.601113	
815	99.977424	5.621348	
816	100.067274	5.653242	
817	100.150006	5.692289	
818	100.221870	5.731313	
819	100.281050	5.761233	
820	100.327125	5.772661	
821	100.359939	5.757504	
822	100.379619	5.710023	
823	100.387231	5.628161	
824	100.384869	5.515364	
825	100.375675	5.381466	
826	100.364037	5.240372	
827	100.354879	5.104562	
828	100.352287	4.980820	
829	100.358669	4.870481	
830	100.374601	4.772095	
831	100.399056	4.683078	
832	100.429751	4.600586	
833	100.463356	4.523164	
834	100.495524	4.452094	
835	100.520617	4.391393	
836	100.531960	4.346972	
837	100.524282	4.324368	
838	100.496821	4.325743	
839	100.452956	4.348999	
840	100.396493	4.388833	
841	100.328674	4.438657	
842	100.248218	4.493220	
843	100.153558	4.549715	
844	100.044994	4.606538	
845	99.925404	4.662010	
846	99.799640	4.714038	
847	99.673111	4.760043	
848	99.550016	4.797429	
849	99.431883	4.825210	
850	99.317133	4.844929	
851	99.201791	4.858405	
852	99.080803	4.864807	
853	98.949686	4.861053	
854	98.806298	4.844199	
855	98.651697	4.812678	
856	98.488792	4.766630	
857	98.319521	4.708355	
858	98.143650	4.641813	
859	97.960909	4.570235	
860	97.773799	4.494653	
861	97.587545	4.415454	
862	97.407413	4.334255	
863	97.235665	4.254462	
864	97.070111	4.181756	
865	96.905047	4.125018	
866	96.733558	4.095501	
867	96.550118	4.101517	
868	96.352475	4.142177	
869	96.141014	4.207770	
870	95.916342	4.286172	
871	95.678608	4.367580	
872	95.428849	4.444656	
873	95.169484	4.511036	
874	94.903496	4.561124	
875	94.633689	4.591650	
876	94.362394	4.602870	
877	94.091521	4.598325	
878	93.822778	4.583771	
879	93.557352	4.565228	
880	93.294967	4.547194	
881	93.033405	4.532639	
882	92.768870	4.524236	
883	92.496774	4.525095	
884	92.212873	4.538075	
885	91.913982	4.564623	
886	91.597728	4.604318	
887	91.262659	4.654688	
888	90.909543	4.710939	
889	90.542381	4.766209	
890	90.167347	4.812963	
891	89.790137	4.845340	
892	89.413905	4.860194	
893	89.039127	4.855887	
894	88.664474	4.831299	
895	88.287205	4.785912	
896	87.903758	4.719999	
897	87.511709	4.635728	
898	87.111242	4.538196	
899	86.703264	4.434283	
900	86.286162	4.331206	
901	85.855938	4.236080	
902	85.409283	4.153831	
903	84.945751	4.085063	
904	84.468302	4.027884	
905	83.982392	3.981583	
906	83.493156	3.948686	
907	83.002778	3.933690	
908	82.510313	3.939226	
909	82.013188	3.964377	
910	81.508616	4.006733	
911	80.994292	4.064167	
912	80.469070	4.133334	
913	79.934120	4.207339	
914	79.393329	4.277224	
915	78.851666	4.336768	
916	78.312429	4.385453	
917	77.775662	4.425598	
918	77.238547	4.456156	
919	76.696330	4.470121	
920	76.143523	4.457533	
921	75.575592	4.410475	
922	74.990170	4.326761	
923	74.387956	4.211231	
924	73.773588	4.077205	
925	73.154607	3.946493	
926	72.537524	3.840391	
927	71.923959	3.770147	
928	71.310563	3.738787	
929	70.691215	3.742413	
930	70.059204	3.768463	
931	69.409930	3.803634	
932	68.742658	3.842036	
933	68.059528	3.883181	
934	67.363606	3.926110	
935	66.658610	3.962652	
936	65.949864	3.975273	
937	65.243717	3.946024	
938	64.544641	3.868143	
939	63.852041	3.748357	
940	63.159580	3.598970	
941	62.457779	3.430247	
942	61.737243	3.253014	
943	60.990575	3.083500	
944	60.214167	2.939552	
945	59.410856	2.834323	
946	58.590936	2.772554	
947	57.767526	2.747980	
948	56.948918	2.745616	
949	56.135300	2.749077	
950	55.320785	2.746177	
951	54.497605	2.730243	
952	53.661053	2.698155	
953	52.812748	2.646443	
954	51.959401	2.569726	
955	51.107957	2.462650	
956	50.261722	2.321773	
957	49.420589	2.147739	
958	48.583981	1.947062	
959	47.753020	1.729508	
960	46.929578	1.504378	
961	46.113535	1.280621	
962	45.302314	1.067213	
963	44.493610	0.870186	
964	43.687646	0.689030	
965	42.886480	0.517077	
966	42.091962	0.346033	
967	41.304131	0.170206	
968	40.520563	-0.011798	
969	39.736907	-0.197103	
970	38.948078	-0.379902	
971	38.149570	-0.553881	
972	37.338449	-0.715036	
973	36.513964	-0.863367	
974	35.677803	-1.003254	
975	34.832790	-1.141582	
976	33.980701	-1.282974	
977	33.122237	-1.427727	
978	32.258628	-1.575132	
979	31.392256	-1.725741	
980	30.526671	-1.880159	
981	29.666012	-2.037783	
982	28.813088	-2.196160	
983	27.968202	-2.350704	
984	27.130075	-2.495899	
985	26.296736	-2.627934	
986	25.465874	-2.747610	
987	24.636456	-2.861754	
988	23.810563	-2.980538	
989	22.992564	-3.111622	
990	22.186326	-3.256650	
991	21.393794	-3.412784	
992	20.615756	-3.576438	
993	19.852451	-3.745167	
994	19.102898	-3.916583	
995	18.364868	-4.087092	
996	17.636235	-4.253279	
997	16.915646	-4.414653	
998	16.202018	-4.574325	
999	15.494943	-4.737151	
1000	14.795839	-4.907349	
1001	14.107384	-5.086575	
1002	13.431481	-5.273131	
1003	12.767991	-5.462273	
1004	12.115072	-5.646891	
1005	11.470659	-5.819150	
1006	10.833813	-5.972947	
1007	10.205008	-6.105664	
1008	9.585512	-6.218738	
1009	8.976372	-6.317349	
1010	8.377485	-6.409991	
1011	7.787376	-6.507700	
1012	7.203931	-6.621801	
1013	6.625582	-6.761247	
1014	6.052068	-6.930979	
1015	5.484302	-7.130391	
1016	4.923943	-7.351225	
1017	4.373314	-7.577323	
1018	3.834859	-7.789452	
1019	3.309856	-7.972102	
1020	2.797953	-8.116054	
1021	2.297847	-8.217022	
1022	1.808078	-8.273755	
1023	1.327988	-8.286348	
1024	0.858580	-8.255570	
1025	0.402088	-8.183666	
1026	-0.039437	-8.074946	
1027	-0.465135	-7.935132	
1028	-0.875359	-7.770346	
1029	-1.271629	-7.586957	
1030	-1.656963	-7.393303	
1031	-2.035134	-7.202417	
1032	-2.408397	-7.031069	
1033	-2.776212	-6.892650	
1034	-3.136506	-6.790118	
1035	-3.487630	-6.716243	
1036	-3.829174	-6.658580	
1037	-4.161678	-6.602741	
1038	-4.485818	-6.534179	
1039	-4.801793	-6.440599	
1040	-5.109312	-6.315102	
1041	-5.407422	-6.160191	
1042	-5.694009	-5.988912	
1043	-5.966424	-5.819666	
1044	-6.223348	-5.669403	
1045	-6.465352	-5.550313	
1046	-6.692852	-5.469344	
1047	-6.903957	-5.429148	
1048	-7.095514	-5.429792	
1049	-7.266268	-5.469362	
1050	-7.418296	-5.542290	
1051	-7.555623	-5.638154	
1052	-7.682245	-5.744259	
1053	-7.802075	-5.849954	
1054	-7.920157	-5.948393	
1055	-8.041951	-6.036224	
1056	-8.171267	-6.114204	
1057	-8.310360	-6.188022	
1058	-8.461575	-6.266368	
1059	-8.627601	-6.356473	
1060	-8.809997	-6.460049	
1061	-9.006947	-6.571617	
1062	-9.211926	-6.680028	
1063	-9.415151	-6.772321	
1064	-9.607173	-6.837377	
1065	-9.782706	-6.868356	
1066	-9.942868	-6.864211	
1067	-10.093875	-6.828935	
1068	-10.243221	-6.769772	
1069	-10.397214	-6.697820	
1070	-10.560995	-6.629843	
1071	-10.738827	-6.587622	
1072	-10.933372	-6.593879	
1073	-11.144528	-6.663998	
1074	-11.368832	-6.795541	
1075	-11.599923	-6.967580	
1076	-11.830215	-7.154969	
1077	-12.052804	-7.341711	
1078	-12.261946	-7.522224	
1079	-12.452491	-7.697298	
1080	-12.620228	-7.871267	
1081	-12.763058	-8.050450	
1082	-12.881435	-8.242101	
1083	-12.977621	-8.453598	
1084	-13.054638	-8.691569	
1085	-13.115803	-8.960506	
1086	-13.164454	-9.260641	
1087	-13.203340	-9.584766	
1088	-13.234200	-9.915151	
1089	-13.258228	-10.225883	
1090	-13.277107	-10.492685	
1091	-13.293102	-10.702322	
1092	-13.307598	-10.854342	
1093	-13.319767	-10.957642	
1094	-13.327085	-11.025909	
1095	-13.327060	-11.072676	
1096	-13.318439	-11.108336	
1097	-13.301714	-11.140168	
1098	-13.279290	-11.172582	
1099	-13.254938	-11.206819	
1100	-13.232994	-11.242390	
1101	-13.217939	-11.279710	
1102	-13.214150	-11.320889	
1103	-13.225132	-11.369026	
1104	-13.251823	-11.426891	
1105	-13.290914	-11.493999	
1106	-13.334849	-11.563699	
1107	-13.374110	-11.622838	
1108	-13.399616	-11.653592	
1109	-13.402319	-11.635575	
1110	-13.371377	-11.547197	
1111	-13.294713	-11.367636	
1112	-13.162535	-11.082014	
1113	-12.971647	-10.689666	
1114	-12.727941	-10.211348	
1115	-12.444283	-9.688315	
1116	-12.133835	-9.170016	
1117	-11.804239	-8.699745	
1118	-11.458075	-8.308720	
1119	-11.097886	-8.015919	
1120	-10.729515	-7.828640	
1121	-10.360813	-7.744083	
1122	-9.998563	-7.751486	
1123	-9.647511	-7.833855	
1124	-9.311149	-7.969920	
1125	-8.992534	-8.136233	
1126	-8.695060	-8.309075	
1127	-8.421767	-8.466748	
1128	-8.172229	-8.591360	
1129	-7.939746	-8.671088	
1130	-7.712323	-8.705046	
1131	-7.477157	-8.703513	
1132	-7.224784	-8.677954	
1133	-6.950419	-8.632514	
1134	-6.653143	-8.567490	
1135	-6.334215	-8.486122	
1136	-5.995790	-8.395097	
1137	-5.640511	-8.304069	
1138	-5.270886	-8.226236	
1139	-4.888281	-8.174119	
1140	-4.492853	-8.153764	
1141	-4.084132	-8.163682	
1142	-3.660732	-8.196894	
1143	-3.219868	-8.242624	
1144	-2.758194	-8.286817	
1145	-2.272636	-8.312224	
1146	-1.759917	-8.300951	
1147	-1.216077	-8.240094	
1148	-0.636709	-8.124879	
1149	-0.017466	-7.956108	
1150	0.644797	-7.736630	
1151	1.350542	-7.470527	
1152	2.097157	-7.163453	
1153	2.880163	-6.822875	
1154	3.695117	-6.458319	
1155	4.538842	-6.081280	
1156	5.409287	-5.704473	
1157	6.304762	-5.340670	
1158	7.223291	-5.002452	
1159	8.161849	-4.702295	
1160	9.115929	-4.450369	
1161	10.080146	-4.251926	
1162	11.049190	-4.107732	
1163	12.018327	-4.015587	
1164	12.983500	-3.970275	
1165	13.940991	-3.962784	
1166	14.886708	-3.980382	
1167	15.815913	-4.008348	
1168	16.723782	-4.032231	
1169	17.606398	-4.038626	
1170	18.461900	-4.015411	
1171	19.291342	-3.954136	
1172	20.098568	-3.852852	
1173	20.888717	-3.714008	
1174	21.666244	-3.539051	
1175	22.434410	-3.327719	
1176	23.196454	-3.082949	
1177	23.956255	-2.813439	
1178	24.717030	-2.528851	
1179	25.479958	-2.233580	
1180	26.244798	-1.926924	
1181	27.011168	-1.607117	
1182	27.778909	-1.274027	
1183	28.548113	-0.929954	
1184	29.318572	-0.577526	
1185	30.088917	-0.216603	
1186	30.857627	0.154426	
1187	31.625234	0.534678	
1188	32.395022	0.919896	
1189	33.172103	1.303635	
1190	33.961663	1.677574	
1191	34.767013	2.032889	
1192	35.588887	2.363647	
1193	36.425812	2.668414	
1194	37.274489	2.947352	
1195	38.130205	3.199031	
1196	38.987059	3.421200	
1197	39.838407	3.612813	
1198	40.678129	3.774982	
1199	41.502047	3.910425	
1200	42.308553	4.020601	
1201	43.097878	4.104688	
1202	43.870576	4.162799	
1203	44.626277	4.198592	
1204	45.363310	4.218270	
1205	46.079928	4.227881	
1206	46.777103	4.231308	
1207	47.459633	4.230309	
1208	48.132798	4.225625	
1209	48.799843	4.216864	
1210	49.464616	4.202035	
1211	50.132385	4.178223	
1212	50.806195	4.142722	
1213	51.486621	4.094176	
1214	52.174768	4.032706	
1215	52.871976	3.959019	
1216	53.577997	3.875152	
1217	54.291585	3.786248	
1218	55.011069	3.700305	
1219	55.732821	3.626430	
1220	56.450489	3.573570	
1221	57.156618	3.549240	
1222	57.844716	3.557175	
1223	58.511038	3.594452	
1224	59.155577	3.649482	
1225	59.780937	3.704184	
1226	60.389764	3.740628	
1227	60.983200	3.745973	
1228	61.561546	3.714208	
1229	62.126039	3.649362	
1230	62.679763	3.567908	
1231	63.226389	3.492108	
1232	63.768935	3.439831	
1233	64.311395	3.424863	
1234	64.859761	3.459376	
1235	65.418881	3.546629	
1236	65.988839	3.677529	
1237	66.565067	3.838812	
1238	67.141295	4.017689	
1239	67.712538	4.197934	
1240	68.276182	4.361401	
1241	68.830953	4.497708	
1242	69.375463	4.608668	
1243	69.907993	4.702020	
1244	70.427449	4.782764	
1245	70.933921	4.851228	
1246	71.428122	4.907535	
1247	71.911310	4.954352	
1248	72.386151	4.993547	
1249	72.856590	5.022342	
1250	73.326132	5.035408	
1251	73.796873	5.029896	
1252	74.270372	5.007187	
1253	74.748498	4.970713	
1254	75.233171	4.923727	
1255	75.725005	4.870613	
1256	76.221481	4.818983	
1257	76.716255	4.777068	
1258	77.200316	4.749773	
1259	77.664813	4.739388	
1260	78.104655	4.747501	
1261	78.520417	4.773829	
1262	78.916242	4.815468	
1263	79.295648	4.869250	
1264	79.660367	4.933402	
1265	80.012727	5.005865	
1266	80.357000	5.082661	
1267	80.697992	5.158787	
1268	81.039198	5.229450	
1269	81.382214	5.289192	
1270	81.727475	5.329720	
1271	82.075592	5.340161	
1272	82.428179	5.311789	
1273	82.788375	5.242925	
1274	83.160939	5.139215	
1275	83.549648	5.011381	
1276	83.952920	4.872871	
1277	84.363132	4.736014	
1278	84.770389	4.608868	
1279	85.166157	4.495725	
1280	85.544942	4.398859	
1281	85.904928	4.319358	
1282	86.247984	4.257594	
1283	86.579489	4.212335	
1284	86.907196	4.178888	
1285	87.237940	4.150161	
1286	87.574476	4.120763	
1287	87.915016	4.090426	
1288	88.254733	4.065278	
1289	88.588356	4.056179	
1290	88.912599	4.074726	
1291	89.226136	4.129999	
1292	89.528464	4.225480	
1293	89.819796	4.355652	
1294	90.101098	4.506756	
1295	90.374133	4.662001	
1296	90.641999	4.805736	
1297	90.908993	4.925204	
1298	91.179115	5.012191	
1299	91.454475	5.064014	
1300	91.735206	5.082681	
1301	92.020548	5.073322	
1302	92.309359	5.042934	
1303	92.599677	4.999587	
1304	92.888922	4.951822	
1305	93.175186	4.907663	
1306	93.458049	4.873193	
1307	93.738213	4.851739	
1308	94.016768	4.843919	
1309	94.294730	4.847565	
1310	94.573037	4.858402	
1311	94.852639	4.872450	
1312	95.134177	4.887708	
1313	95.417515	4.903446	
1314	95.702041	4.918636	
1315	95.987270	4.930560	
1316	96.272213	4.934081	
1317	96.553204	4.923024	
1318	96.822368	4.892849	
1319	97.069749	4.841547	
1320	97.287948	4.769518	
1321	97.474845	4.680722	
1322	97.633940	4.580893	
1323	97.773462	4.471930	
1324	97.903653	4.350702	
1325	98.033845	4.214074	
1326	98.172070	4.063730	
1327	98.325687	3.907711	
1328	98.499546	3.758713	
1329	98.692386	3.630134	
1330	98.895883	3.532334	
1331	99.098091	3.470287	
1332	99.288262	3.442955	
1333	99.459880	3.444445	
1334	99.611462	3.466023	
1335	99.745594	3.498287	
1336	99.867058	3.532482	
1337	99.981128	3.561157	
1338	100.092643	3.580210	
1339	100.205673	3.590678	
1340	100.322904	3.596025	
1341	100.444520	3.597207	
1342	100.567814	3.592298	
1343	100.688351	3.579776	
1344	100.801995	3.559151	
1345	100.906270	3.529949	
1346	101.000144	3.493080	
1347	101.083325	3.452576	
1348	101.156445	3.414706	
1349	101.221001	3.386038	
1350	101.278071	3.372728	
1351	101.328042	3.379598	
1352	101.371782	3.408174	
1353	101.411013	3.455966	
1354	101.447828	3.518047	
1355	101.484256	3.589355	
1356	101.521903	3.665566	
1357	101.561759	3.742604	
1358	101.603863	3.817378	
1359	101.646773	3.890020	
1360	101.688129	3.963239	
1361	101.726909	4.036781	
1362	101.764876	4.103047	
1363	101.805350	4.150181	
1364	101.851364	4.169050	
1365	101.904907	4.157304	
1366	101.966490	4.119296	
1367	102.035030	4.063258	
1368	102.108083	3.998703	
1369	102.181816	3.935657	
1370	102.251427	3.883002	
1371	102.312549	3.845944	
1372	102.361835	3.826230	
1373	102.395564	3.825497	
1374	102.408558	3.848254	
1375	102.395833	3.901034	
1376	102.355662	3.987952	
1377	102.290985	4.106688	
1378	102.208268	4.247755	
1379	102.115376	4.395384	
1380	102.020391	4.527836	
1381	101.931466	4.619793	
1382	101.855761	4.649950	
1383	101.797055	4.609222	
1384	101.754470	4.502782	
1385	101.723298	4.347021	
1386	101.697184	4.164094	
1387	101.670829	3.974088	
1388	101.640852	3.789732	
1389	101.604017	3.617820	
1390	101.556282	3.462060	
1391	101.493975	3.323625	
1392	101.413990	3.203032	
1393	101.313100	3.102273	
1394	101.188782	3.023502	
1395	101.040210	2.967452	
1396	100.868401	2.933712	
1397	100.676766	2.920526	
1398	100.471246	2.924414	
1399	100.259008	2.940337	
1400	100.046072	2.962892	
1401	99.834776	2.989804	
1402	99.622978	3.023899	
1403	99.406009	3.069156	
1404	99.179575	3.125655	
1405	98.941592	3.189506	
1406	98.692980	3.255505	
1407	98.437383	3.318659	
1408	98.179582	3.374842	
1409	97.924122	3.420977	
1410	97.674796	3.454815	
1411	97.433714	3.475329	
1412	97.200617	3.483344	
1413	96.973154	3.480762	
1414	96.746809	3.468623	
1415	96.515267	3.446357	
1416	96.272821	3.413191	
1417	96.016801	3.369985	
1418	95.747472	3.319472	
1419	95.466280	3.265668	
1420	95.174747	3.213916	
1421	94.874228	3.170188	
1422	94.565839	3.138427	
1423	94.250564	3.118288	
1424	93.929435	3.106113	
1425	93.603783	3.098054	
1426	93.275246	3.092121	
1427	92.945003	3.089098	
1428	92.612958	3.092920	
1429	92.278061	3.108574	
1430	91.939655	3.138030	
1431	91.598466	3.177977	
1432	91.256126	3.221074	
1433	90.913774	3.258976	
1434	90.571365	3.284787	
1435	90.228206	3.294043	
1436	89.883148	3.285533	
1437	89.534021	3.262225	
1438	89.178157	3.230121	
1439	88.813565	3.195408	
1440	88.438583	3.163081	
1441	88.049613	3.138875	
1442	87.639737	3.131137	
1443	87.201715	3.146429	
1444	86.732425	3.183540	
1445	86.233499	3.235417	
1446	85.710043	3.294539	
1447	85.170116	3.353754	
1448	84.623101	3.405482	
1449	84.076781	3.443906	
1450	83.535302	3.467945	
1451	82.999346	3.480688	
1452	82.468825	3.485553	
1453	81.945202	3.483955	
1454	81.429747	3.476877	
1455	80.920255	3.466093	
1456	80.410430	3.453912	
1457	79.891443	3.444829	
1458	79.354448	3.445699	
1459	78.793642	3.461500	
1460	78.207877	3.492152	
1461	77.599644	3.533465	
1462	76.973266	3.579785	
1463	76.334146	3.626418	
1464	75.688338	3.670314	
1465	75.040659	3.708657	
1466	74.391805	3.738547	
1467	73.738894	3.758481	
1468	73.080396	3.768416	
1469	72.418559	3.767687	
1470	71.756736	3.753875	
1471	71.097201	3.725441	
1472	70.441157	3.685539	
1473	69.788091	3.641633	
1474	69.134889	3.602320	
1475	68.476539	3.576310	
1476	67.807727	3.572252	
1477	67.123986	3.596968	
1478	66.422674	3.652838	
1479	65.704527	3.733884	
1480	64.973413	3.824901	
1481	64.233027	3.907741	
1482	63.485168	3.967829	
1483	62.731261	3.995751	
1484	61.972560	3.987212	
1485	61.208998	3.943679	
1486	60.440190	3.872146	
1487	59.666527	3.782669	
1488	58.888300	3.685083	
1489	58.105388	3.586629	
1490	57.317704	3.489862	
1491	56.525303	3.391235	
1492	55.728467	3.283777	
1493	54.926862	3.163211	
1494	54.118287	3.030962	
1495	53.299743	2.892291	
1496	52.469940	2.753859	
1497	51.629789	2.622084	
1498	50.781539	2.500839	
1499	49.929408	2.389874	
1500	49.079728	2.286499	
1501	48.237566	2.189165	
1502	47.403760	2.098452	
1503	46.576711	2.014247	
1504	45.755134	1.932398	
1505	44.937199	1.843887	
1506	44.118705	1.737238	
1507	43.293733	1.602275	
1508	42.456093	1.432590	
1509	41.600518	1.226401	
1510	40.724213	0.986433	
1511	39.827653	0.719448	
1512	38.914673	0.435500	
1513	37.992340	0.145215	
1514	37.069608	-0.144893	
1515	36.154470	-0.433231	
1516	35.251007	-0.717414	
1517	34.358928	-0.991129	
1518	33.475840	-1.246845	
1519	32.599847	-1.477100	
1520	31.730916	-1.675483	
1521	30.870274	-1.840145	
1522	30.019006	-1.975236	
1523	29.177940	-2.089993	
1524	28.347953	-2.197357	
1525	27.529307	-2.310860	
1526	26.720938	-2.441291	
1527	25.920865	-2.594800	
1528	25.127578	-2.772267	
1529	24.341279	-2.970617	
1530	23.563410	-3.184201	
1531	22.794808	-3.404596	
1532	22.035099	-3.621808	
1533	21.283558	-3.827453	
1534	20.539536	-4.016896	
1535	19.802662	-4.189283	
1536	19.073280	-4.346061	
1537	18.352311	-4.489286	
1538	17.640631	-4.621334	
1539	16.938556	-4.745569	
1540	16.245345	-4.866527	
1541	15.558971	-4.989357	
1542	14.876515	-5.118946	
1543	14.194780	-5.258668	
1544	13.510928	-5.409160	
1545	12.823211	-5.568485	
1546	12.131450	-5.733997	
1547	11.437067	-5.904348	
1548	10.743076	-6.080111	
1549	10.054676	-6.262797	
1550	9.379680	-6.452513	
1551	8.726855	-6.645563	
1552	8.102760	-6.833997	
1553	7.509945	-7.007413	
1554	6.947393	-7.155968	
1555	6.411776	-7.273415	
1556	5.898675	-7.359611	
1557	5.403417	-7.421620	
1558	4.920982	-7.469748	
1559	4.445434	-7.510135	
1560	3.970109	-7.542727	
1561	3.488891	-7.565534	
1562	2.998119	-7.578386	
1563	2.497966	-7.583808	
1564	1.991711	-7.585745	
1565	1.483775	-7.586856	
1566	0.978978	-7.586399	
1567	0.482918	-7.580412	
1568	0.001839	-7.563800	
1569	-0.458094	-7.532883	
1570	-0.891793	-7.486893	
1571	-1.296599	-7.427574	
1572	-1.673186	-7.357428	
1573	-2.025338	-7.278216	
1574	-2.358970	-7.190683	
1575	-2.681082	-7.094813	
1576	-2.998672	-6.990368	
1577	-3.317080	-6.877667	
1578	-3.638359	-6.757757	
1579	-3.960632	-6.632325	
1580	-4.278103	-6.504641	
1581	-4.581771	-6.381706	
1582	-4.861620	-6.275901	
1583	-5.110116	-6.202119	
1584	-5.325018	-6.170419	
1585	-5.509090	-6.181236	
1586	-5.667570	-6.226186	
1587	-5.806076	-6.291561	
1588	-5.928821	-6.363358	
1589	-6.036949	-6.432024	
1590	-6.129597	-6.493587	
1591	-6.207815	-6.547116	
1592	-6.276337	-6.591911	
1593	-6.340864	-6.627096	
1594	-6.404878	-6.653068	
1595	-6.468293	-6.672069	
1596	-6.528390	-6.686862	
1597	-6.586159	-6.700106	
1598	-6.654057	-6.715336	
1599	-6.754019	-6.736233	
1600	-6.906212	-6.764695	
1601	-7.118632	-6.801078	
1602	-7.384570	-6.845603	
1603	-7.690535	-6.899961	
1604	-8.023259	-6.967788	
1605	-8.364829	-7.049442	
1606	-8.691463	-7.136202	
1607	-8.985679	-7.214114	
1608	-9.244293	-7.272405	
1609	-9.473623	-7.305735	
1610	-9.681713	-7.310930	
1611	-9.874950	-7.285023	
1612	-10.058788	-7.227756	
1613	-10.239050	-7.145482	
1614	-10.421765	-7.052496	
1615	-10.612822	-6.969963	
1616	-10.817810	-6.924523	
1617	-11.040955	-6.946721	
1618	-11.284121	-7.067744	
1619	-11.546734	-7.313777	
1620	-11.825241	-7.698464	
1621	-12.111223	-8.212760	
1622	-12.390239	-8.815215	
1623	-12.645394	-9.437490	
1624	-12.864673	-10.010414	
1625	-13.045123	-10.487467	
1626	-13.191366	-10.847903	
1627	-13.312103	-11.089284	
1628	-13.417021	-11.221211	
1629	-13.514360	-11.260869	
1630	-13.609922	-11.229193	
1631	-13.707471	-11.147966	
1632	-13.808808	-11.037873	
1633	-13.913578	-10.918810	
1634	-14.020470	-10.813111	
1635	-14.128926	-10.745880	
1636	-14.238558	-10.735149	
1637	-14.347130	-10.780826	
1638	-14.450584	-10.868112	
1639	-14.544949	-10.979350	
1640	-14.627599	-11.099776	
1641	-14.697536	-11.218084	
1642	-14.755421	-11.327148	
1643	-14.803417	-11.424234	
1644	-14.844209	-11.509662	
1645	-14.879125	-11.585088	
1646	-14.907088	-11.652303	
1647	-14.925274	-11.712781	
1648	-14.930722	-11.767926	
1649	-14.922812	-11.818655	
1650	-14.905507	-11.863292	
1651	-14.887003	-11.896301	
1652	-14.877110	-11.910472	
1653	-14.884282	-11.900329	
1654	-14.912902	-11.864000	
1655	-14.961116	-11.803723	
1656	-15.021007	-11.724822	
1657	-15.081994	-11.632844	
1658	-15.134563	-11.530932	
1659	-15.171194	-11.419040	
1660	-15.185467	-11.294476	
1661	-15.171648	-11.153558	
1662	-15.125015	-10.993948	
1663	-15.042781	-10.815713	
1664	-14.925613	-10.620715	
1665	-14.778864	-10.412069	
1666	-14.612238	-10.194108	
1667	-14.437042	-9.972795	
1668	-14.262259	-9.757510	
1669	-14.092582	-9.562537	
1670	-13.929659	-9.405442	
1671	-13.774248	-9.303165	
1672	-13.627518	-9.268761	
1673	-13.492089	-9.309687	
1674	-13.372829	-9.426255	
1675	-13.276091	-9.610158	
1676	-13.206897	-9.844843	
1677	-13.165417	-10.107887	
1678	-13.144568	-10.374354	
1679	-13.130552	-10.621170	
1680	-13.107665	-10.831692	
1681	-13.065120	-10.997876	
1682	-13.001934	-11.119390	
1683	-12.928703	-11.201301	
1684	-12.864258	-11.251027	
1685	-12.825897	-11.275654	
1686	-12.820718	-11.281126	
1687	-12.844753	-11.272628	
1688	-12.886983	-11.254805	
1689	-12.934067	-11.231729	
1690	-12.974204	-11.206840	
1691	-12.998899	-11.182816	
1692	-13.002963	-11.161367	
1693	-12.985094	-11.143302	
1694	-12.949164	-11.128744	
1695	-12.903164	-11.116967	
1696	-12.855754	-11.106139	
1697	-12.813405	-11.093640	
1698	-12.778519	-11.077159	
1699	-12.748498	-11.055856	
1700	-12.717199	-11.030338	
1701	-12.677799	-11.001767	
1702	-12.624789	-10.971187	
1703	-12.554887	-10.939282	
1704	-12.467336	-10.906658	
1705	-12.363758	-10.874399	
1706	-12.248071	-10.844158	
1707	-12.126137	-10.817700	
1708	-12.004429	-10.796122	
1709	-11.888566	-10.779166	
1710	-11.782969	-10.765290	
1711	-11.691360	-10.752365	
1712	-11.617388	-10.738337	
1713	-11.564653	-10.721651	
1714	-11.535597	-10.701581	
1715	-11.530536	-10.678524	
1716	-11.547869	-10.654362	
1717	-11.583743	-10.632965	
1718	-11.630964	-10.620123	
1719	-11.680579	-10.620182	
1720	-11.726137	-10.630030	
1721	-11.765412	-10.638450	
1722	-11.798173	-10.632908	
1723	-11.824126	-10.605744	
1724	-11.843057	-10.555659	
1725	-11.855558	-10.485144	
1726	-11.862790	-10.396332	
1727	-11.865932	-10.288926	
1728	-11.866237	-10.162107	
1729	-11.864587	-10.020686	
1730	-11.860730	-9.878186	
1731	-11.853993	-9.750095	
1732	-11.844858	-9.645433	
1733	-11.835293	-9.564780	
1734	-11.827531	-9.502649	
1735	-11.822740	-9.450953	
1736	-11.820675	-9.401980	
1737	-11.819945	-9.349854	
1738	-11.818696	-9.290604	
1739	-11.815737	-9.221621	
1740	-11.811181	-9.141404	
1741	-11.805937	-9.050154	
