Athlete_Engineering	// User ID
11-2-2021	// Evaluation date
P004_WALK2	24-1-2021	14:18:39:059	// Source file name and timestamp
250.000	// Sampling rate
5.411	// Data capture period



Sample #	Right_Leg_Flexion	Right_Leg_Abduction	
0	-9.446394	8.770516	
1	-9.505536	8.788514	
2	-9.562295	8.805659	
3	-9.615339	8.822959	
4	-9.664623	8.837859	
5	-9.710582	8.847338	
6	-9.754402	8.850016	
7	-9.797731	8.846099	
8	-9.841710	8.837795	
9	-9.886490	8.829394	
10	-9.930704	8.825444	
11	-9.970579	8.828541	
12	-10.000199	8.838451	
13	-10.013136	8.851978	
14	-10.004157	8.864173	
15	-9.970809	8.870919	
16	-9.914199	8.869386	
17	-9.838243	8.856499	
18	-9.748412	8.828643	
19	-9.650113	8.781621	
20	-9.546478	8.710903	
21	-9.437290	8.613689	
22	-9.319810	8.490118	
23	-9.190643	8.342185	
24	-9.047879	8.173385	
25	-8.892630	7.990709	
26	-8.729485	7.807198	
27	-8.566795	7.644652	
28	-8.416153	7.533219	
29	-8.285839	7.494184	
30	-8.169713	7.513741	
31	-8.046802	7.547400	
32	-7.894704	7.553173	
33	-7.700363	7.510825	
34	-7.460235	7.417657	
35	-7.175889	7.278164	
36	-6.850397	7.097376	
37	-6.485647	6.878167	
38	-6.080752	6.622497	
39	-5.632683	6.335400	
40	-5.138418	6.025129	
41	-4.597327	5.699328	
42	-4.011699	5.363890	
43	-3.383754	5.022326	
44	-2.711974	4.672838	
45	-1.989319	4.307221	
46	-1.203386	3.912685	
47	-0.340435	3.476380	
48	0.607242	2.994878	
49	1.634112	2.487750	
50	2.714866	2.010937	
51	3.801072	1.659287	
52	4.832534	1.534636	
53	5.767140	1.679390	
54	6.604582	2.039862	
55	7.377187	2.508865	
56	8.121057	2.993494	
57	8.861277	3.437722	
58	9.617389	3.806564	
59	10.409513	4.073347	
60	11.250083	4.229141	
61	12.133797	4.292321	
62	13.044238	4.294255	
63	13.966757	4.258596	
64	14.893828	4.193540	
65	15.826707	4.089358	
66	16.776213	3.917200	
67	17.757226	3.639936	
68	18.771333	3.241603	
69	19.788557	2.758162	
70	20.748165	2.279926	
71	21.580771	1.917497	
72	22.231389	1.760138	
73	22.674369	1.845165	
74	22.931951	2.130416	
75	23.067892	2.519819	
76	23.139897	2.940766	
77	23.176973	3.360497	
78	23.202896	3.744342	
79	23.247055	4.049191	
80	23.324921	4.251191	
81	23.425037	4.354220	
82	23.521500	4.370748	
83	23.591673	4.304660	
84	23.620422	4.151531	
85	23.596848	3.907320	
86	23.512368	3.576835	
87	23.360026	3.177962	
88	23.134516	2.739940	
89	22.834525	2.296636	
90	22.465176	1.874611	
91	22.036890	1.480204	
92	21.563783	1.096490	
93	21.064211	0.692975	
94	20.559952	0.240139	
95	20.072095	-0.277187	
96	19.611493	-0.849759	
97	19.164572	-1.435056	
98	18.684133	-1.943453	
99	18.100852	-2.246121	
100	17.369407	-2.262503	
101	16.513690	-2.056003	
102	15.605183	-1.775085	
103	14.702850	-1.521018	
104	13.833117	-1.318776	
105	13.004669	-1.159064	
106	12.219699	-1.030748	
107	11.477988	-0.933879	
108	10.779569	-0.877986	
109	10.123389	-0.871260	
110	9.503816	-0.911874	
111	8.911256	-0.988099	
112	8.334407	-1.083801	
113	7.761531	-1.182901	
114	7.182797	-1.271551	
115	6.592048	-1.338946	
116	5.987241	-1.377350	
117	5.369994	-1.382554	
118	4.742133	-1.354806	
119	4.101519	-1.299178	
120	3.441630	-1.224578	
121	2.754492	-1.140122	
122	2.035462	-1.049230	
123	1.287274	-0.946421	
124	0.518602	-0.821112	
125	-0.261088	-0.663721	
126	-1.043467	-0.466567	
127	-1.820307	-0.221116	
128	-2.584214	0.081589	
129	-3.329553	0.445809	
130	-4.050237	0.866062	
131	-4.738159	1.325686	
132	-5.385930	1.797787	
133	-5.989136	2.248494	
134	-6.545252	2.644023	
135	-7.054397	2.960263	
136	-7.522554	3.189796	
137	-7.960459	3.339683	
138	-8.377783	3.421710	
139	-8.781813	3.448567	
140	-9.181650	3.438860	
141	-9.586972	3.414815	
142	-10.000818	3.390462	
143	-10.417563	3.367292	
144	-10.827055	3.340441	
145	-11.216761	3.303773	
146	-11.571484	3.249964	
147	-11.877010	3.170949	
148	-12.126505	3.062934	
149	-12.321674	2.931663	
150	-12.468601	2.788998	
151	-12.574334	2.643096	
152	-12.646165	2.495482	
153	-12.692021	2.347929	
154	-12.720643	2.207696	
155	-12.740995	2.084738	
156	-12.758325	1.985892	
157	-12.769580	1.911803	
158	-12.766346	1.858564	
159	-12.741779	1.822097	
160	-12.692498	1.800945	
161	-12.616047	1.795827	
162	-12.509002	1.807921	
163	-12.368348	1.839620	
164	-12.194370	1.897275	
165	-11.990840	1.989990	
166	-11.762093	2.124052	
167	-11.511741	2.298737	
168	-11.244296	2.506502	
169	-10.966615	2.735844	
170	-10.688862	2.973302	
171	-10.424438	3.203524	
172	-10.186659	3.410093	
173	-9.984275	3.578293	
174	-9.820809	3.698707	
175	-9.697255	3.771267	
176	-9.613621	3.807567	
177	-9.568661	3.828924	
178	-9.558399	3.861795	
179	-9.574118	3.933270	
180	-9.602950	4.067524	
181	-9.630174	4.282349	
182	-9.640304	4.583889	
183	-9.619248	4.962037	
184	-9.558610	5.392554	
185	-9.457114	5.845123	
186	-9.317529	6.290366	
187	-9.143797	6.703755	
188	-8.940006	7.068267	
189	-8.710420	7.374942	
190	-8.461719	7.623320	
191	-8.204159	7.825051	
192	-7.947249	8.005256	
193	-7.695147	8.195602	
194	-7.447949	8.423755	
195	-7.205764	8.708092	
196	-6.970425	9.058652	
197	-6.744731	9.478085	
198	-6.530967	9.960182	
199	-6.329889	10.489039	
200	-6.140379	11.041029	
201	-5.962155	11.589576	
202	-5.804708	12.111103	
203	-5.690599	12.588253	
204	-5.639084	13.008538	
205	-5.649183	13.362546	
206	-5.704792	13.644451	
207	-5.788292	13.851703	
208	-5.886054	13.982550	
209	-5.988187	14.034917	
210	-6.087322	14.009821	
211	-6.179082	13.916259	
212	-6.263668	13.770324	
213	-6.344725	13.589721	
214	-6.425801	13.391629	
215	-6.507775	13.193877	
216	-6.588039	13.014642	
217	-6.662410	12.870864	
218	-6.729054	12.776267	
219	-6.791081	12.738255	
220	-6.856530	12.754934	
221	-6.935455	12.814593	
222	-7.034843	12.898845	
223	-7.153250	12.987906	
224	-7.279180	13.064186	
225	-7.396571	13.113198	
226	-7.491812	13.124596	
227	-7.556553	13.094446	
228	-7.589017	13.026917	
229	-7.594396	12.932552	
230	-7.581394	12.822447	
231	-7.557507	12.703740	
232	-7.528165	12.580279	
233	-7.498038	12.453959	
234	-7.469838	12.324444	
235	-7.442455	12.190894	
236	-7.413491	12.056056	
237	-7.385058	11.929041	
238	-7.366305	11.822491	
239	-7.370156	11.745683	
240	-7.407460	11.701132	
241	-7.482128	11.685635	
242	-7.589741	11.692506	
243	-7.720041	11.715460	
244	-7.861509	11.751510	
245	-8.005121	11.799045	
246	-8.144608	11.855572	
247	-8.274364	11.920167	
248	-8.388296	11.996026	
249	-8.480776	12.088574	
250	-8.549383	12.201682	
251	-8.597146	12.334658	
252	-8.631257	12.480696	
253	-8.659185	12.628301	
254	-8.685918	12.765485	
255	-8.713553	12.883142	
256	-8.741576	12.974942	
257	-8.767082	13.036092	
258	-8.785636	13.065107	
259	-8.792679	13.067117	
260	-8.784766	13.053595	
261	-8.760129	13.038393	
262	-8.718233	13.032423	
263	-8.659566	13.039503	
264	-8.586756	13.056642	
265	-8.504531	13.076929	
266	-8.417505	13.091712	
267	-8.329133	13.093322	
268	-8.242408	13.077259	
269	-8.159485	13.041168	
270	-8.080956	12.983298	
271	-8.007361	12.902865	
272	-7.940664	12.801328	
273	-7.882692	12.684374	
274	-7.832602	12.561585	
275	-7.785437	12.441817	
276	-7.732165	12.330988	
277	-7.662842	12.235276	
278	-7.571939	12.162889	
279	-7.460802	12.121506	
280	-7.334940	12.115617	
281	-7.200044	12.145772	
282	-7.060381	12.208537	
283	-6.918697	12.297525	
284	-6.776770	12.405601	
285	-6.636087	12.525809	
286	-6.497958	12.651067	
287	-6.363130	12.774886	
288	-6.230993	12.892690	
289	-6.099236	13.002413	
290	-5.964166	13.103863	
291	-5.821625	13.197196	
292	-5.669017	13.282400	
293	-5.506846	13.360266	
294	-5.337949	13.432088	
295	-5.165072	13.497379	
296	-4.988556	13.552857	
297	-4.806147	13.593392	
298	-4.615360	13.612877	
299	-4.415933	13.606175	
300	-4.210114	13.572500	
301	-4.001509	13.516628	
302	-3.794159	13.446782	
303	-3.592110	13.371900	
304	-3.399105	13.300417	
305	-3.218559	13.240110	
306	-3.052071	13.197101	
307	-2.896159	13.173859	
308	-2.742745	13.168319	
309	-2.584175	13.174861	
310	-2.415634	13.186588	
311	-2.233567	13.197285	
312	-2.034925	13.201373	
313	-1.818106	13.193148	
314	-1.583859	13.166476	
315	-1.335015	13.113552	
316	-1.074709	13.025729	
317	-0.805690	12.900726	
318	-0.531687	12.748512	
319	-0.257404	12.585636	
320	0.013648	12.424320	
321	0.280487	12.268728	
322	0.543903	12.119462	
323	0.804771	11.978284	
324	1.063623	11.847769	
325	1.323253	11.730288	
326	1.590794	11.629644	
327	1.874720	11.549740	
328	2.179681	11.489306	
329	2.504498	11.439924	
330	2.844249	11.389865	
331	3.194417	11.329315	
332	3.553723	11.253380	
333	3.924134	11.162147	
334	4.309878	11.058803	
335	4.715312	10.947283	
336	5.141113	10.828536	
337	5.583797	10.697402	
338	6.040242	10.545723	
339	6.509902	10.368680	
340	6.992482	10.166985	
341	7.486593	9.944836	
342	7.990153	9.706304	
343	8.501023	9.452304	
344	9.018570	9.180342	
345	9.544693	8.886085	
346	10.082914	8.563905	
347	10.637405	8.206515	
348	11.212525	7.805535	
349	11.811965	7.353061	
350	12.438561	6.843360	
351	13.094953	6.273758	
352	13.783338	5.644127	
353	14.504203	4.956224	
354	15.255595	4.215757	
355	16.034637	3.437231	
356	16.839911	2.645563	
357	17.671236	1.871826	
358	18.527839	1.148513	
359	19.408508	0.505818	
360	20.312968	-0.031889	
361	21.241485	-0.447576	
362	22.194284	-0.732632	
363	23.172446	-0.888878	
364	24.176641	-0.928815	
365	25.203862	-0.872031	
366	26.248362	-0.739576	
367	27.305936	-0.549912	
368	28.375625	-0.317450	
369	29.458989	-0.052577	
370	30.558100	0.237848	
371	31.672054	0.551035	
372	32.795299	0.889636	
373	33.918692	1.259636	
374	35.030738	1.664873	
375	36.119298	2.104238	
376	37.174266	2.571516	
377	38.189441	3.054986	
378	39.162934	3.539425	
379	40.095772	4.012015	
380	40.988701	4.466172	
381	41.841458	4.898491	
382	42.656475	5.304277	
383	43.441363	5.677619	
384	44.206702	6.012810	
385	44.960345	6.303851	
386	45.701715	6.543897	
387	46.422468	6.725219	
388	47.113435	6.838876	
389	47.770059	6.875942	
390	48.392013	6.831737	
391	48.977785	6.711395	
392	49.519315	6.533904	
393	50.004618	6.329004	
394	50.427374	6.124252	
395	50.790336	5.935241	
396	51.097499	5.771192	
397	51.346308	5.644083	
398	51.527838	5.567487	
399	51.631106	5.550984	
400	51.648729	5.595675	
401	51.582766	5.689325	
402	51.444630	5.805963	
403	51.248565	5.912969	
404	51.005502	5.981059	
405	50.720889	5.992574	
406	50.395628	5.944498	
407	50.027379	5.846006	
408	49.610576	5.715387	
409	49.138516	5.576045	
410	48.611634	5.447021	
411	48.042105	5.335243	
412	47.444528	5.238007	
413	46.825918	5.148283	
414	46.186233	5.057233	
415	45.522907	4.959747	
416	44.831627	4.863886	
417	44.102625	4.792403	
418	43.324967	4.763655	
419	42.501201	4.764157	
420	41.649066	4.747581	
421	40.785293	4.661581	
422	39.914885	4.468337	
423	39.036689	4.149932	
424	38.151901	3.710182	
425	37.261839	3.173772	
426	36.358161	2.584552	
427	35.415454	2.005557	
428	34.394892	1.512599	
429	33.260125	1.177676	
430	31.994449	1.047783	
431	30.609103	1.128234	
432	29.138908	1.383153	
433	27.629678	1.753311	
434	26.126125	2.177300	
435	24.663350	2.606355	
436	23.263415	3.009763	
437	21.935939	3.371818	
438	20.679356	3.685442	
439	19.483800	3.947498	
440	18.336021	4.157369	
441	17.223652	4.317015	
442	16.136505	4.430171	
443	15.065246	4.500654	
444	14.000019	4.530680	
445	12.930395	4.520089	
446	11.847196	4.467492	
447	10.745777	4.372821	
448	9.628588	4.238933	
449	8.505387	4.070858	
450	7.389930	3.874532	
451	6.294588	3.656930	
452	5.227296	3.426412	
453	4.191806	3.192355	
454	3.189259	2.965612	
455	2.219603	2.759830	
456	1.281230	2.591517	
457	0.369772	2.477151	
458	-0.520343	2.427280	
459	-1.391873	2.442718	
460	-2.242651	2.516305	
461	-3.067324	2.635548	
462	-3.861150	2.784602	
463	-4.623823	2.948280	
464	-5.360888	3.114857	
465	-6.081447	3.274990	
466	-6.793603	3.421619	
467	-7.498855	3.552044	
468	-8.189451	3.667060	
469	-8.853439	3.767429	
470	-9.481107	3.851233	
471	-10.065038	3.913003	
472	-10.598358	3.946309	
473	-11.076261	3.949219	
474	-11.498180	3.927711	
475	-11.868087	3.895497	
476	-12.191181	3.868877	
477	-12.467226	3.854149	
478	-12.689861	3.840701	
479	-12.855317	3.810528	
480	-12.966232	3.748694	
481	-13.025007	3.647153	
482	-13.031255	3.509787	
483	-12.988508	3.353601	
484	-12.908488	3.203538	
485	-12.807782	3.089348	
486	-12.697914	3.037282	
487	-12.574161	3.052703	
488	-12.418894	3.118940	
489	-12.217530	3.217781	
490	-11.965808	3.341578	
491	-11.666175	3.487285	
492	-11.326258	3.650259	
493	-10.958907	3.825850	
494	-10.577316	4.010288	
495	-10.191237	4.197643	
496	-9.810166	4.377253	
497	-9.447471	4.533538	
498	-9.120396	4.648871	
499	-8.848485	4.708016	
500	-8.652670	4.699682	
501	-8.552813	4.615066	
502	-8.562943	4.449470	
503	-8.687926	4.209503	
504	-8.922728	3.920175	
505	-9.251105	3.624682	
506	-9.644027	3.373734	
507	-10.062283	3.209957	
508	-10.465688	3.157223	
509	-10.824432	3.216426	
510	-11.124324	3.363203	
511	-11.364410	3.548308	
512	-11.552435	3.706313	
513	-11.700127	3.772629	
514	-11.815900	3.700538	
515	-11.898334	3.475192	
516	-11.936123	3.128378	
517	-11.910989	2.753910	
518	-11.802112	2.499636	
519	-11.594977	2.505116	
520	-11.288409	2.826985	
521	-10.898348	3.419570	
522	-10.461196	4.175490	
523	-10.026822	4.992081	
524	-9.641112	5.808101	
525	-9.333394	6.595848	
526	-9.112797	7.343121	
527	-8.971510	8.042720	
528	-8.892208	8.688921	
529	-8.854302	9.278416	
530	-8.838639	9.809850	
531	-8.831960	10.280263	
532	-8.828606	10.683049	
533	-8.828470	11.010584	
534	-8.834614	11.259154	
535	-8.852248	11.430372	
536	-8.887012	11.528244	
537	-8.942609	11.557190	
538	-9.020157	11.523596	
539	-9.119190	11.438644	
540	-9.238621	11.318770	
541	-9.376652	11.182702	
542	-9.529247	11.047266	
543	-9.688208	10.923567	
544	-9.840644	10.814083	
545	-9.969899	10.712401	
546	-10.057373	10.607583	
547	-10.086345	10.490391	
548	-10.047593	10.356704	
549	-9.943721	10.209611	
550	-9.791604	10.065045	
551	-9.623231	9.958669	
552	-9.479255	9.938649	
553	-9.391832	10.036445	
554	-9.367087	10.240310	
555	-9.382357	10.499849	
556	-9.402367	10.755647	
557	-9.401143	10.964764	
558	-9.372117	11.106098	
559	-9.324503	11.176086	
560	-9.275276	11.188497	
561	-9.242149	11.175756	
562	-9.235364	11.177345	
563	-9.247960	11.213942	
564	-9.254208	11.272731	
565	-9.222375	11.321291	
566	-9.130462	11.331617	
567	-8.971580	11.290937	
568	-8.750390	11.198401	
569	-8.477389	11.057062	
570	-8.166162	10.870684	
571	-7.836923	10.651275	
572	-7.520332	10.430353	
573	-7.253794	10.257705	
574	-7.072513	10.181702	
575	-6.998882	10.226246	
576	-7.031376	10.380406	
577	-7.143091	10.604718	
578	-7.295637	10.850792	
579	-7.452291	11.077994	
580	-7.582632	11.259910	
581	-7.666827	11.386251	
582	-7.697635	11.459249	
583	-7.676672	11.486567	
584	-7.610116	11.477241	
585	-7.506396	11.441353	
586	-7.374044	11.390099	
587	-7.219890	11.335343	
588	-7.049229	11.289598	
589	-6.866849	11.263418	
590	-6.677112	11.260013	
591	-6.484678	11.274504	
592	-6.296081	11.298923	
593	-6.119298	11.326940	
594	-5.962029	11.356839	
595	-5.831419	11.392605	
596	-5.734438	11.442117	
597	-5.676584	11.513106	
598	-5.659029	11.607486	
599	-5.677816	11.718065	
600	-5.727277	11.831248	
601	-5.802888	11.931221	
602	-5.897284	12.002612	
603	-5.995356	12.034681	
604	-6.078818	12.025314	
605	-6.134281	11.979769	
606	-6.155316	11.906497	
607	-6.140889	11.814967	
608	-6.092815	11.715484	
609	-6.013924	11.618961	
610	-5.909289	11.535390	
611	-5.786741	11.472614	
612	-5.653278	11.436328	
613	-5.510673	11.429194	
614	-5.353806	11.449499	
615	-5.171667	11.492093	
616	-4.950965	11.551817	
617	-4.682256	11.625614	
618	-4.365907	11.710557	
619	-4.014592	11.799759	
620	-3.650117	11.878731	
621	-3.296361	11.925300	
622	-2.973050	11.915184	
623	-2.690562	11.829727	
624	-2.445526	11.661448	
625	-2.223375	11.417476	
626	-2.007885	11.121294	
627	-1.786058	10.807636	
628	-1.546276	10.508401	
629	-1.279549	10.240551	
630	-0.984648	10.006187	
631	-0.669402	9.800346	
632	-0.346749	9.616908	
633	-0.031256	9.451443	
634	0.264093	9.304085	
635	0.532376	9.180092	
636	0.772027	9.086864	
637	0.981199	9.031084	
638	1.155842	9.017244	
639	1.292496	9.046860	
640	1.390439	9.119633	
641	1.452331	9.234761	
642	1.485244	9.389236	
643	1.501123	9.574903	
644	1.516477	9.776602	
645	1.549938	9.974092	
646	1.616232	10.149362	
647	1.721331	10.293709	
648	1.861629	10.408461	
649	2.025294	10.498809	
650	2.197854	10.565563	
651	2.371659	10.604533	
652	2.550360	10.615525	
653	2.745988	10.606986	
654	2.973974	10.587978	
655	3.248065	10.558985	
656	3.576714	10.512558	
657	3.962385	10.441692	
658	4.402484	10.346877	
659	4.889116	10.232925	
660	5.406303	10.098577	
661	5.928877	9.930784	
662	6.429121	9.710214	
663	6.888394	9.424274	
664	7.303451	9.075848	
665	7.683445	8.679673	
666	8.043791	8.251839	
667	8.401140	7.803116	
668	8.768283	7.337885	
669	9.151687	6.854187	
670	9.553743	6.346206	
671	9.975267	5.811046	
672	10.416489	5.252042	
673	10.877524	4.674557	
674	11.359059	4.082195	
675	11.864904	3.477761	
676	12.404026	2.866593	
677	12.988652	2.258778	
678	13.629068	1.666734	
679	14.330595	1.101826	
680	15.096779	0.575214	
681	15.932297	0.099585	
682	16.839920	-0.311841	
683	17.817033	-0.647238	
684	18.857015	-0.897535	
685	19.952594	-1.058267	
686	21.096323	-1.130836	
687	22.278782	-1.120205	
688	23.488332	-1.031456	
689	24.712035	-0.868875	
690	25.936990	-0.635402	
691	27.152844	-0.332555	
692	28.352468	0.036069	
693	29.529972	0.461831	
694	30.679463	0.933333	
695	31.795689	1.440287	
696	32.874995	1.974654	
697	33.915247	2.528922	
698	34.915472	3.093476	
699	35.876371	3.656226	
700	36.801856	4.204782	
701	37.700335	4.727658	
702	38.582577	5.214526	
703	39.458125	5.658331	
704	40.336113	6.057077	
705	41.226403	6.411023	
706	42.134538	6.717657	
707	43.056232	6.971387	
708	43.978296	7.168777	
709	44.883249	7.312613	
710	45.752672	7.410327	
711	46.567872	7.469264	
712	47.309909	7.494456	
713	47.962687	7.490617	
714	48.518756	7.464054	
715	48.982837	7.420626	
716	49.370003	7.363088	
717	49.701302	7.295540	
718	49.998344	7.229864	
719	50.274308	7.180387	
720	50.527338	7.155751	
721	50.743903	7.164908	
722	50.906587	7.224014	
723	51.002405	7.344455	
724	51.031372	7.514789	
725	51.006640	7.699724	
726	50.944834	7.854704	
727	50.856688	7.943345	
728	50.743707	7.949578	
729	50.601371	7.879076	
730	50.425571	7.749799	
731	50.215275	7.579559	
732	49.969772	7.380462	
733	49.685270	7.160736	
734	49.353215	6.927491	
735	48.960788	6.687520	
736	48.495189	6.447027	
737	47.949330	6.211213	
738	47.323965	5.984136	
739	46.625446	5.768623	
740	45.861934	5.565766	
741	45.041738	5.374808	
742	44.174088	5.194384	
743	43.268566	5.024223	
744	42.332352	4.866260	
745	41.369522	4.725209	
746	40.384136	4.607748	
747	39.382722	4.520315	
748	38.373861	4.466791	
749	37.366340	4.445205	
750	36.366536	4.443732	
751	35.376758	4.440474	
752	34.395994	4.409127	
753	33.420228	4.326641	
754	32.440699	4.180203	
755	31.444082	3.973698	
756	30.416036	3.728872	
757	29.344865	3.476772	
758	28.224906	3.245476	
759	27.059973	3.052899	
760	25.863769	2.906654	
761	24.655542	2.807323	
762	23.454065	2.751206	
763	22.274012	2.731604	
764	21.125356	2.739138	
765	20.013349	2.761560	
766	18.937649	2.783773	
767	17.892137	2.788716	
768	16.866273	2.760927	
769	15.846726	2.692980	
770	14.818953	2.588802	
771	13.769224	2.461730	
772	12.687501	2.332080	
773	11.570286	2.221377	
774	10.419173	2.142638	
775	9.236356	2.096357	
776	8.025763	2.073955	
777	6.798805	2.061824	
778	5.574826	2.045301	
779	4.374967	2.017448	
780	3.218155	1.985472	
781	2.121414	1.965030	
782	1.098618	1.970431	
783	0.157968	2.010357	
784	-0.699293	2.087955	
785	-1.481837	2.202318	
786	-2.209934	2.348233	
787	-2.908887	2.513690	
788	-3.597466	2.679938	
789	-4.279291	2.825727	
790	-4.941668	2.932011	
791	-5.562061	2.983865	
792	-6.118923	2.970412	
793	-6.601405	2.886291	
794	-7.010350	2.734222	
795	-7.350399	2.524870	
796	-7.623628	2.273705	
797	-7.830159	1.997608	
798	-7.970200	1.713500	
799	-8.044522	1.439375	
800	-8.057452	1.194714	
801	-8.020472	0.996611	
802	-7.950288	0.854708	
803	-7.863398	0.771462	
804	-7.772186	0.745335	
805	-7.685165	0.771687	
806	-7.609234	0.843782	
807	-7.547521	0.954858	
808	-7.494888	1.098568	
809	-7.437378	1.268085	
810	-7.356668	1.455398	
811	-7.238618	1.652095	
812	-7.081077	1.851064	
813	-6.895102	2.045776	
814	-6.700047	2.228050	
815	-6.516817	2.388956	
816	-6.363040	2.520837	
817	-6.250927	2.615313	
818	-6.186878	2.661268	
819	-6.172267	2.650348	
820	-6.203438	2.586135	
821	-6.271056	2.487342	
822	-6.362487	2.382782	
823	-6.466048	2.302094	
824	-6.572354	2.267109	
825	-6.674512	2.287380	
826	-6.770877	2.362894	
827	-6.865598	2.491060	
828	-6.962322	2.666257	
829	-7.057109	2.871164	
830	-7.138839	3.077274	
831	-7.195184	3.258513	
832	-7.216173	3.400713	
833	-7.194222	3.501453	
834	-7.123816	3.567324	
835	-7.001266	3.611159	
836	-6.824884	3.652187	
837	-6.595506	3.717530	
838	-6.318173	3.837037	
839	-6.007535	4.033683	
840	-5.693360	4.319842	
841	-5.417000	4.699459	
842	-5.216961	5.166175	
843	-5.114001	5.699701	
844	-5.107058	6.271531	
845	-5.180901	6.853396	
846	-5.317600	7.419493	
847	-5.498132	7.948829	
848	-5.695240	8.428090	
849	-5.878105	8.848825	
850	-6.028035	9.202971	
851	-6.144259	9.483078	
852	-6.235842	9.685789	
853	-6.312320	9.813816	
854	-6.381985	9.874541	
855	-6.453050	9.878102	
856	-6.532170	9.836787	
857	-6.623270	9.763815	
858	-6.727173	9.671431	
859	-6.840002	9.570754	
860	-6.951598	9.472398	
861	-7.045819	9.385261	
862	-7.104053	9.315706	
863	-7.110826	9.269299	
864	-7.057800	9.252470	
865	-6.945183	9.271025	
866	-6.783645	9.327411	
867	-6.596732	9.421853	
868	-6.415735	9.554927	
869	-6.265535	9.725321	
870	-6.155829	9.925031	
871	-6.084980	10.137102	
872	-6.046372	10.337617	
873	-6.030982	10.501209	
874	-6.029750	10.607940	
875	-6.036233	10.648620	
876	-6.046181	10.625901	
877	-6.054941	10.550778	
878	-6.057010	10.436085	
879	-6.048461	10.290504	
880	-6.027884	10.117261	
881	-5.994299	9.917951	
882	-5.946381	9.698151	
883	-5.884388	9.471077	
884	-5.811223	9.256140	
885	-5.731095	9.072184	
886	-5.648561	8.930149	
887	-5.569147	8.830476	
888	-5.497343	8.766806	
889	-5.434038	8.732882	
890	-5.377900	8.726709	
891	-5.324051	8.748647	
892	-5.260509	8.796509	
893	-5.172305	8.863913	
894	-5.050831	8.943062	
895	-4.900108	9.027329	
896	-4.735981	9.113140	
897	-4.577856	9.202131	
898	-4.439400	9.298791	
899	-4.324798	9.404233	
900	-4.229533	9.514256	
901	-4.143733	9.622143	
902	-4.057227	9.720977	
903	-3.963095	9.804894	
904	-3.858424	9.871335	
905	-3.744086	9.923613	
906	-3.623418	9.970151	
907	-3.499256	10.020266	
908	-3.371533	10.080352	
909	-3.237309	10.151717	
910	-3.093318	10.230783	
911	-2.938642	10.313072	
912	-2.773744	10.397113	
913	-2.597743	10.483026	
914	-2.409251	10.567629	
915	-2.209705	10.641103	
916	-2.003491	10.687461	
917	-1.794284	10.689842	
918	-1.582953	10.639928	
919	-1.368404	10.544845	
920	-1.149067	10.423146	
921	-0.924978	10.293825	
922	-0.698279	10.170195	
923	-0.470959	10.060295	
924	-0.244080	9.968653	
925	-0.019894	9.897751	
926	0.197074	9.849837	
927	0.400796	9.828963	
928	0.583562	9.841348	
929	0.736209	9.892943	
930	0.852663	9.984537	
931	0.936828	10.106474	
932	1.003802	10.239259	
933	1.072855	10.362569	
934	1.159633	10.464589	
935	1.273163	10.543494	
936	1.415675	10.602272	
937	1.583494	10.643779	
938	1.769841	10.669947	
939	1.967658	10.682304	
940	2.169235	10.681409	
941	2.365078	10.667889	
942	2.547451	10.644697	
943	2.715329	10.617090	
944	2.873022	10.590360	
945	3.024947	10.567115	
946	3.171761	10.546766	
947	3.309136	10.528239	
948	3.430833	10.511409	
949	3.533084	10.494720	
950	3.615820	10.473708	
951	3.681775	10.443919	
952	3.735315	10.404496	
953	3.780828	10.357455	
954	3.821118	10.304734	
955	3.857770	10.248558	
956	3.893298	10.193015	
957	3.932143	10.142001	
958	3.980648	10.095512	
959	4.047101	10.049425	
960	4.139772	10.001446	
961	4.263333	9.955658	
962	4.417948	9.917833	
963	4.602441	9.891074	
964	4.816813	9.877095	
965	5.059814	9.872975	
966	5.326147	9.865059	
967	5.607120	9.829408	
968	5.891856	9.734684	
969	6.168998	9.542757	
970	6.428016	9.211936	
971	6.656984	8.704688	
972	6.837719	7.995921	
973	6.936369	7.081729	
974	6.888249	5.993590	
975	6.592214	4.821067	
976	5.949399	3.723192	
977	4.959661	2.868402	
978	3.756844	2.296497	
979	2.467726	1.879511	
980	1.102382	1.457664	
981	-0.398173	0.943570	
982	-2.108073	0.314981	
983	-4.118312	-0.425834	
984	-6.560581	-1.283731	
985	-9.633910	-2.291739	
986	-13.646193	-3.523458	
987	-19.099764	-5.104475	
988	-26.873050	-7.269811	
989	-38.664397	-10.608748	
990	-57.768444	-16.566320	
991	-84.465453	-25.895734	
992	-105.488289	-32.256478	
993	-106.032199	28.671314	
994	-90.850630	115.771355	
995	-57.643311	158.857445	
996	-48.002005	-163.271288	
997	-46.397764	-155.406124	
998	-44.518796	-152.288979	
999	-42.835797	-150.546063	
1000	-41.499323	-149.523669	
1001	-40.520686	-148.982529	
1002	-39.845924	-148.757980	
1003	-39.399936	-148.706893	
1004	-39.113019	-148.703793	
1005	-38.935884	-148.624958	
1006	-38.842046	-148.351877	
1007	-38.820838	-147.816209	
1008	-38.870694	-147.038627	
1009	-38.993328	-146.114588	
1010	-39.187666	-145.160053	
1011	-39.448191	-144.264676	
1012	-39.767420	-143.474446	
1013	-40.133953	-142.795856	
1014	-40.524205	-142.209539	
1015	-40.901309	-141.686576	
1016	-41.224812	-141.201392	
1017	-41.461009	-140.737950	
1018	-41.593420	-140.297409	
1019	-41.629221	-139.900626	
1020	-41.591671	-139.572420	
1021	-41.505493	-139.324706	
1022	-41.390221	-139.154749	
1023	-41.262961	-139.049230	
1024	-41.140378	-138.987916	
1025	-41.035640	-138.950379	
1026	-40.953632	-138.921428	
1027	-40.888505	-138.890610	
1028	-40.828563	-138.849864	
1029	-40.763232	-138.791914	
1030	-40.678581	-138.711136	
1031	-40.550939	-138.607704	
1032	-40.357003	-138.489588	
1033	-40.089799	-138.369146	
1034	-39.764145	-138.257182	
1035	-39.412233	-138.158415	
1036	-39.070114	-138.070250	
1037	-38.756710	-137.984733	
1038	-38.463131	-137.891998	
1039	-38.164149	-137.784329	
1040	-37.837606	-137.664378	
1041	-37.474663	-137.555376	
1042	-37.074812	-137.500750	
1043	-36.636677	-137.549167	
1044	-36.161009	-137.737145	
1045	-35.658257	-138.079596	
1046	-35.146380	-138.565918	
1047	-34.637853	-139.158053	
1048	-34.121880	-139.797138	
1049	-33.561285	-140.422795	
1050	-32.913480	-140.991811	
1051	-32.150495	-141.482294	
1052	-31.260621	-141.887795	
1053	-30.241783	-142.211297	
1054	-29.099105	-142.461769	
1055	-27.851257	-142.652928	
1056	-26.533459	-142.801939	
1057	-25.185529	-142.926257	
1058	-23.837347	-143.040843	
1059	-22.504844	-143.156531	
1060	-21.193960	-143.278675	
1061	-19.906141	-143.407447	
1062	-18.642043	-143.540237	
1063	-17.403182	-143.673774	
1064	-16.192182	-143.803897	
1065	-15.012584	-143.923805	
1066	-13.868532	-144.022743	
1067	-12.763563	-144.086334	
1068	-11.698296	-144.099127	
1069	-10.668489	-144.047682	
1070	-9.665452	-143.922507	
1071	-8.677872	-143.720585	
1072	-7.690248	-143.449811	
1073	-6.678539	-143.131360	
1074	-5.615009	-142.792388	
1075	-4.483407	-142.449973	
1076	-3.288007	-142.101263	
1077	-2.050616	-141.728762	
1078	-0.803262	-141.310675	
1079	0.419108	-140.826315	
1080	1.588553	-140.260255	
1081	2.696794	-139.609739	
1082	3.756837	-138.887487	
1083	4.785975	-138.113288	
1084	5.783872	-137.304924	
1085	6.716060	-136.478204	
1086	7.504021	-135.652153	
1087	8.032456	-134.855429	
1088	8.195099	-134.129010	
1089	7.978627	-133.515909	
1090	7.515640	-133.044501	
1091	7.019759	-132.716593	
1092	6.644167	-132.473468	
1093	6.403691	-132.148141	
1094	6.218359	-131.517285	
1095	6.009013	-130.456767	
1096	5.744219	-129.018240	
1097	5.426835	-127.368501	
1098	5.070970	-125.696023	
1099	4.694768	-124.153900	
1100	4.322457	-122.843960	
1101	3.984539	-121.824707	
1102	3.713092	-121.122105	
1103	3.535223	-120.734436	
1104	3.467374	-120.639470	
1105	3.512608	-120.807790	
1106	3.662300	-121.211609	
1107	3.900279	-121.824483	
1108	4.208162	-122.619661	
1109	4.571389	-123.571949	
1110	4.982356	-124.660855	
1111	5.439681	-125.871490	
1112	5.945450	-127.193613	
1113	6.499604	-128.620882	
1114	7.093161	-130.147848	
1115	7.703885	-131.761951	
1116	8.291968	-133.431620	
1117	8.797531	-135.098239	
1118	9.158441	-136.693806	
1119	9.353285	-138.190051	
1120	9.426520	-139.629594	
1121	9.462045	-141.098138	
1122	9.538794	-142.674554	
1123	9.710877	-144.407943	
1124	10.011253	-146.320786	
1125	10.458192	-148.417229	
1126	11.055538	-150.687847	
1127	11.790892	-153.113183	
1128	12.635137	-155.667498	
1129	13.545613	-158.322518	
1130	14.477583	-161.053433	
1131	15.399029	-163.845609	
1132	16.295685	-166.696558	
1133	17.168911	-169.616439	
1134	18.036642	-172.632804	
1135	18.931377	-175.793202	
1136	19.888969	-179.157808	
1137	20.930744	177.223824	
1138	22.035147	173.368485	
1139	23.117072	169.430804	
1140	24.073434	165.676466	
1141	24.880716	162.300437	
1142	25.614649	159.303747	
1143	26.370578	156.576594	
1144	27.198818	154.023504	
1145	28.103452	151.599882	
1146	29.070149	149.292021	
1147	30.084863	147.098422	
1148	31.132911	145.029985	
1149	32.189137	143.119582	
1150	33.213253	141.428408	
1151	34.155271	140.041462	
1152	34.967863	139.050249	
1153	35.616086	138.532573	
1154	36.070699	138.541517	
1155	36.289598	139.102192	
1156	36.212592	140.209801	
1157	35.782487	141.828920	
1158	34.993844	143.895147	
1159	33.962107	146.318218	
1160	32.961181	148.984713	
1161	32.366824	151.752564	
1162	32.525239	154.437093	
1163	33.646250	156.807990	
1164	35.813266	158.611107	
1165	39.102945	159.603394	
1166	43.738555	159.588512	
1167	50.292694	158.490141	
1168	60.070578	156.570366	
1169	75.341358	154.894157	
1170	95.857762	155.126276	
1171	114.191732	156.191728	
1172	127.397565	153.837151	
1173	137.181880	146.016964	
1174	144.360563	133.710585	
1175	149.399411	119.454351	
1176	152.781066	105.720337	
1177	154.932100	93.852144	
1178	156.165886	84.017146	
1179	156.669104	75.598861	
1180	156.430227	67.418807	
1181	154.675344	57.720357	
1182	143.554635	46.429632	
1183	81.597337	61.921088	
1184	65.292999	60.658291	
1185	59.864697	59.178235	
1186	57.468123	58.449555	
1187	56.437248	58.161208	
1188	56.225535	58.159114	
1189	56.569706	58.346284	
1190	57.298056	58.647747	
1191	58.280630	59.005079	
1192	59.417453	59.375470	
1193	60.634749	59.729668	
1194	61.880822	60.049283	
1195	63.121181	60.323696	
1196	64.333524	60.547072	
1197	65.503044	60.715788	
1198	66.618110	60.826303	
1199	67.665930	60.873149	
1200	68.627266	60.846299	
1201	69.467819	60.726050	
1202	70.119380	60.470236	
1203	70.425894	59.975720	
1204	69.941492	58.934340	
1205	67.077136	56.241479	
1206	74.032642	60.410561	
1207	90.305834	74.604544	
1208	94.199155	79.232309	
1209	95.693015	81.572795	
1210	96.323865	83.276912	
1211	96.412566	84.756469	
1212	96.260536	86.005275	
1213	97.486290	86.472713	
1214	107.814022	84.013856	
1215	145.916218	72.458439	
1216	-176.659020	48.763377	
1217	-161.886542	20.155743	
1218	-156.677320	-2.101910	
1219	-157.312817	-13.705280	
1220	-162.421056	-16.551245	
1221	-168.981918	-30.817686	
1222	-174.828174	-171.314303	
1223	-179.817996	65.445689	
1224	176.618057	47.535003	
1225	174.815532	43.784882	
1226	174.581275	44.661754	
1227	175.582548	48.192922	
1228	177.607451	54.319673	
1229	-179.130335	65.002415	
1230	-172.764094	90.474354	
1231	-150.775260	-171.575110	
1232	-119.139891	-109.041843	
1233	-108.615780	-99.494555	
1234	-91.542422	-88.382690	
1235	-101.028790	-74.192033	
1236	-103.584314	-70.320998	
1237	-103.712288	-68.655310	
1238	-103.136347	-67.982738	
1239	-102.361105	-67.809587	
1240	-101.594804	-67.923203	
1241	-100.918657	-68.299936	
1242	-100.358562	-69.011264	
1243	-99.906953	-70.157351	
1244	-99.518599	-71.824916	
1245	-99.108474	-74.064351	
1246	-98.568732	-76.887808	
1247	-97.796605	-80.277975	
1248	-96.715731	-84.192929	
1249	-95.285253	-88.564484	
1250	-93.499561	-93.296307	
1251	-91.382140	-98.267965	
1252	-88.976370	-103.346707	
1253	-86.335439	-108.403379	
1254	-83.513334	-113.325867	
1255	-80.558947	-118.024771	
1256	-77.514633	-122.430436	
1257	-74.418936	-126.484437	
1258	-71.312169	-130.129737	
1259	-68.244323	-133.302891	
1260	-65.288864	-135.932750	
1261	-62.575094	-137.958953	
1262	-60.371119	-139.408694	
1263	-59.324073	-140.639417	
1264	-61.525376	-143.297702	
1265	121.301049	-19.321415	
1266	158.569084	68.870707	
1267	150.797709	64.200414	
1268	148.086655	67.109007	
1269	147.332341	71.110007	
1270	147.245203	74.205394	
1271	147.451918	76.306854	
1272	147.860966	77.689376	
1273	148.449295	78.601012	
1274	149.209028	79.194671	
1275	150.142120	79.524941	
1276	151.270395	79.563408	
1277	152.644169	79.173787	
1278	154.335219	77.938447	
1279	156.415798	74.617794	
1280	159.741991	67.716248	
1281	179.766877	101.929030	
1282	-52.729550	-134.246432	
1283	-51.718569	-129.631070	
1284	-54.087765	-121.868527	
1285	-55.737526	-111.928995	
1286	-56.123490	-101.777655	
1287	-55.684271	-92.676004	
1288	-55.270208	-85.328954	
1289	-55.829492	-79.917742	
1290	-58.389003	-76.022605	
1291	-64.394453	-72.523290	
1292	-75.916926	-67.227063	
1293	-92.308810	-56.520734	
1294	-101.856779	-43.877797	
1295	-101.044350	-40.165210	
1296	-97.780833	-40.746649	
1297	-170.125417	135.639022	
1298	-171.053697	140.455496	
1299	-171.008195	142.165019	
1300	-170.018062	140.941848	
1301	-167.863196	136.765905	
1302	-163.376167	128.586514	
1303	-152.740345	112.792176	
1304	-131.473052	82.598166	
1305	-108.873592	39.191692	
1306	-92.484963	2.933162	
1307	-80.024142	-15.114309	
1308	-71.085752	-22.632555	
1309	-64.929955	-25.882653	
1310	-60.694811	-27.373570	
1311	-57.733276	-28.071805	
1312	-55.613195	-28.387689	
1313	-54.058978	-28.512375	
1314	NaN	NaN	
1315	NaN	NaN	
1316	NaN	NaN	
1317	NaN	NaN	
1318	NaN	NaN	
1319	NaN	NaN	
1320	NaN	NaN	
1321	NaN	NaN	
1322	NaN	NaN	
1323	NaN	NaN	
1324	NaN	NaN	
1325	NaN	NaN	
1326	NaN	NaN	
1327	NaN	NaN	
1328	NaN	NaN	
1329	NaN	NaN	
1330	NaN	NaN	
1331	NaN	NaN	
1332	NaN	NaN	
1333	NaN	NaN	
1334	NaN	NaN	
1335	NaN	NaN	
1336	NaN	NaN	
1337	NaN	NaN	
1338	NaN	NaN	
1339	NaN	NaN	
1340	NaN	NaN	
1341	NaN	NaN	
1342	NaN	NaN	
1343	NaN	NaN	
1344	NaN	NaN	
1345	NaN	NaN	
1346	NaN	NaN	
1347	NaN	NaN	
1348	NaN	NaN	
1349	NaN	NaN	
1350	NaN	NaN	
1351	NaN	NaN	
1352	NaN	NaN	
