Athlete_Engineering	// User ID
11-2-2021	// Evaluation date
P004_WALK1	24-1-2021	14:16:27:591	// Source file name and timestamp
250.000	// Sampling rate
5.118	// Data capture period



Sample #	Right_Leg_Flexion	Right_Leg_Abduction	
0	-9.189392	12.656139	
1	-9.185218	12.647196	
2	-9.179585	12.639467	
3	-9.172651	12.632063	
4	-9.164528	12.624729	
5	-9.154896	12.618398	
6	-9.142914	12.614724	
7	-9.127874	12.614770	
8	-9.110207	12.618267	
9	-9.092109	12.623889	
10	-9.076977	12.630150	
11	-9.067488	12.636427	
12	-9.064093	12.643006	
13	-9.065548	12.650252	
14	-9.070170	12.658268	
15	-9.076083	12.666760	
16	-9.081082	12.674725	
17	-9.083554	12.680854	
18	-9.083561	12.684192	
19	-9.082321	12.684124	
20	-9.080919	12.680396	
21	-9.080025	12.673311	
22	-9.080430	12.663579	
23	-9.083377	12.652113	
24	-9.090352	12.639947	
25	-9.102597	12.628242	
26	-9.120697	12.618471	
27	-9.144305	12.612195	
28	-9.172084	12.610461	
29	-9.201948	12.613892	
30	-9.231377	12.623128	
31	-9.257768	12.638127	
32	-9.278895	12.657039	
33	-9.293091	12.676562	
34	-9.299092	12.693140	
35	-9.296122	12.703554	
36	-9.284397	12.705486	
37	-9.265600	12.698250	
38	-9.242677	12.682967	
39	-9.218944	12.662179	
40	-9.197466	12.639106	
41	-9.181153	12.616853	
42	-9.172641	12.598126	
43	-9.173402	12.585250	
44	-9.183138	12.579968	
45	-9.200287	12.583165	
46	-9.222836	12.594777	
47	-9.248601	12.613872	
48	-9.275387	12.638830	
49	-9.301624	12.667549	
50	-9.326929	12.697738	
51	-9.351556	12.727102	
52	-9.375357	12.753155	
53	-9.397697	12.773366	
54	-9.418072	12.786190	
55	-9.436290	12.791883	
56	-9.452149	12.791975	
57	-9.465160	12.788097	
58	-9.474653	12.781209	
59	-9.480224	12.771305	
60	-9.482262	12.757956	
61	-9.482025	12.741609	
62	-9.480851	12.724169	
63	-9.479264	12.708326	
64	-9.476893	12.696497	
65	-9.473133	12.689951	
66	-9.468055	12.688472	
67	-9.463068	12.690885	
68	-9.460681	12.695984	
69	-9.463318	12.702767	
70	-9.472212	12.710088	
71	-9.486994	12.716920	
72	-9.505772	12.722928	
73	-9.525556	12.728162	
74	-9.543024	12.732091	
75	-9.555550	12.733238	
76	-9.562020	12.729846	
77	-9.562710	12.720775	
78	-9.558491	12.705705	
79	-9.550370	12.684653	
80	-9.539331	12.657559	
81	-9.525907	12.624723	
82	-9.509901	12.587658	
83	-9.490833	12.549251	
84	-9.468862	12.512922	
85	-9.445403	12.481631	
86	-9.422817	12.457587	
87	-9.403305	12.442160	
88	-9.387880	12.435511	
89	-9.376218	12.436808	
90	-9.367514	12.445055	
91	-9.361548	12.459359	
92	-9.358745	12.478758	
93	-9.359204	12.502233	
94	-9.362218	12.528570	
95	-9.367257	12.555955	
96	-9.374681	12.581854	
97	-9.384253	12.602958	
98	-9.393297	12.615250	
99	-9.397430	12.614992	
100	-9.392656	12.600113	
101	-9.376284	12.570744	
102	-9.346587	12.528874	
103	-9.302050	12.477337	
104	-9.240982	12.418477	
105	-9.162050	12.353320	
106	-9.065284	12.281671	
107	-8.952629	12.202755	
108	-8.827176	12.115582	
109	-8.691685	12.019018	
110	-8.548502	11.912568	
111	-8.401262	11.797875	
112	-8.256480	11.679381	
113	-8.123150	11.563391	
114	-8.010508	11.456572	
115	-7.926010	11.365596	
116	-7.874551	11.297756	
117	-7.857758	11.259532	
118	-7.873113	11.252691	
119	-7.914797	11.272958	
120	-7.976405	11.313258	
121	-8.052968	11.367166	
122	-8.140891	11.429720	
123	-8.236839	11.496735	
124	-8.337070	11.564269	
125	-8.437412	11.628771	
126	-8.533265	11.687325	
127	-8.619965	11.737145	
128	-8.694036	11.774844	
129	-8.754204	11.796777	
130	-8.800865	11.799883	
131	-8.834167	11.781906	
132	-8.852536	11.741835	
133	-8.853437	11.681408	
134	-8.835737	11.606401	
135	-8.801076	11.525693	
136	-8.753111	11.448109	
137	-8.696484	11.379108	
138	-8.636806	11.319165	
139	-8.580145	11.264148	
140	-8.531100	11.206704	
141	-8.491206	11.137946	
142	-8.459592	11.049797	
143	-8.434506	10.938001	
144	-8.412802	10.804446	
145	-8.387982	10.658018	
146	-8.350871	10.514570	
147	-8.293923	10.393200	
148	-8.214190	10.305293	
149	-8.111014	10.245205	
150	-7.981239	10.194132	
151	-7.817312	10.131120	
152	-7.610120	10.040594	
153	-7.353947	9.915895	
154	-7.049740	9.759894	
155	-6.704627	9.581654	
156	-6.327688	9.390608	
157	-5.925254	9.192408	
158	-5.499860	8.988878	
159	-5.052047	8.780337	
160	-4.581029	8.567244	
161	-4.084333	8.350254	
162	-3.558986	8.130005	
163	-3.002800	7.907450	
164	-2.413257	7.683937	
165	-1.785890	7.461314	
166	-1.114459	7.242439	
167	-0.392436	7.030695	
168	0.384437	6.829151	
169	1.215757	6.640639	
170	2.096771	6.466219	
171	3.020686	6.301815	
172	3.980178	6.138206	
173	4.967916	5.965177	
174	5.978021	5.774610	
175	7.008963	5.560523	
176	8.065076	5.318015	
177	9.153214	5.041762	
178	10.276225	4.724997	
179	11.428898	4.361693	
180	12.598598	3.952045	
181	13.769061	3.506116	
182	14.925133	3.040900	
183	16.056014	2.573360	
184	17.155108	2.116777	
185	18.216083	1.684420	
186	19.230633	1.293981	
187	20.192857	0.963244	
188	21.102061	0.702697	
189	21.958573	0.515073	
190	22.761394	0.398095	
191	23.509652	0.347584	
192	24.201735	0.361982	
193	24.834920	0.442252	
194	25.408864	0.586118	
195	25.927809	0.783900	
196	26.398576	1.019893	
197	26.827174	1.278328	
198	27.216858	1.548466	
199	27.567769	1.823687	
200	27.876675	2.096568	
201	28.136926	2.355947	
202	28.340277	2.588245	
203	28.479375	2.778944	
204	28.548365	2.912451	
205	28.542926	2.974406	
206	28.461575	2.956546	
207	28.307130	2.860764	
208	28.087626	2.701837	
209	27.814891	2.505802	
210	27.499608	2.301845	
211	27.148693	2.115712	
212	26.768502	1.968587	
213	26.367961	1.873444	
214	25.958052	1.828766	
215	25.549043	1.818410	
216	25.147060	1.818412	
217	24.752761	1.805908	
218	24.362578	1.767229	
219	23.969604	1.702973	
220	23.563873	1.626516	
221	23.133265	1.554806	
222	22.663927	1.497631	
223	22.139803	1.452178	
224	21.544759	1.404794	
225	20.869248	1.339058	
226	20.115071	1.243054	
227	19.292540	1.108252	
228	18.415170	0.924392	
229	17.497746	0.678285	
230	16.557466	0.357431	
231	15.615005	-0.043295	
232	14.691623	-0.515723	
233	13.803174	-1.038310	
234	12.955681	-1.581054	
235	12.144969	-2.110076	
236	11.360257	-2.590838	
237	10.589143	-2.992459	
238	9.820655	-3.291839	
239	9.045214	-3.474803	
240	8.253058	-3.536219	
241	7.435431	-3.481342	
242	6.589497	-3.325394	
243	5.720668	-3.088755	
244	4.839392	-2.791595	
245	3.958052	-2.452814	
246	3.091036	-2.091215	
247	2.253774	-1.724218	
248	1.458280	-1.364701	
249	0.709313	-1.018885	
250	0.004636	-0.686071	
251	-0.662082	-0.360324	
252	-1.297630	-0.034139	
253	-1.906701	0.296919	
254	-2.492756	0.632025	
255	-3.059729	0.966658	
256	-3.610642	1.293922	
257	-4.144521	1.604287	
258	-4.655729	1.887300	
259	-5.137949	2.134227	
260	-5.588803	2.336497	
261	-6.009436	2.483230	
262	-6.401240	2.564543	
263	-6.765210	2.576909	
264	-7.104912	2.525367	
265	-7.429237	2.423625	
266	-7.750157	2.291156	
267	-8.077424	2.147984	
268	-8.416090	2.011035	
269	-8.766236	1.891939	
270	-9.121277	1.796161	
271	-9.466269	1.724578	
272	-9.781079	1.676138	
273	-10.049549	1.650896	
274	-10.266469	1.652612	
275	-10.434808	1.687871	
276	-10.558788	1.761103	
277	-10.641093	1.871011	
278	-10.683710	2.012962	
279	-10.688354	2.183099	
280	-10.655684	2.377978	
281	-10.585464	2.591623	
282	-10.477711	2.815708	
283	-10.333210	3.043129	
284	-10.153940	3.270717	
285	-9.943755	3.498883	
286	-9.707681	3.728023	
287	-9.449024	3.953814	
288	-9.167498	4.167728	
289	-8.862897	4.363791	
290	-8.541030	4.543007	
291	-8.213913	4.711811	
292	-7.894846	4.879523	
293	-7.595694	5.056084	
294	-7.328454	5.247659	
295	-7.105413	5.452759	
296	-6.934512	5.663095	
297	-6.815638	5.866861	
298	-6.744585	6.051298	
299	-6.720753	6.205620	
300	-6.748174	6.322679	
301	-6.830211	6.398051	
302	-6.966739	6.431506	
303	-7.154467	6.432423	
304	-7.386082	6.422963	
305	-7.648172	6.433591	
306	-7.920866	6.493284	
307	-8.182091	6.621533	
308	-8.414339	6.824520	
309	-8.607635	7.093581	
310	-8.758920	7.407656	
311	-8.871572	7.740391	
312	-8.953183	8.066537	
313	-9.010920	8.364707	
314	-9.049114	8.619768	
315	-9.071222	8.826602	
316	-9.081921	8.991461	
317	-9.084825	9.127662	
318	-9.079475	9.250216	
319	-9.062945	9.376319	
320	-9.033884	9.528444	
321	-8.995164	9.732413	
322	-8.953593	10.011349	
323	-8.916053	10.379234	
324	-8.885146	10.835385	
325	-8.859103	11.362527	
326	-8.835310	11.929768	
327	-8.813232	12.499168	
328	-8.794963	13.033523	
329	-8.784256	13.501786	
330	-8.785042	13.881385	
331	-8.800046	14.158910	
332	-8.829981	14.328914	
333	-8.873442	14.392151	
334	-8.927390	14.355169	
335	-8.987646	14.228909	
336	-9.049522	14.024826	
337	-9.109692	13.752567	
338	-9.168593	13.421861	
339	-9.231128	13.046195	
340	-9.304240	12.643920	
341	-9.392309	12.234847	
342	-9.494168	11.836260	
343	-9.604291	11.462799	
344	-9.715193	11.127640	
345	-9.818215	10.840713	
346	-9.904446	10.605824	
347	-9.967232	10.420111	
348	-10.004896	10.275375	
349	-10.021923	10.160271	
350	-10.027446	10.062561	
351	-10.032083	9.970320	
352	-10.045682	9.872991	
353	-10.076443	9.762617	
354	-10.130281	9.633623	
355	-10.210037	9.481937	
356	-10.314466	9.305206	
357	-10.437128	9.103372	
358	-10.565724	8.879011	
359	-10.682233	8.638640	
360	-10.764878	8.394552	
361	-10.794296	8.163288	
362	-10.762814	7.958582	
363	-10.678159	7.784737	
364	-10.557053	7.637685	
365	-10.417532	7.511219	
366	-10.276777	7.401404	
367	-10.150062	7.307751	
368	-10.047599	7.232536	
369	-9.972073	7.178030	
370	-9.919538	7.142593	
371	-9.883003	7.119265	
372	-9.855665	7.099078	
373	-9.831756	7.076668	
374	-9.805480	7.053056	
375	-9.769559	7.033015	
376	-9.715224	7.020539	
377	-9.634863	7.017146	
378	-9.525968	7.023521	
379	-9.392633	7.041933	
380	-9.242783	7.076481	
381	-9.084181	7.130173	
382	-8.922575	7.201144	
383	-8.761213	7.281660	
384	-8.600541	7.361301	
385	-8.438857	7.431583	
386	-8.273539	7.487814	
387	-8.102096	7.528365	
388	-7.923346	7.555090	
389	-7.738731	7.575833	
390	-7.553633	7.606199	
391	-7.377125	7.667260	
392	-7.218846	7.778821	
393	-7.085307	7.951030	
394	-6.977525	8.177379	
395	-6.891300	8.435501	
396	-6.821122	8.699668	
397	-6.763291	8.952884	
398	-6.716124	9.188320	
399	-6.679932	9.405797	
400	-6.656153	9.608627	
401	-6.645353	9.800912	
402	-6.645591	9.984803	
403	-6.651992	10.157874	
404	-6.659737	10.313666	
405	-6.668862	10.447016	
406	-6.684928	10.559162	
407	-6.715488	10.655775	
408	-6.765933	10.741409	
409	-6.834211	10.820376	
410	-6.905212	10.898980	
411	-6.951500	10.980956	
412	-6.943509	11.064658	
413	-6.862722	11.146750	
414	-6.709053	11.226356	
415	-6.497060	11.306963	
416	-6.244735	11.394704	
417	-5.965347	11.492624	
418	-5.666376	11.597272	
419	-5.353167	11.702706	
420	-5.033093	11.806328	
421	-4.716162	11.909244	
422	-4.411963	12.012937	
423	-4.125699	12.117389	
424	-3.856947	12.220740	
425	-3.601909	12.318818	
426	-3.357475	12.406797	
427	-3.125951	12.482987	
428	-2.914859	12.548855	
429	-2.729645	12.603796	
430	-2.568840	12.641473	
431	-2.425991	12.652815	
432	-2.292173	12.632145	
433	-2.156861	12.579406	
434	-2.009861	12.498123	
435	-1.845000	12.393567	
436	-1.662292	12.271443	
437	-1.464563	12.135735	
438	-1.251576	11.987280	
439	-1.018637	11.824575	
440	-0.760219	11.646672	
441	-0.475244	11.454620	
442	-0.170126	11.247484	
443	0.146867	11.020528	
444	0.476755	10.773041	
445	0.831546	10.513094	
446	1.224058	10.250993	
447	1.658941	9.994524	
448	2.131027	9.751746	
449	2.627909	9.532306	
450	3.134979	9.344548	
451	3.640228	9.193182	
452	4.134627	9.078851	
453	4.610342	8.998914	
454	5.062068	8.949328	
455	5.489961	8.925249	
456	5.900031	8.919142	
457	6.302133	8.920226	
458	6.708065	8.916888	
459	7.131015	8.897519	
460	7.584773	8.848744	
461	8.080468	8.756772	
462	8.622586	8.612432	
463	9.208521	8.413841	
464	9.832312	8.165326	
465	10.489232	7.875565	
466	11.177019	7.556028	
467	11.891625	7.220983	
468	12.623408	6.887667	
469	13.361817	6.570644	
470	14.104375	6.274199	
471	14.859869	5.992992	
472	15.643070	5.716807	
473	16.466026	5.430612	
474	17.335455	5.113846	
475	18.256953	4.745974	
476	19.235464	4.315448	
477	20.270421	3.822770	
478	21.354146	3.276445	
479	22.476344	2.689397	
480	23.629078	2.078291	
481	24.806919	1.462843	
482	26.003372	0.864358	
483	27.207946	0.303404	
484	28.407253	-0.204117	
485	29.589320	-0.651682	
486	30.747690	-1.044221	
487	31.884064	-1.393214	
488	33.007651	-1.703841	
489	34.129529	-1.963797	
490	35.257023	-2.147843	
491	36.392680	-2.233160	
492	37.532952	-2.206621	
493	38.667181	-2.063628	
494	39.786250	-1.810147	
495	40.891649	-1.463746	
496	41.989000	-1.046306	
497	43.078340	-0.575450	
498	44.155821	-0.062813	
499	45.215406	0.479425	
500	46.246113	1.030621	
501	47.237152	1.563542	
502	48.186005	2.053181	
503	49.097133	2.481168	
504	49.975980	2.835379	
505	50.825051	3.110141	
506	51.641624	3.307693	
507	52.416162	3.437040	
508	53.133313	3.508414	
509	53.777855	3.528787	
510	54.340786	3.503968	
511	54.819233	3.444032	
512	55.214231	3.364280	
513	55.530541	3.280875	
514	55.774810	3.207230	
515	55.952096	3.154442	
516	56.063596	3.132993	
517	56.104779	3.151367	
518	56.065355	3.212028	
519	55.933902	3.308888	
520	55.705381	3.427562	
521	55.385933	3.547166	
522	54.991298	3.643306	
523	54.541492	3.692656	
524	54.054208	3.678859	
525	53.538572	3.597145	
526	52.994383	3.453643	
527	52.415311	3.258794	
528	51.790054	3.020437	
529	51.103686	2.741917	
530	50.342354	2.424083	
531	49.498507	2.067764	
532	48.572394	1.675272	
533	47.568910	1.250641	
534	46.494313	0.800021	
535	45.355382	0.333759	
536	44.159609	-0.131627	
537	42.917966	-0.572993	
538	41.649720	-0.962821	
539	40.380840	-1.279431	
540	39.132955	-1.518778	
541	37.912037	-1.691111	
542	36.704244	-1.806302	
543	35.481519	-1.864896	
544	34.216566	-1.859704	
545	32.895478	-1.785191	
546	31.517355	-1.649127	
547	30.086824	-1.475721	
548	28.609934	-1.295582	
549	27.095872	-1.132322	
550	25.558103	-0.996797	
551	24.009839	-0.888245	
552	22.459583	-0.796351	
553	20.912558	-0.703757	
554	19.375025	-0.592161	
555	17.856998	-0.449329	
556	16.371412	-0.270655	
557	14.929846	-0.056332	
558	13.538478	0.189233	
559	12.197091	0.455031	
560	10.899486	0.723721	
561	9.634298	0.976243	
562	8.387695	1.195892	
563	7.148471	1.369464	
564	5.912906	1.489434	
565	4.686012	1.558376	
566	3.479133	1.588022	
567	2.304926	1.589449	
568	1.170640	1.567000	
569	0.074258	1.523488	
570	-0.992551	1.464809	
571	-2.037962	1.395602	
572	-3.064774	1.311068	
573	-4.068303	1.193461	
574	-5.038502	1.019589	
575	-5.963881	0.775037	
576	-6.833804	0.461927	
577	-7.639752	0.095048	
578	-8.375916	-0.306029	
579	-9.038431	-0.721697	
580	-9.624090	-1.134711	
581	-10.129644	-1.531521	
582	-10.552601	-1.901866	
583	-10.893585	-2.238320	
584	-11.158355	-2.536383	
585	-11.356723	-2.792156	
586	-11.498063	-2.997823	
587	-11.588164	-3.140472	
588	-11.630542	-3.206451	
589	-11.628373	-3.186317	
590	-11.583837	-3.076834	
591	-11.496474	-2.881540	
592	-11.361563	-2.610729	
593	-11.169696	-2.279963	
594	-10.912602	-1.905524	
595	-10.593028	-1.498090	
596	-10.226058	-1.062180	
597	-9.830798	-0.602243	
598	-9.423344	-0.127324	
599	-9.013906	0.348544	
600	-8.606343	0.809930	
601	-8.200757	1.246042	
602	-7.798126	1.651453	
603	-7.404486	2.020128	
604	-7.032299	2.342536	
605	-6.699042	2.608657	
606	-6.425861	2.810631	
607	-6.237017	2.943836	
608	-6.157914	3.008322	
609	-6.210413	3.010090	
610	-6.406359	2.961908	
611	-6.742187	2.884153	
612	-7.195934	2.806520	
613	-7.726917	2.770281	
614	-8.282216	2.826357	
615	-8.809728	3.023143	
616	-9.268230	3.387029	
617	-9.630176	3.908955	
618	-9.881459	4.546325	
619	-10.020267	5.236369	
620	-10.054274	5.911629	
621	-9.997537	6.512161	
622	-9.869160	6.994237	
623	-9.692089	7.336808	
624	-9.488398	7.543424	
625	-9.273351	7.638053	
626	-9.054772	7.659779	
627	-8.837624	7.659036	
628	-8.627167	7.690700	
629	-8.427973	7.803429	
630	-8.241784	8.032031	
631	-8.066685	8.395234	
632	-7.898271	8.895206	
633	-7.733440	9.518361	
634	-7.574762	10.238320	
635	-7.429836	11.018559	
636	-7.305151	11.814563	
637	-7.202586	12.578576	
638	-7.122173	13.265735	
639	-7.065048	13.838113	
640	-7.033456	14.267499	
641	-7.030889	14.537097	
642	-7.062742	14.638806	
643	-7.134127	14.569846	
644	-7.244361	14.336465	
645	-7.383945	13.958289	
646	-7.539775	13.463731	
647	-7.703152	12.883975	
648	-7.869867	12.253160	
649	-8.034179	11.608716	
650	-8.186643	10.988384	
651	-8.317504	10.428204	
652	-8.420397	9.962200	
653	-8.492802	9.620080	
654	-8.533864	9.422116	
655	-8.542707	9.375122	
656	-8.519081	9.472228	
657	-8.465117	9.694539	
658	-8.386359	10.011626	
659	-8.291671	10.381320	
660	-8.191652	10.754919	
661	-8.094597	11.089964	
662	-8.003713	11.359823	
663	-7.920388	11.550857	
664	-7.847876	11.653519	
665	-7.788930	11.659108	
666	-7.742252	11.564222	
667	-7.703474	11.374994	
668	-7.668525	11.106704	
669	-7.634623	10.782741	
670	-7.598858	10.433878	
671	-7.558354	10.093266	
672	-7.512240	9.788382	
673	-7.462069	9.536553	
674	-7.410436	9.345037	
675	-7.360079	9.213592	
676	-7.313855	9.139549	
677	-7.273928	9.121848	
678	-7.240702	9.158211	
679	-7.213737	9.238100	
680	-7.193042	9.342035	
681	-7.178518	9.451139	
682	-7.170375	9.557978	
683	-7.171470	9.669153	
684	-7.187098	9.800184	
685	-7.221783	9.968072	
686	-7.276593	10.184547	
687	-7.346813	10.452811	
688	-7.419415	10.768904	
689	-7.474306	11.122378	
690	-7.491765	11.495425	
691	-7.461049	11.867668	
692	-7.384234	12.225001	
693	-7.275306	12.563463	
694	-7.155830	12.886544	
695	-7.047034	13.200651	
696	-6.960868	13.512712	
697	-6.895531	13.829799	
698	-6.838606	14.158503	
699	-6.775194	14.503448	
700	-6.695062	14.864396	
701	-6.594664	15.233215	
702	-6.473967	15.595373	
703	-6.332298	15.935481	
704	-6.167801	16.241567	
705	-5.980081	16.507095	
706	-5.772889	16.731912	
707	-5.555958	16.920916	
708	-5.345240	17.080786	
709	-5.156592	17.219193	
710	-4.996430	17.347180	
711	-4.862883	17.478480	
712	-4.751028	17.624568	
713	-4.648843	17.790097	
714	-4.535974	17.969871	
715	-4.392069	18.148402	
716	-4.201766	18.303519	
717	-3.954446	18.411093	
718	-3.644896	18.448328	
719	-3.272996	18.396594	
720	-2.839460	18.244224	
721	-2.342355	17.987295	
722	-1.781188	17.628572	
723	-1.165671	17.178991	
724	-0.518331	16.660522	
725	0.130829	16.105192	
726	0.748196	15.553610	
727	1.300043	15.054283	
728	1.762202	14.656989	
729	2.126763	14.402582	
730	2.399095	14.316171	
731	2.593237	14.401749	
732	2.729194	14.635329	
733	2.831027	14.955465	
734	2.929205	15.251761	
735	3.062421	15.376050	
736	3.263972	15.210162	
737	3.539386	14.748648	
738	3.863604	14.099286	
739	4.201394	13.402970	
740	4.527167	12.767304	
741	4.829716	12.254773	
742	5.106772	11.897611	
743	5.359003	11.713358	
744	5.587147	11.713569	
745	5.790535	11.905305	
746	5.966727	12.288399	
747	6.114010	12.850468	
748	6.236205	13.561747	
749	6.347396	14.373505	
750	6.473225	15.218490	
751	6.645189	16.011492	
752	6.889873	16.660071	
753	7.220441	17.092897	
754	7.632832	17.293941	
755	8.107299	17.311123	
756	8.618303	17.222688	
757	9.142724	17.105364	
758	9.657490	17.036231	
759	10.140510	17.087818	
760	10.583042	17.295280	
761	11.000273	17.627038	
762	11.428386	17.982172	
763	11.909423	18.215649	
764	12.472373	18.186509	
765	13.120860	17.813949	
766	13.836672	17.103859	
767	14.594815	16.127000	
768	15.375858	14.978572	
769	16.171040	13.746806	
770	16.982195	12.499973	
771	17.818314	11.291582	
772	18.690905	10.164363	
773	19.609659	9.145262	
774	20.579466	8.244541	
775	21.598859	7.460734	
776	22.658765	6.784718	
777	23.741488	6.200873	
778	24.824868	5.686296	
779	25.892536	5.213357	
780	26.939695	4.759351	
781	27.973681	4.317116	
782	29.015235	3.897146	
783	30.092860	3.518473	
784	31.231589	3.193342	
785	32.448194	2.917158	
786	33.747961	2.673229	
787	35.118143	2.447118	
788	36.531801	2.235359	
789	37.963642	2.043698	
790	39.393900	1.884782	
791	40.794833	1.779755	
792	42.124051	1.756329	
793	43.334380	1.839297	
794	44.387408	2.039943	
795	45.261399	2.352157	
796	45.954787	2.754062	
797	46.487688	3.211823	
798	46.901759	3.686418	
799	47.257331	4.143292	
800	47.618942	4.566927	
801	48.026242	4.971991	
802	48.475160	5.391345	
803	48.932189	5.847461	
804	49.363341	6.334848	
805	49.746675	6.824024	
806	50.071742	7.278155	
807	50.340513	7.665967	
808	50.564710	7.963663	
809	50.758963	8.155554	
810	50.937137	8.238259	
811	51.110775	8.220720	
812	51.288296	8.117519	
813	51.475299	7.941824	
814	51.673584	7.704081	
815	51.877873	7.416639	
816	52.072887	7.097861	
817	52.233898	6.770458	
818	52.331238	6.455672	
819	52.336293	6.167746	
820	52.226393	5.911990	
821	51.988295	5.685941	
822	51.619389	5.480844	
823	51.124560	5.284242	
824	50.512188	5.084218	
825	49.794113	4.872397	
826	48.986190	4.645583	
827	48.107778	4.406488	
828	47.183132	4.161401	
829	46.239344	3.915215	
830	45.297156	3.667271	
831	44.364185	3.410083	
832	43.436026	3.130820	
833	42.499390	2.814885	
834	41.534757	2.450838	
835	40.522040	2.034632	
836	39.450011	1.568104	
837	38.322109	1.053711	
838	37.150683	0.496149	
839	35.946649	-0.091417	
840	34.716494	-0.689284	
841	33.462313	-1.278852	
842	32.178429	-1.842447	
843	30.852441	-2.352731	
844	29.475835	-2.766919	
845	28.054856	-3.041970	
846	26.613363	-3.151641	
847	25.188496	-3.077776	
848	23.819457	-2.805366	
849	22.531298	-2.351851	
850	21.323747	-1.788680	
851	20.173239	-1.216914	
852	19.043437	-0.726289	
853	17.891753	-0.375947	
854	16.673732	-0.194426	
855	15.365437	-0.179454	
856	13.993268	-0.296312	
857	12.627854	-0.491469	
858	11.344524	-0.718112	
859	10.193605	-0.944340	
860	9.196619	-1.146333	
861	8.354554	-1.311961	
862	7.654025	-1.446118	
863	7.072662	-1.565795	
864	6.580869	-1.688805	
865	6.129093	-1.811939	
866	5.640710	-1.896292	
867	5.034547	-1.886720	
868	4.254356	-1.747537	
869	3.279208	-1.482681	
870	2.120497	-1.132782	
871	0.811249	-0.754609	
872	-0.609370	-0.399470	
873	-2.102038	-0.107424	
874	-3.621735	0.090625	
875	-5.118245	0.178676	
876	-6.545172	0.158615	
877	-7.863163	0.039760	
878	-9.039652	-0.162990	
879	-10.054463	-0.418741	
880	-10.905697	-0.687894	
881	-11.607870	-0.943883	
882	-12.182069	-1.178946	
883	-12.646079	-1.393750	
884	-13.013664	-1.591983	
885	-13.297474	-1.779157	
886	-13.503994	-1.952153	
887	-13.627887	-2.091488	
888	-13.661129	-2.173252	
889	-13.607703	-2.185594	
890	-13.483262	-2.129501	
891	-13.304458	-2.011288	
892	-13.083527	-1.839688	
893	-12.828540	-1.626411	
894	-12.545633	-1.386483	
895	-12.241275	-1.135474	
896	-11.921821	-0.882473	
897	-11.592854	-0.626295	
898	-11.262168	-0.360792	
899	-10.943273	-0.083745	
900	-10.653595	0.199260	
901	-10.408000	0.477992	
902	-10.213297	0.743641	
903	-10.068422	0.991975	
904	-9.972654	1.217855	
905	-9.934262	1.407091	
906	-9.965636	1.544089	
907	-10.069547	1.629366	
908	-10.235123	1.679212	
909	-10.444258	1.712746	
910	-10.675300	1.752198	
911	-10.901105	1.832902	
912	-11.089223	2.002625	
913	-11.211613	2.301175	
914	-11.256091	2.736366	
915	-11.224635	3.283672	
916	-11.123587	3.903860	
917	-10.958869	4.553793	
918	-10.736760	5.188483	
919	-10.467396	5.765752	
920	-10.167912	6.255778	
921	-9.860581	6.647747	
922	-9.567337	6.949072	
923	-9.305385	7.180506	
924	-9.084606	7.368854	
925	-8.906287	7.538736	
926	-8.762672	7.707401	
927	-8.637764	7.886017	
928	-8.512813	8.088822	
929	-8.375457	8.341451	
930	-8.224047	8.675485	
931	-8.063642	9.112740	
932	-7.899985	9.654442	
933	-7.737490	10.282575	
934	-7.580862	10.971028	
935	-7.436743	11.695119	
936	-7.312414	12.427010	
937	-7.211983	13.124704	
938	-7.133471	13.734826	
939	-7.069186	14.210586	
940	-7.009187	14.526168	
941	-6.946966	14.677486	
942	-6.884106	14.677446	
943	-6.829692	14.552588	
944	-6.795478	14.337398	
945	-6.792490	14.064497	
946	-6.831821	13.757184	
947	-6.924193	13.428037	
948	-7.075118	13.081875	
949	-7.282412	12.722210	
950	-7.538667	12.357007	
951	-7.832813	11.998911	
952	-8.149068	11.661935	
953	-8.467179	11.357637	
954	-8.765375	11.091409	
955	-9.022811	10.860655	
956	-9.220338	10.656937	
957	-9.342739	10.471953	
958	-9.383784	10.301567	
959	-9.350318	10.141625	
960	-9.259971	9.982709	
961	-9.132787	9.813076	
962	-8.984402	9.624623	
963	-8.825949	9.416955	
964	-8.665863	9.197279	
965	-8.507442	8.971373	
966	-8.345252	8.732955	
967	-8.166386	8.462727	
968	-7.956585	8.136628	
969	-7.709743	7.743798	
970	-7.440934	7.321590	
971	-7.193701	6.998234	
972	-7.025079	6.968331	
973	-6.979890	7.326384	
974	-7.075263	7.950082	
975	-7.296901	8.640421	
976	-7.614683	9.283193	
977	-7.998982	9.849989	
978	-8.421338	10.340334	
979	-8.849394	10.749271	
980	-9.247477	11.061820	
981	-9.586603	11.259176	
982	-9.854188	11.327443	
983	-10.051646	11.262496	
984	-10.182495	11.068576	
985	-10.241756	10.756794	
986	-10.215056	10.348472	
987	-10.087715	9.876062	
988	-9.853747	9.376437	
989	-9.517648	8.883507	
990	-9.092259	8.425949	
991	-8.597913	8.029994	
992	-8.067179	7.728197	
993	-7.549342	7.568116	
994	-7.093311	7.592622	
995	-6.713480	7.793434	
996	-6.383000	8.107124	
997	-6.064380	8.461799	
998	-5.732531	8.807572	
999	-5.373506	9.116764	
1000	-4.980208	9.375772	
1001	-4.552027	9.578459	
1002	-4.093178	9.723383	
1003	-3.608870	9.813889	
1004	-3.102414	9.858037	
1005	-2.575822	9.866319	
1006	-2.031410	9.848847	
1007	-1.472578	9.814660	
1008	-0.904694	9.772046	
1009	-0.334358	9.727879	
1010	0.233058	9.686863	
1011	0.794625	9.651729	
1012	1.349471	9.623903	
1013	1.898258	9.604123	
1014	2.442836	9.592915	
1015	2.986019	9.590910	
1016	3.531420	9.599001	
1017	4.083312	9.618283	
1018	4.646410	9.649788	
1019	5.225469	9.693977	
1020	5.824624	9.749986	
1021	6.446082	9.814778	
1022	7.087813	9.883024	
1023	7.742062	9.948400	
1024	8.396772	10.005670	
1025	9.038271	10.052385	
1026	9.653606	10.089405	
1027	10.232977	10.119685	
1028	10.771486	10.146643	
1029	11.270403	10.174013	
1030	11.738045	10.206155	
1031	12.186808	10.247249	
1032	12.626393	10.300210	
1033	13.059056	10.366337	
1034	13.479352	10.445795	
1035	13.877955	10.538154	
1036	14.248877	10.641294	
1037	14.595404	10.748208	
1038	14.931803	10.844929	
1039	15.281514	10.913449	
1040	15.670439	10.938582	
1041	16.117989	10.914184	
1042	16.632280	10.846574	
1043	17.209854	10.754596	
1044	17.838335	10.664282	
1045	18.501638	10.599032	
1046	19.184548	10.571815	
1047	19.874387	10.583387	
1048	20.562143	10.624795	
1049	21.244640	10.681480	
1050	21.925127	10.736615	
1051	22.611068	10.772718	
1052	23.312957	10.772016	
1053	24.046477	10.716043	
1054	24.834946	10.585463	
1055	25.708856	10.359601	
1056	26.702693	10.012138	
1057	27.850608	9.501843	
1058	29.180611	8.761576	
1059	30.707793	7.684537	
1060	32.438047	6.100716	
1061	34.404719	3.752340	
1062	36.738735	0.358810	
1063	39.642339	-3.962705	
1064	43.000790	-8.092006	
1065	46.139116	-10.678272	
1066	48.489681	-11.281787	
1067	49.964148	-9.896408	
1068	50.729115	-6.631600	
1069	51.009311	-1.920554	
1070	50.987502	3.431280	
1071	50.773639	8.532175	
1072	50.422496	12.753087	
1073	49.962210	15.849003	
1074	49.416550	17.863729	
1075	48.813651	18.977160	
1076	48.183657	19.399717	
1077	47.553539	19.326347	
1078	46.943489	18.922113	
1079	46.365848	18.318737	
1080	45.826103	17.614972	
1081	45.324856	16.879380	
1082	44.859852	16.155033	
1083	44.427540	15.465261	
1084	44.024078	14.819422	
1085	43.645867	14.217951	
1086	43.289776	13.656322	
1087	42.953196	13.127884	
1088	42.634001	12.625706	
1089	42.330479	12.143639	
1090	42.041246	11.676802	
1091	41.765178	11.221690	
1092	41.501340	10.776057	
1093	41.248939	10.338677	
1094	41.007285	9.909081	
1095	40.775758	9.487301	
1096	40.553797	9.073659	
1097	40.340879	8.668608	
1098	40.136518	8.272619	
1099	39.940256	7.886109	
1100	39.751668	7.509411	
1101	39.570353	7.142752	
1102	39.395943	6.786264	
1103	39.228097	6.439988	
1104	39.066503	6.103890	
1105	38.910874	5.777880	
1106	38.760946	5.461821	
1107	38.616469	5.155544	
1108	38.477196	4.858861	
1109	38.342871	4.571567	
1110	38.213207	4.293446	
1111	38.087866	4.024277	
1112	37.966432	3.763829	
1113	37.848391	3.511862	
1114	37.733112	3.268118	
1115	37.619843	3.032314	
1116	37.507732	2.804135	
1117	37.395885	2.583222	
1118	37.283467	2.369172	
1119	37.169874	2.161537	
1120	37.054986	1.959841	
1121	36.939490	1.763617	
1122	36.825296	1.572467	
1123	36.715994	1.386155	
1124	36.617316	1.204732	
1125	36.537506	1.028704	
1126	36.487483	0.859229	
1127	36.480615	0.698358	
1128	36.531925	0.549308	
1129	36.656447	0.416766	
1130	36.866912	0.307103	
1131	37.172556	0.228270	
1132	37.579777	0.189715	
1133	38.091329	0.201790	
1134	38.700268	0.271903	
1135	39.376811	0.395268	
1136	40.048836	0.540334	
1137	40.577187	0.628171	
1138	40.744768	0.513776	
1139	40.306033	0.007239	
1140	39.080813	-1.031548	
1141	37.025090	-2.563319	
1142	34.284266	-4.321236	
1143	31.189828	-5.952279	
1144	28.124509	-7.225276	
1145	25.358680	-8.083482	
1146	22.999631	-8.570578	
1147	21.034719	-8.759015	
1148	19.387051	-8.717103	
1149	17.951945	-8.497418	
1150	16.615659	-8.128502	
1151	15.261802	-7.602262	
1152	13.776774	-6.846838	
1153	13.012965	-5.132118	
1154	11.546552	-3.009751	
1155	14.790018	0.601385	
1156	-159.420968	-57.177535	
1157	NaN	NaN	
1158	NaN	NaN	
1159	NaN	NaN	
1160	NaN	NaN	
1161	NaN	NaN	
1162	NaN	NaN	
1163	NaN	NaN	
1164	NaN	NaN	
1165	NaN	NaN	
1166	NaN	NaN	
1167	NaN	NaN	
1168	NaN	NaN	
1169	NaN	NaN	
1170	NaN	NaN	
1171	NaN	NaN	
1172	NaN	NaN	
1173	NaN	NaN	
1174	NaN	NaN	
1175	NaN	NaN	
1176	NaN	NaN	
1177	NaN	NaN	
1178	NaN	NaN	
1179	NaN	NaN	
1180	NaN	NaN	
1181	NaN	NaN	
1182	NaN	NaN	
1183	NaN	NaN	
1184	NaN	NaN	
1185	NaN	NaN	
1186	NaN	NaN	
1187	NaN	NaN	
1188	NaN	NaN	
1189	NaN	NaN	
1190	NaN	NaN	
1191	NaN	NaN	
1192	NaN	NaN	
1193	NaN	NaN	
1194	NaN	NaN	
1195	NaN	NaN	
1196	NaN	NaN	
1197	NaN	NaN	
1198	NaN	NaN	
1199	NaN	NaN	
1200	NaN	NaN	
1201	NaN	NaN	
1202	NaN	NaN	
1203	NaN	NaN	
1204	NaN	NaN	
1205	NaN	NaN	
1206	NaN	NaN	
1207	NaN	NaN	
1208	NaN	NaN	
1209	NaN	NaN	
1210	NaN	NaN	
1211	NaN	NaN	
1212	NaN	NaN	
1213	NaN	NaN	
1214	NaN	NaN	
1215	NaN	NaN	
1216	NaN	NaN	
1217	NaN	NaN	
1218	NaN	NaN	
1219	NaN	NaN	
1220	NaN	NaN	
1221	NaN	NaN	
1222	NaN	NaN	
1223	NaN	NaN	
1224	NaN	NaN	
1225	NaN	NaN	
1226	NaN	NaN	
1227	NaN	NaN	
1228	NaN	NaN	
1229	NaN	NaN	
1230	NaN	NaN	
1231	NaN	NaN	
1232	NaN	NaN	
1233	NaN	NaN	
1234	NaN	NaN	
1235	NaN	NaN	
1236	NaN	NaN	
1237	NaN	NaN	
1238	NaN	NaN	
1239	NaN	NaN	
1240	NaN	NaN	
1241	NaN	NaN	
1242	NaN	NaN	
1243	NaN	NaN	
1244	NaN	NaN	
1245	NaN	NaN	
1246	NaN	NaN	
1247	NaN	NaN	
1248	NaN	NaN	
1249	NaN	NaN	
1250	NaN	NaN	
1251	NaN	NaN	
1252	NaN	NaN	
1253	NaN	NaN	
1254	NaN	NaN	
1255	NaN	NaN	
1256	NaN	NaN	
1257	NaN	NaN	
1258	NaN	NaN	
1259	NaN	NaN	
1260	NaN	NaN	
1261	NaN	NaN	
1262	NaN	NaN	
1263	NaN	NaN	
1264	NaN	NaN	
1265	NaN	NaN	
1266	NaN	NaN	
1267	NaN	NaN	
1268	NaN	NaN	
1269	NaN	NaN	
1270	NaN	NaN	
1271	NaN	NaN	
1272	NaN	NaN	
1273	NaN	NaN	
1274	NaN	NaN	
1275	NaN	NaN	
1276	NaN	NaN	
1277	NaN	NaN	
1278	NaN	NaN	
1279	NaN	NaN	
