Athlete_Engineering	// User ID
11-2-2021	// Evaluation date
P005_WALK3	24-1-2021	15:48:11:954	// Source file name and timestamp
250.000	// Sampling rate
6.594	// Data capture period



Sample #	Right_Leg_Flexion	Right_Leg_Abduction	
0	-9.175539	0.030898	
1	-9.186261	-0.014650	
2	-9.194301	-0.044445	
3	-9.199001	-0.057060	
4	-9.199685	-0.051781	
5	-9.197123	-0.029426	
6	-9.194012	0.007685	
7	-9.194624	0.056254	
8	-9.203888	0.112937	
9	-9.226364	0.175144	
10	-9.265553	0.241024	
11	-9.323303	0.308956	
12	-9.399198	0.377296	
13	-9.490148	0.444560	
14	-9.590236	0.509767	
15	-9.690888	0.572694	
16	-9.781540	0.633835	
17	-9.850773	0.694118	
18	-9.887755	0.754397	
19	-9.883662	0.814793	
20	-9.833400	0.874405	
21	-9.738658	0.931850	
22	-9.610697	0.986272	
23	-9.468339	1.037993	
24	-9.330786	1.088191	
25	-9.211401	1.137846	
26	-9.116496	1.187010	
27	-9.046936	1.234702	
28	-8.999761	1.278890	
29	-8.969557	1.316408	
30	-8.949855	1.343244	
31	-8.934444	1.355085	
32	-8.918359	1.347948	
33	-8.898217	1.319417	
34	-8.872226	1.270569	
35	-8.840694	1.207636	
36	-8.806467	1.141071	
37	-8.774619	1.081992	
38	-8.752397	1.040900	
39	-8.748520	1.028237	
40	-8.770206	1.051653	
41	-8.820493	1.112026	
42	-8.897602	1.200785	
43	-8.995523	1.300927	
44	-9.106079	1.395259	
45	-9.220236	1.473773	
46	-9.326821	1.532623	
47	-9.412460	1.570218	
48	-9.465392	1.585149	
49	-9.479348	1.574694	
50	-9.453654	1.533495	
51	-9.391184	1.453795	
52	-9.297336	1.328621	
53	-9.180632	1.158206	
54	-9.052978	0.955523	
55	-8.927138	0.743152	
56	-8.812785	0.542654	
57	-8.715679	0.367121	
58	-8.640125	0.220591	
59	-8.590656	0.100767	
60	-8.571914	0.002914	
61	-8.588265	-0.075770	
62	-8.642517	-0.131220	
63	-8.733562	-0.149032	
64	-8.856322	-0.106887	
65	-9.004532	0.016231	
66	-9.172501	0.228812	
67	-9.354602	0.520416	
68	-9.544387	0.863240	
69	-9.734484	1.219736	
70	-9.918290	1.556006	
71	-10.092672	1.856234	
72	-10.257319	2.122979	
73	-10.410632	2.362335	
74	-10.548008	2.574042	
75	-10.664287	2.754512	
76	-10.756501	2.901473	
77	-10.824225	3.013679	
78	-10.867814	3.087445	
79	-10.886830	3.114363	
80	-10.881085	3.087095	
81	-10.852974	3.009839	
82	-10.807522	2.898889	
83	-10.750599	2.773655	
84	-10.688037	2.651119	
85	-10.625095	2.544572	
86	-10.565373	2.462179	
87	-10.510643	2.407228	
88	-10.462125	2.379509	
89	-10.421590	2.374717	
90	-10.391019	2.383783	
91	-10.371247	2.394684	
92	-10.361106	2.394807	
93	-10.357949	2.372170	
94	-10.358899	2.316878	
95	-10.361713	2.223107	
96	-10.365101	2.090459	
97	-10.368735	1.924308	
98	-10.373050	1.735118	
99	-10.379051	1.537388	
100	-10.387784	1.347576	
101	-10.399371	1.179478	
102	-10.413003	1.040382	
103	-10.428246	0.932135	
104	-10.445691	0.854816	
105	-10.466076	0.808984	
106	-10.489389	0.796383	
107	-10.514849	0.820057	
108	-10.541286	0.882717	
109	-10.567491	0.982983	
110	-10.592253	1.112387	
111	-10.614353	1.257209	
112	-10.633038	1.405175	
113	-10.648608	1.550810	
114	-10.662332	1.694998	
115	-10.676046	1.841464	
116	-10.691848	1.993719	
117	-10.711284	2.152314	
118	-10.734030	2.311071	
119	-10.756625	2.452384	
120	-10.771898	2.545055	
121	-10.771313	2.553544	
122	-10.750881	2.459509	
123	-10.714623	2.274043	
124	-10.671081	2.025744	
125	-10.627784	1.742711	
126	-10.589326	1.446861	
127	-10.558219	1.156419	
128	-10.535738	0.889032	
129	-10.521729	0.662519	
130	-10.514311	0.491754	
131	-10.510540	0.385002	
132	-10.507435	0.343220	
133	-10.502592	0.361053	
134	-10.494284	0.427607	
135	-10.480940	0.526925	
136	-10.460704	0.639885	
137	-10.432002	0.748791	
138	-10.394707	0.841852	
139	-10.350759	0.914231	
140	-10.303813	0.965966	
141	-10.258133	0.998660	
142	-10.217340	1.013364	
143	-10.183693	1.011401	
144	-10.158136	0.996466	
145	-10.140678	0.975159	
146	-10.130727	0.955441	
147	-10.127225	0.944240	
148	-10.128428	0.945607	
149	-10.131921	0.960477	
150	-10.135136	0.987423	
151	-10.135354	1.022701	
152	-10.129006	1.060151	
153	-10.111748	1.092799	
154	-10.079886	1.116033	
155	-10.031560	1.129460	
156	-9.966584	1.135836	
157	-9.886056	1.139944	
158	-9.792552	1.149367	
159	-9.690134	1.174021	
160	-9.583768	1.222259	
161	-9.478440	1.295678	
162	-9.377991	1.386920	
163	-9.283947	1.482589	
164	-9.194872	1.568513	
165	-9.106713	1.633313	
166	-9.014484	1.670010	
167	-8.914771	1.678050	
168	-8.807191	1.665539	
169	-8.693879	1.648439	
170	-8.577982	1.646367	
171	-8.462084	1.677983	
172	-8.346895	1.756834	
173	-8.230914	1.887443	
174	-8.110839	2.062211	
175	-7.981849	2.259759	
176	-7.838726	2.450136	
177	-7.678497	2.609392	
178	-7.501948	2.730302	
179	-7.311990	2.818532	
180	-7.110342	2.882152	
181	-6.895600	2.925920	
182	-6.665078	2.953636	
183	-6.417995	2.972939	
184	-6.155006	2.992868	
185	-5.875115	3.016401	
186	-5.575240	3.039885	
187	-5.252967	3.059628	
188	-4.909195	3.077191	
189	-4.549068	3.101046	
190	-4.180274	3.142134	
191	-3.808176	3.201365	
192	-3.431615	3.262031	
193	-3.044092	3.299682	
194	-2.638761	3.298726	
195	-2.212265	3.259472	
196	-1.764971	3.193628	
197	-1.298075	3.113239	
198	-0.810512	3.020878	
199	-0.298792	2.909805	
200	0.240497	2.773552	
201	0.808303	2.614785	
202	1.403180	2.444062	
203	2.023822	2.269255	
204	2.671048	2.087876	
205	3.346725	1.891813	
206	4.051018	1.677812	
207	4.780916	1.451209	
208	5.530464	1.221654	
209	6.291943	0.999496	
210	7.058793	0.794834	
211	7.830129	0.613512	
212	8.612283	0.455632	
213	9.414048	0.323927	
214	10.239517	0.229125	
215	11.083884	0.182121	
216	11.933314	0.186520	
217	12.768911	0.240881	
218	13.573854	0.340368	
219	14.338327	0.473467	
220	15.058618	0.623143	
221	15.734429	0.776099	
222	16.369367	0.928897	
223	16.973370	1.082435	
224	17.561950	1.235360	
225	18.149826	1.386564	
226	18.743861	1.538023	
227	19.342883	1.688907	
228	19.942936	1.829087	
229	20.539263	1.943851	
230	21.124722	2.023935	
231	21.692405	2.067187	
232	22.242746	2.074139	
233	22.786420	2.047438	
234	23.338530	1.994198	
235	23.909207	1.924646	
236	24.497848	1.847140	
237	25.092654	1.763435	
238	25.672880	1.666295	
239	26.214056	1.543117	
240	26.697346	1.386586	
241	27.116655	1.202108	
242	27.476362	1.002350	
243	27.783694	0.796525	
244	28.043941	0.587631	
245	28.259714	0.377467	
246	28.431441	0.170942	
247	28.557949	-0.024186	
248	28.637305	-0.200759	
249	28.667786	-0.356355	
250	28.648682	-0.495879	
251	28.580686	-0.631558	
252	28.465992	-0.779984	
253	28.308422	-0.956110	
254	28.113439	-1.166423	
255	27.887625	-1.405537	
256	27.637407	-1.659238	
257	27.367320	-1.912603	
258	27.078853	-2.157295	
259	26.770806	-2.393624	
260	26.440850	-2.628182	
261	26.087280	-2.869136	
262	25.710047	-3.121615	
263	25.310602	-3.386107	
264	24.890818	-3.659739	
265	24.452112	-3.938169	
266	23.995464	-4.217670	
267	23.521725	-4.497971	
268	23.031738	-4.783616	
269	22.526563	-5.080565	
270	22.007899	-5.390277	
271	21.478256	-5.707326	
272	20.940242	-6.022074	
273	20.395244	-6.325353	
274	19.842969	-6.611964	
275	19.282235	-6.881325	
276	18.711537	-7.135282	
277	18.128738	-7.374667	
278	17.531220	-7.597356	
279	16.917244	-7.799204	
280	16.287029	-7.976775	
281	15.642457	-8.129805	
282	14.986459	-8.260812	
283	14.323086	-8.371964	
284	13.657432	-8.463380	
285	12.994593	-8.534616	
286	12.338404	-8.586662	
287	11.690822	-8.622545	
288	11.052596	-8.646326	
289	10.424671	-8.661392	
290	9.808415	-8.669756	
291	9.204647	-8.672324	
292	8.613047	-8.669017	
293	8.032162	-8.659354	
294	7.460132	-8.643686	
295	6.895580	-8.623217	
296	6.337296	-8.599098	
297	5.783119	-8.573037	
298	5.229132	-8.548650	
299	4.669940	-8.531221	
300	4.100575	-8.526160	
301	3.518552	-8.536724	
302	2.924338	-8.561126	
303	2.320697	-8.591217	
304	1.711842	-8.614052	
305	1.102546	-8.614545	
306	0.497716	-8.578644	
307	-0.097651	-8.497069	
308	-0.679664	-8.366423	
309	-1.247540	-8.187168	
310	-1.803876	-7.962159	
311	-2.353120	-7.696809	
312	-2.899757	-7.399196	
313	-3.446574	-7.079537	
314	-3.993696	-6.750284	
315	-4.538781	-6.426485	
316	-5.078122	-6.123254	
317	-5.608454	-5.850946	
318	-6.128223	-5.612259	
319	-6.637153	-5.402405	
320	-7.134973	-5.211953	
321	-7.620589	-5.031706	
322	-8.092137	-4.856816	
323	-8.547896	-4.688415	
324	-8.987446	-4.531985	
325	-9.411719	-4.392072	
326	-9.821650	-4.268203	
327	-10.216948	-4.156684	
328	-10.596494	-4.054258	
329	-10.959470	-3.958632	
330	-11.305250	-3.868113	
331	-11.632966	-3.782554	
332	-11.942357	-3.703175	
333	-12.233945	-3.631676	
334	-12.507209	-3.571158	
335	-12.759000	-3.526276	
336	-12.984584	-3.499641	
337	-13.180756	-3.487804	
338	-13.347170	-3.482466	
339	-13.484717	-3.475825	
340	-13.594354	-3.463221	
341	-13.677836	-3.441510	
342	-13.738942	-3.407947	
343	-13.784240	-3.362472	
344	-13.822541	-3.311081	
345	-13.862782	-3.265886	
346	-13.912215	-3.240323	
347	-13.976769	-3.241172	
348	-14.061922	-3.261423	
349	-14.170815	-3.279832	
350	-14.300824	-3.267756	
351	-14.442901	-3.199124	
352	-14.583906	-3.061713	
353	-14.709938	-2.863654	
354	-14.809991	-2.627914	
355	-14.877992	-2.380238	
356	-14.911537	-2.140396	
357	-14.909465	-1.918525	
358	-14.871432	-1.714944	
359	-14.799427	-1.522023	
360	-14.699009	-1.326644	
361	-14.578565	-1.113662	
362	-14.447107	-0.870317	
363	-14.312424	-0.589482	
364	-14.179876	-0.270925	
365	-14.051729	0.079360	
366	-13.928031	0.451003	
367	-13.808692	0.829360	
368	-13.694926	1.194433	
369	-13.589138	1.523281	
370	-13.493637	1.795467	
371	-13.409403	1.996658	
372	-13.335981	2.119487	
373	-13.272405	2.164440	
374	-13.218241	2.140747	
375	-13.174210	2.064512	
376	-13.142104	1.953974	
377	-13.123415	1.825350	
378	-13.117623	1.691127	
379	-13.121939	1.559183	
380	-13.132174	1.432507	
381	-13.143459	1.311499	
382	-13.151061	1.196987	
383	-13.151554	1.090161	
384	-13.143766	0.991615	
385	-13.129360	0.903417	
386	-13.112415	0.830894	
387	-13.096724	0.779170	
388	-13.082849	0.747878	
389	-13.068831	0.730864	
390	-13.053391	0.719246	
391	-13.037324	0.703658	
392	-13.022485	0.676891	
393	-13.010133	0.636465	
394	-12.999814	0.585587	
395	-12.989750	0.533762	
396	-12.978414	0.494501	
397	-12.965921	0.477120	
398	-12.954036	0.479236	
399	-12.944858	0.488864	
400	-12.939947	0.493223	
401	-12.940184	0.484442	
402	-12.945582	0.459518	
403	-12.955796	0.418390	
404	-12.970254	0.361986	
405	-12.986940	0.290440	
406	-13.002795	0.202778	
407	-13.015871	0.098820	
408	-13.025237	-0.018120	
409	-13.029199	-0.140072	
410	-13.023722	-0.255741	
411	-13.000434	-0.353965	
412	-12.948685	-0.428874	
413	-12.863773	-0.484411	
414	-12.751274	-0.534385	
415	-12.621995	-0.596796	
416	-12.485953	-0.685391	
417	-12.351522	-0.803502	
418	-12.226515	-0.943018	
419	-12.117310	-1.086063	
420	-12.026773	-1.207691	
421	-11.953442	-1.282613	
422	-11.892460	-1.294568	
423	-11.836848	-1.241404	
424	-11.778298	-1.133791	
425	-11.708330	-0.989662	
426	-11.620092	-0.826538	
427	-11.509250	-0.656168	
428	-11.373890	-0.484157	
429	-11.214775	-0.312090	
430	-11.035602	-0.139641	
431	-10.842508	0.033537	
432	-10.642570	0.206364	
433	-10.441534	0.375033	
434	-10.243221	0.532444	
435	-10.051519	0.670457	
436	-9.871506	0.783764	
437	-9.707758	0.872110	
438	-9.562521	0.940570	
439	-9.436220	0.997658	
440	-9.329030	1.050627	
441	-9.240739	1.101238	
442	-9.169285	1.146235	
443	-9.110794	1.182146	
444	-9.061317	1.209223	
445	-9.017858	1.231407	
446	-8.977661	1.254515	
447	-8.937859	1.283529	
448	-8.896583	1.319891	
449	-8.852807	1.362540	
450	-8.804925	1.410976	
451	-8.751113	1.465112	
452	-8.690364	1.523041	
453	-8.622080	1.581278	
454	-8.545734	1.637542	
455	-8.461712	1.692429	
456	-8.371938	1.748531	
457	-8.279100	1.808385	
458	-8.185352	1.872605	
459	-8.091757	1.939534	
460	-7.998388	2.007185	
461	-7.904808	2.075662	
462	-7.810506	2.147295	
463	-7.714875	2.224401	
464	-7.617720	2.307279	
465	-7.520688	2.393963	
466	-7.427819	2.481040	
467	-7.343980	2.565207	
468	-7.272293	2.644890	
469	-7.212975	2.720122	
470	-7.164479	2.791595	
471	-7.124757	2.861531	
472	-7.091243	2.935351	
473	-7.060873	3.020494	
474	-7.030552	3.122283	
475	-6.997312	3.240518	
476	-6.958417	3.369108	
477	-6.911465	3.497698	
478	-6.854534	3.614598	
479	-6.786534	3.710975	
480	-6.707470	3.784596	
481	-6.618667	3.841364	
482	-6.522350	3.893985	
483	-6.420305	3.957032	
484	-6.313551	4.040009	
485	-6.203423	4.144019	
486	-6.091624	4.264772	
487	-5.979151	4.396423	
488	-5.865999	4.531591	
489	-5.751105	4.660408	
490	-5.632089	4.771588	
491	-5.506802	4.854883	
492	-5.375906	4.903735	
493	-5.242400	4.916880	
494	-5.108691	4.898283	
495	-4.975780	4.856221	
496	-4.844286	4.802658	
497	-4.714335	4.752906	
498	-4.585407	4.723426	
499	-4.457191	4.727613	
500	-4.329364	4.772795	
501	-4.200362	4.859084	
502	-4.067529	4.979078	
503	-3.928542	5.119536	
504	-3.782218	5.264931	
505	-3.628143	5.401128	
506	-3.465932	5.518416	
507	-3.295069	5.612988	
508	-3.115304	5.686005	
509	-2.926976	5.740754	
510	-2.731504	5.779377	
511	-2.531608	5.801488	
512	-2.330003	5.805611	
513	-2.127683	5.791633	
514	-1.923696	5.762931	
515	-1.716312	5.726941	
516	-1.504652	5.691965	
517	-1.289618	5.662316	
518	-1.073652	5.636524	
519	-0.859854	5.608072	
520	-0.650573	5.567234	
521	-0.445604	5.506056	
522	-0.241206	5.424094	
523	-0.030749	5.329177	
524	0.193004	5.233394	
525	0.434942	5.147293	
526	0.696217	5.074889	
527	0.975204	5.014141	
528	1.269091	4.962275	
529	1.575037	4.919292	
530	1.891015	4.888026	
531	2.216537	4.873564	
532	2.552878	4.881636	
533	2.902373	4.913948	
534	3.267378	4.963798	
535	3.649511	5.017753	
536	4.049315	5.060988	
537	4.466436	5.079961	
538	4.899866	5.063847	
539	5.348392	5.008859	
540	5.811884	4.922286	
541	6.291987	4.819255	
542	6.790712	4.712829	
543	7.308869	4.607450	
544	7.846757	4.500471	
545	8.406101	4.385435	
546	8.990818	4.253103	
547	9.606117	4.092395	
548	10.256965	3.891764	
549	10.946572	3.639796	
550	11.674888	3.326198	
551	12.438032	2.946373	
552	13.229855	2.507591	
553	14.044885	2.029677	
554	14.880466	1.538237	
555	15.736839	1.054749	
556	16.615652	0.590949	
557	17.518106	0.152306	
558	18.443669	-0.256168	
559	19.390149	-0.629677	
560	20.355148	-0.964449	
561	21.338032	-1.254502	
562	22.340446	-1.490300	
563	23.363530	-1.664914	
564	24.404140	-1.782245	
565	25.454109	-1.858313	
566	26.502622	-1.913846	
567	27.539159	-1.964027	
568	28.555550	-2.012874	
569	29.547030	-2.054720	
570	30.511908	-2.078870	
571	31.449695	-2.072389	
572	32.359550	-2.021877	
573	33.240703	-1.917452	
574	34.093504	-1.756394	
575	34.919729	-1.544001	
576	35.722803	-1.293529	
577	36.507785	-1.024445	
578	37.279906	-0.757475	
579	38.041946	-0.509399	
580	38.792631	-0.290605	
581	39.527463	-0.104710	
582	40.240748	0.050527	
583	40.927127	0.179072	
584	41.582249	0.281180	
585	42.203248	0.352933	
586	42.789443	0.389963	
587	43.341688	0.389495	
588	43.860256	0.350830	
589	44.343929	0.276026	
590	44.790518	0.169186	
591	45.197502	0.034688	
592	45.563415	-0.124093	
593	45.889641	-0.305273	
594	46.180567	-0.507136	
595	46.441488	-0.724985	
596	46.675533	-0.947792	
597	46.881176	-1.157563	
598	47.051741	-1.335424	
599	47.176938	-1.471436	
600	47.244646	-1.568413	
601	47.242813	-1.637825	
602	47.162979	-1.695379	
603	47.005211	-1.759928	
604	46.781177	-1.851041	
605	46.511031	-1.983036	
606	46.213476	-2.162330	
607	45.896943	-2.389440	
608	45.561896	-2.657948	
609	45.209838	-2.953560	
610	44.846394	-3.260036	
611	44.478149	-3.565461	
612	44.110113	-3.862589	
613	43.744944	-4.146217	
614	43.382050	-4.412139	
615	43.016388	-4.658600	
616	42.638608	-4.887020	
617	42.237587	-5.100701	
618	41.803761	-5.303520	
619	41.330651	-5.499719	
620	40.813605	-5.694632	
621	40.248137	-5.894601	
622	39.630996	-6.104363	
623	38.962624	-6.324555	
624	38.247216	-6.552888	
625	37.490497	-6.788144	
626	36.698367	-7.033637	
627	35.877037	-7.297200	
628	35.032605	-7.587975	
629	34.169066	-7.913177	
630	33.286713	-8.275612	
631	32.384097	-8.671802	
632	31.462075	-9.092649	
633	30.524883	-9.526179	
634	29.577528	-9.959593	
635	28.623015	-10.379917	
636	27.661455	-10.773730	
637	26.691136	-11.126649	
638	25.710359	-11.424138	
639	24.717789	-11.653229	
640	23.711402	-11.803740	
641	22.689337	-11.870065	
642	21.652855	-11.853051	
643	20.607289	-11.758531	
644	19.559896	-11.593190	
645	18.517251	-11.362976	
646	17.483539	-11.074504	
647	16.460057	-10.735521	
648	15.445950	-10.354303	
649	14.438956	-9.940033	
650	13.435724	-9.503455	
651	12.432869	-9.056458	
652	11.428893	-8.611136	
653	10.425293	-8.178871	
654	9.425877	-7.769507	
655	8.434933	-7.391414	
656	7.455263	-7.051880	
657	6.487226	-6.756796	
658	5.529194	-6.510277	
659	4.578359	-6.313863	
660	3.631620	-6.164939	
661	2.686851	-6.056135	
662	1.743337	-5.976601	
663	0.801032	-5.913890	
664	-0.140106	-5.855259	
665	-1.080440	-5.788163	
666	-2.020555	-5.700783	
667	-2.960568	-5.584032	
668	-3.899217	-5.434898	
669	-4.833033	-5.257626	
670	-5.756709	-5.060182	
671	-6.665065	-4.849635	
672	-7.554965	-4.631409	
673	-8.426107	-4.411944	
674	-9.279732	-4.200523	
675	-10.115531	-4.007286	
676	-10.930505	-3.839816	
677	-11.720634	-3.703406	
678	-12.481648	-3.604138	
679	-13.207908	-3.549222	
680	-13.892081	-3.543904	
681	-14.526545	-3.588530	
682	-15.104633	-3.676943	
683	-15.620674	-3.796417	
684	-16.068897	-3.930930	
685	-16.441518	-4.066573	
686	-16.729471	-4.194084	
687	-16.927189	-4.307489	
688	-17.035417	-4.403214	
689	-17.058824	-4.481037	
690	-17.003319	-4.544135	
691	-16.875801	-4.597513	
692	-16.684224	-4.646694	
693	-16.437387	-4.697820	
694	-16.145094	-4.758094	
695	-15.818083	-4.835196	
696	-15.467847	-4.936056	
697	-15.107288	-5.066146	
698	-14.752047	-5.229786	
699	-14.421470	-5.430810	
700	-14.137948	-5.672024	
701	-13.924242	-5.953691	
702	-13.798852	-6.272362	
703	-13.770310	-6.618308	
704	-13.833978	-6.970412	
705	-13.973486	-7.293337	
706	-14.165198	-7.542226	
707	-14.383560	-7.672784	
708	-14.604875	-7.650655	
709	-14.809042	-7.457560	
710	-14.981508	-7.094666	
711	-15.114688	-6.582659	
712	-15.206942	-5.956872	
713	-15.260764	-5.258048	
714	-15.281000	-4.523580	
715	-15.272205	-3.784113	
716	-15.236423	-3.064285	
717	-15.173357	-2.384276	
718	-15.082244	-1.762174	
719	-14.962889	-1.216555	
720	-14.814990	-0.766930	
721	-14.638606	-0.431584	
722	-14.436784	-0.223617	
723	-14.216764	-0.147328	
724	-13.988636	-0.197485	
725	-13.763630	-0.360417	
726	-13.552711	-0.615000	
727	-13.365532	-0.934358	
728	-13.209449	-1.288681	
729	-13.088293	-1.648179	
730	-13.002182	-1.985899	
731	-12.948613	-2.279979	
732	-12.923185	-2.514202	
733	-12.919957	-2.677459	
734	-12.932792	-2.763923	
735	-12.956630	-2.774335	
736	-12.986953	-2.716665	
737	-13.018703	-2.604338	
738	-13.046690	-2.453291	
739	-13.067032	-2.280407	
740	-13.078253	-2.102804	
741	-13.081137	-1.936055	
742	-13.077493	-1.791901	
743	-13.069304	-1.677369	
744	-13.058869	-1.596206	
745	-13.049107	-1.551807	
746	-13.043532	-1.548374	
747	-13.045403	-1.588847	
748	-13.055887	-1.673225	
749	-13.072911	-1.798986	
750	-13.091975	-1.961092	
751	-13.108010	-2.150815	
752	-13.117201	-2.354034	
753	-13.118190	-2.550633	
754	-13.111617	-2.717877	
755	-13.098288	-2.836983	
756	-13.077743	-2.898416	
757	-13.047638	-2.902425	
758	-13.003097	-2.854292	
759	-12.935988	-2.758534	
760	-12.836055	-2.617538	
761	-12.695652	-2.433584	
762	-12.514189	-2.209986	
763	-12.297531	-1.951476	
764	-12.055240	-1.665958	
765	-11.799887	-1.365800	
766	-11.546259	-1.065619	
767	-11.306126	-0.779128	
768	-11.081270	-0.517247	
769	-10.864165	-0.285525	
770	-10.647177	-0.084041	
771	-10.429721	0.087873	
772	-10.217202	0.228091	
773	-10.015177	0.332832	
774	-9.824783	0.398820	
775	-9.643050	0.423955	
776	-9.466539	0.409409	
777	-9.294315	0.364739	
778	-9.128145	0.309141	
779	-8.970171	0.263249	
780	-8.821489	0.239121	
781	-8.683387	0.238196	
782	-8.557791	0.255450	
783	-8.445761	0.283309	
784	-8.346769	0.313759	
785	-8.259045	0.340307	
786	-8.179343	0.359359	
787	-8.102192	0.369806	
788	-8.020961	0.372478	
789	-7.931182	0.370417	
790	-7.832554	0.368458	
791	-7.727489	0.371852	
792	-7.618839	0.385124	
793	-7.509228	0.411701	
794	-7.401064	0.453955	
795	-7.296221	0.512920	
796	-7.195681	0.588604	
797	-7.099280	0.680692	
798	-7.005889	0.786352	
799	-6.914370	0.897105	
800	-6.824204	1.001223	
801	-6.735660	1.089378	
802	-6.650535	1.156271	
803	-6.572581	1.199259	
804	-6.506125	1.218365	
805	-6.452970	1.217664	
806	-6.409847	1.206347	
807	-6.369850	1.197340	
808	-6.327845	1.201760	
809	-6.284150	1.223410	
810	-6.242542	1.259304	
811	-6.206043	1.304617	
812	-6.175023	1.356223	
813	-6.147933	1.412466	
814	-6.122045	1.470912	
815	-6.092788	1.527539	
816	-6.053626	1.578888	
817	-5.997394	1.625218	
818	-5.918150	1.671306	
819	-5.813849	1.723353	
820	-5.688441	1.784648	
821	-5.550709	1.854093	
822	-5.410590	1.927944	
823	-5.275651	2.002276	
824	-5.149152	2.074273	
825	-5.030037	2.142801	
826	-4.914498	2.209338	
827	-4.798371	2.277723	
828	-4.678776	2.352314	
829	-4.553934	2.436952	
830	-4.422407	2.534254	
831	-4.282620	2.644429	
832	-4.132593	2.765223	
833	-3.970721	2.892705	
834	-3.796413	3.023636	
835	-3.609760	3.159574	
836	-3.412475	3.305733	
837	-3.209263	3.462070	
838	-3.006403	3.617759	
839	-2.808382	3.757763	
840	-2.615299	3.873911	
841	-2.422555	3.968317	
842	-2.223295	4.048447	
843	-2.011982	4.121634	
844	-1.786432	4.193445	
845	-1.546847	4.267901	
846	-1.293236	4.347023	
847	-1.024218	4.430363	
848	-0.738285	4.515323	
849	-0.436178	4.597048	
850	-0.121476	4.668508	
851	0.202519	4.723103	
852	0.535587	4.757538	
853	0.878463	4.770861	
854	1.229117	4.762147	
855	1.582980	4.731112	
856	1.936065	4.679650	
857	2.286935	4.611856	
858	2.636541	4.533846	
859	2.987120	4.452949	
860	3.341154	4.375256	
861	3.701312	4.304463	
862	4.071039	4.243364	
863	4.454040	4.194372	
864	4.853257	4.157518	
865	5.271689	4.129658	
866	5.713407	4.106434	
867	6.182116	4.083656	
868	6.679641	4.056666	
869	7.206319	4.019609	
870	7.761426	3.965835	
871	8.343479	3.888742	
872	8.951546	3.781364	
873	9.586164	3.635622	
874	10.249423	3.443425	
875	10.945249	3.197239	
876	11.678578	2.888734	
877	12.452503	2.510405	
878	13.265879	2.062309	
879	14.113854	1.556944	
880	14.991028	1.016150	
881	15.894825	0.464885	
882	16.826102	-0.071566	
883	17.786782	-0.568637	
884	18.778055	-1.005393	
885	19.800856	-1.368475	
886	20.856103	-1.653014	
887	21.943279	-1.859638	
888	23.058866	-1.991866	
889	24.196603	-2.057178	
890	25.349675	-2.070125	
891	26.512161	-2.051065	
892	27.677800	-2.017953	
893	28.838164	-1.980982	
894	29.983177	-1.945853	
895	31.102992	-1.916511	
896	32.188893	-1.892910	
897	33.233714	-1.870510	
898	34.232840	-1.843330	
899	35.184623	-1.805958	
900	36.089111	-1.753347	
901	36.946957	-1.680838	
902	37.760373	-1.585856	
903	38.534222	-1.470491	
904	39.275002	-1.342113	
905	39.989150	-1.210989	
906	40.682565	-1.087744	
907	41.360614	-0.982293	
908	42.027255	-0.903212	
909	42.683889	-0.856496	
910	43.329214	-0.843949	
911	43.959120	-0.862887	
912	44.566003	-0.906781	
913	45.139623	-0.964918	
914	45.670120	-1.024019	
915	46.150773	-1.075024	
916	46.579216	-1.119083	
917	46.957784	-1.165818	
918	47.292411	-1.227040	
919	47.589824	-1.313543	
920	47.854991	-1.435610	
921	48.088898	-1.600878	
922	48.286715	-1.809154	
923	48.439101	-2.051940	
924	48.536413	-2.317198	
925	48.573245	-2.592219	
926	48.551312	-2.863160	
927	48.478616	-3.115456	
928	48.368889	-3.337318	
929	48.243974	-3.523773	
930	48.130980	-3.676836	
931	48.053365	-3.802028	
932	48.023394	-3.905317	
933	48.034673	-3.992165	
934	48.057139	-4.066977	
935	48.045485	-4.132425	
936	47.957425	-4.190655	
937	47.766033	-4.245319	
938	47.460939	-4.301295	
939	47.043145	-4.363604	
940	46.518561	-4.437745	
941	45.894641	-4.529435	
942	45.181755	-4.642831	
943	44.396463	-4.780146	
944	43.562649	-4.943209	
945	42.707409	-5.133379	
946	41.852457	-5.348947	
947	41.008445	-5.583423	
948	40.176342	-5.827065	
949	39.351391	-6.070304	
950	38.526649	-6.305395	
951	37.696479	-6.524683	
952	36.858464	-6.719710	
953	36.012191	-6.884523	
954	35.156325	-7.018952	
955	34.287620	-7.127146	
956	33.403924	-7.213806	
957	32.507449	-7.281893	
958	31.603837	-7.331412	
959	30.698416	-7.359322	
960	29.792761	-7.362098	
961	28.883373	-7.338853	
962	27.963120	-7.291627	
963	27.023325	-7.225136	
964	26.055112	-7.151922	
965	25.051038	-7.098939	
966	24.007167	-7.099664	
967	22.925002	-7.170104	
968	21.812015	-7.294199	
969	20.679503	-7.435232	
970	19.538419	-7.557363	
971	18.395568	-7.636773	
972	17.252730	-7.660200	
973	16.108607	-7.620882	
974	14.960817	-7.518184	
975	13.806390	-7.357294	
976	12.641896	-7.147236	
977	11.464472	-6.900450	
978	10.273296	-6.632634	
979	9.070318	-6.360129	
980	7.859996	-6.096686	
981	6.648515	-5.851517	
982	5.442713	-5.629057	
983	4.248720	-5.431593	
984	3.070958	-5.263061	
985	1.912195	-5.128601	
986	0.774029	-5.029869	
987	-0.342995	-4.962821	
988	-1.439537	-4.919963	
989	-2.517364	-4.893098	
990	-3.578855	-4.875368	
991	-4.626863	-4.862322	
992	-5.664609	-4.850517	
993	-6.694387	-4.836608	
994	-7.715864	-4.818088	
995	-8.725593	-4.792252	
996	-9.717767	-4.754972	
997	-10.685489	-4.702252	
998	-11.621934	-4.632231	
999	-12.521104	-4.545578	
1000	-13.377711	-4.446413	
1001	-14.185802	-4.343971	
1002	-14.937604	-4.250538	
1003	-15.623953	-4.174832	
1004	-16.234946	-4.116455	
1005	-16.760049	-4.066191	
1006	-17.188599	-4.011719	
1007	-17.511016	-3.944234	
1008	-17.720466	-3.862505	
1009	-17.814710	-3.773502	
1010	-17.797051	-3.689730	
1011	-17.675587	-3.625351	
1012	-17.461603	-3.593325	
1013	-17.168648	-3.603344	
1014	-16.812143	-3.659385	
1015	-16.408318	-3.757430	
1016	-15.973013	-3.885642	
1017	-15.522189	-4.028513	
1018	-15.073613	-4.172945	
1019	-14.647271	-4.311625	
1020	-14.263402	-4.442093	
1021	-13.939047	-4.564017	
1022	-13.685428	-4.675783	
1023	-13.507556	-4.770363	
1024	-13.404558	-4.832626	
1025	-13.369026	-4.840070	
1026	-13.386597	-4.766680	
1027	-13.438197	-4.588513	
1028	-13.504604	-4.289899	
1029	-13.570199	-3.869419	
1030	-13.624218	-3.342394	
1031	-13.659937	-2.736756	
1032	-13.672738	-2.085820	
1033	-13.658537	-1.423054	
1034	-13.613486	-0.778429	
1035	-13.534046	-0.175151	
1036	-13.417073	0.372181	
1037	-13.260649	0.857083	
1038	-13.065146	1.278401	
1039	-12.833513	1.637110	
1040	-12.571161	1.934921	
1041	-12.285602	2.174496	
1042	-11.985816	2.359945	
1043	-11.681742	2.497141	
1044	-11.383544	2.593304	
1045	-11.100512	2.655924	
1046	-10.840351	2.692233	
1047	-10.608982	2.709339	
1048	-10.410382	2.714630	
1049	-10.246304	2.715683	
1050	-10.116676	2.717935	
1051	-10.020527	2.722100	
1052	-9.955698	2.725570	
1053	-9.917876	2.725950	
1054	-9.901263	2.722730	
1055	-9.900339	2.717961	
1056	-9.910881	2.716879	
1057	-9.930221	2.726308	
1058	-9.956609	2.750798	
1059	-9.987921	2.790496	
1060	-10.022067	2.842742	
1061	-10.059037	2.904299	
1062	-10.100676	2.971145	
1063	-10.147903	3.037093	
1064	-10.199351	3.094249	
1065	-10.252621	3.135538	
1066	-10.305940	3.156443	
1067	-10.358564	3.154151	
1068	-10.410271	3.126498	
1069	-10.460855	3.072631	
1070	-10.509843	2.993973	
1071	-10.556576	2.894426	
1072	-10.600992	2.780111	
1073	-10.644424	2.658677	
1074	-10.689521	2.537796	
1075	-10.739027	2.423440	
1076	-10.793648	2.318851	
1077	-10.850803	2.223443	
1078	-10.906331	2.131395	
1079	-10.958025	2.031887	
1080	-11.007280	1.912526	
1081	-11.057019	1.764723	
1082	-11.108571	1.587708	
1083	-11.161546	1.389344	
1084	-11.215570	1.185246	
1085	-11.269109	0.995725	
1086	-11.316469	0.837860	
1087	-11.348473	0.718419	
1088	-11.356568	0.635394	
1089	-11.336922	0.583668	
1090	-11.292645	0.558780	
1091	-11.231107	0.558833	
1092	-11.157602	0.584050	
1093	-11.072241	0.634930	
1094	-10.972161	0.710878	
1095	-10.855406	0.808019	
1096	-10.723721	0.917935	
1097	-10.582789	1.030853	
1098	-10.439649	1.140093	
1099	-10.300161	1.243197	
1100	-10.168271	1.340512	
1101	-10.045327	1.433402	
1102	-9.929553	1.522863	
1103	-9.817099	1.608878	
1104	-9.703299	1.690432	
1105	-9.583603	1.766034	
1106	-9.455278	1.834556	
1107	-9.318634	1.895084	
1108	-9.176603	1.945586	
1109	-9.033721	1.982467	
1110	-8.894390	2.001965	
1111	-8.760110	2.001773	
1112	-8.628355	1.982033	
1113	-8.494571	1.946983	
1114	-8.354501	1.906466	
1115	-8.205610	1.874452	
1116	-8.049144	1.864287	
1117	-7.891043	1.884348	
1118	-7.739226	1.937136	
1119	-7.600267	2.019441	
1120	-7.478591	2.122365	
1121	-7.376326	2.235304	
1122	-7.292256	2.351421	
1123	-7.221988	2.467791	
1124	-7.160362	2.582094	
1125	-7.103863	2.690941	
1126	-7.050546	2.790225	
1127	-6.997627	2.876391	
1128	-6.939733	2.948213	
1129	-6.869911	3.008080	
1130	-6.782580	3.060735	
1131	-6.675966	3.109026	
1132	-6.552210	3.150831	
1133	-6.415696	3.181098	
1134	-6.270881	3.196822	
1135	-6.120547	3.199869	
1136	-5.965751	3.194556	
1137	-5.806881	3.182214	
1138	-5.644012	3.159148	
1139	-5.477234	3.120050	
1140	-5.307352	3.063273	
1141	-5.135006	2.994520	
1142	-4.958965	2.925984	
1143	-4.776527	2.870671	
1144	-4.585418	2.837554	
1145	-4.385008	2.831797	
1146	-4.176805	2.856518	
1147	-3.964010	2.912345	
1148	-3.749309	2.997284	
1149	-3.532896	3.108817	
1150	-3.313114	3.245153	
1151	-3.088342	3.403917	
1152	-2.858124	3.580464	
1153	-2.623701	3.768026	
1154	-2.387643	3.959973	
1155	-2.152265	4.151842	
1156	-1.918315	4.340506	
1157	-1.685009	4.521847	
1158	-1.451043	4.689132	
1159	-1.216111	4.832040	
1160	-0.982109	4.938102	
1161	-0.752986	4.997786	
1162	-0.533425	5.008925	
1163	-0.326941	4.977475	
1164	-0.133793	4.916637	
1165	0.049794	4.844231	
1166	0.230285	4.776654	
1167	0.414626	4.722787	
1168	0.608531	4.682406	
1169	0.815881	4.649476	
1170	1.039090	4.617074	
1171	1.279910	4.579887	
1172	1.539994	4.534101	
1173	1.820915	4.477368	
1174	2.124148	4.409142	
1175	2.450807	4.329828	
1176	2.800583	4.239273	
1177	3.171327	4.136909	
1178	3.559996	4.023908	
1179	3.963586	3.904573	
1180	4.379561	3.784869	
1181	4.805916	3.669854	
1182	5.240719	3.562653	
1183	5.682083	3.464303	
1184	6.129293	3.373493	
1185	6.583785	3.287654	
1186	7.048483	3.204901	
1187	7.526010	3.124315	
1188	8.018288	3.044750	
1189	8.528559	2.963862	
1190	9.063234	2.877629	
1191	9.630824	2.780475	
1192	10.238883	2.666316	
1193	10.892296	2.529906	
1194	11.594159	2.367507	
1195	12.346780	2.176825	
1196	13.151059	1.956893	
1197	14.005646	1.708260	
1198	14.906999	1.432829	
1199	15.850170	1.133248	
1200	16.829755	0.813332	
1201	17.840701	0.479587	
1202	18.879490	0.141693	
1203	19.945030	-0.188389	
1204	21.037669	-0.497599	
1205	22.158138	-0.773889	
1206	23.307964	-1.009462	
1207	24.487290	-1.203417	
1208	25.690040	-1.362417	
1209	26.904827	-1.498459	
1210	28.121721	-1.623682	
1211	29.333340	-1.744373	
1212	30.529416	-1.858437	
1213	31.695351	-1.958559	
1214	32.816053	-2.036795	
1215	33.879240	-2.085200	
1216	34.876592	-2.094171	
1217	35.804641	-2.053514	
1218	36.665341	-1.955868	
1219	37.463600	-1.798169	
1220	38.203585	-1.580936	
1221	38.888914	-1.308307	
1222	39.526213	-0.989902	
1223	40.126526	-0.642033	
1224	40.702373	-0.284878	
1225	41.264077	0.061163	
1226	41.819463	0.374940	
1227	42.377729	0.631416	
1228	42.951376	0.800145	
1229	43.546954	0.853444	
1230	44.151942	0.782431	
1231	44.733021	0.598332	
1232	45.245119	0.317258	
1233	45.649572	-0.047259	
1234	45.933553	-0.481464	
1235	46.110239	-0.969015	
1236	46.207962	-1.488181	
1237	46.265976	-2.011165	
1238	46.327511	-2.510364	
1239	46.427980	-2.964945	
1240	46.587745	-3.362764	
1241	46.809638	-3.700252	
1242	47.081754	-3.980557	
1243	47.385041	-4.209783	
1244	47.699456	-4.394489	
1245	48.004795	-4.541547	
1246	48.278798	-4.658257	
1247	48.499259	-4.751715	
1248	48.650265	-4.827781	
1249	48.724674	-4.890544	
1250	48.720982	-4.943624	
1251	48.639779	-4.992138	
1252	48.483871	-5.042039	
1253	48.262935	-5.097432	
1254	47.997640	-5.159470	
1255	47.712896	-5.227860	
1256	47.418764	-5.304436	
1257	47.094795	-5.396940	
1258	46.694057	-5.518276	
1259	46.166455	-5.680112	
1260	45.484941	-5.886647	
1261	44.656869	-6.133116	
1262	43.720004	-6.406991	
1263	42.729771	-6.690727	
1264	41.739510	-6.968573	
1265	40.784846	-7.233145	
1266	39.882708	-7.484713	
1267	39.037637	-7.726353	
1268	38.247562	-7.960225	
1269	37.508580	-8.186022	
1270	36.814817	-8.402967	
1271	36.152777	-8.612931	
1272	35.499334	-8.819387	
1273	34.828090	-9.024233	
1274	34.117518	-9.227705	
1275	33.354793	-9.429655	
1276	32.536437	-9.629469	
1277	31.667288	-9.826231	
1278	30.756675	-10.018960	
1279	29.813504	-10.205810	
1280	28.844023	-10.384268	
1281	27.852498	-10.551888	
1282	26.841338	-10.704740	
1283	25.810509	-10.835671	
1284	24.760582	-10.935286	
1285	23.696881	-10.993872	
1286	22.625362	-11.002457	
1287	21.543496	-10.953287	
1288	20.440852	-10.841194	
1289	19.307628	-10.667032	
1290	18.136209	-10.440030	
1291	16.921153	-10.174508	
1292	15.666345	-9.883951	
1293	14.384870	-9.579680	
1294	13.089552	-9.272651	
1295	11.791306	-8.971986	
1296	10.505541	-8.681510	
1297	9.254078	-8.398807	
1298	8.058345	-8.117280	
1299	6.929902	-7.830203	
1300	5.866097	-7.535219	
1301	4.852711	-7.236964	
1302	3.870478	-6.946861	
1303	2.901083	-6.680456	
1304	1.929716	-6.453274	
1305	0.945306	-6.277642	
1306	-0.058903	-6.161286	
1307	-1.084978	-6.105612	
1308	-2.131826	-6.103981	
1309	-3.197195	-6.142831	
1310	-4.278005	-6.205744	
1311	-5.369329	-6.277041	
1312	-6.463676	-6.342366	
1313	-7.551400	-6.388154	
1314	-8.621659	-6.403408	
1315	-9.663441	-6.383094	
1316	-10.666580	-6.329962	
1317	-11.622531	-6.253876	
1318	-12.524425	-6.169347	
1319	-13.366412	-6.091019	
1320	-14.142484	-6.027176	
1321	-14.845302	-5.974437	
1322	-15.466389	-5.918030	
1323	-15.997450	-5.837603	
1324	-16.430486	-5.714261	
1325	-16.757267	-5.535500	
1326	-16.971036	-5.297612	
1327	-17.069541	-5.006507	
1328	-17.056719	-4.677646	
1329	-16.942376	-4.334278	
1330	-16.740359	-4.003236	
1331	-16.466892	-3.710498	
1332	-16.140142	-3.478535	
1333	-15.779241	-3.324056	
1334	-15.401627	-3.255444	
1335	-15.020846	-3.272601	
1336	-14.647720	-3.370605	
1337	-14.294761	-3.544684	
1338	-13.979479	-3.792204	
1339	-13.722025	-4.108773	
1340	-13.537916	-4.481868	
1341	-13.431102	-4.887714	
1342	-13.392669	-5.292043	
1343	-13.406364	-5.652783	
1344	-13.454695	-5.923161	
1345	-13.519639	-6.055822	
1346	-13.581734	-6.010721	
1347	-13.622143	-5.765455	
1348	-13.625567	-5.322795	
1349	-13.581841	-4.711402	
1350	-13.486011	-3.978808	
1351	-13.337104	-3.180415	
1352	-13.137023	-2.369868	
1353	-12.889970	-1.592903	
1354	-12.601724	-0.884901	
1355	-12.279289	-0.271250	
1356	-11.931847	0.231471	
1357	-11.571695	0.614035	
1358	-11.212144	0.873597	
1359	-10.864504	1.014765	
1360	-10.540005	1.051134	
1361	-10.252432	1.003532	
1362	-10.013727	0.895059	
1363	-9.827952	0.746888	
1364	-9.690871	0.576572	
1365	-9.593591	0.398239	
1366	-9.528306	0.223902	
1367	-9.492361	0.064564	
1368	-9.485559	-0.069177	
1369	-9.504761	-0.167370	
1370	-9.542693	-0.223070	
1371	-9.590862	-0.235584	
1372	-9.643498	-0.210927	
1373	-9.699566	-0.158766	
1374	-9.760594	-0.089204	
1375	-9.825311	-0.009722	
1376	-9.885278	0.079743	
1377	-9.925955	0.187888	
1378	-9.933406	0.323570	
1379	-9.901507	0.485382	
1380	-9.834681	0.659442	
1381	-9.745658	0.825002	
1382	-9.650936	0.961148	
1383	-9.566791	1.050183	
1384	-9.506270	1.079342	
1385	-9.476321	1.043914	
1386	-9.476162	0.950202	
1387	-9.499007	0.814338	
1388	-9.535516	0.657228	
1389	-9.574908	0.500567	
1390	-9.604292	0.365354	
1391	-9.609788	0.269224	
1392	-9.579153	0.222545	
1393	-9.503544	0.226528	
1394	-9.378010	0.273646	
1395	-9.201108	0.349511	
1396	-8.973908	0.436059	
1397	-8.699044	0.515343	
1398	-8.380692	0.573148	
1399	-8.025988	0.601228	
1400	-7.647470	0.596417	
1401	-7.264937	0.557690	
1402	-6.904445	0.484771	
1403	-6.592150	0.379603	
1404	-6.344206	0.248907	
1405	-6.160098	0.105354	
1406	-6.025381	-0.034483	
1407	-5.920472	-0.155163	
1408	-5.828280	-0.247690	
1409	-5.737712	-0.311751	
1410	-5.644164	-0.354508	
1411	-5.548902	-0.388377	
1412	-5.458168	-0.429523	
1413	-5.381888	-0.497098	
1414	-5.331619	-0.613058	
1415	-5.317384	-0.802525	
1416	-5.343286	-1.095010	
1417	-5.402915	-1.525819	
1418	-5.477895	-2.132768	
1419	-5.544274	-2.938862	
1420	-5.587160	-3.905896	
1421	-5.608532	-4.844293	
1422	-5.597829	-5.323799	
1423	-5.485450	-4.765286	
1424	-5.137218	-2.908326	
1425	-4.086533	-0.314447	
1426	-0.932908	2.156276	
1427	-4.090984	-1.549307	
1428	-0.317934	-1.007148	
1429	3.987674	-3.721824	
1430	8.776400	-10.664594	
1431	16.177756	-22.615206	
1432	27.066478	-39.314496	
1433	39.463387	-60.725346	
1434	50.022665	-83.965214	
1435	59.081427	-99.809076	
1436	68.451960	-102.930227	
1437	72.237232	-104.506202	
1438	73.583865	-106.820133	
1439	74.300773	-108.517189	
1440	74.685834	-109.587795	
1441	74.843686	-110.195497	
1442	74.841183	-110.478906	
1443	74.727402	-110.544212	
1444	74.536242	-110.476279	
1445	74.287152	-110.345697	
1446	73.986625	-110.210806	
1447	73.630754	-110.116836	
1448	73.208559	-110.094360	
1449	72.705501	-110.158645	
1450	72.106636	-110.310475	
1451	71.399163	-110.538155	
1452	70.574487	-110.819937	
1453	69.630073	-111.126268	
1454	68.571056	-111.421845	
1455	67.411091	-111.667870	
1456	66.171692	-111.824846	
1457	64.879718	-111.855713	
1458	63.563510	-111.728608	
1459	62.248928	-111.418491	
1460	60.956467	-110.907305	
1461	59.700060	-110.183000	
1462	58.487387	-109.238042	
1463	57.321105	-108.068060	
1464	56.200392	-106.671034	
1465	55.122415	-105.047202	
1466	54.083506	-103.199656	
1467	53.080011	-101.135439	
1468	52.108824	-98.866834	
1469	51.167633	-96.412344	
1470	50.254896	-93.796869	
1471	49.369587	-91.050661	
1472	48.510782	-88.207050	
1473	47.677227	-85.299438	
1474	46.867029	-82.358389	
1475	46.077578	-79.409643	
1476	45.305725	-76.473444	
1477	44.548135	-73.565031	
1478	43.801672	-70.695813	
1479	43.063713	-67.874654	
1480	42.332313	-65.108865	
1481	41.606207	-62.404722	
1482	40.884686	-59.767527	
1483	40.167407	-57.201378	
1484	39.454196	-54.708811	
1485	38.744901	-52.290513	
1486	38.039309	-49.945177	
1487	37.337137	-47.669574	
1488	36.638093	-45.458790	
1489	35.941963	-43.306605	
1490	35.248730	-41.205953	
1491	34.558678	-39.149403	
1492	33.872503	-37.129653	
1493	33.191386	-35.139999	
1494	32.517057	-33.174790	
1495	31.851818	-31.229847	
1496	31.198545	-29.302850	
1497	30.560644	-27.393662	
1498	29.941964	-25.504549	
1499	29.346665	-23.640251	
1500	28.779018	-21.807839	
1501	28.243178	-20.016331	
1502	27.742901	-18.276056	
1503	27.281272	-16.597835	
1504	26.860451	-14.992082	
1505	26.481486	-13.467976	
1506	26.144226	-12.032829	
1507	25.847312	-10.691735	
1508	25.588276	-9.447515	
1509	25.363673	-8.300915	
1510	25.169250	-7.250973	
1511	25.000092	-6.295463	
1512	24.850733	-5.431362	
1513	24.715221	-4.655271	
1514	24.587122	-3.963790	
1515	24.459468	-3.353828	
1516	24.324660	-2.822862	
1517	24.174317	-2.369166	
1518	23.999102	-1.992009	
1519	23.788522	-1.691854	
1520	23.530737	-1.470566	
1521	23.212384	-1.331672	
1522	22.818417	-1.280778	
1523	22.331862	-1.326446	
1524	21.733391	-1.482490	
1525	21.001763	-1.775371	
1526	20.125447	-2.275675	
1527	19.212506	-3.300721	
1528	22.358699	-6.596893	
1529	28.114026	1.868477	
1530	27.003899	1.686644	
1531	26.207109	1.098053	
1532	25.877626	0.519390	
1533	25.958503	0.045448	
1534	26.346711	-0.283297	
1535	26.943148	-0.449963	
1536	27.670476	-0.457135	
1537	28.474008	-0.323171	
1538	29.316245	-0.076998	
1539	30.171856	0.247180	
1540	31.023438	0.615420	
1541	31.858966	1.000023	
1542	32.671842	1.383575	
1543	33.459909	1.758077	
1544	34.221425	2.120237	
1545	34.951740	2.467477	
1546	35.643610	2.797242	
1547	36.289842	3.108207	
1548	36.885582	3.401085	
1549	37.429562	3.678082	
1550	37.926738	3.941087	
1551	38.393000	4.188704	
1552	38.858978	4.413499	
1553	39.372492	4.601696	
1554	40.001729	4.733201	
1555	40.836327	4.776931	
1556	41.980249	4.682899	
1557	43.523013	4.400601	
1558	45.378335	4.117882	
1559	46.843631	4.935874	
1560	48.199459	6.462860	
1561	50.920041	6.780970	
1562	55.083857	6.259923	
1563	57.042183	1.719742	
1564	58.627873	-0.081487	
1565	59.737484	-2.321533	
1566	60.379019	-4.979908	
1567	60.576032	-8.017995	
1568	60.961946	-11.420807	
1569	NaN	NaN	
1570	NaN	NaN	
1571	NaN	NaN	
1572	NaN	NaN	
1573	NaN	NaN	
1574	NaN	NaN	
1575	NaN	NaN	
1576	NaN	NaN	
1577	NaN	NaN	
1578	NaN	NaN	
1579	NaN	NaN	
1580	NaN	NaN	
1581	NaN	NaN	
1582	NaN	NaN	
1583	NaN	NaN	
1584	NaN	NaN	
1585	NaN	NaN	
1586	NaN	NaN	
1587	NaN	NaN	
1588	NaN	NaN	
1589	NaN	NaN	
1590	NaN	NaN	
1591	NaN	NaN	
1592	NaN	NaN	
1593	NaN	NaN	
1594	NaN	NaN	
1595	NaN	NaN	
1596	NaN	NaN	
1597	NaN	NaN	
1598	NaN	NaN	
1599	NaN	NaN	
1600	NaN	NaN	
1601	NaN	NaN	
1602	NaN	NaN	
1603	NaN	NaN	
1604	NaN	NaN	
1605	NaN	NaN	
1606	NaN	NaN	
1607	NaN	NaN	
1608	NaN	NaN	
1609	NaN	NaN	
1610	NaN	NaN	
1611	NaN	NaN	
1612	NaN	NaN	
1613	NaN	NaN	
1614	NaN	NaN	
1615	NaN	NaN	
1616	NaN	NaN	
1617	NaN	NaN	
1618	NaN	NaN	
1619	NaN	NaN	
1620	NaN	NaN	
1621	NaN	NaN	
1622	NaN	NaN	
1623	NaN	NaN	
1624	NaN	NaN	
1625	NaN	NaN	
1626	NaN	NaN	
1627	NaN	NaN	
1628	NaN	NaN	
1629	NaN	NaN	
1630	NaN	NaN	
1631	NaN	NaN	
1632	NaN	NaN	
1633	NaN	NaN	
1634	NaN	NaN	
1635	NaN	NaN	
1636	NaN	NaN	
1637	NaN	NaN	
1638	NaN	NaN	
1639	NaN	NaN	
1640	NaN	NaN	
1641	NaN	NaN	
1642	NaN	NaN	
1643	NaN	NaN	
1644	NaN	NaN	
1645	NaN	NaN	
1646	NaN	NaN	
1647	NaN	NaN	
1648	NaN	NaN	
