Athlete_Engineering	// User ID
11-2-2021	// Evaluation date
P005_WALK6	24-1-2021	15:50:06:865	// Source file name and timestamp
250.000	// Sampling rate
6.133	// Data capture period



Sample #	Right_Leg_Flexion	Right_Leg_Abduction	
0	NaN	NaN	
1	NaN	NaN	
2	NaN	NaN	
3	NaN	NaN	
4	NaN	NaN	
5	NaN	NaN	
6	NaN	NaN	
7	NaN	NaN	
8	NaN	NaN	
9	NaN	NaN	
10	NaN	NaN	
11	NaN	NaN	
12	NaN	NaN	
13	NaN	NaN	
14	NaN	NaN	
15	NaN	NaN	
16	NaN	NaN	
17	NaN	NaN	
18	NaN	NaN	
19	NaN	NaN	
20	NaN	NaN	
21	NaN	NaN	
22	NaN	NaN	
23	NaN	NaN	
24	NaN	NaN	
25	NaN	NaN	
26	NaN	NaN	
27	NaN	NaN	
28	NaN	NaN	
29	NaN	NaN	
30	NaN	NaN	
31	NaN	NaN	
32	NaN	NaN	
33	NaN	NaN	
34	NaN	NaN	
35	NaN	NaN	
36	NaN	NaN	
37	NaN	NaN	
38	NaN	NaN	
39	NaN	NaN	
40	NaN	NaN	
41	NaN	NaN	
42	NaN	NaN	
43	NaN	NaN	
44	NaN	NaN	
45	NaN	NaN	
46	NaN	NaN	
47	NaN	NaN	
48	NaN	NaN	
49	-67.165076	29.695689	
50	-65.140520	28.602998	
51	-65.714683	28.971246	
52	-65.490834	28.847973	
53	-65.401016	28.509159	
54	-65.239568	29.000318	
55	-65.616182	28.443310	
56	-66.766106	26.646603	
57	-66.091972	27.489234	
58	-65.393048	27.989418	
59	-65.710793	27.738474	
60	-65.161595	27.560437	
61	-66.886463	28.247684	
62	-68.473911	29.215774	
63	-68.393564	29.804830	
64	-66.887494	28.811758	
65	-65.219157	27.829170	
66	-65.469976	27.984068	
67	-65.286660	28.068867	
68	-65.312541	27.960908	
69	-65.384336	28.654201	
70	-64.862810	28.930785	
71	-67.120877	29.729309	
72	-66.854141	28.929811	
73	-66.251174	28.248966	
74	-68.612224	29.944743	
75	-66.697439	28.355622	
76	-65.288597	27.409880	
77	-65.516476	28.411382	
78	-65.391376	28.347851	
79	-65.426495	27.830283	
80	-65.400993	27.774317	
81	-65.298756	27.737673	
82	-65.312807	27.987173	
83	-65.317775	28.461115	
84	-65.243292	28.311189	
85	-65.232636	27.574503	
86	-65.236659	28.317339	
87	-65.230220	29.104603	
88	-65.182241	28.255978	
89	-65.169641	28.291379	
90	-65.155305	29.104018	
91	-65.079114	28.139389	
92	-65.158230	28.329990	
93	-65.186395	28.748405	
94	-65.259666	28.958008	
95	-65.282973	29.259487	
96	-65.121407	28.206570	
97	-65.044691	28.964479	
98	-65.158821	29.221742	
99	-65.208372	28.687420	
100	-65.082699	29.425314	
101	-65.285850	29.889563	
102	-64.637019	29.136770	
103	-65.710836	29.465692	
104	-65.932231	30.040468	
105	-65.537485	29.184457	
106	-66.951465	30.141511	
107	-65.798427	29.768547	
108	-64.872615	29.006247	
109	-65.347617	29.935478	
110	-65.290912	29.385950	
111	-64.936494	29.188624	
112	-65.804136	30.383076	
113	-66.686887	29.785606	
114	-65.946041	29.706783	
115	-66.099756	30.126990	
116	-65.922019	30.245356	
117	-65.144184	29.802638	
118	-65.271056	29.518679	
119	-65.137526	29.374731	
120	-65.933063	29.754161	
121	-67.261839	30.677372	
122	-67.278147	30.981306	
123	-66.801652	30.521246	
124	-66.966028	30.408335	
125	-66.979255	30.370280	
126	-66.954355	30.371220	
127	-66.955781	30.253402	
128	-66.949742	30.317979	
129	-67.113310	30.450154	
130	-66.161047	29.780509	
131	-65.251958	29.581620	
132	-65.297942	29.418510	
133	-65.263629	29.102719	
134	-65.263702	29.438024	
135	-65.126868	29.765852	
136	-65.013516	29.714674	
137	-65.601002	30.272424	
138	-65.591874	30.501759	
139	-65.204752	29.972813	
140	-65.163767	29.344937	
141	-65.038753	30.078402	
142	-65.162826	30.241721	
143	-65.736178	30.219410	
144	-66.336612	31.100149	
145	-66.120240	31.210380	
146	-66.146167	30.742481	
147	-65.394367	31.508595	
148	-64.772530	32.453201	
149	-64.962368	31.604992	
150	-64.868539	31.228455	
151	-64.867476	31.635012	
152	-64.752390	31.567980	
153	-65.358373	31.922394	
154	-66.563966	33.000188	
155	-66.759105	33.282557	
156	-67.478208	32.706042	
157	-67.237541	31.112054	
158	-66.579148	31.051192	
159	-65.796544	31.295721	
160	-65.440513	31.898910	
161	-66.696141	33.618305	
162	-66.540652	34.118853	
163	-66.862868	33.913200	
164	-68.391274	32.581680	
165	-69.194895	30.474555	
166	-68.786686	29.915251	
167	-66.797675	28.459468	
168	-66.717985	28.370653	
169	-66.825289	29.147653	
170	-65.070509	29.587160	
171	-65.397932	31.184987	
172	-66.539854	33.039217	
173	-66.791848	33.933157	
174	-66.658059	33.339486	
175	-66.149909	33.432343	
176	-65.775455	32.682250	
177	-65.928676	32.351544	
178	-65.698534	33.287733	
179	-66.432538	33.147478	
180	-67.292786	32.779500	
181	-67.167453	32.614312	
182	-67.303848	33.237951	
183	-66.876048	35.405194	
184	-66.601761	36.702990	
185	-65.932248	35.692692	
186	-65.190276	35.290460	
187	-65.417600	34.287424	
188	-65.151398	33.807925	
189	-65.376061	34.776621	
190	-65.175359	35.422045	
191	-65.130283	34.877579	
192	-65.180792	34.765462	
193	-65.015600	34.486071	
194	-65.649181	34.314857	
195	-65.928599	35.206611	
196	-64.612294	34.753083	
197	-63.949981	34.174785	
198	-63.888387	34.377982	
199	-63.361260	34.723395	
200	-64.051208	34.557001	
201	-63.921715	35.452011	
202	-63.102051	35.258375	
203	-63.407869	34.248376	
204	-63.415323	34.478653	
205	-63.032678	34.094511	
206	-62.649987	34.017437	
207	-62.058846	34.377453	
208	-63.162370	35.279146	
209	-63.682756	35.491578	
210	-63.141608	36.007974	
211	-63.457018	36.096660	
212	-63.295497	35.656187	
213	-62.984355	35.577399	
214	-63.945709	35.786240	
215	-64.711705	35.772594	
216	-63.013316	34.455171	
217	-61.914633	33.870525	
218	-61.755484	33.358735	
219	-61.106697	33.030326	
220	-60.616090	33.601589	
221	-59.797374	31.338442	
222	-60.841489	30.046498	
223	-61.984408	30.248928	
224	-61.759226	29.273212	
225	-61.598372	28.721759	
226	-61.124131	28.227520	
227	-60.795801	28.262390	
228	-60.369255	30.846373	
229	-60.251162	33.338899	
230	-58.430878	30.046521	
231	-55.981187	26.686295	
232	NaN	NaN	
233	NaN	NaN	
234	NaN	NaN	
235	NaN	NaN	
236	NaN	NaN	
237	NaN	NaN	
238	NaN	NaN	
239	NaN	NaN	
240	NaN	NaN	
241	64.653027	78.519002	
242	125.327905	126.846564	
243	124.927096	126.125565	
244	123.898870	124.695221	
245	127.789315	129.592358	
246	114.964048	114.529937	
247	163.923964	173.454704	
248	-163.757861	-154.808218	
249	-91.156738	-91.082044	
250	NaN	NaN	
251	NaN	NaN	
252	NaN	NaN	
253	NaN	NaN	
254	NaN	NaN	
255	NaN	NaN	
256	NaN	NaN	
257	NaN	NaN	
258	-45.244313	24.179456	
259	-45.183386	23.022297	
260	-44.357387	22.644172	
261	-43.331292	23.492694	
262	-43.453084	22.554411	
263	-43.387149	22.179203	
264	-43.047480	21.943646	
265	-42.802008	22.026101	
266	-42.932607	21.870960	
267	-43.112028	21.310348	
268	-43.376591	21.036882	
269	-43.391018	20.679672	
270	-43.035093	20.615918	
271	-43.037694	20.899498	
272	-42.969803	20.540899	
273	-42.713298	20.784016	
274	-42.836262	20.224639	
275	-42.288258	20.494345	
276	-42.334959	20.229028	
277	-42.365948	19.926149	
278	-42.000795	20.289225	
279	-42.410540	20.230015	
280	-42.591083	19.415819	
281	-42.598370	19.199628	
282	-42.454547	18.361955	
283	-42.008865	18.520476	
284	-41.451678	19.440140	
285	-41.394451	18.722768	
286	-40.907129	19.026043	
287	-40.679630	18.689606	
288	-40.661272	17.665638	
289	-40.443829	18.095137	
290	-40.148611	18.280467	
291	-40.166736	17.362163	
292	-39.732950	18.247404	
293	-39.209705	18.143763	
294	-39.293082	17.794367	
295	-39.069176	17.512439	
296	-39.894871	15.204577	
297	-40.149835	15.393178	
298	-39.042162	17.006639	
299	-38.940134	17.385381	
300	-38.768129	16.934412	
301	-37.766230	17.527660	
302	-37.661821	18.325713	
303	-38.206095	17.462475	
304	-38.156309	16.791615	
305	-38.381111	16.965001	
306	-38.599840	16.083597	
307	-38.231276	16.364658	
308	-38.356255	16.496015	
309	-38.375241	16.281778	
310	-38.123844	16.476078	
311	-38.248677	16.313374	
312	-38.278793	16.225622	
313	-38.081962	16.310711	
314	-38.196003	16.040428	
315	-38.443304	15.718008	
316	-38.488313	15.827702	
317	-38.331690	15.987038	
318	-38.451991	15.193921	
319	-38.670283	14.947876	
320	-38.626423	15.855346	
321	-38.949815	15.410018	
322	-38.741383	15.372028	
323	-38.690450	15.319936	
324	-38.983989	14.077159	
325	-38.676362	14.749490	
326	-38.669394	15.539794	
327	-39.073590	15.251169	
328	-39.295379	14.918449	
329	-40.247315	12.776834	
330	-40.370540	12.614809	
331	-39.297326	15.184694	
332	-39.569501	15.217191	
333	-40.200419	14.418501	
334	-40.489361	14.296291	
335	-40.572089	14.217343	
336	-41.713118	12.511510	
337	-41.876267	12.426735	
338	-41.838624	13.789156	
339	-41.525390	14.044016	
340	-41.702026	13.692529	
341	-42.188718	13.558370	
342	-42.216941	13.429454	
343	-42.361580	14.021295	
344	-42.451847	14.466152	
345	-42.818713	14.445239	
346	-43.208847	14.378954	
347	-43.204386	14.694024	
348	-43.477250	14.643458	
349	-44.013905	14.022341	
350	-44.147421	14.218473	
351	-44.681681	14.281178	
352	-44.768665	15.678372	
353	-44.570588	15.946405	
354	-44.807900	15.234095	
355	-45.348412	15.107474	
356	-45.592387	15.858589	
357	-46.101005	16.413866	
358	-46.245332	16.391077	
359	-46.466007	15.426934	
360	-46.935221	15.067539	
361	-47.182612	13.621436	
362	-47.106846	14.811144	
363	-46.859382	17.791677	
364	-47.269295	17.417937	
365	-47.036101	16.537905	
366	-46.789984	16.656079	
367	-47.429135	16.199887	
368	-47.700987	15.252120	
369	-47.559301	16.765247	
370	-48.142082	16.213474	
371	-48.349827	16.100707	
372	-48.448258	14.905681	
373	-47.851862	15.635235	
374	-48.092817	15.335482	
375	-48.113297	14.564609	
376	-47.931279	14.808900	
377	-50.032364	15.372227	
378	-49.342461	14.541900	
379	-50.118412	15.555706	
380	-53.029890	16.099891	
381	-51.943569	15.075647	
382	-52.242345	14.655594	
383	-53.129261	9.543178	
384	-53.584634	6.108854	
385	-51.796244	12.214945	
386	-51.612442	11.946776	
387	-51.379825	11.980939	
388	-51.290521	12.538276	
389	-51.244599	12.806059	
390	-50.907899	13.093696	
391	-50.732856	13.345839	
392	-50.734745	13.171641	
393	-51.286874	13.322560	
394	-52.033466	13.017460	
395	-52.830457	11.594434	
396	-53.269457	11.630498	
397	-52.819689	12.362737	
398	-54.747090	6.948222	
399	-55.287398	7.144853	
400	-55.169635	7.103800	
401	-53.987035	12.931428	
402	-55.222790	13.698757	
403	-55.691668	14.211504	
404	-56.379080	13.252269	
405	-56.349161	14.801386	
406	-55.997885	17.951710	
407	-56.113883	21.366719	
408	-55.897363	19.554253	
409	-56.009873	16.691851	
410	-56.836892	17.019535	
411	-56.195062	17.575460	
412	-55.374300	18.152816	
413	-57.681123	15.127294	
414	-58.501912	11.761057	
415	-58.431488	13.372109	
416	-58.764428	16.216860	
417	-59.229841	15.731331	
418	-59.017563	15.296887	
419	-59.234571	15.412448	
420	-58.844239	14.391782	
421	-58.271148	15.889674	
422	-58.535721	18.611756	
423	-58.041775	17.259515	
424	-57.918984	14.382588	
425	-58.969577	14.541224	
426	-59.046173	17.462056	
427	-58.175795	17.315134	
428	-58.547176	16.236454	
429	-58.575649	17.712029	
430	-57.052124	20.746985	
431	-59.335739	13.916315	
432	-61.499941	11.183568	
433	-61.545705	11.639206	
434	-59.864138	17.145275	
435	NaN	NaN	
436	NaN	NaN	
437	NaN	NaN	
438	NaN	NaN	
439	NaN	NaN	
440	NaN	NaN	
441	NaN	NaN	
442	-61.705537	13.180274	
443	-62.130620	13.383265	
444	-61.959398	14.349371	
445	-61.979029	14.377405	
446	-62.875151	14.451423	
447	-61.971262	19.644712	
448	-61.891893	20.720909	
449	-62.058155	20.288381	
450	-63.224595	16.044201	
451	-62.893658	17.106207	
452	-61.878806	20.884551	
453	-62.489198	19.890286	
454	-63.009461	20.685100	
455	-63.345711	21.420438	
456	-63.477652	21.855693	
457	-63.655081	20.971078	
458	-62.813586	21.208356	
459	-62.885794	22.015408	
460	-63.998465	22.094257	
461	-64.073073	21.540658	
462	-63.455830	19.869628	
463	-63.923979	20.857499	
464	-64.926041	23.100143	
465	-64.774435	23.329121	
466	-64.593094	23.020337	
467	-64.645887	23.832944	
468	-65.012078	24.883794	
469	-65.228889	24.124225	
470	-65.336974	23.698703	
471	-65.719501	23.065876	
472	-65.674201	22.036039	
473	-65.900436	22.466449	
474	-66.087206	22.889616	
475	-65.896857	23.351805	
476	-65.850969	23.747970	
477	-65.984397	23.417839	
478	-66.387645	24.584106	
479	-66.782170	24.664624	
480	-66.867492	21.584449	
481	-66.838227	22.127262	
482	-67.270780	23.263926	
483	-67.431917	22.774160	
484	-67.756577	23.365210	
485	-68.098130	23.806472	
486	-67.714428	23.162962	
487	-68.047591	23.606124	
488	-68.175750	24.221270	
489	-68.180692	23.676103	
490	-68.694947	24.837536	
491	-68.915696	25.252264	
492	-69.056961	24.782465	
493	-68.960291	24.526464	
494	-69.047837	25.182381	
495	-69.409918	25.303005	
496	-69.897711	28.509009	
497	-70.096764	32.006103	
498	-70.460517	29.433163	
499	-71.107090	26.628734	
500	-71.991225	26.175141	
501	-71.180436	24.846597	
502	-70.961825	22.638002	
503	-71.932011	24.745215	
504	-71.527445	26.985377	
505	-71.413266	26.807858	
506	-71.643716	25.685418	
507	-71.626737	24.498849	
508	-71.677691	25.952399	
509	-71.768151	25.336432	
510	-71.838051	26.354036	
511	-71.764692	26.644978	
512	-71.450340	24.410688	
513	-71.606522	24.647403	
514	-72.152047	25.571819	
515	-72.313840	25.263775	
516	-71.942324	23.946345	
517	-71.801976	30.653997	
518	-71.286590	27.603433	
519	-71.180296	21.771754	
520	-71.735884	25.240263	
521	-71.780192	24.663382	
522	-72.006044	29.822243	
523	-72.117982	30.438383	
524	-72.119638	24.669283	
525	-71.996900	24.700811	
526	-72.472007	25.836791	
527	-72.675310	26.218378	
528	-72.144657	26.783141	
529	-72.489738	26.020942	
530	-73.018654	26.450355	
531	-73.300788	26.628755	
532	-73.185966	30.118993	
533	-72.882431	31.129520	
534	-72.962966	27.581002	
535	-72.850980	25.785097	
536	-73.505947	24.634083	
537	-73.786457	26.616891	
538	-72.966410	32.580044	
539	-72.561018	31.980033	
540	-72.786994	28.062022	
541	-73.131410	28.608123	
542	-73.179875	30.153874	
543	-73.101629	31.949034	
544	-72.641366	31.690923	
545	-72.560519	32.235857	
546	-72.303877	29.850214	
547	-71.889816	30.997520	
548	-71.770218	32.743184	
549	-72.120099	32.909854	
550	-72.475852	33.912039	
551	-71.632706	32.636469	
552	-71.751462	32.635964	
553	-72.359583	38.143498	
554	-72.180566	38.873059	
555	-72.378458	37.437656	
556	-71.411566	38.564347	
557	-70.667629	35.736799	
558	-70.368724	36.031853	
559	-69.817794	37.105168	
560	-69.848754	36.321797	
561	-68.632643	35.815309	
562	-67.742378	35.380538	
563	-67.311111	35.574887	
564	-66.932461	35.559223	
565	-66.553750	35.931050	
566	-65.516659	36.896325	
567	-65.765670	36.699648	
568	-66.021819	36.786834	
569	-65.395748	36.839991	
570	-64.481204	36.097805	
571	-63.059859	35.343677	
572	-62.401469	36.101370	
573	-61.998259	35.929834	
574	-61.723830	35.634430	
575	-61.023176	36.173224	
576	-60.996749	35.455729	
577	-60.642288	35.020480	
578	-59.590055	35.386313	
579	-59.631289	35.722246	
580	-59.469282	35.420652	
581	-59.231280	34.529549	
582	-58.707982	34.929990	
583	-58.134441	34.433126	
584	-57.460955	33.643572	
585	-57.069109	34.028487	
586	-56.790118	33.518953	
587	-56.167962	32.876965	
588	-55.864717	32.408358	
589	-55.828510	32.422302	
590	-55.358768	32.142255	
591	-54.932932	32.339185	
592	-55.219468	32.729365	
593	-54.894298	31.775872	
594	-53.964117	31.505956	
595	-53.895759	32.148954	
596	-53.317198	31.565544	
597	-52.470865	31.389323	
598	-52.398336	31.260690	
599	-51.570457	30.482021	
600	-51.152042	30.382858	
601	-50.791282	30.513778	
602	-50.149963	29.767782	
603	-50.689798	29.336691	
604	-50.329864	29.928708	
605	-49.559036	29.289743	
606	-48.485507	29.579917	
607	-48.630393	28.841825	
608	-48.222253	28.396670	
609	-48.699471	27.264714	
610	-49.340309	24.720353	
611	-47.752416	25.410615	
612	-47.124569	25.321211	
613	-46.944484	24.162932	
614	-45.946077	24.229269	
615	-46.005264	24.286927	
616	-45.839186	23.256906	
617	-45.161554	22.862783	
618	-44.765382	23.360285	
619	-44.670487	21.846573	
620	-44.591130	21.460512	
621	-44.408006	21.341601	
622	-44.017510	20.674234	
623	-43.568962	21.025751	
624	-43.609902	20.411502	
625	-43.364292	19.917280	
626	-43.180711	20.269775	
627	-42.939972	20.224945	
628	-43.160575	19.063419	
629	-43.353054	18.287117	
630	-42.788194	18.400007	
631	-42.649866	18.337410	
632	-42.689808	17.587288	
633	-42.624402	17.062341	
634	-42.272998	17.612411	
635	-42.369661	16.947294	
636	-42.353464	16.650902	
637	-42.447501	16.440112	
638	-42.088377	16.699500	
639	-41.560730	17.543176	
640	-41.383937	17.376956	
641	-41.418228	17.145567	
642	-41.957519	16.200677	
643	-40.171279	17.378577	
644	-40.892226	16.640941	
645	-43.029300	15.073243	
646	-42.733348	15.375933	
647	-42.783475	15.066495	
648	-43.187491	14.606034	
649	-43.422375	14.512491	
650	-43.033832	14.563591	
651	-42.966625	14.513659	
652	-43.400466	14.622474	
653	-43.256156	14.046753	
654	-43.507042	13.780319	
655	-43.883711	14.084375	
656	-43.401731	14.504238	
657	-43.412994	14.041639	
658	-43.780458	13.848664	
659	-43.617879	14.453466	
660	-44.034376	14.279881	
661	-44.367928	14.460984	
662	-44.378637	13.859247	
663	-44.543644	13.997868	
664	-44.309960	15.079038	
665	-44.329683	15.014855	
666	-44.993117	14.550664	
667	-45.719105	13.962765	
668	-45.548657	14.062642	
669	-45.416418	14.445558	
670	-46.230674	14.670362	
671	-46.273197	14.741129	
672	-45.821647	14.845802	
673	-46.372346	14.530796	
674	-46.495597	14.488894	
675	-46.505028	15.156095	
676	-46.930261	15.126412	
677	-47.049808	15.755619	
678	-47.257069	16.450315	
679	-47.477916	16.244452	
680	-47.795388	16.338849	
681	-47.739836	17.111987	
682	-47.567315	17.798299	
683	-47.666420	18.103381	
684	-47.347434	17.995254	
685	-47.536229	17.721182	
686	-47.707364	17.829681	
687	-47.726734	17.637608	
688	-48.179371	18.118815	
689	-48.263990	18.973188	
690	-48.514739	18.912707	
691	-48.801458	19.413633	
692	-48.668693	19.413553	
693	-48.601313	19.279642	
694	-48.532336	19.720185	
695	-48.437256	19.322867	
696	-48.686865	19.288033	
697	-48.760637	19.498602	
698	-49.468145	18.896234	
699	-49.697675	18.656511	
700	-49.500171	18.562586	
701	-50.023656	18.678227	
702	-50.555794	18.908818	
703	-50.800756	18.712487	
704	-51.011941	18.752782	
705	-51.454047	18.734617	
706	-52.142967	18.820822	
707	-52.138603	19.681865	
708	-52.146338	20.080083	
709	-52.732813	20.509707	
710	-52.825867	20.656210	
711	-53.021163	20.730389	
712	-53.658295	21.535151	
713	-53.982182	21.179752	
714	-54.050764	21.466857	
715	-53.913764	21.523885	
716	-53.649861	21.503415	
717	-53.923631	20.968158	
718	-53.909031	19.582595	
719	-53.579806	19.182657	
720	-53.663370	18.670388	
721	-53.911778	17.811879	
722	-54.134896	17.319578	
723	-54.217045	17.725547	
724	-54.046012	17.396780	
725	-54.857756	17.049680	
726	-54.990515	17.202466	
727	-54.675641	17.225016	
728	-54.962555	17.340660	
729	-55.490572	17.680231	
730	-55.655867	18.223173	
731	-55.653336	18.752139	
732	-55.881432	19.281319	
733	-55.826474	20.270424	
734	-56.536491	20.629566	
735	-57.092947	19.534101	
736	-57.353149	19.676842	
737	-57.532278	20.775639	
738	-57.720578	20.798934	
739	-58.133129	20.158495	
740	-58.477618	19.814969	
741	-58.612437	20.499955	
742	-58.955907	20.670370	
743	-59.879408	20.135762	
744	-60.064531	18.992624	
745	-60.061274	19.862823	
746	-60.237702	20.477775	
747	-60.429880	19.439074	
748	-60.863547	18.481616	
749	-60.460307	21.083570	
750	-60.590192	21.279877	
751	-61.305646	19.768511	
752	-59.873051	22.793314	
753	-61.421953	18.715811	
754	-62.480716	18.421765	
755	-61.733518	20.548549	
756	-61.226277	22.348060	
757	-61.170499	23.391580	
758	-62.151877	22.844491	
759	-62.754802	22.849010	
760	-62.789707	23.524122	
761	-63.186844	22.374694	
762	-63.451448	22.424614	
763	-63.280372	23.822443	
764	-63.202421	23.799178	
765	-63.509583	23.178844	
766	-63.833497	23.555382	
767	-63.195833	24.314995	
768	-64.373278	21.171310	
769	-65.049018	20.294636	
770	-65.119708	20.328090	
771	-65.610741	19.712518	
772	-65.462087	20.116416	
773	-65.669708	21.090974	
774	-65.713593	20.087345	
775	-65.746705	19.745157	
776	-66.161570	20.947342	
777	-66.398201	21.923195	
778	-66.468587	21.987384	
779	-66.582895	21.140419	
780	-66.928751	21.909945	
781	-66.785815	22.595994	
782	-67.218443	21.795374	
783	-67.653358	22.962959	
784	-67.536633	23.448109	
785	-67.824697	22.556627	
786	-68.043750	23.111910	
787	-68.177201	23.313615	
788	-68.550608	24.150085	
789	-68.744309	24.713262	
790	-68.600779	23.933456	
791	-69.050225	24.150941	
792	-69.455530	24.957093	
793	-69.440221	24.844401	
794	-69.525540	25.071876	
795	-69.728192	25.539700	
796	-69.926900	26.342602	
797	-70.173531	26.163604	
798	-69.873284	25.035805	
799	-70.242310	23.989157	
800	-70.845285	24.978953	
801	-70.635813	25.736101	
802	-70.596011	24.322589	
803	-70.444565	24.288237	
804	-70.638037	25.104319	
805	-71.116131	25.723276	
806	-70.971224	25.567993	
807	-70.767162	24.043329	
808	-70.882864	24.201337	
809	-71.122274	24.620300	
810	-72.127033	26.306283	
811	-72.403019	27.130237	
812	-72.145690	25.665396	
813	-72.190351	25.116548	
814	-72.382897	25.618881	
815	-72.695037	25.759951	
816	-72.717396	26.000656	
817	-72.616353	26.717174	
818	-72.581052	26.053003	
819	-72.786940	26.458063	
820	-73.165989	26.358489	
821	-73.512783	25.556048	
822	-73.575887	25.311907	
823	-73.478832	24.599732	
824	-73.586361	24.911513	
825	-73.909478	26.059011	
826	-74.211407	25.983331	
827	-74.582125	26.984560	
828	-75.008770	28.010201	
829	-75.183322	28.259866	
830	-75.304753	28.730333	
831	-75.216844	28.767307	
832	-74.996370	27.611369	
833	-75.032993	26.568523	
834	-75.727411	26.964434	
835	-75.539882	27.041596	
836	-74.906711	26.109946	
837	-75.006887	26.033397	
838	-75.437063	27.457322	
839	-75.957729	27.863219	
840	-75.986723	27.534766	
841	-75.699181	26.864948	
842	-75.601290	27.593209	
843	-75.162441	29.187711	
844	-75.152891	27.472674	
845	-75.920541	29.343398	
846	-76.515885	29.987105	
847	-76.643948	30.887182	
848	-76.375074	31.235207	
849	-76.089589	30.347652	
850	-76.272681	30.286442	
851	-76.547664	30.241543	
852	-76.366391	30.345918	
853	-76.433437	31.154977	
854	-76.267454	32.348724	
855	-75.720962	32.830120	
856	-75.936371	32.180560	
857	-75.701223	32.264333	
858	-75.346020	33.276728	
859	-75.353141	33.048060	
860	-75.099644	34.841192	
861	-74.897256	34.694640	
862	-74.873620	33.831686	
863	-74.952129	33.367403	
864	-74.961039	34.381023	
865	-74.367762	34.297426	
866	-73.583440	34.045989	
867	-75.265318	36.966775	
868	-75.690272	39.576148	
869	-73.814640	37.956396	
870	-74.292308	38.514535	
871	-75.054489	40.929545	
872	-74.765068	41.341891	
873	-74.549501	41.871243	
874	-73.994343	41.551645	
875	-73.974993	42.515820	
876	-73.252761	42.870936	
877	-72.427319	42.972153	
878	-72.268249	43.299657	
879	-71.460501	42.346667	
880	-70.307572	41.553805	
881	-69.723743	40.611240	
882	-69.141106	39.966903	
883	-68.258895	39.673045	
884	-67.721851	39.797378	
885	-67.202163	39.787413	
886	-66.637234	39.380217	
887	-66.156337	39.089231	
888	-65.287818	38.649283	
889	-64.612501	38.112364	
890	-64.169185	37.700704	
891	-63.873827	37.989954	
892	-63.333602	37.315704	
893	-62.708171	36.245934	
894	-62.618485	35.339001	
895	-61.890262	35.094622	
896	-61.252523	35.713689	
897	-61.210430	35.872127	
898	-60.686758	35.262104	
899	-60.244618	34.745305	
900	-59.882833	34.885024	
901	-59.317889	34.423118	
902	-58.749878	33.451754	
903	-58.376107	33.177881	
904	-58.059869	33.593942	
905	-57.860649	33.830740	
906	-57.483691	33.034682	
907	-56.728956	32.067172	
908	-56.427881	31.826314	
909	-56.019071	31.466778	
910	-55.063613	30.995972	
911	-54.821316	30.810231	
912	-54.367345	31.367584	
913	-53.518683	31.422438	
914	-53.443190	30.062752	
915	-53.289629	29.836095	
916	-53.037522	29.412464	
917	-52.058177	28.741259	
918	-51.467888	30.089037	
919	-51.148048	32.121797	
920	-50.335806	31.171470	
921	-49.278235	29.463041	
922	-48.764627	28.617328	
923	-48.411817	28.954887	
924	-48.002007	29.478366	
925	-47.826645	29.280273	
926	-47.614418	27.637082	
927	-47.375525	26.794987	
928	-46.898947	26.860814	
929	-46.146600	26.015089	
930	-46.237108	25.719642	
931	-45.648588	25.884752	
932	-45.016992	25.129397	
933	-44.959137	25.214648	
934	-45.416875	23.747277	
935	-45.058614	22.404739	
936	-43.657520	22.193193	
937	-43.026329	21.001319	
938	-43.010489	20.847460	
939	-43.242478	20.788771	
940	-42.808892	20.201704	
941	-43.112464	20.155106	
942	-43.233551	19.921869	
943	-42.969721	19.815101	
944	-42.796352	19.613316	
945	-42.470588	19.040780	
946	-43.193504	18.775707	
947	-41.744243	19.600151	
948	-40.950059	19.704930	
949	-42.723494	17.664765	
950	-41.167622	18.509297	
951	-38.524218	21.303416	
952	-41.074984	18.400020	
953	-42.134980	16.976957	
954	-41.547165	16.987148	
955	-41.656884	15.992408	
956	-42.136675	16.321449	
957	-42.151384	16.076285	
958	-41.730327	15.375690	
959	-41.525365	16.182781	
960	-41.699481	15.851256	
961	-41.220460	15.615804	
962	-41.110190	15.337277	
963	-39.823315	16.319529	
964	-39.889136	16.093906	
965	-41.219045	14.394423	
966	-41.184993	14.281805	
967	-41.546972	13.898980	
968	-41.347684	13.723937	
969	-40.935167	14.363436	
970	-41.366813	14.290473	
971	-41.869527	13.364363	
972	-41.815907	13.597727	
973	-42.616641	13.827472	
974	-42.487762	13.472593	
975	-42.932614	13.764151	
976	-43.916810	14.111447	
977	-43.165722	13.456202	
978	-42.557825	13.382949	
979	-42.266642	13.474341	
980	-43.095509	13.216629	
981	-44.188430	14.462887	
982	-44.675781	14.859788	
983	-44.557139	14.469842	
984	-44.540487	14.768871	
985	-44.654241	14.654546	
986	-44.798645	14.422149	
987	-45.211754	14.746329	
988	-44.646452	13.819758	
989	-45.003140	14.077519	
990	-45.553920	15.302954	
991	-45.450722	14.833784	
992	-45.383349	15.168867	
993	-45.267662	15.221161	
994	-46.202524	15.761763	
995	-46.174367	16.282561	
996	-45.559969	15.854524	
997	-45.602049	16.100908	
998	-45.769547	16.743707	
999	-46.112224	16.696051	
1000	-45.297110	17.708188	
1001	-45.125908	18.424392	
1002	-45.856449	17.878354	
1003	-46.125504	17.383997	
1004	-46.877583	16.881124	
1005	-46.715940	17.371005	
1006	-46.077107	17.245907	
1007	-45.659414	17.046219	
1008	-45.891099	16.379068	
1009	-45.800919	16.259202	
1010	-45.615292	16.680742	
1011	-46.364162	15.702135	
1012	-46.545551	15.626250	
1013	-46.016498	15.564922	
1014	-46.251347	15.124435	
1015	-47.428761	15.941096	
1016	-47.504009	15.674607	
1017	-46.714686	15.223097	
1018	-47.431413	15.505867	
1019	-48.047163	15.716686	
1020	-47.787746	15.660292	
1021	-47.402616	15.475078	
1022	-47.943036	15.395533	
1023	-48.340028	15.165828	
1024	-48.029665	15.295465	
1025	-48.642368	15.195435	
1026	-47.851896	15.420465	
1027	-47.806131	14.921285	
1028	-48.452202	13.536045	
1029	-48.572625	13.543382	
1030	-48.880712	13.459226	
1031	-49.732876	13.281511	
1032	-50.978833	12.925282	
1033	-51.074435	12.458536	
1034	-50.201227	12.366420	
1035	-51.108947	12.150934	
1036	-51.885434	14.005463	
1037	-51.361733	13.823936	
1038	-51.893739	12.741312	
1039	-52.882522	13.489023	
1040	-53.869271	13.361595	
1041	-53.490840	13.768369	
1042	-53.139421	13.933725	
1043	-54.292462	14.306527	
1044	-55.376610	15.425054	
1045	-54.958912	14.742677	
1046	-55.322633	15.176232	
1047	-55.498924	15.045580	
1048	-54.922638	13.380668	
1049	-56.198666	14.264763	
1050	-56.611835	14.718818	
1051	-55.989720	13.348652	
1052	-56.737802	14.307455	
1053	-56.360769	14.822157	
1054	-55.938963	13.948948	
1055	-57.040347	14.481389	
1056	-57.381512	14.225484	
1057	-57.357837	14.988131	
1058	-56.846938	15.237973	
1059	-57.333996	14.852721	
1060	-58.180942	14.636992	
1061	-58.250969	14.689105	
1062	-58.239549	14.599069	
1063	-58.273528	14.172482	
1064	-58.477819	14.870334	
1065	-58.617485	15.406345	
1066	-59.178048	15.423620	
1067	-59.328085	15.499284	
1068	-59.342333	15.639835	
1069	-59.912737	15.444015	
1070	-60.581687	15.653198	
1071	-60.229295	15.658009	
1072	-59.948721	16.008430	
1073	-59.964094	16.528377	
1074	-60.260425	16.281308	
1075	-60.643255	16.584352	
1076	-60.508031	16.650160	
1077	-60.714286	16.352317	
1078	-61.065320	17.420134	
1079	-61.237492	17.617906	
1080	-61.346083	17.237386	
1081	-61.653554	17.682974	
1082	-61.794721	18.060364	
1083	-62.452355	18.689520	
1084	-62.274122	19.001565	
1085	-62.140693	19.104519	
1086	-63.076019	19.293295	
1087	-63.204672	19.384325	
1088	-63.444240	19.909416	
1089	-64.171107	20.518171	
1090	-64.317950	19.880235	
1091	-63.790433	19.939100	
1092	-64.105098	20.857985	
1093	-64.826032	21.414617	
1094	-64.431743	21.881090	
1095	-64.294232	22.026004	
1096	-64.817288	21.438380	
1097	-64.786798	20.232815	
1098	-64.997535	20.137502	
1099	-65.264382	21.061780	
1100	-65.229710	21.852964	
1101	-65.480826	23.172607	
1102	-65.448510	22.546266	
1103	-65.833447	21.607035	
1104	-66.096262	21.288160	
1105	-65.796107	20.074648	
1106	-65.939140	20.202301	
1107	-66.545896	21.200293	
1108	-67.203305	21.922480	
1109	-67.382903	21.774515	
1110	-67.847094	22.377554	
1111	-68.120072	23.188457	
1112	-67.928311	22.647758	
1113	-67.651002	23.047071	
1114	-68.085080	24.213035	
1115	-68.876096	23.880851	
1116	-69.051976	23.030409	
1117	-69.075110	23.416804	
1118	-69.753591	24.989547	
1119	-69.689576	25.006985	
1120	-69.835185	23.883927	
1121	-70.808699	23.243721	
1122	-70.566975	21.961640	
1123	-70.251022	22.699677	
1124	-71.398793	25.376119	
1125	-71.716822	25.419686	
1126	-71.493951	24.293834	
1127	-72.371957	23.703440	
1128	-72.198789	24.726153	
1129	-72.443549	26.796221	
1130	-73.063153	25.437241	
1131	-72.990323	24.866896	
1132	-72.835317	25.508926	
1133	-73.591396	24.690957	
1134	-73.818671	26.126121	
1135	-74.173697	28.478371	
1136	-74.737128	26.844349	
1137	-74.254469	26.711854	
1138	-74.650236	27.094772	
1139	-74.928815	27.165501	
1140	-74.728183	29.494282	
1141	-75.430588	31.752461	
1142	-75.221660	32.442404	
1143	-74.817662	31.943243	
1144	-75.125377	31.641573	
1145	-75.201090	26.441853	
1146	-75.730008	25.877331	
1147	-75.905051	30.204821	
1148	-76.192034	29.231422	
1149	-76.552570	29.905556	
1150	-76.011286	30.326423	
1151	-75.786072	30.206087	
1152	-76.768666	31.783840	
1153	-76.192189	31.169142	
1154	-75.876098	30.952987	
1155	-75.987651	32.358406	
1156	-75.659136	32.641597	
1157	-76.235453	33.330580	
1158	-76.257449	33.411375	
1159	-76.144033	32.874389	
1160	-75.932797	32.699401	
1161	-76.129629	32.372426	
1162	-75.480484	31.143663	
1163	-75.447620	31.717630	
1164	-76.072356	32.325456	
1165	-75.809997	31.428094	
1166	-75.586967	30.208410	
1167	-75.800195	29.527581	
1168	-76.353315	35.490357	
1169	-75.816650	39.559308	
1170	-74.898924	38.154101	
1171	-75.551160	38.917609	
1172	-75.905405	40.367461	
1173	-74.567081	39.701710	
1174	-73.945376	40.105778	
1175	-73.605802	41.135871	
1176	-73.131351	41.003633	
1177	-72.192418	41.415854	
1178	-72.922394	43.175888	
1179	-73.539959	42.155497	
1180	-72.440864	40.142747	
1181	-72.183743	41.535168	
1182	-71.679553	42.606597	
1183	-71.668152	43.024962	
1184	-71.992459	44.561099	
1185	-71.662730	44.394323	
1186	-71.828561	45.858038	
1187	-71.548900	46.675683	
1188	-68.808260	40.654294	
1189	-69.672364	44.066428	
1190	-69.876812	46.250079	
1191	-68.201646	43.793769	
1192	-67.508565	44.082370	
1193	-67.290863	41.892008	
1194	-68.026562	41.783608	
1195	-68.142622	42.036937	
1196	-67.452123	39.322317	
1197	-64.948972	39.207989	
1198	-64.155726	40.330417	
1199	-64.110224	40.080483	
1200	-63.180749	39.591759	
1201	-62.364698	38.311005	
1202	-62.290833	36.812354	
1203	-60.780203	37.207549	
1204	-60.534555	36.273582	
1205	-59.280041	35.903133	
1206	-60.160426	37.662173	
1207	-58.862482	36.932062	
1208	-58.543267	38.864748	
1209	-59.126837	40.613145	
1210	-57.132980	36.931371	
1211	-55.403331	33.639631	
1212	-54.080174	32.617631	
1213	-52.383318	32.556036	
1214	-54.584089	34.486584	
1215	-55.448064	35.596375	
1216	-54.734709	34.674425	
1217	-52.040769	32.437452	
1218	-53.633042	34.192714	
1219	-54.349357	35.007382	
1220	-52.358309	33.178851	
1221	-52.337984	32.771197	
1222	-52.365536	32.678853	
1223	-51.417088	31.700085	
1224	-51.211842	32.002539	
1225	-50.858912	32.144066	
1226	-49.954787	30.286766	
1227	-50.782114	30.553156	
1228	-50.436842	31.233493	
1229	-49.302418	29.868809	
1230	-48.437712	29.372179	
1231	-47.967339	29.093273	
1232	-47.359557	27.670967	
1233	-46.842122	27.851223	
1234	NaN	NaN	
1235	-47.191379	26.994699	
1236	-46.399100	27.647910	
1237	-46.044614	26.685184	
1238	-45.792518	27.133983	
1239	-45.920912	28.093604	
1240	-45.968912	28.270942	
1241	-46.386158	26.702874	
1242	-45.977054	25.594302	
1243	-45.925558	25.345405	
1244	-44.500019	25.128902	
1245	-44.592393	25.103732	
1246	-45.613966	24.827543	
1247	-44.907459	23.909262	
1248	-44.809841	22.795654	
1249	-44.226881	22.754410	
1250	-44.892547	23.854961	
1251	-46.138607	22.058758	
1252	-45.610471	22.260043	
1253	-44.788529	23.812543	
1254	-44.304550	22.692074	
1255	-44.900884	21.303733	
1256	-44.596472	20.731462	
1257	-45.090857	19.374890	
1258	-44.657233	19.151967	
1259	-44.000277	21.117936	
1260	NaN	NaN	
1261	NaN	NaN	
1262	NaN	NaN	
1263	NaN	NaN	
1264	NaN	NaN	
1265	NaN	NaN	
1266	NaN	NaN	
1267	NaN	NaN	
1268	NaN	NaN	
1269	NaN	NaN	
1270	NaN	NaN	
1271	-43.456238	17.750332	
1272	-44.042490	15.664659	
1273	-43.676373	15.109280	
1274	-43.899989	15.354873	
1275	-45.013417	15.019181	
1276	-44.540156	14.407845	
1277	-44.337453	15.653623	
1278	-44.699514	14.286807	
1279	-45.086769	14.346142	
1280	-44.669941	14.464299	
1281	-44.344215	15.091813	
1282	-43.885389	17.238926	
1283	-44.424241	15.199281	
1284	-45.089478	15.615035	
1285	-45.995328	15.459941	
1286	NaN	NaN	
1287	NaN	NaN	
1288	NaN	NaN	
1289	NaN	NaN	
1290	NaN	NaN	
1291	NaN	NaN	
1292	NaN	NaN	
1293	NaN	NaN	
1294	NaN	NaN	
1295	NaN	NaN	
1296	-50.287962	15.399859	
1297	-50.910854	16.149510	
1298	-51.529296	17.482780	
1299	NaN	NaN	
1300	NaN	NaN	
1301	-52.894454	16.527210	
1302	-53.101357	17.611649	
1303	-53.926026	19.124410	
1304	-52.914790	18.485773	
1305	-51.304881	17.618835	
1306	-51.435455	16.549751	
1307	-50.239638	18.195314	
1308	-50.720458	15.859521	
1309	-52.191098	16.445565	
1310	-51.591389	15.741024	
1311	-50.949222	15.766123	
1312	-52.351344	14.558288	
1313	-50.845634	16.170262	
1314	-50.918472	16.910802	
1315	-51.826486	17.451054	
1316	-51.965644	16.886403	
1317	-51.615096	16.848055	
1318	-51.766155	16.269048	
1319	-52.996585	15.821091	
1320	-52.382928	19.096569	
1321	-52.049949	19.123833	
1322	-52.016448	18.060874	
1323	NaN	NaN	
1324	NaN	NaN	
1325	NaN	NaN	
1326	NaN	NaN	
1327	NaN	NaN	
1328	NaN	NaN	
1329	NaN	NaN	
1330	NaN	NaN	
1331	NaN	NaN	
1332	NaN	NaN	
1333	NaN	NaN	
1334	NaN	NaN	
1335	NaN	NaN	
1336	NaN	NaN	
1337	NaN	NaN	
1338	NaN	NaN	
1339	NaN	NaN	
1340	NaN	NaN	
1341	NaN	NaN	
1342	NaN	NaN	
1343	NaN	NaN	
1344	NaN	NaN	
1345	NaN	NaN	
1346	NaN	NaN	
1347	NaN	NaN	
1348	NaN	NaN	
1349	NaN	NaN	
1350	NaN	NaN	
1351	NaN	NaN	
1352	NaN	NaN	
1353	NaN	NaN	
1354	NaN	NaN	
1355	NaN	NaN	
1356	NaN	NaN	
1357	NaN	NaN	
1358	NaN	NaN	
1359	NaN	NaN	
1360	NaN	NaN	
1361	NaN	NaN	
1362	NaN	NaN	
1363	NaN	NaN	
1364	NaN	NaN	
1365	NaN	NaN	
1366	NaN	NaN	
1367	NaN	NaN	
1368	NaN	NaN	
1369	NaN	NaN	
1370	NaN	NaN	
1371	NaN	NaN	
1372	NaN	NaN	
1373	NaN	NaN	
1374	NaN	NaN	
1375	NaN	NaN	
1376	NaN	NaN	
1377	NaN	NaN	
1378	NaN	NaN	
1379	NaN	NaN	
1380	NaN	NaN	
1381	NaN	NaN	
1382	NaN	NaN	
1383	NaN	NaN	
1384	NaN	NaN	
1385	NaN	NaN	
1386	NaN	NaN	
1387	NaN	NaN	
1388	NaN	NaN	
1389	NaN	NaN	
1390	NaN	NaN	
1391	NaN	NaN	
1392	NaN	NaN	
1393	NaN	NaN	
1394	NaN	NaN	
1395	NaN	NaN	
1396	NaN	NaN	
1397	NaN	NaN	
1398	NaN	NaN	
1399	NaN	NaN	
1400	NaN	NaN	
1401	NaN	NaN	
1402	NaN	NaN	
1403	NaN	NaN	
1404	NaN	NaN	
1405	NaN	NaN	
1406	NaN	NaN	
1407	NaN	NaN	
1408	NaN	NaN	
1409	NaN	NaN	
1410	NaN	NaN	
1411	NaN	NaN	
1412	NaN	NaN	
1413	NaN	NaN	
1414	NaN	NaN	
1415	NaN	NaN	
1416	NaN	NaN	
1417	NaN	NaN	
1418	NaN	NaN	
1419	NaN	NaN	
1420	NaN	NaN	
1421	NaN	NaN	
1422	NaN	NaN	
1423	NaN	NaN	
1424	NaN	NaN	
1425	NaN	NaN	
1426	NaN	NaN	
1427	NaN	NaN	
1428	NaN	NaN	
1429	NaN	NaN	
1430	NaN	NaN	
1431	NaN	NaN	
1432	NaN	NaN	
1433	NaN	NaN	
1434	NaN	NaN	
1435	NaN	NaN	
1436	NaN	NaN	
1437	NaN	NaN	
1438	NaN	NaN	
1439	NaN	NaN	
1440	NaN	NaN	
1441	NaN	NaN	
1442	NaN	NaN	
1443	NaN	NaN	
1444	NaN	NaN	
1445	NaN	NaN	
1446	NaN	NaN	
1447	NaN	NaN	
1448	NaN	NaN	
1449	NaN	NaN	
1450	NaN	NaN	
1451	NaN	NaN	
1452	NaN	NaN	
1453	NaN	NaN	
1454	NaN	NaN	
1455	NaN	NaN	
1456	NaN	NaN	
1457	NaN	NaN	
1458	NaN	NaN	
1459	NaN	NaN	
1460	NaN	NaN	
1461	NaN	NaN	
1462	NaN	NaN	
1463	NaN	NaN	
1464	NaN	NaN	
1465	NaN	NaN	
1466	NaN	NaN	
1467	NaN	NaN	
1468	NaN	NaN	
1469	NaN	NaN	
1470	NaN	NaN	
1471	NaN	NaN	
1472	NaN	NaN	
1473	NaN	NaN	
1474	NaN	NaN	
1475	NaN	NaN	
1476	NaN	NaN	
1477	NaN	NaN	
1478	NaN	NaN	
1479	NaN	NaN	
1480	NaN	NaN	
1481	NaN	NaN	
1482	NaN	NaN	
1483	NaN	NaN	
1484	NaN	NaN	
1485	NaN	NaN	
1486	NaN	NaN	
1487	NaN	NaN	
1488	NaN	NaN	
1489	NaN	NaN	
1490	NaN	NaN	
1491	NaN	NaN	
1492	NaN	NaN	
1493	NaN	NaN	
1494	NaN	NaN	
1495	NaN	NaN	
1496	NaN	NaN	
1497	NaN	NaN	
1498	NaN	NaN	
1499	NaN	NaN	
1500	NaN	NaN	
1501	NaN	NaN	
1502	NaN	NaN	
1503	NaN	NaN	
1504	NaN	NaN	
1505	NaN	NaN	
1506	NaN	NaN	
1507	NaN	NaN	
1508	NaN	NaN	
1509	NaN	NaN	
1510	NaN	NaN	
1511	NaN	NaN	
1512	NaN	NaN	
1513	NaN	NaN	
1514	NaN	NaN	
1515	NaN	NaN	
1516	NaN	NaN	
1517	NaN	NaN	
1518	NaN	NaN	
1519	NaN	NaN	
1520	NaN	NaN	
1521	NaN	NaN	
1522	NaN	NaN	
1523	NaN	NaN	
1524	NaN	NaN	
1525	NaN	NaN	
1526	NaN	NaN	
1527	NaN	NaN	
1528	NaN	NaN	
1529	NaN	NaN	
1530	NaN	NaN	
1531	NaN	NaN	
1532	NaN	NaN	
1533	NaN	NaN	
