Athlete_Engineering	// User ID
11-2-2021	// Evaluation date
P005_WALK5	24-1-2021	15:49:37:304	// Source file name and timestamp
250.000	// Sampling rate
7.127	// Data capture period



Sample #	Right_Leg_Flexion	Right_Leg_Abduction	
0	-10.963810	2.008492	
1	-10.989735	2.017474	
2	-11.014647	2.020871	
3	-11.037053	2.021040	
4	-11.055438	2.019256	
5	-11.068963	2.015985	
6	-11.077719	2.011021	
7	-11.082284	2.003350	
8	-11.083099	1.991864	
9	-11.080587	1.976688	
10	-11.075719	1.959315	
11	-11.069981	1.941330	
12	-11.064824	1.923553	
13	-11.061399	1.906379	
14	-11.060698	1.890174	
15	-11.063589	1.875007	
16	-11.070680	1.860916	
17	-11.082161	1.849005	
18	-11.097139	1.840077	
19	-11.112706	1.830602	
20	-11.124485	1.812081	
21	-11.128474	1.775215	
22	-11.122204	1.714025	
23	-11.105331	1.628517	
24	-11.079818	1.524735	
25	-11.048729	1.410617	
26	-11.015139	1.293578	
27	-10.982614	1.183649	
28	-10.955619	1.095053	
29	-10.938325	1.040648	
30	-10.932636	1.024207	
31	-10.937790	1.039860	
32	-10.951708	1.078569	
33	-10.971355	1.130517	
34	-10.992254	1.183229	
35	-11.010267	1.226849	
36	-11.024219	1.261976	
37	-11.035842	1.298118	
38	-11.048138	1.347332	
39	-11.064379	1.420756	
40	-11.087627	1.527341	
41	-11.120273	1.673000	
42	-11.163268	1.857917	
43	-11.214659	2.070787	
44	-11.269800	2.291126	
45	-11.325483	2.506837	
46	-11.383701	2.727569	
47	-11.451343	2.981030	
48	-11.535980	3.294849	
49	-11.638575	3.668639	
50	-11.750052	4.063743	
51	-11.855273	4.421733	
52	-11.937154	4.681585	
53	-11.979287	4.788458	
54	-11.970591	4.706653	
55	-11.909008	4.428680	
56	-11.801904	3.976220	
57	-11.663830	3.396108	
58	-11.512645	2.751646	
59	-11.367726	2.118756	
60	-11.248781	1.581392	
61	-11.171170	1.211788	
62	-11.142465	1.052282	
63	-11.163383	1.112510	
64	-11.229127	1.370859	
65	-11.328884	1.773293	
66	-11.444320	2.232629	
67	-11.550998	2.642301	
68	-11.626399	2.912596	
69	-11.658846	3.002667	
70	-11.647983	2.916952	
71	-11.598843	2.678459	
72	-11.519927	2.319424	
73	-11.425588	1.892396	
74	-11.332907	1.462892	
75	-11.253639	1.079808	
76	-11.190367	0.758487	
77	-11.138767	0.487665	
78	-11.092926	0.249243	
79	-11.049765	0.034887	
80	-11.008889	-0.155153	
81	-10.969693	-0.323657	
82	-10.930484	-0.479180	
83	-10.890339	-0.627644	
84	-10.850464	-0.766398	
85	-10.813366	-0.887281	
86	-10.781336	-0.982285	
87	-10.755524	-1.046515	
88	-10.736045	-1.078323	
89	-10.722863	-1.078281	
90	-10.716182	-1.049306	
91	-10.715889	-0.997899	
92	-10.720768	-0.935016	
93	-10.728532	-0.873196	
94	-10.737201	-0.819135	
95	-10.746226	-0.770318	
96	-10.756202	-0.720047	
97	-10.767953	-0.663330	
98	-10.781504	-0.599245	
99	-10.795195	-0.531592	
100	-10.805763	-0.468458	
101	-10.809891	-0.418757	
102	-10.806428	-0.385290	
103	-10.797133	-0.361681	
104	-10.785337	-0.337500	
105	-10.774322	-0.304246	
106	-10.766338	-0.257589	
107	-10.762154	-0.197776	
108	-10.761202	-0.129452	
109	-10.761745	-0.061402	
110	-10.761537	-0.003898	
111	-10.759331	0.037321	
112	-10.755252	0.063556	
113	-10.749672	0.079577	
114	-10.742826	0.090541	
115	-10.735248	0.101494	
116	-10.727774	0.117079	
117	-10.721328	0.141412	
118	-10.716959	0.178020	
119	-10.715878	0.229476	
120	-10.719181	0.297361	
121	-10.727335	0.382557	
122	-10.739834	0.484769	
123	-10.755318	0.600740	
124	-10.771912	0.722094	
125	-10.787413	0.834891	
126	-10.799879	0.923056	
127	-10.808351	0.973537	
128	-10.811973	0.976488	
129	-10.808887	0.923116	
130	-10.797827	0.809934	
131	-10.780247	0.644994	
132	-10.760035	0.446737	
133	-10.741571	0.236536	
134	-10.728053	0.032011	
135	-10.721093	-0.154329	
136	-10.720892	-0.313522	
137	-10.726232	-0.439771	
138	-10.734515	-0.531160	
139	-10.741736	-0.589919	
140	-10.742243	-0.621783	
141	-10.729652	-0.633950	
142	-10.700276	-0.630983	
143	-10.656376	-0.611712	
144	-10.604751	-0.571767	
145	-10.552034	-0.509297	
146	-10.501776	-0.427430	
147	-10.454432	-0.333478	
148	-10.408671	-0.238392	
149	-10.363212	-0.155333	
150	-10.318587	-0.095884	
151	-10.278091	-0.066600	
152	-10.247175	-0.068016	
153	-10.231277	-0.095630	
154	-10.233954	-0.141837	
155	-10.256938	-0.197562	
156	-10.300934	-0.253197	
157	-10.365732	-0.299667	
158	-10.450013	-0.330012	
159	-10.550914	-0.340690	
160	-10.663123	-0.332116	
161	-10.778761	-0.308400	
162	-10.889366	-0.275847	
163	-10.988309	-0.241271	
164	-11.071474	-0.211336	
165	-11.137136	-0.190844	
166	-11.185880	-0.180350	
167	-11.219453	-0.177545	
168	-11.239384	-0.180280	
169	-11.247200	-0.185721	
170	-11.245175	-0.189073	
171	-11.236105	-0.185334	
172	-11.222600	-0.170618	
173	-11.206637	-0.142109	
174	-11.189476	-0.098252	
175	-11.171803	-0.038637	
176	-11.154260	0.036778	
177	-11.138048	0.128394	
178	-11.124651	0.237088	
179	-11.114914	0.363533	
180	-11.108091	0.506729	
181	-11.101615	0.663682	
182	-11.092571	0.831390	
183	-11.079109	1.007505	
184	-11.060248	1.187966	
185	-11.035790	1.365498	
186	-11.006405	1.530507	
187	-10.972648	1.672957	
188	-10.934064	1.784472	
189	-10.889087	1.859434	
190	-10.835164	1.894696	
191	-10.769449	1.889441	
192	-10.690486	1.846662	
193	-10.599333	1.774952	
194	-10.497629	1.686390	
195	-10.384429	1.591421	
196	-10.256425	1.496745	
197	-10.111155	1.407246	
198	-9.949630	1.327980	
199	-9.776384	1.263068	
200	-9.596754	1.212970	
201	-9.414295	1.175008	
202	-9.230331	1.146496	
203	-9.044048	1.124978	
204	-8.853733	1.107184	
205	-8.660165	1.091332	
206	-8.468029	1.079316	
207	-8.283014	1.075863	
208	-8.108088	1.087563	
209	-7.941832	1.121616	
210	-7.779309	1.183849	
211	-7.614867	1.278613	
212	-7.444391	1.408595	
213	-7.265194	1.571284	
214	-7.074508	1.755515	
215	-6.868410	1.942750	
216	-6.642206	2.113807	
217	-6.392342	2.258126	
218	-6.118160	2.377849	
219	-5.821723	2.482571	
220	-5.505774	2.581303	
221	-5.171445	2.678035	
222	-4.817679	2.771545	
223	-4.442745	2.858757	
224	-4.045950	2.938029	
225	-3.627459	3.008293	
226	-3.186014	3.064843	
227	-2.717133	3.096298	
228	-2.215078	3.089177	
229	-1.677396	3.039419	
230	-1.106772	2.957189	
231	-0.508542	2.858089	
232	0.112855	2.751326	
233	0.755530	2.635504	
234	1.419238	2.502456	
235	2.102965	2.343900	
236	2.803170	2.156676	
237	3.513938	1.945047	
238	4.228632	1.719242	
239	4.941582	1.491574	
240	5.649271	1.273308	
241	6.351436	1.073393	
242	7.051007	0.898639	
243	7.752196	0.754566	
244	8.459056	0.645004	
245	9.175473	0.570076	
246	9.904715	0.525036	
247	10.647799	0.500885	
248	11.401223	0.485323	
249	12.155844	0.463640	
250	12.900285	0.421769	
251	13.628286	0.351231	
252	14.342013	0.250900	
253	15.047414	0.124879	
254	15.748974	-0.018952	
255	16.449052	-0.168895	
256	17.148237	-0.310438	
257	17.844149	-0.428569	
258	18.530684	-0.509834	
259	19.200094	-0.544916	
260	19.847551	-0.532240	
261	20.475122	-0.480079	
262	21.091545	-0.404814	
263	21.706993	-0.325392	
264	22.326915	-0.257146	
265	22.949740	-0.208034	
266	23.568833	-0.178242	
267	24.175355	-0.163280	
268	24.760113	-0.159038	
269	25.316221	-0.165913	
270	25.842161	-0.187799	
271	26.341836	-0.225229	
272	26.821779	-0.270665	
273	27.288751	-0.312772	
274	27.749455	-0.345268	
275	28.209914	-0.371915	
276	28.672205	-0.404395	
277	29.132297	-0.456218	
278	29.581583	-0.538372	
279	30.009331	-0.657558	
280	30.404682	-0.813869	
281	30.758064	-0.999468	
282	31.061566	-1.201460	
283	31.309383	-1.406862	
284	31.498692	-1.606315	
285	31.630025	-1.794618	
286	31.706785	-1.968320	
287	31.734351	-2.124887	
288	31.719143	-2.264843	
289	31.667604	-2.393183	
290	31.585000	-2.519232	
291	31.474925	-2.655434	
292	31.340479	-2.813029	
293	31.185117	-2.995467	
294	31.010669	-3.195859	
295	30.815263	-3.401935	
296	30.594819	-3.603349	
297	30.346028	-3.794956	
298	30.067387	-3.976276	
299	29.758952	-4.150406	
300	29.422162	-4.322937	
301	29.059316	-4.500744	
302	28.672558	-4.691530	
303	28.263338	-4.903374	
304	27.833014	-5.142207	
305	27.384165	-5.407958	
306	26.921114	-5.693048	
307	26.448666	-5.985469	
308	25.970031	-6.274199	
309	25.485479	-6.552501	
310	24.992734	-6.817053	
311	24.488852	-7.065417	
312	23.971385	-7.295659	
313	23.438135	-7.507322	
314	22.887340	-7.700772	
315	22.318098	-7.876030	
316	21.729815	-8.033127	
317	21.121844	-8.172738	
318	20.493989	-8.296384	
319	19.846737	-8.406376	
320	19.181250	-8.505116	
321	18.500014	-8.594460	
322	17.807304	-8.675413	
323	17.108075	-8.747142	
324	16.406343	-8.806696	
325	15.704962	-8.851234	
326	15.006300	-8.880642	
327	14.311958	-8.897937	
328	13.621914	-8.907467	
329	12.934760	-8.911546	
330	12.248802	-8.908332	
331	11.563513	-8.894607	
332	10.880581	-8.870971	
333	10.202661	-8.842534	
334	9.530717	-8.814232	
335	8.863412	-8.788052	
336	8.198915	-8.764936	
337	7.536312	-8.746514	
338	6.875676	-8.735997	
339	6.217683	-8.739362	
340	5.563011	-8.764059	
341	4.911342	-8.815057	
342	4.260370	-8.891600	
343	3.605962	-8.987807	
344	2.944045	-9.096864	
345	2.272821	-9.212986	
346	1.593388	-9.328295	
347	0.908712	-9.430241	
348	0.222151	-9.504058	
349	-0.463595	-9.536780	
350	-1.146235	-9.518740	
351	-1.822561	-9.445029	
352	-2.488373	-9.317847	
353	-3.140597	-9.144606	
354	-3.779194	-8.932164	
355	-4.406597	-8.684452	
356	-5.025776	-8.404739	
357	-5.638906	-8.098536	
358	-6.246782	-7.774421	
359	-6.849181	-7.441233	
360	-7.445391	-7.105500	
361	-8.033494	-6.772589	
362	-8.610011	-6.447313	
363	-9.170521	-6.133001	
364	-9.709569	-5.831979	
365	-10.220843	-5.546298	
366	-10.698414	-5.278066	
367	-11.137636	-5.030427	
368	-11.536197	-4.807482	
369	-11.895373	-4.611423	
370	-12.219548	-4.438319	
371	-12.514795	-4.275293	
372	-12.787855	-4.103599	
373	-13.045113	-3.907969	
374	-13.290937	-3.683998	
375	-13.524852	-3.439113	
376	-13.740243	-3.189232	
377	-13.927483	-2.953277	
378	-14.079292	-2.747945	
379	-14.193914	-2.583321	
380	-14.273660	-2.461351	
381	-14.321179	-2.379195	
382	-14.338260	-2.333497	
383	-14.327313	-2.321991	
384	-14.292001	-2.342640	
385	-14.236480	-2.392362	
386	-14.165536	-2.467563	
387	-14.086096	-2.565064	
388	-14.008227	-2.681536	
389	-13.943785	-2.813120	
390	-13.903541	-2.955436	
391	-13.895228	-3.102780	
392	-13.922486	-3.247178	
393	-13.983768	-3.377363	
394	-14.072705	-3.478783	
395	-14.180517	-3.536635	
396	-14.298001	-3.539993	
397	-14.415893	-3.482873	
398	-14.524861	-3.362450	
399	-14.616398	-3.179781	
400	-14.684928	-2.943977	
401	-14.729209	-2.672880	
402	-14.750996	-2.387595	
403	-14.752434	-2.106164	
404	-14.734836	-1.839824	
405	-14.699059	-1.592766	
406	-14.646169	-1.365290	
407	-14.577481	-1.157583	
408	-14.494117	-0.971327	
409	-14.396639	-0.808404	
410	-14.284944	-0.668334	
411	-14.158325	-0.546530	
412	-14.015990	-0.434730	
413	-13.857921	-0.323481	
414	-13.684972	-0.203814	
415	-13.499028	-0.068274	
416	-13.304355	0.086474	
417	-13.108223	0.257626	
418	-12.919954	0.436198	
419	-12.749659	0.607571	
420	-12.606222	0.754195	
421	-12.494433	0.861954	
422	-12.413705	0.924974	
423	-12.359643	0.945152	
424	-12.326777	0.928557	
425	-12.310201	0.881752	
426	-12.305220	0.811287	
427	-12.307548	0.724539	
428	-12.315372	0.628814	
429	-12.329404	0.531632	
430	-12.349544	0.442556	
431	-12.372767	0.373037	
432	-12.394655	0.334429	
433	-12.412209	0.334906	
434	-12.425237	0.375606	
435	-12.435193	0.451188	
436	-12.443351	0.554955	
437	-12.450410	0.680406	
438	-12.456716	0.818119	
439	-12.462587	0.953689	
440	-12.468431	1.070202	
441	-12.473337	1.154224	
442	-12.473902	1.200406	
443	-12.466044	1.212866	
444	-12.447798	1.203552	
445	-12.419762	1.185343	
446	-12.383620	1.164651	
447	-12.340624	1.142510	
448	-12.290696	1.120252	
449	-12.232627	1.100279	
450	-12.166450	1.083059	
451	-12.096149	1.066606	
452	-12.028728	1.049161	
453	-11.970184	1.031445	
454	-11.923187	1.015785	
455	-11.888341	1.002242	
456	-11.866220	0.985048	
457	-11.857239	0.953844	
458	-11.859952	0.899857	
459	-11.869916	0.821198	
460	-11.879722	0.723672	
461	-11.880028	0.620034	
462	-11.861625	0.529211	
463	-11.818580	0.471750	
464	-11.750007	0.461655	
465	-11.658493	0.502337	
466	-11.548349	0.589906	
467	-11.424573	0.718053	
468	-11.290787	0.879909	
469	-11.148484	1.067544	
470	-10.998446	1.270980	
471	-10.841980	1.477694	
472	-10.680815	1.674529	
473	-10.516561	1.852319	
474	-10.351153	2.008979	
475	-10.187408	2.147816	
476	-10.028400	2.273330	
477	-9.877068	2.388586	
478	-9.736661	2.495520	
479	-9.609934	2.596155	
480	-9.496818	2.692119	
481	-9.393816	2.782795	
482	-9.296400	2.864297	
483	-9.201436	2.930102	
484	-9.107100	2.973141	
485	-9.011514	2.989342	
486	-8.912812	2.980888	
487	-8.810296	2.955162	
488	-8.704480	2.919597	
489	-8.596065	2.878600	
490	-8.485267	2.834484	
491	-8.371971	2.788620	
492	-8.256553	2.740995	
493	-8.140683	2.690170	
494	-8.027515	2.635771	
495	-7.921066	2.581235	
496	-7.824901	2.532432	
497	-7.740924	2.493293	
498	-7.669360	2.463512	
499	-7.609171	2.440032	
500	-7.558048	2.419795	
501	-7.513171	2.401411	
502	-7.472348	2.385942	
503	-7.433892	2.376551	
504	-7.396016	2.376019	
505	-7.356798	2.384307	
506	-7.314628	2.399037	
507	-7.268887	2.417849	
508	-7.220194	2.439985	
509	-7.169824	2.465950	
510	-7.118847	2.496415	
511	-7.067887	2.531859	
512	-7.017609	2.573334	
513	-6.968738	2.623817	
514	-6.921259	2.688841	
515	-6.873963	2.775594	
516	-6.824845	2.890395	
517	-6.771915	3.035256	
518	-6.714079	3.205160	
519	-6.651833	3.387255	
520	-6.587141	3.563441	
521	-6.522183	3.716287	
522	-6.457980	3.834154	
523	-6.394184	3.912023	
524	-6.330284	3.949513	
525	-6.266946	3.949446	
526	-6.205790	3.917867	
527	-6.147817	3.864087	
528	-6.092701	3.799479	
529	-6.039831	3.735429	
530	-5.989500	3.682343	
531	-5.943075	3.650548	
532	-5.902728	3.651027	
533	-5.870957	3.693353	
534	-5.849228	3.781575	
535	-5.836549	3.911754	
536	-5.829547	4.073390	
537	-5.823459	4.252585	
538	-5.812803	4.433583	
539	-5.791587	4.598562	
540	-5.752924	4.727236	
541	-5.689324	4.799613	
542	-5.595184	4.803422	
543	-5.468592	4.739220	
544	-5.309962	4.617655	
545	-5.120854	4.455026	
546	-4.905147	4.272661	
547	-4.669215	4.095285	
548	-4.419231	3.943999	
549	-4.159134	3.829507	
550	-3.892069	3.752344	
551	-3.622238	3.707292	
552	-3.353954	3.686469	
553	-3.089925	3.680695	
554	-2.830792	3.680646	
555	-2.575289	3.678770	
556	-2.320940	3.671586	
557	-2.065388	3.660328	
558	-1.807216	3.649441	
559	-1.545312	3.644494	
560	-1.277712	3.651181	
561	-1.001637	3.674981	
562	-0.714516	3.719612	
563	-0.414373	3.784968	
564	-0.099312	3.867500	
565	0.232471	3.963442	
566	0.581465	4.071293	
567	0.945687	4.190876	
568	1.321094	4.321010	
569	1.703335	4.458812	
570	2.089489	4.600967	
571	2.478161	4.745232	
572	2.868338	4.890220	
573	3.259004	5.033507	
574	3.649859	5.169864	
575	4.042421	5.290216	
576	4.441304	5.381195	
577	4.854850	5.425941	
578	5.294386	5.404987	
579	5.772010	5.295413	
580	6.297268	5.071940	
581	6.874193	4.716246	
582	7.499524	4.233344	
583	8.163016	3.660178	
584	8.851953	3.049575	
585	9.556915	2.442533	
586	10.273722	1.859424	
587	11.002279	1.309357	
588	11.745134	0.797577	
589	12.506254	0.324776	
590	13.289395	-0.118043	
591	14.096768	-0.549379	
592	14.928937	-0.984824	
593	15.785025	-1.424204	
594	16.662723	-1.849167	
595	17.558838	-2.226429	
596	18.470771	-2.516713	
597	19.397682	-2.692739	
598	20.339185	-2.755291	
599	21.293062	-2.733094	
600	22.255417	-2.667219	
601	23.222363	-2.594553	
602	24.190795	-2.541951	
603	25.158104	-2.526791	
604	26.121244	-2.555065	
605	27.075745	-2.620204	
606	28.015802	-2.707853	
607	28.935360	-2.801784	
608	29.829178	-2.887179	
609	30.694268	-2.953007	
610	31.531348	-2.992998	
611	32.343704	-3.004068	
612	33.134263	-2.984622	
613	33.904020	-2.934567	
614	34.651633	-2.855890	
615	35.374274	-2.753856	
616	36.070198	-2.637743	
617	36.739401	-2.518794	
618	37.381581	-2.407645	
619	37.995507	-2.312807	
620	38.579912	-2.238178	
621	39.134042	-2.181745	
622	39.659041	-2.139271	
623	40.159433	-2.109353	
624	40.641272	-2.093870	
625	41.108176	-2.095453	
626	41.559835	-2.115257	
627	41.993468	-2.150731	
628	42.405603	-2.195554	
629	42.791309	-2.243351	
630	43.140707	-2.291688	
631	43.438047	-2.342534	
632	43.666647	-2.399790	
633	43.815903	-2.467033	
634	43.886608	-2.546483	
635	43.892972	-2.638241	
636	43.858545	-2.739992	
637	43.807169	-2.846943	
638	43.755436	-2.951140	
639	43.709936	-3.041990	
640	43.667475	-3.109675	
641	43.616833	-3.149126	
642	43.542932	-3.160695	
643	43.432910	-3.147294	
644	43.280287	-3.113075	
645	43.084643	-3.065493	
646	42.848464	-3.016061	
647	42.575004	-2.978140	
648	42.268836	-2.963972	
649	41.935628	-2.981293	
650	41.578914	-3.031521	
651	41.197664	-3.112228	
652	40.787776	-3.220336	
653	40.345262	-3.352736	
654	39.867573	-3.506922	
655	39.353022	-3.681776	
656	38.800271	-3.875499	
657	38.209110	-4.081991	
658	37.582408	-4.289720	
659	36.926884	-4.485780	
660	36.250516	-4.662823	
661	35.558914	-4.821956	
662	34.854509	-4.969881	
663	34.137898	-5.115188	
664	33.408249	-5.267675	
665	32.662689	-5.440187	
666	31.896502	-5.649705	
667	31.104279	-5.915551	
668	30.281496	-6.253760	
669	29.426062	-6.668242	
670	28.539252	-7.145654	
671	27.626293	-7.660521	
672	26.694945	-8.185327	
673	25.751501	-8.695896	
674	24.798783	-9.171373	
675	23.837512	-9.594260	
676	22.867198	-9.952465	
677	21.885777	-10.239607	
678	20.890526	-10.451821	
679	19.880163	-10.585309	
680	18.855804	-10.636973	
681	17.820989	-10.605948	
682	16.781567	-10.494779	
683	15.743642	-10.310437	
684	14.710520	-10.064353	
685	13.681986	-9.770906	
686	12.655830	-9.445041	
687	11.629729	-9.100187	
688	10.602754	-8.747635	
689	9.576071	-8.397116	
690	8.551753	-8.057591	
691	7.530665	-7.738062	
692	6.512402	-7.447713	
693	5.496734	-7.195335	
694	4.483819	-6.988885	
695	3.473568	-6.833766	
696	2.465858	-6.729721	
697	1.461716	-6.670286	
698	0.464308	-6.645400	
699	-0.521887	-6.643000	
700	-1.493831	-6.649989	
701	-2.452233	-6.654399	
702	-3.400710	-6.646265	
703	-4.342544	-6.617980	
704	-5.278327	-6.565580	
705	-6.206426	-6.488925	
706	-7.125080	-6.390491	
707	-8.033389	-6.273149	
708	-8.930938	-6.139147	
709	-9.816964	-5.992063	
710	-10.688775	-5.837845	
711	-11.540643	-5.683954	
712	-12.364890	-5.539039	
713	-13.153620	-5.411793	
714	-13.898565	-5.308173	
715	-14.590179	-5.230146	
716	-15.219153	-5.177267	
717	-15.779404	-5.148841	
718	-16.268438	-5.144392	
719	-16.684820	-5.161613	
720	-17.025980	-5.193927	
721	-17.287967	-5.230378	
722	-17.467091	-5.257627	
723	-17.561943	-5.263074	
724	-17.573617	-5.237844	
725	-17.505363	-5.178324	
726	-17.363286	-5.085969	
727	-17.156337	-4.965815	
728	-16.895713	-4.825101	
729	-16.595315	-4.672584	
730	-16.272098	-4.517900	
731	-15.945222	-4.372415	
732	-15.634824	-4.251784	
733	-15.360652	-4.175834	
734	-15.140326	-4.164177	
735	-14.987616	-4.230331	
736	-14.910297	-4.376827	
737	-14.907151	-4.592927	
738	-14.966979	-4.853644	
739	-15.071809	-5.119666	
740	-15.201583	-5.342426	
741	-15.337224	-5.475530	
742	-15.462108	-5.487326	
743	-15.563325	-5.367876	
744	-15.632895	-5.126560	
745	-15.667778	-4.784008	
746	-15.668638	-4.366160	
747	-15.637868	-3.901943	
748	-15.577382	-3.419692	
749	-15.487763	-2.941250	
750	-15.369225	-2.480029	
751	-15.223041	-2.045432	
752	-15.052464	-1.647040	
753	-14.862917	-1.294691	
754	-14.660995	-0.995682	
755	-14.452519	-0.750710	
756	-14.241586	-0.554090	
757	-14.031971	-0.400604	
758	-13.829694	-0.290506	
759	-13.644017	-0.227141	
760	-13.485080	-0.211014	
761	-13.360589	-0.235222	
762	-13.274559	-0.285526	
763	-13.227555	-0.344756	
764	-13.217335	-0.397119	
765	-13.239538	-0.430796	
766	-13.287696	-0.439940	
767	-13.353421	-0.424081	
768	-13.427996	-0.384651	
769	-13.504114	-0.323162	
770	-13.576237	-0.241898	
771	-13.640141	-0.144069	
772	-13.692678	-0.032895	
773	-13.731690	0.088877	
774	-13.756389	0.218095	
775	-13.768871	0.349440	
776	-13.775351	0.475113	
777	-13.784631	0.586947	
778	-13.804362	0.678877	
779	-13.838877	0.747688	
780	-13.890582	0.792003	
781	-13.962122	0.811153	
782	-14.055856	0.805100	
783	-14.171023	0.774955	
784	-14.301449	0.723089	
785	-14.436105	0.651962	
786	-14.562268	0.563127	
787	-14.669050	0.459273	
788	-14.749412	0.347156	
789	-14.799971	0.237392	
790	-14.819196	0.141955	
791	-14.805479	0.070105	
792	-14.755838	0.022559	
793	-14.666531	-0.011147	
794	-14.537028	-0.048765	
795	-14.373608	-0.107840	
796	-14.187533	-0.195727	
797	-13.991495	-0.300775	
798	-13.798946	-0.395422	
799	-13.622837	-0.451177	
800	-13.472267	-0.451049	
801	-13.350374	-0.391679	
802	-13.254866	-0.279509	
803	-13.179904	-0.126333	
804	-13.117745	0.053911	
805	-13.060544	0.247172	
806	-13.001618	0.440322	
807	-12.935175	0.621627	
808	-12.857541	0.781257	
809	-12.769430	0.911811	
810	-12.674592	1.008697	
811	-12.576261	1.070135	
812	-12.475727	1.096497	
813	-12.373005	1.089459	
814	-12.267834	1.051628	
815	-12.159979	0.986818	
816	-12.048732	0.900350	
817	-11.932733	0.799619	
818	-11.810940	0.695692	
819	-11.683869	0.604706	
820	-11.553714	0.547048	
821	-11.423346	0.542536	
822	-11.294600	0.601845	
823	-11.166135	0.719537	
824	-11.033256	0.875605	
825	-10.891108	1.044583	
826	-10.738289	1.204314	
827	-10.577587	1.340010	
828	-10.413212	1.444338	
829	-10.247599	1.514852	
830	-10.081504	1.551035	
831	-9.915936	1.553555	
832	-9.753687	1.525842	
833	-9.599573	1.475501	
834	-9.457751	1.413523	
835	-9.328515	1.351607	
836	-9.208917	1.298993	
837	-9.095994	1.260610	
838	-8.988496	1.237588	
839	-8.886698	1.228860	
840	-8.791786	1.232700	
841	-8.704111	1.246866	
842	-8.621130	1.265885	
843	-8.538171	1.278925	
844	-8.451760	1.273631	
845	-8.361992	1.243025	
846	-8.271650	1.187745	
847	-8.183306	1.112563	
848	-8.097644	1.021883	
849	-8.013854	0.917656	
850	-7.930354	0.800857	
851	-7.845644	0.674860	
852	-7.760397	0.545659	
853	-7.678769	0.418394	
854	-7.605693	0.296292	
855	-7.542421	0.183384	
856	-7.485230	0.085764	
857	-7.427914	0.008795	
858	-7.364699	-0.046623	
859	-7.291141	-0.083855	
860	-7.203937	-0.107132	
861	-7.101028	-0.120285	
862	-6.981729	-0.127969	
863	-6.846278	-0.135181	
864	-6.694786	-0.143856	
865	-6.526712	-0.149759	
866	-6.341758	-0.144868	
867	-6.141136	-0.125299	
868	-5.927755	-0.095914	
869	-5.704864	-0.065968	
870	-5.474372	-0.041189	
871	-5.236670	-0.020698	
872	-4.991983	-0.002686	
873	-4.741786	0.006957	
874	-4.488759	-0.006555	
875	-4.235281	-0.057818	
876	-3.981722	-0.149048	
877	-3.726032	-0.269316	
878	-3.465711	-0.406986	
879	-3.199870	-0.556159	
880	-2.928277	-0.710186	
881	-2.648545	-0.853998	
882	-2.354415	-0.960958	
883	-2.037577	-0.998836	
884	-1.692327	-0.945722	
885	-1.317710	-0.798921	
886	-0.915516	-0.570424	
887	-0.488992	-0.281495	
888	-0.043555	0.040500	
889	0.413122	0.364437	
890	0.872292	0.658244	
891	1.326384	0.896003	
892	1.771297	1.063256	
893	2.206865	1.156497	
894	2.635244	1.181496	
895	3.059352	1.150669	
896	3.483320	1.079324	
897	3.913202	0.983366	
898	4.355650	0.877849	
899	4.816307	0.774026	
900	5.299526	0.677240	
901	5.808003	0.588277	
902	6.342363	0.505362	
903	6.902090	0.425011	
904	7.486937	0.342496	
905	8.097841	0.251123	
906	8.737254	0.141154	
907	9.408472	0.001858	
908	10.114528	-0.172795	
909	10.857284	-0.379007	
910	11.636841	-0.602916	
911	12.451910	-0.825827	
912	13.300661	-1.030831	
913	14.181085	-1.205392	
914	15.091481	-1.339405	
915	16.031058	-1.422798	
916	16.999947	-1.446273	
917	17.998805	-1.405078	
918	19.027932	-1.302099	
919	20.086345	-1.147553	
920	21.171865	-0.955636	
921	22.281786	-0.740061	
922	23.413301	-0.511572	
923	24.563225	-0.279200	
924	25.726934	-0.052599	
925	26.897548	0.158719	
926	28.066302	0.348141	
927	29.224025	0.512553	
928	30.362378	0.651447	
929	31.473476	0.766513	
930	32.549095	0.861427	
931	33.581481	0.942133	
932	34.564873	1.016125	
933	35.496456	1.089879	
934	36.376921	1.167736	
935	37.210351	1.252751	
936	38.003732	1.346561	
937	38.765851	1.448166	
938	39.504659	1.554106	
939	40.225154	1.660549	
940	40.929474	1.764118	
941	41.617337	1.859902	
942	42.286040	1.940672	
943	42.931526	1.998832	
944	43.550057	2.027121	
945	44.138538	2.017951	
946	44.693606	1.964181	
947	45.211283	1.860446	
948	45.688068	1.704832	
949	46.122277	1.501521	
950	46.514193	1.261811	
951	46.866737	1.002240	
952	47.187302	0.741991	
953	47.487064	0.499500	
954	47.777714	0.287932	
955	48.069157	0.113128	
956	48.367515	-0.025201	
957	48.672021	-0.131957	
958	48.972705	-0.215239	
959	49.250856	-0.284045	
960	49.481167	-0.345329	
961	49.635065	-0.402045	
962	49.687493	-0.453038	
963	49.624103	-0.493460	
964	49.442565	-0.515337	
965	49.148280	-0.510144	
966	48.750287	-0.473951	
967	48.261499	-0.412392	
968	47.701288	-0.341972	
969	47.095070	-0.286245	
970	46.468349	-0.268594	
971	45.839633	-0.306703	
972	45.218428	-0.411021	
973	44.607450	-0.584418	
974	44.004389	-0.822875	
975	43.402734	-1.117624	
976	42.794275	-1.455701	
977	42.173036	-1.820127	
978	41.536881	-2.192645	
979	40.886115	-2.557270	
980	40.222028	-2.901745	
981	39.545490	-3.216148	
982	38.855204	-3.491933	
983	38.147707	-3.723650	
984	37.418815	-3.908934	
985	36.664800	-4.046145	
986	35.882946	-4.135391	
987	35.071116	-4.182513	
988	34.227979	-4.200680	
989	33.354403	-4.208224	
990	32.453184	-4.224903	
991	31.527501	-4.267928	
992	30.580312	-4.347724	
993	29.613845	-4.465119	
994	28.628643	-4.613096	
995	27.623570	-4.782567	
996	26.597116	-4.967116	
997	25.548561	-5.163723	
998	24.477422	-5.371517	
999	23.382276	-5.590172	
1000	22.261896	-5.816865	
1001	21.118213	-6.042611	
1002	19.956783	-6.252434	
1003	18.784234	-6.430371	
1004	17.606792	-6.563329	
1005	16.430347	-6.641496	
1006	15.259654	-6.660243	
1007	14.097548	-6.622965	
1008	12.945464	-6.539634	
1009	11.803991	-6.422526	
1010	10.672912	-6.283221	
1011	9.551640	-6.130743	
1012	8.439574	-5.970587	
1013	7.335504	-5.806253	
1014	6.237092	-5.641992	
1015	5.141350	-5.483811	
1016	4.045689	-5.338706	
1017	2.948875	-5.213026	
1018	1.851157	-5.110248	
1019	0.753514	-5.029832	
1020	-0.342961	-4.968187	
1021	-1.436752	-4.920555	
1022	-2.525621	-4.882848	
1023	-3.607181	-4.852201	
1024	-4.679116	-4.825589	
1025	-5.738265	-4.798895	
1026	-6.779895	-4.767086	
1027	-7.798202	-4.723639	
1028	-8.787650	-4.661112	
1029	-9.743905	-4.574950	
1030	-10.664452	-4.466715	
1031	-11.549391	-4.342746	
1032	-12.400602	-4.211030	
1033	-13.218774	-4.080089	
1034	-14.001102	-3.958181	
1035	-14.740884	-3.850942	
1036	-15.428296	-3.759957	
1037	-16.052023	-3.684065	
1038	-16.601114	-3.620850	
1039	-17.066442	-3.565029	
1040	-17.441396	-3.505673	
1041	-17.721653	-3.428853	
1042	-17.905203	-3.324438	
1043	-17.992755	-3.188662	
1044	-17.987152	-3.023222	
1045	-17.892513	-2.835503	
1046	-17.714443	-2.638508	
1047	-17.460947	-2.448692	
1048	-17.143158	-2.283589	
1049	-16.774854	-2.163474	
1050	-16.370568	-2.113988	
1051	-15.943746	-2.159755	
1052	-15.506609	-2.312727	
1053	-15.071464	-2.569915	
1054	-14.651693	-2.920270	
1055	-14.261720	-3.349944	
1056	-13.916091	-3.843916	
1057	-13.628075	-4.386533	
1058	-13.408577	-4.960558	
1059	-13.265252	-5.544970	
1060	-13.201208	-6.112308	
1061	-13.213640	-6.626848	
1062	-13.293124	-7.046787	
1063	-13.424046	-7.330542	
1064	-13.586360	-7.443522	
1065	-13.758691	-7.363747	
1066	-13.921765	-7.085878	
1067	-14.060823	-6.621873	
1068	-14.166290	-5.997551	
1069	-14.232815	-5.247332	
1070	-14.258131	-4.409158	
1071	-14.242496	-3.519437	
1072	-14.188106	-2.609677	
1073	-14.098398	-1.707825	
1074	-13.977278	-0.842403	
1075	-13.828731	-0.044369	
1076	-13.657433	0.654734	
1077	-13.469880	1.226548	
1078	-13.274701	1.649983	
1079	-13.081352	1.914036	
1080	-12.898208	2.018550	
1081	-12.731525	1.974090	
1082	-12.585307	1.800706	
1083	-12.461650	1.524557	
1084	-12.361356	1.174098	
1085	-12.284730	0.777680	
1086	-12.232227	0.361914	
1087	-12.204112	-0.049416	
1088	-12.199337	-0.434602	
1089	-12.215309	-0.772714	
1090	-12.248689	-1.045393	
1091	-12.295462	-1.240987	
1092	-12.350535	-1.355555	
1093	-12.408514	-1.390040	
1094	-12.465639	-1.348463	
1095	-12.520957	-1.238836	
1096	-12.575272	-1.074755	
1097	-12.629299	-0.874611	
1098	-12.683102	-0.657586	
1099	-12.736655	-0.440636	
1100	-12.790333	-0.239402	
1101	-12.844503	-0.069364	
1102	-12.898525	0.056096	
1103	-12.950624	0.128045	
1104	-12.998830	0.142654	
1105	-13.041909	0.100850	
1106	-13.079089	0.005856	
1107	-13.108729	-0.139880	
1108	-13.128051	-0.334948	
1109	-13.134134	-0.577505	
1110	-13.124819	-0.861908	
1111	-13.100318	-1.172029	
1112	-13.065062	-1.476692	
1113	-13.027652	-1.733608	
1114	-12.999140	-1.902086	
1115	-12.989928	-1.959682	
1116	-13.003811	-1.911489	
1117	-13.033342	-1.783315	
1118	-13.065290	-1.607500	
1119	-13.089934	-1.414362	
1120	-13.100497	-1.228083	
1121	-13.090034	-1.062901	
1122	-13.054253	-0.922209	
1123	-12.991847	-0.801656	
1124	-12.902461	-0.693201	
1125	-12.787832	-0.587776	
1126	-12.651728	-0.476827	
1127	-12.497912	-0.354134	
1128	-12.330295	-0.217310	
1129	-12.154044	-0.067548	
1130	-11.975403	0.091167	
1131	-11.800647	0.252593	
1132	-11.634167	0.409946	
1133	-11.476245	0.558222	
1134	-11.323212	0.695116	
1135	-11.170864	0.820329	
1136	-11.017921	0.934799	
1137	-10.866644	1.040666	
1138	-10.720901	1.140582	
1139	-10.583765	1.235489	
1140	-10.456663	1.322107	
1141	-10.339640	1.391808	
1142	-10.231170	1.432089	
1143	-10.128274	1.430443	
1144	-10.028103	1.378681	
1145	-9.929454	1.275671	
1146	-9.832819	1.128485	
1147	-9.740436	0.953097	
1148	-9.657386	0.773508	
1149	-9.591170	0.616575	
1150	-9.547256	0.501975	
1151	-9.523963	0.434155	
1152	-9.512803	0.405970	
1153	-9.502885	0.409521	
1154	-9.483643	0.441760	
1155	-9.446735	0.504702	
1156	-9.389041	0.604436	
1157	-9.312565	0.748092	
1158	-9.220237	0.939123	
1159	-9.113630	1.172743	
1160	-8.995006	1.433467	
1161	-8.869793	1.694846	
1162	-8.745124	1.923472	
1163	-8.624742	2.093027	
1164	-8.507133	2.197343	
1165	-8.389695	2.246157	
1166	-8.272404	2.254360	
1167	-8.158145	2.236103	
1168	-8.051465	2.200459	
1169	-7.955437	2.151634	
1170	-7.869385	2.093400	
1171	-7.788939	2.033426	
1172	-7.706406	1.984516	
1173	-7.612651	1.957590	
1174	-7.500536	1.952675	
1175	-7.367388	1.957510	
1176	-7.215379	1.952575	
1177	-7.049598	1.920217	
1178	-6.875269	1.854305	
1179	-6.695929	1.762526	
1180	-6.512876	1.659751	
1181	-6.325904	1.559801	
1182	-6.134576	1.471866	
1183	-5.938664	1.401531	
1184	-5.738347	1.352578	
1185	-5.534723	1.326776	
1186	-5.328851	1.323326	
1187	-5.120268	1.339912	
1188	-4.907458	1.374142	
1189	-4.688991	1.424429	
1190	-4.463798	1.490092	
1191	-4.231366	1.569979	
1192	-3.991916	1.660429	
1193	-3.745738	1.754889	
1194	-3.492854	1.845672	
1195	-3.234239	1.926769	
1196	-2.972320	1.995968	
1197	-2.708957	2.054128	
1198	-2.443564	2.102485	
1199	-2.173389	2.140616	
1200	-1.894752	2.165983	
1201	-1.604636	2.175832	
1202	-1.301696	2.169589	
1203	-0.985453	2.148258	
1204	-0.654565	2.112782	
1205	-0.305606	2.064556	
1206	0.066607	2.006375	
1207	0.467312	1.942563	
1208	0.900098	1.878816	
1209	1.366199	1.820828	
1210	1.864777	1.772043	
1211	2.392738	1.732569	
1212	2.944081	1.699569	
1213	3.510685	1.668524	
1214	4.084212	1.634487	
1215	4.657148	1.592404	
1216	5.223375	1.537369	
1217	5.780883	1.465718	
1218	6.335309	1.375928	
1219	6.899517	1.268777	
1220	7.488855	1.146657	
1221	8.116134	1.011607	
1222	8.789005	0.863634	
1223	9.510326	0.700642	
1224	10.280230	0.518518	
1225	11.097784	0.311353	
1226	11.961144	0.073947	
1227	12.866760	-0.195002	
1228	13.809491	-0.492838	
1229	14.784360	-0.815066	
1230	15.787370	-1.156787	
1231	16.813527	-1.513114	
1232	17.855363	-1.878722	
1233	18.904588	-2.247420	
1234	19.954647	-2.612290	
1235	21.003517	-2.965550	
1236	22.057724	-3.297879	
1237	23.136029	-3.597774	
1238	24.266115	-3.854316	
1239	25.470082	-4.064505	
1240	26.749723	-4.233977	
1241	28.082957	-4.365893	
1242	29.432297	-4.456090	
1243	30.760356	-4.502046	
1244	32.039485	-4.509523	
1245	33.252334	-4.489794	
1246	34.393114	-4.452998	
1247	35.468233	-4.404012	
1248	36.490826	-4.344249	
1249	37.472949	-4.276318	
1250	38.418406	-4.205425	
1251	39.316985	-4.136478	
1252	40.144802	-4.072026	
1253	40.877046	-4.015423	
1254	41.506647	-3.976766	
1255	42.047467	-3.972406	
1256	42.523022	-4.014668	
1257	42.957773	-4.104471	
1258	43.369787	-4.235159	
1259	43.770415	-4.397031	
1260	44.178371	-4.575811	
1261	44.626702	-4.753307	
1262	45.143116	-4.915172	
1263	45.723275	-5.057396	
1264	46.333256	-5.183733	
1265	46.935184	-5.299608	
1266	47.499692	-5.410375	
1267	48.001976	-5.522329	
1268	48.421438	-5.642107	
1269	48.747917	-5.774474	
1270	48.983662	-5.921414	
1271	49.136501	-6.083399	
1272	49.211725	-6.260370	
1273	49.208308	-6.451159	
1274	49.118617	-6.652916	
1275	48.933360	-6.860637	
1276	48.654721	-7.064191	
1277	48.309981	-7.244895	
1278	47.947250	-7.379202	
1279	47.614295	-7.447637	
1280	47.344535	-7.438831	
1281	47.152522	-7.349393	
1282	47.028479	-7.184918	
1283	46.941850	-6.958742	
1284	46.854855	-6.687469	
1285	46.730367	-6.387437	
1286	46.531429	-6.073015	
1287	46.220171	-5.755787	
1288	45.758889	-5.443004	
1289	45.110999	-5.134566	
1290	44.242992	-4.820537	
1291	43.129922	-4.479638	
1292	41.761823	-4.078937	
1293	40.148849	-3.577543	
1294	38.325616	-2.934774	
1295	36.357975	-2.117283	
1296	34.360988	-1.094341	
1297	32.539568	0.205378	
1298	31.353942	2.092115	
1299	32.606781	6.404932	
1300	38.913609	13.199656	
1301	80.418655	23.179317	
1302	135.749741	32.764228	
1303	151.980996	34.963617	
1304	157.773079	35.726690	
1305	160.629519	36.671596	
1306	162.342251	38.591266	
1307	163.343966	42.247262	
1308	163.949547	46.633039	
1309	164.600917	48.581904	
1310	165.601111	45.669418	
1311	167.138851	37.024266	
1312	169.486024	22.436887	
1313	173.174628	2.619933	
1314	179.074839	-19.339571	
1315	-172.198537	-37.582467	
1316	-162.005951	-47.238742	
1317	-153.686893	-48.478588	
1318	-152.181905	-44.397709	
1319	43.902158	-37.472036	
1320	39.508498	-29.199143	
1321	36.283753	-19.788966	
1322	30.115824	-14.048763	
1323	18.540206	-10.297640	
1324	12.315904	-7.473266	
1325	8.496844	-6.101301	
1326	6.166674	-5.493691	
1327	4.781184	-5.285056	
1328	3.953400	-5.280782	
1329	3.415646	-5.368030	
1330	2.983053	-5.479057	
1331	2.530642	-5.577702	
1332	1.980677	-5.651808	
1333	1.296227	-5.704237	
1334	0.474896	-5.742611	
1335	-0.463710	-5.774452	
1336	-1.492495	-5.807890	
1337	-2.585440	-5.851038	
1338	-3.720512	-5.908883	
1339	-4.880079	-5.980545	
1340	-6.049603	-6.058359	
1341	-7.215507	-6.129562	
1342	-8.364638	-6.180163	
1343	-9.485517	-6.199361	
1344	-10.568604	-6.183100	
1345	-11.605475	-6.136191	
1346	-12.588463	-6.071131	
1347	-13.510537	-6.001992	
1348	-14.365621	-5.937032	
1349	-15.148437	-5.874663	
1350	-15.852477	-5.802707	
1351	-16.469084	-5.701399	
1352	-16.988846	-5.550427	
1353	-17.402725	-5.336602	
1354	-17.704320	-5.059823	
1355	-17.892962	-4.735448	
1356	-17.972928	-4.389627	
1357	-17.949815	-4.050293	
1358	-17.829403	-3.741653	
1359	-17.619429	-3.484016	
1360	-17.330746	-3.294530	
1361	-16.976500	-3.186219	
1362	-16.571346	-3.165794	
1363	-16.132270	-3.232463	
1364	-15.678837	-3.379743	
1365	-15.230403	-3.598037	
1366	-14.803428	-3.876056	
1367	-14.412580	-4.201968	
1368	-14.072875	-4.563111	
1369	-13.798409	-4.944812	
1370	-13.598099	-5.330358	
1371	-13.473018	-5.700249	
1372	-13.418421	-6.030879	
1373	-13.426380	-6.295673	
1374	-13.483498	-6.467922	
1375	-13.568483	-6.524163	
1376	-13.656658	-6.448844	
1377	-13.726764	-6.238333	
1378	-13.763414	-5.901207	
1379	-13.756803	-5.455072	
1380	-13.702388	-4.922289	
1381	-13.600195	-4.326700	
1382	-13.453763	-3.692072	
1383	-13.269711	-3.041877	
1384	-13.058094	-2.399811	
1385	-12.831771	-1.789852	
1386	-12.602888	-1.234643	
1387	-12.379899	-0.752882	
1388	-12.168788	-0.356755	
1389	-11.973764	-0.049132	
1390	-11.795630	0.179030	
1391	-11.635170	0.348274	
1392	-11.502739	0.482521	
1393	-11.418429	0.597832	
1394	-11.391999	0.701798	
1395	-11.408373	0.800099	
1396	-11.440993	0.896764	
1397	-11.470223	0.991173	
1398	-11.487328	1.078112	
1399	-11.491275	1.149872	
1400	-11.485133	1.199408	
1401	-11.473831	1.222536	
1402	-11.463166	1.217391	
1403	-11.458600	1.182963	
1404	-11.463744	1.118891	
1405	-11.479796	1.026644	
1406	-11.506769	0.910548	
1407	-11.545322	0.776658	
1408	-11.597240	0.629866	
1409	-11.664260	0.472344	
1410	-11.746579	0.304529	
1411	-11.842160	0.127668	
1412	-11.946682	-0.053269	
1413	-12.053943	-0.228993	
1414	-12.156814	-0.388702	
1415	-12.247390	-0.522992	
1416	-12.316882	-0.625975	
1417	-12.360181	-0.699622	
1418	-12.383175	-0.757188	
1419	-12.401222	-0.818439	
1420	-12.428117	-0.899461	
1421	-12.468716	-1.006131	
1422	-12.520350	-1.133769	
1423	-12.577230	-1.271320	
1424	-12.633757	-1.407370	
1425	-12.686103	-1.533779	
1426	-12.732084	-1.645841	
1427	-12.770200	-1.741285	
1428	-12.798883	-1.819660	
1429	-12.816270	-1.882139	
1430	-12.820324	-1.931247	
1431	-12.808673	-1.969789	
1432	-12.778421	-1.998868	
1433	-12.727202	-2.016568	
1434	-12.654705	-2.018549	
1435	-12.562383	-1.999342	
1436	-12.451420	-1.953372	
1437	-12.320725	-1.875965	
1438	-12.166347	-1.763502	
1439	-11.982756	-1.612419	
1440	-11.765357	-1.419833	
1441	-11.512864	-1.188712	
1442	-11.229527	-0.935593	
1443	-10.928105	-0.695103	
1444	-10.630400	-0.518696	
1445	-10.360685	-0.470929	
1446	-10.133714	-0.628508	
1447	-9.944594	-1.084334	
1448	-9.767418	-1.955503	
1449	-9.566889	-3.391356	
1450	-9.331025	-5.563444	
1451	-9.134478	-8.574697	
1452	-9.183855	-12.251801	
1453	-9.689819	-16.061060	
1454	-10.620481	-19.373234	
1455	-11.757307	-21.758074	
1456	-13.110124	-23.220283	
1457	-14.938163	-24.449438	
1458	-17.095493	-26.597704	
1459	-19.017502	-30.471317	
1460	-20.371318	-36.250282	
1461	-21.321618	-43.869634	
1462	-22.774166	-53.393538	
1463	-27.793085	-65.733747	
1464	-47.830629	-90.314022	
1465	163.987419	-97.631286	
1466	84.333816	-115.348509	
1467	66.909965	-116.416192	
1468	NaN	NaN	
1469	NaN	NaN	
1470	NaN	NaN	
1471	NaN	NaN	
1472	NaN	NaN	
1473	NaN	NaN	
1474	NaN	NaN	
1475	NaN	NaN	
1476	NaN	NaN	
1477	NaN	NaN	
1478	NaN	NaN	
1479	NaN	NaN	
1480	NaN	NaN	
1481	NaN	NaN	
1482	NaN	NaN	
1483	NaN	NaN	
1484	NaN	NaN	
1485	NaN	NaN	
1486	NaN	NaN	
1487	NaN	NaN	
1488	NaN	NaN	
1489	NaN	NaN	
1490	NaN	NaN	
1491	NaN	NaN	
1492	NaN	NaN	
1493	NaN	NaN	
1494	NaN	NaN	
1495	NaN	NaN	
1496	NaN	NaN	
1497	NaN	NaN	
1498	NaN	NaN	
1499	NaN	NaN	
1500	NaN	NaN	
1501	NaN	NaN	
1502	NaN	NaN	
1503	NaN	NaN	
1504	NaN	NaN	
1505	NaN	NaN	
1506	NaN	NaN	
1507	NaN	NaN	
1508	NaN	NaN	
1509	NaN	NaN	
1510	NaN	NaN	
1511	NaN	NaN	
1512	NaN	NaN	
1513	NaN	NaN	
1514	NaN	NaN	
1515	NaN	NaN	
1516	NaN	NaN	
1517	NaN	NaN	
1518	NaN	NaN	
1519	NaN	NaN	
1520	NaN	NaN	
1521	NaN	NaN	
1522	NaN	NaN	
1523	NaN	NaN	
1524	NaN	NaN	
1525	NaN	NaN	
1526	NaN	NaN	
1527	NaN	NaN	
1528	NaN	NaN	
1529	NaN	NaN	
1530	NaN	NaN	
1531	NaN	NaN	
1532	NaN	NaN	
1533	NaN	NaN	
1534	NaN	NaN	
1535	NaN	NaN	
1536	NaN	NaN	
1537	NaN	NaN	
1538	NaN	NaN	
1539	NaN	NaN	
1540	NaN	NaN	
1541	NaN	NaN	
1542	NaN	NaN	
1543	NaN	NaN	
1544	NaN	NaN	
1545	NaN	NaN	
1546	NaN	NaN	
1547	NaN	NaN	
1548	NaN	NaN	
1549	NaN	NaN	
1550	NaN	NaN	
1551	NaN	NaN	
1552	NaN	NaN	
1553	NaN	NaN	
1554	NaN	NaN	
1555	NaN	NaN	
1556	NaN	NaN	
1557	NaN	NaN	
1558	NaN	NaN	
1559	NaN	NaN	
1560	NaN	NaN	
1561	NaN	NaN	
1562	NaN	NaN	
1563	NaN	NaN	
1564	NaN	NaN	
1565	NaN	NaN	
1566	NaN	NaN	
1567	NaN	NaN	
1568	NaN	NaN	
1569	NaN	NaN	
1570	NaN	NaN	
1571	NaN	NaN	
1572	NaN	NaN	
1573	NaN	NaN	
1574	NaN	NaN	
1575	NaN	NaN	
1576	NaN	NaN	
1577	NaN	NaN	
1578	NaN	NaN	
1579	NaN	NaN	
1580	NaN	NaN	
1581	NaN	NaN	
1582	NaN	NaN	
1583	NaN	NaN	
1584	NaN	NaN	
1585	NaN	NaN	
1586	NaN	NaN	
1587	NaN	NaN	
1588	NaN	NaN	
1589	NaN	NaN	
1590	NaN	NaN	
1591	NaN	NaN	
1592	NaN	NaN	
1593	NaN	NaN	
1594	NaN	NaN	
1595	NaN	NaN	
1596	NaN	NaN	
1597	NaN	NaN	
1598	NaN	NaN	
1599	NaN	NaN	
1600	NaN	NaN	
1601	NaN	NaN	
1602	NaN	NaN	
1603	NaN	NaN	
1604	NaN	NaN	
1605	NaN	NaN	
1606	NaN	NaN	
1607	NaN	NaN	
1608	NaN	NaN	
1609	NaN	NaN	
1610	NaN	NaN	
1611	NaN	NaN	
1612	NaN	NaN	
1613	NaN	NaN	
1614	NaN	NaN	
1615	NaN	NaN	
1616	NaN	NaN	
1617	NaN	NaN	
1618	NaN	NaN	
1619	NaN	NaN	
1620	NaN	NaN	
1621	NaN	NaN	
1622	NaN	NaN	
1623	NaN	NaN	
1624	NaN	NaN	
1625	NaN	NaN	
1626	NaN	NaN	
1627	NaN	NaN	
1628	NaN	NaN	
1629	NaN	NaN	
1630	NaN	NaN	
1631	NaN	NaN	
1632	NaN	NaN	
1633	NaN	NaN	
1634	NaN	NaN	
1635	NaN	NaN	
1636	NaN	NaN	
1637	NaN	NaN	
1638	NaN	NaN	
1639	NaN	NaN	
1640	NaN	NaN	
1641	NaN	NaN	
1642	NaN	NaN	
1643	NaN	NaN	
1644	NaN	NaN	
1645	NaN	NaN	
1646	NaN	NaN	
1647	NaN	NaN	
1648	NaN	NaN	
1649	NaN	NaN	
1650	NaN	NaN	
1651	NaN	NaN	
1652	NaN	NaN	
1653	NaN	NaN	
1654	NaN	NaN	
1655	NaN	NaN	
1656	NaN	NaN	
1657	NaN	NaN	
1658	NaN	NaN	
1659	NaN	NaN	
1660	NaN	NaN	
1661	NaN	NaN	
1662	NaN	NaN	
1663	NaN	NaN	
1664	NaN	NaN	
1665	NaN	NaN	
1666	NaN	NaN	
1667	NaN	NaN	
1668	NaN	NaN	
1669	NaN	NaN	
1670	NaN	NaN	
1671	NaN	NaN	
1672	NaN	NaN	
1673	NaN	NaN	
1674	NaN	NaN	
1675	NaN	NaN	
1676	NaN	NaN	
1677	NaN	NaN	
1678	NaN	NaN	
1679	NaN	NaN	
1680	NaN	NaN	
1681	NaN	NaN	
1682	NaN	NaN	
1683	NaN	NaN	
1684	NaN	NaN	
1685	NaN	NaN	
1686	NaN	NaN	
1687	NaN	NaN	
1688	NaN	NaN	
1689	NaN	NaN	
1690	NaN	NaN	
1691	NaN	NaN	
1692	NaN	NaN	
1693	NaN	NaN	
1694	NaN	NaN	
1695	NaN	NaN	
1696	NaN	NaN	
1697	NaN	NaN	
1698	NaN	NaN	
1699	NaN	NaN	
1700	NaN	NaN	
1701	NaN	NaN	
1702	NaN	NaN	
1703	NaN	NaN	
1704	NaN	NaN	
1705	NaN	NaN	
1706	NaN	NaN	
1707	NaN	NaN	
1708	NaN	NaN	
1709	NaN	NaN	
1710	NaN	NaN	
1711	NaN	NaN	
1712	NaN	NaN	
1713	NaN	NaN	
1714	NaN	NaN	
1715	NaN	NaN	
1716	NaN	NaN	
1717	NaN	NaN	
1718	NaN	NaN	
1719	NaN	NaN	
1720	NaN	NaN	
1721	NaN	NaN	
1722	NaN	NaN	
1723	NaN	NaN	
1724	NaN	NaN	
1725	NaN	NaN	
1726	NaN	NaN	
1727	NaN	NaN	
1728	NaN	NaN	
1729	NaN	NaN	
1730	NaN	NaN	
1731	NaN	NaN	
1732	NaN	NaN	
1733	NaN	NaN	
1734	NaN	NaN	
1735	NaN	NaN	
1736	NaN	NaN	
1737	NaN	NaN	
1738	NaN	NaN	
1739	NaN	NaN	
1740	NaN	NaN	
1741	NaN	NaN	
1742	NaN	NaN	
1743	NaN	NaN	
1744	NaN	NaN	
1745	NaN	NaN	
1746	NaN	NaN	
1747	NaN	NaN	
1748	NaN	NaN	
1749	NaN	NaN	
1750	NaN	NaN	
1751	NaN	NaN	
1752	NaN	NaN	
1753	NaN	NaN	
1754	NaN	NaN	
1755	NaN	NaN	
1756	NaN	NaN	
1757	NaN	NaN	
1758	NaN	NaN	
1759	NaN	NaN	
1760	NaN	NaN	
1761	NaN	NaN	
1762	NaN	NaN	
1763	NaN	NaN	
1764	NaN	NaN	
1765	NaN	NaN	
1766	NaN	NaN	
1767	NaN	NaN	
1768	NaN	NaN	
1769	NaN	NaN	
1770	NaN	NaN	
1771	NaN	NaN	
1772	NaN	NaN	
1773	NaN	NaN	
1774	NaN	NaN	
1775	NaN	NaN	
1776	NaN	NaN	
1777	NaN	NaN	
1778	NaN	NaN	
1779	NaN	NaN	
1780	NaN	NaN	
1781	NaN	NaN	
