Athlete_Engineering	// User ID
11-2-2021	// Evaluation date
P006_WALK5	25-1-2021	13:29:32:752	// Source file name and timestamp
250.000	// Sampling rate
5.955	// Data capture period



Sample #	Right_Leg_Flexion	Right_Leg_Abduction	
0	-71.758241	11.856559	
1	-72.317729	7.939021	
2	-72.122807	7.646577	
3	-71.594901	12.990079	
4	-71.900975	11.107152	
5	-71.867559	11.581236	
6	-71.908322	10.902805	
7	-73.278466	-1.303352	
8	-73.312447	-0.990547	
9	-73.269364	-0.201285	
10	-72.102855	10.537445	
11	-71.926393	15.171000	
12	-71.741604	15.721649	
13	-71.847135	9.622002	
14	-72.278715	6.655027	
15	-71.710333	16.910677	
16	-73.199169	-0.814386	
17	-73.225134	-0.675554	
18	-72.096874	14.699646	
19	-72.166562	13.139645	
20	-72.273660	8.249938	
21	-72.235887	7.157102	
22	-72.147774	4.867386	
23	-71.451084	2.057372	
24	-72.454163	-8.412248	
25	-72.346975	-8.475590	
26	-71.247868	3.160287	
27	-71.506107	4.359520	
28	-71.570650	2.273811	
29	-71.317989	4.135188	
30	-72.466222	-8.410260	
31	-72.428920	-8.505881	
32	-71.579651	6.077047	
33	-71.628377	3.742371	
34	-71.622163	3.108233	
35	-71.568229	3.171026	
36	-71.583653	2.645329	
37	-71.702011	0.906599	
38	-71.358911	1.071599	
39	-71.679386	2.700585	
40	-71.814273	1.589647	
41	-71.664313	1.907460	
42	-71.600838	2.477030	
43	-71.660134	0.935777	
44	-71.595748	-0.201953	
45	-71.629010	3.074777	
46	-71.670340	3.180978	
47	-68.575575	21.958109	
48	-68.656135	21.161884	
49	-71.781479	2.846066	
50	-71.718040	2.379119	
51	-71.735695	2.097561	
52	-71.839057	1.285574	
53	-71.710300	1.726889	
54	-71.404492	3.380195	
55	-71.945250	4.900984	
56	-71.869710	4.774386	
57	-71.964072	2.779313	
58	-71.964166	3.783956	
59	-72.305181	4.452060	
60	-72.206319	2.757710	
61	-72.131879	4.196704	
62	-72.198111	3.199922	
63	-72.164102	2.140660	
64	-72.144380	3.985780	
65	-72.471409	3.587244	
66	-72.346425	2.646712	
67	-72.254569	4.434050	
68	-72.056462	2.896775	
69	-72.066222	3.428274	
70	-72.109333	5.477152	
71	-72.182193	3.227712	
72	-72.147924	2.015787	
73	-72.146087	3.756737	
74	-71.771368	3.157762	
75	-71.912229	3.022868	
76	-71.886910	3.332578	
77	-71.763865	3.956623	
78	-71.803670	3.614294	
79	-71.679147	3.980074	
80	-71.826508	3.544834	
81	-71.828716	3.581917	
82	-71.789400	4.447800	
83	-71.876857	3.295290	
84	-71.774093	5.395623	
85	-71.828767	6.867030	
86	-71.776700	6.031126	
87	-71.685432	3.384387	
88	-71.794520	6.501070	
89	-71.700816	6.118846	
90	-71.947969	3.699472	
91	-71.870340	3.569382	
92	-71.710578	4.845359	
93	-71.769791	4.279810	
94	-71.614835	6.126005	
95	-71.596758	4.740830	
96	-71.893532	4.612265	
97	-72.070614	1.565717	
98	-71.976934	1.021557	
99	-72.120822	1.702242	
100	-71.785955	4.603333	
101	-72.062481	-0.757472	
102	-72.115261	-0.123183	
103	-72.015079	0.416811	
104	-71.988514	-0.405091	
105	-71.936006	-0.648089	
106	-71.976247	-1.358708	
107	-71.855521	-0.975813	
108	-71.830464	-2.234849	
109	-72.053751	-2.894040	
110	-71.872278	-2.890291	
111	-71.623288	-3.417596	
112	-71.818485	-3.339555	
113	-71.785929	-3.581521	
114	-71.656852	2.549080	
115	-71.854277	2.146319	
116	-71.786519	0.002024	
117	-71.848038	0.010419	
118	-71.820304	-1.453519	
119	-72.734230	-12.265162	
120	-72.658150	-12.969494	
121	-71.787200	-2.135879	
122	-71.939241	-1.019854	
123	-71.858204	-0.924566	
124	-71.805268	-1.239878	
125	-71.802995	-1.794049	
126	-71.704463	-1.832070	
127	-71.739030	-1.949102	
128	-72.600839	-10.664317	
129	-72.537711	-7.348321	
130	-71.670343	0.279845	
131	-72.672736	-9.112479	
132	-72.530090	-8.358642	
133	-72.437655	-6.598410	
134	-71.844112	0.050887	
135	-71.699584	1.770018	
136	-71.335301	0.163749	
137	-72.082005	-8.713582	
138	-72.161371	4.356308	
139	-72.770795	-6.956884	
140	-71.874865	-3.725264	
141	-71.377167	-1.477414	
142	-71.954489	-3.348111	
143	-71.830890	-3.643430	
144	-71.930493	-4.721228	
145	-71.891044	-4.416089	
146	-71.895223	-3.960763	
147	-71.890576	-4.475199	
148	-71.991009	-2.568444	
149	-72.102801	2.703832	
150	-72.153833	-1.032547	
151	-72.316870	-0.418482	
152	-72.286157	-3.035564	
153	-72.436815	-3.938719	
154	-72.236850	-2.912339	
155	-72.224502	-0.145860	
156	-71.822828	-1.505729	
157	-71.932967	-0.442589	
158	-71.889368	-5.035079	
159	-71.946032	-8.403743	
160	-72.306919	9.461819	
161	-71.783967	1.932290	
162	-71.920424	0.625127	
163	-72.350123	3.693288	
164	-73.218592	12.195070	
165	-73.047065	11.739092	
166	-72.664669	4.580545	
167	-72.836087	11.170198	
168	-72.702271	10.722769	
169	-73.592256	3.315727	
170	-73.524170	1.397434	
171	-72.671589	9.854769	
172	-72.673813	10.791506	
173	-72.529475	10.272238	
174	-73.141718	10.140484	
175	-72.996498	9.558189	
176	-72.341503	6.069144	
177	-71.493347	3.295023	
178	-71.582543	4.897925	
179	-71.512319	1.206269	
180	-71.464972	2.503092	
181	-72.394654	-2.559380	
182	-72.376678	-1.914796	
183	-71.582748	5.063666	
184	-71.572132	3.594847	
185	-71.382531	2.550657	
186	-71.429152	2.198419	
187	-71.334472	1.270139	
188	-71.504388	1.249245	
189	-71.839244	1.741002	
190	-71.295636	-0.851418	
191	-71.922799	4.294858	
192	-71.578163	10.843003	
193	-70.281358	6.414043	
194	-70.705137	9.789050	
195	-70.379788	7.758333	
196	-70.447669	7.158909	
197	-70.163153	5.969363	
198	-70.028587	5.906908	
199	-70.035897	9.803034	
200	-70.511776	7.780140	
201	-70.227250	11.130561	
202	-69.825606	10.186379	
203	-69.193906	4.011244	
204	-69.240077	6.908987	
205	-69.681569	-1.095053	
206	-69.246716	-0.127203	
207	-69.411801	-2.049651	
208	-68.409240	8.910318	
209	-68.066748	7.405888	
210	-67.780802	6.922220	
211	-67.670854	2.186726	
212	-67.429737	4.516586	
213	-67.239578	6.577519	
214	-66.837552	9.897758	
215	-66.690122	9.113155	
216	-66.451302	5.386486	
217	-66.038516	-1.261259	
218	-66.377133	6.781870	
219	-66.192682	8.997381	
220	-65.193127	7.277336	
221	-65.517321	9.209831	
222	NaN	NaN	
223	-61.502081	24.009893	
224	-63.298980	16.037860	
225	-63.972972	3.149714	
226	-63.202550	8.695544	
227	-62.732863	13.529246	
228	-62.570654	14.980445	
229	-62.235713	5.374157	
230	-62.535708	5.471538	
231	-61.485939	14.953741	
232	-61.252687	13.206093	
233	-60.625955	11.970501	
234	-59.638901	17.000049	
235	-61.015340	4.631275	
236	-60.317452	5.990171	
237	-59.199974	11.226631	
238	-59.125849	14.860987	
239	-58.249709	15.471830	
240	-57.863105	16.006867	
241	-57.431769	14.884819	
242	-57.021861	15.177667	
243	-56.486609	13.561426	
244	-56.800039	11.194515	
245	-56.457589	10.684881	
246	-54.558406	14.859095	
247	-54.602064	14.290283	
248	-54.250220	12.672048	
249	-53.393131	11.360560	
250	-54.035001	9.591887	
251	-53.485570	8.713175	
252	-51.781242	13.678347	
253	-51.537809	11.639738	
254	-51.072256	10.919064	
255	-50.706845	10.201246	
256	-50.132173	11.212966	
257	-50.587842	7.250594	
258	-50.342213	7.531202	
259	-49.070200	10.594787	
260	-48.003826	13.099528	
261	-47.835323	12.999660	
262	-47.489620	6.881507	
263	-47.209421	8.399215	
264	-46.688112	9.032864	
265	-46.692212	5.212456	
266	-46.443856	5.324471	
267	-45.596589	8.200189	
268	-45.385581	6.684853	
269	-45.257481	5.676681	
270	-45.012026	6.152162	
271	-44.162573	6.747159	
272	-43.209977	10.390232	
273	-43.720584	6.109020	
274	-43.151768	5.984688	
275	-44.221757	-0.276603	
276	-44.214926	-0.448991	
277	-42.538999	3.737606	
278	-43.368656	-1.812603	
279	-41.989097	2.574475	
280	-40.157107	6.992859	
281	-41.105776	3.721518	
282	-38.075050	10.750089	
283	-35.102651	9.782030	
284	-35.018715	12.000945	
285	-38.490548	9.123436	
286	-36.911520	10.145020	
287	-35.193930	11.104720	
288	-38.497686	8.025569	
289	NaN	NaN	
290	NaN	NaN	
291	NaN	NaN	
292	NaN	NaN	
293	NaN	NaN	
294	NaN	NaN	
295	NaN	NaN	
296	NaN	NaN	
297	NaN	NaN	
298	NaN	NaN	
299	-135.740122	150.743547	
300	-158.446643	-173.145135	
301	-154.184411	176.684469	
302	-154.238210	-178.656887	
303	-157.841125	-179.967982	
304	-159.354114	176.333804	
305	-156.579959	177.829142	
306	-179.035106	157.024978	
307	-177.765572	157.442376	
308	-151.786488	-179.186339	
309	-152.568791	-179.913116	
310	-152.074026	-178.862328	
311	-153.152117	178.630703	
312	-161.120640	-167.753532	
313	-148.360773	161.366924	
314	-129.414566	142.363554	
315	-134.235984	149.970647	
316	28.122130	32.966557	
317	36.110129	20.800819	
318	127.421074	116.139915	
319	-169.780026	-171.011482	
320	-152.133690	158.851771	
321	-131.527801	143.695072	
322	-132.357912	144.460366	
323	-136.947708	149.476865	
324	-157.544340	165.053446	
325	-131.483279	143.470796	
326	-132.066610	146.002175	
327	-131.986840	144.760430	
328	-132.790364	144.543803	
329	-131.043475	145.134149	
330	-132.822030	143.899710	
331	-131.812602	147.076984	
332	-135.790321	149.356797	
333	-135.540282	146.138903	
334	-132.972394	143.712516	
335	-134.184254	144.447360	
336	-130.893290	145.860675	
337	-152.096947	145.905135	
338	-153.096951	149.180260	
339	-129.442531	140.896604	
340	-127.624009	138.627217	
341	-134.302989	152.250374	
342	-136.392381	145.264674	
343	-137.226577	148.016343	
344	-130.869859	141.440278	
345	-133.781387	144.642398	
346	-131.432664	145.752266	
347	-133.454031	146.733125	
348	-127.946288	141.962961	
349	-130.132274	142.854082	
350	-134.917647	146.420284	
351	-125.501519	147.985380	
352	-131.276101	149.247697	
353	-134.315762	146.551541	
354	-136.295930	148.325603	
355	-134.569893	147.145578	
356	-134.298092	146.749159	
357	-133.985013	144.355741	
358	-129.146872	163.663768	
359	-123.500184	-119.568890	
360	-137.306704	146.802059	
361	-134.999819	147.057887	
362	-135.604727	147.208173	
363	-138.203015	149.105242	
364	-135.769385	144.748157	
365	-133.666477	148.658685	
366	-138.052313	146.349889	
367	-136.350807	147.322358	
368	-136.059905	146.968724	
369	-136.325906	146.467706	
370	-132.394615	149.949163	
371	-132.809142	149.622943	
372	-133.760680	148.151077	
373	-138.192238	144.528856	
374	-138.143907	145.255540	
375	-147.570896	134.114913	
376	-152.906984	133.431783	
377	-132.945962	151.057072	
378	-137.733959	145.696675	
379	-153.271132	135.599286	
380	-151.460630	143.935059	
381	-136.874308	144.654057	
382	-134.962178	146.485362	
383	-132.303868	147.687717	
384	-134.524126	146.025146	
385	-132.458960	147.108419	
386	-135.295381	146.636291	
387	-135.445871	147.978243	
388	-134.230334	143.669073	
389	-132.632956	145.796356	
390	-127.705155	146.956698	
391	-134.766517	144.069590	
392	-133.097003	147.182300	
393	-131.007195	143.544462	
394	-132.138317	145.983468	
395	-129.249800	148.020366	
396	-130.732820	137.483213	
397	-130.382826	143.701060	
398	-131.896539	145.754658	
399	-132.584924	148.544746	
400	-127.669183	142.232625	
401	-128.463315	143.892700	
402	-127.876374	142.891414	
403	-127.222476	142.248178	
404	-126.956418	144.161504	
405	-126.577217	144.850164	
406	-125.143929	143.234408	
407	-125.783832	143.430501	
408	-124.766008	141.062020	
409	-123.443524	141.789784	
410	-123.519209	141.069076	
411	-123.355133	140.731615	
412	-122.295829	141.026889	
413	-122.698859	140.612821	
414	-122.038155	138.350690	
415	-121.274655	138.052633	
416	-120.708498	137.228179	
417	-120.564340	137.695884	
418	-119.862172	136.590002	
419	-119.530345	135.420620	
420	-119.398678	134.511864	
421	-118.765427	135.254874	
422	-119.109395	134.822498	
423	-120.637345	134.775877	
424	-140.014313	139.270146	
425	-139.458226	138.744939	
426	-118.523679	131.504448	
427	-116.870324	130.152448	
428	-116.484578	129.297859	
429	-116.886337	130.010547	
430	-116.009616	127.215120	
431	-114.497114	125.290643	
432	-115.877168	127.080214	
433	-115.693776	127.337313	
434	-114.929031	127.915654	
435	-112.100739	123.555828	
436	-110.247786	119.477251	
437	-138.434471	141.623050	
438	-138.361096	141.884673	
439	-113.910361	126.794778	
440	-112.746167	124.740351	
441	-114.034617	127.127576	
442	-111.915770	123.207631	
443	-112.194563	124.572412	
444	-111.828219	124.779354	
445	-135.247119	144.089514	
446	-135.277762	142.681811	
447	-110.612610	123.333111	
448	-110.584194	124.004194	
449	-110.361641	123.353556	
450	-133.319121	144.656735	
451	-132.973808	143.705955	
452	-110.710406	124.956475	
453	-132.397419	145.255153	
454	-132.750630	145.031025	
455	-107.598257	120.272321	
456	-108.703532	122.837584	
457	-110.037236	125.063148	
458	-105.355127	116.831511	
459	-105.662081	118.675384	
460	-105.644287	118.671440	
461	-104.244514	116.247399	
462	-105.216488	118.563697	
463	-106.528584	120.363816	
464	-124.727360	132.735631	
465	-125.122233	132.122893	
466	-114.915611	144.171213	
467	-110.770873	133.443299	
468	-101.487751	112.830106	
469	-103.645930	117.760599	
470	-103.958982	119.007169	
471	-103.704888	118.431958	
472	-101.949026	115.190383	
473	-101.078361	113.467312	
474	-125.336034	139.696360	
475	-129.299956	148.470370	
476	-102.948536	117.165505	
477	-124.754748	135.044856	
478	-123.750436	135.884350	
479	-103.271658	118.925474	
480	-102.992073	118.925944	
481	-103.530163	118.771131	
482	-103.052175	118.453713	
483	-102.992664	118.646137	
484	-103.714098	119.254870	
485	-104.042280	119.683249	
486	-127.171084	143.487408	
487	-127.153623	143.691210	
488	-104.333935	119.267416	
489	-104.682884	119.618487	
490	-104.385050	118.242340	
491	-128.447811	142.558756	
492	-128.114208	138.623805	
493	-104.896762	118.000201	
494	-106.475482	119.959191	
495	-105.678205	118.211143	
496	-103.969828	115.882576	
497	-104.428450	116.080395	
498	-106.145854	118.738098	
499	-109.080472	124.291271	
500	-108.397199	122.190618	
501	-106.301364	117.183097	
502	-107.666043	118.918597	
503	-107.704981	119.531379	
504	-106.999182	118.240924	
505	-107.736393	119.231920	
506	-107.366132	118.312110	
507	-108.450536	119.167144	
508	-108.064227	118.971977	
509	-109.447974	121.258659	
510	-110.354301	121.070701	
511	-111.400791	123.139339	
512	-109.765328	120.525849	
513	-111.879909	124.076756	
514	-113.759132	127.517647	
515	-112.103019	125.072615	
516	-112.488042	125.490984	
517	-111.442890	124.036582	
518	-110.406931	122.988470	
519	-110.847055	123.256333	
520	-113.506619	125.090461	
521	-113.403320	125.977858	
522	-111.667517	125.553638	
523	-111.029332	126.010365	
524	-112.094703	125.780036	
525	-112.492116	127.048573	
526	-110.734159	126.720921	
527	-110.962433	126.900012	
528	-111.193473	127.562635	
529	-111.376759	128.266376	
530	-111.685899	127.667562	
531	-110.776317	127.594789	
532	-111.114758	128.670395	
533	-111.119003	129.104319	
534	-110.488081	128.203918	
535	-110.211738	128.248629	
536	-110.517528	130.451018	
537	-111.294293	131.023557	
538	-112.422650	131.674035	
539	-111.484932	132.061647	
540	-112.444333	132.885212	
541	-113.725766	133.007834	
542	-113.760411	134.816112	
543	-114.066594	134.570413	
544	-114.936115	135.646882	
545	-115.230762	136.098080	
546	-115.087712	134.376999	
547	-116.534927	134.290552	
548	-117.027345	133.305501	
549	-117.067449	133.485663	
550	-117.959227	133.436931	
551	-118.410429	131.995977	
552	-118.747565	132.023310	
553	-119.834502	133.880467	
554	-119.008998	133.399794	
555	-120.203106	132.910733	
556	-120.879902	134.270838	
557	-122.389549	136.473012	
558	-122.520705	138.167940	
559	-120.951056	135.933082	
560	-122.830872	137.472114	
561	-120.792027	134.580755	
562	-123.859964	139.432964	
563	-123.364691	139.473077	
564	-121.980423	139.391172	
565	-123.646456	140.176861	
566	-122.671930	139.414163	
567	-118.669529	131.526612	
568	-119.899716	134.261504	
569	-121.098117	136.028509	
570	-124.217565	139.217712	
571	-120.632392	135.763150	
572	-120.813628	135.939736	
573	-122.392833	137.169840	
574	-120.665912	134.817600	
575	-125.359855	141.968410	
576	-120.849782	135.049937	
577	-122.507782	136.440179	
578	-123.474910	137.421256	
579	-121.615972	135.280197	
580	-121.615916	135.885912	
581	-122.531442	135.980315	
582	-122.948798	135.876176	
583	-122.504334	135.878368	
584	-124.758702	137.348154	
585	-128.785179	141.711969	
586	-128.554587	142.969073	
587	-127.976683	142.881936	
588	-129.518624	141.800119	
589	-129.765034	142.239943	
590	-129.036101	142.269097	
591	-130.083276	142.199113	
592	-130.094466	142.536151	
593	-129.620149	140.638324	
594	-124.463090	136.351630	
595	-126.293436	137.454917	
596	-127.082695	138.927987	
597	-128.535280	141.826021	
598	-127.151912	142.079440	
599	-130.400034	145.266165	
600	-128.127449	143.624961	
601	-130.176160	145.951719	
602	-130.136029	145.685471	
603	-131.418017	144.735515	
604	-129.933483	144.843758	
605	-127.494768	141.984470	
606	-129.991702	146.189393	
607	-130.274165	146.791921	
608	-131.087444	146.235195	
609	-127.078620	142.223467	
610	-129.715255	145.871447	
611	-132.354618	149.402785	
612	-127.358282	141.278473	
613	-126.758340	142.215271	
614	-128.593077	143.084615	
615	-129.275491	141.893383	
616	-129.309199	143.251063	
617	-131.269374	144.600523	
618	-128.709158	142.011963	
619	-133.419903	146.351774	
620	-134.033142	147.107510	
621	-133.692808	147.329902	
622	-132.472644	143.691406	
623	-132.279978	143.914070	
624	-131.514629	142.636560	
625	-129.171644	139.524213	
626	-130.298766	140.753423	
627	-130.125796	140.076647	
628	-131.709597	141.970458	
629	-131.737361	142.189405	
630	-130.606083	140.178216	
631	-131.192819	141.084489	
632	-133.052110	142.459440	
633	-133.171498	142.675562	
634	-131.541683	140.566037	
635	-131.603636	141.142572	
636	-132.083726	141.216218	
637	-132.668750	141.529208	
638	-133.852112	143.500604	
639	-132.406911	141.140703	
640	-132.548142	141.795707	
641	-133.184941	142.793338	
642	-132.961965	142.341827	
643	-132.149949	143.335045	
644	-135.038145	144.363305	
645	-133.262154	141.986828	
646	-133.132888	143.429594	
647	-134.403247	142.655451	
648	-133.771620	142.492557	
649	-134.864573	143.721576	
650	-136.662214	145.955197	
651	-135.752197	144.679232	
652	-135.592456	143.628349	
653	-137.627230	146.585347	
654	-136.748921	145.662911	
655	-135.297255	143.668117	
656	-136.492736	145.192308	
657	-136.883005	146.679785	
658	-134.870993	144.720780	
659	-136.829469	144.941213	
660	-136.854537	146.175579	
661	-138.206334	149.278074	
662	-139.429993	148.198925	
663	-138.946016	148.494865	
664	-138.534794	149.723871	
665	-139.511623	149.257021	
666	-139.839419	150.288844	
667	-138.960547	149.672628	
668	-136.943991	147.747183	
669	-140.075497	151.128821	
670	-135.404983	146.731308	
671	-136.519271	147.282237	
672	-140.212508	151.923510	
673	-140.379505	152.784839	
674	-141.023445	152.371541	
675	-140.645905	153.029351	
676	-141.365922	152.591121	
677	-140.778724	154.013295	
678	-140.991484	153.389209	
679	-141.068541	153.026292	
680	-140.076275	153.710257	
681	-141.719303	153.119427	
682	-141.975786	153.497156	
683	-140.172443	154.038341	
684	-136.644886	149.845079	
685	-138.949278	149.079844	
686	-141.361104	154.400318	
687	-137.677368	149.474763	
688	-137.474697	150.264931	
689	-138.137446	149.703927	
690	-140.437413	148.329220	
691	-140.227295	148.986729	
692	-140.094094	149.381120	
693	-146.421333	156.299992	
694	-145.684650	156.214456	
695	-144.196147	153.047353	
696	-147.708120	151.282171	
697	-147.780821	151.897520	
698	-147.731316	153.178077	
699	-147.469732	153.129016	
700	-145.870184	152.566797	
701	-146.534011	152.834050	
702	-146.946236	152.776659	
703	-148.393438	155.983195	
704	-147.696791	156.326599	
705	-146.447214	153.406609	
706	-148.580825	152.275383	
707	-145.494404	153.775978	
708	-145.042377	152.710758	
709	-146.487017	152.650093	
710	-145.692404	153.495806	
711	-146.144328	152.542742	
712	-147.404799	151.892787	
713	-145.144225	153.845721	
714	-145.060238	152.587880	
715	-144.112002	152.946847	
716	-143.419370	151.661042	
717	-144.671256	152.523474	
718	-145.402020	150.813859	
719	-143.481333	152.570963	
720	-142.951770	152.081236	
721	-142.559426	152.251642	
722	-144.302337	151.107403	
723	-142.115199	151.579352	
724	-140.434398	152.235177	
725	-143.024462	149.861303	
726	-143.773294	149.958952	
727	-142.246286	149.283654	
728	-140.529721	150.430488	
729	-140.332522	149.989246	
730	-138.747550	150.216148	
731	-137.107068	149.646589	
732	-138.822444	149.563365	
733	-137.572534	149.398098	
734	-136.053063	148.500662	
735	-134.562060	148.882908	
736	-134.250399	146.937753	
737	-133.046804	148.373678	
738	-132.963772	149.161597	
739	-131.645671	148.397959	
740	-133.504672	145.786962	
741	-131.507043	147.589095	
742	-129.853338	146.429481	
743	-128.799656	144.988737	
744	-130.167560	145.750521	
745	-128.669732	143.944102	
746	-127.610753	143.190771	
747	-127.546238	143.382405	
748	-125.621199	143.680731	
749	-124.195560	142.428523	
750	-125.177603	139.314097	
751	-125.085164	140.207758	
752	-124.034737	137.523610	
753	-124.509001	136.077455	
754	-122.804247	137.798080	
755	-122.259955	135.934189	
756	NaN	NaN	
757	NaN	NaN	
758	NaN	NaN	
759	NaN	NaN	
760	NaN	NaN	
761	NaN	NaN	
762	NaN	NaN	
763	NaN	NaN	
764	NaN	NaN	
765	-60.947474	6.070583	
766	-59.446280	6.032770	
767	-59.527742	7.560629	
768	-61.790371	-0.654532	
769	-60.540164	7.137165	
770	-60.129230	4.697975	
771	-60.417802	-1.808512	
772	-59.133141	-0.886936	
773	-59.750735	0.093446	
774	-60.854308	-1.274017	
775	-60.055134	-0.723597	
776	-61.788056	-1.071439	
777	-61.020480	-1.877529	
778	-60.865026	0.552991	
779	-61.922644	5.664426	
780	-61.757715	0.496802	
781	-60.899514	-0.795791	
782	-62.646810	0.193258	
783	-62.917626	-2.506796	
784	-62.474836	-0.873578	
785	-63.172426	-0.843305	
786	-63.221707	-1.315752	
787	-63.283524	-0.874159	
788	-63.696350	-1.950857	
789	-63.301093	-0.588406	
790	-63.095985	8.518484	
791	-63.246987	10.039692	
792	-63.537272	0.343307	
793	-64.849369	0.066708	
794	-63.627225	1.589888	
795	-64.607364	1.964949	
796	-65.184315	2.623933	
797	-63.941696	7.198989	
798	-64.021166	8.954363	
799	-64.790911	-1.708841	
800	-63.128564	-1.704342	
801	-65.578451	0.083630	
802	-66.531521	-1.668522	
803	-66.403359	-0.004778	
804	-65.897142	1.074917	
805	-64.388061	-4.215525	
806	-64.365170	0.529778	
807	-65.668770	4.361133	
808	-64.957416	0.059108	
809	-65.367307	2.730436	
810	-65.779749	3.805780	
811	-66.235447	10.975486	
812	-66.727283	7.435108	
813	-66.736440	15.898295	
814	-66.310707	12.672545	
815	-67.017525	4.473910	
816	-68.948137	7.413040	
817	-67.522027	8.062977	
818	-67.223401	7.180726	
819	-68.525122	8.485625	
820	-68.107661	6.264537	
821	-67.653409	5.178621	
822	-66.541264	-3.108099	
823	-67.441495	-1.161457	
824	-67.836348	5.444816	
825	-69.249523	7.313800	
826	-69.214473	6.327527	
827	-69.268274	7.259988	
828	-71.021422	8.940506	
829	-70.597999	3.296669	
830	-70.459456	10.515664	
831	-71.423503	11.514213	
832	-71.652247	18.446659	
833	-70.244430	1.028950	
834	-70.624383	8.103447	
835	-71.274387	7.295513	
836	-70.455006	7.358068	
837	-71.187837	15.544525	
838	-72.640296	14.403831	
839	-71.889447	16.070631	
840	-70.794144	11.074628	
841	-71.676334	17.648644	
842	-71.230242	5.724497	
843	-72.222301	21.564048	
844	-71.630125	14.865587	
845	-70.953482	4.527677	
846	-72.229249	8.216139	
847	-70.368837	6.259349	
848	-71.846228	10.184985	
849	-72.677941	18.482496	
850	-72.686175	17.953232	
851	-72.238642	17.339434	
852	-71.082288	12.582854	
853	-69.613975	2.908961	
854	-72.087499	5.810091	
855	-71.502254	15.333682	
856	-71.751974	15.109459	
857	-72.118892	16.754319	
858	-71.904345	14.187222	
859	-72.974997	9.613902	
860	-72.172591	12.704438	
861	-72.539464	19.572166	
862	-72.346948	16.750844	
863	-72.435198	6.406994	
864	-74.781007	1.000935	
865	-73.365632	10.015622	
866	-73.069142	7.570322	
867	-72.764808	10.027855	
868	-73.443791	12.166219	
869	-75.881244	17.116089	
870	-75.238057	14.181686	
871	-75.629268	13.218071	
872	-74.440395	11.091997	
873	-72.903071	18.616302	
874	-73.713829	17.997441	
875	-76.204662	13.092041	
876	-73.478774	14.717043	
877	-73.365660	7.067515	
878	-73.526089	11.824765	
879	-73.179062	12.219164	
880	-74.236275	16.426545	
881	-73.698191	17.215161	
882	-72.256679	16.157578	
883	-71.957988	16.178180	
884	-71.832464	16.588426	
885	-71.867700	16.295436	
886	-70.924188	15.617690	
887	-72.778168	16.565584	
888	-71.546153	18.775485	
889	-69.502520	19.217244	
890	-68.825989	25.239233	
891	-66.585451	13.365962	
892	-67.355495	22.147982	
893	-67.713309	27.351657	
894	-66.581538	9.705283	
895	-66.780131	33.364110	
896	-66.660968	34.794800	
897	-65.293753	25.537932	
898	-64.277464	24.854895	
899	-64.056885	23.283685	
900	-63.546305	27.089879	
901	-62.500903	25.895523	
902	-62.338267	25.070928	
903	-61.774072	24.722554	
904	-61.314925	29.837996	
905	-60.727348	26.026358	
906	-60.265913	25.125508	
907	-59.920021	24.519580	
908	-58.902458	24.282993	
909	-56.133781	21.295588	
910	-56.847973	22.666884	
911	-56.784533	24.062776	
912	-55.747603	23.579398	
913	-56.500463	25.619691	
914	-56.586049	25.846456	
915	-56.624706	25.287728	
916	-54.456991	22.428444	
917	-52.675759	20.747129	
918	-53.230752	21.217611	
919	-51.905846	21.770065	
920	-51.866556	20.671513	
921	-53.315420	18.981942	
922	-51.216843	19.502965	
923	-50.147806	16.914419	
924	-51.362625	19.970579	
925	-49.485776	22.489846	
926	-48.475881	19.395318	
927	-48.380155	17.694525	
928	-49.162934	22.801454	
929	-47.330341	20.521640	
930	-46.452886	16.343571	
931	-46.034139	17.114618	
932	-44.872805	15.812112	
933	-45.361749	17.642284	
934	-44.352408	19.915642	
935	-44.052069	19.184205	
936	-43.900658	19.474244	
937	-43.335192	18.568219	
938	-42.239718	18.374919	
939	-42.686472	18.060905	
940	-41.640745	17.842777	
941	-41.874865	17.219659	
942	-41.396404	16.791634	
943	-40.381179	18.742632	
944	-40.759240	18.001612	
945	-37.375834	14.403406	
946	-40.211492	13.857474	
947	-40.534919	17.206729	
948	-40.853543	15.257137	
949	-40.409700	14.768505	
950	-39.974372	15.922592	
951	-40.035331	12.871502	
952	-40.379338	12.022263	
953	-38.687614	16.255879	
954	-36.717916	15.221005	
955	-36.996447	14.341502	
956	-36.592056	11.614045	
957	-35.251264	16.403275	
958	-34.432098	16.390861	
959	-35.664360	15.696195	
960	-34.878898	16.288249	
961	-34.593045	15.474476	
962	-35.182648	13.139574	
963	-34.097687	9.255965	
964	-34.562792	8.923036	
965	-37.245378	12.917566	
966	-35.172103	13.034498	
967	-36.534112	11.905253	
968	-35.489636	11.959663	
969	-35.322021	11.815812	
970	-35.619681	12.266196	
971	-36.457115	12.134293	
972	-37.332335	13.942455	
973	-37.260305	14.044563	
974	-36.168938	13.557229	
975	-37.742569	11.368344	
976	-38.537313	13.609718	
977	-37.983645	13.715786	
978	-37.752100	15.904994	
979	-37.239443	16.796683	
980	-38.122146	16.002849	
981	-37.680831	15.537881	
982	-37.875312	15.385437	
983	-38.956041	13.434135	
984	-39.865144	13.311048	
985	-40.962748	12.730080	
986	-41.075620	13.036449	
987	-40.360803	12.401101	
988	-40.549485	12.164894	
989	-41.137810	12.899880	
990	-39.904712	12.042378	
991	-40.340979	10.732027	
992	-43.679687	13.528278	
993	-43.523775	13.259865	
994	-43.627903	13.108142	
995	-42.696971	13.681717	
996	-45.147156	13.681883	
997	-43.377846	13.203575	
998	-44.279455	13.689300	
999	-45.625840	13.293375	
1000	-44.339464	13.702555	
1001	-45.157741	14.107972	
1002	-44.538414	14.544674	
1003	-43.404492	15.825043	
1004	-44.351615	13.934517	
1005	-42.919818	15.105553	
1006	-42.458780	14.048272	
1007	-45.527569	14.158919	
1008	-45.705407	12.664788	
1009	-43.425117	13.601823	
1010	-44.780552	13.549042	
1011	-44.790571	13.721820	
1012	-44.524704	13.570683	
1013	-43.330114	13.494137	
1014	-43.451404	14.202476	
1015	-46.300991	15.629349	
1016	-47.449122	14.439269	
1017	-46.198687	13.915487	
1018	-45.327482	13.327290	
1019	-45.811385	14.406150	
1020	-46.596215	13.850725	
1021	-46.870954	14.337005	
1022	-46.082832	14.152684	
1023	-46.499354	13.704646	
1024	-47.459653	13.380974	
1025	-48.434271	13.181094	
1026	-48.126168	13.352072	
1027	-48.652584	12.945393	
1028	-50.730519	11.532535	
1029	-52.581468	9.617782	
1030	-50.190256	12.228719	
1031	-49.620962	12.245003	
1032	-50.075885	11.725365	
1033	-50.115166	11.942237	
1034	-48.415017	10.781427	
1035	-50.842972	11.865227	
1036	-50.318544	11.161304	
1037	-49.927812	11.022230	
1038	-51.937073	12.014817	
1039	-51.436055	10.486715	
1040	-47.993463	12.200234	
1041	-51.539860	16.884211	
1042	-47.717165	8.756959	
1043	-55.615977	10.618927	
1044	-50.525688	6.935846	
1045	-47.814091	8.161763	
1046	-50.458353	9.373929	
1047	-52.013903	7.879445	
1048	-53.197045	9.739251	
1049	-51.456090	9.801912	
1050	-51.680432	8.191880	
1051	-52.895941	9.009346	
1052	-54.250296	9.253714	
1053	-52.759234	7.341016	
1054	-53.707335	7.666049	
1055	-53.862747	8.510152	
1056	-53.823954	8.258295	
1057	-54.138211	6.849751	
1058	-54.371190	7.081176	
1059	-54.794880	7.908557	
1060	-55.117261	6.247187	
1061	-52.830154	3.579395	
1062	-54.188745	-0.958983	
1063	-53.447680	1.877766	
1064	-52.381932	4.352481	
1065	-54.807195	1.496355	
1066	-54.263852	1.175197	
1067	-54.179730	0.997901	
1068	-54.750891	1.356751	
1069	-56.384709	2.884584	
1070	-56.430911	3.028311	
1071	-56.587163	2.559510	
1072	-57.152393	1.759915	
1073	-59.827857	2.891051	
1074	-58.760950	3.746480	
1075	-57.013624	2.855897	
1076	-56.671576	2.614132	
1077	-57.554794	2.123322	
1078	-58.612122	1.670208	
1079	-59.555479	1.887928	
1080	-58.154523	1.141527	
1081	-57.637029	1.153353	
1082	-58.036954	0.631858	
1083	-59.676736	1.640490	
1084	-61.548249	1.888972	
1085	-61.768761	1.443970	
1086	NaN	NaN	
1087	NaN	NaN	
1088	NaN	NaN	
1089	NaN	NaN	
1090	NaN	NaN	
1091	NaN	NaN	
1092	NaN	NaN	
1093	NaN	NaN	
1094	NaN	NaN	
1095	NaN	NaN	
1096	NaN	NaN	
1097	NaN	NaN	
1098	NaN	NaN	
1099	NaN	NaN	
1100	NaN	NaN	
1101	NaN	NaN	
1102	NaN	NaN	
1103	NaN	NaN	
1104	NaN	NaN	
1105	NaN	NaN	
1106	-63.364015	-6.265150	
1107	-64.283615	-2.120661	
1108	-63.957016	-4.226156	
1109	-63.520670	-2.113089	
1110	-63.283092	-0.706183	
1111	-62.581506	-2.762750	
1112	-63.452307	-3.615398	
1113	-63.270228	-0.654397	
1114	-64.503570	-3.016281	
1115	-65.269804	1.132466	
1116	-66.541172	-0.236785	
1117	-65.546644	-0.932331	
1118	-63.871321	-0.643752	
1119	-64.747978	-4.144395	
1120	-64.868644	-1.891720	
1121	-65.861633	-1.558450	
1122	-66.535324	-9.782146	
1123	-69.173628	-4.627798	
1124	-67.437803	-3.522013	
1125	NaN	NaN	
1126	-63.849145	10.459521	
1127	-67.024785	-1.254825	
1128	-66.301979	1.681750	
1129	-69.559541	0.507348	
1130	-69.278459	-2.688405	
1131	-67.810897	-4.936768	
1132	-70.007284	5.792162	
1133	-67.301133	8.612231	
1134	NaN	NaN	
1135	-68.639228	7.557407	
1136	NaN	NaN	
1137	-67.831621	8.502843	
1138	-68.832905	10.047013	
1139	-68.569855	6.324681	
1140	-70.309371	-11.204562	
1141	-69.636820	-3.488456	
1142	-67.975108	14.293908	
1143	-68.692298	8.799251	
1144	-72.482432	0.434170	
1145	-70.034695	-9.337805	
1146	-69.631485	-3.140730	
1147	-69.984311	0.051139	
1148	-69.267085	4.612510	
1149	-69.431657	1.225701	
1150	-69.442166	3.781680	
1151	NaN	NaN	
1152	NaN	NaN	
1153	-70.938549	0.452508	
1154	-71.147053	1.391566	
1155	-69.860059	2.066752	
1156	-70.110233	-0.117670	
1157	-69.146214	1.981089	
1158	-71.752128	1.104974	
1159	-73.645360	1.214335	
1160	-70.709717	1.247355	
1161	-72.330679	2.591128	
1162	-72.215499	2.850640	
1163	-71.003243	6.406441	
1164	-71.152983	4.064474	
1165	-73.997555	7.273449	
1166	-74.307001	6.037332	
1167	-72.881297	9.401912	
1168	-72.014214	6.930169	
1169	-72.287263	5.451218	
1170	-74.069185	9.809992	
1171	-73.992008	5.763864	
1172	-73.864156	7.876280	
1173	-73.001383	3.184116	
1174	-70.016983	3.221805	
1175	-74.380380	2.525352	
1176	-74.110538	7.571997	
1177	-72.197578	1.332319	
1178	-73.258666	3.213581	
1179	-73.417641	5.241908	
1180	-71.198548	0.821012	
1181	-71.747258	7.725510	
1182	-70.924636	2.629093	
1183	-72.916990	7.185419	
1184	-74.901461	6.898598	
1185	-71.783536	4.915147	
1186	NaN	NaN	
1187	NaN	NaN	
1188	NaN	NaN	
1189	NaN	NaN	
1190	NaN	NaN	
1191	NaN	NaN	
1192	NaN	NaN	
1193	NaN	NaN	
1194	NaN	NaN	
1195	NaN	NaN	
1196	NaN	NaN	
1197	-74.136007	0.937360	
1198	-76.606337	13.522459	
1199	-78.725294	17.303797	
1200	NaN	NaN	
1201	NaN	NaN	
1202	NaN	NaN	
1203	NaN	NaN	
1204	NaN	NaN	
1205	NaN	NaN	
1206	NaN	NaN	
1207	NaN	NaN	
1208	NaN	NaN	
1209	NaN	NaN	
1210	NaN	NaN	
1211	NaN	NaN	
1212	NaN	NaN	
1213	NaN	NaN	
1214	NaN	NaN	
1215	NaN	NaN	
1216	NaN	NaN	
1217	NaN	NaN	
1218	NaN	NaN	
1219	NaN	NaN	
1220	NaN	NaN	
1221	NaN	NaN	
1222	NaN	NaN	
1223	NaN	NaN	
1224	NaN	NaN	
1225	NaN	NaN	
1226	NaN	NaN	
1227	NaN	NaN	
1228	NaN	NaN	
1229	NaN	NaN	
1230	NaN	NaN	
1231	NaN	NaN	
1232	NaN	NaN	
1233	NaN	NaN	
1234	NaN	NaN	
1235	NaN	NaN	
1236	NaN	NaN	
1237	NaN	NaN	
1238	NaN	NaN	
1239	NaN	NaN	
1240	NaN	NaN	
1241	NaN	NaN	
1242	NaN	NaN	
1243	NaN	NaN	
1244	NaN	NaN	
1245	NaN	NaN	
1246	NaN	NaN	
1247	NaN	NaN	
1248	NaN	NaN	
1249	NaN	NaN	
1250	NaN	NaN	
1251	NaN	NaN	
1252	NaN	NaN	
1253	NaN	NaN	
1254	NaN	NaN	
1255	NaN	NaN	
1256	NaN	NaN	
1257	NaN	NaN	
1258	NaN	NaN	
1259	NaN	NaN	
1260	NaN	NaN	
1261	NaN	NaN	
1262	NaN	NaN	
1263	NaN	NaN	
1264	NaN	NaN	
1265	NaN	NaN	
1266	NaN	NaN	
1267	NaN	NaN	
1268	NaN	NaN	
1269	NaN	NaN	
1270	NaN	NaN	
1271	NaN	NaN	
1272	NaN	NaN	
1273	NaN	NaN	
1274	NaN	NaN	
1275	NaN	NaN	
1276	NaN	NaN	
1277	NaN	NaN	
1278	NaN	NaN	
1279	NaN	NaN	
1280	NaN	NaN	
1281	NaN	NaN	
1282	NaN	NaN	
1283	NaN	NaN	
1284	NaN	NaN	
1285	NaN	NaN	
1286	NaN	NaN	
1287	NaN	NaN	
1288	NaN	NaN	
1289	NaN	NaN	
1290	NaN	NaN	
1291	NaN	NaN	
1292	NaN	NaN	
1293	NaN	NaN	
1294	NaN	NaN	
1295	NaN	NaN	
1296	NaN	NaN	
1297	NaN	NaN	
1298	NaN	NaN	
1299	NaN	NaN	
1300	NaN	NaN	
1301	NaN	NaN	
1302	NaN	NaN	
1303	NaN	NaN	
1304	NaN	NaN	
1305	NaN	NaN	
1306	NaN	NaN	
1307	NaN	NaN	
1308	NaN	NaN	
1309	NaN	NaN	
1310	NaN	NaN	
1311	NaN	NaN	
1312	NaN	NaN	
1313	NaN	NaN	
1314	NaN	NaN	
1315	NaN	NaN	
1316	NaN	NaN	
1317	NaN	NaN	
1318	NaN	NaN	
1319	NaN	NaN	
1320	NaN	NaN	
1321	NaN	NaN	
1322	NaN	NaN	
1323	NaN	NaN	
1324	NaN	NaN	
1325	NaN	NaN	
1326	NaN	NaN	
1327	NaN	NaN	
1328	NaN	NaN	
1329	NaN	NaN	
1330	NaN	NaN	
1331	NaN	NaN	
1332	NaN	NaN	
1333	NaN	NaN	
1334	NaN	NaN	
1335	NaN	NaN	
1336	NaN	NaN	
1337	NaN	NaN	
1338	NaN	NaN	
1339	NaN	NaN	
1340	NaN	NaN	
1341	NaN	NaN	
1342	NaN	NaN	
1343	NaN	NaN	
1344	NaN	NaN	
1345	NaN	NaN	
1346	NaN	NaN	
1347	NaN	NaN	
1348	NaN	NaN	
1349	NaN	NaN	
1350	NaN	NaN	
1351	NaN	NaN	
1352	NaN	NaN	
1353	NaN	NaN	
1354	NaN	NaN	
1355	NaN	NaN	
1356	NaN	NaN	
1357	NaN	NaN	
1358	NaN	NaN	
1359	NaN	NaN	
1360	NaN	NaN	
1361	NaN	NaN	
1362	NaN	NaN	
1363	NaN	NaN	
1364	NaN	NaN	
1365	NaN	NaN	
1366	NaN	NaN	
1367	NaN	NaN	
1368	NaN	NaN	
1369	NaN	NaN	
1370	NaN	NaN	
1371	NaN	NaN	
1372	NaN	NaN	
1373	NaN	NaN	
1374	NaN	NaN	
1375	NaN	NaN	
1376	NaN	NaN	
1377	NaN	NaN	
1378	NaN	NaN	
1379	NaN	NaN	
1380	NaN	NaN	
1381	NaN	NaN	
1382	NaN	NaN	
1383	NaN	NaN	
1384	NaN	NaN	
1385	NaN	NaN	
1386	NaN	NaN	
1387	NaN	NaN	
1388	NaN	NaN	
1389	NaN	NaN	
1390	NaN	NaN	
1391	NaN	NaN	
1392	NaN	NaN	
1393	NaN	NaN	
1394	NaN	NaN	
1395	NaN	NaN	
1396	NaN	NaN	
1397	NaN	NaN	
1398	NaN	NaN	
1399	NaN	NaN	
1400	NaN	NaN	
1401	NaN	NaN	
1402	NaN	NaN	
1403	NaN	NaN	
1404	NaN	NaN	
1405	NaN	NaN	
1406	NaN	NaN	
1407	NaN	NaN	
1408	NaN	NaN	
1409	NaN	NaN	
1410	NaN	NaN	
1411	NaN	NaN	
1412	NaN	NaN	
1413	NaN	NaN	
1414	NaN	NaN	
1415	NaN	NaN	
1416	NaN	NaN	
1417	NaN	NaN	
1418	NaN	NaN	
1419	NaN	NaN	
1420	NaN	NaN	
1421	NaN	NaN	
1422	NaN	NaN	
1423	NaN	NaN	
1424	NaN	NaN	
1425	NaN	NaN	
1426	NaN	NaN	
1427	NaN	NaN	
1428	NaN	NaN	
1429	NaN	NaN	
1430	NaN	NaN	
1431	NaN	NaN	
1432	NaN	NaN	
1433	NaN	NaN	
1434	NaN	NaN	
1435	NaN	NaN	
1436	NaN	NaN	
1437	NaN	NaN	
1438	NaN	NaN	
1439	NaN	NaN	
1440	NaN	NaN	
1441	NaN	NaN	
1442	NaN	NaN	
1443	NaN	NaN	
1444	NaN	NaN	
1445	NaN	NaN	
1446	NaN	NaN	
1447	NaN	NaN	
1448	NaN	NaN	
1449	NaN	NaN	
1450	NaN	NaN	
1451	NaN	NaN	
1452	NaN	NaN	
1453	NaN	NaN	
1454	NaN	NaN	
1455	NaN	NaN	
1456	NaN	NaN	
1457	NaN	NaN	
1458	NaN	NaN	
1459	NaN	NaN	
1460	NaN	NaN	
1461	NaN	NaN	
1462	NaN	NaN	
1463	NaN	NaN	
1464	NaN	NaN	
1465	NaN	NaN	
1466	NaN	NaN	
1467	NaN	NaN	
1468	NaN	NaN	
1469	NaN	NaN	
1470	NaN	NaN	
1471	NaN	NaN	
1472	NaN	NaN	
1473	NaN	NaN	
1474	NaN	NaN	
1475	NaN	NaN	
1476	NaN	NaN	
1477	NaN	NaN	
1478	NaN	NaN	
1479	NaN	NaN	
1480	NaN	NaN	
1481	NaN	NaN	
1482	NaN	NaN	
1483	NaN	NaN	
1484	NaN	NaN	
1485	NaN	NaN	
1486	NaN	NaN	
1487	NaN	NaN	
1488	NaN	NaN	
