Athlete_Engineering	// User ID
11-2-2021	// Evaluation date
P006_WALK4	25-1-2021	13:28:44:801	// Source file name and timestamp
250.000	// Sampling rate
5.772	// Data capture period



Sample #	Right_Leg_Flexion	Right_Leg_Abduction	
0	-77.032597	-5.213145	
1	-77.101173	-4.769197	
2	-77.010391	-2.874583	
3	-76.712382	-4.410106	
4	-76.666697	-6.489375	
5	-76.865768	-3.477794	
6	-77.054134	-2.386395	
7	-77.008880	-2.841924	
8	-76.828718	-3.463806	
9	-76.999562	-2.971535	
10	-77.037327	-3.285802	
11	-76.877871	-4.201274	
12	-77.000337	-3.039220	
13	-76.737988	-4.143475	
14	-76.805723	-5.194637	
15	-76.436989	-6.666306	
16	-76.482349	-5.121302	
17	-76.415495	-3.853976	
18	-76.387760	-2.751925	
19	-77.018170	-1.415510	
20	-76.518679	-2.835767	
21	-76.562558	-2.549555	
22	-76.510160	-2.529413	
23	-76.251562	-2.729137	
24	-76.290325	-1.878362	
25	-76.068457	-3.882545	
26	-76.078049	-4.915837	
27	-76.328406	-3.293258	
28	-76.130358	-6.000785	
29	-76.080596	-5.922993	
30	-75.975479	-6.255883	
31	-75.642005	-4.054080	
32	-75.144126	-4.737703	
33	-75.175271	-5.824346	
34	-75.725581	-1.764454	
35	-74.912854	-5.800119	
36	-76.417573	-5.078548	
37	-74.455323	1.821423	
38	-74.154828	0.352350	
39	-77.018082	-2.433093	
40	-76.576186	-1.937241	
41	-76.601096	-2.464913	
42	-76.599861	-3.011859	
43	-76.608257	-2.722333	
44	-76.992480	-2.593815	
45	-74.992214	0.541285	
46	-72.343089	3.261623	
47	-72.198056	4.346364	
48	-75.259590	1.382977	
49	-75.199532	1.224579	
50	-72.043405	3.478426	
51	-72.171543	2.688246	
52	-74.917378	0.348062	
53	-77.178309	-2.803170	
54	-76.846407	-1.528439	
55	-76.930450	-2.200209	
56	-76.958441	-1.551298	
57	-77.203893	-1.300993	
58	-77.143101	-2.245866	
59	-77.070931	-1.858457	
60	-77.011255	-2.201982	
61	-76.851847	-2.968086	
62	-76.880264	-3.274305	
63	-76.901132	-3.122727	
64	-76.902475	-1.665988	
65	-76.922952	-0.761342	
66	-76.906580	-0.242958	
67	-76.851890	1.008142	
68	-76.900009	0.398981	
69	-77.027758	0.303362	
70	-76.933836	0.417667	
71	-76.885707	-0.604725	
72	-77.026573	-1.094208	
73	-76.849581	-1.387598	
74	-76.918189	-0.904596	
75	-76.578547	-0.892080	
76	-76.659853	0.031153	
77	-76.795209	0.296563	
78	-76.233455	-0.475451	
79	-76.334579	-0.046224	
80	-76.430078	-0.525155	
81	-76.032183	0.189170	
82	-75.648953	2.285239	
83	-75.589080	2.628746	
84	-75.899484	0.620957	
85	-76.170872	0.265773	
86	-76.006120	0.412662	
87	-76.138127	-0.613457	
88	NaN	NaN	
89	NaN	NaN	
90	NaN	NaN	
91	NaN	NaN	
92	NaN	NaN	
93	NaN	NaN	
94	NaN	NaN	
95	NaN	NaN	
96	NaN	NaN	
97	NaN	NaN	
98	NaN	NaN	
99	NaN	NaN	
100	NaN	NaN	
101	NaN	NaN	
102	NaN	NaN	
103	NaN	NaN	
104	NaN	NaN	
105	NaN	NaN	
106	NaN	NaN	
107	NaN	NaN	
108	NaN	NaN	
109	NaN	NaN	
110	NaN	NaN	
111	NaN	NaN	
112	NaN	NaN	
113	NaN	NaN	
114	-78.591331	2.365653	
115	-77.078490	4.521340	
116	-76.866105	3.649818	
117	-77.008694	2.096150	
118	-76.467063	2.456600	
119	-77.796503	2.036155	
120	-77.952554	2.750026	
121	-78.677158	1.686349	
122	-77.598799	3.781020	
123	-70.748353	5.296038	
124	-76.845408	3.911369	
125	-76.551915	4.042871	
126	-71.878861	5.481460	
127	-70.650325	5.156604	
128	-73.827901	2.281982	
129	-78.009279	6.119466	
130	-73.768400	6.521302	
131	-69.396684	3.208243	
132	-74.491501	1.076785	
133	-77.717612	-1.063990	
134	-76.662854	-0.328561	
135	-76.644903	-1.078171	
136	-76.921001	-1.042788	
137	-76.806822	-0.369984	
138	-76.916005	-0.581544	
139	-76.873668	-0.244802	
140	-76.902161	0.141174	
141	-76.910197	-0.667025	
142	-77.256067	-0.564862	
143	-74.744808	2.291577	
144	-69.633607	4.047329	
145	NaN	NaN	
146	NaN	NaN	
147	NaN	NaN	
148	NaN	NaN	
149	NaN	NaN	
150	NaN	NaN	
151	NaN	NaN	
152	NaN	NaN	
153	NaN	NaN	
154	NaN	NaN	
155	NaN	NaN	
156	NaN	NaN	
157	NaN	NaN	
158	NaN	NaN	
159	NaN	NaN	
160	NaN	NaN	
161	NaN	NaN	
162	NaN	NaN	
163	NaN	NaN	
164	NaN	NaN	
165	NaN	NaN	
166	NaN	NaN	
167	NaN	NaN	
168	NaN	NaN	
169	-78.495669	6.387043	
170	-71.783462	8.212434	
171	-66.339345	10.285767	
172	-59.851285	4.195745	
173	-67.522896	5.026328	
174	-73.004270	6.734999	
175	-71.312074	6.043042	
176	-71.964002	8.717238	
177	-72.258373	9.075435	
178	-70.668765	11.041757	
179	-69.960420	10.924155	
180	-68.046908	5.850788	
181	-69.393850	5.114058	
182	-70.526768	9.820439	
183	-70.683917	10.247727	
184	-70.364324	10.460765	
185	-70.839161	11.078276	
186	-69.046514	6.700941	
187	-76.399174	10.338209	
188	-77.787232	7.631361	
189	-74.985977	11.373154	
190	NaN	NaN	
191	-64.866382	5.666298	
192	-73.408939	9.254569	
193	-70.113687	11.159400	
194	-65.720169	11.518285	
195	-76.174616	13.689057	
196	-73.011632	12.325251	
197	-68.970091	10.084293	
198	-70.408369	10.118678	
199	NaN	NaN	
200	NaN	NaN	
201	NaN	NaN	
202	NaN	NaN	
203	NaN	NaN	
204	NaN	NaN	
205	NaN	NaN	
206	NaN	NaN	
207	NaN	NaN	
208	NaN	NaN	
209	NaN	NaN	
210	NaN	NaN	
211	NaN	NaN	
212	NaN	NaN	
213	NaN	NaN	
214	NaN	NaN	
215	NaN	NaN	
216	NaN	NaN	
217	NaN	NaN	
218	NaN	NaN	
219	NaN	NaN	
220	NaN	NaN	
221	NaN	NaN	
222	NaN	NaN	
223	NaN	NaN	
224	NaN	NaN	
225	NaN	NaN	
226	NaN	NaN	
227	NaN	NaN	
228	NaN	NaN	
229	NaN	NaN	
230	NaN	NaN	
231	NaN	NaN	
232	NaN	NaN	
233	NaN	NaN	
234	NaN	NaN	
235	NaN	NaN	
236	NaN	NaN	
237	NaN	NaN	
238	NaN	NaN	
239	NaN	NaN	
240	-60.822960	15.970229	
241	-64.441896	18.083759	
242	-64.669525	19.738207	
243	-64.009013	19.238131	
244	-64.367363	18.262943	
245	-62.363375	18.121254	
246	-57.447256	18.010340	
247	-56.688447	17.900877	
248	-56.111487	17.860293	
249	-63.078831	18.854775	
250	-61.793673	18.552644	
251	-62.189921	17.808341	
252	-62.763992	17.484097	
253	-62.512567	17.379705	
254	-59.677438	17.349867	
255	-55.484109	17.223231	
256	-57.726609	16.273350	
257	-57.862369	16.731995	
258	-56.009766	17.330836	
259	-56.049611	16.750345	
260	-55.389923	16.262438	
261	-54.617910	16.647095	
262	-53.808199	16.405637	
263	-52.773363	15.392075	
264	-52.189848	15.395081	
265	-51.390530	15.464772	
266	-53.205828	13.824878	
267	-55.593397	11.917030	
268	-52.594013	12.935915	
269	-52.169374	13.272753	
270	-54.446224	11.055505	
271	-50.929174	11.614392	
272	-48.948971	13.403750	
273	-50.109773	12.941369	
274	NaN	NaN	
275	NaN	NaN	
276	NaN	NaN	
277	NaN	NaN	
278	NaN	NaN	
279	NaN	NaN	
280	NaN	NaN	
281	-42.912069	11.010091	
282	-42.363036	11.079683	
283	-42.331277	10.830227	
284	-42.520325	10.260063	
285	-41.384835	9.663339	
286	-40.950080	10.044157	
287	-40.003447	9.118588	
288	-42.623421	11.264785	
289	-45.628784	9.574266	
290	-45.852642	5.818780	
291	-40.465972	9.380650	
292	-39.725982	8.447769	
293	-39.209117	8.526815	
294	-39.394134	7.954707	
295	-39.447771	8.027356	
296	-45.068208	4.931587	
297	-45.211037	3.633658	
298	-36.669565	8.892640	
299	-37.474174	8.833719	
300	-36.792591	8.766087	
301	-35.572675	9.580206	
302	-44.305667	4.741533	
303	-43.928682	4.631577	
304	-40.723533	6.567181	
305	-41.072063	4.738143	
306	-44.307683	2.012496	
307	-40.975113	3.526999	
308	-33.809089	7.349292	
309	-39.960758	5.672110	
310	-43.898742	3.170349	
311	-42.343524	3.125691	
312	-43.322991	3.865026	
313	-43.917963	4.474837	
314	-43.695734	4.585423	
315	-43.387004	4.542710	
316	-43.495449	4.040250	
317	-43.604366	4.015430	
318	-37.781040	7.211128	
319	-37.314419	7.224828	
320	-36.874611	7.400183	
321	-43.628652	4.168814	
322	-43.481737	2.466632	
323	-37.593749	7.065937	
324	-45.291105	5.656802	
325	-44.399111	3.149374	
326	-44.367690	3.946076	
327	-45.931710	4.066407	
328	-42.250163	5.465729	
329	-40.760809	4.414325	
330	-37.881448	5.497905	
331	-37.793618	7.721109	
332	-46.604955	4.158787	
333	-46.149117	4.172973	
334	-46.529535	3.773841	
335	-46.909416	4.576065	
336	-45.620739	2.324591	
337	-39.689183	4.963806	
338	-39.406323	6.887287	
339	-47.386118	2.886998	
340	-47.880594	3.481550	
341	-47.105153	1.071466	
342	-43.066632	3.461246	
343	-45.555789	4.428534	
344	-45.200160	3.331397	
345	-45.335778	3.574728	
346	-46.074526	3.631570	
347	-42.410729	6.572067	
348	-41.856512	4.199646	
349	-40.272218	6.138983	
350	-47.672459	1.749711	
351	-47.030415	0.840032	
352	-48.590901	1.724348	
353	-42.035181	5.906580	
354	-43.904701	4.437872	
355	-42.788549	5.798572	
356	-43.329895	7.022908	
357	-48.773050	4.698545	
358	-48.192156	5.497129	
359	-47.414448	5.510552	
360	-51.067157	2.116383	
361	-44.953941	4.662689	
362	-41.065749	7.140913	
363	-41.477313	6.992787	
364	-42.696091	6.558766	
365	-49.539375	6.978751	
366	-51.315576	7.360350	
367	-52.692361	3.935129	
368	-43.464845	7.498914	
369	-40.301868	9.154564	
370	-40.448827	9.356060	
371	-42.223483	8.663253	
372	-45.831092	5.961983	
373	-43.138771	7.239522	
374	-43.023895	11.665762	
375	-44.100161	11.542293	
376	-41.798429	8.927250	
377	-41.002096	7.723542	
378	-44.839846	9.556155	
379	-47.841893	12.401755	
380	-46.827445	11.716720	
381	-46.956480	12.794331	
382	-47.677202	8.486361	
383	-51.829001	2.056999	
384	-46.918227	9.936933	
385	-47.854771	9.722838	
386	-53.023322	3.329014	
387	-53.183177	3.983210	
388	-47.098398	5.665837	
389	-53.322918	3.910291	
390	-52.621023	2.016268	
391	-47.109188	8.036826	
392	NaN	NaN	
393	-51.088172	3.736490	
394	-50.829896	3.640934	
395	-49.940098	4.000033	
396	-50.178654	3.816747	
397	-50.144580	4.270597	
398	-54.355806	2.582287	
399	-58.092897	0.712448	
400	-54.343841	3.412369	
401	-50.949873	5.377745	
402	-51.557215	4.189000	
403	-50.009193	4.115241	
404	-55.059759	2.663788	
405	-58.184172	0.340052	
406	-52.826488	7.630015	
407	-50.168690	9.161964	
408	-52.696069	2.618892	
409	-52.620670	5.399248	
410	-53.530316	1.577896	
411	-54.944889	4.138915	
412	-56.944681	5.996093	
413	-55.205007	2.246432	
414	-50.431407	8.060381	
415	-56.354795	6.012302	
416	-59.421993	0.843912	
417	-57.879260	1.143102	
418	-55.908887	3.070145	
419	-52.292851	5.643624	
420	-56.472680	3.223913	
421	-61.026465	1.414723	
422	-61.270630	0.609775	
423	-58.173678	1.036411	
424	-55.709053	2.248643	
425	-56.475309	2.157679	
426	-55.498762	2.687692	
427	-57.439194	2.223427	
428	-56.712645	3.611626	
429	-48.280783	4.999299	
430	-56.759812	4.663770	
431	-58.959952	2.491422	
432	-55.054723	4.761874	
433	-54.888467	5.577829	
434	-60.467330	-1.874214	
435	-60.759343	-0.612801	
436	-58.760474	0.186977	
437	-64.463833	-3.068502	
438	-61.036790	0.003901	
439	-60.545585	0.372481	
440	-65.768475	-2.227561	
441	-62.238368	-0.238010	
442	-59.747470	1.011728	
443	-58.448881	2.079314	
444	-63.070310	0.615929	
445	-63.045438	1.600587	
446	-61.412501	1.206901	
447	-65.798805	-2.914117	
448	-62.181658	0.620902	
449	-63.714848	1.694477	
450	-66.410971	-2.227531	
451	-66.099853	1.613386	
452	-64.302264	4.232005	
453	-56.868120	0.902944	
454	-63.082462	-0.811334	
455	-68.790212	-0.949926	
456	-58.298855	1.941379	
457	-63.519913	-0.396915	
458	-68.172005	-3.839089	
459	-63.855404	-0.116370	
460	-65.615008	0.224264	
461	-70.349906	-4.580974	
462	-66.731255	-1.789494	
463	-63.922752	0.050531	
464	-65.230563	-0.303276	
465	-58.559721	3.417216	
466	-59.213569	3.000838	
467	-62.121758	3.926386	
468	NaN	NaN	
469	-50.467906	3.367153	
470	-62.334094	2.396669	
471	-68.338307	0.655296	
472	-62.054983	1.536002	
473	-65.621457	-0.043928	
474	-65.498718	-0.476038	
475	-64.447964	4.613680	
476	-65.356991	6.497045	
477	-63.716988	1.607794	
478	-69.600783	-0.671794	
479	-60.976016	1.186366	
480	-60.918791	4.175659	
481	-57.869869	9.137039	
482	-57.629247	6.544315	
483	-60.043170	5.791839	
484	-51.171816	5.304487	
485	-53.059703	1.829350	
486	-68.247505	0.684530	
487	-69.821112	3.711388	
488	-68.136690	6.039759	
489	-64.701970	6.327334	
490	-60.953020	4.099698	
491	-60.594392	1.815838	
492	-56.666578	3.924590	
493	-62.270704	10.852611	
494	-61.776641	8.053324	
495	-58.753401	12.081175	
496	-54.721550	9.925923	
497	NaN	NaN	
498	-66.187762	15.682766	
499	-62.556667	11.999049	
500	-61.294151	11.309733	
501	-70.203608	11.883335	
502	-74.308191	11.593776	
503	-69.357715	5.523860	
504	-67.615005	6.243691	
505	-60.016374	1.588109	
506	-60.000409	5.075791	
507	-62.250160	16.899259	
508	-65.052308	13.946508	
509	-53.889407	14.594936	
510	-53.180445	15.406458	
511	-64.974810	15.648557	
512	-68.259179	15.568131	
513	-70.361725	9.603808	
514	-70.755000	4.353358	
515	-63.759654	6.978686	
516	-62.531016	7.659904	
517	-64.005316	20.551419	
518	-66.338764	21.268990	
519	-65.000000	12.830680	
520	-69.728548	6.980043	
521	-74.111897	5.942106	
522	-69.214584	6.772083	
523	-67.057234	4.141950	
524	-69.821233	2.497675	
525	-67.692828	4.905787	
526	-72.221844	6.488995	
527	-70.620644	6.359318	
528	-70.761874	6.634676	
529	-65.076550	8.203118	
530	-67.662167	8.633308	
531	-67.261189	8.171486	
532	-65.412679	9.471286	
533	-76.391245	-2.143828	
534	-77.741339	-11.295579	
535	-66.294669	2.405970	
536	NaN	NaN	
537	-74.927737	13.748614	
538	-71.267420	10.486697	
539	-70.893206	5.925687	
540	-73.235745	6.615634	
541	-75.517924	9.336955	
542	-73.346642	5.988184	
543	-68.193691	13.542680	
544	-76.352837	11.897416	
545	-71.609230	8.731997	
546	-66.173618	10.315248	
547	-72.216320	6.216891	
548	-70.642949	7.584880	
549	-77.660548	10.283653	
550	-78.025316	11.237422	
551	-77.660134	3.684271	
552	-78.103380	10.242143	
553	-79.958421	11.740225	
554	-71.406789	7.419927	
555	-80.450632	15.270103	
556	-80.712106	14.809869	
557	NaN	NaN	
558	-80.781118	11.342228	
559	-78.973535	17.904245	
560	-72.383548	10.424724	
561	-71.672753	12.250818	
562	-74.883508	11.111630	
563	-77.193018	17.653545	
564	-78.585046	30.442499	
565	-76.256596	21.888344	
566	-74.398570	24.136853	
567	-70.288022	34.604098	
568	-67.420684	31.772440	
569	-77.483029	21.508019	
570	-69.842883	23.703227	
571	-67.263433	23.503092	
572	-76.014612	28.530735	
573	-74.740452	25.079991	
574	-72.214914	21.553987	
575	-71.264192	21.132593	
576	-70.251368	20.507638	
577	-63.851553	16.560020	
578	-74.170956	22.989770	
579	-73.924864	22.472631	
580	-68.523168	19.777148	
581	-70.920469	30.513914	
582	-69.037106	26.346942	
583	-70.415216	32.530125	
584	-66.543862	32.067535	
585	-67.170278	34.583258	
586	-63.916542	36.017775	
587	-61.855443	32.512501	
588	-67.199951	31.384753	
589	-58.200675	34.256264	
590	-55.885157	26.440346	
591	-63.190030	23.672605	
592	-62.739355	26.624127	
593	-58.579208	23.345648	
594	-60.921715	25.580107	
595	-60.174712	26.848036	
596	-49.729514	21.573759	
597	-58.323610	28.679321	
598	-67.441971	21.722791	
599	-65.387999	21.521343	
600	-60.243598	24.624665	
601	-63.992417	21.296354	
602	-62.716692	22.801638	
603	-57.301708	17.309358	
604	-59.634004	19.268462	
605	-58.802184	21.245110	
606	-58.268516	14.200153	
607	-57.928796	7.887104	
608	-54.931506	15.047266	
609	-49.404384	20.231247	
610	-47.120225	22.659486	
611	-54.056801	24.660944	
612	-55.933064	24.235034	
613	-55.559391	23.566375	
614	-55.685265	22.801785	
615	-53.694297	21.300754	
616	-50.574585	22.156839	
617	-49.973449	22.132135	
618	-51.372469	21.249164	
619	-48.213069	20.337749	
620	-47.411585	19.637056	
621	-48.958271	16.465301	
622	-47.579105	14.965090	
623	-40.279504	17.442640	
624	-37.127270	10.640020	
625	-36.484881	2.406896	
626	-39.783069	12.518039	
627	-43.534672	11.843519	
628	-43.658375	10.877183	
629	-47.337188	21.196814	
630	-48.723635	22.189847	
631	-43.786788	19.397496	
632	-33.034459	12.773638	
633	-42.994342	17.527078	
634	-51.461823	20.422767	
635	-49.056078	19.503593	
636	-49.993421	24.689605	
637	-42.713669	19.738338	
638	-36.249983	9.950909	
639	-43.696207	14.717137	
640	-46.631290	21.959416	
641	-31.504989	7.899762	
642	-33.103672	11.196763	
643	-41.989027	18.204852	
644	-38.332242	18.037430	
645	-35.786208	14.411858	
646	-39.420474	15.515801	
647	-49.572028	24.469678	
648	-37.689883	10.853375	
649	-30.944352	6.466793	
650	-30.764057	10.683606	
651	-38.789668	16.540924	
652	-39.985633	13.018156	
653	-31.988523	3.105120	
654	-33.567531	12.511904	
655	-43.705567	14.453931	
656	-39.969274	12.404106	
657	-31.166039	10.769355	
658	-33.016353	10.028523	
659	-32.447345	9.857713	
660	-33.122449	9.804395	
661	-40.236099	14.144953	
662	-42.203504	11.760825	
663	-41.879407	12.405565	
664	-41.227461	15.855612	
665	-39.855532	12.398378	
666	-34.885640	10.879907	
667	-39.054461	11.635730	
668	-42.733971	14.711147	
669	-37.957404	11.497074	
670	-39.114047	12.191904	
671	-39.375179	14.296463	
672	-36.398512	10.839353	
673	-32.450628	10.957095	
674	-34.022236	10.051076	
675	-39.033243	12.640570	
676	-42.624455	16.226847	
677	-45.939624	17.822259	
678	-43.545747	17.817154	
679	-38.405915	17.184173	
680	-44.773114	14.395577	
681	-49.306966	18.332810	
682	-46.214624	14.538784	
683	-41.359910	6.062374	
684	-40.153304	9.717482	
685	-47.850504	16.685257	
686	-47.971856	17.753003	
687	-45.052695	14.477747	
688	-42.045346	10.752671	
689	-43.977916	11.684791	
690	-51.759696	12.225298	
691	-46.678684	7.393184	
692	-43.749498	10.217578	
693	-52.400740	18.891626	
694	-51.255357	11.440339	
695	-44.403916	4.921269	
696	-42.808157	5.955187	
697	-41.536295	6.788073	
698	-50.125864	19.567847	
699	-48.789904	9.535217	
700	-47.590085	11.472790	
701	-47.935942	18.087961	
702	-48.991384	15.467246	
703	-47.726991	13.612161	
704	-49.331685	18.484670	
705	-51.417105	16.534801	
706	-49.876149	14.604209	
707	-49.282246	18.725583	
708	-46.777682	16.347163	
709	-50.036298	19.277860	
710	-48.630921	17.778556	
711	-48.317788	18.447668	
712	-49.474273	17.906784	
713	-47.865994	11.939495	
714	-45.162090	9.727487	
715	-50.619102	12.903184	
716	-55.701628	19.701258	
717	-53.609815	16.139463	
718	-52.325553	11.587822	
719	-50.126152	13.552115	
720	NaN	NaN	
721	-49.778516	7.346586	
722	-52.667014	10.398007	
723	-50.534168	11.655793	
724	-49.612779	10.933382	
725	-54.219987	11.705823	
726	-55.009535	10.435742	
727	-52.862051	8.728821	
728	-52.196316	9.693669	
729	-52.875333	10.002136	
730	-54.635075	12.392045	
731	-57.529034	11.394808	
732	-51.948549	7.607796	
733	-47.553753	11.062011	
734	-54.699150	11.518817	
735	-53.917032	11.180539	
736	-54.899146	12.008224	
737	-53.537568	13.078285	
738	-51.966963	8.168834	
739	-51.392724	7.147154	
740	-53.887895	8.549906	
741	-53.513941	10.235527	
742	-53.348213	3.449373	
743	-54.205070	3.445092	
744	-52.046926	7.322641	
745	-52.791207	6.074780	
746	-54.119636	6.390819	
747	-56.471664	8.878041	
748	-56.431820	2.424958	
749	-56.761577	2.982250	
750	-59.556104	11.341023	
751	-56.561760	5.830545	
752	-58.228679	1.970879	
753	-59.166247	2.199348	
754	-56.353144	4.859066	
755	-56.201896	-0.717324	
756	-54.644412	-1.826162	
757	-56.735939	4.886440	
758	-57.143595	-4.007312	
759	NaN	NaN	
760	-58.289657	-1.185473	
761	-53.756588	-0.954817	
762	-54.509691	-3.718401	
763	NaN	NaN	
764	NaN	NaN	
765	NaN	NaN	
766	NaN	NaN	
767	NaN	NaN	
768	NaN	NaN	
769	-56.722085	2.489388	
770	-57.895286	-0.102102	
771	-59.639460	0.992074	
772	-58.471207	5.128484	
773	-56.212691	8.077617	
774	-58.664254	9.735808	
775	NaN	NaN	
776	NaN	NaN	
777	NaN	NaN	
778	NaN	NaN	
779	NaN	NaN	
780	NaN	NaN	
781	NaN	NaN	
782	NaN	NaN	
783	NaN	NaN	
784	NaN	NaN	
785	NaN	NaN	
786	NaN	NaN	
787	NaN	NaN	
788	NaN	NaN	
789	NaN	NaN	
790	NaN	NaN	
791	NaN	NaN	
792	NaN	NaN	
793	NaN	NaN	
794	NaN	NaN	
795	NaN	NaN	
796	NaN	NaN	
797	NaN	NaN	
798	NaN	NaN	
799	-56.514507	-3.844750	
800	-58.484027	-14.107851	
801	-61.570749	-9.838278	
802	-59.944078	-5.551315	
803	-64.991416	-6.851340	
804	-59.375465	-1.975650	
805	-60.501424	-3.085642	
806	-64.814049	-3.926517	
807	-62.514488	1.452082	
808	-62.362299	-1.178670	
809	-62.958082	-3.868855	
810	-64.023292	2.754236	
811	-62.462148	-6.649453	
812	-63.843712	-6.768959	
813	-64.494443	3.370677	
814	-62.987140	-2.577890	
815	-68.829992	-8.031859	
816	-68.308651	6.708854	
817	-67.971460	-10.972123	
818	-63.085241	-8.958330	
819	-61.470014	0.298935	
820	-67.222764	-2.166797	
821	-64.746667	1.549695	
822	-64.928111	5.573798	
823	-63.418311	13.801163	
824	-69.806511	6.189121	
825	-68.114493	1.140178	
826	-69.388676	1.490141	
827	-65.758439	-1.170209	
828	-64.184849	-2.818286	
829	-71.471521	-4.462540	
830	-72.036756	-6.455570	
831	-73.324519	-7.189158	
832	-71.818685	-15.312876	
833	-67.833749	-8.888963	
834	-65.583360	-5.055436	
835	-67.493502	-6.314899	
836	-67.906017	-2.826178	
837	-69.405847	3.484228	
838	-71.914560	-25.186303	
839	-68.216344	-9.363976	
840	-72.709659	-29.419122	
841	-72.614928	5.743590	
842	-72.430761	0.762840	
843	-72.327152	-0.444301	
844	-70.928058	-1.570434	
845	-70.545150	-8.452138	
846	-68.179446	-6.654225	
847	-72.558009	-6.888027	
848	-76.853050	6.117769	
849	-65.468854	9.483785	
850	-67.137582	5.047492	
851	-75.549383	-3.790974	
852	-70.489659	-12.931303	
853	-68.252372	-13.230804	
854	-70.360176	0.493637	
855	-69.804257	0.075603	
856	-77.719789	-14.441439	
857	-79.329406	-2.362622	
858	-76.074051	4.379338	
859	-75.672999	6.395792	
860	-79.840913	-8.956227	
861	-75.901481	-16.192723	
862	-73.219522	-4.413135	
863	-78.410148	-1.191305	
864	-74.530024	-1.030544	
865	-70.301689	-3.816348	
866	-74.039502	-10.406839	
867	-73.278185	-7.456632	
868	-73.857602	-6.914139	
869	-79.869061	-29.325313	
870	-78.194630	-23.078257	
871	-77.608046	-8.381180	
872	-78.864580	-4.793595	
873	-80.036515	1.660366	
874	-78.659915	0.428948	
875	-76.340806	5.641102	
876	-75.070135	25.085834	
877	-77.179590	26.133098	
878	-81.814916	0.877001	
879	-79.327026	-1.717936	
880	-82.487674	10.951902	
881	-81.254990	17.849352	
882	-80.531735	-0.084409	
883	-80.017868	-3.360175	
884	-77.005980	0.665456	
885	-77.312106	-2.025468	
886	-79.919880	13.684530	
887	-80.840722	17.995355	
888	-80.798413	33.108226	
889	-80.295643	12.976582	
890	NaN	NaN	
891	NaN	NaN	
892	NaN	NaN	
893	NaN	NaN	
894	NaN	NaN	
895	NaN	NaN	
896	-81.379979	8.023729	
897	-79.702298	20.066686	
898	-79.791396	29.003339	
899	-79.043491	32.437474	
900	-78.090472	36.133320	
901	-76.796771	34.719274	
902	-80.427061	31.932622	
903	-83.565678	44.814253	
904	-80.307467	40.913898	
905	-79.359477	38.428496	
906	-79.717593	46.093331	
907	-80.192637	43.708250	
908	-81.313705	49.884779	
909	-75.493952	32.777665	
910	NaN	NaN	
911	-68.069289	33.691415	
912	-73.217864	31.559451	
913	-73.797614	31.237341	
914	-71.987560	21.181053	
915	-72.484968	24.073182	
916	-76.060493	39.655313	
917	NaN	NaN	
918	138.709323	-164.603408	
919	-62.877467	20.642575	
920	NaN	NaN	
921	NaN	NaN	
922	NaN	NaN	
923	NaN	NaN	
924	NaN	NaN	
925	NaN	NaN	
926	NaN	NaN	
927	NaN	NaN	
928	NaN	NaN	
929	NaN	NaN	
930	NaN	NaN	
931	NaN	NaN	
932	NaN	NaN	
933	NaN	NaN	
934	NaN	NaN	
935	NaN	NaN	
936	NaN	NaN	
937	NaN	NaN	
938	NaN	NaN	
939	NaN	NaN	
940	NaN	NaN	
941	NaN	NaN	
942	NaN	NaN	
943	NaN	NaN	
944	NaN	NaN	
945	NaN	NaN	
946	NaN	NaN	
947	NaN	NaN	
948	NaN	NaN	
949	NaN	NaN	
950	NaN	NaN	
951	NaN	NaN	
952	NaN	NaN	
953	NaN	NaN	
954	NaN	NaN	
955	NaN	NaN	
956	NaN	NaN	
957	NaN	NaN	
958	NaN	NaN	
959	-51.726690	26.232750	
960	-50.828423	20.848253	
961	-48.772086	19.998449	
962	-48.951423	19.994827	
963	-47.819781	18.802376	
964	-51.352929	17.778343	
965	-51.356484	18.503656	
966	-47.820077	19.393194	
967	-51.436041	17.282029	
968	-52.077219	17.925403	
969	-53.519041	15.490232	
970	-51.276367	10.289586	
971	-51.264307	7.409665	
972	-53.126979	10.172896	
973	-52.874026	12.256170	
974	-50.624864	11.849942	
975	NaN	NaN	
976	NaN	NaN	
977	NaN	NaN	
978	NaN	NaN	
979	NaN	NaN	
980	NaN	NaN	
981	NaN	NaN	
982	NaN	NaN	
983	NaN	NaN	
984	NaN	NaN	
985	-43.962693	13.305481	
986	-44.598784	8.678195	
987	-44.698857	14.161129	
988	-45.424271	14.241068	
989	-44.923016	11.264008	
990	-46.024069	9.892983	
991	-51.271388	7.608125	
992	-52.058685	8.653777	
993	-43.672677	12.072404	
994	-44.650935	13.182101	
995	-44.622517	12.054009	
996	-51.236479	9.144438	
997	-51.320146	8.745263	
998	-48.540289	10.168846	
999	-50.639260	7.677819	
1000	-43.763359	12.579680	
1001	-43.557209	14.473498	
1002	-46.757575	11.945163	
1003	-46.150536	12.043607	
1004	-43.617133	13.550787	
1005	-54.339018	6.054825	
1006	-54.619302	7.115651	
1007	-51.767660	7.974911	
1008	NaN	NaN	
1009	NaN	NaN	
1010	NaN	NaN	
1011	NaN	NaN	
1012	NaN	NaN	
1013	NaN	NaN	
1014	NaN	NaN	
1015	-47.372400	10.411399	
1016	NaN	NaN	
1017	NaN	NaN	
1018	NaN	NaN	
1019	NaN	NaN	
1020	NaN	NaN	
1021	NaN	NaN	
1022	-49.120991	11.050974	
1023	-49.124016	11.095264	
1024	-48.578263	11.071476	
1025	-48.899589	8.349462	
1026	NaN	NaN	
1027	NaN	NaN	
1028	NaN	NaN	
1029	NaN	NaN	
1030	NaN	NaN	
1031	NaN	NaN	
1032	NaN	NaN	
1033	NaN	NaN	
1034	NaN	NaN	
1035	NaN	NaN	
1036	NaN	NaN	
1037	NaN	NaN	
1038	NaN	NaN	
1039	NaN	NaN	
1040	NaN	NaN	
1041	NaN	NaN	
1042	NaN	NaN	
1043	NaN	NaN	
1044	NaN	NaN	
1045	NaN	NaN	
1046	NaN	NaN	
1047	NaN	NaN	
1048	NaN	NaN	
1049	-55.599729	7.513703	
1050	-57.793617	8.408450	
1051	-58.386543	7.810506	
1052	-58.651546	6.863450	
1053	-63.187686	4.581654	
1054	NaN	NaN	
1055	NaN	NaN	
1056	NaN	NaN	
1057	NaN	NaN	
1058	NaN	NaN	
1059	NaN	NaN	
1060	NaN	NaN	
1061	NaN	NaN	
1062	NaN	NaN	
1063	NaN	NaN	
1064	NaN	NaN	
1065	NaN	NaN	
1066	NaN	NaN	
1067	NaN	NaN	
1068	NaN	NaN	
1069	NaN	NaN	
1070	NaN	NaN	
1071	NaN	NaN	
1072	NaN	NaN	
1073	NaN	NaN	
1074	NaN	NaN	
1075	NaN	NaN	
1076	NaN	NaN	
1077	NaN	NaN	
1078	NaN	NaN	
1079	NaN	NaN	
1080	NaN	NaN	
1081	NaN	NaN	
1082	NaN	NaN	
1083	NaN	NaN	
1084	NaN	NaN	
1085	NaN	NaN	
1086	NaN	NaN	
1087	NaN	NaN	
1088	NaN	NaN	
1089	NaN	NaN	
1090	NaN	NaN	
1091	NaN	NaN	
1092	NaN	NaN	
1093	NaN	NaN	
1094	NaN	NaN	
1095	NaN	NaN	
1096	NaN	NaN	
1097	NaN	NaN	
1098	NaN	NaN	
1099	NaN	NaN	
1100	NaN	NaN	
1101	NaN	NaN	
1102	NaN	NaN	
1103	NaN	NaN	
1104	NaN	NaN	
1105	NaN	NaN	
1106	NaN	NaN	
1107	NaN	NaN	
1108	NaN	NaN	
1109	NaN	NaN	
1110	NaN	NaN	
1111	NaN	NaN	
1112	NaN	NaN	
1113	NaN	NaN	
1114	NaN	NaN	
1115	NaN	NaN	
1116	NaN	NaN	
1117	NaN	NaN	
1118	NaN	NaN	
1119	NaN	NaN	
1120	NaN	NaN	
1121	NaN	NaN	
1122	NaN	NaN	
1123	NaN	NaN	
1124	NaN	NaN	
1125	NaN	NaN	
1126	NaN	NaN	
1127	NaN	NaN	
1128	NaN	NaN	
1129	NaN	NaN	
1130	NaN	NaN	
1131	NaN	NaN	
1132	NaN	NaN	
1133	NaN	NaN	
1134	NaN	NaN	
1135	NaN	NaN	
1136	NaN	NaN	
1137	NaN	NaN	
1138	NaN	NaN	
1139	NaN	NaN	
1140	NaN	NaN	
1141	NaN	NaN	
1142	NaN	NaN	
1143	NaN	NaN	
1144	NaN	NaN	
1145	NaN	NaN	
1146	NaN	NaN	
1147	NaN	NaN	
1148	NaN	NaN	
1149	NaN	NaN	
1150	NaN	NaN	
1151	NaN	NaN	
1152	NaN	NaN	
1153	NaN	NaN	
1154	NaN	NaN	
1155	NaN	NaN	
1156	NaN	NaN	
1157	NaN	NaN	
1158	NaN	NaN	
1159	NaN	NaN	
1160	NaN	NaN	
1161	NaN	NaN	
1162	NaN	NaN	
1163	NaN	NaN	
1164	NaN	NaN	
1165	NaN	NaN	
1166	NaN	NaN	
1167	NaN	NaN	
1168	NaN	NaN	
1169	NaN	NaN	
1170	NaN	NaN	
1171	NaN	NaN	
1172	NaN	NaN	
1173	NaN	NaN	
1174	NaN	NaN	
1175	NaN	NaN	
1176	NaN	NaN	
1177	NaN	NaN	
1178	NaN	NaN	
1179	NaN	NaN	
1180	NaN	NaN	
1181	NaN	NaN	
1182	NaN	NaN	
1183	NaN	NaN	
1184	NaN	NaN	
1185	NaN	NaN	
1186	NaN	NaN	
1187	NaN	NaN	
1188	NaN	NaN	
1189	NaN	NaN	
1190	-157.179936	-145.968092	
1191	-156.618230	-147.650170	
1192	39.564214	-75.549587	
1193	35.568905	-75.522783	
1194	NaN	NaN	
1195	NaN	NaN	
1196	NaN	NaN	
1197	NaN	NaN	
1198	NaN	NaN	
1199	NaN	NaN	
1200	NaN	NaN	
1201	NaN	NaN	
1202	NaN	NaN	
1203	NaN	NaN	
1204	NaN	NaN	
1205	NaN	NaN	
1206	NaN	NaN	
1207	NaN	NaN	
1208	NaN	NaN	
1209	NaN	NaN	
1210	NaN	NaN	
1211	NaN	NaN	
1212	NaN	NaN	
1213	NaN	NaN	
1214	NaN	NaN	
1215	NaN	NaN	
1216	NaN	NaN	
1217	NaN	NaN	
1218	NaN	NaN	
1219	NaN	NaN	
1220	NaN	NaN	
1221	NaN	NaN	
1222	NaN	NaN	
1223	NaN	NaN	
1224	NaN	NaN	
1225	NaN	NaN	
1226	NaN	NaN	
1227	NaN	NaN	
1228	NaN	NaN	
1229	NaN	NaN	
1230	NaN	NaN	
1231	NaN	NaN	
1232	NaN	NaN	
1233	NaN	NaN	
1234	NaN	NaN	
1235	NaN	NaN	
1236	NaN	NaN	
1237	NaN	NaN	
1238	NaN	NaN	
1239	NaN	NaN	
1240	NaN	NaN	
1241	NaN	NaN	
1242	NaN	NaN	
1243	NaN	NaN	
1244	NaN	NaN	
1245	NaN	NaN	
1246	NaN	NaN	
1247	NaN	NaN	
1248	NaN	NaN	
1249	NaN	NaN	
1250	NaN	NaN	
1251	NaN	NaN	
1252	NaN	NaN	
1253	NaN	NaN	
1254	NaN	NaN	
1255	NaN	NaN	
1256	NaN	NaN	
1257	NaN	NaN	
1258	NaN	NaN	
1259	NaN	NaN	
1260	NaN	NaN	
1261	NaN	NaN	
1262	NaN	NaN	
1263	NaN	NaN	
1264	NaN	NaN	
1265	NaN	NaN	
1266	NaN	NaN	
1267	NaN	NaN	
1268	NaN	NaN	
1269	NaN	NaN	
1270	NaN	NaN	
1271	NaN	NaN	
1272	NaN	NaN	
1273	NaN	NaN	
1274	NaN	NaN	
1275	NaN	NaN	
1276	NaN	NaN	
1277	NaN	NaN	
1278	NaN	NaN	
1279	NaN	NaN	
1280	NaN	NaN	
1281	NaN	NaN	
1282	NaN	NaN	
1283	NaN	NaN	
1284	NaN	NaN	
1285	NaN	NaN	
1286	NaN	NaN	
1287	NaN	NaN	
1288	NaN	NaN	
1289	NaN	NaN	
1290	NaN	NaN	
1291	NaN	NaN	
1292	NaN	NaN	
1293	NaN	NaN	
1294	NaN	NaN	
1295	NaN	NaN	
1296	NaN	NaN	
1297	NaN	NaN	
1298	NaN	NaN	
1299	NaN	NaN	
1300	NaN	NaN	
1301	NaN	NaN	
1302	NaN	NaN	
1303	NaN	NaN	
1304	NaN	NaN	
1305	NaN	NaN	
1306	NaN	NaN	
1307	NaN	NaN	
1308	NaN	NaN	
1309	NaN	NaN	
1310	NaN	NaN	
1311	NaN	NaN	
1312	NaN	NaN	
1313	NaN	NaN	
1314	NaN	NaN	
1315	NaN	NaN	
1316	NaN	NaN	
1317	NaN	NaN	
1318	NaN	NaN	
1319	NaN	NaN	
1320	NaN	NaN	
1321	NaN	NaN	
1322	NaN	NaN	
1323	NaN	NaN	
1324	NaN	NaN	
1325	NaN	NaN	
1326	NaN	NaN	
1327	NaN	NaN	
1328	NaN	NaN	
1329	NaN	NaN	
1330	NaN	NaN	
1331	NaN	NaN	
1332	NaN	NaN	
1333	NaN	NaN	
1334	NaN	NaN	
1335	NaN	NaN	
1336	NaN	NaN	
1337	NaN	NaN	
1338	NaN	NaN	
1339	NaN	NaN	
1340	NaN	NaN	
1341	NaN	NaN	
1342	NaN	NaN	
1343	NaN	NaN	
1344	NaN	NaN	
1345	NaN	NaN	
1346	NaN	NaN	
1347	NaN	NaN	
1348	NaN	NaN	
1349	NaN	NaN	
1350	NaN	NaN	
1351	NaN	NaN	
1352	NaN	NaN	
1353	NaN	NaN	
1354	NaN	NaN	
1355	NaN	NaN	
1356	NaN	NaN	
1357	NaN	NaN	
1358	NaN	NaN	
1359	NaN	NaN	
1360	NaN	NaN	
1361	NaN	NaN	
1362	NaN	NaN	
1363	NaN	NaN	
1364	NaN	NaN	
1365	NaN	NaN	
1366	NaN	NaN	
1367	NaN	NaN	
1368	NaN	NaN	
1369	NaN	NaN	
1370	NaN	NaN	
1371	NaN	NaN	
1372	NaN	NaN	
1373	NaN	NaN	
1374	NaN	NaN	
1375	NaN	NaN	
1376	NaN	NaN	
1377	NaN	NaN	
1378	NaN	NaN	
1379	NaN	NaN	
1380	NaN	NaN	
1381	NaN	NaN	
1382	NaN	NaN	
1383	NaN	NaN	
1384	NaN	NaN	
1385	NaN	NaN	
1386	NaN	NaN	
1387	NaN	NaN	
1388	NaN	NaN	
1389	NaN	NaN	
1390	NaN	NaN	
1391	NaN	NaN	
1392	NaN	NaN	
1393	NaN	NaN	
1394	NaN	NaN	
1395	NaN	NaN	
1396	NaN	NaN	
1397	NaN	NaN	
1398	NaN	NaN	
1399	NaN	NaN	
1400	NaN	NaN	
1401	NaN	NaN	
1402	NaN	NaN	
1403	NaN	NaN	
1404	NaN	NaN	
1405	NaN	NaN	
1406	NaN	NaN	
1407	NaN	NaN	
1408	NaN	NaN	
1409	NaN	NaN	
1410	NaN	NaN	
1411	NaN	NaN	
1412	NaN	NaN	
1413	NaN	NaN	
1414	NaN	NaN	
1415	NaN	NaN	
1416	NaN	NaN	
1417	NaN	NaN	
1418	NaN	NaN	
1419	NaN	NaN	
1420	NaN	NaN	
1421	NaN	NaN	
1422	NaN	NaN	
1423	NaN	NaN	
1424	NaN	NaN	
1425	NaN	NaN	
1426	NaN	NaN	
1427	NaN	NaN	
1428	NaN	NaN	
1429	NaN	NaN	
1430	NaN	NaN	
1431	NaN	NaN	
1432	NaN	NaN	
1433	NaN	NaN	
1434	NaN	NaN	
1435	NaN	NaN	
1436	NaN	NaN	
1437	NaN	NaN	
1438	NaN	NaN	
1439	NaN	NaN	
1440	NaN	NaN	
1441	NaN	NaN	
1442	NaN	NaN	
1443	NaN	NaN	
