Athlete_Engineering	// User ID
11-2-2021	// Evaluation date
P006_FLEX	25-1-2021	13:22:52:852	// Source file name and timestamp
250.000	// Sampling rate
7.316	// Data capture period



Sample #	Right_Leg_Flexion	Right_Leg_Abduction	
0	-72.247758	12.946693	
1	-72.800552	13.193607	
2	-72.818853	13.372017	
3	-71.846525	12.145865	
4	-72.567524	11.875664	
5	-72.970546	12.627919	
6	-72.267788	12.577855	
7	-73.095418	11.793948	
8	-73.013346	11.249136	
9	-72.423681	12.162561	
10	-73.252621	12.761658	
11	-73.267634	12.720739	
12	-73.003975	11.585818	
13	-73.684365	11.284323	
14	-72.986859	12.573242	
15	-73.590691	12.324463	
16	-73.874493	11.659676	
17	-72.523137	10.829831	
18	-73.105659	11.525969	
19	-73.365889	11.380911	
20	-72.582643	10.444589	
21	-72.996770	10.609630	
22	-74.313359	11.107812	
23	-73.695668	11.416667	
24	-73.943626	10.947319	
25	-74.390981	11.404385	
26	-73.489546	11.266357	
27	-73.564316	10.294862	
28	-73.280030	10.648152	
29	-73.293538	10.440305	
30	-73.830999	10.331754	
31	-74.224233	10.247297	
32	-73.797400	11.994166	
33	-73.311764	11.365955	
34	-73.868898	10.055468	
35	-73.746546	10.577324	
36	-73.683264	10.960187	
37	-73.904482	11.359964	
38	-73.994071	10.749398	
39	-73.875103	11.310822	
40	-73.334972	11.030622	
41	-73.787073	11.543932	
42	-73.892498	12.633823	
43	-74.648916	11.416598	
44	-74.490519	10.418088	
45	-74.355096	11.434847	
46	-74.851253	12.228730	
47	-74.737292	13.051521	
48	-74.744195	12.925135	
49	-74.882780	12.863758	
50	-74.461360	13.151793	
51	-74.375112	12.983287	
52	-74.829972	11.849934	
53	-74.057027	12.705488	
54	-74.110980	13.397069	
55	-74.407748	12.903747	
56	-74.322153	14.326745	
57	-74.492500	15.144477	
58	-74.487919	14.932484	
59	-74.877464	11.731449	
60	-74.788326	11.927844	
61	-74.782838	14.632539	
62	-75.099585	12.421267	
63	-74.339315	11.054017	
64	-74.097609	11.816253	
65	-74.536663	11.658428	
66	-74.932226	11.134584	
67	-74.292623	11.498027	
68	-73.978794	11.439187	
69	-74.507875	8.548146	
70	-73.950360	6.684548	
71	-73.806276	7.542263	
72	-73.914595	7.785298	
73	-73.407753	8.158841	
74	-73.398924	7.742265	
75	-73.608647	7.289580	
76	-73.251758	6.821225	
77	-74.069264	11.546171	
78	-74.075994	11.922319	
79	-73.534921	8.394791	
80	-73.808524	7.923116	
81	-73.687988	10.118711	
82	-74.129988	11.380575	
83	-73.852266	9.646207	
84	-73.464672	10.496064	
85	-73.573434	9.509412	
86	-73.515096	9.661470	
87	-73.592588	10.834755	
88	-73.935690	9.722494	
89	-73.560221	8.990139	
90	-73.581038	10.889119	
91	-73.963040	12.258721	
92	-73.973311	11.865997	
93	-74.155787	11.650167	
94	-73.872611	12.867721	
95	-74.151803	12.076426	
96	-74.255149	12.207668	
97	-73.821356	12.835109	
98	-73.983179	11.722321	
99	-73.884913	12.816379	
100	-73.817082	13.137435	
101	-73.918473	12.879008	
102	-73.925022	13.252119	
103	-73.867070	13.351985	
104	-73.870640	13.716691	
105	-73.810062	13.017754	
106	-73.762600	13.001617	
107	-73.771933	13.009781	
108	-73.830094	12.693568	
109	-73.970457	13.374462	
110	-73.918503	12.955725	
111	-73.784544	13.679886	
112	-74.043328	12.533678	
113	-74.079777	13.438433	
114	-73.842223	13.665421	
115	-73.770066	11.813545	
116	-74.047327	12.201688	
117	-74.238021	12.962046	
118	-74.070314	14.389432	
119	-73.960808	13.736235	
120	-74.009121	14.504426	
121	-71.008024	23.118133	
122	-70.850817	21.469805	
123	-73.717959	13.514659	
124	-73.646013	13.553882	
125	-73.457885	13.426125	
126	-73.697187	12.632090	
127	-73.717953	12.666413	
128	-73.850651	12.397049	
129	-73.865963	12.502578	
130	-73.488755	14.178733	
131	-73.484157	14.985898	
132	-73.460451	14.925458	
133	-73.644690	15.026271	
134	-73.605752	14.598302	
135	-73.504158	14.298581	
136	-73.685526	15.043106	
137	-73.536756	12.555621	
138	-73.798179	12.392202	
139	-73.724773	14.498785	
140	-73.750255	11.411833	
141	-74.208734	8.784169	
142	-74.051458	11.426639	
143	-74.271830	13.768192	
144	-73.994349	11.237404	
145	-73.919753	10.071223	
146	-74.071015	11.833896	
147	-73.652583	13.070318	
148	-73.110062	12.519505	
149	-73.102322	15.297520	
150	-73.334881	16.990673	
151	-72.925246	15.351445	
152	-72.819646	18.754709	
153	-72.990522	18.921273	
154	-72.951727	16.534719	
155	-72.920388	17.832568	
156	-72.596147	19.027874	
157	-72.621294	18.163277	
158	-72.438553	19.374517	
159	-72.342027	20.715909	
160	-72.440750	20.702623	
161	-72.306711	21.299835	
162	-72.308833	21.251505	
163	-72.150663	20.986408	
164	-72.162772	20.430062	
165	-72.561123	20.895561	
166	-73.082684	22.151336	
167	-72.811448	22.669197	
168	-73.155378	21.527574	
169	-72.930092	19.877814	
170	-72.027532	21.130714	
171	-72.128822	21.328242	
172	-72.124199	21.085279	
173	-71.844694	21.861424	
174	-72.167464	20.542622	
175	-72.130133	20.483092	
176	-72.812448	20.889583	
177	-73.037853	20.405721	
178	-72.442455	19.832714	
179	-72.578710	19.746821	
180	-72.559364	19.948099	
181	-72.692114	17.696206	
182	-72.546584	17.369089	
183	-72.567582	18.660997	
184	-72.391893	18.480824	
185	-72.241207	18.807711	
186	-72.208709	18.560302	
187	-72.083376	17.977442	
188	-71.956464	17.515773	
189	-71.813228	17.269240	
190	-71.844211	15.063791	
191	-72.203201	12.554229	
192	-71.970528	14.341623	
193	-71.943851	13.968329	
194	-72.549282	14.518289	
195	-72.642804	15.547449	
196	-72.382879	14.426582	
197	-72.165081	14.604890	
198	-72.279949	14.926674	
199	-72.089254	16.217901	
200	-71.091372	17.019299	
201	-70.953472	16.841990	
202	-71.850417	17.611269	
203	-72.212792	19.046920	
204	-72.323284	19.843856	
205	-72.462117	20.318750	
206	-72.195642	19.010986	
207	-72.308783	18.601951	
208	-72.133962	18.688391	
209	-71.680304	17.894253	
210	-72.495623	16.963479	
211	-71.641091	15.899159	
212	-71.975001	16.472157	
213	-72.534386	17.112446	
214	-72.492730	17.553371	
215	-72.590443	18.213017	
216	-72.434822	18.508748	
217	-72.931659	19.133974	
218	-72.697584	20.103644	
219	-71.998208	20.276026	
220	-71.586445	20.695793	
221	-71.700002	20.853130	
222	-71.434361	20.505783	
223	-71.519354	20.713809	
224	-71.300099	20.731140	
225	-71.279941	21.298295	
226	-71.212307	21.417139	
227	-71.685406	20.573540	
228	-72.186697	19.553921	
229	-71.785041	20.107360	
230	-71.366921	18.113340	
231	-70.931377	15.778658	
232	-70.389164	15.793534	
233	-70.173721	15.652592	
234	-70.040413	16.171071	
235	-70.709174	16.768656	
236	-70.323055	17.136481	
237	-69.890136	17.646007	
238	-71.804341	18.848916	
239	-70.216025	17.539602	
240	-69.762311	16.424816	
241	-70.408691	15.722362	
242	-71.293064	16.456585	
243	-70.374244	16.954484	
244	-70.222910	16.403354	
245	-70.550595	17.251176	
246	-69.563817	19.090291	
247	-71.116702	16.563308	
248	-70.424605	16.139797	
249	-70.731135	21.224374	
250	-71.333728	21.347473	
251	-69.604330	19.929495	
252	-70.161925	21.534936	
253	-70.375544	21.944079	
254	-70.982243	20.058487	
255	-70.510189	21.661031	
256	-70.973845	22.087331	
257	-70.997689	22.186307	
258	-70.101733	19.668935	
259	-70.334285	17.335486	
260	-70.762774	17.997779	
261	-66.631110	19.999066	
262	-65.686103	20.332203	
263	-68.774482	19.182401	
264	-68.715345	19.829041	
265	-69.130674	19.542412	
266	-68.782455	19.524633	
267	-68.899738	20.139968	
268	-68.414342	19.989984	
269	-68.143239	20.562977	
270	-68.861751	19.942174	
271	-69.214870	17.293393	
272	-68.643433	18.241382	
273	-69.386531	17.184625	
274	-70.507585	16.586992	
275	-70.314898	19.555597	
276	-69.010052	20.192901	
277	-68.575292	20.643635	
278	-68.792490	22.450089	
279	-67.210135	21.019504	
280	-66.723364	22.096650	
281	-67.092642	23.213908	
282	-67.321184	21.842467	
283	-68.166071	24.684506	
284	-66.777512	25.577043	
285	-65.581161	22.127648	
286	-67.223774	22.066575	
287	-68.174147	21.222978	
288	-67.151583	20.313172	
289	-67.394174	22.237485	
290	-68.221977	21.848148	
291	-67.914975	21.582917	
292	-68.376117	22.843589	
293	-68.314001	23.449889	
294	-67.561394	21.480066	
295	-67.787679	22.317170	
296	-68.027807	23.633471	
297	-66.688609	22.915258	
298	-65.657058	21.855040	
299	-65.449757	20.721563	
300	-66.438455	23.423129	
301	-66.631459	23.593842	
302	-65.670317	21.996221	
303	-66.444356	22.937267	
304	-66.937533	22.304889	
305	-66.167578	22.518706	
306	-65.692455	24.536356	
307	-64.330494	24.264067	
308	-64.458457	23.254116	
309	-65.553632	25.305462	
310	-65.023549	25.318748	
311	-65.245378	26.185477	
312	-65.042609	26.640744	
313	-65.056720	25.446052	
314	-64.652749	25.991345	
315	-63.769200	25.233178	
316	-64.189206	23.627840	
317	-63.984873	23.185117	
318	-62.951448	23.112260	
319	-63.905345	24.235509	
320	-64.366344	25.749706	
321	-63.407982	25.654839	
322	-63.239202	25.074451	
323	-62.969010	22.220997	
324	-61.247271	20.121357	
325	-61.120881	22.586747	
326	-62.705401	24.626890	
327	-61.908812	24.300778	
328	-61.682153	24.129259	
329	-61.596209	23.731951	
330	-60.871541	24.465481	
331	-60.399567	23.886103	
332	-59.825131	22.562442	
333	-60.375552	24.206061	
334	-60.142141	23.957247	
335	-59.544724	22.571865	
336	-59.664568	22.650861	
337	-59.722107	22.456496	
338	-59.802185	22.353256	
339	-60.088083	21.054353	
340	-59.726601	21.557071	
341	-59.836290	23.545058	
342	-59.766585	23.230023	
343	-59.695107	24.124398	
344	-59.925647	24.828631	
345	-59.436983	24.055171	
346	-58.906461	23.854525	
347	-58.395049	22.706413	
348	-58.189262	22.494179	
349	-58.030738	22.970776	
350	-58.343067	22.527914	
351	-58.443576	22.257405	
352	-58.123239	22.745181	
353	-58.100416	22.843191	
354	-57.715301	23.315558	
355	-57.477241	24.183996	
356	-57.604379	23.858718	
357	-57.385454	23.691029	
358	-57.462908	23.491812	
359	-58.345897	18.856741	
360	-57.492541	18.556457	
361	-57.365656	20.500888	
362	-57.840474	19.517200	
363	-57.729389	19.660313	
364	-58.009035	19.863783	
365	-57.736246	19.899884	
366	-58.164552	20.225345	
367	-56.858682	20.637225	
368	-56.753946	21.922143	
369	-57.693874	23.730645	
370	-57.145018	23.901002	
371	-57.121197	23.307118	
372	-57.452281	23.618216	
373	-57.155758	24.266714	
374	-56.746490	23.797727	
375	-56.632945	24.163968	
376	-55.862746	23.775049	
377	-55.551034	23.002315	
378	-55.462372	23.147898	
379	-55.150332	22.496387	
380	-54.759815	21.631365	
381	-55.392949	23.281338	
382	-55.347748	23.542678	
383	-55.018989	23.657934	
384	-54.628280	24.300774	
385	-53.917996	23.183782	
386	-54.715077	24.674995	
387	-55.209991	24.531461	
388	-54.676254	22.277134	
389	-54.515448	22.434925	
390	-55.158080	22.053888	
391	-55.117600	21.252511	
392	-54.595270	21.519252	
393	-54.550284	21.272615	
394	-54.516539	21.055202	
395	-54.905706	20.641205	
396	-55.443443	20.298695	
397	-54.924914	20.608424	
398	-54.127407	21.403372	
399	-54.565979	21.026073	
400	-55.583911	19.357951	
401	-56.081891	19.690725	
402	-55.753072	19.333682	
403	-54.243711	22.086029	
404	-53.995635	22.475227	
405	-55.195662	19.260388	
406	-55.879995	18.664440	
407	-54.908594	22.209754	
408	-55.058538	20.879568	
409	-54.877577	20.994230	
410	-54.221676	21.107730	
411	-54.504321	21.070228	
412	-53.851032	21.589250	
413	-54.360246	22.314424	
414	-54.631602	22.548773	
415	-54.085582	22.809917	
416	-53.834064	22.826034	
417	-53.565101	22.726330	
418	-53.866951	23.831000	
419	-53.706976	23.100398	
420	-53.463042	22.912336	
421	-52.821562	23.074164	
422	-52.374027	22.846584	
423	-52.774611	24.447640	
424	-52.730068	26.273535	
425	-52.765692	26.526958	
426	-52.618097	26.533840	
427	-52.695034	26.785505	
428	-52.658218	26.984256	
429	-52.368270	26.632592	
430	-52.586980	26.691822	
431	-52.571272	27.047645	
432	-52.379582	26.288568	
433	-52.453904	26.324434	
434	-52.814792	26.666260	
435	-52.710418	27.242741	
436	-52.464117	27.472333	
437	-52.527633	27.723975	
438	-52.726906	28.363991	
439	-52.756921	27.845054	
440	-52.552029	27.411682	
441	-52.326579	26.757191	
442	-52.515367	27.707683	
443	-52.711854	27.347037	
444	-53.132460	27.972920	
445	-53.185591	29.203051	
446	-52.413852	28.327830	
447	-51.702901	26.420084	
448	-51.881925	26.689748	
449	-51.974632	25.721889	
450	-51.841292	25.133361	
451	-51.655590	25.134768	
452	-51.476699	23.501944	
453	-51.892094	23.146292	
454	-50.771415	23.074230	
455	-50.211676	23.478167	
456	-50.586658	23.111335	
457	-50.951469	22.941337	
458	-50.370034	23.140514	
459	-50.050206	22.991458	
460	-50.106702	22.781664	
461	-49.586711	23.308671	
462	-49.680385	22.572263	
463	-49.989772	22.268347	
464	-49.619739	22.842653	
465	-49.558034	23.797141	
466	-49.763140	23.536636	
467	-49.827023	23.483810	
468	-49.978777	24.067139	
469	-49.302291	23.575334	
470	-49.624372	24.428755	
471	-50.095896	24.582124	
472	-49.899758	24.259406	
473	-49.931172	24.196118	
474	-49.754557	23.484427	
475	-49.025849	23.457164	
476	-49.100168	25.401677	
477	-49.660140	25.565557	
478	-49.168734	23.736034	
479	-49.113990	24.055149	
480	-48.935095	24.025175	
481	-49.243364	24.730395	
482	-49.627593	25.084222	
483	-49.799139	25.226849	
484	-49.946232	26.255095	
485	-49.549285	26.471001	
486	-48.184840	24.821867	
487	-48.747147	24.409807	
488	-48.237739	23.842930	
489	-49.249649	24.180301	
490	-49.641508	24.001161	
491	-48.013463	22.622030	
492	-49.601881	25.010626	
493	-49.971811	25.078632	
494	-49.757283	24.783895	
495	-51.580554	26.411903	
496	-50.670875	24.233565	
497	-50.832299	24.325036	
498	-50.935721	24.601953	
499	-51.108234	23.199529	
500	-52.390586	24.358343	
501	-51.250000	23.343265	
502	-50.886931	21.388851	
503	-50.941574	21.105833	
504	-51.467654	22.243620	
505	-51.587072	22.109103	
506	-51.155787	21.490574	
507	-51.451824	20.956614	
508	-51.243503	20.601121	
509	-51.982851	21.024663	
510	-52.178476	20.640408	
511	-51.453279	20.828328	
512	-52.372198	21.645719	
513	-52.697874	21.910793	
514	-51.803624	20.784796	
515	-52.207235	21.210310	
516	-52.888617	21.631158	
517	-52.394430	20.869467	
518	-51.898761	20.019481	
519	-51.534146	19.565653	
520	-51.373619	19.538249	
521	-52.369844	20.551647	
522	-52.355622	19.451807	
523	-51.916746	18.872372	
524	-51.579667	18.658864	
525	-51.336509	17.579187	
526	-51.800990	18.047025	
527	-51.553754	17.708642	
528	-51.448962	17.193855	
529	-52.267062	18.088425	
530	-52.768967	18.979539	
531	-52.597075	18.522646	
532	-53.124543	18.846586	
533	-53.487344	19.213616	
534	-53.386883	18.924911	
535	-53.915401	19.008414	
536	-54.029215	20.320755	
537	-54.451920	20.989542	
538	-55.241340	20.731076	
539	-55.251695	20.172821	
540	-55.086918	20.205130	
541	-55.646435	20.773002	
542	-55.695230	20.927020	
543	-55.122186	21.403221	
544	-55.611826	21.235290	
545	-55.879910	20.468090	
546	-55.666406	20.461000	
547	-55.855094	20.451539	
548	-55.935700	19.220254	
549	-56.418656	18.465906	
550	-56.205066	19.492092	
551	-55.689952	19.755260	
552	-55.351812	18.804443	
553	-54.977136	20.051336	
554	-55.759869	21.471751	
555	-55.939358	20.829785	
556	-56.127844	19.661018	
557	-56.554484	19.876313	
558	-56.757844	19.740174	
559	-57.105077	19.267393	
560	-57.612816	19.380048	
561	-58.460669	18.249659	
562	-59.008032	17.601925	
563	-59.332656	16.974188	
564	-59.398973	19.021463	
565	-58.856365	18.493834	
566	-58.662758	17.286539	
567	-58.893890	18.792335	
568	-58.505149	17.914195	
569	-59.357093	18.853052	
570	-59.571305	18.885874	
571	-59.281390	18.142748	
572	-59.890053	18.585562	
573	-59.931993	17.858584	
574	-60.199519	17.544054	
575	-60.264785	18.500986	
576	-60.034444	20.072152	
577	-60.810148	21.929323	
578	-60.910467	21.687559	
579	-61.344968	20.447816	
580	-61.936469	17.310802	
581	-61.377663	15.221628	
582	-61.346353	16.484132	
583	-61.166542	16.433807	
584	-61.571411	16.943041	
585	-61.250349	17.628267	
586	-61.371208	16.124674	
587	-62.389797	15.891213	
588	-62.550857	16.073661	
589	-62.705733	16.531123	
590	-62.447876	17.548692	
591	-62.501343	17.166184	
592	-62.826664	16.003688	
593	-63.133593	17.607323	
594	-63.571198	20.139974	
595	-63.660436	20.549357	
596	-65.318463	19.914103	
597	-63.638000	17.674811	
598	-64.558527	18.215159	
599	-64.455726	17.647060	
600	-62.745167	16.911396	
601	-64.735730	18.649872	
602	-64.631556	17.916110	
603	-63.936962	14.250680	
604	-63.138889	12.769628	
605	-64.117090	14.160609	
606	-64.553462	13.415428	
607	-65.011249	15.636058	
608	-65.137363	18.316392	
609	-65.078290	16.528711	
610	-65.393480	16.609521	
611	-65.331955	17.309803	
612	-65.203103	18.399333	
613	-65.180511	18.405711	
614	-65.210631	18.055403	
615	-65.453013	17.572101	
616	-65.785099	17.703399	
617	-65.848497	17.898102	
618	-65.582446	18.001969	
619	-66.129398	19.275606	
620	-66.553695	19.860467	
621	-66.346310	21.148224	
622	-66.988798	20.994620	
623	-67.782146	21.090746	
624	-67.270264	22.980533	
625	-67.230606	24.211082	
626	-66.864291	22.715523	
627	-66.883107	20.777776	
628	-67.997363	19.010016	
629	-67.290657	16.837370	
630	-66.497029	19.285729	
631	-66.039254	20.549667	
632	-65.484078	19.561114	
633	-66.503684	19.004335	
634	-67.591979	18.711916	
635	-66.782818	18.221720	
636	-67.330199	19.414475	
637	-68.723703	21.478107	
638	-68.678942	20.858492	
639	-68.445442	20.080455	
640	-68.782050	19.953902	
641	-66.692083	18.448820	
642	-66.952095	18.326906	
643	-69.421080	19.206457	
644	-68.979497	18.428218	
645	-71.095735	20.582990	
646	-69.660224	19.391259	
647	-67.021038	15.756532	
648	-69.333428	17.694267	
649	-69.183915	16.548779	
650	-69.103937	16.712488	
651	-69.156347	20.098134	
652	-69.133821	20.140370	
653	-68.420172	18.821385	
654	-67.469481	18.140586	
655	-68.125324	17.289254	
656	-68.339664	16.964410	
657	-67.987791	15.562550	
658	-67.934781	14.131471	
659	-67.995566	15.738008	
660	-68.509046	17.071908	
661	-69.315963	18.122429	
662	-69.300153	16.824249	
663	-68.891097	16.183789	
664	-69.481531	14.223804	
665	-69.937147	12.907782	
666	-69.299666	14.651730	
667	-69.629340	15.119345	
668	-70.603394	15.501154	
669	-71.195642	17.405917	
670	-71.138381	18.345409	
671	-71.108398	16.686477	
672	-71.185173	17.232164	
673	-71.275786	16.231167	
674	-71.277479	15.252460	
675	-71.320728	15.395929	
676	-71.273879	13.187704	
677	-71.611230	14.488371	
678	-71.076148	15.376655	
679	-70.060348	15.662313	
680	-69.776386	16.314365	
681	-69.777943	15.822624	
682	-70.401204	16.950152	
683	-70.914423	16.143695	
684	-71.892257	15.073958	
685	-72.380507	15.392895	
686	-72.316383	14.134216	
687	-71.823553	14.698332	
688	-70.929844	12.910242	
689	-70.882714	10.585356	
690	-71.046494	9.433667	
691	-71.760109	9.948057	
692	-71.452136	12.031892	
693	-71.230631	12.324759	
694	-71.896917	8.973865	
695	-72.576590	9.008915	
696	-72.961305	15.816970	
697	-72.821859	14.217190	
698	-72.355791	13.196204	
699	-72.102486	15.782793	
700	-72.234633	15.601794	
701	-72.063723	15.887971	
702	-72.538908	16.256509	
703	-72.151120	17.765749	
704	-72.517118	16.814735	
705	-72.492495	16.596696	
706	-72.372438	17.369777	
707	-72.883550	16.930480	
708	-72.985105	17.699976	
709	-72.027915	14.583989	
710	-72.136252	13.002112	
711	-72.717154	14.552760	
712	-72.478295	12.183940	
713	-72.868105	13.175879	
714	-72.995399	15.265087	
715	-72.082112	14.028501	
716	-71.612323	14.736494	
717	-72.784724	14.744055	
718	-72.993762	13.804883	
719	-72.779405	14.629573	
720	-72.364871	15.723468	
721	-72.761911	14.523963	
722	-73.116725	14.537144	
723	-72.537775	15.884264	
724	-72.355009	15.559186	
725	-72.330772	15.472918	
726	-72.735273	15.470432	
727	-72.914652	13.922942	
728	-72.442377	14.691357	
729	-72.450451	15.261464	
730	-72.569840	14.188057	
731	-72.452360	14.821245	
732	-72.309022	16.044487	
733	-72.002758	16.470836	
734	-72.566325	15.940112	
735	-72.132829	15.307898	
736	-72.055208	15.390423	
737	-72.694880	14.612806	
738	-72.750559	14.772100	
739	-72.768936	14.662039	
740	-72.827824	12.775020	
741	-72.984529	14.387446	
742	-72.836104	13.825236	
743	-73.540013	10.131328	
744	-72.827304	14.427670	
745	-72.261956	16.971714	
746	-72.746396	15.643438	
747	-71.620086	17.130206	
748	-71.942305	17.459091	
749	-73.259788	15.303397	
750	-73.182330	14.930370	
751	-73.321056	15.440222	
752	-73.770530	14.561941	
753	-73.969351	14.825640	
754	-73.153804	16.202312	
755	-74.142459	14.692068	
756	-73.851739	15.115227	
757	-73.095278	15.869530	
758	-73.047510	16.139220	
759	-73.038678	16.334651	
760	-73.268513	16.728179	
761	-72.287290	19.589019	
762	-72.766693	17.445359	
763	-73.283885	13.745300	
764	-73.030722	18.560166	
765	-72.999500	21.826898	
766	-72.684103	19.432044	
767	-72.420658	19.948779	
768	-72.903750	19.579917	
769	-73.165764	19.707915	
770	-72.950959	16.293983	
771	-72.965099	14.372099	
772	-72.879163	16.463646	
773	-72.921467	15.600567	
774	-73.217976	15.209179	
775	-73.123129	17.021683	
776	-72.659024	17.828547	
777	-72.460338	17.083246	
778	-72.424060	17.315539	
779	-72.424648	16.119758	
780	-71.744039	15.341757	
781	-70.994087	13.593184	
782	-70.925637	14.102693	
783	-70.845903	16.810478	
784	-71.235700	16.879509	
785	-71.313814	17.359114	
786	-71.156943	17.731840	
787	-71.326749	18.684596	
788	-71.309776	18.779669	
789	-71.280087	18.144468	
790	-71.275987	18.132896	
791	-70.989599	17.454845	
792	-71.013945	17.348235	
793	-70.878591	17.743295	
794	-71.881909	19.047778	
795	-71.779382	18.547450	
796	-71.649109	18.374251	
797	-72.031438	19.445582	
798	-72.046295	19.176674	
799	-71.977399	18.704452	
800	-70.378863	16.823722	
801	-70.771684	16.421926	
802	-71.312543	16.677681	
803	-71.594578	17.036960	
804	-72.004290	17.416970	
805	-71.691110	16.997646	
806	-71.137950	16.814031	
807	-71.788904	17.215102	
808	-72.328663	16.463794	
809	-71.687891	16.175430	
810	-71.353679	16.369307	
811	-72.287169	17.037569	
812	-71.258351	15.954531	
813	-69.167374	13.687047	
814	-69.318888	15.795396	
815	-68.727130	16.414888	
816	-68.278735	16.143035	
817	-68.389923	16.511301	
818	-68.627626	16.394381	
819	-68.676134	17.683421	
820	-70.627160	17.904402	
821	-71.170779	17.827974	
822	-71.410168	18.400364	
823	-72.705716	18.491832	
824	-72.297142	17.689786	
825	-70.308678	17.583385	
826	-69.732945	20.480306	
827	-69.947735	20.068781	
828	-70.802661	19.106582	
829	-70.809119	19.576470	
830	-70.084808	19.501948	
831	-68.332253	19.031765	
832	-67.932288	18.984644	
833	-70.474373	20.904692	
834	-67.249789	20.494401	
835	-67.785975	19.264941	
836	-70.143771	18.117544	
837	-69.513579	17.534337	
838	-70.386786	18.301012	
839	-71.171861	19.580334	
840	-71.984242	19.342239	
841	-71.175313	19.622688	
842	-69.887146	19.418811	
843	-70.271194	18.996490	
844	-70.463869	19.047424	
845	-70.030220	19.556711	
846	-69.465111	20.911181	
847	-69.547137	22.415099	
848	-68.752466	21.856019	
849	-68.131451	22.320739	
850	-68.225724	22.217451	
851	-67.826707	21.006840	
852	-67.581242	21.206193	
853	-69.273830	21.863203	
854	-70.643922	20.283380	
855	-69.916490	21.345429	
856	-69.922648	22.267976	
857	-69.794822	21.599013	
858	-70.059842	23.084470	
859	-69.955587	23.604896	
860	-69.236168	24.870549	
861	-68.485366	23.746302	
862	-67.391884	18.243991	
863	-67.136861	16.449633	
864	-66.971882	19.143616	
865	-66.189694	21.744751	
866	-65.705024	20.588253	
867	-67.947315	26.935868	
868	-69.277227	26.399402	
869	-68.561992	19.670509	
870	-68.416293	23.064343	
871	-68.407039	23.799775	
872	-68.094103	23.876849	
873	-67.332287	22.349844	
874	-66.903405	19.737377	
875	-66.910657	18.007281	
876	-67.079702	17.702393	
877	-66.285286	17.976459	
878	-66.505062	19.352326	
879	-66.944467	21.029953	
880	-66.041748	22.340780	
881	-66.257128	21.798017	
882	-66.838287	21.475361	
883	-66.888847	21.205009	
884	-66.982550	21.215538	
885	-66.260614	21.418551	
886	-65.802851	22.690730	
887	-66.623787	22.898410	
888	-65.524692	20.722620	
889	-65.633397	25.068080	
890	-65.587977	24.015885	
891	-64.347038	18.681673	
892	-64.603429	21.743057	
893	-64.002961	23.841513	
894	-64.320429	22.314103	
895	-64.161152	21.657869	
896	-63.483290	22.029229	
897	-63.853183	21.866238	
898	-63.347212	23.021260	
899	-62.461667	24.303023	
900	-62.468869	26.341023	
901	-62.528229	26.554342	
902	-61.588466	23.974407	
903	-61.053620	23.961905	
904	-61.795373	24.965722	
905	-62.750517	23.507287	
906	-61.943397	22.548656	
907	-62.269777	23.296918	
908	-57.825911	22.771780	
909	-57.306782	24.908924	
910	-61.370409	24.816857	
911	-58.845954	22.134698	
912	-58.926414	21.447832	
913	-60.330495	20.290341	
914	-60.599771	21.755536	
915	-60.930829	22.003722	
916	-60.596340	22.913211	
917	-59.713125	23.695429	
918	-59.981375	22.820850	
919	-59.707132	22.397270	
920	-58.925823	22.553935	
921	-58.990653	23.070934	
922	-59.282386	23.052358	
923	-58.675785	23.149282	
924	-58.409844	23.258921	
925	-58.341952	23.214946	
926	-58.459777	23.319796	
927	-58.484533	23.632565	
928	-58.353165	23.943593	
929	-58.367537	23.496502	
930	-57.684939	23.611857	
931	-57.314547	23.755708	
932	-57.504111	22.777841	
933	-57.206596	22.204620	
934	-56.460912	22.945213	
935	-56.012601	22.286495	
936	-56.717871	20.952189	
937	-56.914621	20.386706	
938	-56.214872	19.978477	
939	-56.628929	20.339394	
940	-56.962323	20.284745	
941	-56.300017	19.729052	
942	-56.130807	20.540708	
943	-56.596366	21.886483	
944	-56.380152	21.169056	
945	-55.041553	20.855023	
946	-54.442916	20.828045	
947	-54.205311	19.874499	
948	-54.266735	21.142394	
949	-54.716702	21.075141	
950	-54.620666	20.225497	
951	-54.824887	20.448769	
952	-54.962204	20.378068	
953	-54.446713	19.999817	
954	-54.613153	21.260632	
955	-54.513804	21.158577	
956	-53.706046	19.469355	
957	-54.722099	21.464306	
958	-55.447179	23.099641	
959	-55.007267	23.196637	
960	-54.995075	23.748949	
961	-54.950750	24.025172	
962	-54.888769	24.047038	
963	-54.863693	24.211671	
964	-54.632062	25.047938	
965	-54.315698	25.181405	
966	-54.349573	24.690238	
967	-54.434822	24.683240	
968	-54.269123	24.289789	
969	-54.187313	25.628035	
970	-54.058626	26.670969	
971	-53.937339	26.765328	
972	-54.045040	26.764795	
973	-54.000685	26.636407	
974	-53.931731	26.800069	
975	-53.323186	26.957988	
976	-54.960712	27.139397	
977	-55.595594	26.313279	
978	-54.078727	25.483013	
979	-55.653622	25.455899	
980	-57.004864	26.290866	
981	-55.431691	25.895036	
982	-54.865655	26.149604	
983	-55.090446	26.913792	
984	-54.387432	26.995328	
985	-53.697436	25.908870	
986	-54.367207	25.300177	
987	-54.314898	25.807318	
988	-51.796877	22.398177	
989	-53.203772	22.162982	
990	-52.258513	22.903074	
991	-51.290165	21.790619	
992	-51.496964	21.337999	
993	-52.083306	21.637355	
994	-54.191082	23.056903	
995	-53.648012	22.504502	
996	-54.001514	23.050969	
997	-54.143018	23.350969	
998	-53.822080	23.171452	
999	-53.737527	22.416254	
1000	-53.530387	22.445371	
1001	-53.676158	23.476077	
1002	-53.190223	23.353467	
1003	-52.923684	23.292601	
1004	-52.643653	24.000192	
1005	-51.853396	23.929852	
1006	-51.887325	23.355785	
1007	-52.243609	23.353012	
1008	-52.028171	22.899595	
1009	-51.651174	24.142477	
1010	-52.838532	24.737468	
1011	-53.024508	23.826195	
1012	-52.812945	24.505075	
1013	-52.583816	24.396460	
1014	-51.604038	23.637973	
1015	-52.099404	24.496800	
1016	-51.935417	24.528195	
1017	-51.409101	24.685029	
1018	-51.385145	25.461178	
1019	-51.244361	24.547762	
1020	-52.146153	25.172267	
1021	-52.610790	24.946057	
1022	-52.419916	24.394709	
1023	-52.114824	25.988892	
1024	-51.440888	25.565842	
1025	-49.930835	24.988817	
1026	-50.101224	25.592014	
1027	-51.134137	25.813870	
1028	-50.451768	25.607017	
1029	-50.531531	25.342947	
1030	-50.933996	25.903358	
1031	-50.482018	25.952018	
1032	-50.227703	25.362859	
1033	-50.230420	25.788271	
1034	-50.146420	25.704705	
1035	-50.834608	26.793334	
1036	-50.886049	26.750472	
1037	-49.868977	25.302463	
1038	-49.670276	25.547486	
1039	-49.557500	25.380436	
1040	-50.230463	26.373957	
1041	-49.308864	26.469330	
1042	-48.627389	25.540056	
1043	-50.906861	27.273396	
1044	-51.173782	27.424897	
1045	-50.675665	26.918205	
1046	-50.829520	26.856425	
1047	-52.717396	28.310931	
1048	-51.172774	26.116346	
1049	-50.843261	25.986626	
1050	-52.233216	26.001619	
1051	-52.557026	27.214105	
1052	-52.941647	26.489008	
1053	-52.950965	26.660169	
1054	-52.530935	27.987053	
1055	-52.506475	27.534819	
1056	-53.132790	27.499742	
1057	-52.707539	25.014698	
1058	-52.331128	24.703832	
1059	-52.846029	23.671667	
1060	-52.082946	23.290330	
1061	-51.813477	25.203689	
1062	-52.146722	24.042920	
1063	-52.116422	23.481890	
1064	-53.100366	22.091156	
1065	-53.350394	22.056291	
1066	-53.067234	20.936165	
1067	-53.444993	20.258211	
1068	-53.398864	21.268843	
1069	-53.098583	21.791928	
1070	-52.826642	22.394204	
1071	-54.339356	22.695884	
1072	-47.462256	20.637185	
1073	-46.679210	19.982886	
1074	-52.907352	22.055778	
1075	-51.617253	21.126676	
1076	-53.878909	21.471081	
1077	-48.168620	21.439742	
1078	-47.965648	21.186257	
1079	-53.722052	21.847639	
1080	-52.747996	22.458975	
1081	-53.138945	22.110123	
1082	-52.750379	23.056213	
1083	-52.538904	24.832710	
1084	-52.624806	24.321839	
1085	-53.003642	23.409589	
1086	-52.920137	23.328272	
1087	-52.694215	21.796220	
1088	-52.762408	20.002683	
1089	-53.545957	22.866103	
1090	-53.778071	22.145869	
1091	-53.906371	20.970275	
1092	-54.587830	23.904059	
1093	-54.517127	25.723643	
1094	-54.688192	24.431138	
1095	-54.856221	22.100040	
1096	-55.002413	21.082044	
1097	-54.939018	20.512433	
1098	-55.299835	19.655912	
1099	-55.356316	19.746928	
1100	-56.254356	19.877501	
1101	-56.920028	19.829655	
1102	-56.444452	19.041842	
1103	-56.454453	19.245028	
1104	-56.153065	19.130330	
1105	-55.910405	20.175860	
1106	-55.826761	20.909215	
1107	-55.525382	19.618517	
1108	-54.908098	20.043013	
1109	-55.300930	18.338399	
1110	-55.621626	18.644714	
1111	-55.416863	19.915219	
1112	-56.378091	20.319443	
1113	-56.828447	19.361298	
1114	-56.820782	18.683992	
1115	-57.297114	19.198640	
1116	-57.366936	19.009295	
1117	-57.708269	17.397260	
1118	-58.627325	16.925686	
1119	-58.767541	19.347902	
1120	-58.355220	19.793264	
1121	-58.414710	18.406806	
1122	-58.556144	18.287971	
1123	-58.805096	18.075854	
1124	-58.766085	19.483515	
1125	-59.484427	19.122313	
1126	-60.193243	17.500665	
1127	-60.401621	18.951858	
1128	-60.469802	20.057157	
1129	-60.080473	19.504542	
1130	-60.074778	19.187700	
1131	-61.223446	19.941547	
1132	-61.124771	18.186340	
1133	-60.067819	17.353249	
1134	-59.943528	18.182996	
1135	-60.514899	16.621537	
1136	-60.789968	17.797279	
1137	-61.358407	19.433944	
1138	-62.136869	17.884604	
1139	-61.149991	16.062878	
1140	-60.367888	16.774856	
1141	-60.996476	16.771904	
1142	-61.698709	14.231830	
1143	-62.045310	14.456334	
1144	-62.260794	14.578403	
1145	-62.978188	15.824758	
1146	-63.086044	18.163987	
1147	-63.432064	17.003488	
1148	-64.090550	16.327400	
1149	-64.041031	14.703046	
1150	-64.011906	14.026744	
1151	-64.084506	15.479115	
1152	-64.136832	15.262436	
1153	-64.172775	15.405313	
1154	-64.768716	16.977262	
1155	-65.073021	16.772780	
1156	-64.549858	15.547876	
1157	-64.433374	15.217697	
1158	-65.371822	16.905034	
1159	-65.173014	16.790854	
1160	-65.774146	15.271251	
1161	-66.099259	16.611770	
1162	-66.056017	15.586417	
1163	-66.350536	15.906666	
1164	-66.074882	16.982782	
1165	-66.449130	15.703563	
1166	-67.162191	16.882273	
1167	-66.827721	15.151864	
1168	-66.987920	10.933172	
1169	-67.999709	15.326608	
1170	-67.203351	17.387102	
1171	-66.997387	14.356956	
1172	-67.313180	14.169449	
1173	-67.052312	16.046983	
1174	-66.535528	17.666135	
1175	-66.666116	16.396003	
1176	-65.901791	14.612617	
1177	-66.476423	13.540407	
1178	-68.416392	15.475776	
1179	-68.273513	18.119131	
1180	-67.849587	15.095774	
1181	-67.496451	12.709955	
1182	-67.459701	15.721461	
1183	-67.652061	16.063380	
1184	-67.486276	11.716899	
1185	-68.508896	12.744243	
1186	-68.892915	13.543919	
1187	-69.478158	15.302122	
1188	-70.345818	19.190571	
1189	-69.679866	15.373393	
1190	-70.867318	11.086711	
1191	-70.666983	12.769628	
1192	-70.599291	15.222291	
1193	-71.426041	14.961714	
1194	-71.320068	14.786416	
1195	-71.518553	14.136620	
1196	-70.279347	13.151576	
1197	-70.792702	14.861494	
1198	-71.115786	16.695573	
1199	-70.378762	15.303556	
1200	-70.504222	15.400398	
1201	-70.831354	17.139546	
1202	-71.007340	16.499447	
1203	-71.017778	16.874987	
1204	-71.300088	18.886319	
1205	-70.568837	19.972318	
1206	-69.820999	17.921285	
1207	-70.589940	15.004103	
1208	-68.281223	12.021118	
1209	-67.488662	11.055023	
1210	-70.972026	12.211427	
1211	-71.782197	11.524440	
1212	-71.654526	12.998462	
1213	-71.258567	14.206192	
1214	-72.914244	13.933821	
1215	-73.223973	13.318406	
1216	-71.882771	13.618230	
1217	-73.558621	12.016605	
1218	-73.625855	11.302912	
1219	-72.035442	12.528092	
1220	-71.550189	12.866706	
1221	-71.989363	13.780431	
1222	-72.373013	14.093279	
1223	-72.418576	13.943377	
1224	-72.617249	14.970810	
1225	-72.566512	15.868751	
1226	-71.815480	15.737098	
1227	-70.479231	12.554770	
1228	-71.190282	11.676485	
1229	-71.762835	11.430621	
1230	-71.826185	11.615332	
1231	-72.376338	13.246048	
1232	-72.664083	13.473110	
1233	-73.183469	14.851132	
1234	-73.356989	15.150752	
1235	-71.817734	21.109873	
1236	-71.422157	23.277044	
1237	-73.629799	15.903004	
1238	-74.044922	15.224962	
1239	-73.754916	15.532893	
1240	-73.826471	15.106756	
1241	-74.266406	14.301770	
1242	-73.627717	13.717112	
1243	-73.065674	11.765722	
1244	-71.845667	11.001066	
1245	-71.679755	10.516334	
1246	-72.141878	11.048114	
1247	-72.237043	12.489797	
1248	-72.129938	10.310415	
1249	-71.654812	8.846417	
1250	-71.850535	10.651439	
1251	-72.748621	13.833907	
1252	-72.871009	13.573928	
1253	-73.469186	14.948577	
1254	-73.867946	14.722810	
1255	-72.618975	11.645145	
1256	-72.735481	12.878069	
1257	-73.624614	13.904004	
1258	-73.532113	11.038556	
1259	-73.396415	8.932797	
1260	-73.563437	10.641190	
1261	-73.522215	11.182797	
1262	-73.382470	11.660181	
1263	-73.659407	12.364536	
1264	-74.237472	12.116291	
1265	-74.294936	12.335529	
1266	-74.189161	11.754925	
1267	-74.123408	10.616981	
1268	-74.110287	10.509324	
1269	-74.020152	11.199261	
1270	-73.969964	13.468203	
1271	-73.890436	13.336612	
1272	-73.956973	11.824083	
1273	-74.166383	13.224399	
1274	-73.973328	12.432254	
1275	-73.854512	12.873835	
1276	-73.975431	13.454530	
1277	-74.067270	12.631163	
1278	-73.790603	13.965318	
1279	-73.613661	15.046691	
1280	-73.759254	14.434904	
1281	-73.961992	14.480696	
1282	-73.967233	14.162706	
1283	-73.982159	14.659914	
1284	-73.809360	15.943876	
1285	-74.174011	16.155330	
1286	-74.151149	16.202331	
1287	-74.408028	17.185908	
1288	-74.476285	15.769571	
1289	-74.116862	14.946627	
1290	-74.403840	14.869190	
1291	-74.150446	13.424230	
1292	-73.790495	14.757634	
1293	-74.125667	15.106478	
1294	-74.044039	15.372731	
1295	-73.939484	16.553136	
1296	-74.980742	17.489778	
1297	-74.798785	17.027067	
1298	-74.305752	15.662757	
1299	-74.165671	15.099321	
1300	-73.813750	16.383416	
1301	-74.428277	20.210912	
1302	-77.240292	24.690518	
1303	-77.106489	22.711049	
1304	-76.511853	23.208885	
1305	-76.389023	23.879273	
1306	-76.649308	25.030594	
1307	-75.455026	21.429008	
1308	-73.357164	18.868404	
1309	-73.775201	18.702968	
1310	-73.935926	17.824241	
1311	-72.721840	19.515937	
1312	-73.294034	22.193346	
1313	-76.966905	19.690145	
1314	-72.578474	13.570492	
1315	-73.264815	15.659519	
1316	-74.019984	16.123509	
1317	-73.566886	15.894228	
1318	-73.210452	16.668498	
1319	-72.507051	14.662557	
1320	-72.994243	14.001607	
1321	-73.388640	13.644119	
1322	-74.116600	12.539518	
1323	-74.105259	13.135762	
1324	-73.838076	14.152824	
1325	-74.522818	14.592174	
1326	-74.943372	15.016090	
1327	-74.974710	14.873468	
1328	-75.408561	15.555625	
1329	-74.995688	17.702602	
1330	-74.879671	16.695965	
1331	-75.510408	16.308982	
1332	-75.139810	17.505623	
1333	-74.910425	17.351088	
1334	-74.860069	19.111113	
1335	-74.986678	20.261708	
1336	-75.048976	20.648143	
1337	-74.943498	22.120662	
1338	-75.010563	23.157276	
1339	-74.480117	23.003406	
1340	-74.282599	22.126175	
1341	-73.909215	21.085653	
1342	-73.412102	20.878600	
1343	-73.636065	20.635333	
1344	-73.747437	20.320205	
1345	-73.431755	20.232741	
1346	-74.513117	21.749038	
1347	-74.433331	20.312053	
1348	-74.798742	20.076653	
1349	-74.999283	22.035430	
1350	-73.672981	19.909142	
1351	-73.529920	18.865231	
1352	-73.182171	18.517592	
1353	-73.170171	17.443621	
1354	-73.148712	18.011682	
1355	-75.503948	20.652096	
1356	-75.845307	19.595897	
1357	-76.334588	20.801662	
1358	-72.852316	16.255915	
1359	-73.053814	16.862644	
1360	-73.212028	17.639379	
1361	-73.284329	18.116738	
1362	-73.701581	16.949582	
1363	-74.353046	16.051850	
1364	-74.479228	16.337831	
1365	-73.477539	15.967566	
1366	-73.548233	21.770908	
1367	-73.865794	21.720250	
1368	-73.451082	19.474875	
1369	-73.274039	20.977894	
1370	-72.524405	20.848368	
1371	-72.884305	21.405362	
1372	-73.364508	19.481046	
1373	-72.862052	20.554604	
1374	-72.519742	21.881949	
1375	-73.187192	20.995779	
1376	-73.672380	22.211973	
1377	-73.590943	22.051397	
1378	-73.268260	20.804805	
1379	-73.026184	20.589467	
1380	-72.931728	20.527941	
1381	-72.192992	22.422532	
1382	-72.000949	23.664992	
1383	-71.454177	22.466994	
1384	-70.424260	19.263958	
1385	-71.441896	20.312669	
1386	-71.293814	22.484976	
1387	-70.538830	21.195704	
1388	-70.881506	21.993793	
1389	-71.235664	23.100752	
1390	-71.157263	20.901813	
1391	-71.327070	19.649614	
1392	-71.570629	19.305423	
1393	-71.204464	19.503423	
1394	-71.633888	22.197916	
1395	-73.423431	24.343532	
1396	-73.291083	20.632092	
1397	-70.847381	20.259673	
1398	-69.790356	18.376979	
1399	-69.361406	20.467462	
1400	-70.244592	19.354017	
1401	-69.233291	19.420860	
1402	-67.605941	20.734801	
1403	-68.369445	20.579736	
1404	-69.276523	20.420196	
1405	-69.762569	19.689162	
1406	-69.812153	20.451870	
1407	-69.028802	21.622259	
1408	-68.724960	19.953834	
1409	-66.891876	18.470613	
1410	-65.632901	20.221319	
1411	-67.409148	21.707856	
1412	-65.969305	22.206150	
1413	-65.210297	19.812614	
1414	-66.620108	19.631818	
1415	-68.105454	23.410387	
1416	-67.723378	24.308037	
1417	-66.770292	23.604578	
1418	-64.116679	22.380477	
1419	-63.762698	22.396563	
1420	-65.817456	23.016872	
1421	-64.377578	23.593294	
1422	-63.816851	21.575794	
1423	-64.283065	19.517521	
1424	-64.370354	21.294476	
1425	-64.599204	23.401053	
1426	-63.807079	22.818826	
1427	-62.921071	22.427561	
1428	-63.561367	21.883180	
1429	-63.951187	21.298291	
1430	-63.618325	21.486646	
1431	-63.672198	20.718596	
1432	-63.025774	19.653625	
1433	-61.892991	19.405554	
1434	-60.828388	20.617439	
1435	-61.812212	21.957902	
1436	-62.655925	22.464146	
1437	-61.572529	22.107445	
1438	-61.616100	22.873035	
1439	-62.461599	22.931196	
1440	-62.544722	22.051524	
1441	-61.641125	21.240078	
1442	-60.591196	23.728317	
1443	-60.320210	23.132208	
1444	-60.285649	20.062919	
1445	-59.842650	21.497581	
1446	-59.274803	22.280202	
1447	-58.640178	21.188357	
1448	-58.332743	18.553841	
1449	-57.873587	20.493085	
1450	-57.545088	22.700126	
1451	-57.399920	21.699403	
1452	-57.535210	21.068894	
1453	-57.768597	20.527337	
1454	-56.491296	19.882093	
1455	-56.439411	19.862263	
1456	-56.736998	18.924665	
1457	-56.612799	18.538454	
1458	-55.821787	21.378024	
1459	-55.637384	19.686552	
1460	-56.298591	20.646951	
1461	-55.381202	22.985136	
1462	-55.477928	21.808851	
1463	-54.648936	22.303294	
1464	-54.587338	22.306780	
1465	-54.962160	23.438331	
1466	-53.610191	21.743559	
1467	-53.504359	21.129486	
1468	-53.702495	21.633025	
1469	-53.842364	20.729048	
1470	-54.314535	20.927907	
1471	-54.336151	20.295642	
1472	-54.472585	20.148257	
1473	-53.424068	20.484320	
1474	-53.038505	18.916277	
1475	-53.428465	18.220721	
1476	-53.167166	18.298737	
1477	-53.053035	19.677632	
1478	-52.985639	20.758756	
1479	-52.852163	20.173126	
1480	-52.683750	20.354577	
1481	-52.669658	20.608417	
1482	-52.673722	21.651646	
1483	-51.835145	21.294363	
1484	-51.769310	21.114646	
1485	-52.108665	21.476228	
1486	-51.533589	20.997636	
1487	-50.869319	21.370208	
1488	-50.932751	21.958716	
1489	-51.055767	20.512576	
1490	-50.460750	19.064686	
1491	-50.039779	20.145288	
1492	-49.532659	20.858942	
1493	-48.968114	20.376015	
1494	-51.488466	18.727874	
1495	-51.812807	19.425177	
1496	-49.024807	20.155019	
1497	-47.765449	20.719042	
1498	-48.738315	21.089374	
1499	-50.963106	18.305180	
1500	-49.351958	18.795767	
1501	-48.981400	18.119343	
1502	-49.634915	19.366254	
1503	-49.969279	20.389180	
1504	-49.496678	20.175388	
1505	-49.435060	18.552167	
1506	-50.111905	18.585321	
1507	-50.509281	19.765874	
1508	-49.569741	18.734781	
1509	-50.293656	19.787508	
1510	-50.142196	21.117872	
1511	-49.567806	22.089262	
1512	-50.933778	23.228046	
1513	-50.722171	22.700787	
1514	-50.078236	22.361498	
1515	-48.893241	20.942749	
1516	-48.494472	19.720539	
1517	-48.793835	19.871947	
1518	-48.322217	19.566025	
1519	-49.321386	23.063889	
1520	-51.527845	22.941709	
1521	-51.113163	22.026213	
1522	-51.398449	22.683489	
1523	-48.147476	22.924337	
1524	-49.141800	23.827065	
1525	-48.939308	24.109008	
1526	-48.391330	24.047965	
1527	-48.809215	24.118824	
1528	-48.657341	24.118584	
1529	-48.810729	24.436348	
1530	-51.277566	24.338296	
1531	-51.414734	24.431663	
1532	-49.136682	24.021383	
1533	-49.344534	26.827280	
1534	-49.984437	24.896703	
1535	-49.753710	22.681995	
1536	-49.114880	23.762294	
1537	-49.381160	24.560022	
1538	-49.166551	25.150274	
1539	-48.920680	25.224637	
1540	-49.655755	25.484042	
1541	-49.917004	25.526802	
1542	-48.824637	24.839824	
1543	-49.099781	23.913404	
1544	-49.596041	24.525749	
1545	-49.233127	25.219544	
1546	-49.994456	26.389093	
1547	-49.455212	24.579538	
1548	-48.654525	23.333385	
1549	-48.880391	24.542671	
1550	-49.901662	25.410521	
1551	-49.415999	24.509491	
1552	-48.343243	24.215188	
1553	-50.668004	24.205232	
1554	-51.002039	24.032034	
1555	-49.868550	23.276288	
1556	-50.481428	24.630297	
1557	-50.376612	25.301356	
1558	-48.851667	23.059928	
1559	-50.551024	24.715495	
1560	-49.842730	24.857311	
1561	-48.943717	23.909211	
1562	-49.528614	23.732420	
1563	-49.897833	24.063732	
1564	-49.733786	23.562425	
1565	-49.567068	23.296457	
1566	-49.717515	23.412257	
1567	-49.343926	22.881456	
1568	-49.176089	23.269989	
1569	-49.590963	23.029616	
1570	-50.074337	22.623369	
1571	-49.333184	23.036699	
1572	-49.914506	23.285759	
1573	-49.887649	23.467575	
1574	-49.457163	23.869086	
1575	-50.168871	25.433732	
1576	-49.789153	25.531000	
1577	-50.006012	24.201652	
1578	-50.612587	24.896622	
1579	-50.206892	25.078757	
1580	-50.530948	24.856512	
1581	-50.207128	24.641709	
1582	-49.776377	24.644938	
1583	-49.774012	25.841098	
1584	-50.226334	23.972735	
1585	-51.082174	21.906073	
1586	-51.128125	22.595112	
1587	-50.803943	23.717108	
1588	-50.289982	24.462965	
1589	-50.552706	24.391901	
1590	-51.189768	24.993940	
1591	-50.602292	23.686002	
1592	-50.255718	23.600512	
1593	-50.644219	23.807322	
1594	-50.226665	23.561181	
1595	-50.609929	25.184030	
1596	-50.936089	24.453371	
1597	-50.726838	23.818620	
1598	-50.680335	24.127473	
1599	-51.027902	23.246304	
1600	-51.081823	23.598321	
1601	-50.849031	23.023399	
1602	-51.392828	23.930388	
1603	-51.339296	24.149678	
1604	-51.025750	23.005212	
1605	-51.014901	22.879099	
1606	-51.122113	22.297055	
1607	-52.068290	22.115536	
1608	-52.506479	21.402956	
1609	-52.694769	19.794872	
1610	-52.937392	19.770166	
1611	-53.101315	20.070773	
1612	-53.211718	19.666853	
1613	-53.543916	18.670453	
1614	-54.062365	18.544151	
1615	-53.343913	19.436870	
1616	-53.237200	19.388010	
1617	-54.173865	20.025266	
1618	-54.090146	19.230116	
1619	-54.577956	18.438370	
1620	-54.443776	18.676812	
1621	-54.428240	18.226545	
1622	-54.795341	19.396699	
1623	-55.043549	20.217121	
1624	-55.089702	20.189427	
1625	-54.975151	19.991840	
1626	-55.905796	20.030109	
1627	-56.551891	20.238323	
1628	-56.686700	20.480096	
1629	-56.909587	19.177918	
1630	-56.542351	17.666085	
1631	-56.405964	17.417940	
1632	-56.854665	17.034792	
1633	-57.741756	19.117024	
1634	-58.260002	20.451712	
1635	-57.930305	17.268559	
1636	-58.705280	17.959099	
1637	-59.227145	20.665700	
1638	-59.224839	19.055475	
1639	-59.853708	17.510566	
1640	-60.079419	18.668940	
1641	-60.176190	20.173748	
1642	-60.508934	21.269281	
1643	-60.596571	20.609437	
1644	-60.698508	19.534075	
1645	-60.945785	20.061349	
1646	-61.043069	21.078745	
1647	-61.547958	20.626459	
1648	-61.753916	20.024073	
1649	-61.585988	20.244166	
1650	-61.785151	19.782098	
1651	-62.648416	20.883512	
1652	-63.134239	21.030335	
1653	-62.913597	19.952802	
1654	-62.778728	18.653251	
1655	-64.492831	20.216988	
1656	-64.904224	23.333098	
1657	-64.571308	26.113481	
1658	-65.012385	25.578442	
1659	-64.460661	20.867872	
1660	-65.252288	20.590112	
1661	-65.792338	19.673789	
1662	-64.875114	18.389979	
1663	-64.115461	18.890860	
1664	-63.932218	19.834170	
1665	-64.781039	18.499967	
1666	-65.119223	18.359207	
1667	-64.960569	18.251933	
1668	-65.662458	18.329575	
1669	-65.621894	18.939734	
1670	-66.499432	20.520455	
1671	-66.643149	20.599603	
1672	-66.198966	18.989266	
1673	-66.912797	20.590650	
1674	-66.876837	20.178680	
1675	-66.278715	19.553164	
1676	-66.603596	20.240190	
1677	-66.614283	21.110795	
1678	-66.738827	22.397819	
1679	-67.381221	24.864295	
1680	-66.764169	23.267373	
1681	-65.778794	20.498838	
1682	-65.898344	21.871777	
1683	-68.337763	25.009138	
1684	-67.947568	22.711789	
1685	-67.368855	20.261583	
1686	-67.227758	17.967909	
1687	-67.532846	17.086160	
1688	-67.721918	17.484215	
1689	-68.046247	19.385467	
1690	-67.424269	20.814696	
1691	-67.418502	18.678029	
1692	-68.408486	18.843023	
1693	-68.669574	20.566002	
1694	-69.033169	19.723678	
1695	-68.976910	23.465451	
1696	-69.074874	24.834577	
1697	-69.294535	21.677180	
1698	-69.711179	23.026844	
1699	-68.993548	22.857897	
1700	-68.283440	19.301728	
1701	-69.261978	19.773281	
1702	-69.319577	20.918171	
1703	-69.767552	19.141657	
1704	-70.209823	19.364558	
1705	-70.477005	16.342667	
1706	-71.379560	15.635288	
1707	-70.419618	18.305875	
1708	-70.096522	18.505764	
1709	-70.217569	20.725689	
1710	-69.685138	21.630397	
1711	-68.991049	21.238680	
1712	-70.138197	21.229779	
1713	-70.829191	18.284420	
1714	-70.051461	16.679964	
1715	-70.556069	20.124648	
1716	-70.401007	21.675964	
1717	-69.566067	21.725488	
1718	-69.421912	21.977618	
1719	-70.385021	19.304263	
1720	-70.990991	16.391805	
1721	-70.989104	17.208095	
1722	-71.077459	17.972101	
1723	-71.626169	17.656626	
1724	-72.209924	19.467735	
1725	-72.263543	19.693643	
1726	-71.166030	16.818966	
1727	-70.833680	18.271362	
1728	-70.788309	18.620940	
1729	-70.737547	19.085089	
1730	-70.853881	19.427496	
1731	-71.291463	17.420949	
1732	-69.935967	17.406647	
1733	-69.805693	16.760269	
1734	-71.440884	17.252112	
1735	-71.569814	16.283741	
1736	-71.290085	17.855238	
1737	-70.624441	17.848410	
1738	-71.981716	17.639799	
1739	-71.907639	17.500616	
1740	-71.693638	14.828727	
1741	-72.210112	15.701820	
1742	-71.377408	17.520993	
1743	-72.411642	15.777406	
1744	-73.372784	15.034855	
1745	-73.192103	17.880177	
1746	-72.669085	19.023981	
1747	-69.820223	17.008144	
1748	-70.332786	12.988821	
1749	-71.652627	13.466768	
1750	-71.280157	14.296795	
1751	-72.605704	17.957870	
1752	-72.545721	15.053372	
1753	-72.552442	17.231576	
1754	-72.917258	20.376059	
1755	-73.628449	14.050742	
1756	-74.539477	14.497387	
1757	-73.598304	15.251393	
1758	-73.122868	15.443799	
1759	-74.649313	15.800789	
1760	-74.456357	16.590811	
1761	-73.980610	16.203880	
1762	-74.215113	17.727019	
1763	-74.127504	18.595472	
1764	-74.186602	19.120995	
1765	-74.154190	19.235763	
1766	-73.925858	19.096229	
1767	-73.675507	19.574310	
1768	-73.829351	18.822328	
1769	-73.883735	17.982148	
1770	-73.955103	15.922821	
1771	-74.330672	15.768189	
1772	-74.236275	16.630377	
1773	-74.255099	17.311198	
1774	-74.657489	16.341639	
1775	-74.389613	18.418592	
1776	-74.266675	20.825429	
1777	-74.661511	20.043576	
1778	-74.119486	20.299019	
1779	-73.787140	18.631905	
1780	-74.516731	18.605288	
1781	-75.265713	19.841820	
1782	-75.061360	15.804433	
1783	-75.125641	13.651306	
1784	-75.748850	18.449426	
1785	-75.752817	15.871108	
1786	-75.917940	11.113831	
1787	-76.030082	15.473999	
1788	-75.506003	18.711517	
1789	-75.301305	17.124957	
1790	-75.220780	17.441772	
1791	-74.627203	20.681943	
1792	-74.773956	19.907380	
1793	-75.103486	17.011829	
1794	-74.951261	17.966012	
1795	-75.216620	18.105190	
1796	-74.922645	18.040376	
1797	-74.000556	18.041840	
1798	-74.185042	19.195364	
1799	-74.504986	18.949367	
1800	-74.158578	18.199253	
1801	-73.926875	18.767492	
1802	-73.539835	19.858798	
1803	-73.583342	21.431541	
1804	-73.378742	20.114086	
1805	-73.546266	19.080455	
1806	-74.342726	20.180744	
1807	-74.699274	18.923338	
1808	-74.210022	20.956030	
1809	-73.869069	22.369137	
1810	-74.297165	19.926397	
1811	-74.624440	19.033183	
1812	-74.609179	19.857940	
1813	-74.473936	19.989255	
1814	-74.640649	17.734884	
1815	-74.693699	17.065259	
1816	-74.815080	18.804606	
1817	-75.216133	17.154669	
1818	-75.282407	16.391863	
1819	-75.631610	17.074405	
1820	-75.669074	15.864083	
1821	-75.161656	17.971094	
1822	-75.524999	16.746272	
1823	-76.008775	16.595489	
1824	-75.934131	16.592595	
1825	-76.011832	15.702871	
1826	-75.905091	18.025027	
1827	-76.260872	18.571287	
1828	-76.637421	19.129474	
1829	-76.227785	18.681965	
