Athlete_Engineering	// User ID
11-2-2021	// Evaluation date
P006_WALK1	25-1-2021	13:25:07:284	// Source file name and timestamp
250.000	// Sampling rate
5.457	// Data capture period



Sample #	Right_Leg_Flexion	Right_Leg_Abduction	
0	-78.387713	5.691714	
1	-78.671945	1.202481	
2	-81.517686	3.919749	
3	-81.485580	4.977238	
4	-81.135735	3.260808	
5	-81.854234	8.223457	
6	-76.232435	2.993215	
7	-79.558918	0.039175	
8	-76.353507	3.789541	
9	-82.690790	13.562906	
10	-80.378885	3.428108	
11	-76.055681	4.991892	
12	-80.215501	5.879735	
13	-77.231815	5.321549	
14	-76.282201	5.751950	
15	-76.758358	5.338205	
16	-76.726664	5.603845	
17	-78.839788	3.720813	
18	-79.223637	4.447221	
19	-79.022008	3.360793	
20	-79.018560	1.762100	
21	-79.179267	4.406885	
22	-77.764500	4.321696	
23	-77.467802	3.881561	
24	-75.327596	3.925723	
25	-74.588884	3.430298	
26	-74.745434	3.340877	
27	-76.189349	3.085039	
28	-76.847057	3.494214	
29	-76.724018	3.359188	
30	-76.885712	3.015906	
31	-76.794499	3.439541	
32	-76.830860	3.007197	
33	-77.209223	2.842568	
34	-76.984483	2.609357	
35	-76.881509	3.144195	
36	-76.913939	2.938193	
37	-77.024595	2.730221	
38	-76.961479	3.214622	
39	-76.913147	2.227573	
40	-76.938586	2.628326	
41	-77.089345	2.541134	
42	-76.932402	2.173855	
43	-76.929032	2.437623	
44	-77.142371	2.521101	
45	-77.077939	2.265126	
46	-77.122715	2.354941	
47	-76.826725	2.434936	
48	-77.503572	2.012050	
49	-77.153091	2.353142	
50	-77.056192	2.410492	
51	-77.073407	2.313757	
52	-77.233359	2.419759	
53	-77.473007	2.235770	
54	-77.461941	2.944936	
55	-80.484260	9.227531	
56	-80.746221	10.965608	
57	-77.878584	0.094344	
58	-77.718053	-1.486874	
59	-77.778176	-0.901940	
60	-77.832554	0.636918	
61	-77.824239	0.270639	
62	-76.185130	2.013017	
63	-75.686667	2.344498	
64	-75.583405	2.894173	
65	-75.758000	3.746903	
66	-74.855552	4.745835	
67	-72.804048	5.385687	
68	-72.221285	5.612237	
69	-73.935135	4.714030	
70	-74.520888	5.339292	
71	-74.696580	5.954997	
72	-74.800968	6.729210	
73	-74.980535	6.558494	
74	-75.409353	6.903738	
75	-74.936929	6.416869	
76	-74.746487	6.305852	
77	-74.992184	6.473053	
78	-74.840248	5.513149	
79	-75.093221	5.888811	
80	-75.465073	6.132675	
81	-75.098486	5.228627	
82	-75.857897	5.988855	
83	-75.615430	5.904460	
84	-75.103550	5.616313	
85	-75.279264	6.121494	
86	-76.022608	5.975301	
87	-76.331078	3.333424	
88	-76.484604	2.036038	
89	-76.619857	2.393443	
90	-76.496953	2.735983	
91	-76.459102	2.922822	
92	-76.278510	3.193901	
93	-76.424320	2.440053	
94	-75.209649	5.595664	
95	-74.456652	7.818233	
96	-76.722178	8.828360	
97	-77.407412	9.613320	
98	-76.192644	9.749488	
99	-80.818640	12.194920	
100	-78.261718	7.446654	
101	-77.474672	9.049822	
102	-77.778069	9.329188	
103	-78.013581	9.664611	
104	-78.813360	8.497861	
105	-76.758688	11.206342	
106	-78.157345	9.566624	
107	-77.840799	10.954891	
108	-76.984935	5.619285	
109	-77.327903	3.467101	
110	-75.095880	3.474427	
111	-76.415594	2.782035	
112	-76.790563	2.730807	
113	-78.933011	9.932363	
114	-77.609027	9.699345	
115	-82.139913	17.402049	
116	-83.260522	25.680474	
117	-76.034083	13.331981	
118	-75.450170	13.349839	
119	-81.724755	23.630743	
120	-82.057022	23.902205	
121	-79.755585	17.972173	
122	-75.759549	13.175935	
123	-75.746850	12.777638	
124	-75.918027	12.857317	
125	-76.370097	12.334178	
126	-82.271718	21.392772	
127	-82.219905	22.911365	
128	-83.628471	21.590616	
129	-83.968838	23.124678	
130	-83.467198	25.914306	
131	-83.452064	22.598902	
132	-82.973822	25.125058	
133	-81.829360	23.908636	
134	-81.324013	22.561496	
135	-75.964491	12.762916	
136	-73.681117	11.377598	
137	-74.371115	11.898511	
138	-74.648729	12.528486	
139	-81.296707	22.167173	
140	-75.289959	13.365350	
141	-75.475426	14.676198	
142	-80.091904	23.961676	
143	-76.100312	17.444322	
144	-75.998967	17.266467	
145	-81.567648	28.213429	
146	-80.370765	23.869488	
147	-72.868923	12.728954	
148	-73.826378	13.497087	
149	-74.167731	12.821028	
150	-79.434981	19.652274	
151	-73.670627	13.533626	
152	-73.702040	15.176632	
153	-73.763776	16.207680	
154	-74.313074	15.120744	
155	-80.161355	20.330209	
156	-76.879672	17.963414	
157	-74.367807	-0.274321	
158	-77.753758	11.677310	
159	-151.585647	160.582640	
160	-77.766321	19.337654	
161	-77.175416	8.679184	
162	-77.121858	10.107279	
163	-75.255256	13.335176	
164	-75.909244	12.462076	
165	-76.586923	12.520578	
166	-75.475495	14.612661	
167	-75.858706	14.663268	
168	-76.531712	15.758768	
169	-76.766980	16.227398	
170	-78.318486	19.734241	
171	-78.392461	18.913721	
172	-76.059415	18.834055	
173	-75.102556	17.798871	
174	-74.060163	16.850205	
175	-75.123162	16.073509	
176	-75.178042	15.534115	
177	-74.750656	15.663809	
178	-74.711367	16.939699	
179	-74.757207	14.916616	
180	-75.076409	16.638976	
181	-75.013526	17.299852	
182	-73.520714	16.081370	
183	-72.989126	16.054766	
184	-72.909841	18.728698	
185	-71.042087	17.181891	
186	-69.729256	17.385559	
187	-69.337849	16.662078	
188	-66.833863	15.239561	
189	-68.332525	17.010792	
190	-68.745844	19.033303	
191	-71.810834	23.134871	
192	-70.216314	20.576408	
193	NaN	NaN	
194	NaN	NaN	
195	-65.439354	22.027334	
196	-67.633816	20.141487	
197	-65.259021	26.867433	
198	-62.740553	23.530548	
199	-63.079988	21.524335	
200	-62.150395	21.937192	
201	-61.126028	21.575130	
202	-59.337629	21.575340	
203	-61.624547	21.063436	
204	-58.123898	20.461560	
205	-55.581785	19.614456	
206	-57.029372	20.123559	
207	-60.077114	20.896034	
208	-59.131846	18.164859	
209	-56.596566	18.665612	
210	-55.796748	19.399777	
211	-57.761620	17.394263	
212	-57.994433	16.375685	
213	-53.354092	16.249082	
214	-51.705960	16.897339	
215	-52.538726	17.182314	
216	-55.381932	14.294603	
217	-56.158987	13.425226	
218	-52.076907	15.360058	
219	-50.607466	15.606698	
220	-49.703730	15.715395	
221	-54.900232	13.175751	
222	-51.934610	13.865906	
223	-50.536422	14.330643	
224	-49.778284	15.417719	
225	-52.604192	12.229231	
226	-53.507014	10.968865	
227	-53.517196	10.271751	
228	-49.956121	12.233128	
229	-49.209311	14.805796	
230	-47.935499	13.795706	
231	-48.442008	12.976846	
232	-48.005721	12.520220	
233	-52.416907	10.569017	
234	-48.325185	10.896774	
235	-45.415874	10.513490	
236	-50.497619	9.640721	
237	-52.517130	11.087595	
238	-51.696950	10.328427	
239	-50.851521	9.833163	
240	-50.713598	8.894039	
241	-43.935703	12.532588	
242	-42.572303	12.652614	
243	-43.803966	11.821253	
244	-43.235023	11.495683	
245	-49.821441	9.029851	
246	-49.586487	9.265015	
247	-44.094891	11.600492	
248	-41.977983	10.728557	
249	-40.089596	12.277885	
250	-40.935171	11.691119	
251	-42.776154	10.279844	
252	-38.104537	11.905308	
253	-40.031678	10.603937	
254	-41.089007	10.340222	
255	-41.370431	10.868228	
256	-38.737400	12.846474	
257	-41.242441	11.602734	
258	-40.236950	10.294052	
259	-44.179639	16.545930	
260	-36.205123	11.495924	
261	-38.739790	10.320392	
262	-48.509589	9.231985	
263	-45.098595	9.796529	
264	-32.535361	13.892852	
265	-33.479734	13.679281	
266	-35.534212	8.381402	
267	-46.288945	5.936988	
268	-47.308439	6.815296	
269	-40.160636	6.468139	
270	-38.199101	6.429205	
271	-38.838760	6.205043	
272	-36.224736	7.127877	
273	-37.083775	5.630987	
274	-46.334986	4.038263	
275	-47.157703	4.633942	
276	-40.359214	4.472622	
277	-35.354102	6.450376	
278	-34.810026	6.391413	
279	-38.881036	6.920107	
280	-38.677165	4.337067	
281	-39.171183	2.416165	
282	-47.382705	1.976269	
283	-46.019503	0.015005	
284	-40.195661	5.368574	
285	-40.598021	2.852735	
286	-36.965929	4.190686	
287	-37.161190	7.014554	
288	-40.058592	5.427662	
289	-48.570941	2.034261	
290	-50.590416	0.280718	
291	-49.398627	9.369327	
292	-44.056515	5.643323	
293	-49.699526	3.241599	
294	-46.272802	6.057139	
295	-48.777518	4.692071	
296	-51.052794	3.397094	
297	-50.966643	3.315745	
298	-50.893285	2.804247	
299	-52.583820	2.705232	
300	-46.606104	4.721187	
301	-51.127450	3.676651	
302	-46.527865	5.642580	
303	-50.137790	3.013340	
304	-47.404342	5.786191	
305	-51.257309	4.067666	
306	-52.648278	2.314174	
307	-50.732005	4.192407	
308	-43.995105	2.320427	
309	-44.563651	3.686820	
310	-55.479935	1.536344	
311	-48.537521	4.544549	
312	-52.867729	1.580721	
313	-54.543056	1.310436	
314	-50.444237	3.652486	
315	-48.038698	5.101902	
316	-48.522339	5.201266	
317	-44.196027	5.284254	
318	-48.579043	3.461831	
319	-48.039068	5.124139	
320	-46.143147	1.882144	
321	-47.131744	11.628162	
322	-46.134289	7.252485	
323	-45.844949	3.582630	
324	-45.942662	6.693526	
325	-40.041506	9.249767	
326	-54.615679	-0.062767	
327	-57.323633	0.098899	
328	-54.758864	2.009986	
329	-55.157571	2.920282	
330	-57.310125	1.291354	
331	-48.486175	5.498021	
332	-56.130116	2.014059	
333	-58.021039	1.669822	
334	-58.470144	3.926143	
335	-55.018683	6.970169	
336	-52.874078	3.497129	
337	-58.177267	1.247723	
338	-60.606906	0.673217	
339	-51.786283	0.895836	
340	-59.379092	0.067627	
341	-62.226175	-0.875320	
342	-58.004532	0.040724	
343	-65.592358	6.324109	
344	-61.588124	3.680747	
345	-65.154109	4.538658	
346	-59.349016	4.950778	
347	-59.500583	2.379376	
348	-56.478926	4.630993	
349	-53.903352	4.654045	
350	-60.872505	-0.625970	
351	-55.644431	5.755192	
352	-60.796105	2.606132	
353	-57.459859	3.993462	
354	-59.475534	3.412007	
355	-62.576657	4.261610	
356	-56.436221	8.004180	
357	-62.138823	6.899565	
358	-55.139395	5.900548	
359	-49.602564	5.249540	
360	-49.476872	9.481788	
361	-47.068158	10.275299	
362	-47.578798	7.333393	
363	-48.975877	7.772460	
364	-49.244029	6.557408	
365	-47.088249	5.769152	
366	-48.731354	4.060402	
367	-49.295856	5.147552	
368	-52.268659	4.334135	
369	-53.717675	6.471825	
370	-55.979702	6.065659	
371	-57.904477	8.247130	
372	-45.811024	4.560314	
373	-48.841056	3.747322	
374	-49.817197	4.155841	
375	-50.815331	3.744188	
376	-52.006340	4.087669	
377	-50.694012	4.231525	
378	-54.021319	1.281659	
379	-53.473985	2.529868	
380	-49.341051	4.050085	
381	-66.148985	-3.533082	
382	-57.186556	2.123755	
383	-54.662781	2.240770	
384	-54.116171	1.172834	
385	-54.250757	2.510795	
386	-53.104724	2.954998	
387	-54.115408	1.931808	
388	-66.379114	-2.377749	
389	-55.613677	-0.491412	
390	-41.734558	4.048566	
391	-53.018634	3.144867	
392	-53.856706	3.830535	
393	-53.368486	3.656612	
394	-56.013880	0.740862	
395	-56.002437	4.483305	
396	-60.108527	3.224025	
397	-55.906521	3.428693	
398	-55.695568	2.735193	
399	-57.320462	3.396998	
400	-65.207672	1.448450	
401	-70.718987	6.952262	
402	-60.654385	3.211978	
403	-56.876255	2.428038	
404	-55.607093	2.788340	
405	-56.619984	2.988458	
406	-56.666787	1.287751	
407	-58.844204	-0.487097	
408	-58.883276	0.023320	
409	-56.530928	0.791269	
410	-59.170437	-0.381160	
411	-58.509975	0.907291	
412	-66.695202	-1.284949	
413	-67.845995	0.076890	
414	-67.089191	-0.666074	
415	-73.187756	-3.005356	
416	-69.840779	-0.014656	
417	-68.545439	0.142440	
418	-68.161131	-0.989005	
419	-62.422623	-2.330751	
420	-61.971112	0.452390	
421	-69.187336	-1.836004	
422	-67.547685	-3.121623	
423	-68.967162	-2.081618	
424	-67.839802	0.068129	
425	-67.478675	0.348295	
426	NaN	NaN	
427	-50.503466	3.293557	
428	-56.444250	6.819903	
429	-56.158149	24.385375	
430	-56.026088	18.119772	
431	-56.310701	2.120810	
432	-61.171981	-0.983576	
433	-66.895855	5.484402	
434	-63.128372	4.314185	
435	-59.003600	4.386459	
436	-64.933459	8.582582	
437	-62.638759	6.894410	
438	-62.142285	9.596808	
439	-64.501166	6.928144	
440	-64.332986	7.095066	
441	-60.759720	5.523467	
442	-58.545354	7.665245	
443	-60.878755	6.636491	
444	-59.632442	7.488770	
445	-61.322476	6.613776	
446	-57.841402	8.374866	
447	-57.300435	9.384138	
448	-58.066467	6.095662	
449	-59.635315	2.879148	
450	-58.656082	4.873498	
451	-59.819373	17.702211	
452	-57.533137	17.248346	
453	-62.687740	7.727164	
454	-60.340665	9.829930	
455	-58.638411	9.183706	
456	-57.737445	9.805484	
457	-67.297171	9.523360	
458	-68.652597	11.460306	
459	-59.929476	13.154035	
460	-59.270036	14.864011	
461	-62.002830	17.728138	
462	-59.825093	16.477109	
463	-58.365519	15.995227	
464	-63.663311	18.031721	
465	-64.399894	17.193320	
466	-58.495580	13.565310	
467	-57.966213	3.479099	
468	-62.482603	14.125948	
469	-63.808461	18.886613	
470	-61.575931	12.241903	
471	-63.341872	3.887937	
472	-65.047082	14.453653	
473	-62.242525	6.780461	
474	-66.050345	-5.822930	
475	-65.120063	16.760119	
476	-66.583927	9.209176	
477	-63.576898	13.303463	
478	-62.134554	16.043272	
479	-65.915686	16.677068	
480	-64.519202	15.486399	
481	-64.910688	16.383803	
482	NaN	NaN	
483	NaN	NaN	
484	NaN	NaN	
485	NaN	NaN	
486	NaN	NaN	
487	NaN	NaN	
488	NaN	NaN	
489	NaN	NaN	
490	NaN	NaN	
491	NaN	NaN	
492	NaN	NaN	
493	NaN	NaN	
494	NaN	NaN	
495	-69.252003	18.827901	
496	-69.661135	12.934825	
497	-69.947194	21.729642	
498	NaN	NaN	
499	NaN	NaN	
500	NaN	NaN	
501	NaN	NaN	
502	NaN	NaN	
503	NaN	NaN	
504	NaN	NaN	
505	NaN	NaN	
506	NaN	NaN	
507	NaN	NaN	
508	NaN	NaN	
509	NaN	NaN	
510	NaN	NaN	
511	NaN	NaN	
512	NaN	NaN	
513	NaN	NaN	
514	NaN	NaN	
515	NaN	NaN	
516	NaN	NaN	
517	NaN	NaN	
518	NaN	NaN	
519	NaN	NaN	
520	NaN	NaN	
521	NaN	NaN	
522	NaN	NaN	
523	NaN	NaN	
524	NaN	NaN	
525	NaN	NaN	
526	NaN	NaN	
527	NaN	NaN	
528	NaN	NaN	
529	-77.363522	20.118099	
530	-75.265106	17.633174	
531	-60.781051	16.995291	
532	-69.183571	19.801968	
533	-72.948172	28.155130	
534	-73.512418	14.443315	
535	-71.194086	21.046384	
536	-73.908609	34.421662	
537	-74.165798	34.396374	
538	-73.215899	36.663627	
539	-74.015674	33.873580	
540	-72.569725	36.443239	
541	-72.162239	37.086903	
542	-67.487766	26.278085	
543	-66.572367	22.788974	
544	-66.320568	11.492852	
545	-52.349157	17.564378	
546	-56.617904	20.316782	
547	-62.837892	22.254508	
548	-66.989335	28.824020	
549	-64.593679	30.980244	
550	-55.624478	21.996207	
551	-61.851386	25.559376	
552	-63.041916	18.199492	
553	-62.307711	22.554771	
554	-53.857208	20.443979	
555	-58.391530	22.156030	
556	-58.117675	22.575108	
557	-60.406703	22.004344	
558	-60.158938	20.271586	
559	-58.658298	19.510511	
560	-58.144382	20.380007	
561	-57.756664	17.045466	
562	-58.242309	19.787568	
563	-60.803063	19.882493	
564	-55.405168	18.731446	
565	-44.825551	14.792724	
566	-56.044051	18.988502	
567	-50.145638	18.301847	
568	-47.764050	16.989060	
569	-56.762271	26.249226	
570	-54.792150	15.784445	
571	-56.253497	18.244734	
572	-54.929529	20.871622	
573	-54.418274	20.675550	
574	-56.966912	20.405139	
575	-49.070594	20.846937	
576	-45.758635	17.333433	
577	-49.729592	15.880728	
578	-47.991185	15.459913	
579	-47.007467	16.881378	
580	-42.259763	15.669826	
581	-48.002024	17.494214	
582	-47.300941	14.335583	
583	-49.244914	19.802668	
584	-48.254638	17.258178	
585	-48.321918	15.748276	
586	-50.027541	11.221756	
587	-47.455739	17.987827	
588	-47.333032	13.497706	
589	-42.898988	11.522900	
590	-45.233859	16.882551	
591	-44.998176	11.008100	
592	-45.891067	12.225560	
593	-49.617959	16.321692	
594	-47.539329	10.191150	
595	-43.921339	13.035202	
596	-43.361724	12.062442	
597	-47.499128	16.795736	
598	-42.000863	15.745736	
599	-47.912646	13.688367	
600	-43.937241	16.460694	
601	-42.983761	16.681283	
602	-42.147460	14.414400	
603	-47.096152	14.095287	
604	-44.301345	8.720959	
605	-41.915973	14.188919	
606	-42.629301	14.126095	
607	-41.344761	12.965525	
608	-41.749738	13.140010	
609	-39.159851	10.467050	
610	-38.079427	10.692750	
611	-40.735177	11.545521	
612	-42.491772	12.488480	
613	-42.782067	11.117167	
614	-42.211421	11.733459	
615	-43.045522	12.930797	
616	-42.875549	14.020504	
617	-49.437346	13.884623	
618	-42.632556	11.937796	
619	-42.373184	8.441624	
620	-42.561705	10.041490	
621	-45.118642	13.495356	
622	-40.381160	11.685157	
623	-48.397971	15.423273	
624	-44.794888	11.119036	
625	-45.171910	7.009254	
626	-46.075520	11.717753	
627	-41.878981	10.041225	
628	-46.281178	10.391225	
629	-41.903539	10.461542	
630	-41.517111	12.601803	
631	-38.474899	11.050120	
632	-47.206364	13.307829	
633	-45.207189	11.996718	
634	-46.026953	13.430965	
635	-45.236606	13.794559	
636	-46.464161	15.633682	
637	-45.673906	15.947311	
638	-45.706014	17.103448	
639	-47.412742	11.070444	
640	-45.914388	10.453531	
641	-47.522548	15.301173	
642	-50.392668	15.293553	
643	-48.147445	12.947554	
644	-45.218004	13.839415	
645	-47.597776	15.004928	
646	-48.430178	14.459481	
647	-47.568807	6.736557	
648	-44.745404	10.970795	
649	-47.631696	15.251265	
650	-47.264299	14.587266	
651	-46.680038	14.657124	
652	-46.741577	15.400516	
653	-47.626125	12.815109	
654	-45.838738	11.999188	
655	-54.377341	17.484460	
656	-53.885346	11.434103	
657	-50.411211	10.912313	
658	-53.153390	12.507605	
659	-53.701075	13.666721	
660	-50.767186	16.039551	
661	-47.042182	13.438053	
662	-50.706160	15.026108	
663	-44.720768	6.566103	
664	-61.100043	11.373820	
665	-57.593690	13.452355	
666	-51.124601	8.535345	
667	-52.212301	13.627337	
668	-47.232897	13.738716	
669	-50.702790	11.349103	
670	-50.310041	11.517998	
671	-53.282314	4.152366	
672	-54.457904	12.303871	
673	-50.921401	12.432708	
674	-55.986689	8.700887	
675	-51.198648	13.252210	
676	-52.242674	11.272683	
677	-53.865709	11.664422	
678	-55.402623	12.545435	
679	-53.381074	10.370699	
680	-53.432317	10.683237	
681	-52.098625	8.897583	
682	-54.656809	9.347815	
683	-55.807679	10.571433	
684	-59.499704	10.146008	
685	-58.309092	12.381926	
686	-54.787832	8.258626	
687	-58.195742	10.684723	
688	-57.338540	9.713714	
689	-56.990380	6.722226	
690	-56.201720	5.002100	
691	-55.952081	4.545528	
692	-54.683634	7.569125	
693	-58.050328	-0.172977	
694	-58.196711	3.482040	
695	NaN	NaN	
696	NaN	NaN	
697	NaN	NaN	
698	NaN	NaN	
699	NaN	NaN	
700	NaN	NaN	
701	-57.249996	5.899600	
702	-57.128870	7.114229	
703	-56.957026	5.686730	
704	-59.984035	7.549106	
705	-58.832472	7.502977	
706	-57.738134	13.898904	
707	-58.554604	4.590815	
708	-59.350522	-2.094691	
709	-58.249028	10.749226	
710	-57.598546	9.549449	
711	-58.655439	5.007279	
712	-60.523155	6.175386	
713	NaN	NaN	
714	NaN	NaN	
715	NaN	NaN	
716	NaN	NaN	
717	NaN	NaN	
718	NaN	NaN	
719	NaN	NaN	
720	NaN	NaN	
721	NaN	NaN	
722	-61.233815	-6.888709	
723	-59.615248	0.902280	
724	-59.662194	6.480640	
725	-62.481641	-1.883865	
726	-59.328283	1.674655	
727	-63.779971	-0.837137	
728	-61.407337	2.610706	
729	-58.945562	5.434275	
730	-59.785421	4.630227	
731	-69.391944	2.713587	
732	-58.566781	2.097449	
733	-59.890251	0.284267	
734	-65.455007	0.202128	
735	-64.977888	-11.450526	
736	-64.872146	-1.501698	
737	-62.837151	2.274649	
738	-67.111508	-9.873840	
739	-62.647312	-1.795106	
740	-62.974043	7.013567	
741	-64.366358	4.663591	
742	-63.953067	2.116527	
743	-65.213463	1.509200	
744	-60.044820	-1.406129	
745	-62.188901	-1.414352	
746	-62.923311	1.519302	
747	-61.702500	0.297521	
748	-65.058372	1.520289	
749	-65.929263	-8.556918	
750	-62.662429	0.185466	
751	-56.174401	3.780581	
752	-61.796851	-15.795289	
753	-66.076116	-9.519489	
754	NaN	NaN	
755	-66.476953	-9.316967	
756	-67.922470	-3.187739	
757	-67.353997	5.151275	
758	-65.707372	6.759889	
759	-64.491911	-1.987011	
760	-65.394298	-10.174273	
761	-67.781226	-19.768927	
762	-68.834788	-2.662499	
763	-66.492903	-2.766488	
764	-64.346610	11.041290	
765	-67.910123	7.565534	
766	-69.507674	2.977024	
767	-77.485308	-73.118242	
768	-62.996634	60.250871	
769	144.505945	167.896117	
770	146.052107	177.088731	
771	-163.322228	-175.580012	
772	-153.407119	173.074063	
773	-145.879193	-179.730593	
774	-153.849467	133.919463	
775	79.251144	79.016115	
776	52.867304	-48.637911	
777	-50.511076	-6.749350	
778	-40.911009	-42.011974	
779	116.647860	171.252489	
780	NaN	NaN	
781	NaN	NaN	
782	NaN	NaN	
783	NaN	NaN	
784	NaN	NaN	
785	NaN	NaN	
786	NaN	NaN	
787	NaN	NaN	
788	NaN	NaN	
789	NaN	NaN	
790	NaN	NaN	
791	NaN	NaN	
792	NaN	NaN	
793	-70.459538	-27.948884	
794	NaN	NaN	
795	NaN	NaN	
796	NaN	NaN	
797	NaN	NaN	
798	NaN	NaN	
799	NaN	NaN	
800	NaN	NaN	
801	NaN	NaN	
802	NaN	NaN	
803	NaN	NaN	
804	NaN	NaN	
805	NaN	NaN	
806	NaN	NaN	
807	NaN	NaN	
808	NaN	NaN	
809	NaN	NaN	
810	NaN	NaN	
811	NaN	NaN	
812	NaN	NaN	
813	NaN	NaN	
814	NaN	NaN	
815	NaN	NaN	
816	NaN	NaN	
817	NaN	NaN	
818	NaN	NaN	
819	NaN	NaN	
820	NaN	NaN	
821	NaN	NaN	
822	NaN	NaN	
823	NaN	NaN	
824	NaN	NaN	
825	NaN	NaN	
826	NaN	NaN	
827	NaN	NaN	
828	NaN	NaN	
829	NaN	NaN	
830	NaN	NaN	
831	NaN	NaN	
832	NaN	NaN	
833	NaN	NaN	
834	NaN	NaN	
835	NaN	NaN	
836	NaN	NaN	
837	NaN	NaN	
838	NaN	NaN	
839	NaN	NaN	
840	NaN	NaN	
841	NaN	NaN	
842	NaN	NaN	
843	NaN	NaN	
844	NaN	NaN	
845	NaN	NaN	
846	NaN	NaN	
847	NaN	NaN	
848	NaN	NaN	
849	NaN	NaN	
850	NaN	NaN	
851	NaN	NaN	
852	NaN	NaN	
853	NaN	NaN	
854	NaN	NaN	
855	NaN	NaN	
856	NaN	NaN	
857	NaN	NaN	
858	NaN	NaN	
859	NaN	NaN	
860	NaN	NaN	
861	NaN	NaN	
862	NaN	NaN	
863	NaN	NaN	
864	NaN	NaN	
865	NaN	NaN	
866	NaN	NaN	
867	-117.821030	-173.847024	
868	-107.946239	-155.135911	
869	-109.463790	-161.222933	
870	-115.721506	-170.629318	
871	NaN	NaN	
872	NaN	NaN	
873	NaN	NaN	
874	NaN	NaN	
875	NaN	NaN	
876	NaN	NaN	
877	NaN	NaN	
878	NaN	NaN	
879	NaN	NaN	
880	NaN	NaN	
881	NaN	NaN	
882	NaN	NaN	
883	NaN	NaN	
884	NaN	NaN	
885	NaN	NaN	
886	NaN	NaN	
887	NaN	NaN	
888	NaN	NaN	
889	NaN	NaN	
890	NaN	NaN	
891	NaN	NaN	
892	NaN	NaN	
893	NaN	NaN	
894	NaN	NaN	
895	NaN	NaN	
896	-54.637031	19.083720	
897	NaN	NaN	
898	NaN	NaN	
899	NaN	NaN	
900	NaN	NaN	
901	NaN	NaN	
902	NaN	NaN	
903	NaN	NaN	
904	NaN	NaN	
905	NaN	NaN	
906	NaN	NaN	
907	NaN	NaN	
908	NaN	NaN	
909	NaN	NaN	
910	NaN	NaN	
911	NaN	NaN	
912	NaN	NaN	
913	NaN	NaN	
914	NaN	NaN	
915	NaN	NaN	
916	NaN	NaN	
917	NaN	NaN	
918	NaN	NaN	
919	NaN	NaN	
920	NaN	NaN	
921	NaN	NaN	
922	NaN	NaN	
923	NaN	NaN	
924	NaN	NaN	
925	NaN	NaN	
926	NaN	NaN	
927	NaN	NaN	
928	NaN	NaN	
929	NaN	NaN	
930	NaN	NaN	
931	NaN	NaN	
932	NaN	NaN	
933	NaN	NaN	
934	NaN	NaN	
935	NaN	NaN	
936	NaN	NaN	
937	NaN	NaN	
938	NaN	NaN	
939	NaN	NaN	
940	NaN	NaN	
941	NaN	NaN	
942	NaN	NaN	
943	NaN	NaN	
944	NaN	NaN	
945	NaN	NaN	
946	-52.708528	7.202483	
947	-52.635962	5.233693	
948	-49.309105	8.640924	
949	-50.211991	8.222160	
950	-49.556590	9.217742	
951	-47.427320	12.675870	
952	-49.665571	8.322758	
953	-49.051883	8.255270	
954	-47.290276	10.651070	
955	-52.944603	8.316605	
956	-52.682570	7.607731	
957	-46.188374	12.567381	
958	-54.880468	12.117717	
959	-54.295832	16.629352	
960	-52.282810	7.931608	
961	-54.616792	3.660849	
962	-53.268615	10.227474	
963	NaN	NaN	
964	NaN	NaN	
965	NaN	NaN	
966	NaN	NaN	
967	NaN	NaN	
968	NaN	NaN	
969	NaN	NaN	
970	NaN	NaN	
971	NaN	NaN	
972	NaN	NaN	
973	NaN	NaN	
974	NaN	NaN	
975	NaN	NaN	
976	NaN	NaN	
977	NaN	NaN	
978	NaN	NaN	
979	NaN	NaN	
980	NaN	NaN	
981	NaN	NaN	
982	NaN	NaN	
983	NaN	NaN	
984	NaN	NaN	
985	NaN	NaN	
986	NaN	NaN	
987	NaN	NaN	
988	NaN	NaN	
989	NaN	NaN	
990	NaN	NaN	
991	NaN	NaN	
992	NaN	NaN	
993	NaN	NaN	
994	NaN	NaN	
995	NaN	NaN	
996	NaN	NaN	
997	NaN	NaN	
998	NaN	NaN	
999	NaN	NaN	
1000	NaN	NaN	
1001	NaN	NaN	
1002	NaN	NaN	
1003	NaN	NaN	
1004	NaN	NaN	
1005	NaN	NaN	
1006	NaN	NaN	
1007	NaN	NaN	
1008	NaN	NaN	
1009	NaN	NaN	
1010	NaN	NaN	
1011	NaN	NaN	
1012	NaN	NaN	
1013	NaN	NaN	
1014	NaN	NaN	
1015	NaN	NaN	
1016	NaN	NaN	
1017	NaN	NaN	
1018	NaN	NaN	
1019	NaN	NaN	
1020	NaN	NaN	
1021	NaN	NaN	
1022	NaN	NaN	
1023	NaN	NaN	
1024	128.757504	115.965908	
1025	126.730625	114.803262	
1026	126.681975	114.832962	
1027	132.332336	116.420235	
1028	NaN	NaN	
1029	NaN	NaN	
1030	NaN	NaN	
1031	NaN	NaN	
1032	NaN	NaN	
1033	NaN	NaN	
1034	NaN	NaN	
1035	NaN	NaN	
1036	NaN	NaN	
1037	NaN	NaN	
1038	NaN	NaN	
1039	NaN	NaN	
1040	NaN	NaN	
1041	NaN	NaN	
1042	NaN	NaN	
1043	NaN	NaN	
1044	NaN	NaN	
1045	NaN	NaN	
1046	NaN	NaN	
1047	NaN	NaN	
1048	NaN	NaN	
1049	NaN	NaN	
1050	NaN	NaN	
1051	NaN	NaN	
1052	NaN	NaN	
1053	NaN	NaN	
1054	NaN	NaN	
1055	NaN	NaN	
1056	NaN	NaN	
1057	NaN	NaN	
1058	NaN	NaN	
1059	NaN	NaN	
1060	NaN	NaN	
1061	NaN	NaN	
1062	NaN	NaN	
1063	NaN	NaN	
1064	NaN	NaN	
1065	NaN	NaN	
1066	NaN	NaN	
1067	NaN	NaN	
1068	NaN	NaN	
1069	NaN	NaN	
1070	NaN	NaN	
1071	NaN	NaN	
1072	NaN	NaN	
1073	NaN	NaN	
1074	NaN	NaN	
1075	NaN	NaN	
1076	NaN	NaN	
1077	NaN	NaN	
1078	NaN	NaN	
1079	NaN	NaN	
1080	NaN	NaN	
1081	NaN	NaN	
1082	NaN	NaN	
1083	NaN	NaN	
1084	NaN	NaN	
1085	NaN	NaN	
1086	NaN	NaN	
1087	NaN	NaN	
1088	NaN	NaN	
1089	NaN	NaN	
1090	NaN	NaN	
1091	NaN	NaN	
1092	NaN	NaN	
1093	NaN	NaN	
1094	NaN	NaN	
1095	NaN	NaN	
1096	NaN	NaN	
1097	NaN	NaN	
1098	NaN	NaN	
1099	NaN	NaN	
1100	NaN	NaN	
1101	NaN	NaN	
1102	NaN	NaN	
1103	NaN	NaN	
1104	NaN	NaN	
1105	NaN	NaN	
1106	NaN	NaN	
1107	NaN	NaN	
1108	NaN	NaN	
1109	NaN	NaN	
1110	NaN	NaN	
1111	NaN	NaN	
1112	NaN	NaN	
1113	NaN	NaN	
1114	NaN	NaN	
1115	NaN	NaN	
1116	NaN	NaN	
1117	NaN	NaN	
1118	NaN	NaN	
1119	NaN	NaN	
1120	NaN	NaN	
1121	NaN	NaN	
1122	NaN	NaN	
1123	NaN	NaN	
1124	NaN	NaN	
1125	NaN	NaN	
1126	NaN	NaN	
1127	NaN	NaN	
1128	NaN	NaN	
1129	NaN	NaN	
1130	NaN	NaN	
1131	NaN	NaN	
1132	NaN	NaN	
1133	NaN	NaN	
1134	NaN	NaN	
1135	NaN	NaN	
1136	NaN	NaN	
1137	NaN	NaN	
1138	NaN	NaN	
1139	NaN	NaN	
1140	NaN	NaN	
1141	NaN	NaN	
1142	NaN	NaN	
1143	NaN	NaN	
1144	NaN	NaN	
1145	NaN	NaN	
1146	NaN	NaN	
1147	NaN	NaN	
1148	NaN	NaN	
1149	NaN	NaN	
1150	NaN	NaN	
1151	NaN	NaN	
1152	NaN	NaN	
1153	NaN	NaN	
1154	NaN	NaN	
1155	NaN	NaN	
1156	NaN	NaN	
1157	NaN	NaN	
1158	NaN	NaN	
1159	NaN	NaN	
1160	NaN	NaN	
1161	NaN	NaN	
1162	NaN	NaN	
1163	NaN	NaN	
1164	NaN	NaN	
1165	NaN	NaN	
1166	NaN	NaN	
1167	NaN	NaN	
1168	NaN	NaN	
1169	NaN	NaN	
1170	NaN	NaN	
1171	NaN	NaN	
1172	NaN	NaN	
1173	NaN	NaN	
1174	NaN	NaN	
1175	NaN	NaN	
1176	NaN	NaN	
1177	NaN	NaN	
1178	NaN	NaN	
1179	NaN	NaN	
1180	NaN	NaN	
1181	NaN	NaN	
1182	NaN	NaN	
1183	NaN	NaN	
1184	NaN	NaN	
1185	NaN	NaN	
1186	NaN	NaN	
1187	NaN	NaN	
1188	NaN	NaN	
1189	NaN	NaN	
1190	NaN	NaN	
1191	NaN	NaN	
1192	NaN	NaN	
1193	NaN	NaN	
1194	NaN	NaN	
1195	NaN	NaN	
1196	NaN	NaN	
1197	NaN	NaN	
1198	NaN	NaN	
1199	NaN	NaN	
1200	NaN	NaN	
1201	NaN	NaN	
1202	NaN	NaN	
1203	NaN	NaN	
1204	NaN	NaN	
1205	NaN	NaN	
1206	NaN	NaN	
1207	NaN	NaN	
1208	NaN	NaN	
1209	NaN	NaN	
1210	NaN	NaN	
1211	NaN	NaN	
1212	NaN	NaN	
1213	NaN	NaN	
1214	NaN	NaN	
1215	NaN	NaN	
1216	NaN	NaN	
1217	NaN	NaN	
1218	NaN	NaN	
1219	NaN	NaN	
1220	NaN	NaN	
1221	NaN	NaN	
1222	NaN	NaN	
1223	NaN	NaN	
1224	NaN	NaN	
1225	NaN	NaN	
1226	NaN	NaN	
1227	NaN	NaN	
1228	NaN	NaN	
1229	NaN	NaN	
1230	NaN	NaN	
1231	NaN	NaN	
1232	NaN	NaN	
1233	NaN	NaN	
1234	NaN	NaN	
1235	NaN	NaN	
1236	NaN	NaN	
1237	NaN	NaN	
1238	NaN	NaN	
1239	NaN	NaN	
1240	NaN	NaN	
1241	NaN	NaN	
1242	NaN	NaN	
1243	NaN	NaN	
1244	NaN	NaN	
1245	NaN	NaN	
1246	NaN	NaN	
1247	NaN	NaN	
1248	NaN	NaN	
1249	NaN	NaN	
1250	NaN	NaN	
1251	NaN	NaN	
1252	NaN	NaN	
1253	NaN	NaN	
1254	NaN	NaN	
1255	NaN	NaN	
1256	NaN	NaN	
1257	NaN	NaN	
1258	NaN	NaN	
1259	NaN	NaN	
1260	NaN	NaN	
1261	NaN	NaN	
1262	NaN	NaN	
1263	NaN	NaN	
1264	NaN	NaN	
1265	NaN	NaN	
1266	NaN	NaN	
1267	NaN	NaN	
1268	NaN	NaN	
1269	NaN	NaN	
1270	NaN	NaN	
1271	NaN	NaN	
1272	NaN	NaN	
1273	NaN	NaN	
1274	NaN	NaN	
1275	NaN	NaN	
1276	NaN	NaN	
1277	NaN	NaN	
1278	NaN	NaN	
1279	NaN	NaN	
1280	NaN	NaN	
1281	NaN	NaN	
1282	NaN	NaN	
1283	NaN	NaN	
1284	NaN	NaN	
1285	NaN	NaN	
1286	NaN	NaN	
1287	NaN	NaN	
1288	NaN	NaN	
1289	NaN	NaN	
1290	NaN	NaN	
1291	NaN	NaN	
1292	NaN	NaN	
1293	NaN	NaN	
1294	NaN	NaN	
1295	NaN	NaN	
1296	NaN	NaN	
1297	NaN	NaN	
1298	NaN	NaN	
1299	NaN	NaN	
1300	NaN	NaN	
1301	NaN	NaN	
1302	NaN	NaN	
1303	NaN	NaN	
1304	NaN	NaN	
1305	NaN	NaN	
1306	NaN	NaN	
1307	NaN	NaN	
1308	NaN	NaN	
1309	NaN	NaN	
1310	NaN	NaN	
1311	NaN	NaN	
1312	NaN	NaN	
1313	NaN	NaN	
1314	NaN	NaN	
1315	NaN	NaN	
1316	NaN	NaN	
1317	NaN	NaN	
1318	NaN	NaN	
1319	NaN	NaN	
1320	NaN	NaN	
1321	NaN	NaN	
1322	NaN	NaN	
1323	NaN	NaN	
1324	NaN	NaN	
1325	NaN	NaN	
1326	NaN	NaN	
1327	NaN	NaN	
1328	NaN	NaN	
1329	NaN	NaN	
1330	NaN	NaN	
1331	NaN	NaN	
1332	NaN	NaN	
1333	NaN	NaN	
1334	NaN	NaN	
1335	NaN	NaN	
1336	NaN	NaN	
1337	NaN	NaN	
1338	NaN	NaN	
1339	NaN	NaN	
1340	NaN	NaN	
1341	NaN	NaN	
1342	NaN	NaN	
1343	NaN	NaN	
1344	NaN	NaN	
1345	NaN	NaN	
1346	NaN	NaN	
1347	NaN	NaN	
1348	NaN	NaN	
1349	NaN	NaN	
1350	NaN	NaN	
1351	NaN	NaN	
1352	NaN	NaN	
1353	NaN	NaN	
1354	NaN	NaN	
1355	NaN	NaN	
1356	NaN	NaN	
1357	NaN	NaN	
1358	NaN	NaN	
1359	NaN	NaN	
1360	NaN	NaN	
1361	NaN	NaN	
1362	NaN	NaN	
1363	NaN	NaN	
1364	NaN	NaN	
