Athlete_Engineering	// User ID
11-2-2021	// Evaluation date
P007_WALK3	25-1-2021	18:08:02:370	// Source file name and timestamp
250.000	// Sampling rate
5.179	// Data capture period



Sample #	Right_Leg_Flexion	Right_Leg_Abduction	
0	-68.102510	29.071173	
1	-68.045711	29.306237	
2	-68.124542	28.601750	
3	-68.183324	28.827465	
4	-68.199387	28.675992	
5	-68.172006	28.634158	
6	-68.255782	28.752251	
7	-68.222599	28.655519	
8	-68.066197	29.279029	
9	-68.196846	28.573732	
10	-68.159508	27.820937	
11	-67.919136	28.256094	
12	-67.989845	29.124820	
13	-67.949738	28.805666	
14	-68.031761	28.645817	
15	-67.967300	29.416962	
16	-67.854686	29.201731	
17	-67.991607	29.165829	
18	-67.975214	29.112849	
19	-67.958873	29.104467	
20	-67.896420	29.126209	
21	-67.961491	29.062765	
22	-68.016256	29.551431	
23	-68.121020	29.439230	
24	-67.980401	29.413747	
25	-67.927138	29.418257	
26	-67.944164	29.523488	
27	-67.824421	29.456984	
28	-67.939794	29.534478	
29	-67.925799	29.551701	
30	-67.969745	29.676543	
31	-67.888077	29.384836	
32	-67.900983	29.401633	
33	-67.899999	29.521355	
34	-67.753881	29.342279	
35	-67.765398	29.185049	
36	-67.760317	29.299798	
37	-67.767038	29.425928	
38	-67.635895	29.351114	
39	-67.706618	29.547921	
40	-67.834510	29.686145	
41	-67.750843	29.934603	
42	-67.629222	29.786667	
43	-67.516167	29.595708	
44	-67.570193	29.990795	
45	-67.708741	30.029542	
46	-67.690952	30.269383	
47	-67.755496	30.376611	
48	-67.655772	30.355447	
49	-67.722180	30.256616	
50	-67.586140	29.720898	
51	-67.381050	28.436686	
52	-67.289532	28.599898	
53	-67.212717	28.688343	
54	-67.105974	30.199232	
55	-67.210531	30.213095	
56	-67.304881	30.166796	
57	-67.152465	29.921474	
58	-66.890754	28.443018	
59	-67.044065	28.940730	
60	-67.628053	29.554498	
61	-67.313479	29.487905	
62	-67.426651	29.699252	
63	-67.161938	29.902166	
64	-67.286841	29.612584	
65	-67.199459	29.440643	
66	-67.080373	29.670160	
67	-67.143927	29.404216	
68	-67.081484	29.321262	
69	-67.037933	29.392714	
70	-67.065055	29.406509	
71	-67.174907	29.266571	
72	-67.101081	29.588492	
73	-67.169916	29.602761	
74	-67.264025	29.470387	
75	-67.259017	30.104958	
76	-67.148140	30.112744	
77	-67.145783	29.937419	
78	-67.018901	30.472108	
79	-66.953215	30.164020	
80	-66.822464	29.910184	
81	-66.881965	30.032704	
82	-66.766055	29.937375	
83	-66.789367	30.055608	
84	-66.575318	29.060895	
85	-66.202072	27.368426	
86	-66.205449	27.631015	
87	-66.085462	27.903555	
88	-66.089395	27.470101	
89	-66.110357	27.411705	
90	-66.095920	27.358533	
91	-66.095561	27.338822	
92	-66.112340	27.222443	
93	-66.059623	27.038477	
94	-66.048210	27.206635	
95	-66.082101	27.394060	
96	-65.988120	27.499894	
97	-65.992709	27.315776	
98	-65.903308	27.201142	
99	-65.904194	26.950048	
100	-66.080431	26.898612	
101	-66.092017	26.775653	
102	-66.152750	26.764549	
103	-65.981253	26.737914	
104	-65.878522	26.886885	
105	-65.982605	26.842762	
106	-65.964519	26.697960	
107	-65.848484	27.282949	
108	-65.809855	27.080374	
109	-65.752862	26.885274	
110	-65.717946	26.874864	
111	-65.593506	27.832049	
112	-65.534810	27.800314	
113	-65.516824	27.930153	
114	-65.556606	27.447761	
115	-65.627265	27.871061	
116	-65.614696	28.170633	
117	-65.771551	28.215622	
118	-65.734495	28.312495	
119	-65.588113	28.488795	
120	-65.609052	28.560250	
121	-65.712321	28.586652	
122	-65.640220	28.932548	
123	-65.647858	29.156900	
124	-65.758066	29.347446	
125	-65.434757	29.294124	
126	-65.480956	29.063794	
127	-65.563316	28.863431	
128	-65.484464	29.306889	
129	-65.596770	29.217916	
130	-65.523441	29.300810	
131	-65.472261	28.959213	
132	-65.473690	29.164559	
133	-65.415408	29.111303	
134	-65.311377	29.352735	
135	-65.258341	29.853771	
136	-65.116802	29.664035	
137	-65.102668	29.498601	
138	-65.096998	29.529627	
139	-65.174082	30.166270	
140	-65.418104	30.142772	
141	-65.289315	30.716522	
142	-65.400712	31.036957	
143	-65.619803	31.251872	
144	-65.653508	31.321767	
145	NaN	NaN	
146	NaN	NaN	
147	NaN	NaN	
148	NaN	NaN	
149	NaN	NaN	
150	NaN	NaN	
151	-64.654581	32.056281	
152	-64.711972	32.014584	
153	-64.907524	32.124885	
154	-65.055626	32.226985	
155	-64.978731	31.655117	
156	-64.954739	31.703086	
157	-64.773257	31.811819	
158	-64.548313	32.279998	
159	-64.508946	32.626670	
160	-64.569619	32.387139	
161	-64.702631	32.098583	
162	-64.777571	31.652857	
163	-64.408976	31.631457	
164	-64.122597	31.949189	
165	-63.801749	32.265666	
166	-63.852917	31.692798	
167	-63.979442	31.117375	
168	-63.492458	32.047874	
169	-63.474346	31.745435	
170	-63.058473	31.725334	
171	NaN	NaN	
172	NaN	NaN	
173	NaN	NaN	
174	NaN	NaN	
175	-61.839347	30.332558	
176	-61.408356	30.516137	
177	-61.393821	30.237904	
178	-61.294964	29.279040	
179	-60.461490	29.814252	
180	-59.867020	29.592224	
181	-59.634020	29.007993	
182	-59.577184	28.786031	
183	NaN	NaN	
184	NaN	NaN	
185	NaN	NaN	
186	NaN	NaN	
187	-56.256180	27.853672	
188	-55.947398	27.760908	
189	-55.303783	27.558560	
190	-54.852972	26.629294	
191	-54.780801	26.089384	
192	-53.586515	26.406146	
193	-53.659875	26.382977	
194	-52.836418	25.787332	
195	NaN	NaN	
196	NaN	NaN	
197	NaN	NaN	
198	NaN	NaN	
199	NaN	NaN	
200	NaN	NaN	
201	NaN	NaN	
202	NaN	NaN	
203	NaN	NaN	
204	NaN	NaN	
205	-46.438750	24.084663	
206	-45.984075	23.893141	
207	-45.057410	23.663024	
208	-44.372616	24.062903	
209	-44.930829	22.869450	
210	-44.296683	22.856682	
211	-43.157693	23.342354	
212	-42.613608	22.775641	
213	-43.177818	22.527501	
214	-42.900233	23.168344	
215	-41.780206	22.908893	
216	-42.051880	22.699147	
217	-41.835803	22.301644	
218	-42.153538	22.671159	
219	-41.033059	22.375812	
220	-41.262447	22.353261	
221	-40.900505	23.248678	
222	-39.717876	22.748986	
223	NaN	NaN	
224	NaN	NaN	
225	-40.551759	22.462566	
226	-40.048232	22.215579	
227	-39.288441	21.858587	
228	-39.916849	22.047098	
229	-39.345565	22.362370	
230	-38.784806	22.284048	
231	-39.392778	22.031227	
232	-38.366681	22.145153	
233	-37.295720	21.342797	
234	-38.110387	21.740490	
235	-37.180755	22.001707	
236	-37.817312	21.513743	
237	-37.532972	21.820558	
238	-37.562987	20.878536	
239	-36.575638	21.545329	
240	-35.957087	20.923928	
241	-37.027347	21.385450	
242	-36.596134	21.020840	
243	-35.872512	21.208601	
244	-34.983483	21.723851	
245	-35.261946	20.766077	
246	-35.058852	21.059592	
247	-35.694396	20.862975	
248	-34.186557	21.247002	
249	-34.996439	20.785229	
250	-35.106685	20.127760	
251	-35.003682	20.871473	
252	-34.337766	20.025294	
253	-33.801508	21.173571	
254	-34.002841	20.282244	
255	-33.175352	20.222711	
256	-34.220605	20.423193	
257	-33.068130	20.750253	
258	-34.113040	19.874940	
259	-33.638942	20.100542	
260	-32.705512	20.486683	
261	-33.876145	20.141496	
262	-32.273036	20.570395	
263	-32.685443	20.455829	
264	-32.828114	19.792574	
265	-32.004302	20.031421	
266	-32.585205	19.813728	
267	-32.208543	20.188076	
268	-32.389248	19.641432	
269	-32.386530	19.804211	
270	-32.027067	19.308107	
271	-31.339786	19.636443	
272	-32.069810	19.757902	
273	-32.562580	19.410372	
274	NaN	NaN	
275	NaN	NaN	
276	-32.421355	19.528643	
277	-32.500312	19.297683	
278	-31.940526	19.318305	
279	-32.588697	19.086763	
280	-31.850558	19.886290	
281	-33.057859	19.215574	
282	-32.221820	19.588946	
283	-32.534121	19.449886	
284	-32.667225	19.539519	
285	-31.647109	20.753602	
286	-32.869191	20.014537	
287	-32.848502	19.709591	
288	-33.401206	19.563090	
289	-32.513124	20.048812	
290	-32.664148	20.315841	
291	-32.369277	20.454700	
292	-32.981439	20.088903	
293	-33.755343	19.406602	
294	-32.206517	20.604224	
295	NaN	NaN	
296	NaN	NaN	
297	NaN	NaN	
298	-33.449817	19.784585	
299	-33.266016	19.884661	
300	-33.609565	19.822864	
301	-33.672930	19.717460	
302	-33.572101	20.251411	
303	-33.632563	20.242922	
304	-33.811996	20.148823	
305	-33.453575	20.633805	
306	-33.418225	20.556682	
307	-34.022430	20.239493	
308	-34.519416	20.262936	
309	-33.866510	20.390218	
310	-34.064596	20.053642	
311	-34.176168	19.913996	
312	-34.162481	20.291609	
313	-34.199861	20.333168	
314	-34.419845	20.195484	
315	-34.485574	20.002590	
316	-34.506622	20.112962	
317	-34.911297	19.717647	
318	-35.158684	19.461226	
319	-35.013615	19.500060	
320	-35.474778	19.223432	
321	-35.309006	19.231979	
322	-34.391508	18.740505	
323	-34.563192	18.103987	
324	-35.240092	17.488234	
325	-34.075731	17.854800	
326	-35.269003	17.179368	
327	-35.557246	17.056019	
328	-35.411330	16.699820	
329	-36.051033	16.171757	
330	-34.988863	17.289964	
331	-35.433287	17.171974	
332	-36.885832	16.237930	
333	-37.156679	15.727441	
334	-36.929105	16.439129	
335	-37.225100	16.187680	
336	-37.369231	16.495684	
337	-39.113524	16.104183	
338	-38.471848	15.953874	
339	-37.285150	16.071243	
340	-39.305717	16.391152	
341	-37.346194	15.935156	
342	-39.897610	15.459377	
343	-41.117480	16.434438	
344	-40.352558	16.036818	
345	-39.383449	15.726565	
346	-40.928380	16.435864	
347	-41.276180	16.012459	
348	-40.538190	16.591985	
349	-41.601094	16.161280	
350	-38.998773	16.537659	
351	-41.646534	16.902260	
352	-42.117168	16.754546	
353	-41.570676	16.886108	
354	-41.116816	16.525617	
355	-39.943816	16.189382	
356	-41.723470	16.408312	
357	-42.188192	15.991351	
358	-42.675662	16.362982	
359	-43.355599	16.431318	
360	-43.576627	16.623130	
361	-43.659571	16.675696	
362	-43.825916	16.720880	
363	-43.772631	17.014628	
364	-44.010297	16.801294	
365	-43.896730	17.526140	
366	-43.587643	17.783026	
367	-44.169362	18.173589	
368	-44.459086	18.182067	
369	-44.529493	18.209600	
370	-44.552057	17.764179	
371	-45.136538	17.951635	
372	-45.308057	18.318107	
373	-47.854001	18.045572	
374	-46.128269	18.072067	
375	-47.107153	18.127198	
376	-48.269982	18.659023	
377	-49.462224	18.586878	
378	-48.532816	18.591531	
379	-50.238281	18.585970	
380	-49.215345	18.429833	
381	-48.835996	19.009069	
382	-50.132826	18.778344	
383	-52.109335	18.850278	
384	-51.358070	19.086090	
385	-53.005939	19.071626	
386	-51.691455	19.527063	
387	-53.405765	20.218869	
388	-53.048487	19.460922	
389	-54.510621	19.329455	
390	-54.075658	19.069995	
391	-55.384425	20.653568	
392	-54.080615	19.543881	
393	-54.684691	19.567881	
394	-55.059390	19.848260	
395	-55.784304	20.007269	
396	-55.492660	19.741521	
397	-56.773007	20.097443	
398	-58.061907	20.824648	
399	-57.151200	20.066301	
400	-58.946049	20.792699	
401	-57.334254	20.044811	
402	-58.012300	19.575039	
403	-57.935553	19.651041	
404	-57.451630	19.801038	
405	-58.883172	20.773431	
406	-58.617624	20.586160	
407	-59.062875	19.344905	
408	-58.483365	19.034027	
409	-59.643241	20.181832	
410	-59.682120	20.334345	
411	-59.904779	20.169193	
412	-60.468985	20.021849	
413	-60.480559	19.801475	
414	-60.683054	19.237479	
415	-61.158800	20.863185	
416	-60.860060	20.829638	
417	-61.767796	19.560794	
418	-63.675336	20.082333	
419	-62.044526	19.503992	
420	-62.267647	20.696809	
421	-62.029602	19.455767	
422	-62.898263	19.583842	
423	-64.513601	20.324542	
424	-62.652153	18.820547	
425	-63.490962	20.945105	
426	-65.243866	22.069972	
427	-63.762745	19.543475	
428	-65.925630	21.555448	
429	-65.333194	22.365065	
430	-63.567357	20.256302	
431	-65.122714	20.193853	
432	-66.534946	22.373592	
433	-64.546125	19.650113	
434	-66.174207	19.618603	
435	-67.822268	22.250156	
436	-65.582041	20.751742	
437	-66.845221	21.127924	
438	-68.280958	22.396685	
439	-67.016233	22.071139	
440	-69.047096	24.158106	
441	-69.607152	23.562901	
442	-68.923152	23.368997	
443	-67.306770	21.069267	
444	-70.952522	24.902852	
445	-69.840356	24.520852	
446	-68.117620	22.224321	
447	-70.277719	25.555751	
448	-67.569294	21.492130	
449	-69.069247	21.656690	
450	-69.212988	22.406466	
451	-69.181705	23.536009	
452	-68.935189	23.813383	
453	-69.514315	23.979175	
454	-71.106933	26.710218	
455	-68.714458	23.453436	
456	-69.028360	23.417383	
457	-69.068754	22.690234	
458	-66.997622	19.380870	
459	-67.872282	23.132261	
460	-69.491188	25.257313	
461	-69.299479	22.214127	
462	-69.432191	23.106407	
463	-69.984205	24.621289	
464	-70.082203	24.702295	
465	NaN	NaN	
466	NaN	NaN	
467	NaN	NaN	
468	NaN	NaN	
469	NaN	NaN	
470	NaN	NaN	
471	-70.122843	24.237200	
472	-70.111775	24.896151	
473	-70.631450	25.412634	
474	-71.487098	26.883463	
475	-68.869755	23.215948	
476	-69.273050	24.166457	
477	-69.175739	23.137917	
478	-68.114876	23.241111	
479	-67.900252	25.086472	
480	-67.337528	24.582986	
481	-67.112935	25.675588	
482	-67.717723	27.035014	
483	-66.089925	28.315473	
484	-66.385108	26.189298	
485	-65.804930	26.984275	
486	-64.583604	26.771182	
487	-63.912329	27.522115	
488	-63.677288	27.791067	
489	-62.811017	28.296390	
490	-61.954976	27.456957	
491	-61.835405	27.590857	
492	-61.663196	27.946057	
493	-60.425742	28.011150	
494	-60.295511	28.088576	
495	-59.859099	27.911931	
496	-58.770505	27.808292	
497	-58.383020	27.624645	
498	-57.629894	27.255118	
499	-57.018679	26.741286	
500	-56.372726	27.186611	
501	-56.448817	27.470894	
502	-56.950067	27.301038	
503	-55.029295	26.664373	
504	-53.437351	26.158010	
505	-53.854751	26.188200	
506	-50.223105	24.937876	
507	-54.419119	26.532282	
508	-49.188229	24.382330	
509	-49.039177	23.797984	
510	-51.997082	25.679851	
511	-50.606112	25.967193	
512	-50.263783	26.384898	
513	-49.421498	26.607677	
514	-48.569685	26.341485	
515	-47.809049	26.334073	
516	-47.866541	26.402539	
517	-46.748501	26.087861	
518	-41.383930	24.061066	
519	-43.199830	24.671971	
520	-46.377297	26.466286	
521	-44.749468	26.034997	
522	-46.494467	25.874997	
523	-43.663660	26.088915	
524	-42.794545	25.531988	
525	-41.904251	25.850322	
526	-44.598241	25.095611	
527	-45.023909	25.299150	
528	-44.825141	23.875524	
529	-41.821848	22.510624	
530	-46.287727	24.432663	
531	-45.261006	23.974109	
532	-44.647436	23.468663	
533	-44.891012	23.673366	
534	-41.876215	23.379013	
535	-42.705963	22.720381	
536	-41.433156	21.976239	
537	-37.359719	19.998670	
538	-37.410457	20.287339	
539	-36.882071	20.074788	
540	-36.178101	19.994004	
541	-36.248508	19.845552	
542	-39.714761	20.012509	
543	-41.465683	21.140727	
544	-40.240465	21.605350	
545	-39.125381	21.760448	
546	-39.217066	20.775631	
547	-34.255532	18.177006	
548	-34.587119	19.022015	
549	-37.986510	19.457870	
550	-38.895301	20.617928	
551	-38.830377	20.342288	
552	-38.790582	20.047897	
553	-38.535864	19.833909	
554	-37.931248	19.864800	
555	-38.109173	19.972251	
556	-38.405891	19.663343	
557	-38.198943	19.459281	
558	-38.184686	19.584761	
559	-38.217052	19.965753	
560	-38.464000	19.579790	
561	-38.129926	20.058895	
562	-36.518503	20.998920	
563	-37.244034	20.739024	
564	-38.814435	19.686015	
565	NaN	NaN	
566	NaN	NaN	
567	-38.345399	20.050308	
568	-38.402512	19.819143	
569	NaN	NaN	
570	NaN	NaN	
571	-37.063039	18.946447	
572	-37.756253	19.373693	
573	-34.349388	17.679630	
574	-34.977052	18.060935	
575	-34.447102	17.876464	
576	-34.679493	18.423678	
577	-34.621777	18.543294	
578	-35.629604	18.949036	
579	-40.014829	21.593110	
580	-38.196209	20.795439	
581	-35.312025	19.102887	
582	-35.325552	19.576397	
583	-33.533877	20.080781	
584	-35.277469	20.601829	
585	-39.581227	22.123141	
586	-38.616505	22.632641	
587	-37.761387	22.101870	
588	-34.047097	20.693535	
589	-38.230152	22.719185	
590	-37.620308	22.715779	
591	-38.298819	22.932233	
592	-37.328092	22.766880	
593	-37.034636	22.422545	
594	-37.418911	22.517579	
595	-37.651711	22.770340	
596	-35.854594	21.982819	
597	-32.928300	20.306995	
598	-37.515149	22.441130	
599	-36.687927	22.156274	
600	-36.809097	22.203862	
601	-36.479793	21.093212	
602	-32.708804	19.754272	
603	-37.064788	22.499280	
604	-36.458278	21.589077	
605	-37.381446	21.533386	
606	-36.830914	21.614474	
607	-37.769408	20.803480	
608	-38.089853	20.947335	
609	-39.723527	20.321887	
610	-40.535521	19.839970	
611	-40.876011	19.810044	
612	-43.038232	19.118764	
613	-44.064324	17.757883	
614	-39.567550	16.714277	
615	-40.258814	16.850293	
616	-40.159982	16.482281	
617	-41.461052	17.156489	
618	-45.983714	19.132401	
619	-44.378063	17.970371	
620	-40.763930	15.425170	
621	-40.983248	15.177999	
622	-40.357693	14.810003	
623	-40.423143	14.360991	
624	-41.368651	13.619355	
625	-39.372548	14.714398	
626	-38.624196	15.248374	
627	-39.405404	15.051041	
628	-37.982289	16.043085	
629	-39.833789	16.536216	
630	-45.245015	18.127244	
631	-43.544460	18.137193	
632	-48.206061	18.731980	
633	-44.524316	18.609627	
634	-36.240702	16.570031	
635	-39.415386	17.215484	
636	-42.544140	19.330083	
637	-43.533337	18.400104	
638	-42.637065	17.816329	
639	-41.030070	17.307135	
640	-44.931006	19.861331	
641	-38.718988	15.589492	
642	-39.364553	16.801399	
643	-40.649219	16.216783	
644	-44.592657	16.521620	
645	-43.487280	18.220372	
646	-42.169652	17.684026	
647	-46.244246	18.929788	
648	-43.095685	17.599649	
649	-47.765129	19.540123	
650	-41.349860	17.137139	
651	-42.223330	17.863389	
652	-42.613674	17.399464	
653	-43.706347	17.765335	
654	-43.999312	17.859262	
655	-46.027794	18.330617	
656	-48.966730	20.189646	
657	-45.207508	18.121610	
658	-46.209808	18.828420	
659	-45.161603	18.524633	
660	-47.521583	19.203166	
661	-51.782809	21.465059	
662	-50.706083	21.040781	
663	-51.499247	21.153896	
664	-51.941959	21.332203	
665	-51.627809	21.291239	
666	-49.743714	19.937203	
667	-54.287357	21.308545	
668	-52.378228	20.515146	
669	-48.961376	19.435726	
670	-52.198467	20.138194	
671	-58.784837	22.771394	
672	-57.127194	22.571062	
673	-57.410389	22.742231	
674	-54.607665	21.823058	
675	-53.455988	21.423606	
676	-57.735743	22.960820	
677	-52.788080	20.571405	
678	-54.968196	22.544066	
679	-57.488885	23.934790	
680	-57.768396	23.535241	
681	-57.127671	22.452410	
682	-54.583433	21.148932	
683	-55.749313	20.565834	
684	-56.978975	21.631402	
685	-61.162996	22.891934	
686	-59.439088	21.778381	
687	-58.465412	21.382501	
688	-61.053901	22.638076	
689	-56.056619	20.326056	
690	-59.679467	21.647188	
691	-63.056669	22.438284	
692	-61.945125	22.726469	
693	-59.121755	21.703279	
694	-61.642722	22.118219	
695	-61.894473	21.971138	
696	-59.661861	21.786711	
697	-63.045257	23.900648	
698	-66.097881	24.097340	
699	-66.443252	24.330853	
700	-62.484337	23.485790	
701	-58.988000	21.649035	
702	-66.666990	23.396022	
703	-66.905656	24.789790	
704	-62.086840	23.749169	
705	-60.903496	22.528996	
706	-63.460570	23.232496	
707	-66.883947	25.342017	
708	-66.838031	26.148494	
709	-65.863518	25.901492	
710	-66.403505	25.941416	
711	-67.528743	25.391913	
712	-66.232177	25.545625	
713	-64.051116	23.891038	
714	-69.245593	26.922856	
715	-64.824144	24.011301	
716	-62.181026	20.449407	
717	-66.098252	25.910090	
718	-63.877357	24.288587	
719	-65.841879	25.509414	
720	-66.041045	26.273973	
721	-67.888475	27.300450	
722	-67.091446	26.031682	
723	-65.637315	25.749986	
724	-67.765455	27.174485	
725	-68.149269	26.607025	
726	-68.147133	27.174276	
727	-67.261470	27.624335	
728	-68.855254	28.205832	
729	-68.318991	28.053748	
730	-66.555054	27.020811	
731	-68.014920	27.636566	
732	-68.613332	27.761870	
733	-68.459181	27.090624	
734	-67.219897	27.039422	
735	-68.269043	28.225618	
736	-67.656966	27.069433	
737	-69.122862	27.688360	
738	-68.096820	26.725935	
739	-66.279750	26.359633	
740	-67.460246	27.060346	
741	-68.852465	27.484419	
742	-67.851911	27.072159	
743	-67.418559	27.284614	
744	-73.302850	29.500707	
745	-73.143859	29.014385	
746	-73.088682	30.642371	
747	-67.408492	28.847190	
748	-68.316319	29.536976	
749	-72.899926	31.595088	
750	-72.932114	32.433147	
751	-68.535140	29.906299	
752	-68.137503	30.052139	
753	-67.386397	29.699214	
754	-66.458438	29.264105	
755	-66.403886	29.503439	
756	-65.551218	29.199879	
757	-65.397494	29.608284	
758	-63.532002	28.742044	
759	-60.725376	26.385177	
760	-61.783670	28.282180	
761	-62.371791	29.184884	
762	-63.205199	30.312006	
763	-62.301065	30.887360	
764	-61.198011	29.202601	
765	-60.589640	29.305523	
766	-55.691163	26.946432	
767	-55.639292	26.186099	
768	-55.317722	25.411004	
769	-56.418788	27.774375	
770	-57.625178	27.921519	
771	-51.985828	24.970065	
772	-64.145907	32.190571	
773	-57.086176	27.649463	
774	-54.366698	26.237708	
775	-54.124946	25.628216	
776	-52.694072	25.233973	
777	-50.548941	25.031232	
778	-47.237944	24.484236	
779	-48.056701	23.552835	
780	-49.022291	23.361285	
781	-50.288650	25.317069	
782	-44.442199	23.436175	
783	-43.870436	22.727775	
784	-47.275314	23.264192	
785	-42.897398	23.603723	
786	-45.525424	22.386688	
787	-49.131045	20.152060	
788	-42.508692	23.597964	
789	-43.942678	22.962735	
790	-40.677515	23.139455	
791	-40.587311	24.772497	
792	-45.366166	23.413995	
793	-45.056642	20.358335	
794	-43.304061	26.896826	
795	-44.430722	27.013007	
796	-42.058121	25.979006	
797	-34.591825	23.507755	
798	-36.502783	23.237198	
799	-35.468737	23.832223	
800	-34.406239	23.954603	
801	-33.126876	23.152085	
802	-32.461732	23.853489	
803	-32.893133	21.391324	
804	-35.511748	16.182861	
805	-31.003030	23.475935	
806	-30.674549	23.600635	
807	-31.620824	24.801112	
808	-30.976179	21.635573	
809	-33.065388	14.757661	
810	-28.473914	23.842510	
811	-29.458343	21.813479	
812	-27.033084	21.755125	
813	-28.123429	20.013002	
814	-32.006942	12.973260	
815	-30.788898	14.137079	
816	-30.091077	13.719569	
817	-30.546362	13.590746	
818	-30.128186	13.486902	
819	-28.861882	13.991889	
820	-28.708070	13.563545	
821	-29.608387	13.639206	
822	-26.060668	21.836062	
823	-24.901819	22.092909	
824	-25.773074	20.311965	
825	-25.792868	20.623523	
826	-25.220076	19.927356	
827	-22.548999	21.393716	
828	-26.562497	18.781872	
829	-34.317588	15.069385	
830	-29.194964	19.411254	
831	-29.069288	18.307130	
832	-31.135534	19.290896	
833	-34.806247	22.611516	
834	-28.430643	18.614762	
835	-31.642482	19.126307	
836	-34.264331	20.548011	
837	-31.825930	20.109843	
838	-38.100413	24.823032	
839	-32.556651	15.479569	
840	-33.768912	19.667871	
841	-37.659133	22.335641	
842	-38.630337	21.946993	
843	-39.733362	23.394116	
844	-39.221102	22.943127	
845	-38.325863	21.678448	
846	-33.635684	20.213811	
847	-39.407873	23.656986	
848	-38.399455	22.510088	
849	-39.347775	23.274689	
850	-39.174045	24.228601	
851	-39.339837	24.096373	
852	-44.376821	25.976933	
853	-43.315588	24.692355	
854	-40.957071	23.706204	
855	-40.804028	24.011890	
856	-40.654206	23.950931	
857	-39.527447	24.673423	
858	-40.207780	23.722043	
859	-40.221114	23.880376	
860	-39.926859	24.184787	
861	-40.147013	24.321013	
862	-40.054969	24.115572	
863	-40.237122	24.076590	
864	-40.544581	23.601460	
865	-40.541400	24.035732	
866	-40.788311	24.400769	
867	-40.701055	23.861619	
868	NaN	NaN	
869	NaN	NaN	
870	-39.578875	23.330724	
871	-39.550497	23.456347	
872	-40.669555	23.729508	
873	-39.564829	23.040044	
874	-41.259719	22.604698	
875	-46.148589	25.127357	
876	-39.223364	22.614125	
877	-39.812253	22.636772	
878	-42.201286	23.012791	
879	-45.880616	23.995947	
880	-38.769537	20.602262	
881	-40.996311	21.836946	
882	-41.215723	21.563498	
883	-41.986786	21.608395	
884	-43.356737	20.332006	
885	-43.886499	22.457683	
886	-44.692030	21.220684	
887	-45.932086	21.367773	
888	-46.090249	21.978738	
889	-45.691809	21.310899	
890	-46.225455	22.080543	
891	-47.158739	22.345675	
892	-47.236952	22.068054	
893	-50.514345	22.188606	
894	-51.256698	22.857886	
895	-44.743608	19.867743	
896	-47.104884	20.566919	
897	-51.353701	22.476556	
898	-50.560999	21.181519	
899	-50.567230	22.047037	
900	-52.199612	23.456517	
901	-49.556472	20.745409	
902	-46.535443	19.477020	
903	-50.509105	22.907377	
904	-47.256215	21.010477	
905	-52.728878	23.173775	
906	-45.629578	19.139707	
907	-48.008777	21.006724	
908	-47.966418	20.773274	
909	-48.328668	21.567527	
910	-48.643448	21.813021	
911	-48.737821	21.458616	
912	-50.015028	20.626320	
913	-50.861634	21.061380	
914	-50.162549	21.363064	
915	-50.507192	22.406377	
916	-50.804443	21.282729	
917	-50.722079	21.087110	
918	-52.715620	20.960819	
919	-57.185260	23.871179	
920	-52.583180	22.390242	
921	-59.257671	24.247952	
922	-59.267442	24.529173	
923	-53.485591	22.516102	
924	-48.832555	20.835609	
925	-49.677580	20.547381	
926	-51.139146	21.778580	
927	-56.299380	22.345310	
928	-59.070153	24.944103	
929	-56.204110	23.586671	
930	-59.623095	24.884727	
931	-54.721459	22.247446	
932	-56.816183	22.731579	
933	-57.715960	23.753926	
934	-58.471984	23.144606	
935	-57.721355	23.408402	
936	NaN	NaN	
937	NaN	NaN	
938	NaN	NaN	
939	-59.832016	22.760582	
940	-60.310136	23.517520	
941	-60.540546	23.681957	
942	-61.656198	23.829879	
943	-61.675729	23.368468	
944	-62.055082	22.347765	
945	-61.951088	22.765410	
946	-62.320667	22.922453	
947	-62.793901	24.847693	
948	-63.279953	24.716119	
949	-63.511103	23.192808	
950	-63.803725	24.837382	
951	-64.303580	25.556211	
952	-64.691216	25.930953	
953	-64.979178	26.321259	
954	-65.205496	25.878912	
955	-65.504998	26.198148	
956	-65.896538	26.130323	
957	-65.763618	25.979859	
958	-65.379471	25.068712	
959	-65.767135	24.854647	
960	-66.617811	25.803928	
961	-66.538758	26.158422	
962	-66.616275	25.221439	
963	-67.198212	25.820548	
964	-67.382581	25.607955	
965	-67.629110	25.639069	
966	-67.922635	25.214751	
967	-68.384826	25.655977	
968	-67.903302	23.871258	
969	-68.253612	24.651174	
970	-68.240736	25.297472	
971	-68.693028	25.551145	
972	-69.080868	25.935325	
973	-69.028193	24.641627	
974	-69.433200	26.491039	
975	-68.822010	25.897958	
976	-68.168301	24.652816	
977	-69.885562	26.332940	
978	-69.051388	24.021325	
979	-70.180446	25.338223	
980	-71.118992	27.169862	
981	-70.053672	25.001476	
982	-70.763350	26.127007	
983	-70.957306	27.117273	
984	-71.171183	27.261343	
985	-71.339464	26.980063	
986	-70.190807	24.388349	
987	-65.364549	17.883518	
988	-68.486391	21.034136	
989	-69.830843	23.580601	
990	-55.013167	15.668113	
991	-58.346540	15.665327	
992	-66.917449	18.692448	
993	-68.377110	20.344477	
994	-71.132812	25.999707	
995	-60.210722	15.741800	
996	-68.884912	19.559037	
997	-70.514390	21.538242	
998	-71.963962	26.394289	
999	-64.607923	15.193106	
1000	-70.658058	22.861271	
1001	-54.723905	14.741835	
1002	-64.776260	18.199043	
1003	-73.099476	29.113926	
1004	-70.917314	27.632374	
1005	-67.901650	22.232847	
1006	NaN	NaN	
1007	-63.664380	29.739972	
1008	-71.116806	20.348836	
1009	-73.112560	29.055327	
1010	-73.391711	28.651123	
1011	-74.244726	27.655712	
1012	-71.433006	26.504780	
1013	-65.304032	16.287367	
1014	-71.543280	23.092864	
1015	-61.253590	14.018312	
1016	-64.980404	15.198726	
1017	-71.825451	23.356727	
1018	-72.946999	24.802288	
1019	-69.924374	23.122420	
1020	-62.575087	20.366283	
1021	-58.306331	17.362225	
1022	NaN	NaN	
1023	NaN	NaN	
1024	NaN	NaN	
1025	NaN	NaN	
1026	NaN	NaN	
1027	NaN	NaN	
1028	NaN	NaN	
1029	NaN	NaN	
1030	NaN	NaN	
1031	NaN	NaN	
1032	NaN	NaN	
1033	NaN	NaN	
1034	NaN	NaN	
1035	NaN	NaN	
1036	NaN	NaN	
1037	NaN	NaN	
1038	NaN	NaN	
1039	NaN	NaN	
1040	NaN	NaN	
1041	NaN	NaN	
1042	NaN	NaN	
1043	NaN	NaN	
1044	NaN	NaN	
1045	NaN	NaN	
1046	NaN	NaN	
1047	NaN	NaN	
1048	NaN	NaN	
1049	NaN	NaN	
1050	NaN	NaN	
1051	NaN	NaN	
1052	NaN	NaN	
1053	NaN	NaN	
1054	NaN	NaN	
1055	NaN	NaN	
1056	NaN	NaN	
1057	NaN	NaN	
1058	NaN	NaN	
1059	NaN	NaN	
1060	NaN	NaN	
1061	NaN	NaN	
1062	NaN	NaN	
1063	NaN	NaN	
1064	NaN	NaN	
1065	NaN	NaN	
1066	NaN	NaN	
1067	NaN	NaN	
1068	NaN	NaN	
1069	NaN	NaN	
1070	NaN	NaN	
1071	NaN	NaN	
1072	NaN	NaN	
1073	NaN	NaN	
1074	NaN	NaN	
1075	NaN	NaN	
1076	NaN	NaN	
1077	NaN	NaN	
1078	NaN	NaN	
1079	NaN	NaN	
1080	NaN	NaN	
1081	NaN	NaN	
1082	NaN	NaN	
1083	NaN	NaN	
1084	NaN	NaN	
1085	NaN	NaN	
1086	NaN	NaN	
1087	NaN	NaN	
1088	-42.713994	27.960352	
1089	NaN	NaN	
1090	NaN	NaN	
1091	NaN	NaN	
1092	NaN	NaN	
1093	NaN	NaN	
1094	NaN	NaN	
1095	NaN	NaN	
1096	NaN	NaN	
1097	NaN	NaN	
1098	NaN	NaN	
1099	NaN	NaN	
1100	NaN	NaN	
1101	NaN	NaN	
1102	NaN	NaN	
1103	NaN	NaN	
1104	NaN	NaN	
1105	NaN	NaN	
1106	NaN	NaN	
1107	NaN	NaN	
1108	NaN	NaN	
1109	NaN	NaN	
1110	NaN	NaN	
1111	NaN	NaN	
1112	NaN	NaN	
1113	NaN	NaN	
1114	NaN	NaN	
1115	NaN	NaN	
1116	NaN	NaN	
1117	NaN	NaN	
1118	NaN	NaN	
1119	NaN	NaN	
1120	NaN	NaN	
1121	NaN	NaN	
1122	NaN	NaN	
1123	NaN	NaN	
1124	NaN	NaN	
1125	NaN	NaN	
1126	NaN	NaN	
1127	NaN	NaN	
1128	NaN	NaN	
1129	NaN	NaN	
1130	NaN	NaN	
1131	NaN	NaN	
1132	NaN	NaN	
1133	NaN	NaN	
1134	NaN	NaN	
1135	NaN	NaN	
1136	NaN	NaN	
1137	NaN	NaN	
1138	NaN	NaN	
1139	NaN	NaN	
1140	NaN	NaN	
1141	NaN	NaN	
1142	NaN	NaN	
1143	NaN	NaN	
1144	NaN	NaN	
1145	NaN	NaN	
1146	NaN	NaN	
1147	NaN	NaN	
1148	NaN	NaN	
1149	NaN	NaN	
1150	NaN	NaN	
1151	NaN	NaN	
1152	NaN	NaN	
1153	NaN	NaN	
1154	NaN	NaN	
1155	NaN	NaN	
1156	NaN	NaN	
1157	NaN	NaN	
1158	NaN	NaN	
1159	NaN	NaN	
1160	NaN	NaN	
1161	NaN	NaN	
1162	NaN	NaN	
1163	NaN	NaN	
1164	NaN	NaN	
1165	NaN	NaN	
1166	NaN	NaN	
1167	NaN	NaN	
1168	NaN	NaN	
1169	NaN	NaN	
1170	NaN	NaN	
1171	NaN	NaN	
1172	NaN	NaN	
1173	NaN	NaN	
1174	NaN	NaN	
1175	NaN	NaN	
1176	NaN	NaN	
1177	NaN	NaN	
1178	NaN	NaN	
1179	NaN	NaN	
1180	NaN	NaN	
1181	NaN	NaN	
1182	NaN	NaN	
1183	NaN	NaN	
1184	NaN	NaN	
1185	NaN	NaN	
1186	NaN	NaN	
1187	NaN	NaN	
1188	NaN	NaN	
1189	NaN	NaN	
1190	NaN	NaN	
1191	NaN	NaN	
1192	NaN	NaN	
1193	NaN	NaN	
1194	NaN	NaN	
1195	NaN	NaN	
1196	NaN	NaN	
1197	NaN	NaN	
1198	NaN	NaN	
1199	NaN	NaN	
1200	NaN	NaN	
1201	NaN	NaN	
1202	NaN	NaN	
1203	NaN	NaN	
1204	NaN	NaN	
1205	NaN	NaN	
1206	NaN	NaN	
1207	NaN	NaN	
1208	NaN	NaN	
1209	NaN	NaN	
1210	NaN	NaN	
1211	NaN	NaN	
1212	NaN	NaN	
1213	NaN	NaN	
1214	NaN	NaN	
1215	NaN	NaN	
1216	NaN	NaN	
1217	NaN	NaN	
1218	NaN	NaN	
1219	NaN	NaN	
1220	NaN	NaN	
1221	NaN	NaN	
1222	NaN	NaN	
1223	NaN	NaN	
1224	NaN	NaN	
1225	NaN	NaN	
1226	NaN	NaN	
1227	NaN	NaN	
1228	NaN	NaN	
1229	NaN	NaN	
1230	NaN	NaN	
1231	NaN	NaN	
1232	NaN	NaN	
1233	NaN	NaN	
1234	NaN	NaN	
1235	NaN	NaN	
1236	NaN	NaN	
1237	NaN	NaN	
1238	NaN	NaN	
1239	NaN	NaN	
1240	NaN	NaN	
1241	NaN	NaN	
1242	NaN	NaN	
1243	NaN	NaN	
1244	NaN	NaN	
1245	NaN	NaN	
1246	NaN	NaN	
1247	NaN	NaN	
1248	NaN	NaN	
1249	NaN	NaN	
1250	NaN	NaN	
1251	NaN	NaN	
1252	NaN	NaN	
1253	NaN	NaN	
1254	NaN	NaN	
1255	NaN	NaN	
1256	NaN	NaN	
1257	NaN	NaN	
1258	NaN	NaN	
1259	NaN	NaN	
1260	NaN	NaN	
1261	NaN	NaN	
1262	NaN	NaN	
1263	NaN	NaN	
1264	NaN	NaN	
1265	NaN	NaN	
1266	NaN	NaN	
1267	NaN	NaN	
1268	NaN	NaN	
1269	NaN	NaN	
1270	NaN	NaN	
1271	NaN	NaN	
1272	NaN	NaN	
1273	NaN	NaN	
1274	NaN	NaN	
1275	NaN	NaN	
1276	NaN	NaN	
1277	NaN	NaN	
1278	NaN	NaN	
1279	NaN	NaN	
1280	NaN	NaN	
1281	NaN	NaN	
1282	NaN	NaN	
1283	NaN	NaN	
1284	NaN	NaN	
1285	NaN	NaN	
1286	NaN	NaN	
1287	NaN	NaN	
1288	NaN	NaN	
1289	NaN	NaN	
1290	NaN	NaN	
1291	NaN	NaN	
1292	NaN	NaN	
1293	NaN	NaN	
1294	NaN	NaN	
