Athlete_Engineering	// User ID
11-2-2021	// Evaluation date
P007_WALK4	25-1-2021	18:08:35:065	// Source file name and timestamp
250.000	// Sampling rate
5.073	// Data capture period



Sample #	Right_Leg_Flexion	Right_Leg_Abduction	
0	-64.372276	23.957642	
1	-64.224116	23.831602	
2	-64.333321	23.541099	
3	-64.163087	23.491218	
4	-64.278695	23.742272	
5	-64.075777	23.249721	
6	-64.310688	23.940484	
7	-64.003235	23.805266	
8	-64.289433	23.783008	
9	-64.452173	24.200487	
10	-64.493558	24.138442	
11	-64.290780	23.876302	
12	-64.128080	24.742027	
13	-64.195161	24.002394	
14	-64.332423	24.640012	
15	-64.232844	24.741078	
16	-64.260661	24.539252	
17	-64.265138	25.041890	
18	-64.342372	24.981646	
19	NaN	NaN	
20	NaN	NaN	
21	NaN	NaN	
22	NaN	NaN	
23	NaN	NaN	
24	NaN	NaN	
25	-63.855449	24.789927	
26	-63.848458	25.108576	
27	-63.845415	25.257019	
28	-63.813439	25.231044	
29	-63.807775	25.143521	
30	-63.757721	25.515419	
31	-63.728820	25.589833	
32	-63.635215	25.718650	
33	-63.682824	26.346870	
34	-63.851978	26.197324	
35	-64.268250	26.474582	
36	-64.020500	25.931305	
37	-64.219984	26.104154	
38	-64.391959	26.160464	
39	-64.256267	26.653450	
40	-64.247700	26.873570	
41	-64.291228	26.740115	
42	-64.325077	27.123338	
43	-64.277499	27.343512	
44	-64.198142	27.733638	
45	-64.243960	28.218080	
46	-64.116384	28.319098	
47	-64.108761	28.497414	
48	-64.277604	28.525419	
49	-64.370041	29.175573	
50	-64.487334	28.961454	
51	-64.500297	29.775148	
52	-64.721518	29.696095	
53	-65.115945	29.916809	
54	-64.863208	29.640384	
55	-65.044188	29.100466	
56	-64.593827	28.376208	
57	-64.671732	29.003696	
58	-64.819319	29.014642	
59	-64.816375	28.903086	
60	-64.767562	29.503796	
61	-64.783139	29.375684	
62	-64.718589	29.903145	
63	-64.597501	30.057999	
64	-64.666752	29.441097	
65	-64.654800	29.439821	
66	-64.465462	30.487491	
67	-64.657878	30.039810	
68	-64.868773	29.271937	
69	-64.902287	30.273425	
70	-64.710336	30.665148	
71	-64.324612	30.941063	
72	-64.206834	31.347685	
73	-64.485555	30.961408	
74	-64.386708	30.589911	
75	-64.363430	30.556142	
76	-64.312374	30.478898	
77	-64.317600	30.242115	
78	-64.172849	30.475784	
79	-64.315757	30.426001	
80	-64.582727	30.396227	
81	-64.695748	30.350854	
82	-64.327156	30.657195	
83	-64.418098	30.213643	
84	-64.023447	30.220278	
85	-64.032134	30.637662	
86	-64.256754	28.920493	
87	-64.872420	31.613968	
88	-64.495926	31.561240	
89	-64.344922	30.300143	
90	-64.694232	29.356338	
91	-64.043697	27.811006	
92	-64.232770	28.570481	
93	-64.339302	31.400677	
94	-64.276469	31.282168	
95	-64.225550	31.071176	
96	-64.372234	30.725136	
97	-64.411833	29.851005	
98	-64.505985	30.590977	
99	-64.313839	30.164676	
100	-64.006952	30.793376	
101	-63.827787	30.559938	
102	-63.468348	31.007766	
103	-63.443050	30.695290	
104	-63.324509	30.703946	
105	-63.255641	30.476375	
106	-63.361985	31.496809	
107	-63.659569	30.383549	
108	-63.583533	28.758952	
109	-63.977115	30.133808	
110	-63.478212	30.939176	
111	-63.257664	30.242834	
112	-63.110479	30.225711	
113	-63.084104	26.597747	
114	-62.453507	27.291774	
115	-62.946365	28.934790	
116	-62.476210	27.398748	
117	-62.839698	27.389954	
118	-62.875000	26.926304	
119	-62.448944	26.307732	
120	-62.353149	26.357449	
121	-62.617037	26.852470	
122	-62.799241	25.949270	
123	-62.152984	26.236960	
124	-62.338902	26.007333	
125	-62.473220	26.551726	
126	-61.941841	27.685065	
127	-61.615138	26.716100	
128	-61.463373	26.075264	
129	-61.248433	25.653029	
130	-61.264040	28.335552	
131	-61.319926	27.033401	
132	-60.517215	26.798354	
133	-60.698978	25.523646	
134	-60.647051	26.312378	
135	-60.385757	26.900388	
136	-59.545922	27.210291	
137	-59.641525	26.889094	
138	-59.876543	27.470102	
139	-59.372205	26.765965	
140	-59.551876	28.775299	
141	-59.539907	28.521033	
142	-59.388465	28.870942	
143	NaN	NaN	
144	NaN	NaN	
145	NaN	NaN	
146	NaN	NaN	
147	NaN	NaN	
148	NaN	NaN	
149	NaN	NaN	
150	NaN	NaN	
151	-57.319540	26.852997	
152	-57.265359	27.119365	
153	-57.113969	27.055138	
154	-56.401750	25.998045	
155	-56.133926	25.991201	
156	-55.821014	25.505130	
157	-55.370818	25.186508	
158	-55.098027	25.079251	
159	-54.527639	24.611610	
160	-54.353694	25.024361	
161	-53.772438	25.132300	
162	-53.204478	24.743801	
163	-52.902041	24.926717	
164	-52.524633	24.401187	
165	-52.135425	23.807402	
166	-51.543975	23.968282	
167	-51.253810	24.535110	
168	-50.379007	23.575820	
169	-49.879963	24.236989	
170	-49.007447	25.287122	
171	-48.203675	25.884407	
172	-48.333507	24.845004	
173	-47.908326	24.358130	
174	-47.260967	24.364572	
175	-47.067401	23.689662	
176	-46.377039	23.712959	
177	-46.084076	23.593115	
178	-45.823931	23.514239	
179	-44.912383	22.461175	
180	-44.860245	22.234587	
181	-44.181839	22.372856	
182	-44.135225	21.465551	
183	-43.925113	21.895025	
184	-43.296171	22.579251	
185	-43.124147	22.705993	
186	-42.424362	22.170040	
187	-42.196573	20.912033	
188	-41.310823	21.569610	
189	-41.550822	21.114838	
190	-40.477232	20.313971	
191	-41.239926	19.547972	
192	-40.336919	20.202973	
193	-39.765972	20.683477	
194	-39.607019	19.729897	
195	-37.861847	23.149823	
196	-38.753192	20.736159	
197	-38.226597	21.997789	
198	-37.667708	22.082092	
199	-37.749504	21.436268	
200	-36.992511	21.458235	
201	-37.327742	21.128765	
202	-36.460383	21.857112	
203	-37.371158	20.873227	
204	-36.284052	20.902917	
205	-36.858139	20.323742	
206	-36.561436	20.172622	
207	-36.183508	21.052749	
208	-35.921932	20.554551	
209	-35.160944	20.746053	
210	-35.816858	20.004200	
211	-35.485822	20.428381	
212	-35.357422	20.149755	
213	-34.723032	20.908657	
214	-34.225459	20.912564	
215	-34.125790	20.630353	
216	-34.773260	19.938238	
217	-34.525075	20.138758	
218	-34.084364	20.019486	
219	-34.010589	20.386893	
220	-34.186196	19.988210	
221	-33.579959	20.057215	
222	-33.734343	19.678235	
223	-32.708052	19.880091	
224	-33.200283	19.984993	
225	-32.646683	19.917843	
226	-33.268264	19.073241	
227	-32.092721	19.833583	
228	-32.588556	19.467451	
229	-32.247158	19.853074	
230	-32.085920	19.996162	
231	-31.765626	20.102421	
232	-30.702869	20.884195	
233	-31.118779	19.590629	
234	-30.023523	21.171614	
235	-31.365045	19.623224	
236	-31.236681	20.331768	
237	-30.490451	20.553856	
238	-30.605474	20.769058	
239	-30.079241	20.917810	
240	-30.332715	21.129769	
241	-31.024936	19.761955	
242	-30.345413	20.498041	
243	-30.538876	20.289892	
244	-30.925340	19.756910	
245	-29.102410	21.921188	
246	-28.761833	21.714390	
247	-30.133017	20.678179	
248	-29.866588	20.661265	
249	-30.150662	21.002361	
250	-31.507061	20.029996	
251	-29.313534	21.122141	
252	-29.765718	20.519328	
253	-30.028357	20.635347	
254	-30.141357	20.066219	
255	-29.659130	20.892374	
256	-29.444266	20.814485	
257	-29.507815	20.726093	
258	-29.599129	20.180339	
259	-29.968913	20.740080	
260	-29.472461	20.975511	
261	-29.625757	20.666651	
262	-29.491314	20.938542	
263	-29.546578	20.257413	
264	-30.333683	20.393211	
265	-29.574215	20.392915	
266	-29.600395	20.503675	
267	-29.232949	20.644537	
268	-29.933064	19.642010	
269	-29.823536	20.366087	
270	-28.887428	20.627101	
271	-29.099497	20.028773	
272	-28.837662	20.367245	
273	-29.266405	20.054420	
274	-28.956371	20.089111	
275	-29.270910	19.859181	
276	-28.827244	20.759526	
277	-29.644416	20.596172	
278	-28.782400	20.606158	
279	-29.110253	20.460288	
280	-29.114078	20.123897	
281	-29.173136	20.351636	
282	-29.598802	20.234332	
283	-30.099656	20.348338	
284	-29.125607	20.471441	
285	-30.057908	20.741654	
286	-31.242580	20.474686	
287	-30.582732	20.077735	
288	-29.907713	19.922649	
289	-30.632706	19.962977	
290	-30.684958	19.010352	
291	-30.880155	18.735214	
292	-31.486645	19.136231	
293	-31.574306	19.088868	
294	-31.374555	19.460236	
295	-31.106343	18.186783	
296	-31.135330	17.708719	
297	-30.754799	17.278834	
298	-30.751323	17.413991	
299	-31.027527	16.411242	
300	-30.992930	15.916663	
301	-30.420908	16.034829	
302	-31.269447	16.319842	
303	-30.709331	15.934373	
304	-31.511186	15.492805	
305	-31.881166	15.164932	
306	-31.840588	15.395454	
307	-32.485258	15.421072	
308	-32.757920	15.389241	
309	-33.259901	15.254886	
310	-33.872238	14.690560	
311	-33.893832	15.038239	
312	-34.580113	14.241522	
313	-34.252830	14.956435	
314	-34.085524	15.004391	
315	-35.171317	15.160225	
316	-35.557750	14.840060	
317	-36.546157	14.332054	
318	-36.706280	13.986028	
319	-37.203538	13.807785	
320	-37.199943	14.115974	
321	-37.483220	14.450577	
322	-37.429804	13.865412	
323	-38.173951	14.144302	
324	-38.148566	13.521547	
325	-38.747432	13.507173	
326	-38.388354	13.873427	
327	-39.094183	13.806032	
328	-38.918238	14.104069	
329	-39.396015	13.542830	
330	-39.402964	13.577275	
331	-39.664024	13.745505	
332	-39.901247	13.462473	
333	-39.826085	14.150431	
334	-40.248624	14.314189	
335	-40.867649	13.764748	
336	-41.019082	14.120070	
337	-41.786163	13.432018	
338	-42.073728	13.340101	
339	-41.970865	14.136056	
340	-42.429853	14.181557	
341	-42.352404	15.462829	
342	-42.667595	15.024454	
343	-43.974660	14.616206	
344	-43.747178	15.017893	
345	-44.618661	15.240874	
346	-44.870168	14.915995	
347	-45.567538	15.188891	
348	-45.761387	15.298818	
349	-45.852613	15.555792	
350	-46.288287	16.184134	
351	-47.160572	16.833253	
352	-46.883704	15.972454	
353	-47.925497	16.013587	
354	-49.087235	16.427545	
355	-48.361406	15.495668	
356	-49.239690	16.803386	
357	-50.203131	16.721565	
358	-49.983521	18.326497	
359	-50.974612	17.879913	
360	-50.731109	18.908562	
361	-51.195852	18.988916	
362	-51.644034	18.174999	
363	-51.859569	19.027567	
364	-52.386160	19.015755	
365	-53.435487	19.079589	
366	-53.382020	18.642890	
367	-53.581816	19.234327	
368	-54.266344	19.101023	
369	-54.149619	19.497508	
370	-54.277476	19.778675	
371	-54.890655	19.740076	
372	-56.203188	19.389122	
373	-54.948010	20.293258	
374	-55.592880	19.677179	
375	-55.979535	20.237631	
376	-56.539358	19.791552	
377	-56.556885	20.524109	
378	-57.517787	20.905031	
379	-56.759886	21.137940	
380	-58.580124	21.422941	
381	-57.677650	21.226963	
382	-57.480352	20.946494	
383	-58.847776	21.012603	
384	-59.113062	21.098531	
385	-58.834894	21.656269	
386	-58.608126	21.622956	
387	-59.291852	23.013008	
388	-60.415045	21.983668	
389	-61.010834	22.542663	
390	-60.784444	23.643888	
391	-61.587648	23.298707	
392	-62.010563	23.046191	
393	-62.154611	23.885200	
394	-62.763349	23.274340	
395	-62.897924	23.362981	
396	-62.675795	25.128510	
397	-63.362381	24.009042	
398	-63.599740	24.835699	
399	-64.648787	25.297021	
400	-65.210934	25.667502	
401	-65.572022	25.692299	
402	-65.446447	26.404009	
403	-65.841276	25.908632	
404	-66.733561	25.313701	
405	-66.753958	27.682017	
406	-67.209809	26.760819	
407	-67.284143	25.952998	
408	-67.412206	26.697147	
409	-67.987701	26.650709	
410	-68.358389	26.868012	
411	-68.445364	27.141179	
412	-68.852091	27.301525	
413	-68.641087	26.828490	
414	-67.889585	26.389387	
415	-68.727163	26.220520	
416	-69.056194	27.014075	
417	-68.929793	27.400129	
418	-69.357642	26.680399	
419	-69.395318	26.704824	
420	-69.786717	26.971538	
421	-70.105430	26.610807	
422	-69.417412	26.697309	
423	-69.388771	26.716961	
424	-69.809099	27.061072	
425	-70.031474	27.132130	
426	-69.906851	27.681172	
427	-70.007307	28.052716	
428	-70.466867	26.725379	
429	-70.405075	27.247691	
430	-70.532396	29.013741	
431	-70.293858	27.945079	
432	-70.417434	27.851178	
433	-70.251617	28.151413	
434	-69.828179	27.361384	
435	-69.969715	28.638013	
436	-70.257240	27.054166	
437	-70.134121	27.062742	
438	-70.711606	27.163333	
439	-70.067777	29.362810	
440	-69.831098	27.664109	
441	-69.401185	28.988865	
442	-69.802134	27.981575	
443	-69.359821	28.234069	
444	-68.861086	28.809791	
445	-67.927330	26.886987	
446	-67.528548	27.517740	
447	-66.370058	26.647248	
448	-66.150091	28.091580	
449	-65.319494	27.292572	
450	-64.788497	28.303850	
451	-64.192558	28.162469	
452	-64.710338	29.420033	
453	-64.080910	28.497938	
454	-63.729985	27.650547	
455	-63.762951	28.935764	
456	-62.816706	27.928900	
457	-61.949037	27.700135	
458	-62.466547	27.654519	
459	-60.411733	27.280991	
460	-60.400917	27.723487	
461	-60.602659	27.215200	
462	-59.838719	26.821636	
463	-59.530849	26.151692	
464	-58.524843	26.311673	
465	-56.908912	24.877837	
466	-56.338719	25.863776	
467	-57.111650	25.985517	
468	-56.248256	26.689660	
469	-54.384271	25.314922	
470	-54.406351	25.439624	
471	-54.134055	25.425484	
472	-52.985397	24.735076	
473	-52.668479	25.494586	
474	-52.369876	25.922836	
475	-51.426536	25.201150	
476	-50.934809	24.262231	
477	-50.652683	23.941451	
478	-49.706188	23.981986	
479	-49.530027	23.306381	
480	-48.740826	23.109147	
481	-48.147458	22.742496	
482	-47.532430	23.728124	
483	-47.137757	22.724961	
484	-46.538612	23.318741	
485	-45.213792	23.295501	
486	-45.529539	22.712430	
487	-44.579291	22.859801	
488	-44.363949	22.813520	
489	-43.959321	21.790535	
490	-43.771672	22.414076	
491	-42.152901	23.064243	
492	-41.993661	23.145565	
493	-41.260084	23.449905	
494	-41.169568	21.855137	
495	-40.378982	21.841810	
496	-40.004643	23.103723	
497	-39.964283	22.322303	
498	-40.107235	21.642923	
499	-39.607079	21.578996	
500	-38.834312	21.376870	
501	-38.978325	20.413524	
502	-37.882184	20.669408	
503	-37.698063	21.151730	
504	-37.945590	20.835140	
505	-37.541363	20.496309	
506	-36.834799	21.017874	
507	-36.093161	20.535250	
508	-35.333976	20.731501	
509	-35.951316	20.106121	
510	-35.586089	20.824163	
511	-35.184293	20.688217	
512	-35.212860	20.122324	
513	-34.783121	20.746130	
514	-34.420495	20.401239	
515	-34.222591	20.226432	
516	-34.231243	20.567998	
517	-34.662338	20.351278	
518	-34.368536	19.879017	
519	-34.280783	19.779740	
520	-34.444280	19.736219	
521	-34.238837	19.646261	
522	-34.576298	19.103902	
523	-35.141981	19.379793	
524	-35.182193	19.264118	
525	-34.953095	19.001208	
526	-35.363252	19.187346	
527	-35.625835	19.653601	
528	-35.634377	19.418855	
529	-35.333167	19.615301	
530	-36.247492	19.538827	
531	-36.367104	19.736988	
532	-36.518956	19.902085	
533	-36.154177	19.380145	
534	-36.525514	19.851839	
535	-36.909022	19.834328	
536	-37.394587	20.233254	
537	-37.371406	21.116765	
538	-37.669799	20.899025	
539	-37.475866	21.221498	
540	-37.887868	21.005909	
541	-38.914571	21.105968	
542	-38.954957	21.134745	
543	-39.097340	21.328631	
544	-38.888827	21.883268	
545	-39.124706	21.884495	
546	-39.560342	22.508035	
547	-39.631200	22.125552	
548	-39.234508	22.005146	
549	-39.129582	22.194937	
550	-39.350968	22.152704	
551	-39.179724	22.022472	
552	-38.964509	22.090088	
553	-39.366665	21.399653	
554	-39.640379	22.185234	
555	-39.663059	21.650479	
556	-39.069943	21.378850	
557	-37.935749	21.947829	
558	-39.649821	21.046601	
559	-38.953137	21.037210	
560	-38.564760	21.090999	
561	-39.032836	20.747414	
562	-38.724268	21.450149	
563	-39.161865	20.828933	
564	-36.332914	21.250340	
565	-38.325461	20.526358	
566	-38.941432	20.571515	
567	-38.389855	20.519447	
568	-36.831202	20.165990	
569	-35.868745	20.935298	
570	-38.096130	20.058034	
571	-37.713037	20.172898	
572	-37.519272	20.186398	
573	-38.828382	19.138287	
574	-39.682486	19.212389	
575	-40.183148	18.969280	
576	-40.998375	18.789839	
577	-40.522341	18.609230	
578	-39.841002	18.722798	
579	-41.118999	18.117978	
580	-40.395152	18.432451	
581	-41.710068	17.343553	
582	-41.719480	16.593835	
583	-40.289607	17.440093	
584	-40.355156	16.387233	
585	-40.062005	16.758556	
586	-39.684121	15.937577	
587	-38.328500	16.416955	
588	-39.477282	16.362060	
589	-39.854616	16.225161	
590	-40.268017	16.240807	
591	-40.731696	17.244973	
592	-40.866797	16.615986	
593	-41.716736	16.428318	
594	-42.492699	15.904328	
595	-43.130433	16.175294	
596	-43.677325	16.571861	
597	-44.763226	15.735602	
598	-44.765252	16.301799	
599	-45.456665	15.808854	
600	-45.185114	15.734642	
601	-46.634100	15.428519	
602	-45.825280	16.152436	
603	-46.279274	16.541346	
604	-46.911438	16.709297	
605	-46.798747	16.843112	
606	-47.100731	16.716186	
607	-47.784130	16.570790	
608	-48.259544	16.973538	
609	-48.259255	17.435945	
610	-48.230503	18.111503	
611	-49.127181	17.503369	
612	-48.694251	18.759896	
613	-49.237304	18.147632	
614	-49.718233	17.970112	
615	-50.354375	18.335862	
616	-50.362157	18.220608	
617	-51.403564	18.220298	
618	-51.280053	18.662247	
619	-51.717525	19.464387	
620	-52.346805	19.283144	
621	-53.042945	19.463748	
622	-53.599713	19.848231	
623	-54.017082	20.115444	
624	-54.207276	20.640667	
625	-54.732167	20.577863	
626	-55.284947	21.270664	
627	-55.945529	21.411803	
628	-56.538735	21.837374	
629	-56.370012	21.696267	
630	-56.789793	22.304134	
631	-57.342505	21.790851	
632	-57.660185	22.980010	
633	-57.904007	22.921097	
634	NaN	NaN	
635	NaN	NaN	
636	-59.648229	22.804948	
637	-59.435707	23.486970	
638	-60.438964	23.427216	
639	-60.616228	23.345857	
640	-60.675348	22.806069	
641	-61.033723	23.225506	
642	-61.290114	22.883368	
643	-61.284299	23.283767	
644	-61.803148	22.680848	
645	-62.521921	22.960606	
646	-62.675875	23.227038	
647	-63.263853	23.319153	
648	-63.338838	23.573997	
649	-64.087931	23.652327	
650	-64.244412	24.077765	
651	-64.580007	23.698882	
652	-64.724473	24.024245	
653	-65.005925	23.807501	
654	-65.558920	24.215571	
655	-65.565827	23.966224	
656	-65.956138	24.629787	
657	-66.126037	24.236833	
658	-66.702094	24.724315	
659	-66.611007	24.569770	
660	-67.102590	24.508648	
661	-67.049446	24.527186	
662	-67.487076	26.085574	
663	-67.467922	25.266782	
664	-67.483147	24.401224	
665	-67.826878	25.054005	
666	-68.049453	25.249845	
667	-68.489832	25.772541	
668	-68.531589	26.673114	
669	-68.925301	26.033957	
670	-69.127632	26.036474	
671	-69.389656	27.328720	
672	-69.799671	27.827440	
673	-69.798383	27.552630	
674	-69.692676	30.123162	
675	-70.624787	27.689690	
676	-70.722210	27.937533	
677	-71.191505	29.101777	
678	-71.347274	29.139555	
679	-71.228931	28.314193	
680	-71.360947	28.193157	
681	-71.598559	28.937880	
682	-71.706486	29.896314	
683	-72.192468	30.454087	
684	-72.557349	30.730741	
685	-72.702201	31.206788	
686	-72.520365	30.334008	
687	-72.530938	30.254769	
688	-72.952962	31.491289	
689	-73.358014	32.079008	
690	-73.184536	31.346844	
691	-73.156368	31.267118	
692	-73.610724	32.427264	
693	-73.650050	33.226855	
694	-73.563132	33.266121	
695	-73.488343	32.553974	
696	-73.683735	33.669646	
697	-73.768821	34.151840	
698	-73.671375	34.176565	
699	-73.490277	33.680492	
700	-73.216025	33.218958	
701	-73.497919	34.157356	
702	-73.134588	33.093896	
703	-73.546089	33.887593	
704	-73.523563	34.728389	
705	-73.053130	34.002351	
706	-72.694915	33.574678	
707	-72.646429	34.153976	
708	-72.022782	33.222778	
709	-71.827854	33.498218	
710	-71.506828	32.818648	
711	-71.106478	33.167389	
712	-71.346514	34.508901	
713	-70.861019	33.982701	
714	-70.783565	34.611666	
715	-70.348116	34.375266	
716	-69.392571	34.507866	
717	-68.733217	34.491454	
718	-68.470268	34.945142	
719	-67.934964	35.196844	
720	-66.813483	34.611298	
721	-65.994468	34.516561	
722	-65.402286	35.106011	
723	-64.784333	34.193815	
724	-64.082338	35.537891	
725	-63.543764	34.330306	
726	-62.683144	34.199572	
727	-61.837679	33.893259	
728	-61.840704	33.666194	
729	-61.194577	32.926867	
730	-60.152916	32.498651	
731	-60.013540	32.174177	
732	-59.486199	31.650856	
733	-58.740315	31.565072	
734	-59.031939	32.040514	
735	-58.141266	30.860760	
736	-57.768051	30.391917	
737	-57.147545	29.885068	
738	-56.094356	29.778183	
739	-55.580773	29.364480	
740	-54.883249	28.640350	
741	-54.912715	28.861801	
742	-54.301365	28.534459	
743	-53.369404	27.845723	
744	-52.382201	27.747611	
745	-51.783871	27.173968	
746	-51.674020	27.866378	
747	-51.262299	27.292034	
748	-50.088206	27.189071	
749	-49.716793	26.561453	
750	NaN	NaN	
751	NaN	NaN	
752	NaN	NaN	
753	-46.911678	25.686216	
754	-46.315257	25.168886	
755	-45.537685	25.805517	
756	-44.988918	25.152752	
757	-44.189665	24.877887	
758	NaN	NaN	
759	NaN	NaN	
760	NaN	NaN	
761	NaN	NaN	
762	NaN	NaN	
763	-41.411120	24.482961	
764	-41.885776	25.050966	
765	-41.253837	24.493811	
766	-40.648293	24.371774	
767	-39.730176	24.932667	
768	-39.219710	24.288486	
769	-38.859933	23.500631	
770	-37.973327	23.138825	
771	-37.922243	22.833582	
772	-38.200830	22.511674	
773	-37.484460	22.004658	
774	-37.303427	22.719692	
775	-37.374688	22.248904	
776	-37.041981	22.086401	
777	-37.038410	22.042640	
778	-36.834544	22.128078	
779	-36.486538	21.433755	
780	-36.590058	21.253426	
781	-36.208114	21.218607	
782	-36.068832	21.370051	
783	-36.032073	20.961777	
784	-36.491800	20.906714	
785	-36.400581	20.498322	
786	-36.182471	20.876856	
787	-36.096003	21.101344	
788	-36.011938	20.578419	
789	-35.563094	20.336025	
790	-36.227086	20.228510	
791	-36.966107	20.577460	
792	-37.064124	20.744225	
793	-36.756664	20.939410	
794	-36.680327	20.268643	
795	-37.161208	20.288186	
796	-37.618750	20.384614	
797	-38.149105	20.571938	
798	-38.028312	20.298402	
799	-38.440865	20.106029	
800	-38.267075	19.675516	
801	-38.536146	20.165907	
802	-39.017325	20.054255	
803	-39.096077	19.979251	
804	-39.462618	20.050370	
805	-39.731598	20.117833	
806	-40.228298	20.343778	
807	-40.360649	20.204113	
808	-40.481246	20.332998	
809	-40.738388	20.180318	
810	-41.088189	20.511166	
811	-41.251110	20.636477	
812	-41.635087	20.718487	
813	-41.837093	21.095065	
814	-41.859721	21.449957	
815	-42.385615	21.172458	
816	-42.086205	21.267791	
817	-41.635373	21.858985	
818	-41.587924	21.582853	
819	-41.581962	21.599351	
820	-41.459054	21.707766	
821	-42.011419	21.475010	
822	-41.710755	21.575856	
823	-41.480893	21.801185	
824	-40.985111	21.411460	
825	-41.029717	21.463971	
826	-40.872454	21.942615	
827	-41.001254	21.665948	
828	-39.999872	21.363067	
829	-40.393686	21.102960	
830	-39.806063	21.466050	
831	-40.461625	21.392916	
832	-40.541571	21.465590	
833	-40.552973	21.617533	
834	-40.281927	21.188972	
835	-41.616705	20.932535	
836	-41.424638	20.605239	
837	-41.753817	20.613758	
838	-41.090650	20.545572	
839	-41.763430	19.976879	
840	-42.289659	20.069083	
841	-42.436177	20.134810	
842	-43.079868	20.417760	
843	-43.258734	19.943722	
844	-43.014589	19.652289	
845	-42.772094	19.962585	
846	-43.063032	19.243951	
847	-42.853650	18.820783	
848	-42.636632	18.408165	
849	-42.354096	18.018443	
850	-42.037782	17.195392	
851	-42.181412	17.409665	
852	-42.227372	17.128299	
853	-42.222813	17.323535	
854	-42.091899	17.140643	
855	-42.257797	17.459345	
856	-42.904834	17.395131	
857	-42.590488	17.772650	
858	-43.435252	17.179984	
859	-43.063322	16.870587	
860	-43.612697	17.575124	
861	-44.998680	17.729039	
862	-45.578450	17.185175	
863	-45.269308	17.829571	
864	-45.747194	17.414654	
865	-46.352716	17.956479	
866	-47.092762	17.716051	
867	-47.608751	17.939749	
868	-47.703886	17.978321	
869	-48.135435	18.024263	
870	-48.225603	18.215295	
871	-48.316284	18.574675	
872	-48.976705	18.568336	
873	-49.439029	18.607370	
874	-49.170206	18.721390	
875	-50.384866	19.107201	
876	-50.187368	19.221080	
877	-50.631689	18.580851	
878	-51.042797	19.095859	
879	-51.482919	19.024208	
880	-51.425650	18.884653	
881	-52.466809	18.805544	
882	-52.790164	18.774530	
883	-52.267828	19.051484	
884	-51.803233	19.302269	
885	-52.885385	19.655221	
886	-53.098499	19.489832	
887	-53.098169	19.305292	
888	-54.811959	19.610531	
889	-55.528766	20.555098	
890	-55.723616	19.952043	
891	-55.300040	20.164802	
892	-56.493370	20.864298	
893	-56.624763	21.134744	
894	-57.422203	20.931781	
895	-57.638622	21.462683	
896	-58.879195	22.254778	
897	-59.085700	21.903458	
898	-58.654111	21.746986	
899	-59.355865	22.558385	
900	-59.955695	23.375700	
901	-60.367769	22.274948	
902	-60.029041	22.398108	
903	-60.078874	22.721557	
904	-60.508100	22.807139	
905	-60.639811	21.486307	
906	-60.947831	22.523085	
907	-61.937015	23.527287	
908	-62.012378	23.172798	
909	-62.132688	23.147182	
910	-62.149753	22.108178	
911	-62.834082	23.160017	
912	-62.864617	23.595088	
913	-63.294172	22.772678	
914	-62.114188	22.274558	
915	-63.433260	22.981416	
916	-63.422568	23.137130	
917	-63.465233	23.141211	
918	-63.563369	23.034490	
919	-64.318709	23.992165	
920	-63.423671	22.908641	
921	-64.106175	22.742810	
922	-65.699612	24.735746	
923	-65.434307	23.993956	
924	-64.322976	23.145803	
925	-64.900875	23.349027	
926	-64.554427	22.817788	
927	-65.373919	24.228950	
928	-66.424581	24.043160	
929	-66.196438	25.012737	
930	-66.040092	24.554212	
931	-66.447651	23.372166	
932	-67.198087	25.797563	
933	-67.323040	25.572794	
934	-66.978848	24.243417	
935	-67.303473	24.585728	
936	-67.262052	24.294915	
937	-67.180639	23.992483	
938	-67.404858	23.676147	
939	-68.198854	23.478635	
940	-69.006284	25.045384	
941	-68.988386	24.911014	
942	-69.059564	23.572533	
943	-67.946724	23.525066	
944	-67.836098	24.899122	
945	-69.621790	26.427947	
946	-70.357826	25.275122	
947	-70.088097	25.267088	
948	-70.140338	25.069227	
949	-69.814330	24.460997	
950	-71.337418	27.328444	
951	-69.560782	25.057104	
952	-71.109504	27.072877	
953	-71.269716	27.816212	
954	-70.852484	25.518108	
955	-71.415858	25.444747	
956	-71.301331	26.518304	
957	-72.006482	28.399587	
958	-71.989345	27.550461	
959	-71.741707	26.515141	
960	-71.424182	26.464801	
961	-71.422316	25.380620	
962	-71.910545	26.628620	
963	-72.202852	27.832719	
964	-71.908440	27.235992	
965	-71.902604	25.524940	
966	-71.804449	25.180599	
967	-71.769936	26.703932	
968	-71.388934	25.026715	
969	-71.581403	26.160842	
970	-71.951459	27.902666	
971	-71.619279	26.918481	
972	-70.946542	25.918499	
973	-70.423303	26.335103	
974	-69.529446	23.560489	
975	-70.362929	23.452354	
976	-70.667744	28.098637	
977	-70.235669	25.971486	
978	-70.827451	26.373981	
979	-71.098592	27.231894	
980	-69.726353	24.497838	
981	-69.266772	25.514379	
982	-69.343421	26.932338	
983	-67.617124	26.969047	
984	-66.844759	27.126898	
985	-66.457064	28.787553	
986	-65.083209	27.698579	
987	-66.793619	32.104113	
988	-64.277765	28.243052	
989	-63.661020	29.009791	
990	-63.890363	29.792553	
991	-63.011816	31.435676	
992	-62.953663	31.688317	
993	-61.713514	30.066909	
994	-62.357273	30.974288	
995	-60.421440	30.844152	
996	-60.250738	31.032797	
997	-61.479341	32.454917	
998	-60.920605	32.508102	
999	-59.968805	30.780593	
1000	-58.810072	29.944333	
1001	-58.654437	30.934157	
1002	-57.544128	29.630725	
1003	-58.190838	30.818168	
1004	-56.846436	30.181921	
1005	-56.567724	27.544436	
1006	-55.188095	27.868091	
1007	-55.967233	28.991649	
1008	-55.469855	28.884256	
1009	-55.341633	29.937201	
1010	-53.059542	26.835800	
1011	-53.801203	27.708491	
1012	-53.076230	27.086586	
1013	-53.923847	28.633754	
1014	-51.827065	26.855496	
1015	-53.112992	28.982087	
1016	-50.655777	27.539349	
1017	-50.849430	27.022461	
1018	-50.609809	27.007205	
1019	-49.439685	27.035816	
1020	-48.705764	26.608668	
1021	-49.029648	26.100444	
1022	-48.153451	26.041375	
1023	-47.916715	26.095724	
1024	-48.473687	25.253970	
1025	-47.525851	25.242492	
1026	-45.556085	25.307503	
1027	-46.776803	25.914965	
1028	-46.045071	25.648683	
1029	-44.982430	25.059867	
1030	-45.212498	24.686043	
1031	-46.578549	27.523974	
1032	-44.622310	24.408588	
1033	-43.260856	24.099710	
1034	-43.209254	23.613595	
1035	-42.631591	24.322403	
1036	-43.198317	23.847069	
1037	-42.881774	24.160922	
1038	-42.953594	23.889589	
1039	-42.143357	23.716255	
1040	-42.462545	23.315404	
1041	-42.138385	23.435687	
1042	-41.748301	22.760721	
1043	-40.652725	23.253418	
1044	-40.962243	22.408474	
1045	-41.510470	22.032347	
1046	-40.849191	23.298980	
1047	-42.364382	23.466086	
1048	-41.888585	23.604179	
1049	-41.630411	23.212671	
1050	-38.019123	22.406752	
1051	-40.987659	21.339509	
1052	-41.043027	21.540568	
1053	-40.093888	21.515796	
1054	-41.221974	22.260141	
1055	-41.188013	21.145207	
1056	-41.195542	22.195910	
1057	-41.767152	21.895684	
1058	-41.052552	22.610731	
1059	NaN	NaN	
1060	NaN	NaN	
1061	NaN	NaN	
1062	NaN	NaN	
1063	NaN	NaN	
1064	NaN	NaN	
1065	NaN	NaN	
1066	-43.405876	21.424229	
1067	NaN	NaN	
1068	NaN	NaN	
1069	-45.196614	23.505388	
1070	-44.652579	22.959730	
1071	-46.128725	23.970308	
1072	NaN	NaN	
1073	NaN	NaN	
1074	-45.111430	22.114425	
1075	-45.824057	21.658961	
1076	NaN	NaN	
1077	NaN	NaN	
1078	NaN	NaN	
1079	NaN	NaN	
1080	NaN	NaN	
1081	NaN	NaN	
1082	NaN	NaN	
1083	NaN	NaN	
1084	NaN	NaN	
1085	NaN	NaN	
1086	NaN	NaN	
1087	NaN	NaN	
1088	NaN	NaN	
1089	NaN	NaN	
1090	NaN	NaN	
1091	NaN	NaN	
1092	NaN	NaN	
1093	NaN	NaN	
1094	NaN	NaN	
1095	NaN	NaN	
1096	NaN	NaN	
1097	NaN	NaN	
1098	NaN	NaN	
1099	NaN	NaN	
1100	NaN	NaN	
1101	NaN	NaN	
1102	NaN	NaN	
1103	NaN	NaN	
1104	NaN	NaN	
1105	NaN	NaN	
1106	NaN	NaN	
1107	NaN	NaN	
1108	NaN	NaN	
1109	NaN	NaN	
1110	NaN	NaN	
1111	NaN	NaN	
1112	NaN	NaN	
1113	NaN	NaN	
1114	NaN	NaN	
1115	NaN	NaN	
1116	NaN	NaN	
1117	NaN	NaN	
1118	NaN	NaN	
1119	NaN	NaN	
1120	NaN	NaN	
1121	NaN	NaN	
1122	NaN	NaN	
1123	NaN	NaN	
1124	NaN	NaN	
1125	NaN	NaN	
1126	NaN	NaN	
1127	NaN	NaN	
1128	NaN	NaN	
1129	NaN	NaN	
1130	NaN	NaN	
1131	NaN	NaN	
1132	NaN	NaN	
1133	NaN	NaN	
1134	NaN	NaN	
1135	NaN	NaN	
1136	NaN	NaN	
1137	NaN	NaN	
1138	NaN	NaN	
1139	NaN	NaN	
1140	NaN	NaN	
1141	NaN	NaN	
1142	NaN	NaN	
1143	NaN	NaN	
1144	NaN	NaN	
1145	NaN	NaN	
1146	NaN	NaN	
1147	NaN	NaN	
1148	NaN	NaN	
1149	NaN	NaN	
1150	NaN	NaN	
1151	NaN	NaN	
1152	NaN	NaN	
1153	NaN	NaN	
1154	NaN	NaN	
1155	NaN	NaN	
1156	NaN	NaN	
1157	NaN	NaN	
1158	NaN	NaN	
1159	NaN	NaN	
1160	NaN	NaN	
1161	NaN	NaN	
1162	NaN	NaN	
1163	NaN	NaN	
1164	NaN	NaN	
1165	NaN	NaN	
1166	NaN	NaN	
1167	NaN	NaN	
1168	NaN	NaN	
1169	NaN	NaN	
1170	NaN	NaN	
1171	NaN	NaN	
1172	NaN	NaN	
1173	NaN	NaN	
1174	NaN	NaN	
1175	NaN	NaN	
1176	NaN	NaN	
1177	NaN	NaN	
1178	NaN	NaN	
1179	NaN	NaN	
1180	NaN	NaN	
1181	NaN	NaN	
1182	NaN	NaN	
1183	NaN	NaN	
1184	NaN	NaN	
1185	NaN	NaN	
1186	NaN	NaN	
1187	NaN	NaN	
1188	NaN	NaN	
1189	NaN	NaN	
1190	NaN	NaN	
1191	NaN	NaN	
1192	NaN	NaN	
1193	NaN	NaN	
1194	NaN	NaN	
1195	NaN	NaN	
1196	NaN	NaN	
1197	NaN	NaN	
1198	NaN	NaN	
1199	NaN	NaN	
1200	NaN	NaN	
1201	NaN	NaN	
1202	NaN	NaN	
1203	NaN	NaN	
1204	NaN	NaN	
1205	NaN	NaN	
1206	NaN	NaN	
1207	NaN	NaN	
1208	NaN	NaN	
1209	NaN	NaN	
1210	NaN	NaN	
1211	NaN	NaN	
1212	NaN	NaN	
1213	NaN	NaN	
1214	NaN	NaN	
1215	NaN	NaN	
1216	NaN	NaN	
1217	NaN	NaN	
1218	NaN	NaN	
1219	NaN	NaN	
1220	NaN	NaN	
1221	NaN	NaN	
1222	NaN	NaN	
1223	NaN	NaN	
1224	NaN	NaN	
1225	NaN	NaN	
1226	NaN	NaN	
1227	NaN	NaN	
1228	NaN	NaN	
1229	NaN	NaN	
1230	NaN	NaN	
1231	NaN	NaN	
1232	NaN	NaN	
1233	NaN	NaN	
1234	NaN	NaN	
1235	NaN	NaN	
1236	NaN	NaN	
1237	NaN	NaN	
1238	NaN	NaN	
1239	NaN	NaN	
1240	NaN	NaN	
1241	NaN	NaN	
1242	NaN	NaN	
1243	NaN	NaN	
1244	NaN	NaN	
1245	NaN	NaN	
1246	NaN	NaN	
1247	NaN	NaN	
1248	NaN	NaN	
1249	NaN	NaN	
1250	NaN	NaN	
1251	NaN	NaN	
1252	NaN	NaN	
1253	NaN	NaN	
1254	NaN	NaN	
1255	NaN	NaN	
1256	NaN	NaN	
1257	NaN	NaN	
1258	NaN	NaN	
1259	NaN	NaN	
1260	NaN	NaN	
1261	NaN	NaN	
1262	NaN	NaN	
1263	NaN	NaN	
1264	NaN	NaN	
1265	NaN	NaN	
1266	NaN	NaN	
1267	NaN	NaN	
1268	NaN	NaN	
