Athlete_Engineering	// User ID
11-2-2021	// Evaluation date
P007_WALK6	25-1-2021	18:10:19:487	// Source file name and timestamp
250.000	// Sampling rate
5.735	// Data capture period



Sample #	Right_Leg_Flexion	Right_Leg_Abduction	
0	-69.238207	26.962816	
1	-69.131909	27.292012	
2	-69.302712	27.206174	
3	-69.310831	27.208279	
4	-69.155535	26.387091	
5	-69.191523	26.446866	
6	-69.177634	27.625508	
7	-69.047581	27.336103	
8	NaN	NaN	
9	NaN	NaN	
10	NaN	NaN	
11	NaN	NaN	
12	NaN	NaN	
13	NaN	NaN	
14	NaN	NaN	
15	NaN	NaN	
16	-69.111301	22.072215	
17	-68.975709	22.590850	
18	-68.708139	23.580078	
19	-68.682831	23.793390	
20	-69.248919	21.944966	
21	-69.210766	21.982909	
22	-69.193183	22.225969	
23	-69.186943	21.586059	
24	-69.148960	21.815079	
25	-69.123274	22.152140	
26	-69.088113	21.944725	
27	-69.135906	21.884313	
28	-69.120689	22.186851	
29	-69.211977	21.747719	
30	-69.267842	21.288743	
31	-69.232529	21.859942	
32	-69.166052	21.126461	
33	-69.331366	24.885019	
34	-69.375878	24.889496	
35	-69.184479	21.300429	
36	-69.249146	21.913148	
37	-69.335573	23.908407	
38	-69.415641	28.227677	
39	-69.452057	27.858841	
40	-69.409011	26.424325	
41	-69.366426	26.685808	
42	-69.362860	26.591374	
43	-69.333558	26.610484	
44	-69.353349	26.758396	
45	-69.317942	26.429002	
46	-69.238590	26.247048	
47	-69.201416	27.145279	
48	-69.264253	26.874846	
49	-69.417409	26.717005	
50	-69.278222	26.530346	
51	-69.283909	25.810498	
52	-69.439970	27.292463	
53	-69.411125	27.241645	
54	-69.262748	26.475933	
55	-69.346644	26.384199	
56	-69.288582	26.099346	
57	-69.280018	26.364506	
58	-69.229938	26.332079	
59	-69.272077	26.499859	
60	-69.458577	26.513295	
61	-69.342964	26.324741	
62	-69.277092	26.560819	
63	-69.210863	26.514328	
64	-69.198850	26.237951	
65	-69.292032	26.797802	
66	-69.485985	27.923589	
67	-69.419730	27.235528	
68	-69.260739	27.084278	
69	-69.367963	28.268043	
70	-69.519505	27.984176	
71	-69.459358	27.888378	
72	-69.421335	28.095669	
73	-69.405898	27.403148	
74	-69.357561	27.125722	
75	-69.411425	27.408457	
76	-69.354530	27.761158	
77	-69.415689	27.804870	
78	-69.508429	27.515399	
79	-69.497721	27.848924	
80	-69.462814	27.439939	
81	-69.237968	27.932251	
82	-69.303427	29.136365	
83	-69.322032	26.083357	
84	-69.193626	25.964352	
85	-69.265550	28.314961	
86	-69.345325	27.853737	
87	-69.330179	28.354144	
88	-69.316269	28.239378	
89	-69.289514	27.897022	
90	-69.338019	28.019053	
91	-69.381967	28.171509	
92	-69.280996	28.536271	
93	-69.323162	28.272191	
94	-69.310130	28.091777	
95	-69.329673	28.259516	
96	-69.370381	28.004460	
97	-69.349764	27.872980	
98	-69.346409	27.936635	
99	-69.365701	28.244176	
100	-69.363793	28.319594	
101	-69.359840	28.131431	
102	-69.298448	28.079321	
103	-69.323193	28.401894	
104	-69.359725	27.853867	
105	-69.324867	27.549348	
106	-69.436579	28.105593	
107	-69.403645	28.133301	
108	-69.401480	27.998352	
109	-69.433283	28.205629	
110	-69.375029	28.313860	
111	-69.411829	28.191876	
112	-69.323640	28.149303	
113	-69.140490	28.917832	
114	-69.202900	29.206077	
115	-69.284962	28.469155	
116	-69.281684	28.560411	
117	-69.284332	28.832073	
118	-69.354389	29.158653	
119	-69.340021	28.912431	
120	-69.243080	28.509214	
121	-69.357873	28.817848	
122	-69.320173	28.997801	
123	-69.285363	28.698711	
124	-69.331672	28.332617	
125	-69.083903	27.809662	
126	-69.110905	28.142726	
127	-69.329827	28.270468	
128	-69.326634	28.028050	
129	-69.146003	27.773280	
130	-69.090877	27.659118	
131	-69.270142	28.475436	
132	-69.104799	27.752696	
133	-69.104147	27.592279	
134	-69.161668	28.214106	
135	-68.893331	27.453316	
136	-69.062153	28.114967	
137	-69.103334	28.134700	
138	-68.869765	26.978670	
139	-68.928106	27.209721	
140	-68.942973	27.328709	
141	-69.094124	27.883598	
142	-69.118870	28.010743	
143	-68.962237	27.855356	
144	-68.949106	27.971023	
145	-68.824372	27.564846	
146	-68.892308	28.011228	
147	-68.906090	27.675908	
148	-68.715246	27.289964	
149	-68.754166	27.844698	
150	-68.737245	27.490285	
151	-68.763395	27.440650	
152	-68.697769	27.547004	
153	-68.624000	27.517247	
154	-68.593875	27.264400	
155	-68.594787	27.617031	
156	-68.620039	27.888326	
157	-68.511584	27.626870	
158	-68.558133	27.381718	
159	-68.549263	27.804205	
160	-68.492154	27.952258	
161	-68.459267	27.609316	
162	-68.351839	27.742887	
163	-68.347200	27.852460	
164	-68.442801	28.357445	
165	-68.401485	28.519724	
166	-68.307391	28.471541	
167	-68.308539	29.045895	
168	-68.259570	29.305383	
169	-68.207056	29.447291	
170	-68.191603	29.424028	
171	-68.180916	29.267667	
172	-68.150530	29.233717	
173	-68.154097	29.190474	
174	-68.118803	29.680116	
175	-68.008285	30.020046	
176	-68.010360	30.228295	
177	-67.955396	30.249245	
178	-67.745213	30.941853	
179	-67.647604	30.887394	
180	-67.713714	30.286044	
181	-67.611198	30.145435	
182	-67.476094	29.807513	
183	-67.460469	29.795143	
184	-67.330466	29.797896	
185	-67.189085	29.863859	
186	-67.246405	30.328618	
187	-67.146636	30.470182	
188	-66.851324	30.424553	
189	-66.732377	30.009067	
190	-66.606994	29.217741	
191	-66.469425	29.124315	
192	-66.165222	29.901328	
193	-66.202566	29.810658	
194	-66.287076	29.632153	
195	-65.980644	29.431930	
196	-65.902956	28.774719	
197	-65.849585	29.359512	
198	-65.893457	29.861017	
199	-65.734019	29.301192	
200	-65.474501	28.991995	
201	-65.413884	28.443503	
202	-65.248603	28.962152	
203	-64.959345	28.987301	
204	-64.745758	28.957517	
205	-64.756039	29.409652	
206	-64.358717	29.721407	
207	-64.212645	28.386038	
208	-64.164141	27.455958	
209	-63.689333	28.406259	
210	-63.503120	27.628923	
211	-63.374378	26.664656	
212	-63.071276	27.899847	
213	-62.628975	26.323674	
214	-61.922711	23.544196	
215	-61.724028	25.748546	
216	-61.687998	27.092547	
217	-61.448210	26.908713	
218	-61.082141	25.429533	
219	-60.782113	26.105429	
220	-60.316997	24.515505	
221	-59.802164	24.396059	
222	-59.409988	26.082794	
223	-58.920180	25.408163	
224	-58.456792	25.413447	
225	-58.242494	25.213412	
226	-57.915610	25.346653	
227	-57.603612	25.516042	
228	-56.984783	26.900536	
229	-56.105599	27.181332	
230	-56.470109	26.582957	
231	-56.359999	25.274135	
232	-55.654696	25.030284	
233	-55.375048	25.628736	
234	-54.841664	25.258562	
235	-55.077908	24.843328	
236	-54.626717	24.855675	
237	-53.077472	24.439427	
238	-52.706912	23.817575	
239	-52.879366	24.327059	
240	-52.379082	24.623014	
241	-51.976150	24.266657	
242	-51.416570	24.306890	
243	-51.238949	24.241135	
244	-50.638441	23.647962	
245	-50.019136	23.212996	
246	-49.077922	23.027087	
247	-48.662925	23.442774	
248	-48.619047	23.523688	
249	-48.235815	23.504482	
250	-48.173589	21.857245	
251	-47.746342	21.089317	
252	-47.342350	22.371389	
253	-46.820764	22.565296	
254	-45.675285	22.489257	
255	-45.214381	22.568466	
256	-45.287213	22.610649	
257	-44.990628	22.753570	
258	-44.279105	23.043788	
259	-43.499935	23.203308	
260	-42.683364	24.320536	
261	-42.706497	23.357815	
262	-43.165374	21.700546	
263	-42.903673	21.875430	
264	-42.655260	21.934235	
265	-42.075202	22.041382	
266	-42.011566	22.057438	
267	-41.886260	22.375449	
268	-41.118705	21.518055	
269	-40.889762	20.454982	
270	-40.848928	20.546016	
271	-40.160123	20.193476	
272	-39.750184	19.381184	
273	-39.796384	19.292679	
274	-39.604894	19.756429	
275	-39.658605	19.290369	
276	-39.499407	18.997657	
277	-39.503275	18.037136	
278	-38.702668	19.241401	
279	-37.898422	20.213045	
280	-38.249649	18.488422	
281	-38.095313	19.055381	
282	-37.824552	19.655067	
283	-37.060197	19.841219	
284	-36.513789	20.761496	
285	-36.748312	19.381444	
286	-36.986027	18.541047	
287	-36.668270	19.339898	
288	-36.140537	19.564912	
289	-36.190254	19.519350	
290	-35.904435	19.006580	
291	-36.059948	18.507858	
292	-35.327595	18.739170	
293	-34.761701	19.175016	
294	-34.819975	19.152456	
295	-34.583467	18.875242	
296	-34.467160	18.799709	
297	-34.091162	18.675469	
298	-34.159250	18.511701	
299	-33.523582	18.983745	
300	-33.492053	19.277480	
301	-33.652419	18.909885	
302	-33.486188	18.690784	
303	-33.125243	18.654988	
304	-32.808099	18.704627	
305	-33.034991	18.589643	
306	-33.337569	18.160892	
307	-33.169037	18.266259	
308	-32.300527	18.774371	
309	-32.163375	18.549701	
310	-31.778847	18.884750	
311	-31.266032	19.137328	
312	-31.682230	18.612213	
313	-31.418292	18.694891	
314	-31.454750	18.669766	
315	-31.784244	18.443809	
316	-31.415039	18.666337	
317	-30.808782	19.568729	
318	-30.656577	19.066180	
319	-30.597959	18.633332	
320	-31.892040	18.440356	
321	-31.686716	18.455279	
322	-30.744894	18.827447	
323	-30.798111	18.389394	
324	-31.239811	18.581532	
325	-31.176866	19.241338	
326	-30.447502	18.720412	
327	-30.507641	18.480638	
328	-30.319168	18.878968	
329	-30.091421	18.602425	
330	-30.387165	18.252695	
331	-30.357963	18.310925	
332	-30.256109	18.486444	
333	-30.164175	18.582017	
334	-30.645977	18.563401	
335	-30.564523	18.387475	
336	-29.578784	18.618677	
337	-30.012824	18.544653	
338	-29.709785	18.343460	
339	-29.836214	18.325284	
340	-29.679569	18.486965	
341	-29.962754	18.019162	
342	-29.789031	18.058924	
343	-29.160543	18.413351	
344	-29.424291	18.182253	
345	-29.640992	18.454897	
346	-29.694952	18.412594	
347	-28.625282	19.141798	
348	-28.080078	19.840314	
349	-28.412586	19.437265	
350	-28.084020	19.773739	
351	-28.774453	19.140147	
352	-28.793300	18.971176	
353	-28.136473	19.718140	
354	-27.912974	19.612919	
355	-27.450217	19.680145	
356	-27.633183	19.657593	
357	-27.899581	19.586171	
358	-27.743011	19.620232	
359	-27.600641	20.029708	
360	-28.384575	19.675008	
361	-28.506078	19.216595	
362	-28.117542	19.720884	
363	-28.852696	19.387962	
364	-29.281425	18.982701	
365	-29.358900	18.652319	
366	-29.772939	18.245329	
367	-29.731066	18.725140	
368	-30.134888	18.547378	
369	-30.466676	18.304675	
370	-30.794920	17.922779	
371	-31.450968	17.444314	
372	-31.613734	17.777979	
373	-31.863121	17.663571	
374	-31.749711	17.436032	
375	-31.931004	16.641356	
376	-32.202660	15.873716	
377	-32.000055	15.844049	
378	-31.898810	15.470921	
379	-31.627113	15.059156	
380	-31.882185	14.703847	
381	-32.032575	14.081398	
382	-31.557721	13.954192	
383	-31.691500	14.044343	
384	-31.608272	13.889261	
385	-31.564185	13.896957	
386	-31.510990	13.778395	
387	-31.030067	13.719187	
388	-31.359905	13.428481	
389	-31.970852	13.306366	
390	-32.354964	13.200470	
391	-33.363906	12.518539	
392	-34.001862	12.671767	
393	-34.632601	13.058366	
394	-35.597523	12.497006	
395	-35.705118	12.863875	
396	-36.196600	13.051505	
397	-36.701267	13.104496	
398	-37.023967	12.994126	
399	-37.235485	12.658292	
400	-37.496927	12.861707	
401	-37.599008	12.856732	
402	-37.672543	12.793204	
403	-37.911902	12.528196	
404	-38.006043	13.138925	
405	-38.055948	13.444754	
406	-38.647657	12.556062	
407	-39.200992	12.319054	
408	-39.368393	12.449914	
409	-39.853191	12.530254	
410	-39.625328	13.119552	
411	-39.900140	12.906140	
412	-40.518930	12.753543	
413	-40.523947	12.800730	
414	-41.221894	12.225796	
415	-41.899820	11.634452	
416	-41.878620	11.698059	
417	-41.584628	12.647110	
418	-41.504497	13.100802	
419	-42.164831	13.001579	
420	-42.210169	13.878375	
421	-42.692135	13.443104	
422	-43.451312	12.729854	
423	-43.238626	13.273231	
424	-43.779041	13.303276	
425	-44.935019	12.427472	
426	-45.458470	12.068264	
427	-45.110835	13.780351	
428	-45.530279	14.245430	
429	-46.344261	13.423890	
430	-45.895670	13.295184	
431	-46.328214	14.321774	
432	-47.962244	14.337808	
433	-47.622283	14.290185	
434	-47.501261	14.766091	
435	-48.443029	13.952371	
436	-47.947848	14.859638	
437	-48.612493	15.246499	
438	-49.178573	15.080889	
439	-48.929935	16.133155	
440	-49.762274	15.816781	
441	-50.148489	15.540959	
442	-50.774030	15.687367	
443	-50.744200	16.293230	
444	-50.738983	16.725405	
445	-51.915368	16.495349	
446	-52.368840	16.703313	
447	-52.643473	16.528568	
448	-53.190570	16.820078	
449	-53.475177	16.532575	
450	-53.594137	17.039920	
451	-54.124663	17.524719	
452	-54.558407	17.142750	
453	-54.755646	17.139676	
454	-55.222365	17.199696	
455	-55.570585	17.709210	
456	-55.629115	18.002040	
457	-55.790751	18.703355	
458	-56.377795	18.330563	
459	-56.782884	18.017336	
460	-56.887846	18.053121	
461	-56.888082	18.471243	
462	-57.181374	18.936272	
463	-57.724185	18.533953	
464	-58.015671	18.134615	
465	-58.331856	17.868507	
466	-58.582097	18.267044	
467	-58.814989	18.567340	
468	-58.972255	18.569592	
469	-58.939239	18.378033	
470	-59.161408	18.240500	
471	-59.567564	18.941626	
472	-59.713422	19.051215	
473	-59.649865	18.606333	
474	-59.845499	19.252569	
475	-60.643228	19.087182	
476	-60.777120	19.145977	
477	-60.939798	19.272989	
478	-61.152491	18.864129	
479	-61.114481	18.582165	
480	-61.472465	18.905411	
481	-61.800311	19.405917	
482	-62.061916	18.811974	
483	-62.168240	18.937340	
484	-62.391516	18.682191	
485	-62.168907	19.163875	
486	-62.425775	19.405176	
487	-62.654799	19.024393	
488	-62.918588	18.977987	
489	-63.638476	18.579941	
490	-63.523432	18.897191	
491	-63.669357	19.451745	
492	-63.902336	19.711370	
493	-64.290926	19.313542	
494	-64.545354	19.785529	
495	-64.449444	20.468819	
496	-64.988254	19.821796	
497	-65.364385	20.319033	
498	-65.082676	20.160180	
499	-65.527826	19.313222	
500	-65.784238	19.654105	
501	-65.934651	19.823896	
502	-66.591968	20.019923	
503	-66.237214	19.322925	
504	-65.822484	19.311938	
505	-66.017841	19.943646	
506	-66.543389	20.247037	
507	-67.244250	20.834210	
508	-67.049895	20.705828	
509	-66.705771	20.052734	
510	-66.949117	19.812781	
511	-67.257877	20.118334	
512	-67.119755	20.466293	
513	-67.105602	20.109658	
514	-67.528412	20.043923	
515	-67.671240	20.798190	
516	-67.966122	21.842633	
517	-68.229138	21.120851	
518	-68.032659	20.765866	
519	-68.260795	21.270663	
520	-68.107750	21.091540	
521	-68.450663	21.501163	
522	-68.954444	21.391633	
523	-68.879890	20.944908	
524	-68.825247	21.388754	
525	-68.314361	21.512218	
526	-68.437655	21.612920	
527	-68.612487	21.491168	
528	-68.163409	20.637618	
529	-68.108831	21.643503	
530	-68.477188	22.758751	
531	-68.099353	23.057207	
532	-67.335164	22.398659	
533	-66.695489	21.641144	
534	-66.043021	23.006031	
535	-65.115598	23.079021	
536	-64.683130	23.778963	
537	-63.967736	24.024978	
538	-62.704631	23.999609	
539	-61.850264	24.421513	
540	-61.683508	24.405875	
541	-61.483977	24.152471	
542	-61.230324	23.486337	
543	-60.068831	23.753906	
544	-58.665002	23.823657	
545	-58.377541	23.498363	
546	-57.817297	22.865515	
547	-57.520078	23.222604	
548	-57.406200	23.928337	
549	-57.164610	23.381573	
550	-56.573413	23.452431	
551	-55.144528	22.695342	
552	-54.744300	22.041667	
553	-54.453454	23.448446	
554	-53.789155	22.937537	
555	-52.971340	22.508142	
556	-52.075525	23.276074	
557	-51.725040	23.297474	
558	-51.107019	23.571064	
559	-51.589061	22.320401	
560	-50.848100	20.890225	
561	-49.959396	22.102509	
562	-50.129676	21.458554	
563	-49.432482	20.482325	
564	-48.669228	20.837489	
565	-48.024521	20.325315	
566	-47.530877	20.613087	
567	-46.919288	20.139379	
568	-46.366363	19.339962	
569	-45.463865	19.521653	
570	-44.850463	19.851473	
571	-44.759403	20.083818	
572	-43.528177	20.057469	
573	-42.741661	20.672340	
574	-43.101686	20.493235	
575	-42.713395	19.236923	
576	-42.253921	19.599625	
577	-41.126161	19.167217	
578	-41.003913	18.732856	
579	-41.769218	19.339863	
580	-40.379091	19.603611	
581	-39.634907	19.444288	
582	-40.187304	18.328092	
583	-39.712689	18.026371	
584	-38.905131	18.379286	
585	-38.298874	18.540777	
586	-37.961658	18.074251	
587	-37.627137	17.998125	
588	-36.994610	18.047290	
589	-36.744481	17.443069	
590	-35.979568	18.292335	
591	-35.887175	17.841840	
592	-36.073293	16.803187	
593	-35.639267	17.207164	
594	-34.787531	17.162981	
595	-35.045427	17.222187	
596	-35.605827	17.080517	
597	-35.104570	16.760054	
598	-34.886898	16.817345	
599	-34.348174	16.760794	
600	-34.341875	16.605422	
601	-34.031500	16.636054	
602	-33.232755	16.749284	
603	-33.534614	16.976028	
604	-34.065214	16.981888	
605	-33.794064	17.081929	
606	-34.038790	16.878979	
607	-33.986984	16.742157	
608	-33.752884	17.221876	
609	-34.285191	17.014342	
610	-34.050068	16.671728	
611	-33.928843	16.697328	
612	-33.508301	17.213280	
613	-33.442838	17.510558	
614	-33.871445	17.066553	
615	-33.529396	17.021253	
616	-33.860826	16.953254	
617	-34.048469	16.949927	
618	-33.857283	17.122146	
619	-33.480281	17.317757	
620	-33.394320	17.295511	
621	-34.517281	16.878587	
622	-34.816716	16.763409	
623	-34.840027	16.708394	
624	-34.783549	16.671149	
625	-34.601106	16.405737	
626	-34.939704	16.429511	
627	-35.411036	16.616998	
628	-35.361238	16.785527	
629	-35.214875	17.210404	
630	-36.044910	16.785078	
631	-36.648028	16.560947	
632	-36.141002	17.226624	
633	-35.898357	17.544225	
634	-36.276267	17.429883	
635	-36.311219	17.570213	
636	-36.656003	17.749424	
637	-36.970343	17.200265	
638	-37.140904	17.156208	
639	-35.361539	18.374678	
640	-35.018965	18.246620	
641	-36.893230	17.806964	
642	-36.218024	17.792277	
643	-35.955634	17.146608	
644	-36.400290	17.335350	
645	-35.695913	18.175496	
646	-36.401023	17.705006	
647	-36.486732	17.680922	
648	-36.052888	17.930228	
649	-36.520011	17.097261	
650	-36.091713	17.357282	
651	-36.268241	17.283364	
652	-36.567116	16.975668	
653	-36.107624	17.302370	
654	-35.227477	17.057798	
655	-36.245002	16.591769	
656	-36.977156	16.371813	
657	-36.638252	15.961660	
658	-36.450061	16.302064	
659	-36.700537	16.716814	
660	-37.240080	15.902248	
661	-37.372564	15.844499	
662	-37.897648	15.866718	
663	-38.159911	15.643338	
664	-38.402927	15.399776	
665	-39.053031	15.023395	
666	-40.241052	14.510432	
667	-40.088386	14.006659	
668	-39.711033	13.987741	
669	-40.028600	13.792013	
670	-39.958751	13.520845	
671	-39.850675	13.059870	
672	-39.147657	13.150194	
673	-39.350381	13.251782	
674	-39.170902	13.072005	
675	-38.783290	13.206284	
676	-39.263649	12.850507	
677	-39.352762	12.722817	
678	-39.796164	12.768623	
679	-40.113702	12.815682	
680	-40.280157	12.806429	
681	-41.073677	12.790832	
682	-41.787426	12.882400	
683	-42.201820	12.712574	
684	-42.621634	12.520134	
685	-43.073822	11.964037	
686	-43.686191	11.537767	
687	-44.298529	11.277798	
688	-44.756813	11.206880	
689	-45.271674	11.083931	
690	-45.060088	11.317345	
691	-44.907483	11.500310	
692	-45.480195	11.413507	
693	-45.748236	11.688079	
694	-46.210628	11.517178	
695	-46.787503	11.387439	
696	-47.042815	11.580095	
697	-46.954660	11.564930	
698	-46.957361	11.981309	
699	-46.962615	12.386048	
700	-47.220078	12.451310	
701	-48.014873	12.192635	
702	-48.398265	12.160094	
703	-49.001207	12.022259	
704	-49.575108	12.094511	
705	-49.618055	12.769365	
706	-49.853664	12.928880	
707	-50.267269	13.350390	
708	-50.599209	13.448035	
709	-51.282685	13.376373	
710	-51.901469	13.484476	
711	-52.251928	13.901913	
712	-52.595551	14.005725	
713	-52.712663	14.283338	
714	-53.702401	14.669657	
715	-53.771368	14.574662	
716	-53.567916	14.972962	
717	-54.787186	14.701303	
718	-54.954783	14.542943	
719	-54.682250	15.619072	
720	-55.541288	15.594007	
721	-56.152303	15.045651	
722	-56.428574	15.839497	
723	-57.071279	15.558164	
724	-57.318747	16.080107	
725	-57.927897	16.948076	
726	-58.236197	17.217846	
727	-58.460899	17.396924	
728	-59.317412	17.560135	
729	-59.127699	18.088562	
730	-59.247404	17.900068	
731	-60.181812	17.659304	
732	-60.320179	18.112124	
733	-60.718798	18.218705	
734	-60.931042	18.176651	
735	-60.972597	18.380033	
736	-61.390653	18.342908	
737	-61.805954	18.611456	
738	-61.833926	18.885913	
739	-61.824952	18.819759	
740	-62.088805	18.651125	
741	-62.066296	18.602791	
742	-62.881602	18.628051	
743	-63.275508	18.149773	
744	-63.576826	18.509306	
745	-63.494192	18.696109	
746	-63.051887	18.252287	
747	-63.842666	18.010176	
748	-63.784441	17.840740	
749	-64.023233	18.834427	
750	-64.745645	18.314512	
751	-64.502825	18.060640	
752	-64.679798	18.503705	
753	-64.917893	18.261959	
754	-65.097761	18.571607	
755	-65.516529	17.812108	
756	-63.730937	21.528652	
757	-63.138533	21.788769	
758	-65.460154	17.649597	
759	-65.249940	19.930934	
760	-65.910499	19.125498	
761	-66.441997	20.433124	
762	-65.879854	20.217861	
763	-66.037421	19.564501	
764	-65.701987	22.485430	
765	-66.381560	20.280901	
766	-67.203927	18.690721	
767	-67.216391	21.107722	
768	-67.177463	20.913637	
769	-67.595529	18.600496	
770	-67.581270	21.061085	
771	-66.817699	22.650690	
772	-67.619072	20.415519	
773	-67.724139	21.301892	
774	-68.328169	21.347964	
775	-68.624119	22.336709	
776	-68.390165	22.191902	
777	-68.840750	21.940834	
778	-68.841149	22.062095	
779	-69.322988	20.710681	
780	-69.222347	21.469403	
781	-68.691138	21.065303	
782	-69.177698	20.860014	
783	-69.727417	21.167950	
784	-69.802529	21.189856	
785	-69.704260	20.358751	
786	-69.871128	21.374551	
787	-69.858535	21.634576	
788	-69.842806	21.617548	
789	-69.848890	21.190239	
790	-69.587652	20.394986	
791	-69.534609	21.073397	
792	-69.807079	21.172955	
793	-69.637947	21.230824	
794	-69.670703	21.992017	
795	-69.662592	21.603010	
796	-69.210533	20.980505	
797	-69.485273	21.016221	
798	-69.492692	20.649934	
799	-68.737651	20.128676	
800	-68.458956	19.829992	
801	-68.686505	20.051585	
802	-68.243533	20.474058	
803	-67.595054	19.999384	
804	-67.749265	19.485701	
805	-67.656057	19.493734	
806	-67.701754	20.564687	
807	-67.513112	20.414330	
808	-67.107050	20.704409	
809	-66.810498	21.393876	
810	-65.711856	20.958537	
811	-65.275712	22.119839	
812	-64.695143	22.142613	
813	-64.000898	22.150014	
814	-63.581925	22.561655	
815	-63.619890	22.940591	
816	-63.162176	23.196905	
817	-61.633916	24.012724	
818	-61.712689	24.180194	
819	-61.400729	23.142113	
820	-60.332730	23.509490	
821	-60.303696	23.240506	
822	-59.527903	23.032887	
823	-59.201760	23.339574	
824	-59.168012	23.028278	
825	-58.390810	23.432183	
826	-58.056974	23.251820	
827	-57.377035	23.328654	
828	-57.178566	23.493489	
829	-56.646630	22.775768	
830	-55.994339	22.584042	
831	-55.535406	22.238369	
832	-54.743009	21.708236	
833	-54.130853	21.624233	
834	-53.605485	21.772253	
835	-53.386668	21.427348	
836	-52.705878	21.113683	
837	-51.861632	21.091963	
838	-51.233283	20.980308	
839	-50.793651	21.083267	
840	-50.455940	20.997311	
841	-49.655761	21.147050	
842	-49.316685	21.154042	
843	-49.266486	20.799018	
844	-48.379863	20.878040	
845	-47.674775	20.777812	
846	-47.037234	21.058239	
847	-46.360786	20.902090	
848	-45.696527	20.747256	
849	-45.226956	21.175219	
850	-44.629345	21.172891	
851	-43.784001	20.833179	
852	-43.529312	20.945205	
853	-43.429469	21.077380	
854	-42.678169	20.741406	
855	-42.000012	20.827691	
856	-41.422107	20.734591	
857	-40.422915	20.509047	
858	-40.375157	20.516033	
859	-40.831690	20.180322	
860	-40.275754	19.730683	
861	-39.287799	19.811868	
862	-38.677571	19.792005	
863	-38.493649	19.418141	
864	-38.118054	19.391371	
865	-37.994484	19.209520	
866	-37.898268	18.943981	
867	-37.579866	18.642940	
868	-37.153512	18.370840	
869	-36.791468	18.251628	
870	-36.680732	18.104014	
871	-36.666775	17.972520	
872	-36.499414	17.807397	
873	-36.155025	17.790332	
874	-35.981127	17.904942	
875	-36.096486	17.917363	
876	-36.582737	17.341997	
877	-35.587894	17.325225	
878	-35.262693	17.391592	
879	-36.223048	16.984193	
880	-36.235812	16.990234	
881	-35.817743	17.240787	
882	-36.041186	17.011492	
883	-36.441261	16.526518	
884	-36.714578	16.803778	
885	-36.635695	17.025481	
886	-36.539074	16.697833	
887	-36.930550	16.747869	
888	-37.060627	16.738031	
889	-37.294127	16.420715	
890	-37.243527	16.860738	
891	-37.396432	16.821632	
892	-37.452412	16.768124	
893	-37.624382	16.985672	
894	-37.891709	16.677149	
895	-38.202693	16.985087	
896	-38.919463	17.052153	
897	-38.974347	17.118933	
898	-38.896930	17.507502	
899	-38.952335	17.383994	
900	-39.625511	17.365199	
901	-40.140819	17.527286	
902	-40.514902	17.493934	
903	-40.767115	17.710580	
904	-40.620812	17.645103	
905	-40.627264	17.836554	
906	-40.839617	18.075463	
907	-40.990197	18.283144	
908	-40.496514	18.151146	
909	-40.248317	18.316253	
910	-40.464774	18.404805	
911	-41.063811	18.258822	
912	-41.057323	18.530145	
913	-40.636816	18.546864	
914	-40.680009	18.465904	
915	-40.543940	18.330395	
916	-40.446259	18.660451	
917	-40.357163	18.659751	
918	-39.756900	18.085577	
919	-39.198743	18.542513	
920	-39.936011	18.582700	
921	-39.836583	18.113832	
922	-39.556335	18.220241	
923	-40.134829	18.010497	
924	-40.137904	17.658146	
925	-39.923847	17.463198	
926	-39.601454	17.695437	
927	-39.673777	17.559205	
928	-39.847819	17.308071	
929	-40.115532	17.298657	
930	-40.114722	17.052943	
931	-40.082443	17.148311	
932	-40.215533	17.545517	
933	-40.903904	17.298778	
934	-41.833878	17.304085	
935	-42.105566	17.341251	
936	-42.714607	17.146558	
937	-43.103478	16.563731	
938	-43.845024	16.503912	
939	-44.322586	16.776512	
940	-43.831017	16.761153	
941	-43.265065	16.481591	
942	-42.480186	15.952140	
943	-42.026952	16.262774	
944	-41.869037	16.133537	
945	-41.683734	15.982966	
946	-41.315737	15.664995	
947	-40.668028	15.076302	
948	-40.122037	15.231600	
949	-40.167252	15.092156	
950	-40.709387	14.953479	
951	-41.010502	15.330644	
952	-41.280466	15.793935	
953	-41.936953	15.733999	
954	-42.096257	15.559430	
955	-42.691537	15.665818	
956	-43.880784	15.994295	
957	-44.346052	15.795561	
958	-44.795240	15.339113	
959	-44.892049	15.644792	
960	-44.669198	15.543606	
961	-44.890106	15.043214	
962	-45.288920	14.766347	
963	-45.566318	14.885507	
964	-46.173363	14.862471	
965	-45.355996	14.752506	
966	-44.943443	15.283850	
967	-45.472162	15.315960	
968	-45.446898	15.011946	
969	-45.907428	15.713035	
970	-46.225803	15.933607	
971	-46.612576	15.846641	
972	-47.085264	15.766042	
973	-47.428570	15.538249	
974	-47.292189	16.135387	
975	-47.561567	16.333014	
976	-47.773664	15.889121	
977	-48.617096	16.345121	
978	-48.653845	16.404070	
979	-48.617284	15.761223	
980	-49.424040	16.193411	
981	-49.368592	16.474745	
982	-50.006857	16.227527	
983	-50.143899	16.216706	
984	-50.599849	16.076550	
985	-50.904476	16.683120	
986	-50.999438	16.685617	
987	-51.212927	16.477509	
988	-51.613662	16.659079	
989	-52.536234	16.567890	
990	-52.494093	17.332846	
991	-52.699345	17.015748	
992	-53.935059	17.187044	
993	-55.031035	17.493429	
994	-54.981378	17.177087	
995	-55.300491	18.111925	
996	-56.085456	17.843161	
997	-55.828965	17.805761	
998	-55.152434	18.226352	
999	-56.139330	17.857218	
1000	-56.655490	18.230029	
1001	-56.066129	18.024999	
1002	-56.270737	17.414979	
1003	NaN	NaN	
1004	NaN	NaN	
1005	NaN	NaN	
1006	-58.034012	18.816987	
1007	-57.910253	18.271533	
1008	-58.006615	18.198812	
1009	-58.377788	19.025094	
1010	-58.407016	19.334478	
1011	-58.516448	19.101186	
1012	-59.472918	19.251054	
1013	-58.847393	18.580379	
1014	-59.019234	18.869440	
1015	-59.735261	19.307931	
1016	-58.774659	18.256828	
1017	-59.992472	19.252248	
1018	-60.146973	19.577659	
1019	-60.494053	19.487024	
1020	-60.696556	19.564158	
1021	-60.679821	19.287672	
1022	-60.979825	19.916786	
1023	-60.714664	19.396328	
1024	-61.282177	18.983410	
1025	-61.285831	18.680189	
1026	-61.573603	18.526050	
1027	-61.709814	18.661293	
1028	-61.959399	18.508774	
1029	-61.800119	18.719481	
1030	-61.783811	18.628866	
1031	-62.079432	19.092175	
1032	-61.624964	18.856016	
1033	-61.553762	17.936657	
1034	-62.148689	18.814368	
1035	-62.696793	18.954263	
1036	-62.707031	18.433305	
1037	-62.989940	19.084412	
1038	-63.271686	19.212315	
1039	-63.023270	18.042817	
1040	-62.862264	18.801850	
1041	-63.112873	18.602740	
1042	-63.480770	17.851064	
1043	-62.865777	18.456296	
1044	-64.217231	18.283950	
1045	-65.646307	19.301825	
1046	-64.887890	18.929711	
1047	-64.362858	18.203697	
1048	-64.760168	18.971392	
1049	-65.762182	20.474012	
1050	-65.449075	19.205250	
1051	-64.878725	17.014578	
1052	-65.475778	18.302172	
1053	-65.282080	18.211788	
1054	-65.709130	18.672656	
1055	-66.584174	19.108165	
1056	-66.180471	19.323809	
1057	-65.907638	20.056785	
1058	-66.219422	19.255697	
1059	-66.154947	19.005434	
1060	-65.865457	19.232610	
1061	-66.086888	19.493068	
1062	-66.055882	18.430187	
1063	-66.775598	19.056905	
1064	-66.705164	18.875591	
1065	-66.328987	17.041545	
1066	-66.903909	18.260392	
1067	-67.073590	19.646003	
1068	-67.550436	18.803638	
1069	-68.260178	19.663526	
1070	-68.325966	20.601131	
1071	-68.582523	19.497529	
1072	-68.374997	17.992054	
1073	-67.917151	18.702707	
1074	-68.379731	19.537924	
1075	-68.602598	19.301750	
1076	-69.236942	22.411252	
1077	-68.390434	21.142700	
1078	-67.705933	18.186582	
1079	-68.998383	20.091804	
1080	-68.228871	20.613719	
1081	-68.428471	20.967486	
1082	-67.911922	19.972781	
1083	-67.185716	19.647340	
1084	-68.684924	21.501883	
1085	-67.891882	21.139826	
1086	-66.891437	20.277224	
1087	-67.612348	20.878196	
1088	-67.477040	20.513519	
1089	-66.892185	20.003701	
1090	-67.927092	22.746466	
1091	-67.553576	23.597412	
1092	-65.681047	21.669434	
1093	-66.288297	23.021987	
1094	-66.310924	25.949370	
1095	-63.408338	24.121596	
1096	-62.676907	23.693991	
1097	-62.755034	25.940979	
1098	-62.296744	26.068038	
1099	-61.202523	24.704292	
1100	-60.462323	25.413225	
1101	-60.388718	27.081360	
1102	-59.292368	26.213761	
1103	-59.056338	27.022383	
1104	-59.064301	28.477417	
1105	-57.775752	26.831614	
1106	-56.841668	25.904176	
1107	-56.871995	26.842614	
1108	-56.281497	26.227757	
1109	-55.979124	26.393192	
1110	-56.149388	27.333238	
1111	-54.897732	26.542769	
1112	-54.824479	26.163692	
1113	-55.608166	27.038493	
1114	-54.133660	25.904697	
1115	-53.318782	25.499400	
1116	-53.514312	25.939354	
1117	-53.526843	25.849923	
1118	-52.940380	25.578901	
1119	-52.307104	25.047843	
1120	-50.834895	24.095077	
1121	-50.565842	23.832536	
1122	-50.628297	24.376455	
1123	-49.435753	23.188574	
1124	-49.913160	23.762381	
1125	-49.526974	24.588786	
1126	-48.220281	23.655930	
1127	-48.239398	23.423313	
1128	-47.542283	22.747763	
1129	-46.857532	22.574434	
1130	-46.745100	22.931019	
1131	-46.936859	23.522995	
1132	-45.921815	22.716226	
1133	-46.803751	23.286888	
1134	-47.093417	24.013439	
1135	-44.054856	22.793254	
1136	-44.620736	22.950433	
1137	-44.986927	22.605385	
1138	-43.754676	22.326556	
1139	-43.416366	21.848285	
1140	-42.904248	21.661814	
1141	-43.140419	22.681127	
1142	-42.296007	21.045821	
1143	-41.534764	20.673583	
1144	-41.355168	21.785142	
1145	-41.579379	20.475104	
1146	-41.529204	20.893653	
1147	-40.628512	20.726946	
1148	-40.522643	20.640003	
1149	-40.556874	20.472376	
1150	-39.708035	19.547568	
1151	-40.084215	20.058558	
1152	-40.111506	20.019486	
1153	-39.321956	19.026992	
1154	-39.491340	18.956484	
1155	-39.834111	19.607884	
1156	-39.372905	19.529748	
1157	-38.803565	19.180817	
1158	-39.374050	18.199041	
1159	-38.769588	17.692485	
1160	-39.289794	18.575161	
1161	-39.720921	18.845258	
1162	-39.121328	18.481830	
1163	-40.384172	19.328327	
1164	-40.521073	19.326231	
1165	-39.544961	18.170717	
1166	-40.267591	18.264544	
1167	-40.414111	16.977761	
1168	-41.148303	17.053477	
1169	-40.359329	18.047340	
1170	-40.743782	18.294779	
1171	-41.426487	18.164332	
1172	-40.499768	17.226399	
1173	-41.098363	17.305264	
1174	-40.967930	18.062637	
1175	-41.421984	18.054814	
1176	-41.336128	17.944918	
1177	-42.067176	17.835270	
1178	-42.123865	18.016135	
1179	-40.816467	18.256484	
1180	-39.845526	17.838300	
1181	-42.225634	18.425360	
1182	-42.717578	18.664436	
1183	-40.699441	17.424403	
1184	-43.493122	18.245864	
1185	-43.924199	17.489846	
1186	-43.061927	17.649179	
1187	-42.860248	18.845259	
1188	-42.443224	17.719435	
1189	-42.293047	17.885745	
1190	-42.077837	19.054587	
1191	-45.334519	20.178207	
1192	-44.754483	19.978366	
1193	-44.143074	20.054934	
1194	-44.539830	19.424047	
1195	-43.842134	20.132210	
1196	-43.301352	18.990185	
1197	-43.780634	18.838043	
1198	-44.623101	20.185068	
1199	-45.298182	20.620873	
1200	-44.391867	19.623905	
1201	-42.392443	19.276972	
1202	-42.236113	20.626787	
1203	-44.622607	21.392904	
1204	-43.749131	20.214417	
1205	-42.055136	19.672914	
1206	-45.113567	20.019901	
1207	-45.638170	19.732550	
1208	-42.175559	18.977020	
1209	NaN	NaN	
1210	NaN	NaN	
1211	NaN	NaN	
1212	NaN	NaN	
1213	NaN	NaN	
1214	NaN	NaN	
1215	NaN	NaN	
1216	NaN	NaN	
1217	NaN	NaN	
1218	NaN	NaN	
1219	NaN	NaN	
1220	NaN	NaN	
1221	NaN	NaN	
1222	NaN	NaN	
1223	NaN	NaN	
1224	NaN	NaN	
1225	NaN	NaN	
1226	NaN	NaN	
1227	NaN	NaN	
1228	NaN	NaN	
1229	NaN	NaN	
1230	NaN	NaN	
1231	NaN	NaN	
1232	NaN	NaN	
1233	NaN	NaN	
1234	NaN	NaN	
1235	NaN	NaN	
1236	NaN	NaN	
1237	NaN	NaN	
1238	NaN	NaN	
1239	NaN	NaN	
1240	NaN	NaN	
1241	NaN	NaN	
1242	NaN	NaN	
1243	NaN	NaN	
1244	NaN	NaN	
1245	NaN	NaN	
1246	NaN	NaN	
1247	NaN	NaN	
1248	NaN	NaN	
1249	NaN	NaN	
1250	NaN	NaN	
1251	NaN	NaN	
1252	NaN	NaN	
1253	NaN	NaN	
1254	NaN	NaN	
1255	NaN	NaN	
1256	NaN	NaN	
1257	NaN	NaN	
1258	NaN	NaN	
1259	NaN	NaN	
1260	NaN	NaN	
1261	NaN	NaN	
1262	NaN	NaN	
1263	NaN	NaN	
1264	NaN	NaN	
1265	NaN	NaN	
1266	NaN	NaN	
1267	NaN	NaN	
1268	NaN	NaN	
1269	NaN	NaN	
1270	NaN	NaN	
1271	NaN	NaN	
1272	NaN	NaN	
1273	NaN	NaN	
1274	NaN	NaN	
1275	NaN	NaN	
1276	NaN	NaN	
1277	NaN	NaN	
1278	NaN	NaN	
1279	NaN	NaN	
1280	NaN	NaN	
1281	NaN	NaN	
1282	NaN	NaN	
1283	NaN	NaN	
1284	NaN	NaN	
1285	NaN	NaN	
1286	NaN	NaN	
1287	NaN	NaN	
1288	NaN	NaN	
1289	NaN	NaN	
1290	NaN	NaN	
1291	NaN	NaN	
1292	NaN	NaN	
1293	NaN	NaN	
1294	NaN	NaN	
1295	NaN	NaN	
1296	NaN	NaN	
1297	NaN	NaN	
1298	NaN	NaN	
1299	NaN	NaN	
1300	NaN	NaN	
1301	NaN	NaN	
1302	NaN	NaN	
1303	NaN	NaN	
1304	NaN	NaN	
1305	NaN	NaN	
1306	NaN	NaN	
1307	NaN	NaN	
1308	NaN	NaN	
1309	NaN	NaN	
1310	NaN	NaN	
1311	NaN	NaN	
1312	NaN	NaN	
1313	NaN	NaN	
1314	NaN	NaN	
1315	NaN	NaN	
1316	NaN	NaN	
1317	NaN	NaN	
1318	NaN	NaN	
1319	NaN	NaN	
1320	NaN	NaN	
1321	NaN	NaN	
1322	NaN	NaN	
1323	NaN	NaN	
1324	NaN	NaN	
1325	NaN	NaN	
1326	NaN	NaN	
1327	NaN	NaN	
1328	NaN	NaN	
1329	NaN	NaN	
1330	NaN	NaN	
1331	NaN	NaN	
1332	NaN	NaN	
1333	NaN	NaN	
1334	NaN	NaN	
1335	NaN	NaN	
1336	NaN	NaN	
1337	NaN	NaN	
1338	NaN	NaN	
1339	NaN	NaN	
1340	NaN	NaN	
1341	NaN	NaN	
1342	NaN	NaN	
1343	NaN	NaN	
1344	NaN	NaN	
1345	NaN	NaN	
1346	NaN	NaN	
1347	NaN	NaN	
1348	NaN	NaN	
1349	NaN	NaN	
1350	NaN	NaN	
1351	NaN	NaN	
1352	NaN	NaN	
1353	NaN	NaN	
1354	NaN	NaN	
1355	NaN	NaN	
1356	NaN	NaN	
1357	NaN	NaN	
1358	NaN	NaN	
1359	NaN	NaN	
1360	NaN	NaN	
1361	NaN	NaN	
1362	NaN	NaN	
1363	NaN	NaN	
1364	NaN	NaN	
1365	NaN	NaN	
1366	NaN	NaN	
1367	NaN	NaN	
1368	NaN	NaN	
1369	NaN	NaN	
1370	NaN	NaN	
1371	NaN	NaN	
1372	NaN	NaN	
1373	NaN	NaN	
1374	NaN	NaN	
1375	NaN	NaN	
1376	NaN	NaN	
1377	NaN	NaN	
1378	NaN	NaN	
1379	NaN	NaN	
1380	NaN	NaN	
1381	NaN	NaN	
1382	NaN	NaN	
1383	NaN	NaN	
1384	NaN	NaN	
1385	NaN	NaN	
1386	NaN	NaN	
1387	NaN	NaN	
1388	NaN	NaN	
1389	NaN	NaN	
1390	NaN	NaN	
1391	NaN	NaN	
1392	NaN	NaN	
1393	NaN	NaN	
1394	NaN	NaN	
1395	NaN	NaN	
1396	NaN	NaN	
1397	NaN	NaN	
1398	NaN	NaN	
1399	NaN	NaN	
1400	NaN	NaN	
1401	NaN	NaN	
1402	NaN	NaN	
1403	NaN	NaN	
1404	NaN	NaN	
1405	NaN	NaN	
1406	NaN	NaN	
1407	NaN	NaN	
1408	NaN	NaN	
1409	NaN	NaN	
1410	NaN	NaN	
1411	NaN	NaN	
1412	NaN	NaN	
1413	NaN	NaN	
1414	NaN	NaN	
1415	NaN	NaN	
1416	NaN	NaN	
1417	NaN	NaN	
1418	NaN	NaN	
1419	NaN	NaN	
1420	NaN	NaN	
1421	NaN	NaN	
1422	NaN	NaN	
1423	NaN	NaN	
1424	NaN	NaN	
1425	NaN	NaN	
1426	NaN	NaN	
1427	NaN	NaN	
1428	NaN	NaN	
1429	NaN	NaN	
1430	NaN	NaN	
1431	NaN	NaN	
1432	NaN	NaN	
1433	NaN	NaN	
