Athlete_Engineering	// User ID
11-2-2021	// Evaluation date
P007_FLEX	25-1-2021	18:04:45:488	// Source file name and timestamp
250.000	// Sampling rate
6.551	// Data capture period



Sample #	Right_Leg_Flexion	Right_Leg_Abduction	
0	-66.570955	30.774932	
1	-66.519748	30.544387	
2	-66.981541	30.530883	
3	-66.559878	30.644747	
4	-66.355118	30.775117	
5	-66.602983	30.379038	
6	-66.299643	30.673182	
7	-66.181400	30.719651	
8	-66.309008	30.662475	
9	-66.443225	30.891402	
10	-66.163603	31.093803	
11	-66.091448	30.789798	
12	-66.077172	31.004371	
13	-66.184445	30.949581	
14	-66.152917	31.102334	
15	-66.501010	30.916446	
16	-66.425244	31.205021	
17	-66.464131	31.093937	
18	-66.461374	30.912483	
19	-66.288453	30.987289	
20	NaN	NaN	
21	NaN	NaN	
22	NaN	NaN	
23	NaN	NaN	
24	NaN	NaN	
25	NaN	NaN	
26	-66.221417	31.390581	
27	-66.467759	31.681532	
28	-67.008283	31.849684	
29	-67.300006	31.678725	
30	-67.148028	31.791290	
31	-66.439294	32.295977	
32	-68.833432	32.444185	
33	-66.371968	32.146474	
34	-68.067879	32.044587	
35	-66.593854	32.436855	
36	-66.096910	32.514788	
37	-67.745165	32.585236	
38	-66.916593	32.456433	
39	-65.783404	32.439917	
40	-65.717609	32.578589	
41	-65.444848	32.478475	
42	-68.306395	32.783896	
43	-66.706749	32.620815	
44	-65.088580	32.571586	
45	-68.306236	32.668128	
46	-68.446843	32.976280	
47	-68.249822	32.280169	
48	-68.457287	32.426672	
49	-68.461814	32.614552	
50	-68.462488	32.257410	
51	-68.174254	32.218163	
52	-68.757270	32.274397	
53	-66.184126	32.010530	
54	-64.316578	31.961554	
55	-67.518386	31.779631	
56	-68.324053	31.961358	
57	-68.110323	32.161051	
58	-67.492563	31.791144	
59	-66.264202	31.773909	
60	-66.916788	31.823605	
61	-67.242218	32.096051	
62	-67.249116	31.586756	
63	-67.011805	31.645514	
64	-67.301832	31.843024	
65	-67.435805	31.313039	
66	-66.937739	32.129883	
67	-67.307242	31.959080	
68	-67.209131	32.005812	
69	-67.105871	32.268034	
70	-67.220973	31.972674	
71	-67.121991	31.908693	
72	-67.092526	31.989475	
73	-67.106623	31.803641	
74	-67.092045	31.521135	
75	-67.107390	31.541520	
76	-66.345420	32.017042	
77	-66.902549	31.614246	
78	-67.143190	31.268371	
79	-66.363699	31.125945	
80	-66.791239	30.970390	
81	-66.745985	30.907130	
82	-66.723840	31.101451	
83	-66.273919	30.699953	
84	-66.077699	31.118554	
85	-66.639340	31.132812	
86	-66.777475	31.025641	
87	-65.996439	30.811080	
88	-66.385170	31.008342	
89	-66.576093	31.097351	
90	-66.680844	31.325670	
91	-66.682168	31.274909	
92	-66.581155	31.429762	
93	-66.538042	31.299665	
94	-66.595879	31.118206	
95	-66.677829	31.334101	
96	-67.087205	30.728171	
97	-67.179736	31.086984	
98	-66.850229	31.304181	
99	-66.209629	31.303089	
100	-66.082272	31.062985	
101	-66.705990	31.396297	
102	-66.059465	31.067241	
103	-65.294000	31.287615	
104	NaN	NaN	
105	NaN	NaN	
106	NaN	NaN	
107	-67.039046	32.143730	
108	-66.394403	31.999037	
109	-66.413228	32.012243	
110	-65.870177	31.781411	
111	-65.797314	30.957382	
112	-65.615693	31.992769	
113	-65.764659	31.156626	
114	-65.936389	31.255883	
115	-66.014345	30.978958	
116	-66.043968	30.670999	
117	-66.810216	31.065027	
118	-66.505298	31.155429	
119	-66.160919	31.215325	
120	NaN	NaN	
121	NaN	NaN	
122	-66.598019	31.170379	
123	-66.524546	31.143082	
124	-66.494575	30.858174	
125	-66.693259	30.816669	
126	-67.030025	31.191667	
127	-66.372368	31.267965	
128	-67.211461	30.627695	
129	-66.999542	29.741174	
130	-67.132936	30.819743	
131	-66.992750	30.762022	
132	-66.741462	31.085661	
133	-66.536823	30.808303	
134	-66.152550	30.964302	
135	-66.591514	30.678908	
136	-66.443031	30.494954	
137	-66.363760	31.364878	
138	-66.405204	31.551082	
139	-65.857328	31.241722	
140	-65.819530	31.434419	
141	-65.767484	31.308647	
142	-65.605524	30.895008	
143	-67.024468	31.212998	
144	-66.929369	31.242973	
145	-66.161299	31.015106	
146	-66.090198	31.565458	
147	-66.649278	31.053407	
148	-66.524666	31.503802	
149	-66.273252	31.915970	
150	-65.836823	31.365948	
151	-66.926411	32.035814	
152	-66.891132	31.071265	
153	-66.891506	31.308327	
154	-67.207059	31.723987	
155	-66.689673	31.288798	
156	-65.972074	31.644754	
157	-66.062492	31.234219	
158	-65.841720	30.803899	
159	-66.170694	31.293867	
160	-65.992377	31.502758	
161	-66.085247	30.779062	
162	-66.179249	31.276924	
163	-65.922071	31.545891	
164	-66.119866	30.655882	
165	-65.679949	30.851334	
166	-65.314621	30.963350	
167	-65.515958	31.110774	
168	-65.800506	31.041015	
169	-65.460787	31.061425	
170	-65.602503	31.190167	
171	-65.180617	31.295500	
172	-65.185590	30.545033	
173	-66.206034	31.283013	
174	-66.086805	31.486928	
175	-65.661137	31.241292	
176	-66.166930	31.656624	
177	-65.926571	31.797972	
178	-66.302398	32.050367	
179	-65.944843	31.900010	
180	-66.077971	32.238102	
181	-65.969619	32.470751	
182	-65.962929	31.706698	
183	-65.966890	32.436699	
184	-66.628583	33.016259	
185	-66.010462	32.604575	
186	-65.776959	32.751926	
187	-65.746420	33.287385	
188	-65.592052	32.789139	
189	-65.691474	33.102708	
190	-65.458028	32.680298	
191	-65.586994	33.021752	
192	-65.472102	32.847529	
193	-65.267639	32.765350	
194	-65.685943	33.712170	
195	-65.261149	32.764678	
196	-65.064783	33.195126	
197	-65.284657	32.837336	
198	-64.727172	32.882042	
199	-64.934219	32.689489	
200	-64.376213	32.798503	
201	-64.198022	32.512770	
202	-64.327985	32.292032	
203	-64.193801	32.521502	
204	-64.996214	32.721686	
205	-64.487078	32.379293	
206	-64.401255	32.648149	
207	-64.172383	31.927805	
208	-64.075099	32.339570	
209	-64.889174	32.321746	
210	-64.159545	32.267283	
211	-64.707569	32.898706	
212	-64.100150	32.680343	
213	-63.587560	32.519577	
214	-63.768345	32.162543	
215	-63.593754	32.402778	
216	-63.507400	32.452327	
217	-63.695444	32.217698	
218	-64.065226	32.055792	
219	-64.154173	32.365928	
220	-63.782718	32.037328	
221	-61.404339	31.420445	
222	-61.769194	31.209138	
223	-62.762370	32.347584	
224	-62.858676	32.838639	
225	-61.660399	32.840458	
226	-60.974547	32.825748	
227	-62.392371	32.572916	
228	-61.855094	32.185158	
229	-62.071895	32.276040	
230	-62.186772	32.292261	
231	-61.287324	31.943217	
232	-61.860655	32.303634	
233	-61.924494	32.333704	
234	-61.836731	32.167807	
235	-62.046497	32.201564	
236	-62.068706	32.147497	
237	-61.349062	31.956110	
238	-60.992808	31.933466	
239	-60.810342	32.132121	
240	-60.194576	32.306812	
241	-59.894159	32.195367	
242	-59.047792	32.293969	
243	-58.062638	32.391321	
244	-60.981300	32.587397	
245	-59.716727	32.360978	
246	-59.817638	32.154305	
247	-60.304706	31.866233	
248	-60.226174	31.967817	
249	-60.177894	32.287963	
250	-60.405967	32.291974	
251	-58.859203	31.654028	
252	-59.357505	31.219952	
253	-58.782720	31.517678	
254	-58.484336	31.436746	
255	-59.117196	31.949509	
256	-59.120792	31.842500	
257	-59.715998	32.168868	
258	-59.848436	31.561579	
259	-59.112823	31.216158	
260	-58.880266	31.164580	
261	-58.880428	31.715659	
262	-59.899457	31.859952	
263	-59.700840	32.225339	
264	-59.470320	32.127526	
265	-59.233770	30.985946	
266	-59.163584	30.991191	
267	-59.284555	31.111005	
268	-59.086224	31.619867	
269	-60.704067	32.195438	
270	-58.298189	31.576556	
271	-58.439639	31.065718	
272	-58.765375	31.154126	
273	-59.523011	31.439837	
274	-58.631124	31.848702	
275	-58.359624	32.101145	
276	-58.326232	32.041921	
277	-57.770292	31.693755	
278	-58.135471	32.018833	
279	-58.184752	32.317414	
280	-58.058993	32.358201	
281	-58.471659	32.101961	
282	-58.423434	31.986589	
283	-58.555149	32.437347	
284	-58.304203	31.873990	
285	-57.735497	31.441974	
286	-57.722090	32.034382	
287	-57.711188	31.860256	
288	-57.766756	31.680908	
289	-57.824243	31.586807	
290	-57.224284	31.334744	
291	-58.876912	31.140598	
292	-58.593277	30.703874	
293	-57.811139	30.955349	
294	-57.436431	30.911744	
295	-58.006295	30.820249	
296	-57.755535	30.503871	
297	-57.702871	30.611946	
298	-56.271489	30.599168	
299	-56.657405	30.299270	
300	-56.338303	29.546396	
301	-56.299985	29.007557	
302	-56.311193	29.160260	
303	-55.982119	28.975941	
304	-55.736125	28.389756	
305	-55.661743	28.687704	
306	-55.142315	29.007234	
307	-54.947761	28.341020	
308	-54.509289	28.120029	
309	-53.542302	28.156670	
310	-54.842542	28.398288	
311	-54.557427	28.135752	
312	-54.122084	28.377972	
313	-54.456351	28.512113	
314	-53.671307	28.371464	
315	-53.710449	28.149358	
316	-52.866401	27.761400	
317	-52.804319	27.714671	
318	-52.308984	27.843607	
319	-51.897834	28.255019	
320	-51.905225	28.515729	
321	NaN	NaN	
322	NaN	NaN	
323	NaN	NaN	
324	NaN	NaN	
325	-51.880059	27.825276	
326	-50.194487	28.069358	
327	-49.530447	28.281461	
328	-49.772903	28.744902	
329	-49.185365	28.720599	
330	-49.360940	28.517467	
331	-50.085186	28.170150	
332	-50.265210	27.898463	
333	-48.995425	28.335828	
334	-48.056435	28.254164	
335	-47.681264	28.076420	
336	-47.814445	27.792060	
337	-48.491523	27.563160	
338	-47.954739	27.546853	
339	-47.626401	27.211457	
340	-47.208214	27.259636	
341	-46.515094	27.521967	
342	-45.517948	27.627370	
343	-45.597616	27.201894	
344	-45.100223	27.053885	
345	-44.482433	27.348343	
346	-44.277765	27.528554	
347	-44.291099	26.895494	
348	-44.477118	27.939292	
349	-43.593674	28.162896	
350	-42.674845	27.882101	
351	-42.716509	28.421264	
352	-42.378355	28.875804	
353	-43.187025	27.743623	
354	-42.437920	28.495380	
355	-41.394291	29.551903	
356	-41.503724	27.392567	
357	-42.447888	27.449202	
358	-41.120981	27.616406	
359	-41.507178	26.806971	
360	-40.850873	26.902050	
361	-39.952195	27.335320	
362	-38.965231	27.828048	
363	-41.170292	24.192181	
364	-39.375430	25.954742	
365	-38.424602	26.732502	
366	-40.028700	26.805367	
367	-39.100787	26.533576	
368	-38.282046	27.475368	
369	-39.070282	27.806456	
370	-38.400733	27.808973	
371	-37.544642	27.137317	
372	-36.997265	27.229330	
373	-37.142804	26.384659	
374	-36.489858	26.273763	
375	-37.474377	33.237621	
376	-36.138202	28.567147	
377	-36.209729	30.445145	
378	-36.563233	32.770550	
379	-35.738343	31.043051	
380	-36.248568	31.812476	
381	-35.550476	31.367560	
382	-35.693664	32.065042	
383	-36.253964	25.682683	
384	-36.098675	23.789814	
385	-36.245870	24.612185	
386	-37.698658	24.649098	
387	-37.416791	24.659572	
388	-36.439614	25.358553	
389	-36.134139	25.576285	
390	-36.488326	25.306004	
391	-36.184036	24.949952	
392	-35.565125	25.498489	
393	-35.921967	25.291963	
394	-36.176565	25.061991	
395	-35.891799	24.908795	
396	-35.606624	25.024611	
397	-35.037510	25.135173	
398	-33.905076	24.815795	
399	-34.164105	24.125743	
400	-33.727123	23.746083	
401	-34.147952	24.741176	
402	-33.772841	25.669930	
403	-34.665437	24.802010	
404	-34.341842	25.636713	
405	-36.367846	25.297099	
406	-35.048719	25.336824	
407	-34.271533	25.935736	
408	-35.479505	25.319711	
409	-35.701542	25.305739	
410	-35.217245	25.472453	
411	-35.399900	25.777547	
412	-33.383992	28.372001	
413	-32.778442	29.508667	
414	-34.298844	28.087265	
415	-33.885602	27.574307	
416	-33.837750	27.691530	
417	-33.733430	27.646072	
418	-33.550705	27.666166	
419	-33.580206	27.502169	
420	-33.581273	27.556500	
421	-32.972037	27.615324	
422	-32.590231	28.320319	
423	-32.123082	28.169520	
424	-32.947375	27.584197	
425	-33.112630	27.421368	
426	-33.236005	27.485596	
427	-33.755246	27.707172	
428	-33.087063	28.248755	
429	-31.907358	29.164228	
430	-34.718928	28.279896	
431	-33.971088	28.065876	
432	-32.466899	28.777450	
433	-33.181289	28.672634	
434	-33.744306	28.927316	
435	-33.880168	28.317881	
436	-33.004571	29.426155	
437	-28.909149	31.825499	
438	-31.754557	30.371974	
439	-33.251075	29.105827	
440	-32.741656	28.963162	
441	-32.845035	29.132314	
442	-32.598087	29.096413	
443	-33.303092	28.363943	
444	-32.816993	28.998014	
445	-34.671901	28.922234	
446	-34.141360	28.339843	
447	-33.098788	28.991093	
448	-33.354008	29.304379	
449	-33.968985	28.754848	
450	-34.268895	28.609845	
451	-35.153332	28.910270	
452	-34.342221	29.404575	
453	-33.672792	29.541636	
454	-34.566291	28.564029	
455	-36.018727	28.163518	
456	-36.746053	27.544287	
457	-35.723915	29.057341	
458	-35.515923	29.070323	
459	-36.539320	28.156634	
460	-37.146333	27.350619	
461	-38.409311	25.925915	
462	-37.787810	24.263318	
463	-38.214840	33.363439	
464	-37.423735	27.586346	
465	-38.465628	24.840221	
466	-39.089340	25.677601	
467	-39.048192	25.265502	
468	-39.636195	25.303567	
469	-39.123766	26.061355	
470	-39.358520	26.012414	
471	-38.555304	25.097535	
472	-37.388934	28.390830	
473	-38.600298	26.352392	
474	-38.248264	28.048700	
475	-37.893485	29.595437	
476	-39.363126	26.549180	
477	-40.447445	25.662428	
478	-38.361800	27.868741	
479	-37.966511	28.349454	
480	-39.154150	28.325936	
481	-38.580593	28.254409	
482	-38.788103	28.188013	
483	-40.391997	28.371549	
484	-39.442192	28.205577	
485	-40.786609	27.795258	
486	-39.782464	27.796567	
487	-39.807747	29.018449	
488	-39.694852	29.050834	
489	-40.404861	29.170329	
490	-38.679314	27.201558	
491	-39.649916	28.077085	
492	-40.785633	28.786500	
493	-40.253466	28.279029	
494	-39.847956	28.023382	
495	-41.854948	27.585146	
496	-42.272730	27.613300	
497	-43.056780	27.946112	
498	-43.482521	28.103187	
499	-43.334167	28.590419	
500	-43.458205	28.272993	
501	-43.565290	27.994959	
502	-43.907561	27.507725	
503	-43.616317	27.668791	
504	-42.897284	27.779257	
505	-44.361275	27.406117	
506	-44.569080	27.181993	
507	-44.962566	27.240651	
508	-44.168819	27.413170	
509	-45.194047	27.385656	
510	-44.779961	27.605781	
511	-44.038659	27.485655	
512	-45.653846	27.429785	
513	-45.393560	26.857210	
514	-45.173254	26.758736	
515	-46.184650	27.252840	
516	-46.772313	27.102352	
517	-46.928585	27.000292	
518	-47.004602	26.553780	
519	-47.496168	26.694857	
520	-46.908694	26.703364	
521	-47.724333	26.447081	
522	-47.987002	25.796539	
523	-47.912347	26.457203	
524	-47.973857	26.525260	
525	-48.026319	26.300566	
526	-48.436501	26.418427	
527	-48.863291	26.986712	
528	-49.128268	27.020816	
529	-49.070696	26.667244	
530	-48.970267	26.259704	
531	-49.178014	26.203696	
532	-49.387088	26.530118	
533	-49.586627	26.815237	
534	-49.581011	26.873106	
535	-49.931056	27.161148	
536	-49.950990	27.357260	
537	-49.835414	27.538537	
538	-49.624014	27.475610	
539	-49.672162	27.185322	
540	-49.763132	27.286871	
541	-49.745896	26.941659	
542	-49.777188	26.872633	
543	-51.366526	27.575421	
544	-50.982426	27.756509	
545	-50.868851	27.059104	
546	-51.120449	26.877707	
547	-52.422176	27.176104	
548	-52.448233	27.237326	
549	-52.704529	27.880968	
550	-53.569811	27.869692	
551	-53.386161	28.112954	
552	-53.054983	28.021204	
553	-53.268744	27.696056	
554	-53.491138	28.263862	
555	-53.813117	28.234645	
556	-53.890227	28.011173	
557	-54.067130	28.208923	
558	-54.315384	28.423385	
559	-54.521998	28.890834	
560	-54.645121	29.247364	
561	-55.016430	29.015493	
562	-55.354757	28.768699	
563	-55.886801	28.715864	
564	-56.363536	28.840629	
565	-56.026568	28.518237	
566	-57.221509	28.733604	
567	-57.126409	29.018386	
568	-56.894706	29.307145	
569	-58.661927	29.395540	
570	-58.040389	29.296073	
571	-57.762658	28.887301	
572	-57.940846	28.958056	
573	-58.322869	28.788531	
574	-58.409493	28.863276	
575	-58.508421	28.928001	
576	-58.586838	29.128222	
577	-58.714535	29.180660	
578	-58.671436	28.957154	
579	-58.907095	29.764193	
580	-58.922441	29.835394	
581	-58.903044	29.831235	
582	-59.042560	29.532385	
583	-59.110895	30.175100	
584	-59.326713	30.069281	
585	-59.416362	29.811234	
586	-59.503972	30.127276	
587	-59.675859	29.851500	
588	-59.519453	29.708972	
589	-59.745718	30.057647	
590	-59.690134	30.160770	
591	-60.218714	29.907745	
592	-60.215712	29.995464	
593	-60.313186	29.783593	
594	-60.993819	30.125231	
595	-60.827334	30.022440	
596	-60.598416	29.860656	
597	-60.451752	30.012868	
598	-60.555528	29.817321	
599	-60.534700	30.219053	
600	-60.397086	30.274555	
601	-60.415860	30.170382	
602	-60.981601	30.438696	
603	-60.500091	30.059630	
604	-60.439822	30.420009	
605	-60.051685	30.532993	
606	-60.491641	30.573192	
607	-60.572549	30.671754	
608	-60.342993	31.019405	
609	-60.418400	30.894718	
610	-60.636735	31.205168	
611	-61.069423	30.910229	
612	-60.999385	30.969197	
613	-61.639810	31.493924	
614	-61.734039	30.575835	
615	-61.783455	31.202865	
616	-61.681101	31.738249	
617	-61.811393	31.366625	
618	-61.749616	31.413675	
619	-61.804337	31.372133	
620	-61.991443	31.324475	
621	-62.450200	31.367296	
622	-62.227426	30.997783	
623	-62.172430	31.406318	
624	-62.202406	31.449145	
625	-62.020044	31.601861	
626	-62.188446	31.401203	
627	-61.962874	31.790616	
628	-62.285415	31.407878	
629	-62.028945	31.006585	
630	-62.905801	31.928946	
631	-63.234134	31.819621	
632	-62.631051	32.027150	
633	-62.362754	31.894844	
634	-63.581994	31.738515	
635	-63.032149	31.697616	
636	-62.487582	31.313917	
637	-62.696121	31.688217	
638	-62.788758	32.004600	
639	-62.767365	31.612827	
640	-62.864009	31.664161	
641	-62.241290	32.031927	
642	-63.387336	31.999777	
643	-62.932156	31.582116	
644	-63.717859	32.199235	
645	-63.018818	31.736379	
646	-62.570535	31.252285	
647	-62.842418	31.256873	
648	-63.556728	31.559125	
649	-63.148690	31.650634	
650	-62.984726	31.567740	
651	-62.738974	31.844124	
652	-63.008150	31.596124	
653	-62.636225	31.787823	
654	-62.762405	31.684377	
655	-63.032471	31.440353	
656	-62.795425	31.594719	
657	-62.732331	31.521700	
658	-62.748015	31.646107	
659	-62.725904	31.659295	
660	-62.545365	31.416675	
661	-62.692791	31.654426	
662	-62.313329	31.259848	
663	-62.447728	31.619264	
664	-62.531871	31.772021	
665	-62.445207	31.795191	
666	NaN	NaN	
667	NaN	NaN	
668	NaN	NaN	
669	NaN	NaN	
670	-62.437959	31.396639	
671	-62.227344	31.373707	
672	NaN	NaN	
673	NaN	NaN	
674	-62.844043	31.808653	
675	-63.315590	31.757280	
676	-63.072571	31.682283	
677	-62.591224	31.860369	
678	-63.721203	31.811801	
679	-63.416821	31.705233	
680	-62.850551	31.799645	
681	-63.569379	31.759055	
682	-63.034158	31.581999	
683	-62.690185	31.762470	
684	-63.521801	32.104205	
685	-63.168866	31.930714	
686	-62.891299	31.629014	
687	-62.989866	31.689840	
688	-63.101036	31.863869	
689	-62.851612	31.595409	
690	-63.574173	32.224144	
691	-63.723329	32.114776	
692	-63.361085	31.685994	
693	-62.739212	32.120342	
694	-62.824209	31.919379	
695	-62.988804	32.157988	
696	-62.768738	31.928268	
697	-62.711550	31.936620	
698	-62.619389	31.862598	
699	-62.415903	32.219019	
700	-62.384462	32.042324	
701	-62.276876	31.942579	
702	-62.157354	31.687667	
703	-61.676415	31.447422	
704	-62.114976	31.370902	
705	-62.177639	31.034088	
706	-60.917664	30.707264	
707	-61.160174	30.679378	
708	-60.250581	30.309830	
709	-62.874025	30.674850	
710	-60.895861	30.707741	
711	-61.543265	30.924863	
712	-62.655001	30.915641	
713	-59.985741	30.229812	
714	-61.910975	30.709795	
715	-60.217780	30.212662	
716	-59.735477	29.818268	
717	-60.149681	29.708493	
718	-59.690769	29.438262	
719	-59.339400	29.415102	
720	-59.010227	28.880958	
721	-59.048226	29.338405	
722	-58.347562	29.128922	
723	-57.742533	29.273996	
724	-57.629346	28.924302	
725	-57.630543	29.270399	
726	-57.423985	29.293802	
727	-56.846655	28.798376	
728	-57.146609	28.570777	
729	-57.370523	28.925956	
730	-56.444685	28.583391	
731	-55.567947	28.486031	
732	-55.358254	28.257477	
733	-55.516731	28.631439	
734	-55.256085	28.182343	
735	-55.177833	27.880482	
736	-54.599308	28.071093	
737	-54.599859	27.932738	
738	-54.277083	28.111241	
739	-53.687373	27.960369	
740	-53.640947	27.764904	
741	-53.370191	27.736953	
742	-52.626778	27.840294	
743	-52.227876	27.790481	
744	-51.798638	27.709989	
745	-51.118050	27.450157	
746	-52.446935	27.725205	
747	-52.239170	28.133552	
748	-50.815355	28.144371	
749	-51.005696	28.495761	
750	-51.179672	28.257800	
751	-50.857642	28.544431	
752	-50.894789	28.359098	
753	-50.408347	28.040976	
754	-50.457125	28.508377	
755	-49.165290	28.142491	
756	-48.925440	28.260507	
757	-48.266870	28.256398	
758	-47.617604	28.047491	
759	-47.760443	28.442008	
760	-47.881014	28.848027	
761	-46.751188	28.572323	
762	-46.549450	28.436839	
763	-45.164441	28.259915	
764	-43.819759	28.190809	
765	-47.389044	28.723242	
766	-47.754723	28.860666	
767	-46.965151	27.793287	
768	-45.918376	28.760454	
769	-45.886811	28.470124	
770	-45.286521	28.145265	
771	-44.691767	28.283465	
772	-44.977599	28.445910	
773	-44.259832	28.493731	
774	-44.398316	28.606867	
775	-45.084318	28.118984	
776	-44.194493	28.065586	
777	-43.541877	28.553114	
778	-44.801901	28.280978	
779	-43.570103	28.773717	
780	-42.711043	28.946318	
781	-42.424369	28.311540	
782	-41.797995	28.496585	
783	-41.927955	28.120002	
784	-41.411332	27.926924	
785	-41.278507	27.841749	
786	-41.139943	27.787901	
787	-40.904049	28.434614	
788	-40.657102	28.484606	
789	-40.583782	28.073256	
790	-39.509622	28.992625	
791	-42.472226	22.420414	
792	-39.945220	26.516464	
793	-41.243992	27.515790	
794	-39.892668	27.658768	
795	-39.764954	26.732012	
796	-41.032437	24.672482	
797	-39.073171	27.201062	
798	-38.181891	28.158410	
799	-38.145512	28.335438	
800	-39.366948	25.834820	
801	-39.247890	25.797267	
802	-40.275650	26.024293	
803	-40.192302	24.785859	
804	-40.161142	25.468488	
805	-40.221709	25.688769	
806	-38.933547	26.013423	
807	-38.280199	26.388508	
808	-37.929089	26.484102	
809	-37.810842	26.674504	
810	-37.224493	26.774044	
811	-37.150504	26.815184	
812	-37.956278	27.010428	
813	-36.965677	26.832723	
814	-36.741936	26.590184	
815	-37.533782	27.142164	
816	-36.710094	27.280257	
817	-37.340544	27.681916	
818	-36.634509	27.551369	
819	-36.649960	27.686121	
820	-35.611761	27.952754	
821	-35.875935	27.844090	
822	-36.987055	27.556842	
823	-35.619788	27.912182	
824	-35.282508	28.020928	
825	-34.947764	28.243930	
826	-35.485345	28.708162	
827	-35.718947	28.676596	
828	-35.061593	29.031781	
829	-35.300397	28.258785	
830	-34.343054	28.711331	
831	-34.044336	28.950193	
832	-34.113476	29.072496	
833	-34.274589	29.151569	
834	-34.441940	29.299644	
835	-33.353600	28.966750	
836	-32.970553	28.813605	
837	-32.728279	28.808721	
838	-32.122792	28.903646	
839	-30.817936	29.089438	
840	-33.431014	28.514530	
841	-35.416791	27.555085	
842	-35.145886	27.365069	
843	-35.788357	27.809341	
844	-33.340149	27.659991	
845	-31.097856	28.740675	
846	-33.697747	28.326467	
847	-27.377121	30.326088	
848	-27.136180	29.965615	
849	-33.280068	27.542195	
850	-26.561603	29.786406	
851	-28.212130	30.406365	
852	-33.364446	27.732076	
853	-28.322358	30.590548	
854	-27.820520	30.294587	
855	-27.365592	29.936584	
856	-33.004421	28.035041	
857	-31.763373	28.781787	
858	-32.466017	28.284528	
859	-31.953766	28.472005	
860	-31.750543	28.700086	
861	-27.693093	29.892815	
862	-27.983716	29.690709	
863	-27.912657	29.896488	
864	-32.944111	26.819595	
865	-33.242019	27.472484	
866	-33.675640	27.246645	
867	-29.805969	28.736202	
868	-28.449404	29.072726	
869	-33.142222	26.646262	
870	-33.363660	27.011447	
871	-32.293083	27.529825	
872	-31.662553	27.526910	
873	-33.212295	27.099676	
874	-33.488322	26.850922	
875	-33.842737	26.842865	
876	-30.471170	27.333535	
877	-32.413508	27.114006	
878	-33.594832	28.026633	
879	-31.089722	27.472058	
880	-30.418672	26.991006	
881	-30.967981	27.175461	
882	-30.956633	27.184431	
883	-30.630685	27.053116	
884	-31.699501	27.296469	
885	-32.041111	27.342346	
886	-31.997858	27.331590	
887	-31.205257	27.193809	
888	-33.094803	26.078405	
889	-32.382158	26.432745	
890	-31.369731	26.973801	
891	-32.233466	26.834637	
892	-33.870904	26.055517	
893	-28.917493	28.406299	
894	-28.171310	28.106598	
895	-32.554483	26.576625	
896	-31.806428	26.397070	
897	-32.570558	26.480158	
898	-28.815601	28.135089	
899	-29.588728	28.016604	
900	-32.767097	26.522393	
901	-35.263651	27.354481	
902	-34.828938	27.174659	
903	-34.173542	26.523372	
904	-34.616154	26.640101	
905	-34.920884	26.432128	
906	-34.188193	26.227344	
907	-34.174612	26.278403	
908	-36.474249	26.704686	
909	-34.189083	25.997824	
910	-35.204376	25.842936	
911	-32.216406	27.481723	
912	-36.125522	26.815269	
913	-36.602926	25.705308	
914	-36.211993	25.649295	
915	-35.968608	25.537449	
916	-35.598716	25.292165	
917	-34.939417	24.770721	
918	-36.072779	25.232484	
919	-36.001105	25.188727	
920	-38.043813	25.278544	
921	-37.652205	25.268810	
922	-37.107510	25.052190	
923	-37.290830	24.808246	
924	-36.831237	24.861546	
925	-37.387969	24.556318	
926	-39.456760	25.112931	
927	-38.722407	23.287237	
928	-38.938730	24.296340	
929	-39.454185	23.722927	
930	-37.503935	26.491161	
931	-38.538559	24.319342	
932	-39.010937	25.483152	
933	-37.920331	26.125403	
934	-38.988760	26.176538	
935	-37.399343	25.930723	
936	-39.330029	31.509116	
937	-41.651893	21.902640	
938	-39.631492	24.424573	
939	-39.255136	27.300147	
940	-39.318154	25.904964	
941	-39.964959	26.108442	
942	-40.338973	26.239375	
943	-39.721927	26.699083	
944	-40.603887	26.935505	
945	-41.355213	26.385680	
946	-40.891178	27.012511	
947	-40.951109	26.446690	
948	-41.020217	26.974484	
949	-41.397847	26.653218	
950	-42.468397	26.433611	
951	-42.419364	26.646778	
952	-42.127650	26.896791	
953	-42.048112	26.648706	
954	-41.991395	26.565573	
955	-42.488294	26.445972	
956	-43.472356	26.174588	
957	-43.955277	26.146406	
958	-43.282665	26.197271	
959	-43.735622	26.156683	
960	-43.715276	25.664255	
961	-43.755145	25.792148	
962	-43.973915	25.893340	
963	-44.265226	25.745101	
964	-44.077125	26.196825	
965	-44.091317	26.385943	
966	-44.878327	26.396860	
967	-44.681884	26.842103	
968	-44.491803	26.573097	
969	-44.465635	26.603556	
970	-44.937759	26.491274	
971	-45.132437	26.092242	
972	-45.947900	26.713623	
973	-46.427430	26.858863	
974	-46.651373	26.947475	
975	-46.626721	26.552999	
976	-46.754632	26.699351	
977	-46.849611	26.705451	
978	-47.420867	26.859175	
979	-47.510761	26.864169	
980	-47.420653	26.686565	
981	-46.430322	26.835787	
982	-47.637999	26.377835	
983	-47.784747	26.149064	
984	-47.841959	26.718258	
985	-48.503173	26.462347	
986	-48.403797	26.089838	
987	-48.488276	26.004357	
988	-48.562866	26.259542	
989	-47.990836	26.299754	
990	-47.793771	26.210111	
991	-47.805361	26.021145	
992	-47.782813	26.167193	
993	-47.573602	26.053261	
994	-48.263055	26.242805	
995	-48.144848	25.987012	
996	-47.921625	26.004567	
997	-48.169254	25.643540	
998	-48.351437	25.614231	
999	-48.422893	25.873568	
1000	-48.617140	25.853906	
1001	-48.619722	25.840281	
1002	-49.011938	26.014693	
1003	-48.782777	25.811798	
1004	-48.644515	25.786210	
1005	-48.672734	25.717707	
1006	-48.701957	25.432146	
1007	-47.895854	25.969896	
1008	-48.280593	25.924575	
1009	-47.997273	25.888486	
1010	-48.364631	25.905640	
1011	-48.544293	25.933588	
1012	-48.774143	25.939679	
1013	-48.468959	24.482444	
1014	-49.019876	24.580159	
1015	-48.132844	24.009684	
1016	-48.506469	24.787211	
1017	-48.382214	25.256140	
1018	-48.409875	25.154510	
1019	-48.772939	25.260774	
1020	-50.844923	25.718284	
1021	-50.306984	25.352260	
1022	-50.605231	25.494240	
1023	-50.903040	26.124851	
1024	-50.524264	25.606184	
1025	-51.251602	25.588757	
1026	-51.840216	25.733448	
1027	-51.561405	25.881337	
1028	-51.427549	25.874302	
1029	-51.580428	25.646405	
1030	-51.668214	25.689262	
1031	-51.830698	25.878374	
1032	-51.719425	25.662625	
1033	-51.451733	25.587394	
1034	-51.496215	25.635418	
1035	-51.504432	25.620232	
1036	-51.416067	25.765797	
1037	-51.635323	25.372611	
1038	-51.748263	25.366451	
1039	-51.822215	25.637697	
1040	-51.912737	25.534107	
1041	-52.281043	26.046319	
1042	-52.037618	25.605539	
1043	-52.458236	25.598107	
1044	-52.252395	25.783434	
1045	-52.373306	25.892327	
1046	-53.062394	26.068978	
1047	-53.338539	26.039977	
1048	-52.628269	25.934963	
1049	-53.478372	26.005416	
1050	-53.593807	26.069666	
1051	-52.738708	25.637303	
1052	-53.286220	26.124355	
1053	-52.824016	25.859514	
1054	-53.211698	26.116604	
1055	-53.004342	26.086930	
1056	-53.444537	26.305002	
1057	-53.300440	26.160099	
1058	-52.895579	26.196626	
1059	-53.334106	26.160576	
1060	-53.154611	26.167118	
1061	-53.143907	26.126636	
1062	-53.290303	26.195480	
1063	-53.998189	25.961505	
1064	-54.198668	26.069109	
1065	-54.674928	25.369111	
1066	-54.779707	25.425333	
1067	-53.125388	25.744743	
1068	-54.129530	25.451113	
1069	-53.378116	25.503161	
1070	-53.964451	25.300516	
1071	-54.713182	25.557132	
1072	-53.479433	26.080357	
1073	-53.214175	25.851544	
1074	-53.075967	26.139882	
1075	-54.847029	26.074327	
1076	-54.090983	25.839904	
1077	-53.233468	26.151630	
1078	-54.371674	26.108523	
1079	-54.664162	26.023627	
1080	-54.498262	26.175788	
1081	-54.048257	26.492606	
1082	-53.765609	26.580954	
1083	-53.430291	26.615464	
1084	-53.349005	26.636822	
1085	-53.641409	26.609110	
1086	-53.101909	26.355159	
1087	-54.205881	26.095333	
1088	-54.015429	26.803923	
1089	-54.248281	26.376901	
1090	-53.673199	26.678356	
1091	-54.007825	26.841810	
1092	-53.483110	26.577337	
1093	-54.226337	26.717515	
1094	-53.838882	26.278316	
1095	-53.338910	25.968561	
1096	-53.529359	26.156708	
1097	-53.397375	26.255279	
1098	-53.423790	26.180666	
1099	-53.427043	26.320200	
1100	-53.466766	26.388855	
1101	-53.529507	26.587388	
1102	-53.197402	26.273829	
1103	-53.918390	26.590423	
1104	-53.442711	26.364359	
1105	-53.229496	26.331297	
1106	-53.124918	26.179345	
1107	-53.702848	25.866376	
1108	-54.251365	25.773824	
1109	-54.340247	25.302560	
1110	-53.487074	25.905270	
1111	-53.421753	26.302527	
1112	-53.847704	26.476877	
1113	-54.112656	25.784853	
1114	-54.509696	25.740661	
1115	-53.274432	26.167476	
1116	-53.665990	25.629914	
1117	-52.733633	25.969305	
1118	-52.873252	26.220951	
1119	-52.661800	26.290793	
1120	-52.620822	26.161760	
1121	-52.687451	25.855995	
1122	-52.363464	26.094880	
1123	-52.090700	26.114558	
1124	-51.881598	25.851042	
1125	-51.826183	25.865547	
1126	-51.915772	25.914136	
1127	-51.379565	25.921792	
1128	-51.395593	25.543757	
1129	-51.482501	25.734368	
1130	-51.132667	25.460931	
1131	-51.175140	25.554966	
1132	-50.741012	25.654422	
1133	-51.003113	25.475759	
1134	-51.308558	25.567356	
1135	-50.455962	24.919711	
1136	-51.093661	24.815442	
1137	-51.005169	24.363514	
1138	-50.450404	24.534875	
1139	-50.071700	24.666150	
1140	-49.538468	25.149902	
1141	-49.679805	25.070826	
1142	-49.697019	25.340636	
1143	-50.172617	26.052697	
1144	-49.431444	25.533373	
1145	-49.435588	25.734374	
1146	-49.673826	25.926519	
1147	-49.245423	25.924134	
1148	-48.801279	25.646831	
1149	-48.472043	25.404441	
1150	-48.271534	25.521191	
1151	-47.895618	25.850308	
1152	-48.364964	25.527323	
1153	-48.063866	25.357841	
1154	-46.921365	25.514290	
1155	-46.943518	25.942548	
1156	-46.516969	25.767502	
1157	-46.285511	25.994050	
1158	-47.360386	25.491909	
1159	-47.257094	24.871101	
1160	-47.084602	24.422127	
1161	-46.566538	24.827008	
1162	-46.111505	24.862790	
1163	-45.597472	24.339805	
1164	-46.276322	27.943829	
1165	-45.837284	24.164102	
1166	-45.512666	24.568523	
1167	-44.747308	25.130063	
1168	-43.809179	24.976103	
1169	-44.370414	24.312015	
1170	-43.878877	23.958716	
1171	-43.540861	24.981103	
1172	-43.372702	24.969789	
1173	-43.058418	24.691460	
1174	-42.472952	25.006226	
1175	-43.002630	24.072528	
1176	-42.648984	24.749723	
1177	-42.312642	24.391248	
1178	-41.788936	24.602987	
1179	-41.583494	24.768813	
1180	-41.710277	24.655902	
1181	-42.024042	24.365246	
1182	-41.081409	24.974899	
1183	-42.806946	21.474645	
1184	-41.374728	24.043657	
1185	-42.134142	21.821562	
1186	-41.391670	23.465195	
1187	-40.016152	25.150002	
1188	-41.730072	21.969699	
1189	-40.753804	20.999152	
1190	-40.847837	21.700325	
1191	-40.387129	22.138970	
1192	-40.272895	21.619919	
1193	-40.187292	21.297813	
1194	-39.839625	21.664162	
1195	-39.237063	21.517425	
1196	-40.964308	22.079469	
1197	-39.808899	21.866373	
1198	-39.963553	22.142585	
1199	-39.801634	22.042779	
1200	-39.272846	22.235599	
1201	-38.767739	22.234028	
1202	-40.119704	22.325825	
1203	-38.480898	22.050442	
1204	-37.301277	22.023681	
1205	-37.338063	22.185830	
1206	-38.054878	22.212120	
1207	-37.852948	22.559178	
1208	-37.395269	23.013116	
1209	-38.227528	21.414266	
1210	-37.864199	21.729952	
1211	-32.138438	24.353715	
1212	-32.042153	24.099779	
1213	-36.545234	22.515814	
1214	-34.786552	22.626869	
1215	-36.912400	22.537939	
1216	-38.193918	22.360528	
1217	-35.757780	22.798750	
1218	-36.660410	22.385017	
1219	-36.925758	22.085034	
1220	-37.511453	21.058299	
1221	-37.929845	19.773913	
1222	-36.194161	21.042038	
1223	-36.643101	21.261689	
1224	-31.980904	23.935333	
1225	-31.130574	24.644649	
1226	-34.817051	22.574574	
1227	-30.253921	24.401530	
1228	-30.158634	24.623194	
1229	-36.102702	21.790718	
1230	-34.284330	22.858194	
1231	-32.561888	25.325979	
1232	-33.210170	23.729888	
1233	-31.691929	25.430178	
1234	-32.352889	25.429856	
1235	-32.322132	24.745428	
1236	-27.276608	25.964237	
1237	-29.282873	26.479054	
1238	-32.350370	23.089141	
1239	-32.685318	22.441372	
1240	-31.427686	24.269381	
1241	-29.007981	26.568620	
1242	-27.288093	27.267758	
1243	-27.656288	26.642854	
1244	-27.293456	26.138406	
1245	-26.913561	27.000203	
1246	-28.977046	25.604993	
1247	-29.644131	25.001443	
1248	-27.154706	28.236974	
1249	-30.399294	25.060813	
1250	-25.648661	26.854159	
1251	-28.065439	26.838958	
1252	-26.341913	27.653315	
1253	-26.170278	26.248618	
1254	-25.444321	27.405308	
1255	-24.673445	28.363296	
1256	-24.720902	28.085816	
1257	-24.971353	28.066975	
1258	-28.463407	26.181145	
1259	-25.173599	27.750368	
1260	-26.147154	26.811054	
1261	-26.270352	27.539363	
1262	-23.942470	28.785645	
1263	-22.965257	27.904107	
1264	-24.607018	28.633076	
1265	-23.267710	27.869573	
1266	-23.747778	28.473336	
1267	-24.136539	28.393391	
1268	-24.914936	28.299982	
1269	-23.730142	27.758819	
1270	-23.103659	27.839594	
1271	-22.430191	28.162991	
1272	-23.088058	28.108024	
1273	-23.551539	28.132674	
1274	-22.910082	28.223126	
1275	-23.001747	28.097494	
1276	-22.786862	27.809059	
1277	-24.012152	27.677608	
1278	-25.684178	26.104866	
1279	-23.781972	27.343664	
1280	-24.539667	26.997570	
1281	-24.812989	26.947174	
1282	-24.980315	26.048680	
1283	-24.541301	26.747708	
1284	-24.481259	26.743594	
1285	-23.660830	26.107713	
1286	-23.893915	26.399762	
1287	-24.637203	26.474799	
1288	-24.659467	26.618320	
1289	-24.687806	26.522141	
1290	-23.502116	27.289196	
1291	-23.426254	27.409670	
1292	-22.246251	27.440836	
1293	-22.614185	27.643099	
1294	-22.204926	27.656644	
1295	-22.175929	27.398428	
1296	-22.152868	27.323341	
1297	-22.516334	27.884018	
1298	-22.954847	27.694338	
1299	-23.195855	27.720402	
1300	-23.452622	27.855299	
1301	-23.471447	27.758522	
1302	-23.753374	27.640460	
1303	-23.849474	27.644583	
1304	-24.239792	27.560155	
1305	-24.382747	27.390909	
1306	-24.364477	27.355532	
1307	-24.652418	27.475632	
1308	-25.195878	26.978995	
1309	-25.474735	26.783523	
1310	-25.339079	27.301265	
1311	-24.680554	27.104363	
1312	-26.956371	26.939617	
1313	-27.345977	26.900384	
1314	-27.449079	27.004812	
1315	-27.456541	26.911647	
1316	-27.767434	26.841160	
1317	-26.461375	27.296519	
1318	-28.105452	25.833039	
1319	-27.909496	26.163967	
1320	-27.078822	27.731965	
1321	-27.258272	27.826429	
1322	-26.969850	27.379461	
1323	-27.255865	27.671723	
1324	-26.896781	27.708127	
1325	-26.856527	27.303739	
1326	-26.555778	27.447174	
1327	-25.985087	27.770920	
1328	-25.805440	27.574243	
1329	-25.992144	27.573811	
1330	-26.372943	27.516919	
1331	-26.487704	27.499807	
1332	-26.510501	27.334058	
1333	-26.688527	27.286883	
1334	-26.878396	27.196128	
1335	-27.589196	26.585810	
1336	-26.695045	26.686849	
1337	-27.116090	26.830355	
1338	-27.297697	26.545651	
1339	-27.558044	26.858540	
1340	-27.417151	26.912899	
1341	-27.564000	27.090543	
1342	-27.454268	26.590693	
1343	-27.387854	26.419590	
1344	-27.671444	26.329839	
1345	-27.892532	26.126709	
1346	-28.185979	26.347378	
1347	-28.092770	26.234322	
1348	-30.043945	24.716855	
1349	-30.357066	24.269850	
1350	-30.280631	25.032860	
1351	-30.898952	24.474250	
1352	-30.495948	24.545795	
1353	-31.058505	24.403890	
1354	-31.165834	23.790680	
1355	-30.291583	25.425604	
1356	-29.373803	26.126163	
1357	-32.893820	23.625319	
1358	-33.175692	24.068869	
1359	-35.100744	21.506035	
1360	-33.014819	24.934488	
1361	-33.805926	23.392788	
1362	-33.782936	24.217472	
1363	-34.540988	22.035324	
1364	-33.927412	22.288902	
1365	-35.018991	21.955766	
1366	-33.831689	22.846373	
1367	-35.210366	21.166812	
1368	-34.829357	21.887857	
1369	-35.516544	20.807927	
1370	-35.175220	21.993954	
1371	-34.924921	21.725359	
1372	-36.426746	21.397470	
1373	-35.714697	21.307017	
1374	-35.434064	21.235012	
1375	-36.150765	21.558360	
1376	-35.719477	21.677042	
1377	-36.045344	21.743037	
1378	-36.612680	21.261972	
1379	-36.744316	21.366107	
1380	-37.031902	21.182584	
1381	-37.111309	21.535780	
1382	-36.806309	21.411932	
1383	-37.144091	21.525789	
1384	-37.555609	20.976603	
1385	-38.083080	20.212224	
1386	-37.724852	20.769558	
1387	-39.640408	21.118715	
1388	-39.514753	20.995604	
1389	-39.538910	21.032413	
1390	-39.233131	20.975804	
1391	-40.660733	19.980931	
1392	-40.569129	20.589742	
1393	-40.922648	20.341540	
1394	-42.196633	19.260877	
1395	-43.282938	19.581624	
1396	-43.760101	19.820234	
1397	-43.396040	19.940740	
1398	-43.224640	20.156748	
1399	-43.296358	20.046961	
1400	-42.306430	22.808220	
1401	-42.720829	23.358845	
1402	-43.761900	22.940945	
1403	-42.011607	23.252609	
1404	-42.923224	23.644615	
1405	-41.285833	24.144789	
1406	-41.846700	24.858791	
1407	-42.744335	24.241583	
1408	-42.367602	24.408015	
1409	-44.038190	23.535536	
1410	-43.815026	23.728004	
1411	-43.707007	24.191676	
1412	-43.852824	23.856131	
1413	-43.923735	23.841934	
1414	-44.514395	23.806949	
1415	-44.618067	23.413733	
1416	-43.921560	24.575663	
1417	-44.624362	24.030517	
1418	-44.811001	23.741336	
1419	-46.250976	24.025984	
1420	-45.613107	24.813041	
1421	-45.990264	25.167610	
1422	-46.411812	25.002085	
1423	-46.678702	24.783701	
1424	-46.108322	24.299146	
1425	-47.031028	23.935532	
1426	-47.862308	24.148386	
1427	-47.958935	23.754047	
1428	-48.277719	23.571371	
1429	-48.603577	23.908381	
1430	-47.840667	23.977865	
1431	-47.767899	23.874526	
1432	-48.110973	23.821915	
1433	-48.292436	23.759498	
1434	-48.586047	23.840179	
1435	-48.801965	24.280891	
1436	-48.795366	24.267720	
1437	-49.665427	24.276845	
1438	-48.239716	24.185648	
1439	-49.047147	24.114568	
1440	-49.349614	24.142521	
1441	-48.914647	24.033599	
1442	-49.262065	23.961073	
1443	-49.977887	23.870742	
1444	-50.210316	24.445565	
1445	-50.498958	24.721797	
1446	-49.669444	24.894231	
1447	-50.374353	23.940821	
1448	-50.577284	24.688505	
1449	-51.675187	24.576670	
1450	-52.384987	24.281533	
1451	-52.072703	24.756735	
1452	-52.137086	24.898372	
1453	-53.044785	24.723335	
1454	-54.361355	25.307418	
1455	-54.390744	25.299118	
1456	-51.326187	26.642128	
1457	-53.709139	25.859628	
1458	-55.649698	24.905490	
1459	-55.165474	24.971052	
1460	-55.189927	25.216656	
1461	-55.192565	25.236875	
1462	-55.103342	25.102004	
1463	-55.462467	25.120284	
1464	-56.047033	24.898734	
1465	-56.012876	24.771583	
1466	-55.826412	25.181687	
1467	-56.030070	25.010791	
1468	-56.058818	25.202202	
1469	-56.094238	25.577531	
1470	-55.771394	25.246939	
1471	-55.692857	25.151104	
1472	-55.871448	25.865889	
1473	-56.011221	25.490935	
1474	-56.145420	25.689638	
1475	-55.790137	25.641469	
1476	-55.994403	25.721361	
1477	-56.039620	26.065506	
1478	-56.507807	26.164603	
1479	-56.289257	26.305703	
1480	-56.582061	26.466421	
1481	-55.849296	26.330650	
1482	-55.391896	26.170463	
1483	-55.381736	26.190533	
1484	-55.251472	26.681890	
1485	-55.243099	26.796696	
1486	-57.114867	26.695122	
1487	-56.995548	26.576299	
1488	-56.375899	26.636948	
1489	-56.927919	26.468567	
1490	-56.961351	26.234358	
1491	-57.657973	26.485101	
1492	-58.571159	26.089020	
1493	-57.403685	26.162268	
1494	-58.299094	26.265579	
1495	-57.731422	26.337434	
1496	-57.147101	26.580808	
1497	-58.396919	26.132970	
1498	-57.686745	26.097135	
1499	-57.522172	26.530796	
1500	-57.514967	26.520340	
1501	-57.410516	26.362017	
1502	-57.647701	26.375729	
1503	-57.810816	26.501090	
1504	-57.967645	26.528020	
1505	-57.607942	26.551811	
1506	-57.431979	27.151309	
1507	-57.344392	27.040065	
1508	-57.387410	26.814637	
1509	-57.321729	27.113078	
1510	-57.503390	27.365812	
1511	-57.572857	27.124112	
1512	-57.461607	27.285163	
1513	-57.354379	27.470358	
1514	-57.487188	27.261094	
1515	-57.617409	27.285476	
1516	-57.421259	27.301188	
1517	-57.240788	27.506125	
1518	-57.583622	27.572038	
1519	-57.654495	27.609821	
1520	-57.482018	27.515989	
1521	-57.282775	27.488626	
1522	-57.379089	27.361719	
1523	-57.191366	27.420656	
1524	-57.352467	27.534033	
1525	-57.642932	27.359974	
1526	-57.108032	27.530769	
1527	-57.405299	27.856498	
1528	-57.287024	27.324284	
1529	-57.339150	27.054507	
1530	-56.994682	27.416830	
1531	-57.258710	27.378964	
1532	-57.431484	27.410706	
1533	-57.646951	27.498178	
1534	-57.286121	27.598630	
1535	-57.504336	27.353968	
1536	-57.541058	27.507094	
1537	-57.213154	27.742158	
1538	-57.022679	27.376519	
1539	-56.727192	27.691272	
1540	-57.182585	27.678626	
1541	-57.195260	27.647473	
1542	-57.206743	27.522316	
1543	-57.324378	27.481662	
1544	-57.055100	27.581662	
1545	-57.106935	27.488413	
1546	-56.914946	27.748490	
1547	-56.799419	27.727634	
1548	-56.868679	27.509884	
1549	-56.691106	27.175599	
1550	-56.433907	27.604189	
1551	-56.716624	27.731593	
1552	-56.528236	27.680538	
1553	-56.700837	27.586806	
1554	-56.387706	27.643582	
1555	-56.865625	27.788148	
1556	-56.715836	27.813642	
1557	-57.181734	27.990686	
1558	-57.045424	27.970305	
1559	-57.051346	27.789102	
1560	-56.862992	27.603153	
1561	-56.834470	27.473098	
1562	-56.466483	27.491963	
1563	-57.827931	27.729265	
1564	-57.133642	27.183633	
1565	-57.333570	27.073226	
1566	-57.548357	27.366823	
1567	-57.374435	27.162424	
1568	-56.789160	26.861560	
1569	-56.381754	26.759261	
1570	-56.424732	26.640061	
1571	-56.142348	27.250890	
1572	-57.035807	27.338940	
1573	-56.739219	27.224775	
1574	-56.351508	27.663901	
1575	-56.483785	27.595098	
1576	-56.467351	27.513318	
1577	-56.339521	27.684628	
1578	-56.593655	27.743467	
1579	-56.522304	27.711372	
1580	-56.729375	27.175505	
1581	-56.683747	26.703306	
1582	-56.486430	26.446888	
1583	-56.659227	26.326869	
1584	-56.742384	26.184451	
1585	-56.885331	26.365971	
1586	-56.756703	26.626800	
1587	-56.508464	26.249138	
1588	-56.817683	26.993881	
1589	-57.236380	27.281746	
1590	-57.188112	27.213891	
1591	-56.761612	27.342273	
1592	-57.460522	27.472301	
1593	-57.691822	27.558736	
1594	-57.697804	27.714114	
1595	-57.739968	27.870792	
1596	-57.828030	27.334371	
1597	-57.575315	26.820097	
1598	-57.482021	26.738808	
1599	-57.638564	26.876260	
1600	-57.876001	26.468615	
1601	-57.632506	27.042886	
1602	-57.238354	27.099065	
1603	-57.967871	27.224829	
1604	-58.461066	27.355339	
1605	-58.433055	27.507427	
1606	-58.573062	27.581755	
1607	-58.007842	27.562694	
1608	-57.760249	27.400602	
1609	-57.866369	27.368629	
1610	-57.948712	27.134650	
1611	-57.939313	27.267337	
1612	-58.343718	27.494006	
1613	-58.542977	27.150545	
1614	-58.998236	27.374913	
1615	-58.429505	27.661104	
1616	-58.654897	27.279792	
1617	-58.205756	26.999338	
1618	-57.839891	27.210819	
1619	-58.167900	27.226173	
1620	-58.265180	26.903525	
1621	-58.325345	26.925668	
1622	-57.893714	27.009865	
1623	-57.853631	26.792126	
1624	-57.765291	26.939057	
1625	-57.845208	26.692350	
1626	-58.906797	27.249680	
1627	-59.415783	27.421301	
1628	-59.004051	27.287570	
1629	-58.949008	27.046416	
1630	-58.809843	26.696989	
1631	-58.849083	26.818453	
1632	-58.856373	26.684099	
1633	-58.874322	26.883581	
1634	-58.921290	26.882707	
1635	-59.806642	27.074633	
1636	-59.726556	27.008076	
1637	-59.065164	26.863759	
