Athlete_Engineering	// User ID
11-2-2021	// Evaluation date
P008_SQUAT	27-1-2021	13:30:58:202	// Source file name and timestamp
250.000	// Sampling rate
10.069	// Data capture period



Sample #	Right_Leg_Flexion	Right_Leg_Abduction	
0	-68.703604	7.088610	
1	-69.744442	10.261421	
2	-69.889179	11.301399	
3	-69.494909	9.510342	
4	-68.421079	7.238429	
5	-68.181019	4.856401	
6	-68.427691	1.942111	
7	-68.782782	1.670690	
8	-68.170055	0.095822	
9	-67.037824	-1.034031	
10	-67.605107	0.316419	
11	-66.785318	-1.688600	
12	-66.763046	-1.546139	
13	-67.116917	-0.862799	
14	-66.659372	-1.635023	
15	-66.744182	-1.864609	
16	-67.354283	-2.240617	
17	-67.559379	-2.694844	
18	-67.036946	-1.931402	
19	-67.150443	-2.296983	
20	-66.586758	-2.401979	
21	-66.365519	-3.068919	
22	-65.885411	-4.286017	
23	-65.545417	-4.197244	
24	-65.841061	-3.726807	
25	-65.774201	-3.482770	
26	-65.952670	-3.500336	
27	-65.460688	-3.689985	
28	-65.204273	-5.158905	
29	-65.487061	-5.458077	
30	-65.131481	-4.709240	
31	-67.329798	-1.925319	
32	-66.248867	-3.521487	
33	-66.998871	-3.924291	
34	-67.044719	-0.567696	
35	-65.509576	-2.608805	
36	-66.806556	-3.559433	
37	-65.118177	-3.265467	
38	-65.112146	-3.412076	
39	-66.938173	-3.927843	
40	-66.682677	-3.956094	
41	-65.247663	-2.908465	
42	-65.683336	-3.150089	
43	-66.046868	-3.192705	
44	-66.217136	-2.618158	
45	-66.052783	-3.640252	
46	-65.863958	-3.329542	
47	-65.602663	-2.844553	
48	-66.145510	-1.530056	
49	-66.166112	-1.739142	
50	-65.769386	-2.339778	
51	-65.858446	-3.199208	
52	-66.297637	-1.440071	
53	-65.786789	-0.680789	
54	-65.329299	-2.619123	
55	-65.845311	-1.553014	
56	-65.965950	-1.454786	
57	-66.017055	1.538299	
58	-66.185894	4.585902	
59	-66.096517	4.758814	
60	-65.742382	7.237196	
61	-66.063159	9.367540	
62	-66.415867	10.623776	
63	-66.323571	11.731776	
64	-66.279890	8.894023	
65	-65.919458	8.425424	
66	-65.758513	9.867326	
67	-66.094279	10.630144	
68	-65.887116	10.162320	
69	-65.499497	8.785850	
70	-65.938558	9.341864	
71	-65.625828	6.668396	
72	-65.620226	7.881585	
73	-65.445584	9.760201	
74	-65.225546	9.482668	
75	-65.589777	11.277582	
76	-65.332063	10.851763	
77	-65.302932	10.246998	
78	-65.364482	10.246134	
79	-64.554724	0.218267	
80	-64.121531	-7.609436	
81	-64.508523	-6.409879	
82	-64.642557	-9.028258	
83	-64.595575	-6.623674	
84	-63.402033	-2.426486	
85	-67.142624	-12.736328	
86	-67.533056	-13.780943	
87	-63.492816	-5.520733	
88	-63.951006	-6.911633	
89	-63.870150	-5.528470	
90	-64.067798	-6.145675	
91	-63.778368	-6.093977	
92	-63.266075	-5.633116	
93	-63.925759	-6.442897	
94	-64.320968	-6.205608	
95	-64.296277	-5.367488	
96	-64.052813	-6.900549	
97	-64.172917	-6.489256	
98	-64.055881	-5.545704	
99	-63.582255	-7.858408	
100	-64.174602	-7.329799	
101	-64.158935	-6.531304	
102	-63.617752	-6.052416	
103	-63.011348	-6.111195	
104	-63.473780	-6.758870	
105	-63.739091	-6.266382	
106	-64.001999	-4.390247	
107	-63.770626	-5.967712	
108	-63.566096	-7.458009	
109	-63.574572	-7.101765	
110	-63.458957	-8.995543	
111	-63.976963	-5.514314	
112	-63.515829	-4.537722	
113	-63.140781	-6.393206	
114	-63.473762	-5.467354	
115	-63.222477	-9.591010	
116	-62.998717	0.470416	
117	-63.049256	9.567356	
118	-63.110688	8.224998	
119	-63.480145	9.748314	
120	-63.194125	9.962157	
121	-63.144152	9.928343	
122	-63.165584	9.554649	
123	-62.986298	10.130863	
124	-62.542968	9.798181	
125	-62.394521	9.361658	
126	-62.985166	9.503704	
127	-62.672328	8.104760	
128	-63.917639	8.446796	
129	-66.033367	11.031757	
130	-65.032969	11.200567	
131	-63.198387	7.573802	
132	-62.953072	7.289558	
133	-63.674175	7.933143	
134	-63.075846	5.743352	
135	-62.243353	2.897319	
136	-62.179509	0.973918	
137	-61.917324	0.710770	
138	-61.760621	1.791800	
139	-63.945473	2.576345	
140	-62.873757	3.522305	
141	-62.662194	4.691285	
142	-63.275951	2.078377	
143	-63.564549	5.027787	
144	-63.372817	5.501450	
145	-62.677066	3.379970	
146	-64.817135	4.408112	
147	-63.313508	3.067145	
148	-61.572366	2.547967	
149	-62.928094	5.999348	
150	-64.321923	5.132641	
151	-64.311187	5.045943	
152	-63.002894	4.347095	
153	-62.544575	3.775091	
154	-63.713755	3.630162	
155	-63.935080	2.190873	
156	-63.078377	3.029323	
157	-61.641105	3.535545	
158	-63.550727	0.836327	
159	-64.100563	-7.123098	
160	-63.035611	-2.616724	
161	-64.296138	-4.336932	
162	-64.269390	-6.600137	
163	-63.754379	0.144856	
164	-64.088344	1.865411	
165	-64.840235	0.198158	
166	-62.759607	0.353464	
167	-63.077643	0.158595	
168	-64.950442	-3.396933	
169	-64.523693	-9.135805	
170	-64.919573	-14.544048	
171	-64.924997	-15.263501	
172	-64.972419	-16.483105	
173	-63.973621	-16.411230	
174	-63.833358	-17.555075	
175	-64.083964	-18.234036	
176	-64.171196	-16.800004	
177	-64.692789	-17.176820	
178	-63.574666	-16.184781	
179	-64.606559	-18.956790	
180	-62.050535	-10.055109	
181	-61.756224	-5.597383	
182	-62.008215	-6.409841	
183	-62.264535	4.203092	
184	-57.500402	-1.258372	
185	-57.213280	-1.757308	
186	-61.344790	7.556764	
187	-59.328305	4.089387	
188	-63.044205	7.186678	
189	-63.180215	8.191019	
190	-62.837132	9.913072	
191	-62.508096	9.683759	
192	-62.790923	10.484450	
193	-62.236637	8.667357	
194	-59.135962	5.980304	
195	-59.329828	7.795524	
196	-60.202641	9.324503	
197	-47.175100	-9.198192	
198	-47.070862	-10.263254	
199	-47.145912	-10.453465	
200	-58.754623	13.827122	
201	-59.378179	14.025472	
202	-59.316522	11.652410	
203	-59.974330	13.201841	
204	-56.986813	7.751804	
205	-56.195696	4.090646	
206	-58.022033	7.987359	
207	-58.234007	7.996336	
208	-60.978833	8.040396	
209	NaN	NaN	
210	-59.152205	8.750185	
211	-58.922689	7.817988	
212	-59.401555	7.088128	
213	-59.617387	7.947662	
214	-59.782824	7.991366	
215	-58.197783	9.334261	
216	-58.390414	11.736370	
217	-58.870378	10.155418	
218	-57.644840	9.387793	
219	-56.831561	7.786222	
220	-56.673300	6.610333	
221	-56.832945	6.004868	
222	-57.055114	4.290067	
223	-57.995204	3.644262	
224	-58.204512	2.125744	
225	-58.312128	5.156427	
226	-58.802599	9.696671	
227	-57.551511	6.179074	
228	-57.306504	6.706467	
229	-57.522507	10.996906	
230	-56.786888	9.509325	
231	-55.675556	8.228686	
232	-55.166114	7.094535	
233	-55.601073	7.136775	
234	-56.090222	4.363184	
235	-55.655478	3.178797	
236	-54.839358	8.561123	
237	-54.934478	9.955646	
238	-55.319908	9.038474	
239	-41.483760	-10.184918	
240	-40.655985	-9.722341	
241	-54.434323	10.614411	
242	-54.711104	11.391951	
243	-54.272434	9.694956	
244	-53.396938	8.093101	
245	-52.460896	8.440016	
246	-51.754788	3.145456	
247	-51.564150	2.766148	
248	-51.469147	6.514022	
249	-51.698035	9.590242	
250	-51.930497	10.945063	
251	-51.706497	7.960677	
252	-51.839348	8.162526	
253	-51.790427	5.636607	
254	-52.875952	3.959865	
255	-51.666710	3.534489	
256	-50.957843	2.500904	
257	-51.246712	5.700846	
258	-50.474742	6.118196	
259	-50.203836	8.026334	
260	-50.206620	7.695611	
261	-50.334474	9.013957	
262	-49.263912	8.300386	
263	-49.142909	8.242586	
264	-49.967960	10.557825	
265	-49.701062	8.955430	
266	-49.354117	-0.252377	
267	-49.100125	1.807908	
268	-50.615227	13.252758	
269	-49.259638	4.849399	
270	-48.671837	-0.506633	
271	-49.325915	0.525979	
272	-49.910596	3.580141	
273	-49.837762	4.105176	
274	-49.391293	-1.367286	
275	-49.566093	3.078173	
276	-49.605822	2.238196	
277	-49.477688	3.508418	
278	-49.518830	0.208922	
279	-49.319739	6.595623	
280	-49.664982	9.165400	
281	-49.143449	3.055776	
282	-49.044172	4.143107	
283	-49.127264	4.838637	
284	-49.009716	1.078777	
285	-51.793286	7.530124	
286	-50.718746	7.691671	
287	-49.835092	-0.012285	
288	-50.670592	5.629156	
289	-50.303241	6.660516	
290	-50.315749	6.506843	
291	-50.511915	5.303578	
292	-51.515753	5.529983	
293	-51.785144	5.904721	
294	-51.920104	10.747102	
295	-52.321708	13.740749	
296	-53.334519	13.708450	
297	-53.424209	12.478211	
298	-52.614902	11.828364	
299	-52.471848	9.642481	
300	-52.040675	7.781567	
301	-51.631519	9.378609	
302	-51.808183	10.028479	
303	-51.677997	9.354664	
304	-51.967823	7.437663	
305	-52.563440	7.015402	
306	-52.762302	5.870313	
307	-52.802529	5.552401	
308	-52.114810	7.221572	
309	-53.280746	7.827954	
310	-53.314467	3.768455	
311	-53.388066	4.320065	
312	-54.450762	8.002441	
313	-53.434431	7.692180	
314	-53.190622	4.102586	
315	-53.463085	3.417601	
316	-53.464315	5.730700	
317	-53.259445	5.181899	
318	-52.993479	5.026226	
319	-53.203916	8.315884	
320	-54.050615	10.601697	
321	-54.591833	10.776344	
322	-54.870157	9.755252	
323	-54.277696	7.922153	
324	-54.696736	6.532857	
325	-55.523057	9.007764	
326	-56.299979	12.570421	
327	-56.429230	9.654565	
328	-55.347133	8.021508	
329	-55.323807	2.146605	
330	-54.883502	1.117525	
331	-54.721232	6.235180	
332	-55.963516	6.520732	
333	-56.862967	6.045638	
334	-57.529649	9.179568	
335	-58.177753	8.468448	
336	-58.656417	5.868417	
337	-58.422424	8.116983	
338	-57.537548	8.348520	
339	-57.164743	7.251647	
340	-58.083255	7.145914	
341	-59.581454	8.602302	
342	-59.549300	6.694622	
343	-59.444235	5.419922	
344	-60.271773	8.549902	
345	-60.680312	8.261116	
346	-60.723166	8.596503	
347	-60.817211	8.366450	
348	-61.327746	11.200061	
349	-61.321264	11.466694	
350	-60.961769	8.227294	
351	-61.665975	11.830516	
352	-62.032638	14.188426	
353	-62.228944	12.843903	
354	-61.669934	9.407774	
355	-62.166354	5.267752	
356	-62.478791	4.622566	
357	-61.863544	7.659453	
358	-61.547814	5.126275	
359	-60.868035	2.089272	
360	-61.302211	2.384714	
361	-61.080669	1.097770	
362	-61.274701	0.290278	
363	-59.162609	1.104037	
364	-58.621495	0.317067	
365	-62.055206	-1.165221	
366	-62.095289	-4.815271	
367	-61.200264	-3.508433	
368	-60.924956	0.271597	
369	-61.657005	1.725349	
370	-61.930425	9.350881	
371	-60.791108	9.883275	
372	-60.161136	7.497881	
373	-60.599158	9.689326	
374	-61.043271	9.015823	
375	-61.135584	7.564497	
376	-61.380816	6.337566	
377	-61.617732	6.315801	
378	-61.215400	5.987346	
379	-60.951598	6.056015	
380	-61.257541	6.092216	
381	-60.562404	3.960649	
382	-62.521580	6.766161	
383	-63.680134	8.860230	
384	-61.921843	8.178229	
385	-63.276113	9.711987	
386	-64.034520	8.735842	
387	-63.412536	7.110438	
388	-64.020332	3.984170	
389	-63.582368	-1.172002	
390	-62.772487	-4.529213	
391	-62.950521	-5.373260	
392	-62.867526	-5.282880	
393	-62.516343	-4.208860	
394	-62.256202	-4.134419	
395	-62.421197	-3.904776	
396	-62.542954	-3.116629	
397	-62.030701	-2.808604	
398	-61.731487	-3.633210	
399	-62.629305	-5.684124	
400	-63.460920	-6.553531	
401	-62.530779	-6.699904	
402	-63.249449	-12.105374	
403	-63.267660	-18.972802	
404	-63.709504	-14.456514	
405	-57.144072	-6.744487	
406	-56.123777	-2.650985	
407	-64.056875	2.749085	
408	-62.601883	7.978249	
409	-61.745628	6.854714	
410	-62.042936	8.079356	
411	-62.043377	8.848762	
412	-61.279979	6.432048	
413	-61.834881	7.843156	
414	-62.466486	5.896723	
415	-62.472213	5.514263	
416	-62.096623	3.147190	
417	-62.392385	-3.536652	
418	-61.067942	-0.723104	
419	-61.183104	-6.211516	
420	-62.234105	-3.591497	
421	-63.057661	8.153828	
422	-62.566067	7.210605	
423	-61.385262	4.214959	
424	-61.564155	2.630967	
425	-61.164609	1.659880	
426	-61.539589	4.356141	
427	-61.121448	3.303385	
428	-62.261929	2.354864	
429	-62.060670	2.565918	
430	-61.565990	1.393454	
431	-63.287330	5.207500	
432	-60.153622	-0.586872	
433	-57.564289	-3.020256	
434	-57.365779	-3.378684	
435	-60.475489	-1.787849	
436	-63.432708	1.247579	
437	-63.151506	-2.786520	
438	-64.036385	-1.939769	
439	-62.541939	-1.060679	
440	-61.328123	-1.962853	
441	-62.715721	1.315876	
442	-61.771059	0.577289	
443	-60.541834	-0.017599	
444	-60.956638	3.067187	
445	-60.445226	2.687059	
446	-60.153860	2.124070	
447	-59.282906	0.365667	
448	-59.005787	0.667900	
449	-59.006347	-0.590928	
450	-57.901464	-2.146111	
451	-57.491083	1.230174	
452	-57.831530	-2.485470	
453	-57.931045	-6.565789	
454	-57.963923	-6.497835	
455	-58.402358	-5.589958	
456	-58.599474	-5.000402	
457	-58.942115	-5.064792	
458	-59.049481	-2.416682	
459	-59.192322	-2.727115	
460	-59.068831	-3.643943	
461	-58.646518	-0.208879	
462	-58.923630	2.111577	
463	-58.975379	1.926272	
464	-58.953786	2.833785	
465	-59.131984	3.229238	
466	-59.490188	3.754355	
467	-59.532508	5.327178	
468	-59.157241	5.489068	
469	-60.234933	6.775331	
470	-60.594614	7.430125	
471	-59.978764	6.762577	
472	-60.460166	6.926272	
473	-59.892260	6.393322	
474	-61.345370	6.828373	
475	-62.644857	6.966290	
476	-62.360306	5.258998	
477	-63.168153	7.131467	
478	-62.867122	8.321968	
479	-64.843591	7.138029	
480	-66.247194	9.827297	
481	-66.301655	5.924003	
482	-64.856594	-1.692810	
483	-62.493665	-3.938100	
484	-63.164244	0.031029	
485	-62.491706	1.798478	
486	-61.828491	-0.892316	
487	-62.012279	-1.016710	
488	-62.273952	-2.976566	
489	-62.656192	-5.368101	
490	-62.172596	-6.729255	
491	-61.559800	-4.893651	
492	-61.098482	-5.080300	
493	-61.572942	-6.317208	
494	-61.577330	-6.532680	
495	-62.027896	-7.836378	
496	-62.685331	-9.308284	
497	-63.176941	-9.760722	
498	-63.774709	-9.111754	
499	-62.962286	-9.472825	
500	-62.911390	-6.644444	
501	-62.979201	-5.541766	
502	-62.942751	-6.923064	
503	-62.891135	-6.176352	
504	-62.798935	-5.698948	
505	-62.923867	-7.191930	
506	-63.396038	-7.926799	
507	-63.317855	-7.368785	
508	-63.352759	-6.794032	
509	-63.506679	-8.022302	
510	-64.266755	-11.721741	
511	-64.955159	-6.081468	
512	-64.545649	-7.749810	
513	-64.901622	-18.205464	
514	-64.024715	-16.835043	
515	-64.240667	-18.293738	
516	-64.700467	-24.308894	
517	-64.088073	-23.411568	
518	-62.737887	-19.353514	
519	-62.950410	-19.176020	
520	-64.091462	-18.314105	
521	-62.341441	-16.154824	
522	-62.580344	-14.524329	
523	-63.544476	-13.298050	
524	-61.846696	-7.487546	
525	-62.173767	-4.014046	
526	-62.098834	-3.284240	
527	-61.425766	-1.996700	
528	-60.946474	-2.984548	
529	-60.395819	-5.389304	
530	-60.980314	-1.662395	
531	-60.543698	-0.635182	
532	-60.400218	-0.450439	
533	-60.424870	0.995143	
534	-59.966189	1.281963	
535	-60.411194	0.593831	
536	-60.506870	0.841043	
537	-59.543159	2.612584	
538	-59.669080	2.954956	
539	-60.539387	2.981763	
540	-58.444592	3.741495	
541	-59.147337	5.343341	
542	-60.808820	6.847779	
543	-60.176800	5.301968	
544	-61.663927	3.321535	
545	-61.886126	3.885558	
546	-62.008227	4.873435	
547	-62.921152	1.706167	
548	-62.216769	-1.734313	
549	-63.728749	10.989422	
550	-63.543687	13.006750	
551	-62.615948	7.258424	
552	-63.118313	10.031981	
553	-61.828422	9.801732	
554	-62.829717	11.074367	
555	-61.724454	10.165558	
556	-60.486940	8.851850	
557	-62.325265	7.992628	
558	-62.126701	5.442122	
559	-61.137082	4.833208	
560	-60.826243	3.032152	
561	-62.247528	3.591321	
562	-63.699698	5.091911	
563	-63.550835	5.816254	
564	-63.481620	7.288970	
565	-62.527271	4.556947	
566	-62.124361	3.004089	
567	-61.452382	0.166549	
568	-59.509158	-2.951088	
569	-61.581943	-1.225363	
570	-63.095425	-2.961874	
571	-62.047778	-5.685926	
572	-61.379320	-2.953376	
573	-61.503331	-0.818187	
574	-61.106455	-2.623991	
575	-60.776616	-3.780008	
576	-61.988274	-3.193729	
577	-61.240346	-4.377679	
578	-60.846477	-5.167098	
579	-61.421943	-4.448009	
580	-60.606201	-4.543381	
581	-62.676776	-4.114390	
582	-62.420707	-3.428575	
583	-60.476111	-0.890240	
584	-61.409522	0.406945	
585	-60.993365	-1.662762	
586	-60.488109	-3.457265	
587	-61.056775	-3.294369	
588	-61.412313	-1.183539	
589	-61.744764	-1.464826	
590	-61.655703	-1.513705	
591	-61.062053	-1.516657	
592	-61.887393	-2.998629	
593	-61.854946	-0.233904	
594	-61.547023	-1.448955	
595	-62.087480	-4.138679	
596	-61.378079	-3.842560	
597	-63.033603	-1.417253	
598	-62.510752	-1.808394	
599	-62.476478	-0.992104	
600	-62.092956	-0.632518	
601	-59.993818	-3.798496	
602	-60.809256	-2.993843	
603	-60.048670	-3.280782	
604	-60.242216	-3.623547	
605	-60.724527	-2.413398	
606	-60.275035	-1.951309	
607	-62.040923	0.786989	
608	-61.646164	1.444248	
609	-59.207625	-0.484540	
610	-62.341203	3.109115	
611	-61.685109	4.735774	
612	-59.934135	2.759765	
613	-62.453929	3.316478	
614	-62.483357	5.649719	
615	-61.216623	4.801264	
616	-61.801843	4.135867	
617	-61.214524	1.932976	
618	-59.672955	1.063839	
619	-60.400454	2.098830	
620	-60.906579	0.835939	
621	-59.817432	0.063652	
622	-60.324969	0.122573	
623	-61.166046	0.935658	
624	-61.149188	3.186503	
625	-60.644847	2.262095	
626	-60.196007	1.334505	
627	-60.067228	2.299307	
628	-59.668355	1.693670	
629	-60.699660	2.687870	
630	-61.890381	4.330969	
631	-61.161145	6.119953	
632	-61.405073	6.489010	
633	-61.734374	6.288805	
634	-60.742905	7.617699	
635	-60.666972	7.846917	
636	-61.640905	9.578116	
637	-61.522152	6.768992	
638	-61.144211	4.647229	
639	-62.191377	5.709731	
640	-61.586107	3.919537	
641	-56.260990	-3.027701	
642	-58.886616	-1.634308	
643	-62.250955	1.623684	
644	-58.980507	-2.894227	
645	-60.295114	-0.936791	
646	-61.530001	-0.529250	
647	-59.398500	-3.163866	
648	-58.807758	-4.028813	
649	-60.256638	-4.676260	
650	-59.607096	-5.257793	
651	-61.106437	-5.157356	
652	-61.618198	-3.905004	
653	-60.316967	-3.772863	
654	-60.058020	-5.621727	
655	-60.249719	-4.897398	
656	-60.103101	-4.510340	
657	-59.367294	-5.312014	
658	-59.070381	-5.367096	
659	-59.194902	-5.074104	
660	-59.126912	-5.385531	
661	-58.292148	-5.257666	
662	-57.882412	-5.300128	
663	-59.373682	-3.632909	
664	-59.947919	-3.035169	
665	-59.472875	-2.097132	
666	-59.591941	-0.545501	
667	-59.292360	-1.740292	
668	-57.915381	-1.666005	
669	-56.380862	0.228446	
670	-55.838615	0.132511	
671	-54.990859	-0.281715	
672	-54.753974	0.817317	
673	-55.675578	2.753778	
674	-54.577921	4.403427	
675	-52.651386	2.753126	
676	-53.692200	1.984721	
677	-53.059839	2.570188	
678	-51.085993	-0.291897	
679	-50.654833	-1.707255	
680	-51.052674	0.407065	
681	-50.804148	2.257925	
682	-49.620769	1.591802	
683	-49.895634	1.959050	
684	-48.765024	2.141595	
685	-47.901230	2.352605	
686	-47.654097	3.112642	
687	-47.549117	2.338943	
688	-48.025551	3.846504	
689	-46.875547	4.284025	
690	-46.375335	3.971855	
691	-46.522906	5.381370	
692	-45.535966	5.560256	
693	-44.718624	4.936047	
694	-45.175252	5.684180	
695	-44.294583	5.119853	
696	-43.339419	6.790171	
697	-43.090839	9.257602	
698	-42.327224	7.317221	
699	-42.311928	6.789608	
700	-41.741823	7.674344	
701	-40.956043	6.916004	
702	-40.720665	6.288455	
703	-40.053575	6.787473	
704	-39.193867	7.903298	
705	-38.537263	7.040240	
706	-38.674879	6.782057	
707	-39.369046	8.010005	
708	-38.505480	9.802139	
709	-36.253151	7.804233	
710	-35.503953	4.788730	
711	-34.829299	6.384877	
712	-34.069329	6.771371	
713	-34.775120	7.851267	
714	-34.210035	8.030756	
715	-33.182402	6.374297	
716	-32.562963	6.638453	
717	-32.136601	7.170549	
718	-31.283429	5.912167	
719	-30.711856	4.671552	
720	-30.948876	5.975019	
721	-30.521417	5.642420	
722	-29.959829	5.142940	
723	-29.005871	5.781285	
724	-29.084165	6.019819	
725	-27.923964	5.581778	
726	-26.827902	4.828242	
727	-27.468055	4.591920	
728	-26.892351	4.464520	
729	-26.780096	6.520396	
730	-26.728857	8.323520	
731	-25.707812	8.685134	
732	-25.637678	8.098690	
733	-25.448963	8.839720	
734	-24.917974	8.165690	
735	-24.270381	8.241400	
736	-23.649584	9.639149	
737	-23.067073	9.399965	
738	-22.351013	9.226561	
739	-22.259448	7.597116	
740	-22.492765	6.397578	
741	-22.011495	7.040192	
742	-20.880348	7.635890	
743	-19.721137	8.102154	
744	-19.064156	7.526986	
745	-18.954824	6.641065	
746	-18.162928	7.955648	
747	-17.176304	9.292587	
748	-16.799947	9.040928	
749	-15.946066	9.334608	
750	-15.545331	10.557969	
751	-14.795470	9.601814	
752	-13.819696	9.312115	
753	-14.154743	10.029741	
754	-12.655922	9.475938	
755	-10.501016	8.923734	
756	-9.671433	8.308295	
757	-9.343823	8.852947	
758	-9.015537	9.839643	
759	-8.315539	11.398070	
760	-7.654083	10.198150	
761	-6.475594	8.285117	
762	-6.012744	9.288277	
763	-5.578205	11.300329	
764	-4.555748	13.366062	
765	-4.048349	13.068674	
766	-3.768631	12.704734	
767	-2.366619	12.576146	
768	-1.583923	13.008973	
769	-1.332340	13.308134	
770	-0.889995	14.411149	
771	-0.061722	12.885620	
772	1.037977	13.053598	
773	1.188455	13.947112	
774	1.746812	13.883969	
775	2.051971	15.811049	
776	1.964541	16.246189	
777	2.125268	15.361205	
778	4.846351	14.484371	
779	6.984823	15.143943	
780	4.786754	14.120456	
781	5.369984	15.644585	
782	5.970800	17.849537	
783	6.379269	16.354024	
784	8.148209	18.005295	
785	8.410869	17.048991	
786	9.311332	14.067593	
787	9.568075	16.912351	
788	10.213529	17.395468	
789	10.583557	16.106069	
790	11.379313	15.757133	
791	12.490449	16.872493	
792	13.288984	17.607052	
793	13.222814	17.879425	
794	13.733110	19.035914	
795	14.714005	18.538148	
796	14.845540	18.373074	
797	15.136392	19.341182	
798	18.216423	18.755309	
799	19.165384	21.136465	
800	19.809459	23.781057	
801	21.413236	23.779003	
802	21.289055	24.140627	
803	20.543002	24.517481	
804	19.250414	21.627701	
805	19.853965	19.980077	
806	20.301194	20.219310	
807	21.124593	18.947730	
808	21.860125	22.195584	
809	22.754082	23.735174	
810	22.514954	22.240632	
811	23.469548	26.515035	
812	24.391569	24.979990	
813	24.441769	23.847592	
814	24.907212	25.255694	
815	24.978894	22.922517	
816	25.148742	25.324349	
817	25.533451	28.123274	
818	26.323669	26.946462	
819	27.971621	24.900493	
820	27.797233	22.999643	
821	26.164374	20.695171	
822	27.014411	21.821164	
823	26.691700	22.042171	
824	26.332158	21.336943	
825	27.120552	23.230234	
826	27.896668	23.778495	
827	27.952505	23.348135	
828	28.297466	24.721178	
829	27.882924	24.854346	
830	27.595569	22.742424	
831	30.840243	23.030670	
832	30.834172	25.679046	
833	28.193412	23.920266	
834	29.618997	24.013110	
835	30.890652	25.143693	
836	31.233304	24.327730	
837	32.282315	25.593567	
838	31.634564	25.202040	
839	30.213551	25.193139	
840	29.236506	25.282782	
841	29.686224	24.486805	
842	29.912916	24.457639	
843	30.255897	25.324751	
844	31.191622	25.644829	
845	30.286033	24.665081	
846	30.436875	24.152070	
847	30.545526	24.396614	
848	30.871147	24.975537	
849	31.517783	26.053622	
850	30.703622	26.993728	
851	32.344868	26.611848	
852	34.482755	26.386819	
853	35.725344	26.735603	
854	34.862558	25.303434	
855	34.809816	23.779436	
856	35.115530	25.803796	
857	33.746895	26.397961	
858	35.118567	26.075994	
859	34.878525	25.359071	
860	35.173906	27.772087	
861	34.378969	29.631980	
862	32.615774	30.888965	
863	33.242040	33.534695	
864	33.272179	34.116015	
865	34.239783	34.502461	
866	33.486985	31.598621	
867	33.651739	32.327355	
868	33.648764	33.092390	
869	33.934340	30.706194	
870	34.313110	32.176546	
871	34.169116	29.430559	
872	34.610502	27.127957	
873	33.984854	27.488382	
874	34.644698	27.138527	
875	34.679822	27.004399	
876	35.071504	28.479858	
877	33.715357	27.615944	
878	33.487095	25.483897	
879	34.216889	26.342125	
880	33.189605	26.674407	
881	32.620035	25.827349	
882	32.757602	27.146727	
883	32.829022	29.226079	
884	31.861228	28.570447	
885	33.869661	29.662561	
886	33.822672	29.899427	
887	32.529682	31.412213	
888	33.790635	32.332079	
889	33.265807	29.699329	
890	33.012276	29.573560	
891	32.916063	27.886845	
892	32.968094	26.237282	
893	32.511969	26.910076	
894	32.071157	27.861606	
895	32.710699	25.840259	
896	33.137964	26.286968	
897	32.615770	29.264331	
898	31.994909	27.524734	
899	31.552087	26.601227	
900	29.681873	24.460240	
901	29.912812	24.945060	
902	30.921471	28.109494	
903	30.711122	27.933130	
904	30.247608	28.061356	
905	28.732933	26.163393	
906	29.077377	24.623571	
907	29.333757	25.055165	
908	28.395673	25.161372	
909	28.205373	25.167988	
910	29.634528	28.362298	
911	27.997111	27.150230	
912	26.238336	23.472213	
913	27.762011	26.120043	
914	27.554534	23.844646	
915	26.460684	22.277304	
916	26.242018	23.828174	
917	26.236797	25.230541	
918	27.554945	27.147010	
919	27.245499	24.153960	
920	24.921601	20.927795	
921	25.262238	24.412120	
922	25.465335	25.718844	
923	24.704846	23.585255	
924	25.634203	23.667999	
925	24.988045	21.165717	
926	24.684422	20.490658	
927	25.234415	21.841850	
928	24.507627	21.750041	
929	24.188590	20.178403	
930	23.102132	17.327204	
931	23.367272	20.139660	
932	24.428451	21.876186	
933	21.822824	19.643105	
934	21.754923	20.314890	
935	21.400984	19.544696	
936	18.959415	18.861410	
937	19.371873	17.278437	
938	18.867801	18.006795	
939	17.792678	18.806680	
940	18.173703	19.368677	
941	18.464822	18.096165	
942	17.399035	17.608164	
943	16.941416	18.203192	
944	16.429163	16.886442	
945	16.527183	17.818491	
946	16.313621	18.592703	
947	14.931674	18.007989	
948	15.100144	17.476586	
949	14.493052	16.730198	
950	12.275949	15.274203	
951	11.221592	15.409937	
952	11.441679	15.126379	
953	10.525738	14.932338	
954	9.703160	15.496453	
955	10.231961	15.697912	
956	9.894060	16.136373	
957	9.427854	16.780275	
958	9.176847	15.369980	
959	7.481359	14.666234	
960	7.218764	16.383636	
961	7.187171	15.539111	
962	4.591041	14.681570	
963	3.536050	15.966038	
964	4.076671	14.597316	
965	2.329838	15.710528	
966	0.385750	16.564476	
967	0.640064	14.710152	
968	1.863733	13.751636	
969	0.300236	13.569935	
970	-1.428757	13.993511	
971	-0.787904	12.527540	
972	-1.580573	12.284402	
973	-1.614643	13.543804	
974	-1.867862	13.470369	
975	-3.544560	13.307845	
976	-3.178040	12.730006	
977	-4.864525	14.012242	
978	-5.977233	13.774448	
979	-5.839940	11.897826	
980	-7.112002	13.668337	
981	-8.229573	14.330429	
982	-8.774723	12.021810	
983	-8.525538	11.986017	
984	-10.077531	13.084651	
985	-11.059935	12.808418	
986	-11.704135	11.915524	
987	-12.316770	13.123350	
988	-13.112255	13.532030	
989	-13.928173	11.807283	
990	-14.154972	12.327315	
991	-14.821287	12.559953	
992	-15.943392	13.304640	
993	-17.314253	11.882793	
994	-18.090619	11.434013	
995	-18.496218	11.953715	
996	-19.393733	12.748554	
997	-20.102166	11.530877	
998	-21.321103	9.021521	
999	-22.385798	10.566633	
1000	-22.505376	11.291126	
1001	-23.338183	10.416254	
1002	-24.816669	12.185307	
1003	-26.159068	14.557939	
1004	-26.181188	11.961194	
1005	-27.039358	12.549000	
1006	-28.594050	13.609410	
1007	-28.439032	10.031600	
1008	-29.666437	12.980166	
1009	-30.245997	12.778104	
1010	-30.127670	9.281174	
1011	-31.572021	11.388579	
1012	-31.334108	10.152715	
1013	-32.460191	10.693428	
1014	-33.786907	8.882216	
1015	-35.030714	13.035174	
1016	-36.891448	15.264332	
1017	-37.226395	11.568973	
1018	-36.837846	9.440188	
1019	-38.537228	10.437118	
1020	-39.858943	11.282164	
1021	-40.689897	10.509468	
1022	-40.632507	13.194805	
1023	-41.204576	11.764585	
1024	-42.126098	6.727495	
1025	-42.481177	8.061830	
1026	-43.044173	7.154924	
1027	-44.212013	7.191813	
1028	-44.211359	6.241585	
1029	-44.795138	5.557138	
1030	-46.210253	3.816226	
1031	-45.968730	8.616915	
1032	-46.763569	7.037506	
1033	-48.099806	3.417025	
1034	-49.213309	8.040889	
1035	-49.074476	7.036452	
1036	-50.161447	6.176885	
1037	-50.846579	3.079407	
1038	-51.406983	3.456391	
1039	-52.301836	4.809204	
1040	-52.873977	4.403397	
1041	-53.296641	2.673999	
1042	-53.197121	1.404299	
1043	-54.012875	1.608161	
1044	-55.043157	1.757340	
1045	-55.522872	1.621693	
1046	-56.670252	3.025623	
1047	-56.979721	3.861879	
1048	-56.755332	4.141856	
1049	-57.575715	5.285254	
1050	-57.011204	4.095206	
1051	-57.267684	1.325557	
1052	-58.777964	-0.250897	
1053	-59.168694	1.479271	
1054	-59.926321	3.170151	
1055	-59.917448	1.410148	
1056	-59.489313	1.759183	
1057	-59.823723	1.442379	
1058	-59.991475	2.025031	
1059	-60.418310	2.569771	
1060	-59.762107	1.022423	
1061	-59.745959	0.907053	
1062	-60.477308	-0.415932	
1063	-60.446907	0.227699	
1064	-61.147809	1.522261	
1065	-62.260700	2.090785	
1066	-62.348225	0.743338	
1067	-62.170829	0.411551	
1068	-62.643702	1.111307	
1069	-63.049191	-1.283081	
1070	-63.057284	-0.765414	
1071	-62.980254	0.865289	
1072	-63.268135	0.193054	
1073	-63.126684	0.043424	
1074	-63.442036	1.027263	
1075	-64.188053	-0.025617	
1076	-64.238950	-0.307434	
1077	-64.202854	0.104205	
1078	-63.955296	0.455454	
1079	-64.029374	2.359209	
1080	-63.646439	1.813695	
1081	-63.343707	1.353118	
1082	-64.417732	1.961951	
1083	-64.239074	2.209249	
1084	-63.695717	1.596751	
1085	-64.055033	1.266542	
1086	-64.016884	0.114655	
1087	-65.425306	-0.301274	
1088	-65.042484	0.106452	
1089	-65.009939	-1.572678	
1090	-66.713657	-4.460424	
1091	-66.165678	-4.247379	
1092	-66.651753	-5.837980	
1093	-65.280864	-0.737841	
1094	-63.698096	1.408140	
1095	-63.015203	0.548457	
1096	-63.796712	0.201405	
1097	-64.619561	-0.332550	
1098	-64.339868	-0.971223	
1099	-63.177837	-1.023633	
1100	-62.023958	0.296724	
1101	-62.220193	3.983786	
1102	-62.417766	2.470238	
1103	-62.758462	-1.641576	
1104	-64.129888	1.504568	
1105	-63.839268	3.088787	
1106	-63.538699	1.416504	
1107	-64.534075	3.421000	
1108	-64.166078	1.059599	
1109	-64.226966	-0.862887	
1110	-64.222344	0.711907	
1111	-64.519022	-1.175733	
1112	-64.102514	0.798334	
1113	-64.280946	3.402574	
1114	-63.562520	3.221544	
1115	-62.499006	3.691662	
1116	-63.367147	4.838136	
1117	-63.679425	6.235010	
1118	-64.171378	8.089568	
1119	-64.571232	9.277295	
1120	-64.722649	9.464746	
1121	-65.034683	9.890351	
1122	-65.729353	11.117376	
1123	-64.429765	9.466694	
1124	-64.284047	9.399622	
1125	-65.911558	10.773192	
1126	-65.422279	11.416638	
1127	-65.396777	12.441474	
1128	-65.726265	12.451896	
1129	-65.742503	12.974257	
1130	-65.948226	12.010406	
1131	-66.051741	13.153896	
1132	-65.911962	12.669405	
1133	-66.263540	12.525556	
1134	-66.227652	13.205133	
1135	-65.721441	9.399770	
1136	-65.676054	11.085117	
1137	-65.587086	12.662633	
1138	-65.806010	9.853344	
1139	-65.652002	10.652557	
1140	-64.985016	10.629504	
1141	-65.614931	11.009524	
1142	-65.955380	11.713390	
1143	-65.054975	11.810543	
1144	-65.305503	11.275872	
1145	-65.550434	11.200075	
1146	-65.346199	11.611147	
1147	-65.262883	10.811137	
1148	-63.348831	7.500410	
1149	-62.066705	5.282637	
1150	-62.909629	5.121700	
1151	-62.275688	3.987759	
1152	-63.922541	3.423678	
1153	-65.122932	7.105859	
1154	-62.801947	6.512927	
1155	-63.041155	3.404072	
1156	-64.787680	4.768420	
1157	-62.899111	3.927872	
1158	-61.374613	1.905312	
1159	-63.005947	2.683668	
1160	-64.389650	1.902310	
1161	-64.026193	2.769026	
1162	-63.965037	3.351237	
1163	-63.776438	2.674838	
1164	-64.368460	2.375162	
1165	-64.590437	3.079168	
1166	-64.127636	3.607522	
1167	-65.123120	4.710029	
1168	-66.004689	5.903832	
1169	-66.910979	5.727400	
1170	-64.512309	3.832830	
1171	-64.828980	4.537370	
1172	-65.989972	4.417076	
1173	-65.482306	4.281090	
1174	-67.348731	5.809648	
1175	-67.341862	5.734105	
1176	-67.136286	7.668725	
1177	-67.606797	2.711778	
1178	-67.477088	16.033459	
1179	-67.163573	15.274631	
1180	-67.961036	2.694633	
1181	-67.286516	6.620956	
1182	-66.983442	4.527675	
1183	-66.969105	5.505633	
1184	-66.598654	4.692949	
1185	-66.729124	6.370071	
1186	-66.427771	6.120851	
1187	-66.150771	4.573941	
1188	-66.140976	3.586607	
1189	-65.542960	3.130807	
1190	-65.448067	3.774277	
1191	-66.635481	5.488033	
1192	-67.147968	3.332549	
1193	-65.756748	1.624625	
1194	-65.493946	4.060645	
1195	-65.832855	4.757938	
1196	-65.609687	2.396989	
1197	-65.137809	2.849289	
1198	-66.508274	8.028050	
1199	-65.586263	9.946200	
1200	-65.799826	9.726364	
1201	-66.286600	9.236928	
1202	-65.631303	9.236731	
1203	-67.181351	10.961153	
1204	-65.730689	9.355838	
1205	-64.243599	7.534348	
1206	-66.616006	9.794541	
1207	-64.070371	6.917996	
1208	-63.152556	5.224851	
1209	-64.348747	6.216403	
1210	-61.642731	3.604614	
1211	-61.794032	9.332303	
1212	-61.423736	12.408685	
1213	-62.251459	8.226012	
1214	-63.123012	6.952961	
1215	-63.523183	6.233654	
1216	-62.744357	4.762988	
1217	-63.081137	3.894683	
1218	-63.343337	4.054328	
1219	-63.220178	3.711946	
1220	-63.687081	1.701760	
1221	-63.972820	0.638040	
1222	-64.153123	-1.130534	
1223	-63.882723	-3.641834	
1224	-65.128484	-0.478335	
1225	-65.102458	1.754699	
1226	-64.494480	-0.267923	
1227	-65.237265	7.995776	
1228	-65.979745	9.870438	
1229	-66.283722	10.899140	
1230	-66.604236	10.591366	
1231	-66.390466	11.475770	
1232	-65.996587	13.191905	
1233	-66.276902	6.734310	
1234	-65.662328	7.529562	
1235	-66.211119	9.003559	
1236	-65.854032	8.168916	
1237	-65.458774	7.350257	
1238	-65.877849	8.015344	
1239	-66.462402	7.797723	
1240	-67.057971	8.511657	
1241	-66.318208	6.099190	
1242	-66.608579	5.592117	
1243	-67.382154	6.582851	
1244	-67.104132	5.910744	
1245	-66.805836	4.871868	
1246	-66.672707	4.738445	
1247	-66.417668	4.393299	
1248	-66.726325	4.348664	
1249	-66.062942	1.154176	
1250	-65.055626	-0.684585	
1251	-65.038879	0.429260	
1252	-65.161536	0.264457	
1253	-65.078315	0.452638	
1254	-64.684430	1.220682	
1255	-64.647658	1.659575	
1256	-64.784680	0.936191	
1257	-64.316095	1.162658	
1258	-64.387379	1.718198	
1259	-64.827764	1.139570	
1260	-65.011710	1.147539	
1261	-65.152130	3.260876	
1262	-64.504968	3.448455	
1263	-64.268109	5.869329	
1264	-64.805960	2.683956	
1265	-65.388217	0.978649	
1266	-65.856827	3.616417	
1267	-64.924763	2.228634	
1268	-64.431375	1.667083	
1269	-64.915183	2.724535	
1270	-64.687680	5.027766	
1271	-64.585869	4.485489	
1272	-64.425636	4.889207	
1273	-64.508654	4.923404	
1274	-64.645833	6.256693	
1275	-65.293378	5.599659	
1276	-65.474105	2.950895	
1277	-64.657018	3.838431	
1278	-65.010134	6.353189	
1279	-64.984542	6.356460	
1280	-64.698748	2.707317	
1281	-64.405570	4.742553	
1282	-64.016727	4.952040	
1283	-64.130613	2.589139	
1284	-63.672212	3.778112	
1285	-63.386984	3.483242	
1286	-62.578030	3.000605	
1287	-62.640502	2.239687	
1288	-63.487722	3.759457	
1289	-64.071715	4.955176	
1290	-63.206221	4.594915	
1291	-61.359889	4.551962	
1292	-61.719198	2.539800	
1293	-60.744949	1.998758	
1294	-59.477411	3.275534	
1295	-60.789784	3.659410	
1296	-60.915906	3.045609	
1297	-60.523210	2.011036	
1298	-60.100676	2.004102	
1299	-60.775008	0.590969	
1300	-60.910290	0.022451	
1301	-59.830971	0.326172	
1302	-58.328394	-0.753010	
1303	-57.980284	-0.108941	
1304	-58.616851	-0.070451	
1305	-57.716716	-1.046207	
1306	-57.286037	-0.948626	
1307	-56.781790	-0.237129	
1308	-56.699614	1.400204	
1309	-56.563890	3.703852	
1310	-56.682101	4.668549	
1311	-56.168338	3.385364	
1312	-54.588085	2.201634	
1313	-53.560018	2.365879	
1314	-53.202865	1.684048	
1315	-52.776152	1.887456	
1316	-52.453402	3.639375	
1317	-51.934225	3.988767	
1318	-51.147455	5.010712	
1319	-52.448171	7.450567	
1320	-52.949364	7.389203	
1321	-51.472996	5.744486	
1322	-50.959115	5.206357	
1323	-49.862051	5.188397	
1324	-48.347961	5.206508	
1325	-47.086005	4.990305	
1326	-47.136682	5.802346	
1327	-47.001234	6.142859	
1328	-45.693680	4.548823	
1329	-45.471795	4.870088	
1330	-44.098643	5.161961	
1331	-44.087705	5.911821	
1332	-44.601229	6.726436	
1333	-43.273002	6.678836	
1334	-42.173611	7.738981	
1335	-42.452037	7.984058	
1336	-42.788485	6.422661	
1337	-41.753516	7.670551	
1338	-41.422656	6.960635	
1339	-40.472018	3.809526	
1340	-40.036531	5.713111	
1341	-39.650182	6.160584	
1342	-38.801392	9.319173	
1343	-38.590608	11.040569	
1344	-38.622240	9.784718	
1345	-38.306873	8.596614	
1346	-36.612934	6.565579	
1347	-35.967750	7.473963	
1348	-36.748610	8.533627	
1349	-35.495491	7.159419	
1350	-34.206852	7.738085	
1351	-34.651707	12.148322	
1352	-33.919526	11.739921	
1353	-32.933627	8.712534	
1354	-32.310908	7.442198	
1355	-31.753021	7.575148	
1356	-31.475895	9.326743	
1357	-30.463694	11.567562	
1358	-29.556496	10.466833	
1359	-29.598843	8.270492	
1360	-28.794813	10.003414	
1361	-28.092391	11.478709	
1362	-26.872585	11.570819	
1363	-27.236561	12.930002	
1364	-27.046672	11.782118	
1365	-26.169898	9.859087	
1366	-24.589367	8.414539	
1367	-23.091111	8.166270	
1368	-24.362535	8.559111	
1369	-23.220320	6.843395	
1370	-22.055282	7.645616	
1371	-22.348939	9.953747	
1372	-22.235976	11.527655	
1373	-20.686280	10.216505	
1374	-20.118069	9.874538	
1375	-19.749911	9.904738	
1376	-18.421607	8.648848	
1377	-17.590304	8.894941	
1378	-16.820701	9.940754	
1379	-16.476899	10.582746	
1380	-15.848518	10.643663	
1381	-15.120290	11.644119	
1382	-15.188673	11.783412	
1383	-14.202435	9.431185	
1384	-12.729058	9.365428	
1385	-12.868191	9.130821	
1386	-11.948057	9.197835	
1387	-11.046839	7.806033	
1388	-10.302264	6.063192	
1389	-9.132805	8.655856	
1390	-8.586912	8.262247	
1391	-7.828385	8.858407	
1392	-6.927498	9.612778	
1393	-6.722557	7.781158	
1394	-6.022474	8.494719	
1395	-4.361384	7.695692	
1396	-3.741700	7.748246	
1397	-3.341673	7.630064	
1398	-2.149308	6.876624	
1399	-1.633149	7.911308	
1400	-0.656298	7.501602	
1401	0.475203	7.680660	
1402	0.719955	8.508798	
1403	1.045402	8.357946	
1404	2.212444	8.571741	
1405	3.616374	8.614372	
1406	4.407581	8.941542	
1407	4.931875	10.904563	
1408	5.776567	10.374295	
1409	7.062512	11.490254	
1410	7.165814	13.490698	
1411	7.647567	11.913148	
1412	8.314159	11.649914	
1413	8.571209	12.296156	
1414	9.280458	12.135321	
1415	9.819688	11.886148	
1416	11.560782	13.294496	
1417	12.704763	13.543297	
1418	12.816107	14.846949	
1419	12.757101	14.964157	
1420	13.109577	12.165073	
1421	14.161949	13.114436	
1422	14.453053	13.922423	
1423	14.675740	13.259418	
1424	15.373755	13.529129	
1425	15.322150	13.770824	
1426	15.670409	13.740701	
1427	16.502422	15.237261	
1428	16.553510	14.196397	
1429	18.464818	13.171627	
1430	18.507987	13.901986	
1431	17.348446	15.025804	
1432	18.825775	15.850611	
1433	19.199210	14.544851	
1434	19.452495	16.443016	
1435	19.086191	15.341740	
1436	19.002525	15.204478	
1437	19.017467	15.025782	
1438	20.480972	16.072262	
1439	22.005220	19.258983	
1440	21.695622	15.479249	
1441	22.034249	14.810257	
1442	21.952428	16.055210	
1443	22.728972	16.268364	
1444	23.048315	16.253063	
1445	23.200303	16.636172	
1446	24.086330	18.362294	
1447	24.575694	17.445864	
1448	24.690577	16.757017	
1449	24.847245	17.058313	
1450	26.106136	15.375228	
1451	26.726717	21.261174	
1452	26.039204	21.215461	
1453	26.473576	16.787980	
1454	26.853634	18.063513	
1455	26.281334	19.119162	
1456	26.210316	18.486975	
1457	27.308748	16.633991	
1458	28.491073	18.497254	
1459	28.817113	18.231641	
1460	27.837680	19.435381	
1461	29.597434	22.308893	
1462	31.839615	18.745328	
1463	30.163564	18.721123	
1464	34.234879	24.501109	
1465	31.913260	23.975767	
1466	30.318752	21.194855	
1467	31.704605	19.414541	
1468	28.616416	20.165457	
1469	28.865834	18.780512	
1470	29.289077	19.026729	
1471	30.195866	17.970607	
1472	29.490546	18.040583	
1473	30.882822	19.730590	
1474	31.534697	19.972362	
1475	30.219878	20.268105	
1476	30.930729	20.646906	
1477	29.089510	19.304453	
1478	29.942353	21.683181	
1479	32.758698	27.442236	
1480	32.670793	28.536766	
1481	31.682532	25.615703	
1482	31.564006	22.803024	
1483	32.616324	22.279618	
1484	30.666326	21.596854	
1485	32.612274	21.041109	
1486	33.311162	21.653188	
1487	31.916034	21.859443	
1488	33.646042	22.509093	
1489	34.243695	25.294858	
1490	32.248822	21.742283	
1491	30.701849	19.482567	
1492	32.754024	19.333481	
1493	34.962186	19.958305	
1494	32.325531	19.785205	
1495	31.574733	22.168828	
1496	31.802408	21.887742	
1497	31.120365	19.223117	
1498	31.594434	20.102707	
1499	33.102354	19.571555	
1500	33.497716	20.038825	
1501	31.574259	20.982692	
1502	32.062045	21.732929	
1503	32.063580	21.186682	
1504	33.710170	22.257654	
1505	33.343623	21.244180	
1506	30.828304	17.806616	
1507	33.863340	21.227417	
1508	33.043919	21.226534	
1509	29.113931	18.356883	
1510	30.096977	19.738705	
1511	32.081784	21.974964	
1512	33.471843	19.769653	
1513	32.262648	18.765014	
1514	31.306130	21.301952	
1515	31.452283	19.866293	
1516	30.610167	17.984031	
1517	31.074955	17.565747	
1518	30.933933	17.696742	
1519	32.504623	18.725629	
1520	35.703735	19.881193	
1521	33.058644	17.798569	
1522	32.023029	17.519622	
1523	31.410868	17.904980	
1524	29.360294	15.829309	
1525	30.454471	16.493165	
1526	30.740573	17.781337	
1527	29.614653	17.406738	
1528	29.447413	18.575992	
1529	30.019296	20.509737	
1530	29.822724	18.023911	
1531	29.506190	16.622594	
1532	29.826918	18.924230	
1533	29.617308	17.661126	
1534	31.437469	19.071745	
1535	31.435459	20.704955	
1536	27.380262	19.014588	
1537	29.160503	19.744967	
1538	29.252955	16.692967	
1539	26.691775	15.104363	
1540	26.313328	14.912417	
1541	27.224757	18.017767	
1542	25.488785	21.259255	
1543	24.236921	18.499135	
1544	24.554831	16.139492	
1545	23.841852	15.671676	
1546	24.025022	15.845530	
1547	23.728322	15.373420	
1548	23.313274	14.413062	
1549	22.529812	14.170601	
1550	25.510557	14.934839	
1551	23.963996	16.685647	
1552	21.285911	16.667897	
1553	22.135353	15.129180	
1554	21.135068	14.975107	
1555	21.381668	13.875324	
1556	20.927871	16.026865	
1557	20.397394	16.258765	
1558	19.501688	14.375230	
1559	19.363163	14.944663	
1560	19.444896	13.124358	
1561	19.153892	15.653591	
1562	20.277118	14.944054	
1563	21.504139	12.232020	
1564	19.284577	12.645093	
1565	19.263320	12.157427	
1566	19.065254	14.176122	
1567	16.738056	13.524332	
1568	15.926756	12.579429	
1569	15.617570	13.575711	
1570	15.825600	14.526250	
1571	14.480261	13.731800	
1572	16.065187	12.495416	
1573	14.851557	12.461842	
1574	15.495096	14.712780	
1575	16.041235	14.237929	
1576	11.861038	11.512998	
1577	11.976203	14.869564	
1578	10.763282	14.318493	
1579	10.279110	12.135921	
1580	9.318289	14.752874	
1581	8.124019	13.296605	
1582	7.733179	11.330441	
1583	6.329144	12.211284	
1584	5.606581	10.383903	
1585	5.813407	11.110368	
1586	6.437063	11.524028	
1587	3.490048	11.451827	
1588	2.644249	12.472564	
1589	2.545389	12.217725	
1590	1.480426	11.404843	
1591	2.473251	9.779047	
1592	1.385058	11.823625	
1593	0.453632	12.515153	
1594	-0.143556	9.863405	
1595	-0.160904	10.577591	
1596	-1.715006	12.285091	
1597	-1.670102	12.673006	
1598	-1.363777	12.449593	
1599	-3.732582	11.515038	
1600	-4.194178	9.787275	
1601	-4.546355	11.135200	
1602	-4.616885	10.119698	
1603	-5.500674	8.064604	
1604	-6.393039	10.652701	
1605	-7.118626	10.007193	
1606	-7.673808	9.413203	
1607	-8.211485	9.278465	
1608	-9.080542	8.101298	
1609	-9.255345	7.192158	
1610	-9.217768	9.020403	
1611	-10.026804	9.701294	
1612	-10.733671	8.017083	
1613	-11.553377	8.271096	
1614	-12.236583	8.703184	
1615	-12.915842	8.273820	
1616	-15.130502	6.413484	
1617	-14.947264	6.435490	
1618	-15.319066	6.566772	
1619	-16.225633	8.876699	
1620	-15.711922	9.392065	
1621	-17.861507	7.445717	
1622	-18.931047	6.913208	
1623	-19.207947	7.891186	
1624	-19.389338	7.737410	
1625	-19.288373	6.306134	
1626	-22.361103	9.867436	
1627	-22.703292	9.387558	
1628	-22.933332	8.332543	
1629	-25.530051	10.451646	
1630	-26.574635	8.770716	
1631	-27.355427	8.292316	
1632	-26.996631	8.473198	
1633	-27.718015	8.006409	
1634	-29.301176	8.739430	
1635	-29.789664	9.284852	
1636	-30.293782	8.949073	
1637	-29.706585	7.210049	
1638	-30.403122	8.214799	
1639	-32.726280	9.342483	
1640	-32.490546	7.856108	
1641	-32.464637	6.911166	
1642	-33.488814	6.152201	
1643	-34.398192	7.984067	
1644	-35.357789	8.580652	
1645	-35.649557	7.995069	
1646	-37.128097	8.920267	
1647	-37.340997	7.082360	
1648	-37.479133	6.667229	
1649	-38.732183	6.776588	
1650	-39.197159	7.636095	
1651	-40.998953	7.450351	
1652	-41.945827	7.990706	
1653	-42.246567	10.529691	
1654	-42.346809	10.762959	
1655	-41.959950	11.266549	
1656	-43.585481	7.524484	
1657	-45.732899	7.926471	
1658	-46.086575	10.836340	
1659	-46.599307	10.450952	
1660	-47.146170	10.857185	
1661	-46.910340	8.982332	
1662	-47.787925	6.541183	
1663	-49.545100	6.025564	
1664	-49.989828	6.908499	
1665	-49.534520	7.027883	
1666	-50.460011	7.171307	
1667	-50.633279	8.566133	
1668	-51.222948	8.513215	
1669	-52.806659	9.329092	
1670	-53.351498	9.449197	
1671	-54.577795	9.809796	
1672	-54.205620	7.935362	
1673	-54.065787	4.274401	
1674	-55.483357	6.752193	
1675	-56.191217	7.539713	
1676	-56.077094	6.617814	
1677	-56.604326	5.125386	
1678	-56.972267	4.641057	
1679	-56.964551	5.734254	
1680	-57.249910	5.836788	
1681	-57.174471	6.019993	
1682	-56.856440	6.268027	
1683	-56.916903	6.766742	
1684	-56.467177	5.644105	
1685	-57.116696	5.299914	
1686	-58.706069	7.377921	
1687	-58.598164	7.859856	
1688	-58.654330	7.600813	
1689	-59.107764	8.528678	
1690	-59.216270	8.309349	
1691	-57.656648	4.565009	
1692	-57.413550	3.033562	
1693	-58.309881	1.837829	
1694	-58.056508	0.791066	
1695	-58.117837	4.847689	
1696	-58.778278	6.728102	
1697	-58.600733	6.421110	
1698	-58.559631	6.576233	
1699	-59.036616	6.689779	
1700	-58.757725	5.035450	
1701	-58.838093	4.053141	
1702	-58.940157	3.842332	
1703	-58.968169	3.557039	
1704	-59.327934	4.796716	
1705	-59.661806	4.466966	
1706	-59.913368	3.145158	
1707	-61.526759	5.413654	
1708	-62.048091	6.203560	
1709	-61.648813	4.344127	
1710	-62.077862	4.287408	
1711	-62.210588	4.746200	
1712	-61.963364	5.025468	
1713	-62.109383	5.148187	
1714	-62.676113	5.169303	
1715	-63.039283	4.791649	
1716	-63.276290	4.414510	
1717	-63.838438	3.578615	
1718	-63.555494	3.731146	
1719	-63.307009	2.815721	
1720	-63.938493	0.823398	
1721	-63.140842	-0.422972	
1722	-63.135505	1.045196	
1723	-65.835520	5.043277	
1724	-65.936592	5.127978	
1725	-66.628857	5.486367	
1726	-65.466470	6.243367	
1727	-64.988596	3.066757	
1728	-67.850775	0.091782	
1729	-66.258653	2.268960	
1730	-64.619320	2.933513	
1731	-63.855202	2.017183	
1732	-64.603525	1.004973	
1733	-64.761050	1.466602	
1734	-64.886318	5.231266	
1735	-65.612787	5.217696	
1736	-65.274437	6.287259	
1737	-65.368176	6.128208	
1738	-65.730230	5.097898	
1739	-66.104693	6.961532	
1740	-66.743698	2.113053	
1741	-65.700604	3.672922	
1742	-64.402347	3.734660	
1743	-63.550934	-0.242252	
1744	-63.318382	2.086174	
1745	-63.388576	1.423111	
1746	-63.297782	2.222827	
1747	-63.415892	2.876814	
1748	-63.201263	3.746206	
1749	-63.203768	4.231521	
1750	-62.639498	6.041755	
1751	-62.954203	4.633982	
1752	-63.270215	-0.138097	
1753	-62.903909	-0.921141	
1754	-62.837606	1.629288	
1755	-63.501650	2.352325	
1756	-63.945538	0.894385	
1757	-63.402650	1.015328	
1758	-63.011298	0.000355	
1759	-64.177365	1.782494	
1760	-64.852871	3.976680	
1761	-63.919966	2.834265	
1762	-63.695035	2.388180	
1763	-63.817979	3.584482	
1764	-62.966543	1.805510	
1765	-63.496567	2.667376	
1766	-64.733495	3.662993	
1767	-64.659341	3.846668	
1768	-64.859612	4.054697	
1769	-64.673713	1.855286	
1770	-64.840514	2.262747	
1771	-64.544672	2.762289	
1772	-65.444031	3.884567	
1773	-66.551296	2.826503	
1774	-66.489101	4.273128	
1775	-66.365599	7.191157	
1776	-66.144631	6.236070	
1777	-66.359518	6.349073	
1778	-66.509297	7.471243	
1779	-66.679759	7.018050	
1780	-66.793686	7.643747	
1781	-67.487768	9.185055	
1782	-67.625014	8.362357	
1783	-67.094833	8.365872	
1784	-67.619679	10.126161	
1785	-67.966809	10.158426	
1786	-67.569899	8.450341	
1787	-66.712487	7.820385	
1788	-66.101297	6.967977	
1789	-66.843118	8.639185	
1790	-67.092209	9.157848	
1791	-66.672218	7.592711	
1792	-66.961188	9.237181	
1793	-66.496912	8.576924	
1794	-66.428084	6.920210	
1795	-67.596679	7.927166	
1796	-66.902032	7.009973	
1797	-66.644073	6.048393	
1798	-67.488594	5.234655	
1799	-66.602892	4.195644	
1800	-65.637192	4.689872	
1801	-65.608402	5.293405	
1802	-65.151585	6.113335	
1803	-64.664975	6.802655	
1804	-64.782816	6.547980	
1805	-64.905247	4.845316	
1806	-64.596427	3.505813	
1807	-65.268720	6.947217	
1808	-65.751161	8.410111	
1809	-65.113518	5.545363	
1810	-64.785067	5.334872	
1811	-65.447343	4.100546	
1812	-65.593612	1.161533	
1813	-65.845114	0.641076	
1814	-65.749225	0.435792	
1815	-66.767127	0.439498	
1816	-66.921415	0.339998	
1817	-66.814507	-3.024656	
1818	-68.011114	1.229195	
1819	-67.127934	1.719126	
1820	-66.537648	1.473925	
1821	-66.039646	6.761667	
1822	-66.625071	4.896161	
1823	-66.619200	3.286906	
1824	-66.722989	1.738165	
1825	-67.795978	5.350568	
1826	-66.092684	7.168404	
1827	-65.049143	6.124141	
1828	-65.351027	7.401143	
1829	-65.069794	6.887282	
1830	-65.430262	6.103215	
1831	-65.349825	6.067540	
1832	-65.132992	6.762571	
1833	-64.909824	7.012940	
1834	-64.507678	8.093026	
1835	-65.487838	7.572075	
1836	-65.477609	3.541981	
1837	-64.852952	3.614733	
1838	-64.852870	6.700947	
1839	-65.185693	6.592522	
1840	-65.540469	6.040613	
1841	-65.250453	4.065337	
1842	-64.544308	2.177959	
1843	-62.678893	2.690224	
1844	-64.205576	4.891207	
1845	-63.756757	7.111397	
1846	-62.712270	4.084185	
1847	-63.688239	3.619672	
1848	-63.874271	4.631027	
1849	-62.856625	4.879976	
1850	-63.547853	5.564524	
1851	-63.842401	4.819387	
1852	-63.281887	8.943034	
1853	-62.384625	9.539100	
1854	-60.699001	4.949309	
1855	-59.564739	4.272550	
1856	-59.162316	4.306449	
1857	-58.869030	3.140433	
1858	-58.634241	3.437351	
1859	-58.698048	4.105267	
1860	-60.316787	5.496120	
1861	-60.085426	5.984271	
1862	-58.061671	3.078051	
1863	-57.611715	4.347006	
1864	-57.740597	2.673037	
1865	-57.923643	0.833899	
1866	-56.922970	0.245458	
1867	-55.945988	-1.613156	
1868	-56.743206	0.557106	
1869	-57.246709	1.447793	
1870	-56.225496	0.836334	
1871	-55.965027	0.142012	
1872	-55.831808	3.547004	
1873	-55.118004	6.012346	
1874	-54.770223	5.941476	
1875	-53.984074	5.241405	
1876	-53.534167	3.789315	
1877	-53.189325	3.065435	
1878	-52.414031	1.967430	
1879	-52.033222	2.671309	
1880	-51.724293	3.552501	
1881	-50.920952	3.839533	
1882	-49.963103	4.074804	
1883	-49.432599	3.736340	
1884	-48.490333	3.365819	
1885	-47.882518	2.572805	
1886	-47.673754	1.888084	
1887	-47.608673	3.864254	
1888	-46.734562	4.861739	
1889	-46.580472	5.755690	
1890	-46.445752	7.472418	
1891	-44.623197	5.188336	
1892	-43.917675	4.637713	
1893	-42.868264	4.285428	
1894	-42.370487	6.126202	
1895	-42.464241	7.616678	
1896	-41.431501	5.873637	
1897	-40.682966	4.738639	
1898	-40.656673	4.548301	
1899	-39.414064	6.184722	
1900	-38.015574	5.607896	
1901	-38.499185	6.031102	
1902	-39.186498	8.463373	
1903	-39.342199	10.333680	
1904	-38.854185	10.247578	
1905	-37.166371	8.074201	
1906	-36.853203	5.850613	
1907	-35.981335	5.807281	
1908	-35.322698	7.133144	
1909	-35.500195	9.343045	
1910	-34.637972	8.769161	
1911	-33.401207	8.922214	
1912	-32.784603	7.605261	
1913	-32.450711	8.195807	
1914	-31.807699	9.666565	
1915	-32.174078	10.763610	
1916	-31.848987	11.152340	
1917	-30.071925	8.401087	
1918	-29.576505	10.676803	
1919	-30.032124	12.208080	
1920	-28.655689	10.870991	
1921	-28.559743	12.242487	
1922	-28.382091	11.893871	
1923	-27.268484	10.634785	
1924	-26.782558	11.934688	
1925	-25.591422	11.363713	
1926	-25.394388	11.849718	
1927	-24.323126	10.848264	
1928	-23.023995	8.390984	
1929	-22.396486	8.696771	
1930	-22.044885	8.307010	
1931	-21.238793	8.956663	
1932	-20.595913	8.867987	
1933	-19.968034	9.637339	
1934	-18.824149	8.388964	
1935	-18.761473	7.639074	
1936	-18.386968	9.722775	
1937	-16.978668	8.793022	
1938	-16.286610	8.450967	
1939	-16.013521	8.100414	
1940	-15.650289	7.886981	
1941	-15.353353	8.696140	
1942	-14.504983	7.914589	
1943	-13.363049	6.904014	
1944	-12.848770	6.666792	
1945	-12.657175	6.732814	
1946	-11.179218	7.853522	
1947	-11.552049	6.586962	
1948	-11.626991	7.038427	
1949	-9.801829	8.697750	
1950	-9.530443	7.179649	
1951	-8.695119	6.547254	
1952	-7.029818	6.743593	
1953	-6.833870	7.458888	
1954	-6.621773	8.293272	
1955	-5.590517	7.421643	
1956	-5.064200	6.729054	
1957	-4.501445	5.995596	
1958	-3.775450	5.324835	
1959	-4.443898	8.255340	
1960	-3.446323	7.864828	
1961	-2.039565	6.706533	
1962	-1.405771	7.324251	
1963	-0.271340	8.243915	
1964	0.095105	9.216115	
1965	0.570339	8.411711	
1966	1.644287	7.035506	
1967	2.437596	7.434762	
1968	2.230819	8.958878	
1969	2.524462	8.263511	
1970	3.541529	8.978670	
1971	4.185062	10.281657	
1972	4.675391	11.470546	
1973	4.959721	11.945570	
1974	5.894558	10.652565	
1975	7.315706	13.882969	
1976	8.210658	14.562345	
1977	8.267931	12.147359	
1978	8.655796	11.865719	
1979	9.241272	11.535868	
1980	9.867537	13.907481	
1981	9.424593	15.890993	
1982	8.858975	15.988995	
1983	9.984050	15.544679	
1984	10.227612	15.337884	
1985	10.954670	17.839940	
1986	10.912484	18.255936	
1987	11.526103	15.279658	
1988	13.614510	13.974038	
1989	13.104759	16.025940	
1990	13.015349	16.804804	
1991	13.743078	17.157305	
1992	13.800654	15.343960	
1993	15.200714	14.028469	
1994	15.921007	16.120414	
1995	15.583687	14.377729	
1996	15.564196	14.444308	
1997	16.991230	16.621125	
1998	16.458976	15.594962	
1999	16.522882	14.419992	
2000	18.072018	14.288684	
2001	18.917994	13.926679	
2002	19.528895	15.791970	
2003	19.685914	16.110988	
2004	21.134832	14.415913	
2005	20.737884	16.252608	
2006	19.727770	18.549760	
2007	20.970719	16.264170	
2008	22.572913	17.323631	
2009	22.876336	18.271666	
2010	23.221448	16.371854	
2011	24.378520	15.891297	
2012	24.773953	16.780894	
2013	24.277555	17.106360	
2014	24.902796	15.583513	
2015	25.854344	17.069482	
2016	26.271620	17.164664	
2017	25.357078	15.516254	
2018	28.652149	17.443590	
2019	29.579746	17.707689	
2020	26.261067	16.106172	
2021	27.503117	15.673622	
2022	28.181345	18.188520	
2023	27.546147	18.392330	
2024	27.649406	16.163155	
2025	28.196426	17.378062	
2026	28.388413	18.281141	
2027	30.167853	17.660942	
2028	31.678166	16.343023	
2029	31.498467	16.368066	
2030	32.768721	16.486011	
2031	30.174914	17.236835	
2032	27.256280	17.985544	
2033	31.501139	21.905701	
2034	32.544550	21.145331	
2035	29.688062	18.053781	
2036	29.916351	21.150211	
2037	29.538774	20.340776	
2038	31.145998	21.258086	
2039	31.885353	20.620573	
2040	30.929787	20.022574	
2041	31.114834	19.340192	
2042	30.477460	18.984397	
2043	29.771218	20.274524	
2044	29.882279	19.237299	
2045	30.021328	19.703962	
2046	30.492407	19.775653	
2047	30.670547	18.732749	
2048	30.911257	18.339780	
2049	32.094900	20.480545	
2050	31.784927	19.406005	
2051	31.466649	18.220095	
2052	32.114971	19.850800	
2053	32.041723	22.411499	
2054	31.417146	21.845280	
2055	30.978103	18.784379	
2056	30.954801	20.257917	
2057	30.385248	19.468440	
2058	30.320086	19.532450	
2059	31.049322	20.232653	
2060	30.903099	20.871333	
2061	31.012886	20.585205	
2062	31.204175	19.566648	
2063	30.774012	20.349859	
2064	30.556877	19.548702	
2065	31.641032	21.001823	
2066	32.749436	24.009339	
2067	32.363722	23.231374	
2068	32.043817	22.676699	
2069	31.606771	21.797934	
2070	30.982210	20.157332	
2071	31.043757	19.375155	
2072	31.048908	18.974182	
2073	31.268036	20.456574	
2074	35.055935	22.142300	
2075	34.592566	21.594149	
2076	34.743223	20.881421	
2077	35.105526	20.585406	
2078	30.970590	18.690255	
2079	31.511222	18.030625	
2080	30.753581	19.010820	
2081	29.392532	19.736606	
2082	32.166751	18.731143	
2083	31.250212	16.804381	
2084	31.404422	16.741383	
2085	32.439397	18.564078	
2086	30.682912	20.342851	
2087	30.776942	19.649777	
2088	31.971842	18.630244	
2089	31.134959	18.486008	
2090	29.104584	18.478909	
2091	30.481825	19.838180	
2092	30.853369	24.776066	
2093	30.412198	23.125323	
2094	32.516603	21.145825	
2095	30.510235	21.355556	
2096	29.656079	18.187985	
2097	29.038097	17.568122	
2098	27.109100	18.312390	
2099	27.159276	18.721051	
2100	27.170319	18.958664	
2101	30.085604	17.877281	
2102	28.646497	16.834525	
2103	25.391856	15.778215	
2104	25.437117	16.519574	
2105	25.656833	16.888319	
2106	26.136315	16.064351	
2107	25.788638	17.289178	
2108	25.283767	16.750587	
2109	24.963374	16.320402	
2110	25.018969	17.498658	
2111	25.560459	18.877560	
2112	24.853135	18.001162	
2113	23.709350	14.193629	
2114	23.532435	14.412935	
2115	23.187303	14.855906	
2116	22.020354	14.168165	
2117	21.595190	13.865093	
2118	20.921640	13.879540	
2119	20.622068	14.955558	
2120	19.879960	12.928507	
2121	19.051095	13.915594	
2122	19.067667	13.744964	
2123	19.221271	13.739498	
2124	19.059456	14.156666	
2125	17.726935	11.989811	
2126	16.877496	12.067000	
2127	16.799311	11.985573	
2128	15.208000	12.012252	
2129	15.699346	13.807050	
2130	15.457376	12.418543	
2131	13.605580	11.534975	
2132	14.362930	12.720770	
2133	12.868377	12.064852	
2134	11.503042	11.635985	
2135	10.773691	12.324585	
2136	10.147569	13.755066	
2137	10.742252	11.611907	
2138	8.852993	12.680514	
2139	8.018256	12.913515	
2140	7.276514	12.683888	
2141	7.139173	12.550135	
2142	7.367685	11.927072	
2143	5.467680	12.196800	
2144	4.674702	11.025017	
2145	4.096654	11.848099	
2146	3.497555	12.011257	
2147	3.349306	10.213726	
2148	2.569340	11.388143	
2149	0.481481	11.542354	
2150	0.352637	9.976654	
2151	0.522288	11.250553	
2152	-0.642473	11.816883	
2153	-0.554690	12.056508	
2154	-1.346346	11.721906	
2155	-2.065611	11.831439	
2156	-2.566848	9.793739	
2157	-3.943918	9.468791	
2158	-4.447869	11.031063	
2159	-4.905694	11.156465	
2160	-5.328877	11.391046	
2161	-6.436597	11.382336	
2162	-7.242153	11.471211	
2163	-8.230717	12.439064	
2164	-10.513200	11.950864	
2165	-10.108063	10.816013	
2166	-10.355008	11.000986	
2167	-12.781389	10.601615	
2168	-12.430614	9.316491	
2169	-13.227790	9.440766	
2170	-14.846372	11.089057	
2171	-14.597671	10.433621	
2172	-16.068611	8.965251	
2173	-17.692805	10.874240	
2174	-19.060120	13.633636	
2175	-19.268817	11.808156	
2176	-19.925264	11.681359	
2177	-21.119795	11.972108	
2178	-21.744023	12.616479	
2179	-22.513375	11.403673	
2180	-22.973186	12.811672	
2181	-23.833381	11.820963	
2182	-24.206610	12.101015	
2183	-24.831981	13.779234	
2184	-25.157266	9.613129	
2185	-26.054174	10.239751	
2186	-26.548361	6.441898	
2187	-27.347617	5.966396	
2188	-27.502631	11.456367	
2189	-29.240085	13.749516	
2190	-30.462334	11.335055	
2191	-29.564336	8.632252	
2192	-30.834934	8.954508	
2193	-32.806999	11.350989	
2194	-32.833245	11.454058	
2195	-32.901599	8.498771	
2196	-33.905466	10.352923	
2197	-35.542696	13.712748	
2198	-36.637535	14.176914	
2199	-36.375261	11.639959	
2200	-36.587926	9.704946	
2201	-37.155748	8.620191	
2202	-38.150052	8.123526	
2203	-38.292741	6.773380	
2204	-38.646193	6.272945	
2205	-39.658786	8.031501	
2206	-40.816763	8.534573	
2207	-41.175915	8.577421	
2208	-40.843336	7.840060	
2209	-41.961288	4.200568	
2210	-42.784752	3.270065	
2211	-43.262802	5.974073	
2212	-44.394543	7.308619	
2213	-45.103633	5.326731	
2214	-45.408853	7.956559	
2215	-46.660059	6.684546	
2216	-47.249921	3.185948	
2217	-47.687695	7.202166	
2218	-48.974768	7.336337	
2219	-49.009104	3.870578	
2220	-49.315181	4.498745	
2221	-49.740748	5.580580	
2222	-49.261209	3.299767	
2223	-49.929600	2.697610	
2224	-50.270562	2.563371	
2225	-50.726994	2.954642	
2226	-51.393265	2.367466	
2227	-51.729239	2.706197	
2228	-52.128768	3.474718	
2229	-52.381342	5.033843	
2230	-52.938897	6.251220	
2231	-53.224430	7.674896	
2232	-52.288896	5.521437	
2233	-52.552881	3.369143	
2234	-53.881571	5.742344	
2235	-54.067179	5.075223	
2236	-53.861800	4.345830	
2237	-54.553622	4.587726	
2238	-55.276198	4.813072	
2239	-55.072803	4.470913	
2240	-56.070221	4.513512	
2241	-56.545521	4.626464	
2242	-57.209105	4.534121	
2243	-57.683396	3.576293	
2244	-57.297922	2.535366	
2245	-57.651092	3.800828	
2246	-57.306120	3.743068	
2247	-58.169937	3.339440	
2248	-59.100053	4.285186	
2249	-58.408627	3.951364	
2250	-57.837651	1.999506	
2251	-58.196284	2.087169	
2252	-58.315836	3.254606	
2253	-59.319514	5.891163	
2254	-61.973878	6.625593	
2255	-62.007452	6.802786	
2256	-62.442818	10.128398	
2257	-63.866305	10.636388	
2258	-63.442935	7.610206	
2259	-63.245057	7.353717	
2260	-63.671389	7.316277	
2261	-62.750616	6.692401	
2262	-62.070871	5.010139	
2263	-63.071920	3.916943	
2264	-63.170134	5.569903	
2265	-63.200011	6.088626	
2266	-63.521752	6.155317	
2267	-64.039183	6.485357	
2268	-61.881312	9.535145	
2269	-60.988643	11.524263	
2270	-62.124655	11.938841	
2271	-60.903595	11.413476	
2272	-60.133776	11.129904	
2273	-59.871762	11.877897	
2274	-59.694383	9.926625	
2275	-60.047594	6.917748	
2276	-59.579284	9.337666	
2277	-60.203124	10.008164	
2278	-62.256183	9.007501	
2279	-61.357841	8.539387	
2280	-60.417115	6.439839	
2281	-61.097132	7.895390	
2282	-61.671889	7.934730	
2283	-61.537642	8.314423	
2284	-63.019819	8.562101	
2285	-63.632818	8.523811	
2286	-62.920343	10.370294	
2287	-63.176513	9.724430	
2288	-62.140258	10.561187	
2289	-62.186525	11.567066	
2290	-61.694171	9.537198	
2291	-61.852111	10.569420	
2292	-61.761614	12.136071	
2293	-61.767405	11.919223	
2294	-63.019892	11.799032	
2295	-62.823169	11.979610	
2296	-62.900374	10.074004	
2297	-62.421933	9.122109	
2298	-62.108040	11.424409	
2299	-62.061737	8.444086	
2300	-62.115600	9.293313	
2301	-61.144763	10.789202	
2302	-60.025042	8.548516	
2303	-61.168002	8.821734	
2304	-62.067368	7.615586	
2305	-62.063462	6.442802	
2306	-61.438259	7.376947	
2307	-61.959431	6.998391	
2308	-62.740970	7.546114	
2309	-62.440940	7.277038	
2310	-62.932138	7.460287	
2311	-62.994874	9.229977	
2312	-62.686264	6.146649	
2313	-61.390960	4.400563	
2314	-60.011763	5.474107	
2315	-61.382921	3.525633	
2316	-62.320915	2.014174	
2317	-60.640646	6.998540	
2318	-58.815513	3.983758	
2319	-57.682438	2.489300	
2320	-58.161244	3.838904	
2321	-58.001720	3.347416	
2322	-57.794212	4.893506	
2323	-58.102628	5.994543	
2324	-59.320598	9.897247	
2325	-60.071684	11.603005	
2326	-59.773349	8.866955	
2327	-59.633073	9.613373	
2328	-60.249731	10.996210	
2329	-58.866673	11.327984	
2330	-57.115330	11.497872	
2331	-57.379294	12.013671	
2332	-56.914203	10.803859	
2333	-56.970625	9.573513	
2334	-56.174908	9.899178	
2335	-56.924662	9.912656	
2336	-58.317508	9.109764	
2337	-57.118874	7.857847	
2338	-56.272724	6.226065	
2339	-57.331304	5.307134	
2340	-57.546782	6.470076	
2341	-57.683138	4.442122	
2342	-58.622344	3.234047	
2343	-58.745331	6.192883	
2344	-58.186080	2.957927	
2345	-57.612335	1.508520	
2346	-58.185127	2.010750	
2347	-55.523158	-1.498900	
2348	-55.158765	-2.501362	
2349	-57.156337	1.398063	
2350	-56.772639	3.875119	
2351	-56.598655	3.286358	
2352	-56.766114	3.399904	
2353	-57.701689	3.795004	
2354	-57.342302	3.507041	
2355	-56.364864	3.094669	
2356	-57.674359	6.133222	
2357	-58.320861	7.312294	
2358	-58.896625	7.251497	
2359	-58.202852	4.351618	
2360	-56.910098	1.714309	
2361	-56.808889	3.184237	
2362	-56.139492	3.724811	
2363	-56.758737	4.871608	
2364	-57.207731	6.112698	
2365	-57.643838	5.741162	
2366	-56.884869	6.181996	
2367	-57.073591	6.518811	
2368	-57.896699	12.066854	
2369	-57.024269	16.445507	
2370	-55.731276	12.776123	
2371	-55.837008	9.330538	
2372	-55.922055	4.485077	
2373	-55.218040	2.331601	
2374	-55.661573	4.272359	
2375	-56.630400	5.292402	
2376	-56.249911	5.871138	
2377	-56.048201	5.143680	
2378	-56.624904	5.142308	
2379	-57.004804	10.059750	
2380	-57.843809	14.720442	
2381	-57.136122	13.902403	
2382	-56.471115	12.134868	
2383	-56.409888	10.122326	
2384	-55.377236	11.167610	
2385	-54.278129	12.588672	
2386	-53.544262	11.556480	
2387	-53.789331	11.751148	
2388	-53.781382	13.924069	
2389	-54.109007	16.819675	
2390	-53.995626	15.853669	
2391	-54.478480	15.616945	
2392	-56.217293	15.843068	
2393	-55.106303	15.010300	
2394	-54.824903	16.153093	
2395	-54.279094	15.161903	
2396	-52.139310	13.805288	
2397	-52.725195	15.188336	
2398	-52.235204	15.244828	
2399	-53.888434	17.690816	
2400	-53.870989	19.653234	
2401	-51.456477	15.759102	
2402	-51.615996	15.314584	
2403	-50.442772	15.700599	
2404	-52.563766	16.167400	
2405	-53.064593	18.629301	
2406	-51.625792	17.512972	
2407	-51.239482	15.643951	
2408	-51.848681	16.424099	
2409	-51.527421	15.128954	
2410	-50.975088	15.588904	
2411	-51.245331	16.941612	
2412	-50.238981	15.063722	
2413	-50.501503	14.788101	
2414	-49.566440	17.416629	
2415	-49.181419	18.738229	
2416	-51.456509	18.334366	
2417	-51.079263	16.997954	
2418	-48.621681	15.281895	
2419	-48.752281	16.763692	
2420	-49.184927	18.676500	
2421	-49.835213	16.932473	
2422	-49.662925	16.346694	
2423	-49.716661	18.813381	
2424	-49.874729	18.524811	
2425	-49.947305	19.203808	
2426	-49.615064	17.700435	
2427	-49.226214	15.611251	
2428	-49.343128	15.286544	
2429	-49.030483	13.953531	
2430	-49.286391	16.112423	
2431	-49.754410	19.360206	
2432	-49.550907	19.638417	
2433	-48.448757	17.109116	
2434	-48.135031	16.302307	
2435	-47.758834	16.416029	
2436	-49.396448	17.563535	
2437	-51.446166	20.540548	
2438	-51.840902	20.823036	
2439	-52.283496	19.789247	
2440	-51.372562	20.556295	
2441	-51.034505	19.663817	
2442	-51.170475	18.681104	
2443	-51.689548	19.344590	
2444	-51.707208	19.104311	
2445	-52.932774	21.901478	
2446	-53.581800	21.507600	
2447	-52.325388	19.881289	
2448	-52.624752	23.062126	
2449	-51.769168	22.983582	
2450	-52.171358	23.216350	
2451	-53.409654	24.318679	
2452	-52.489324	23.206231	
2453	-52.504437	22.841584	
2454	-52.547401	22.517890	
2455	-51.803946	22.791707	
2456	-52.537433	23.508047	
2457	-52.060567	22.469040	
2458	-51.016409	20.847281	
2459	-51.420622	21.674195	
2460	-51.304272	21.442450	
2461	-51.251214	20.096139	
2462	-52.128599	21.455012	
2463	-50.339002	20.120112	
2464	-47.550678	17.837644	
2465	-49.797932	19.545855	
2466	-50.244668	20.090750	
2467	-50.028100	19.020991	
2468	-49.962476	17.593404	
2469	-48.513718	16.379790	
2470	-49.694715	18.270040	
2471	-51.357504	19.753072	
2472	-48.611371	18.265702	
2473	-47.140612	18.362443	
2474	-47.673386	17.235793	
2475	-48.370816	17.376760	
2476	-49.172768	19.684686	
2477	-50.546410	21.342172	
2478	-49.356127	19.997203	
2479	-48.241621	21.070825	
2480	-50.148922	22.641630	
2481	-49.504927	22.437760	
2482	-51.412518	22.678076	
2483	-49.271873	20.720221	
2484	-48.545757	21.597467	
2485	-51.458328	22.834184	
2486	-50.988823	22.688951	
2487	-51.036068	22.226914	
2488	-48.807239	20.881320	
2489	-48.572273	19.156055	
2490	-50.388424	20.617043	
2491	-50.680185	23.062396	
2492	-50.567702	22.984083	
2493	-50.363194	22.612567	
2494	-50.745870	22.602490	
2495	-50.996480	22.394202	
2496	-50.547227	22.236433	
2497	-50.556110	23.585025	
2498	-50.663865	21.999642	
2499	-50.844308	22.514621	
2500	-51.320444	25.542034	
2501	-50.630191	23.524643	
2502	-51.875138	24.394501	
2503	-52.174854	24.342178	
2504	-50.566710	22.283642	
2505	-50.583373	22.475044	
2506	-52.029513	23.263203	
2507	-52.133773	24.320920	
2508	-51.919653	24.570031	
2509	-52.390784	23.480615	
2510	-52.287044	23.911180	
2511	-52.076957	25.276498	
2512	-52.333800	25.699877	
2513	-52.411730	26.552937	
2514	-52.135354	26.334692	
2515	-52.138072	26.638048	
2516	-52.073766	25.724484	
2517	-51.186618	23.295604	
