Athlete_Engineering	// User ID
11-2-2021	// Evaluation date
P008_WALK3	27-1-2021	13:41:41:741	// Source file name and timestamp
250.000	// Sampling rate
5.961	// Data capture period



Sample #	Right_Leg_Flexion	Right_Leg_Abduction	
0	-85.555072	12.725908	
1	-85.567747	1.407554	
2	-85.655399	-0.885838	
3	-85.399983	-1.134149	
4	-86.915166	-4.459350	
5	-87.595040	0.705432	
6	-85.127355	-23.551653	
7	-84.069994	-25.495777	
8	-85.462706	-33.087928	
9	-87.119567	-21.499730	
10	-87.647353	-34.088456	
11	-87.390790	-22.533407	
12	-86.338837	-25.594011	
13	-85.008046	-38.801112	
14	-84.782015	-34.918181	
15	-87.085732	-7.009005	
16	-87.053497	0.972477	
17	-86.966082	4.192018	
18	-87.547800	1.980671	
19	-84.465026	-9.936956	
20	-82.711084	-11.219924	
21	-83.288049	-12.877031	
22	-82.535695	-17.303349	
23	-86.357327	-3.518933	
24	-87.180344	6.859586	
25	-87.082031	10.418046	
26	-87.596527	-28.701531	
27	-87.060676	-0.299121	
28	-86.771355	10.919978	
29	-85.084603	6.435880	
30	-84.690553	4.698229	
31	-84.337534	-3.571223	
32	-86.412051	-1.995004	
33	-85.133989	3.963380	
34	-83.870920	2.247719	
35	-83.781117	2.602388	
36	-83.661631	14.107882	
37	-86.280648	35.864425	
38	-85.229062	21.353285	
39	-84.409894	14.261651	
40	-84.650161	15.295506	
41	-83.934128	12.068202	
42	-83.974183	10.402267	
43	-84.069885	11.472190	
44	-85.813542	15.308345	
45	-86.309427	13.584515	
46	-86.272695	16.803181	
47	-83.408335	-15.483788	
48	-83.639280	-17.684849	
49	-84.976791	8.997148	
50	-84.467266	16.927188	
51	-84.295869	11.008564	
52	-84.241532	2.662946	
53	-84.488647	10.109872	
54	-84.079905	17.950682	
55	-84.121362	5.218256	
56	-84.015650	10.880814	
57	-84.096541	12.896608	
58	-82.320027	-7.975319	
59	-81.401076	-9.880174	
60	-82.530527	5.912347	
61	-83.178869	10.019329	
62	-83.314759	10.697594	
63	-83.250094	10.988515	
64	-83.489340	12.489542	
65	-81.917210	1.698345	
66	-81.513646	-0.291309	
67	-81.405269	-7.347655	
68	-83.164743	6.241183	
69	-84.234695	11.930620	
70	-84.224018	10.647640	
71	-84.239032	13.172953	
72	-84.427092	13.051946	
73	-84.842745	15.847046	
74	-84.840232	17.400802	
75	-84.601925	20.239659	
76	-84.653587	17.962720	
77	-84.778705	17.947835	
78	-84.433110	8.152935	
79	-84.636309	20.938021	
80	-84.590536	27.796258	
81	-84.280789	14.937438	
82	-84.643462	23.364076	
83	-84.370178	18.793190	
84	-84.559050	12.067810	
85	-84.323475	14.993469	
86	-84.046136	16.203389	
87	-83.924218	17.211296	
88	-84.322543	15.809676	
89	-84.638505	14.304470	
90	-84.694223	15.207963	
91	-84.233766	15.559753	
92	-84.334339	16.121219	
93	-85.168937	2.846843	
94	-84.911235	6.480425	
95	-85.043152	7.693562	
96	-84.840887	12.886302	
97	-84.371626	24.150604	
98	-85.115111	4.871488	
99	-85.045782	3.668649	
100	-85.222179	0.592507	
101	-84.382308	3.274205	
102	-85.412337	16.096666	
103	-84.724265	38.189790	
104	-84.954107	37.809073	
105	-85.171363	42.119548	
106	-84.725607	33.262996	
107	-84.640315	27.632070	
108	-84.362851	30.779097	
109	-84.345878	25.450252	
110	-84.581189	23.912875	
111	-84.473473	23.229013	
112	-84.467798	30.534564	
113	-84.253276	33.427178	
114	-84.072705	23.909135	
115	-83.959116	20.074316	
116	-83.696634	20.291672	
117	-82.963169	16.096150	
118	-82.978927	15.664694	
119	-82.737306	17.732800	
120	-82.820818	17.691515	
121	-80.289347	8.685230	
122	-82.101381	18.872290	
123	-82.804460	17.776257	
124	-82.471172	13.160410	
125	-82.034571	19.771865	
126	-81.320630	17.808917	
127	-81.043798	15.624443	
128	-80.501550	21.895899	
129	-80.644852	21.920952	
130	-78.419527	14.257933	
131	-79.963146	24.126156	
132	-80.580754	30.776429	
133	-80.283892	32.118367	
134	-80.134122	21.890055	
135	-79.858074	20.810115	
136	-79.528180	23.089221	
137	-78.523499	22.188070	
138	-77.644954	26.418232	
139	-77.057568	25.859447	
140	-76.085832	23.256839	
141	-75.860492	17.811110	
142	-75.081104	16.797695	
143	-75.604587	11.972550	
144	-75.993469	15.221024	
145	-73.843584	18.727440	
146	-74.878084	9.917679	
147	-74.342519	10.660460	
148	-73.392492	13.131991	
149	-70.293670	14.599022	
150	-71.254682	12.389143	
151	-71.180041	10.837777	
152	-69.677008	8.345406	
153	-69.911569	2.550689	
154	-68.937383	3.268044	
155	-69.371904	11.891847	
156	-66.302368	7.184694	
157	-64.830215	6.153331	
158	-64.713006	6.093323	
159	-65.668783	5.381415	
160	-65.078897	5.501101	
161	-64.814610	3.212423	
162	-63.807432	2.902279	
163	-62.629619	2.758318	
164	-63.287081	7.295221	
165	-62.014409	5.582191	
166	-62.753400	7.736782	
167	-61.202204	5.717031	
168	-62.746862	1.238029	
169	-64.806791	0.355632	
170	-60.283881	0.894055	
171	-59.034192	1.537824	
172	NaN	NaN	
173	NaN	NaN	
174	NaN	NaN	
175	NaN	NaN	
176	NaN	NaN	
177	NaN	NaN	
178	NaN	NaN	
179	NaN	NaN	
180	NaN	NaN	
181	NaN	NaN	
182	NaN	NaN	
183	NaN	NaN	
184	NaN	NaN	
185	NaN	NaN	
186	NaN	NaN	
187	NaN	NaN	
188	NaN	NaN	
189	NaN	NaN	
190	NaN	NaN	
191	NaN	NaN	
192	NaN	NaN	
193	NaN	NaN	
194	NaN	NaN	
195	NaN	NaN	
196	NaN	NaN	
197	-53.457576	-6.312008	
198	-53.300209	-5.751652	
199	-53.231680	-6.052645	
200	-51.754552	-7.365533	
201	-51.794502	-7.490575	
202	-52.264439	-7.084742	
203	-52.972758	-6.919971	
204	-51.862688	-6.923098	
205	-51.509280	-7.630450	
206	-51.618068	-6.975849	
207	-51.227007	-7.173925	
208	-51.281506	-7.062685	
209	-52.339983	-7.697516	
210	-51.710538	-6.192360	
211	-53.469002	-16.985679	
212	-55.914848	-10.659258	
213	-51.939318	-7.916770	
214	-51.148462	-9.299842	
215	NaN	NaN	
216	-50.046348	-10.363543	
217	-51.973483	-10.645602	
218	-52.661763	-11.403443	
219	-52.505626	-11.180252	
220	-52.668032	-12.930585	
221	-55.636432	-12.738714	
222	-56.335921	-14.741776	
223	-55.126750	-14.220320	
224	-56.656386	-13.451882	
225	-55.480414	-12.971689	
226	-57.715858	-22.153888	
227	-57.033767	-16.705245	
228	-56.904943	-16.852771	
229	-55.934091	-15.963925	
230	NaN	NaN	
231	-54.203800	-15.559802	
232	-55.930771	-16.308088	
233	-56.167379	-15.515651	
234	-56.535495	-15.953697	
235	-53.256199	-13.495635	
236	-55.832860	-18.736743	
237	-56.985365	-18.984678	
238	-54.055036	-15.840150	
239	-55.495796	-16.017583	
240	-55.862579	-16.475142	
241	-55.806443	-16.563531	
242	-55.577221	-15.994124	
243	-58.905465	-19.858626	
244	-57.672041	-20.166847	
245	-57.837093	-21.889112	
246	-57.091683	-20.069223	
247	-58.044829	-21.073840	
248	-54.336738	-16.776234	
249	-53.929324	-14.481180	
250	-57.967246	-19.468165	
251	-57.063094	-17.165310	
252	-56.427773	-18.188401	
253	-56.157398	-16.179641	
254	-55.658912	-18.501449	
255	-55.239855	-18.417067	
256	-55.525739	-18.586485	
257	-54.845732	-16.821729	
258	-53.207473	-14.156293	
259	-52.401457	-13.112448	
260	-54.394245	-16.548532	
261	-53.450349	-14.487278	
262	-56.356168	-18.185429	
263	-57.059445	-20.954949	
264	-53.054156	-13.368562	
265	-55.746178	-17.815376	
266	-54.805486	-16.597486	
267	-55.537072	-20.732591	
268	-49.771093	-16.601155	
269	-54.648039	-15.837134	
270	-57.777162	-16.827895	
271	-57.898877	-19.788924	
272	-58.686184	-20.736766	
273	-59.175702	-20.558991	
274	-59.179096	-21.475472	
275	-55.534914	-15.262977	
276	-55.470681	-15.255226	
277	-56.615829	-16.942672	
278	-55.919094	-15.179981	
279	-55.855417	-16.113373	
280	-55.885549	-15.814452	
281	-59.091000	-20.618025	
282	-57.197529	-16.856589	
283	-56.841324	-15.645027	
284	-56.347682	-15.796769	
285	-57.123209	-16.290524	
286	-58.091799	-16.529778	
287	-57.592106	-15.660140	
288	-58.062350	-15.329316	
289	-58.719374	-14.661053	
290	-57.761171	-20.895548	
291	-57.990761	-16.577448	
292	-63.853763	-24.883250	
293	-60.128846	-16.577324	
294	-60.588966	-16.739494	
295	-59.240218	-15.991927	
296	-65.148412	-21.757301	
297	-62.126216	-17.078636	
298	-61.413151	-18.265975	
299	-63.669811	-18.640732	
300	-64.451691	-18.047191	
301	-65.882599	-19.586081	
302	-62.543607	-14.884537	
303	-59.339970	-13.300482	
304	-61.137341	-14.922642	
305	-63.237368	-17.640997	
306	-65.644381	-24.483446	
307	-66.460791	-21.462972	
308	-68.091058	-22.712505	
309	-67.975277	-23.036673	
310	-67.701649	-21.610694	
311	-65.432460	-16.542053	
312	-64.182050	-15.878110	
313	-65.235876	-18.228249	
314	-66.041312	-17.817935	
315	-66.717341	-19.019020	
316	-68.606116	-22.285097	
317	NaN	NaN	
318	-71.752963	-28.480153	
319	-70.029349	-24.515562	
320	-67.157947	-18.820030	
321	-66.179201	-19.294002	
322	-63.779740	-18.097561	
323	-68.952515	-23.483985	
324	-70.982821	-23.527159	
325	-69.486953	-22.709263	
326	-72.202826	-25.165363	
327	-70.771274	-24.766734	
328	-67.814516	-20.693592	
329	-69.658401	-21.411479	
330	-72.184340	-24.153677	
331	-71.671838	-26.250516	
332	-70.888769	-26.135989	
333	-67.598687	-20.510848	
334	-71.428833	-28.771922	
335	-72.370910	-29.771333	
336	-71.548661	-29.908221	
337	NaN	NaN	
338	NaN	NaN	
339	NaN	NaN	
340	NaN	NaN	
341	NaN	NaN	
342	NaN	NaN	
343	NaN	NaN	
344	NaN	NaN	
345	NaN	NaN	
346	NaN	NaN	
347	NaN	NaN	
348	NaN	NaN	
349	NaN	NaN	
350	NaN	NaN	
351	-75.516850	-34.958420	
352	-72.993824	-27.032855	
353	-73.542698	-30.798845	
354	-76.531258	-37.122990	
355	-70.716331	-33.667303	
356	-75.381337	-38.169442	
357	-76.612054	-35.107291	
358	-75.407644	-32.269222	
359	-76.268375	-35.310975	
360	-75.614291	-35.456716	
361	-76.706301	-36.938563	
362	-76.487498	-36.249037	
363	-75.833461	-31.583364	
364	-76.257186	-33.394928	
365	-67.580905	-27.561618	
366	-74.257257	-31.205673	
367	-76.926910	-31.541213	
368	-75.414569	-30.280314	
369	-76.709732	-31.926016	
370	-77.051656	-29.382612	
371	-76.922305	-32.683644	
372	-77.556507	-36.435078	
373	-78.074285	-36.707107	
374	-77.404642	-34.552202	
375	-77.969471	-33.946337	
376	-78.283803	-34.900922	
377	-79.233752	-35.101398	
378	-79.565295	-35.493155	
379	-78.894928	-35.652929	
380	-78.986925	-32.315046	
381	-79.365935	-34.918246	
382	-79.996802	-33.470545	
383	-80.614602	-32.891289	
384	-82.048185	-38.834244	
385	-81.759465	-40.413253	
386	-81.763981	-42.943584	
387	-81.924624	-42.399369	
388	-81.665512	-39.432006	
389	-81.372673	-38.232306	
390	-82.013174	-38.745616	
391	-81.859683	-37.358913	
392	-81.394034	-32.305351	
393	-81.703376	-32.669530	
394	-82.349555	-39.262062	
395	-81.202773	-35.657821	
396	-82.416102	-35.722413	
397	-83.287882	-39.420465	
398	-82.886183	-36.866632	
399	-82.485360	-31.327910	
400	-83.600427	-35.396363	
401	-84.102482	-37.742475	
402	-84.091690	-40.772668	
403	-84.219446	-38.979000	
404	-86.529779	-54.365348	
405	-76.198413	-31.291084	
406	-83.364502	-41.276687	
407	-85.413285	-45.053804	
408	-83.973224	-31.605463	
409	-82.516246	-33.477522	
410	-81.844753	-24.025900	
411	-82.045235	-25.298978	
412	-83.129366	-31.107678	
413	-82.364534	-28.708056	
414	-84.972727	-41.178834	
415	-83.506860	-30.714344	
416	-83.770055	-32.891107	
417	-83.906245	-27.031233	
418	-83.310827	-21.679788	
419	-84.800697	-37.253351	
420	-86.009527	-45.688246	
421	-85.283550	-28.672819	
422	-84.785602	-27.206423	
423	-87.351536	-51.635653	
424	-86.985171	-41.633448	
425	-85.670191	-27.572421	
426	-88.402240	-59.468593	
427	-87.572343	-45.980039	
428	-87.316911	-43.887870	
429	-87.600243	-41.699266	
430	-87.064854	-24.136431	
431	-88.171825	-38.466902	
432	-88.612501	-44.543029	
433	-89.305588	-72.316035	
434	-90.076769	-94.776347	
435	-88.848824	-33.246036	
436	-90.179461	-97.828968	
437	-89.872683	-81.850811	
438	-90.503702	-134.484213	
439	-91.763868	-157.942399	
440	-91.899779	-168.854150	
441	-90.485397	-130.506898	
442	-95.863149	-177.743390	
443	-93.369044	-179.471005	
444	-91.722524	168.148013	
445	-91.523160	166.055259	
446	-91.244570	167.427608	
447	-91.091588	179.413722	
448	-91.539689	171.210300	
449	-91.445524	153.889535	
450	-91.873577	-164.496505	
451	-89.127719	-65.231068	
452	-90.110158	-99.301613	
453	-91.094685	-163.365039	
454	-90.819794	-154.327242	
455	-90.837000	-174.590293	
456	-89.874492	-53.877860	
457	-88.889755	-55.687287	
458	-89.661651	18.886587	
459	-92.499189	156.740537	
460	-89.832958	74.666256	
461	-88.842987	27.328894	
462	-88.547780	29.372978	
463	-88.542911	41.353430	
464	-86.859358	14.810574	
465	-86.998464	28.376460	
466	-85.192623	17.813091	
467	-88.585480	44.571276	
468	-85.137831	19.351064	
469	-83.767253	17.887721	
470	-82.778108	12.379447	
471	-84.879321	29.655622	
472	-81.716052	11.179080	
473	-79.830421	24.386119	
474	-80.314646	14.979955	
475	-78.519951	9.011274	
476	-77.420517	11.392320	
477	-76.954898	12.529952	
478	-78.066485	11.219957	
479	-78.100038	18.873929	
480	-77.931802	21.799718	
481	-75.569120	16.102459	
482	-75.015813	17.559890	
483	-75.110014	15.760002	
484	-73.353373	13.512213	
485	-73.234566	14.729014	
486	-69.722662	10.101873	
487	-68.100298	9.081835	
488	-75.356739	17.001294	
489	-71.727391	12.716633	
490	-73.448978	14.931433	
491	-70.830614	14.516282	
492	-53.069451	-0.369374	
493	-64.215235	10.044095	
494	-67.049022	12.565420	
495	-65.150330	13.098929	
496	-67.494975	14.988868	
497	-64.040176	11.154814	
498	-64.320711	11.308210	
499	-65.147427	11.224457	
500	-60.649723	11.628716	
501	-61.526445	11.258656	
502	-62.925597	9.496988	
503	-57.189770	8.023631	
504	-58.960461	9.946804	
505	-62.456597	3.749299	
506	-60.167806	7.236263	
507	-59.834235	9.462012	
508	-58.911200	7.748280	
509	-55.966672	6.702456	
510	-55.247108	7.180121	
511	-57.344827	3.752338	
512	-53.988742	1.463323	
513	-55.182343	3.327136	
514	-51.178491	-0.645741	
515	-48.261768	-1.686130	
516	-49.429064	-2.320824	
517	-56.255989	-7.462671	
518	-53.756293	-5.944163	
519	NaN	NaN	
520	NaN	NaN	
521	NaN	NaN	
522	NaN	NaN	
523	NaN	NaN	
524	NaN	NaN	
525	NaN	NaN	
526	NaN	NaN	
527	NaN	NaN	
528	-50.976798	-2.440643	
529	-50.125316	-4.389408	
530	-49.969848	-8.421499	
531	-51.942137	-6.083790	
532	-50.568525	-7.761015	
533	-51.685112	-8.815629	
534	NaN	NaN	
535	-52.427814	-6.737439	
536	-50.121886	-4.880853	
537	-49.802778	-10.577198	
538	-52.832836	-9.205255	
539	-54.585927	-14.992234	
540	-57.962517	-11.195301	
541	-55.706410	-10.652287	
542	-47.784705	-12.610598	
543	-43.621827	-11.223592	
544	-49.598541	-9.695503	
545	-51.163463	-21.319636	
546	-54.679502	-26.354872	
547	-48.119162	-15.114674	
548	-45.770066	-13.529770	
549	-48.575794	-12.777941	
550	-50.980454	-12.103437	
551	-49.397189	-15.701943	
552	-49.715083	-14.883137	
553	-50.581732	-14.812957	
554	-50.064588	-14.625594	
555	-50.524254	-14.780886	
556	-45.631270	-15.767068	
557	-52.456150	-14.660399	
558	-50.402154	-12.646979	
559	-49.792066	-15.201022	
560	-50.035239	-17.861930	
561	-47.050084	-14.777803	
562	-52.850221	-15.879985	
563	-50.976950	-13.253292	
564	-52.596646	-16.131300	
565	-54.432793	-16.979362	
566	-49.555358	-13.557829	
567	-53.139383	-21.292948	
568	-50.038110	-15.003652	
569	-50.761693	-16.694751	
570	-45.639416	-12.828534	
571	-54.535179	-20.865384	
572	-52.330871	-17.405325	
573	-54.038221	-20.906305	
574	-57.392387	-23.634241	
575	-50.027560	-14.704102	
576	-41.864522	-9.423286	
577	-43.211334	-12.113882	
578	-51.596687	-14.786792	
579	-48.483767	-12.036939	
580	-45.620744	-8.928261	
581	-50.373163	-13.160109	
582	-54.833758	-10.910509	
583	-31.432807	-20.878443	
584	-44.114936	-14.709736	
585	-51.298797	-11.527345	
586	-59.342342	-21.167741	
587	-57.498899	-14.970438	
588	-49.244018	-11.291594	
589	-47.937830	-11.624319	
590	-50.785876	-12.877833	
591	-52.167120	-14.295712	
592	-50.404222	-11.966359	
593	-48.025979	-9.853986	
594	-55.352697	-10.077049	
595	-51.904281	-12.536331	
596	-49.032374	-10.698230	
597	-54.188549	-11.336500	
598	-49.279677	-16.187930	
599	-42.799226	-10.510308	
600	NaN	NaN	
601	-53.671786	-8.560427	
602	-53.777651	-9.067092	
603	-57.222082	-9.936873	
604	-57.269881	-14.896827	
605	-52.331223	-14.492237	
606	-55.551552	-11.564276	
607	-59.764588	-14.106885	
608	-56.732233	-12.463281	
609	-61.138826	-14.073319	
610	-53.631059	-13.206069	
611	-57.601966	-12.117090	
612	-55.255126	-14.676646	
613	-47.958694	-12.825298	
614	-62.605842	-24.843270	
615	-62.821412	-25.394483	
616	NaN	NaN	
617	-52.171442	-14.403574	
618	-56.747051	-22.406539	
619	-54.810570	-19.573251	
620	-65.064750	-22.345728	
621	-67.020278	-23.075461	
622	-63.230893	-19.235341	
623	-64.808307	-21.003838	
624	-67.762354	-24.440673	
625	-62.408182	-21.456479	
626	-64.237585	-26.102124	
627	-62.561570	-22.510189	
628	-20.059660	-41.141957	
629	-43.899630	-13.579092	
630	-39.777070	-24.578778	
631	-42.452392	-27.959513	
632	-60.602525	-19.982225	
633	-60.513907	-22.703851	
634	-59.888744	-28.474898	
635	-59.555243	-24.833021	
636	-63.952073	-22.763201	
637	-59.558892	-23.196656	
638	-65.234836	-19.733843	
639	-56.938904	-16.224354	
640	-67.610760	-34.276093	
641	-71.435309	-36.243899	
642	-56.800213	-22.446954	
643	-61.644183	-24.652327	
644	-59.113595	-25.551590	
645	-68.693403	-32.109830	
646	-68.645003	-31.129652	
647	-58.499134	-21.375579	
648	-62.921760	-25.776124	
649	-75.706280	-41.489467	
650	-63.311890	-26.000295	
651	-67.282898	-29.139923	
652	-68.720903	-22.242097	
653	-70.252988	-31.232196	
654	-71.678704	-35.132480	
655	-66.815596	-29.406578	
656	-66.963704	-30.698941	
657	-66.681002	-32.294849	
658	-76.039645	-37.704689	
659	-71.166395	-33.382583	
660	-65.386631	-29.702681	
661	-63.396658	-29.571248	
662	-77.284348	-46.289742	
663	-66.579579	-32.423644	
664	-65.122859	-29.994871	
665	-45.884929	-27.531337	
666	-55.919972	-24.875246	
667	-62.263316	-27.065323	
668	-79.103982	-49.045912	
669	-79.312119	-52.420655	
670	-65.666494	-32.248652	
671	-71.754434	-38.918734	
672	-73.918179	-38.698250	
673	-62.292044	-28.531636	
674	-60.358300	-27.317856	
675	-72.895735	-36.780495	
676	-74.941053	-42.374301	
677	-74.013011	-40.827241	
678	-83.190297	-54.261429	
679	-77.566186	-42.281154	
680	-86.244830	-68.197393	
681	-57.030312	-23.643509	
682	-59.426433	-19.834239	
683	-77.920545	-43.317598	
684	-73.027625	-35.309870	
685	-81.196753	-52.838547	
686	-87.181134	-74.595199	
687	-84.959090	-62.850082	
688	-80.831270	-46.217310	
689	-78.977998	-41.534075	
690	-78.739036	-36.842698	
691	-73.232285	-31.429443	
692	-84.193878	-73.638170	
693	-107.595921	-115.931109	
694	-89.492293	-87.575345	
695	-85.212900	-62.912487	
696	-86.408517	-67.313715	
697	-87.846655	-75.936436	
698	-87.076145	-72.129519	
699	-86.320309	-70.013624	
700	-93.988026	-105.676396	
701	-77.509367	-37.489997	
702	-84.852090	-57.890458	
703	-96.676283	-126.705423	
704	-87.539691	-75.524733	
705	-99.943000	-151.749310	
706	-85.909348	-66.685915	
707	-90.277273	-91.830856	
708	-83.274453	-48.814680	
709	-86.572664	-64.157785	
710	-91.644237	-100.408027	
711	-97.559253	-129.038857	
712	-93.922880	-121.830619	
713	-83.205586	-50.224726	
714	-82.894622	-47.550456	
715	-87.213167	-67.441901	
716	NaN	NaN	
717	NaN	NaN	
718	NaN	NaN	
719	NaN	NaN	
720	NaN	NaN	
721	-93.456159	-172.106491	
722	NaN	NaN	
723	NaN	NaN	
724	NaN	NaN	
725	NaN	NaN	
726	NaN	NaN	
727	NaN	NaN	
728	NaN	NaN	
729	NaN	NaN	
730	NaN	NaN	
731	NaN	NaN	
732	NaN	NaN	
733	NaN	NaN	
734	NaN	NaN	
735	NaN	NaN	
736	NaN	NaN	
737	NaN	NaN	
738	NaN	NaN	
739	NaN	NaN	
740	NaN	NaN	
741	NaN	NaN	
742	NaN	NaN	
743	NaN	NaN	
744	NaN	NaN	
745	NaN	NaN	
746	NaN	NaN	
747	NaN	NaN	
748	NaN	NaN	
749	NaN	NaN	
750	NaN	NaN	
751	NaN	NaN	
752	NaN	NaN	
753	NaN	NaN	
754	NaN	NaN	
755	NaN	NaN	
756	NaN	NaN	
757	NaN	NaN	
758	NaN	NaN	
759	NaN	NaN	
760	NaN	NaN	
761	NaN	NaN	
762	NaN	NaN	
763	NaN	NaN	
764	NaN	NaN	
765	NaN	NaN	
766	NaN	NaN	
767	NaN	NaN	
768	NaN	NaN	
769	-86.473160	6.717390	
770	-89.100185	22.473704	
771	-82.623157	2.765805	
772	-86.785013	5.283201	
773	-90.854690	119.485094	
774	-82.035681	8.076998	
775	-78.338017	13.205980	
776	-78.344947	-1.676788	
777	-78.888754	0.371611	
778	-69.168926	-0.352785	
779	-71.741079	6.394439	
780	-70.797988	8.544161	
781	-64.419353	1.090818	
782	-68.322459	4.532516	
783	-66.354480	-1.946913	
784	-66.795243	-4.737004	
785	-67.458308	4.133712	
786	-64.794353	5.906016	
787	-71.109425	13.125529	
788	-61.775079	-0.290645	
789	-59.655229	6.588784	
790	-64.279799	-15.935781	
791	-72.345376	8.592737	
792	-68.435285	14.223926	
793	-63.788254	2.077094	
794	-63.180535	6.172006	
795	-61.602849	5.378236	
796	-65.487520	5.431923	
797	-64.883107	9.387685	
798	-61.511368	5.776594	
799	-54.598883	6.587764	
800	-57.587716	11.770424	
801	-58.240316	11.804880	
802	-59.728806	12.800590	
803	-59.818713	12.067537	
804	-62.688716	17.489462	
805	-63.635873	20.139349	
806	-61.525275	10.752908	
807	-59.705662	2.979574	
808	-58.365754	2.784751	
809	-59.014069	-1.060970	
810	-59.002614	4.382278	
811	-3.401021	-20.900468	
812	-52.812600	-19.612673	
813	-51.649934	-1.279424	
814	-61.238829	1.412725	
815	-50.596526	-4.221984	
816	-60.550808	-4.642079	
817	-57.200125	-5.536628	
818	-58.889398	0.282978	
819	-54.115724	-2.200637	
820	-47.139980	-1.050469	
821	-46.374067	-6.537784	
822	-52.185680	-5.750005	
823	-51.743137	-12.257963	
824	-52.813269	-10.072167	
825	-51.437445	-8.070340	
826	-51.540831	-9.038642	
827	-57.099990	-3.958247	
828	-53.743529	-8.528092	
829	-51.127269	-10.657768	
830	-50.712110	-12.198198	
831	-50.652967	-16.819618	
832	-48.939816	-16.785750	
833	-49.523111	-17.140298	
834	-49.352996	-16.571729	
835	-50.574593	-13.654953	
836	-50.539079	-14.619869	
837	-51.301347	-27.785929	
838	-51.369007	-16.564643	
839	-54.403719	-16.752968	
840	-53.961815	-13.342279	
841	-45.607742	-27.606791	
842	-40.091522	-37.387492	
843	-50.735932	-16.264690	
844	-49.790907	-17.919858	
845	-48.190371	-24.409402	
846	-81.217494	81.152121	
847	-41.201522	-6.802870	
848	-44.963251	-36.026958	
849	-38.781856	-30.702323	
850	-45.978922	-13.877834	
851	-54.234487	-13.078842	
852	-50.851857	-17.721001	
853	-48.847375	-13.324333	
854	-47.995162	-15.557134	
855	-43.754385	-17.954800	
856	-44.964801	-13.283610	
857	-40.281596	-33.926337	
858	-42.762649	-23.701269	
859	-44.586601	-12.391239	
860	-43.770987	-17.026851	
861	-42.280752	-19.779397	
862	-49.430949	-10.622603	
863	-44.080326	-19.852134	
864	-61.388882	-11.566987	
865	-54.604570	-11.819403	
866	-54.055766	-12.904922	
867	-57.815059	-13.708777	
868	-50.690339	4.713257	
869	NaN	NaN	
870	NaN	NaN	
871	NaN	NaN	
872	NaN	NaN	
873	NaN	NaN	
874	NaN	NaN	
875	NaN	NaN	
876	NaN	NaN	
877	NaN	NaN	
878	NaN	NaN	
879	NaN	NaN	
880	NaN	NaN	
881	NaN	NaN	
882	NaN	NaN	
883	NaN	NaN	
884	NaN	NaN	
885	NaN	NaN	
886	NaN	NaN	
887	-59.555796	9.102201	
888	-33.556811	-26.037797	
889	-29.894934	-24.591852	
890	-45.809551	-10.859287	
891	-62.612606	-26.559225	
892	-41.557950	-22.639572	
893	-51.173845	24.556289	
894	-65.278540	57.819662	
895	-41.412483	-9.282148	
896	NaN	NaN	
897	-48.173798	-8.679487	
898	-55.161957	-9.991193	
899	-53.091525	-6.744487	
900	NaN	NaN	
901	NaN	NaN	
902	NaN	NaN	
903	NaN	NaN	
904	NaN	NaN	
905	NaN	NaN	
906	NaN	NaN	
907	NaN	NaN	
908	NaN	NaN	
909	NaN	NaN	
910	NaN	NaN	
911	NaN	NaN	
912	NaN	NaN	
913	NaN	NaN	
914	NaN	NaN	
915	NaN	NaN	
916	NaN	NaN	
917	NaN	NaN	
918	NaN	NaN	
919	NaN	NaN	
920	NaN	NaN	
921	NaN	NaN	
922	NaN	NaN	
923	NaN	NaN	
924	NaN	NaN	
925	NaN	NaN	
926	NaN	NaN	
927	NaN	NaN	
928	NaN	NaN	
929	NaN	NaN	
930	NaN	NaN	
931	NaN	NaN	
932	NaN	NaN	
933	NaN	NaN	
934	NaN	NaN	
935	NaN	NaN	
936	NaN	NaN	
937	NaN	NaN	
938	NaN	NaN	
939	NaN	NaN	
940	NaN	NaN	
941	NaN	NaN	
942	NaN	NaN	
943	NaN	NaN	
944	NaN	NaN	
945	NaN	NaN	
946	NaN	NaN	
947	NaN	NaN	
948	NaN	NaN	
949	NaN	NaN	
950	NaN	NaN	
951	-128.762641	-139.035475	
952	-124.962746	-116.838177	
953	-100.615176	-104.300980	
954	NaN	NaN	
955	-109.456203	146.527386	
956	-77.296675	-59.608666	
957	NaN	NaN	
958	NaN	NaN	
959	NaN	NaN	
960	NaN	NaN	
961	NaN	NaN	
962	NaN	NaN	
963	-80.837879	-41.328707	
964	-80.800700	-36.259100	
965	-80.350098	-41.835335	
966	-80.511173	-59.832449	
967	-78.851595	-41.447861	
968	NaN	NaN	
969	NaN	NaN	
970	NaN	NaN	
971	NaN	NaN	
972	NaN	NaN	
973	NaN	NaN	
974	NaN	NaN	
975	NaN	NaN	
976	NaN	NaN	
977	NaN	NaN	
978	NaN	NaN	
979	NaN	NaN	
980	NaN	NaN	
981	NaN	NaN	
982	NaN	NaN	
983	NaN	NaN	
984	NaN	NaN	
985	NaN	NaN	
986	NaN	NaN	
987	NaN	NaN	
988	NaN	NaN	
989	NaN	NaN	
990	NaN	NaN	
991	NaN	NaN	
992	NaN	NaN	
993	NaN	NaN	
994	NaN	NaN	
995	NaN	NaN	
996	NaN	NaN	
997	NaN	NaN	
998	NaN	NaN	
999	NaN	NaN	
1000	NaN	NaN	
1001	NaN	NaN	
1002	NaN	NaN	
1003	NaN	NaN	
1004	NaN	NaN	
1005	NaN	NaN	
1006	NaN	NaN	
1007	NaN	NaN	
1008	NaN	NaN	
1009	NaN	NaN	
1010	NaN	NaN	
1011	NaN	NaN	
1012	NaN	NaN	
1013	NaN	NaN	
1014	NaN	NaN	
1015	NaN	NaN	
1016	NaN	NaN	
1017	NaN	NaN	
1018	NaN	NaN	
1019	NaN	NaN	
1020	NaN	NaN	
1021	NaN	NaN	
1022	NaN	NaN	
1023	NaN	NaN	
1024	NaN	NaN	
1025	NaN	NaN	
1026	NaN	NaN	
1027	NaN	NaN	
1028	NaN	NaN	
1029	NaN	NaN	
1030	NaN	NaN	
1031	NaN	NaN	
1032	NaN	NaN	
1033	NaN	NaN	
1034	NaN	NaN	
1035	NaN	NaN	
1036	NaN	NaN	
1037	NaN	NaN	
1038	NaN	NaN	
1039	NaN	NaN	
1040	NaN	NaN	
1041	NaN	NaN	
1042	NaN	NaN	
1043	NaN	NaN	
1044	NaN	NaN	
1045	NaN	NaN	
1046	NaN	NaN	
1047	NaN	NaN	
1048	NaN	NaN	
1049	NaN	NaN	
1050	NaN	NaN	
1051	NaN	NaN	
1052	NaN	NaN	
1053	NaN	NaN	
1054	NaN	NaN	
1055	NaN	NaN	
1056	NaN	NaN	
1057	NaN	NaN	
1058	NaN	NaN	
1059	NaN	NaN	
1060	NaN	NaN	
1061	NaN	NaN	
1062	NaN	NaN	
1063	NaN	NaN	
1064	NaN	NaN	
1065	NaN	NaN	
1066	NaN	NaN	
1067	NaN	NaN	
1068	NaN	NaN	
1069	NaN	NaN	
1070	NaN	NaN	
1071	NaN	NaN	
1072	NaN	NaN	
1073	NaN	NaN	
1074	NaN	NaN	
1075	NaN	NaN	
1076	NaN	NaN	
1077	NaN	NaN	
1078	NaN	NaN	
1079	NaN	NaN	
1080	NaN	NaN	
1081	NaN	NaN	
1082	NaN	NaN	
1083	NaN	NaN	
1084	NaN	NaN	
1085	NaN	NaN	
1086	NaN	NaN	
1087	NaN	NaN	
1088	NaN	NaN	
1089	NaN	NaN	
1090	NaN	NaN	
1091	NaN	NaN	
1092	NaN	NaN	
1093	NaN	NaN	
1094	NaN	NaN	
1095	NaN	NaN	
1096	NaN	NaN	
1097	NaN	NaN	
1098	NaN	NaN	
1099	NaN	NaN	
1100	NaN	NaN	
1101	NaN	NaN	
1102	NaN	NaN	
1103	NaN	NaN	
1104	NaN	NaN	
1105	NaN	NaN	
1106	NaN	NaN	
1107	NaN	NaN	
1108	NaN	NaN	
1109	NaN	NaN	
1110	NaN	NaN	
1111	NaN	NaN	
1112	NaN	NaN	
1113	NaN	NaN	
1114	NaN	NaN	
1115	NaN	NaN	
1116	NaN	NaN	
1117	NaN	NaN	
1118	NaN	NaN	
1119	NaN	NaN	
1120	NaN	NaN	
1121	NaN	NaN	
1122	NaN	NaN	
1123	NaN	NaN	
1124	NaN	NaN	
1125	NaN	NaN	
1126	NaN	NaN	
1127	NaN	NaN	
1128	NaN	NaN	
1129	NaN	NaN	
1130	NaN	NaN	
1131	NaN	NaN	
1132	NaN	NaN	
1133	NaN	NaN	
1134	NaN	NaN	
1135	NaN	NaN	
1136	NaN	NaN	
1137	NaN	NaN	
1138	NaN	NaN	
1139	NaN	NaN	
1140	NaN	NaN	
1141	NaN	NaN	
1142	NaN	NaN	
1143	NaN	NaN	
1144	NaN	NaN	
1145	NaN	NaN	
1146	NaN	NaN	
1147	NaN	NaN	
1148	NaN	NaN	
1149	NaN	NaN	
1150	NaN	NaN	
1151	NaN	NaN	
1152	NaN	NaN	
1153	NaN	NaN	
1154	NaN	NaN	
1155	NaN	NaN	
1156	NaN	NaN	
1157	NaN	NaN	
1158	NaN	NaN	
1159	NaN	NaN	
1160	NaN	NaN	
1161	NaN	NaN	
1162	NaN	NaN	
1163	NaN	NaN	
1164	NaN	NaN	
1165	NaN	NaN	
1166	NaN	NaN	
1167	NaN	NaN	
1168	NaN	NaN	
1169	NaN	NaN	
1170	NaN	NaN	
1171	NaN	NaN	
1172	NaN	NaN	
1173	NaN	NaN	
1174	NaN	NaN	
1175	NaN	NaN	
1176	NaN	NaN	
1177	NaN	NaN	
1178	NaN	NaN	
1179	NaN	NaN	
1180	NaN	NaN	
1181	NaN	NaN	
1182	NaN	NaN	
1183	NaN	NaN	
1184	NaN	NaN	
1185	NaN	NaN	
1186	NaN	NaN	
1187	NaN	NaN	
1188	NaN	NaN	
1189	NaN	NaN	
1190	NaN	NaN	
1191	NaN	NaN	
1192	NaN	NaN	
1193	NaN	NaN	
1194	NaN	NaN	
1195	NaN	NaN	
1196	NaN	NaN	
1197	NaN	NaN	
1198	NaN	NaN	
1199	NaN	NaN	
1200	NaN	NaN	
1201	NaN	NaN	
1202	NaN	NaN	
1203	NaN	NaN	
1204	NaN	NaN	
1205	NaN	NaN	
1206	NaN	NaN	
1207	NaN	NaN	
1208	NaN	NaN	
1209	NaN	NaN	
1210	NaN	NaN	
1211	NaN	NaN	
1212	NaN	NaN	
1213	NaN	NaN	
1214	NaN	NaN	
1215	NaN	NaN	
1216	NaN	NaN	
1217	NaN	NaN	
1218	NaN	NaN	
1219	NaN	NaN	
1220	NaN	NaN	
1221	NaN	NaN	
1222	NaN	NaN	
1223	NaN	NaN	
1224	NaN	NaN	
1225	NaN	NaN	
1226	NaN	NaN	
1227	NaN	NaN	
1228	NaN	NaN	
1229	NaN	NaN	
1230	NaN	NaN	
1231	NaN	NaN	
1232	NaN	NaN	
1233	NaN	NaN	
1234	NaN	NaN	
1235	NaN	NaN	
1236	NaN	NaN	
1237	NaN	NaN	
1238	NaN	NaN	
1239	NaN	NaN	
1240	NaN	NaN	
1241	NaN	NaN	
1242	NaN	NaN	
1243	NaN	NaN	
1244	NaN	NaN	
1245	NaN	NaN	
1246	NaN	NaN	
1247	NaN	NaN	
1248	NaN	NaN	
1249	NaN	NaN	
1250	NaN	NaN	
1251	NaN	NaN	
1252	NaN	NaN	
1253	NaN	NaN	
1254	NaN	NaN	
1255	NaN	NaN	
1256	NaN	NaN	
1257	NaN	NaN	
1258	NaN	NaN	
1259	NaN	NaN	
1260	NaN	NaN	
1261	NaN	NaN	
1262	NaN	NaN	
1263	NaN	NaN	
1264	NaN	NaN	
1265	NaN	NaN	
1266	NaN	NaN	
1267	NaN	NaN	
1268	NaN	NaN	
1269	NaN	NaN	
1270	NaN	NaN	
1271	NaN	NaN	
1272	NaN	NaN	
1273	NaN	NaN	
1274	NaN	NaN	
1275	NaN	NaN	
1276	NaN	NaN	
1277	NaN	NaN	
1278	NaN	NaN	
1279	NaN	NaN	
1280	NaN	NaN	
1281	NaN	NaN	
1282	NaN	NaN	
1283	NaN	NaN	
1284	NaN	NaN	
1285	NaN	NaN	
1286	NaN	NaN	
1287	NaN	NaN	
1288	NaN	NaN	
1289	NaN	NaN	
1290	NaN	NaN	
1291	NaN	NaN	
1292	NaN	NaN	
1293	NaN	NaN	
1294	NaN	NaN	
1295	NaN	NaN	
1296	NaN	NaN	
1297	NaN	NaN	
1298	NaN	NaN	
1299	NaN	NaN	
1300	NaN	NaN	
1301	NaN	NaN	
1302	NaN	NaN	
1303	NaN	NaN	
1304	NaN	NaN	
1305	NaN	NaN	
1306	NaN	NaN	
1307	NaN	NaN	
1308	NaN	NaN	
1309	NaN	NaN	
1310	NaN	NaN	
1311	NaN	NaN	
1312	NaN	NaN	
1313	NaN	NaN	
1314	NaN	NaN	
1315	NaN	NaN	
1316	NaN	NaN	
1317	NaN	NaN	
1318	NaN	NaN	
1319	NaN	NaN	
1320	NaN	NaN	
1321	NaN	NaN	
1322	NaN	NaN	
1323	NaN	NaN	
1324	NaN	NaN	
1325	NaN	NaN	
1326	NaN	NaN	
1327	NaN	NaN	
1328	NaN	NaN	
1329	NaN	NaN	
1330	NaN	NaN	
1331	NaN	NaN	
1332	NaN	NaN	
1333	NaN	NaN	
1334	NaN	NaN	
1335	NaN	NaN	
1336	NaN	NaN	
1337	NaN	NaN	
1338	NaN	NaN	
1339	NaN	NaN	
1340	NaN	NaN	
1341	NaN	NaN	
1342	NaN	NaN	
1343	NaN	NaN	
1344	NaN	NaN	
1345	NaN	NaN	
1346	NaN	NaN	
1347	NaN	NaN	
1348	NaN	NaN	
1349	NaN	NaN	
1350	NaN	NaN	
1351	NaN	NaN	
1352	NaN	NaN	
1353	NaN	NaN	
1354	NaN	NaN	
1355	NaN	NaN	
1356	NaN	NaN	
1357	NaN	NaN	
1358	NaN	NaN	
1359	NaN	NaN	
1360	NaN	NaN	
1361	NaN	NaN	
1362	NaN	NaN	
1363	NaN	NaN	
1364	NaN	NaN	
1365	NaN	NaN	
1366	NaN	NaN	
1367	NaN	NaN	
1368	NaN	NaN	
1369	NaN	NaN	
1370	NaN	NaN	
1371	NaN	NaN	
1372	NaN	NaN	
1373	NaN	NaN	
1374	NaN	NaN	
1375	NaN	NaN	
1376	NaN	NaN	
1377	NaN	NaN	
1378	NaN	NaN	
1379	NaN	NaN	
1380	NaN	NaN	
1381	NaN	NaN	
1382	NaN	NaN	
1383	NaN	NaN	
1384	NaN	NaN	
1385	NaN	NaN	
1386	NaN	NaN	
1387	NaN	NaN	
1388	NaN	NaN	
1389	NaN	NaN	
1390	NaN	NaN	
1391	NaN	NaN	
1392	NaN	NaN	
1393	NaN	NaN	
1394	NaN	NaN	
1395	NaN	NaN	
1396	NaN	NaN	
1397	NaN	NaN	
1398	NaN	NaN	
1399	NaN	NaN	
1400	NaN	NaN	
1401	NaN	NaN	
1402	NaN	NaN	
1403	NaN	NaN	
1404	NaN	NaN	
1405	NaN	NaN	
1406	NaN	NaN	
1407	NaN	NaN	
1408	NaN	NaN	
1409	NaN	NaN	
1410	NaN	NaN	
1411	NaN	NaN	
1412	NaN	NaN	
1413	NaN	NaN	
1414	NaN	NaN	
1415	NaN	NaN	
1416	NaN	NaN	
1417	NaN	NaN	
1418	NaN	NaN	
1419	NaN	NaN	
1420	NaN	NaN	
1421	NaN	NaN	
1422	NaN	NaN	
1423	NaN	NaN	
1424	NaN	NaN	
1425	NaN	NaN	
1426	NaN	NaN	
1427	NaN	NaN	
1428	NaN	NaN	
1429	NaN	NaN	
1430	NaN	NaN	
1431	NaN	NaN	
1432	NaN	NaN	
1433	NaN	NaN	
1434	NaN	NaN	
1435	NaN	NaN	
1436	NaN	NaN	
1437	NaN	NaN	
1438	NaN	NaN	
1439	NaN	NaN	
1440	NaN	NaN	
1441	NaN	NaN	
1442	NaN	NaN	
1443	NaN	NaN	
1444	NaN	NaN	
1445	NaN	NaN	
1446	NaN	NaN	
1447	NaN	NaN	
1448	NaN	NaN	
1449	NaN	NaN	
1450	NaN	NaN	
1451	NaN	NaN	
1452	NaN	NaN	
1453	NaN	NaN	
1454	NaN	NaN	
1455	NaN	NaN	
1456	NaN	NaN	
1457	NaN	NaN	
1458	NaN	NaN	
1459	NaN	NaN	
1460	NaN	NaN	
1461	NaN	NaN	
1462	NaN	NaN	
1463	NaN	NaN	
1464	NaN	NaN	
1465	NaN	NaN	
1466	NaN	NaN	
1467	NaN	NaN	
1468	NaN	NaN	
1469	NaN	NaN	
1470	NaN	NaN	
1471	NaN	NaN	
1472	NaN	NaN	
1473	NaN	NaN	
1474	NaN	NaN	
1475	NaN	NaN	
1476	NaN	NaN	
1477	NaN	NaN	
1478	NaN	NaN	
1479	NaN	NaN	
1480	NaN	NaN	
1481	NaN	NaN	
1482	NaN	NaN	
1483	NaN	NaN	
1484	NaN	NaN	
1485	NaN	NaN	
1486	NaN	NaN	
1487	NaN	NaN	
1488	NaN	NaN	
1489	NaN	NaN	
1490	NaN	NaN	
