Athlete_Engineering	// User ID
11-2-2021	// Evaluation date
P008_WALK1	27-1-2021	13:35:09:051	// Source file name and timestamp
250.000	// Sampling rate
5.742	// Data capture period



Sample #	Right_Leg_Flexion	Right_Leg_Abduction	
0	-60.177404	-9.955617	
1	-60.238304	-10.446149	
2	-59.517233	-9.636067	
3	-57.542511	-9.497753	
4	-61.090761	-10.786870	
5	-62.063700	-10.325404	
6	-59.833817	-11.202311	
7	-60.661608	-11.255608	
8	-59.542705	-11.055466	
9	-57.890744	-10.464933	
10	-60.749762	-11.626401	
11	-60.100776	-11.202160	
12	-60.056928	-11.421677	
13	-60.040009	-10.821936	
14	-59.815100	-10.667753	
15	-59.954803	-10.645390	
16	-60.035918	-11.059049	
17	-59.792727	-10.821913	
18	-59.701788	-10.261078	
19	-58.931077	-10.081277	
20	-57.321280	-9.669604	
21	-58.519925	-10.098514	
22	-56.188349	-8.402954	
23	-59.068334	-10.967549	
24	-59.135014	-10.217006	
25	-58.000751	-9.046670	
26	-56.983021	-9.262077	
27	-59.214446	-9.256387	
28	-54.610909	-7.449110	
29	-60.029147	-11.508995	
30	-56.167357	-9.372493	
31	-56.928620	-8.935580	
32	-56.627212	-9.227511	
33	-57.422470	-10.347096	
34	-59.866568	-11.342685	
35	-59.750779	-11.178109	
36	-60.053118	-11.087499	
37	-60.523594	-11.159947	
38	-60.345269	-10.929897	
39	-60.599775	-10.738388	
40	-59.224173	-10.663291	
41	-57.264131	-10.371281	
42	-59.694135	-11.205712	
43	-60.318167	-10.794986	
44	-62.212342	-10.600466	
45	-59.450335	-11.417794	
46	-59.678616	-10.775298	
47	-59.797539	-11.031879	
48	-56.443446	-10.713204	
49	-57.903086	-11.224580	
50	-60.650989	-12.714234	
51	-59.268922	-12.102130	
52	-57.544329	-11.528090	
53	-60.616152	-12.650722	
54	-60.125901	-12.539128	
55	-59.982819	-12.600973	
56	-60.769661	-12.527871	
57	-62.191590	-12.035566	
58	-59.984123	-12.632848	
59	-60.070970	-12.541906	
60	-59.978275	-12.959733	
61	-61.978396	-13.848706	
62	-61.321136	-13.568798	
63	-59.497371	-13.074489	
64	-59.561893	-13.051635	
65	-60.354328	-13.447711	
66	-62.163065	-13.693616	
67	-60.454976	-12.629570	
68	-60.639839	-13.360854	
69	-60.587486	-13.054800	
70	-59.701509	-12.861387	
71	-58.312128	-12.037612	
72	-60.725889	-13.431524	
73	-59.882837	-13.309698	
74	-60.133289	-13.746709	
75	-60.389276	-14.065733	
76	-60.507698	-13.514222	
77	-60.335784	-13.785411	
78	-60.464692	-13.090792	
79	-60.353673	-13.813998	
80	-60.338657	-13.206215	
81	-60.334611	-12.852882	
82	-59.522768	-12.649850	
83	-59.442260	-12.235381	
84	-60.410375	-12.733605	
85	-60.179876	-12.193041	
86	-59.957331	-11.385271	
87	-60.001013	-11.547568	
88	-59.935834	-11.363758	
89	-59.801443	-11.405938	
90	-59.604580	-11.787794	
91	-59.935134	-12.309181	
92	-59.355729	-11.955660	
93	-56.114966	-10.196141	
94	-56.391853	-10.111698	
95	-56.125045	-9.799146	
96	-57.534784	-11.165599	
97	-60.076012	-11.262601	
98	-59.617287	-11.315814	
99	-59.552571	-10.965586	
100	-59.423711	-10.440655	
101	-59.607164	-10.442586	
102	-59.972944	-11.563991	
103	-59.129644	-14.041596	
104	-60.741256	-13.460100	
105	-62.343545	-9.702084	
106	-57.944821	-8.244718	
107	-58.392028	-8.646972	
108	-58.196644	-7.107568	
109	-58.682993	-5.179032	
110	-58.376251	-9.471412	
111	-59.068825	-13.493598	
112	-58.104654	-12.740350	
113	-54.899746	-10.354259	
114	-56.970029	-12.355017	
115	-56.679078	-10.716552	
116	-57.780938	-8.463077	
117	-54.455953	-10.611476	
118	-54.644990	-10.825030	
119	-54.564448	-9.853591	
120	-54.163496	-8.485300	
121	-54.619608	-8.017130	
122	-56.944189	-7.034305	
123	-53.259673	-9.024346	
124	-54.973746	-8.225032	
125	-56.403982	-8.509376	
126	-54.046088	-10.197489	
127	-56.373727	-9.936788	
128	-56.482357	-7.511467	
129	-55.974708	-6.074146	
130	-53.866762	-9.407540	
131	-55.748037	-7.381709	
132	-52.135464	-8.527621	
133	-51.937543	-8.508726	
134	-53.805386	-8.395275	
135	-58.084113	-6.342858	
136	-54.767556	-5.088393	
137	-55.182771	-4.579542	
138	-55.122850	-3.875705	
139	-54.976298	-4.127255	
140	-55.023254	-2.064326	
141	-55.047461	1.040413	
142	-54.037123	-0.946138	
143	-53.593935	-2.996676	
144	-54.558543	-5.664977	
145	-53.429793	-7.857839	
146	-52.063900	-7.127437	
147	-46.533196	-7.883653	
148	-46.012896	-7.258099	
149	-49.963903	-6.156184	
150	-51.535200	-7.012974	
151	-51.401429	-6.331633	
152	-50.249360	-6.296986	
153	-49.558466	-4.654525	
154	-53.796089	-0.589027	
155	-52.585613	-1.583662	
156	-52.713413	-2.548577	
157	-52.182717	-1.671722	
158	-52.952404	0.051192	
159	-53.525743	1.404697	
160	-51.156652	1.247130	
161	-50.969992	0.135534	
162	-51.066477	1.171461	
163	-50.000323	2.246241	
164	-49.073201	2.396793	
165	-48.813975	3.037443	
166	-47.490275	1.767811	
167	-45.659902	-3.386154	
168	-44.914518	0.114448	
169	-45.128415	3.318912	
170	-44.405413	2.477739	
171	-43.800506	1.386254	
172	-43.470064	0.789521	
173	-48.344312	0.338612	
174	-45.951209	0.851425	
175	-41.266190	1.839140	
176	-40.827790	-0.084723	
177	-45.720941	-4.035538	
178	-39.747252	-2.378372	
179	-40.383002	-1.322856	
180	-41.093653	-1.618457	
181	-42.094133	-1.025119	
182	-43.153102	-7.264181	
183	-43.132893	-7.020626	
184	-40.896224	-5.302645	
185	-39.359356	-3.909753	
186	-37.946198	-5.671151	
187	-39.584335	-4.198234	
188	-41.619482	-0.128750	
189	-39.402242	0.390739	
190	NaN	NaN	
191	NaN	NaN	
192	NaN	NaN	
193	NaN	NaN	
194	NaN	NaN	
195	NaN	NaN	
196	-36.794700	-1.180444	
197	-35.441268	-2.493721	
198	-33.920531	-1.443749	
199	-35.723518	-0.102971	
200	-36.366451	-2.569071	
201	-38.342844	-6.040128	
202	-31.549179	-3.893920	
203	-32.977651	-2.989712	
204	-32.034671	0.074119	
205	-26.808358	-2.402258	
206	-29.029032	-2.402729	
207	-29.633907	-2.889281	
208	-31.964966	-2.546048	
209	-34.311651	-1.079027	
210	-32.102058	-5.132394	
211	-36.524804	-7.418093	
212	-34.516388	-6.542174	
213	-28.077229	-2.405685	
214	-26.892720	-2.746306	
215	-29.087060	-3.084239	
216	-31.418533	-1.102968	
217	-25.955410	-3.238880	
218	-31.694920	-6.574946	
219	-36.001396	-7.325187	
220	-32.359216	-4.043109	
221	-35.281287	-8.079565	
222	-35.453338	-7.849478	
223	-33.752678	-7.470759	
224	-30.090882	-4.259021	
225	-30.131740	-2.511428	
226	-29.338477	-6.002868	
227	-32.020593	-1.759544	
228	-34.143675	-4.341560	
229	-37.120242	-9.993600	
230	-32.825969	-4.107281	
231	-33.741072	-7.182766	
232	-34.441369	-8.674360	
233	-32.468686	-4.212784	
234	-27.604834	-6.850036	
235	-31.741310	-5.343342	
236	-28.637370	-6.212571	
237	-32.593786	-2.049721	
238	-26.541569	-6.168596	
239	-31.967249	-3.239114	
240	-32.692296	-3.945386	
241	-33.141218	-6.824080	
242	-30.711841	-4.825906	
243	-31.387591	-4.707267	
244	-25.747307	-5.023328	
245	-26.338056	-6.421326	
246	-29.640825	-5.174816	
247	-32.434049	-11.712977	
248	-32.015797	-9.632765	
249	-30.902917	-6.639575	
250	-29.987497	-7.096774	
251	-30.825296	-5.495547	
252	-32.030076	-4.208527	
253	-30.054811	-6.202871	
254	-32.310777	-10.635998	
255	-31.676866	-4.794487	
256	-30.112128	-6.571340	
257	-28.513965	-5.614918	
258	-28.886048	-4.330201	
259	-29.341205	-5.307484	
260	-29.857807	-6.708268	
261	-30.117532	-5.893304	
262	-29.695803	-7.334663	
263	-29.607829	-8.672810	
264	-30.175900	-8.341798	
265	-30.493167	-9.162335	
266	-30.772083	-8.325664	
267	-30.599794	-5.962253	
268	-30.059335	-7.638849	
269	-29.773431	-9.557651	
270	-29.772766	-8.649934	
271	-29.550533	-7.775087	
272	-30.563736	-8.437566	
273	-30.328836	-7.548060	
274	-30.285355	-7.388683	
275	-29.936309	-8.434690	
276	-29.850038	-7.917413	
277	-30.848599	-8.962982	
278	-31.828188	-12.976090	
279	-30.490886	-7.307719	
280	-30.912051	-8.416692	
281	-30.399304	-8.593462	
282	-30.271465	-8.098187	
283	-29.801968	-7.853084	
284	-29.799279	-7.146258	
285	-30.544220	-6.444933	
286	-30.717022	-7.973628	
287	-30.517878	-7.590435	
288	-30.857800	-7.279151	
289	-30.311205	-6.718962	
290	-29.276745	-6.969646	
291	-29.975662	-6.880477	
292	-30.862767	-7.309130	
293	-29.550004	-7.065938	
294	-27.176068	-4.246190	
295	-27.768189	-6.815373	
296	-31.172520	-8.254485	
297	-28.074762	-5.707544	
298	-31.874661	-8.391084	
299	-30.737559	-8.053388	
300	-32.160523	-9.672804	
301	-31.508730	-7.663246	
302	-29.904122	-6.617555	
303	-32.543700	-9.509116	
304	-31.882993	-9.820929	
305	-32.395054	-9.412932	
306	-32.782474	-8.847635	
307	-32.198621	-6.499129	
308	-29.478614	-4.147226	
309	-33.358167	-7.272689	
310	-33.550329	-6.693265	
311	-32.398064	-5.824412	
312	-29.651155	-2.359179	
313	-30.618240	-2.762145	
314	-30.476678	-4.716426	
315	-30.415672	-8.671536	
316	-33.712921	-4.116887	
317	-32.157606	-3.427944	
318	-34.148148	-5.748155	
319	-30.909912	-1.892473	
320	-31.763378	-2.653289	
321	-30.719673	-1.897007	
322	-31.912880	-3.716668	
323	-35.112663	-8.009552	
324	-34.417380	-5.664441	
325	-34.659335	-5.570435	
326	-34.091347	-4.604759	
327	-33.584397	-4.024533	
328	-35.589413	-6.221930	
329	-36.337780	-7.177747	
330	-35.625116	-7.206418	
331	-34.174177	-4.422198	
332	-36.531630	-5.193654	
333	-33.494972	-3.176096	
334	-35.007762	-4.142512	
335	-35.351756	-3.742545	
336	-35.375178	-4.263018	
337	-35.677314	-5.527257	
338	-35.227208	-4.680785	
339	-35.567590	-4.444105	
340	-37.008299	-5.194729	
341	-39.582247	-7.830247	
342	-36.347281	-4.204415	
343	-38.461120	-7.999167	
344	-41.077551	-8.426450	
345	-36.694097	-5.595449	
346	-33.845869	-6.664888	
347	-38.393534	-3.289742	
348	-39.903144	-3.802150	
349	-42.901031	-7.681242	
350	-37.174039	-4.574734	
351	-34.554659	-7.258072	
352	-39.408736	-4.804620	
353	-38.860404	-4.689315	
354	-40.399297	-6.222613	
355	-43.171562	-9.050524	
356	-41.809362	-6.956184	
357	-37.656529	-5.683683	
358	-34.925593	-7.755670	
359	-39.763458	-6.867420	
360	-38.860888	-5.625843	
361	-40.472657	-7.378015	
362	-43.112793	-10.870912	
363	-40.947959	-7.247765	
364	-45.380779	-13.881775	
365	-44.465642	-13.148175	
366	-41.401424	-9.836714	
367	-46.392479	-13.716619	
368	-44.784580	-13.588077	
369	-45.672803	-13.619262	
370	-46.141412	-14.493959	
371	-44.488943	-13.722685	
372	-40.737498	-14.619266	
373	-45.822256	-13.234002	
374	-44.982922	-13.378480	
375	-45.080964	-10.084888	
376	-45.757267	-12.725665	
377	-46.931429	-12.306591	
378	-44.962777	-11.655163	
379	-46.809592	-11.255516	
380	-43.862345	-10.845597	
381	-39.629935	-11.173778	
382	-48.047438	-13.435071	
383	-46.647644	-12.908300	
384	-47.490223	-12.701444	
385	-48.406287	-10.583105	
386	-48.806607	-12.540668	
387	-48.505281	-8.790860	
388	-49.103881	-11.374201	
389	-49.435368	-13.208028	
390	-49.837700	-13.291893	
391	-48.536626	-11.835972	
392	-46.834342	-9.598119	
393	-50.332227	-11.688373	
394	-50.692402	-12.281236	
395	-49.841078	-12.043831	
396	-47.916888	-9.623535	
397	-50.864189	-11.317314	
398	-51.510778	-9.930746	
399	-51.244302	-9.677143	
400	-51.372902	-11.935283	
401	-52.848533	-12.802938	
402	-51.173443	-13.167408	
403	-49.858964	-10.965074	
404	-52.539886	-13.559151	
405	-49.783372	-10.975998	
406	-52.548657	-9.739652	
407	-47.937671	-4.851577	
408	-49.549431	-6.405383	
409	-52.660311	-10.858344	
410	-51.701031	-11.126959	
411	-51.745932	-11.483677	
412	-53.689045	-12.973381	
413	-56.184303	-15.097199	
414	-51.428089	-9.424883	
415	-52.104357	-9.641678	
416	-53.340555	-8.337867	
417	-52.846029	-8.846794	
418	-52.826390	-8.625422	
419	-53.528304	-8.356622	
420	-53.967761	-9.083390	
421	-54.023103	-8.738604	
422	-54.411538	-9.122168	
423	-54.939345	-10.160360	
424	-54.866320	-12.444671	
425	-55.878652	-11.814281	
426	-55.908907	-10.744382	
427	-55.844191	-9.833323	
428	-56.581994	-12.079373	
429	-57.522910	-12.653680	
430	-57.027389	-10.650032	
431	-61.457585	-14.888772	
432	-62.335122	-15.031172	
433	-58.849122	-11.658178	
434	-59.515647	-11.490026	
435	-58.385993	-13.058155	
436	-50.304932	-13.528128	
437	-56.659333	-10.353774	
438	-55.386861	-9.302445	
439	-57.614637	-7.581273	
440	-56.966955	-6.656144	
441	-58.002813	-6.274292	
442	-56.516592	-5.517756	
443	-57.764102	-4.771847	
444	-59.894449	-6.316122	
445	-59.448182	-7.128837	
446	-59.378027	-7.353590	
447	-58.617772	-6.663025	
448	-59.507994	-7.802548	
449	-59.970174	-9.037264	
450	-63.036446	-12.335098	
451	-63.878013	-10.752342	
452	-60.710016	-9.464902	
453	-61.143644	-9.613452	
454	-61.245000	-10.714846	
455	-62.172505	-10.205910	
456	-61.672001	-8.619686	
457	-61.836807	-9.684855	
458	-61.552366	-9.359441	
459	-62.204265	-9.581953	
460	-62.106602	-8.597490	
461	-61.420172	-9.066412	
462	-60.485161	-7.734421	
463	-61.290067	-8.003562	
464	-62.508123	-8.061338	
465	-61.828814	-7.549502	
466	-61.710066	-6.628840	
467	-62.329203	-6.971508	
468	-65.446987	-8.683852	
469	-63.447675	-8.361329	
470	-66.544158	-10.221080	
471	-66.075430	-9.628010	
472	-63.327706	-7.945395	
473	-64.155677	-8.691708	
474	-66.825902	-9.980605	
475	-64.316823	-8.525377	
476	-64.847637	-8.157462	
477	-67.188798	-9.312103	
478	-65.152150	-8.535589	
479	-66.266892	-9.963254	
480	-67.696990	-9.523803	
481	-65.314313	-7.932933	
482	-66.817061	-8.149143	
483	-68.740007	-9.999780	
484	-67.451419	-8.169368	
485	-70.061040	-7.555871	
486	-66.783923	-7.890202	
487	-68.677743	-8.549285	
488	-66.165051	-6.836695	
489	-66.551699	-6.851309	
490	-66.054587	-8.379116	
491	-66.275580	-8.833415	
492	-66.543245	-8.011269	
493	-67.442156	-8.898081	
494	-68.847486	-10.035479	
495	-65.577497	-7.307827	
496	-65.832998	-7.924591	
497	-65.877869	-8.240611	
498	-67.047185	-9.661458	
499	-64.325371	-9.863107	
500	-65.167760	-8.000338	
501	-66.559876	-11.625662	
502	-64.456778	-6.914578	
503	-66.725719	-8.613089	
504	-62.136734	-7.169029	
505	-65.115311	-5.242157	
506	-65.137540	-6.762415	
507	-62.370118	-6.086665	
508	-59.922445	-4.671872	
509	-61.048367	-3.897522	
510	-57.350269	-0.225373	
511	-56.672685	-1.841933	
512	-54.520420	0.142996	
513	-55.884737	-0.696365	
514	-58.200931	0.767890	
515	-53.905788	1.066471	
516	-51.876104	0.314780	
517	-54.119184	-1.432711	
518	-54.771045	1.063651	
519	-58.122515	0.798896	
520	-49.972080	-2.925085	
521	-51.218696	-0.927196	
522	-50.517883	-4.883252	
523	-57.094779	16.753801	
524	-45.220921	4.283612	
525	-47.316666	0.006384	
526	-46.648805	1.310539	
527	-50.423010	3.098337	
528	-49.441836	1.618605	
529	-36.675570	2.295475	
530	-43.408550	1.036904	
531	-44.237023	4.439984	
532	-39.034084	3.941644	
533	-41.849851	2.682045	
534	-41.399457	2.551946	
535	-39.994062	4.328993	
536	-39.686489	2.337432	
537	-39.608194	3.333454	
538	-34.624968	6.814989	
539	-34.673978	5.280563	
540	-45.626000	1.748836	
541	-37.343963	2.341952	
542	-38.052781	3.671787	
543	-39.884468	2.258430	
544	-40.416397	2.524737	
545	-26.309402	3.768194	
546	NaN	NaN	
547	NaN	NaN	
548	NaN	NaN	
549	NaN	NaN	
550	NaN	NaN	
551	NaN	NaN	
552	NaN	NaN	
553	NaN	NaN	
554	NaN	NaN	
555	NaN	NaN	
556	NaN	NaN	
557	-22.727683	5.182199	
558	-20.714416	4.524092	
559	-27.852127	4.132707	
560	-30.078719	3.784429	
561	-30.555680	-2.834657	
562	-29.772328	-7.079184	
563	-27.111831	4.992462	
564	-26.405085	0.558789	
565	-25.572038	4.955176	
566	-26.165992	1.912783	
567	-24.840906	0.182843	
568	-25.430181	0.266158	
569	-26.052479	1.724150	
570	-24.021166	2.752845	
571	-25.018255	-0.686181	
572	-26.252680	1.182890	
573	-24.636116	-0.655087	
574	-23.801963	4.549094	
575	-18.135355	0.680580	
576	-26.084103	-11.818378	
577	-24.523688	0.296784	
578	-19.586524	0.765219	
579	-23.664263	0.601162	
580	-18.916015	-1.056737	
581	-24.417643	0.489742	
582	-20.616824	-0.543747	
583	-19.303143	-1.576554	
584	-25.672389	-0.277851	
585	-22.308553	-0.725339	
586	-20.137961	-3.224017	
587	-21.606572	-4.487695	
588	-31.676339	-9.910897	
589	-26.071710	-4.370745	
590	-24.379261	-5.224375	
591	-26.462007	-8.596063	
592	-23.403131	-4.654083	
593	-22.828798	-2.601536	
594	-22.690413	-5.470547	
595	-32.431481	-9.024312	
596	-26.098059	-1.855520	
597	-21.645711	-3.958562	
598	-7.233053	-12.073851	
599	-26.095817	-0.732550	
600	-28.117504	-0.630033	
601	-26.190921	-5.740454	
602	-24.388369	-1.470178	
603	-26.783164	-1.379537	
604	-29.184564	0.373282	
605	-23.684596	-0.168578	
606	-25.296204	-1.112093	
607	-26.644874	-1.558078	
608	-28.503428	0.598439	
609	-26.908332	-2.758799	
610	-31.947000	-3.381737	
611	-27.411865	-5.028049	
612	-36.050935	-7.677572	
613	-29.700884	-2.423278	
614	-26.144872	-3.449556	
615	-10.800248	-7.768811	
616	-28.892749	-2.474557	
617	-29.487128	-2.355910	
618	-28.522886	-2.401667	
619	-30.608835	-2.865823	
620	-29.905363	-2.828734	
621	-25.697060	-3.865725	
622	-26.800901	-2.778811	
623	-26.814246	-2.118336	
624	-25.585142	-3.081817	
625	-28.972496	-2.462695	
626	-24.132157	-3.815658	
627	-26.198420	-4.193365	
628	-26.279848	-4.168371	
629	-33.312904	-3.584488	
630	-30.662113	0.422146	
631	-21.037415	-3.369579	
632	-26.191141	-1.849166	
633	-24.397101	-2.386490	
634	-23.567509	-2.232095	
635	-25.950491	-3.642120	
636	-32.723710	-4.226673	
637	-33.571897	-0.588044	
638	-27.063970	-5.644051	
639	-25.636240	-2.391108	
640	-30.000226	-3.902990	
641	-29.867150	-4.021426	
642	-28.870472	-6.009462	
643	-29.922905	-8.061114	
644	-27.031652	-3.347059	
645	-30.168215	-7.359130	
646	-27.278523	-8.861085	
647	-32.707584	-2.953430	
648	-35.017674	-5.600621	
649	-33.727725	-3.067636	
650	-34.362521	-4.179055	
651	-35.405890	-4.341942	
652	-34.459192	-2.876760	
653	-39.984067	-8.120959	
654	-31.200035	-3.586165	
655	-36.492946	-5.604934	
656	-37.774250	-7.958791	
657	-31.497462	-7.767197	
658	-34.801945	-6.883600	
659	-33.667916	-5.689735	
660	-38.574854	-7.089473	
661	-40.271005	-5.189168	
662	-40.958695	-2.879369	
663	-38.629295	-5.885906	
664	-38.568995	-8.839490	
665	-38.118835	-8.014644	
666	-40.591854	-7.572469	
667	-40.621193	-6.606274	
668	-40.838320	-4.772889	
669	-39.827600	-5.569752	
670	-35.374801	-5.373848	
671	-40.540856	-7.055487	
672	-50.546508	-8.184548	
673	-38.983880	-5.759959	
674	-33.210568	-5.128478	
675	-38.961566	-7.024443	
676	-39.486147	-6.862038	
677	-43.898078	-5.502410	
678	-42.082769	-4.296550	
679	-41.634688	-7.105906	
680	-32.884978	-8.119797	
681	-22.831809	-10.791590	
682	-46.737977	-3.816253	
683	-39.861714	-6.885913	
684	-49.897773	-2.087357	
685	-43.780044	-4.944791	
686	-40.839068	-4.715522	
687	-45.806299	-8.956773	
688	-38.474475	-8.748444	
689	-34.030826	-9.314545	
690	-36.877999	-6.735077	
691	-38.232067	-7.965626	
692	-38.252612	-8.377208	
693	-25.382335	-12.124928	
694	-22.891078	-10.571087	
695	-46.380464	-1.187981	
696	-45.891149	-12.172406	
697	-37.716596	-7.577310	
698	-19.347094	-9.414485	
699	-47.015303	-10.900775	
700	-48.867330	-10.992893	
701	-51.592506	-16.600965	
702	-41.844279	-12.514687	
703	-41.188706	-9.013463	
704	-41.090593	-14.846191	
705	-21.002300	-15.606317	
706	-44.765419	-15.725007	
707	-49.775398	-17.297692	
708	-43.120478	-15.406761	
709	-57.708691	-20.035429	
710	-49.328741	-18.320898	
711	-43.168548	-16.163433	
712	-48.783150	-17.021325	
713	-52.089454	-17.911151	
714	-51.638126	-19.969151	
715	-56.848517	-25.202740	
716	-48.383550	-19.366327	
717	-45.151224	-20.131032	
718	-48.955158	-21.108164	
719	-45.579691	-18.104876	
720	-43.554122	-15.727079	
721	NaN	NaN	
722	-48.234893	-17.338263	
723	-43.138157	-14.631040	
724	-50.272222	-18.142529	
725	-47.094525	-16.656967	
726	-52.637623	-20.838646	
727	-64.519589	-24.261479	
728	-46.453332	-16.279662	
729	-56.381444	-18.453014	
730	-52.223721	-18.532305	
731	-53.046099	-19.104871	
732	-52.364406	-18.472964	
733	-57.365493	-18.737418	
734	-36.571206	-15.794653	
735	-54.528568	-19.627056	
736	-62.796638	-17.514305	
737	NaN	NaN	
738	-48.258663	-21.083541	
739	-52.078636	-19.168375	
740	-53.727302	-20.377226	
741	-55.990095	-22.077857	
742	-56.944220	-21.533880	
743	-58.292363	-18.736488	
744	-61.614479	-16.507919	
745	-62.997052	-15.152322	
746	-59.814366	-20.841244	
747	-55.497342	-22.207095	
748	-57.841279	-20.291370	
749	-64.909789	-24.740485	
750	-58.861940	-22.016261	
751	-59.954461	-20.176918	
752	-62.096645	-22.329318	
753	-51.672653	-16.426151	
754	-31.258010	-12.451303	
755	-58.933693	-18.970690	
756	-60.137519	-18.826673	
757	-68.356870	-19.587763	
758	-60.139077	-14.543481	
759	-34.228776	-8.619388	
760	-61.577296	-16.495462	
761	-59.517314	-15.144778	
762	-61.735864	-15.073787	
763	-36.377414	-7.145788	
764	-32.185684	-7.502397	
765	-36.126849	-12.468498	
766	-69.554204	-31.392334	
767	-55.991817	-12.439818	
768	-53.777999	-14.180517	
769	-62.851795	-15.710470	
770	-60.117198	-15.824521	
771	-54.469265	-10.574218	
772	-41.922258	-7.943903	
773	-63.227077	-17.223233	
774	-34.735308	-7.550310	
775	-58.372952	-12.826163	
776	-35.366627	-7.374216	
777	-73.505742	-28.349280	
778	-64.346177	-16.975848	
779	-55.433284	-11.552864	
780	-63.199552	-15.306787	
781	-63.982741	-16.254682	
782	-63.981542	-13.432023	
783	-60.844536	-12.139388	
784	-57.590237	-12.818479	
785	-66.116448	-9.442587	
786	-91.896371	99.070134	
787	-68.691516	-20.703698	
788	-58.854701	-9.262018	
789	-60.518076	-10.118353	
790	-63.350684	-11.252430	
791	-60.645385	-11.854164	
792	-65.570574	-17.773292	
793	-60.906711	-13.087713	
794	-65.465275	-19.326168	
795	-70.490810	-13.740570	
796	-67.679169	-13.198067	
797	-63.217151	-12.175326	
798	NaN	NaN	
799	-19.968751	-0.402856	
800	-36.047567	-2.354326	
801	-61.722682	-10.728759	
802	-59.814784	-8.816274	
803	-65.920949	-11.703077	
804	-72.463169	-15.941738	
805	-61.585581	-9.141809	
806	-38.322720	-8.564092	
807	-37.579392	4.314825	
808	-70.665705	28.831902	
809	-62.843265	-13.101252	
810	-58.009229	-5.262258	
811	-56.142352	-5.273996	
812	-61.626802	-4.303887	
813	-46.545473	-1.634710	
814	-27.040857	-2.237569	
815	-57.606829	-3.792210	
816	-51.395902	-1.680328	
817	-51.608392	-1.238637	
818	-49.818041	-0.462038	
819	-50.118856	-2.249831	
820	-50.675715	-0.702583	
821	-57.409492	1.171710	
822	-39.830855	-0.529186	
823	-27.107465	-3.651380	
824	-57.744978	-2.340804	
825	-46.333329	-0.986410	
826	-43.403001	-0.498828	
827	-48.008520	-4.613060	
828	-45.801134	-3.231218	
829	-40.088045	-1.301223	
830	-40.316829	0.135668	
831	-41.825409	1.574926	
832	-39.572005	1.479741	
833	-31.839258	0.000288	
834	-37.679147	3.786809	
835	-47.807383	6.295881	
836	-46.646349	5.951218	
837	-39.107066	4.345945	
838	-36.719825	2.515481	
839	-28.697136	1.561377	
840	-29.222587	1.220431	
841	-37.135104	1.274877	
842	-54.184775	10.691511	
843	-51.153740	7.355032	
844	-43.400474	3.327333	
845	-44.070056	4.528161	
846	-41.793697	5.128206	
847	NaN	NaN	
848	-40.189600	9.046494	
849	-44.808651	4.163952	
850	59.289004	50.615887	
851	-54.837456	30.337078	
852	-62.807082	38.371378	
853	111.511691	112.279408	
854	104.605074	106.223421	
855	96.471707	97.500603	
856	104.353569	105.090349	
857	-62.204763	40.002923	
858	-66.723779	44.120496	
859	-67.030495	47.135502	
860	109.636813	109.326332	
861	-6.283565	-0.529307	
862	-14.048448	4.381099	
863	-52.676966	37.250462	
864	-58.264715	41.133181	
865	-61.469360	43.354375	
866	-62.183476	43.236946	
867	96.108327	97.840165	
868	100.750983	105.809972	
869	97.566878	100.012629	
870	94.981889	96.205960	
871	100.181316	104.181630	
872	103.236482	107.209786	
873	-16.300355	-5.318066	
874	-32.768517	9.554893	
875	-30.351319	3.648941	
876	-22.644868	6.228561	
877	-25.423150	5.444913	
878	-23.935987	7.227953	
879	-17.796138	1.112870	
880	-22.180149	6.511273	
881	-29.072167	6.054491	
882	-31.503158	5.028676	
883	-31.149061	6.201760	
884	-36.565847	7.557251	
885	NaN	NaN	
886	-29.816110	5.843715	
887	-30.968851	3.188525	
888	-28.187415	0.135283	
889	-26.437241	0.993997	
890	-29.517594	4.261867	
891	-31.674449	2.986452	
892	-34.152340	0.802355	
893	-19.731943	0.699558	
894	-6.646804	-6.766930	
895	-18.928172	-2.904136	
896	-17.430361	-0.579251	
897	-18.128229	-1.903554	
898	-17.756048	-4.411838	
899	-17.954409	-1.115760	
900	-19.560239	-0.054745	
901	-24.995236	6.426301	
902	-35.961680	43.859831	
903	-16.628205	-4.358361	
904	-23.165483	-1.849561	
905	-14.312943	-5.122802	
906	-19.829230	-6.162462	
907	-14.871974	-4.169680	
908	-17.320687	-2.860402	
909	-29.711282	0.240437	
910	-28.574367	-1.122197	
911	-28.481713	-0.049150	
912	-32.760223	2.015354	
913	-30.641933	2.061285	
914	-30.093323	0.634985	
915	-33.293315	6.548938	
916	-32.784574	47.765101	
917	-7.691738	-1.826513	
918	-18.646205	-4.449101	
919	-13.529603	-2.295233	
920	-6.419829	4.497119	
921	-18.849820	-5.540709	
922	-16.474268	-2.461976	
923	-19.978088	-8.523995	
924	-38.138986	-41.305885	
925	-40.650857	-45.044267	
926	-50.221208	-53.533116	
927	-21.877732	-37.329155	
928	-30.769543	5.855347	
929	-31.103003	-2.158376	
930	-34.172972	-3.883624	
931	-34.716050	-3.358183	
932	-34.278454	-2.564852	
933	-31.522767	-4.407253	
934	-31.156440	-9.589782	
935	-30.715264	-7.701907	
936	-25.384940	-0.517099	
937	-29.472906	-25.970854	
938	-35.667453	0.307587	
939	-31.575989	-4.912115	
940	-30.192641	-1.260931	
941	-32.181344	1.414788	
942	-34.404349	-5.573212	
943	-33.611432	-4.783949	
944	-36.788156	-6.007123	
945	-38.416358	-7.814185	
946	-33.805448	-1.598229	
947	-35.904522	-2.792522	
948	-32.848551	-6.324542	
949	-35.691700	-7.442580	
950	-38.394598	-8.637761	
951	-35.005622	-3.586571	
952	-39.787670	-6.161404	
953	-37.177371	-6.442231	
954	-43.385128	-7.923870	
955	-25.868812	-12.978036	
956	-28.282773	-26.627072	
957	-38.076979	4.041108	
958	-35.222119	4.459896	
959	-35.832052	8.554037	
960	-59.987834	54.546560	
961	-61.293598	48.713189	
962	-96.041257	-93.101014	
963	-86.993078	-86.910728	
964	-34.220755	-15.279684	
965	-38.478007	-8.018248	
966	-36.902197	-15.012674	
967	-38.273282	-3.638498	
968	-39.909386	-6.998342	
969	NaN	NaN	
970	-43.824515	-9.485297	
971	-40.564406	-5.904482	
972	NaN	NaN	
973	NaN	NaN	
974	NaN	NaN	
975	NaN	NaN	
976	NaN	NaN	
977	NaN	NaN	
978	NaN	NaN	
979	NaN	NaN	
980	NaN	NaN	
981	NaN	NaN	
982	NaN	NaN	
983	NaN	NaN	
984	NaN	NaN	
985	NaN	NaN	
986	NaN	NaN	
987	NaN	NaN	
988	NaN	NaN	
989	NaN	NaN	
990	NaN	NaN	
991	NaN	NaN	
992	NaN	NaN	
993	NaN	NaN	
994	NaN	NaN	
995	NaN	NaN	
996	NaN	NaN	
997	NaN	NaN	
998	NaN	NaN	
999	NaN	NaN	
1000	NaN	NaN	
1001	NaN	NaN	
1002	NaN	NaN	
1003	NaN	NaN	
1004	NaN	NaN	
1005	NaN	NaN	
1006	NaN	NaN	
1007	NaN	NaN	
1008	NaN	NaN	
1009	NaN	NaN	
1010	NaN	NaN	
1011	NaN	NaN	
1012	NaN	NaN	
1013	NaN	NaN	
1014	NaN	NaN	
1015	NaN	NaN	
1016	NaN	NaN	
1017	NaN	NaN	
1018	NaN	NaN	
1019	NaN	NaN	
1020	NaN	NaN	
1021	NaN	NaN	
1022	NaN	NaN	
1023	NaN	NaN	
1024	NaN	NaN	
1025	NaN	NaN	
1026	NaN	NaN	
1027	NaN	NaN	
1028	NaN	NaN	
1029	NaN	NaN	
1030	NaN	NaN	
1031	NaN	NaN	
1032	NaN	NaN	
1033	NaN	NaN	
1034	NaN	NaN	
1035	NaN	NaN	
1036	NaN	NaN	
1037	NaN	NaN	
1038	NaN	NaN	
1039	NaN	NaN	
1040	NaN	NaN	
1041	NaN	NaN	
1042	NaN	NaN	
1043	NaN	NaN	
1044	NaN	NaN	
1045	NaN	NaN	
1046	NaN	NaN	
1047	NaN	NaN	
1048	NaN	NaN	
1049	NaN	NaN	
1050	NaN	NaN	
1051	NaN	NaN	
1052	NaN	NaN	
1053	NaN	NaN	
1054	NaN	NaN	
1055	NaN	NaN	
1056	NaN	NaN	
1057	NaN	NaN	
1058	NaN	NaN	
1059	NaN	NaN	
1060	NaN	NaN	
1061	NaN	NaN	
1062	NaN	NaN	
1063	NaN	NaN	
1064	NaN	NaN	
1065	NaN	NaN	
1066	NaN	NaN	
1067	NaN	NaN	
1068	NaN	NaN	
1069	NaN	NaN	
1070	NaN	NaN	
1071	NaN	NaN	
1072	NaN	NaN	
1073	NaN	NaN	
1074	NaN	NaN	
1075	NaN	NaN	
1076	NaN	NaN	
1077	NaN	NaN	
1078	NaN	NaN	
1079	NaN	NaN	
1080	NaN	NaN	
1081	NaN	NaN	
1082	NaN	NaN	
1083	NaN	NaN	
1084	NaN	NaN	
1085	NaN	NaN	
1086	NaN	NaN	
1087	NaN	NaN	
1088	NaN	NaN	
1089	NaN	NaN	
1090	NaN	NaN	
1091	NaN	NaN	
1092	NaN	NaN	
1093	NaN	NaN	
1094	NaN	NaN	
1095	NaN	NaN	
1096	NaN	NaN	
1097	NaN	NaN	
1098	NaN	NaN	
1099	NaN	NaN	
1100	NaN	NaN	
1101	NaN	NaN	
1102	NaN	NaN	
1103	NaN	NaN	
1104	NaN	NaN	
1105	NaN	NaN	
1106	NaN	NaN	
1107	NaN	NaN	
1108	NaN	NaN	
1109	NaN	NaN	
1110	NaN	NaN	
1111	NaN	NaN	
1112	NaN	NaN	
1113	NaN	NaN	
1114	NaN	NaN	
1115	NaN	NaN	
1116	NaN	NaN	
1117	NaN	NaN	
1118	NaN	NaN	
1119	NaN	NaN	
1120	NaN	NaN	
1121	NaN	NaN	
1122	NaN	NaN	
1123	NaN	NaN	
1124	NaN	NaN	
1125	NaN	NaN	
1126	NaN	NaN	
1127	NaN	NaN	
1128	NaN	NaN	
1129	NaN	NaN	
1130	NaN	NaN	
1131	NaN	NaN	
1132	NaN	NaN	
1133	NaN	NaN	
1134	NaN	NaN	
1135	NaN	NaN	
1136	NaN	NaN	
1137	NaN	NaN	
1138	NaN	NaN	
1139	NaN	NaN	
1140	NaN	NaN	
1141	NaN	NaN	
1142	NaN	NaN	
1143	NaN	NaN	
1144	NaN	NaN	
1145	NaN	NaN	
1146	NaN	NaN	
1147	NaN	NaN	
1148	NaN	NaN	
1149	NaN	NaN	
1150	NaN	NaN	
1151	NaN	NaN	
1152	NaN	NaN	
1153	NaN	NaN	
1154	NaN	NaN	
1155	NaN	NaN	
1156	NaN	NaN	
1157	NaN	NaN	
1158	NaN	NaN	
1159	NaN	NaN	
1160	NaN	NaN	
1161	NaN	NaN	
1162	NaN	NaN	
1163	NaN	NaN	
1164	NaN	NaN	
1165	NaN	NaN	
1166	NaN	NaN	
1167	NaN	NaN	
1168	NaN	NaN	
1169	NaN	NaN	
1170	NaN	NaN	
1171	NaN	NaN	
1172	NaN	NaN	
1173	NaN	NaN	
1174	NaN	NaN	
1175	NaN	NaN	
1176	NaN	NaN	
1177	NaN	NaN	
1178	NaN	NaN	
1179	NaN	NaN	
1180	NaN	NaN	
1181	NaN	NaN	
1182	NaN	NaN	
1183	NaN	NaN	
1184	NaN	NaN	
1185	NaN	NaN	
1186	NaN	NaN	
1187	NaN	NaN	
1188	NaN	NaN	
1189	NaN	NaN	
1190	NaN	NaN	
1191	NaN	NaN	
1192	NaN	NaN	
1193	NaN	NaN	
1194	NaN	NaN	
1195	NaN	NaN	
1196	NaN	NaN	
1197	NaN	NaN	
1198	NaN	NaN	
1199	NaN	NaN	
1200	NaN	NaN	
1201	NaN	NaN	
1202	NaN	NaN	
1203	NaN	NaN	
1204	NaN	NaN	
1205	NaN	NaN	
1206	NaN	NaN	
1207	NaN	NaN	
1208	NaN	NaN	
1209	NaN	NaN	
1210	NaN	NaN	
1211	NaN	NaN	
1212	NaN	NaN	
1213	NaN	NaN	
1214	NaN	NaN	
1215	NaN	NaN	
1216	NaN	NaN	
1217	NaN	NaN	
1218	NaN	NaN	
1219	NaN	NaN	
1220	NaN	NaN	
1221	NaN	NaN	
1222	NaN	NaN	
1223	NaN	NaN	
1224	NaN	NaN	
1225	NaN	NaN	
1226	NaN	NaN	
1227	NaN	NaN	
1228	NaN	NaN	
1229	NaN	NaN	
1230	NaN	NaN	
1231	NaN	NaN	
1232	NaN	NaN	
1233	NaN	NaN	
1234	NaN	NaN	
1235	NaN	NaN	
1236	NaN	NaN	
1237	NaN	NaN	
1238	NaN	NaN	
1239	NaN	NaN	
1240	NaN	NaN	
1241	NaN	NaN	
1242	NaN	NaN	
1243	NaN	NaN	
1244	NaN	NaN	
1245	NaN	NaN	
1246	NaN	NaN	
1247	NaN	NaN	
1248	NaN	NaN	
1249	NaN	NaN	
1250	NaN	NaN	
1251	NaN	NaN	
1252	NaN	NaN	
1253	NaN	NaN	
1254	NaN	NaN	
1255	NaN	NaN	
1256	NaN	NaN	
1257	NaN	NaN	
1258	NaN	NaN	
1259	NaN	NaN	
1260	NaN	NaN	
1261	NaN	NaN	
1262	NaN	NaN	
1263	NaN	NaN	
1264	NaN	NaN	
1265	NaN	NaN	
1266	NaN	NaN	
1267	NaN	NaN	
1268	NaN	NaN	
1269	NaN	NaN	
1270	NaN	NaN	
1271	NaN	NaN	
1272	NaN	NaN	
1273	NaN	NaN	
1274	NaN	NaN	
1275	NaN	NaN	
1276	NaN	NaN	
1277	NaN	NaN	
1278	NaN	NaN	
1279	NaN	NaN	
1280	NaN	NaN	
1281	NaN	NaN	
1282	NaN	NaN	
1283	NaN	NaN	
1284	NaN	NaN	
1285	NaN	NaN	
1286	NaN	NaN	
1287	NaN	NaN	
1288	NaN	NaN	
1289	NaN	NaN	
1290	NaN	NaN	
1291	NaN	NaN	
1292	NaN	NaN	
1293	NaN	NaN	
1294	NaN	NaN	
1295	NaN	NaN	
1296	NaN	NaN	
1297	NaN	NaN	
1298	NaN	NaN	
1299	NaN	NaN	
1300	NaN	NaN	
1301	NaN	NaN	
1302	NaN	NaN	
1303	NaN	NaN	
1304	NaN	NaN	
1305	NaN	NaN	
1306	NaN	NaN	
1307	NaN	NaN	
1308	NaN	NaN	
1309	NaN	NaN	
1310	NaN	NaN	
1311	NaN	NaN	
1312	NaN	NaN	
1313	NaN	NaN	
1314	NaN	NaN	
1315	NaN	NaN	
1316	NaN	NaN	
1317	NaN	NaN	
1318	NaN	NaN	
1319	NaN	NaN	
1320	NaN	NaN	
1321	NaN	NaN	
1322	NaN	NaN	
1323	NaN	NaN	
1324	NaN	NaN	
1325	NaN	NaN	
1326	NaN	NaN	
1327	NaN	NaN	
1328	NaN	NaN	
1329	NaN	NaN	
1330	NaN	NaN	
1331	NaN	NaN	
1332	NaN	NaN	
1333	NaN	NaN	
1334	NaN	NaN	
1335	NaN	NaN	
1336	NaN	NaN	
1337	NaN	NaN	
1338	NaN	NaN	
1339	NaN	NaN	
1340	NaN	NaN	
1341	NaN	NaN	
1342	NaN	NaN	
1343	NaN	NaN	
1344	NaN	NaN	
1345	NaN	NaN	
1346	NaN	NaN	
1347	NaN	NaN	
1348	NaN	NaN	
1349	NaN	NaN	
1350	NaN	NaN	
1351	NaN	NaN	
1352	NaN	NaN	
1353	NaN	NaN	
1354	NaN	NaN	
1355	NaN	NaN	
1356	NaN	NaN	
1357	NaN	NaN	
1358	NaN	NaN	
1359	NaN	NaN	
1360	NaN	NaN	
1361	NaN	NaN	
1362	NaN	NaN	
1363	NaN	NaN	
1364	NaN	NaN	
1365	NaN	NaN	
1366	NaN	NaN	
1367	NaN	NaN	
1368	NaN	NaN	
1369	NaN	NaN	
1370	NaN	NaN	
1371	NaN	NaN	
1372	NaN	NaN	
1373	NaN	NaN	
1374	NaN	NaN	
1375	NaN	NaN	
1376	NaN	NaN	
1377	NaN	NaN	
1378	NaN	NaN	
1379	NaN	NaN	
1380	NaN	NaN	
1381	NaN	NaN	
1382	NaN	NaN	
1383	NaN	NaN	
1384	NaN	NaN	
1385	NaN	NaN	
1386	NaN	NaN	
1387	NaN	NaN	
1388	NaN	NaN	
1389	NaN	NaN	
1390	NaN	NaN	
1391	NaN	NaN	
1392	NaN	NaN	
1393	NaN	NaN	
1394	NaN	NaN	
1395	NaN	NaN	
1396	NaN	NaN	
1397	NaN	NaN	
1398	NaN	NaN	
1399	NaN	NaN	
1400	NaN	NaN	
1401	NaN	NaN	
1402	NaN	NaN	
1403	NaN	NaN	
1404	NaN	NaN	
1405	NaN	NaN	
1406	NaN	NaN	
1407	NaN	NaN	
1408	NaN	NaN	
1409	NaN	NaN	
1410	NaN	NaN	
1411	NaN	NaN	
1412	NaN	NaN	
1413	NaN	NaN	
1414	NaN	NaN	
1415	NaN	NaN	
1416	NaN	NaN	
1417	NaN	NaN	
1418	NaN	NaN	
1419	NaN	NaN	
1420	NaN	NaN	
1421	NaN	NaN	
1422	NaN	NaN	
1423	NaN	NaN	
1424	NaN	NaN	
1425	NaN	NaN	
1426	NaN	NaN	
1427	NaN	NaN	
1428	NaN	NaN	
1429	NaN	NaN	
1430	NaN	NaN	
1431	NaN	NaN	
1432	NaN	NaN	
1433	NaN	NaN	
1434	NaN	NaN	
1435	NaN	NaN	
