Athlete_Engineering	// User ID
11-2-2021	// Evaluation date
P008_FLEX	27-1-2021	13:33:10:793	// Source file name and timestamp
250.000	// Sampling rate
7.671	// Data capture period



Sample #	Right_Leg_Flexion	Right_Leg_Abduction	
0	-57.281107	-4.264228	
1	-57.695226	-4.789070	
2	-58.052496	-5.407111	
3	-57.914721	-5.241026	
4	-58.166976	-4.880711	
5	-57.635862	-4.715575	
6	-57.615898	-5.464693	
7	-57.540745	-5.233326	
8	-58.152636	-4.484374	
9	-58.033987	-4.280111	
10	-58.233380	-4.119758	
11	-58.657511	-3.458761	
12	-58.438879	-4.939873	
13	-58.062168	-8.427458	
14	-58.755111	-7.515535	
15	-58.768893	-7.123870	
16	-58.283604	-6.293733	
17	-58.776065	-8.346769	
18	-58.344417	-7.235867	
19	-57.815548	-6.172656	
20	-58.684705	-6.647049	
21	-58.671311	-5.544646	
22	-57.536309	-7.145472	
23	-57.507342	-6.270276	
24	-58.403505	-6.884841	
25	-57.997466	-7.452725	
26	-57.731519	-4.182727	
27	-57.455897	-5.467749	
28	-57.267786	-6.015345	
29	-57.428518	-4.258999	
30	-57.981643	-6.038226	
31	-58.517413	-4.805750	
32	-57.671268	-4.328249	
33	-57.361584	-4.142882	
34	-57.856533	-4.921084	
35	-57.825033	-2.895608	
36	-57.809113	-4.907470	
37	-57.865732	-3.925651	
38	-58.449301	-4.553310	
39	-58.788010	-3.568058	
40	-57.842960	-5.298517	
41	-59.178765	-3.105583	
42	-58.499964	-3.968532	
43	-57.447968	-5.404870	
44	-57.630034	-3.133356	
45	-58.257088	-6.180112	
46	-58.324933	-4.610055	
47	-58.443138	-3.109346	
48	-60.177003	-5.472718	
49	-61.806894	-7.447903	
50	-58.979986	-2.072205	
51	-59.191417	-4.359663	
52	-59.215782	-3.736880	
53	-59.245113	-3.872441	
54	-58.713813	-2.898663	
55	-58.806120	-2.397384	
56	-59.149544	-1.853257	
57	-60.521410	-3.885480	
58	-62.380518	-5.747224	
59	-60.020497	-2.694999	
60	-62.430249	-6.901271	
61	-59.127015	-0.454724	
62	-60.447533	-2.075732	
63	-60.022888	-3.057874	
64	-62.253052	-5.094958	
65	-62.636685	-4.769060	
66	-62.649405	-5.505459	
67	-62.960956	-4.542342	
68	-62.918742	-4.683407	
69	-63.230892	-3.953070	
70	-62.793476	-3.865204	
71	-61.137732	0.538330	
72	-60.804469	-0.905588	
73	-62.834174	-5.136076	
74	-62.890726	-6.578444	
75	-62.932411	-4.839040	
76	-63.023124	-5.471505	
77	-63.118230	-7.563762	
78	-63.364900	-5.910862	
79	-62.895942	-6.076917	
80	-62.992939	-5.758587	
81	-63.137104	-7.967176	
82	-62.819489	-7.957548	
83	-62.839600	-9.037036	
84	-62.726893	-7.147789	
85	-61.327902	-3.979830	
86	-55.162107	3.765770	
87	-61.070559	-4.332025	
88	-59.459644	-3.561114	
89	-58.455813	-2.384021	
90	-59.056418	0.042495	
91	-59.256173	0.768455	
92	-58.608430	-0.283125	
93	-58.928050	-0.462681	
94	-58.422509	-0.477576	
95	-57.968410	-3.646360	
96	-58.430124	0.779542	
97	-58.301430	-0.758471	
98	-58.357318	0.189708	
99	-58.217711	-0.433437	
100	-57.946265	-3.044241	
101	-57.518433	-4.648824	
102	-57.998875	-3.681267	
103	-58.014791	0.092915	
104	-57.825034	-0.176921	
105	-58.108510	-1.705948	
106	-60.256521	-3.583530	
107	-57.777799	-2.459860	
108	-57.784085	-1.176354	
109	-57.848804	-1.384682	
110	-57.554853	-1.120562	
111	-57.127314	0.618838	
112	-56.832831	1.908942	
113	-55.756477	1.879291	
114	-55.870082	0.687401	
115	-56.151216	0.033374	
116	-57.967827	-2.884319	
117	-59.298233	-8.717089	
118	-55.629248	-2.481505	
119	-56.045070	-5.107689	
120	-54.983815	-2.908332	
121	-55.701600	-0.201945	
122	-59.505051	-5.671181	
123	-57.797659	-4.189122	
124	-54.989096	-0.779272	
125	-55.602986	1.053136	
126	-55.618790	1.991409	
127	-55.744066	0.546515	
128	-54.936511	-0.721175	
129	-53.305210	-1.154062	
130	-54.512370	0.064672	
131	-54.299700	-0.284332	
132	-53.964860	-0.531796	
133	-52.729414	-1.922242	
134	-53.713926	0.566446	
135	-54.537330	2.743389	
136	-55.010218	3.147629	
137	-54.429102	1.867791	
138	-53.839470	2.079378	
139	-53.426090	-0.215082	
140	-53.630729	0.584524	
141	-52.461036	2.533787	
142	-52.333475	2.547005	
143	-54.001685	5.022273	
144	-53.837574	4.172425	
145	-53.107961	4.983313	
146	-52.446261	2.907462	
147	-54.082696	1.346609	
148	-53.955662	3.177521	
149	-53.305903	3.227469	
150	-52.480459	2.979136	
151	-52.132957	2.510939	
152	-51.620642	4.137005	
153	-51.646544	4.448073	
154	-51.359589	6.126834	
155	-50.838919	5.200279	
156	-49.777348	6.448830	
157	-49.550504	8.928117	
158	-50.400372	7.587497	
159	-50.471236	6.613292	
160	-50.663101	6.379876	
161	-49.494273	6.095052	
162	-48.093809	4.641501	
163	-48.361492	4.644986	
164	-48.674194	5.795840	
165	-48.259068	6.646617	
166	-47.701596	5.621933	
167	-47.236226	5.032073	
168	-45.069099	4.663046	
169	-45.786399	6.314405	
170	-44.392787	4.493329	
171	-45.186561	3.967715	
172	-45.967992	3.028845	
173	-43.267611	1.498221	
174	-43.630722	0.493147	
175	-44.668376	1.334701	
176	-44.560071	2.243795	
177	-46.830081	2.600759	
178	-46.176117	0.929427	
179	-41.283929	2.562119	
180	-40.093454	2.853673	
181	-40.487123	3.893302	
182	-40.720741	2.700705	
183	-41.681300	3.769609	
184	-43.363409	3.838385	
185	-43.324302	4.948024	
186	-43.505300	10.462924	
187	-42.840303	0.816117	
188	-42.772845	3.696246	
189	-42.643973	5.643147	
190	-42.718013	9.828380	
191	-43.176579	5.843545	
192	-42.913531	7.975823	
193	-42.891173	6.306244	
194	-44.382188	5.830602	
195	-44.156174	9.273697	
196	-44.201694	13.046596	
197	-44.003110	11.325331	
198	-43.711536	12.022400	
199	-43.108976	10.711267	
200	-41.505849	10.437966	
201	-43.565875	8.777955	
202	-42.418819	10.119671	
203	-43.245750	8.881226	
204	-42.753418	9.648458	
205	-44.122615	16.592484	
206	-40.868864	13.165767	
207	-39.933161	6.970293	
208	-40.807187	7.449893	
209	-40.939576	8.667251	
210	-40.163052	8.855217	
211	-39.485931	10.982727	
212	-40.295711	6.435568	
213	-39.229769	6.295867	
214	-38.951495	6.582793	
215	-39.284548	8.631686	
216	-40.443894	8.102872	
217	-39.519154	8.829770	
218	-39.311642	8.474781	
219	-39.269555	8.234275	
220	-39.661854	10.837377	
221	-39.776309	12.119290	
222	-40.213153	11.976136	
223	-41.854108	10.672304	
224	-41.121932	9.828878	
225	-40.228612	10.537643	
226	-39.912214	8.698613	
227	-39.933299	10.749410	
228	-40.447109	11.725174	
229	-39.927002	10.113024	
230	-40.570129	10.338998	
231	-40.579409	11.391726	
232	-40.270564	13.996391	
233	-40.360278	11.896229	
234	-40.178152	10.708180	
235	-38.699195	9.900756	
236	-39.186283	8.396336	
237	-38.598909	8.932564	
238	-39.071451	6.642635	
239	-39.021679	8.682141	
240	-39.414831	8.674102	
241	-38.692729	9.078829	
242	-37.410394	9.295236	
243	-38.503285	10.341045	
244	-39.772817	11.578434	
245	-39.092034	9.454164	
246	-39.262323	12.760271	
247	-38.901601	12.718687	
248	-39.353975	13.871014	
249	-38.338515	12.079365	
250	-38.218567	11.348041	
251	-40.539260	13.610290	
252	-40.327049	15.672546	
253	-39.979537	14.019398	
254	-40.013980	14.591284	
255	-39.705866	15.246413	
256	-39.337149	15.747355	
257	-39.516169	15.212049	
258	-39.749938	16.895731	
259	-39.966248	16.385239	
260	-40.801298	16.417769	
261	-40.671128	16.341625	
262	-41.376765	12.805423	
263	-42.741491	17.862961	
264	-40.785164	22.992605	
265	-41.599214	17.506379	
266	-41.155506	16.734126	
267	-41.988011	16.803534	
268	-41.072181	16.936555	
269	-41.504424	15.343508	
270	-41.969258	11.851795	
271	-41.165123	14.709078	
272	-41.451022	14.457382	
273	-41.477859	14.859254	
274	-41.938132	16.579255	
275	-41.307017	16.382001	
276	-40.606854	17.770749	
277	-41.292192	16.868038	
278	-40.302403	15.366571	
279	-38.076345	14.595300	
280	-38.999911	18.146627	
281	-39.273207	14.810408	
282	-39.627271	12.567169	
283	-39.779815	14.405063	
284	-39.686066	13.378699	
285	-39.679401	13.589888	
286	-39.111622	14.090501	
287	-39.726416	15.103883	
288	-40.679388	16.078203	
289	-39.457833	14.674118	
290	-41.285713	16.793498	
291	-40.903682	15.973679	
292	-40.532908	16.432328	
293	-41.876102	18.298919	
294	-41.912016	15.463684	
295	-41.797869	18.049545	
296	-41.392528	18.019883	
297	-40.987944	17.598738	
298	-41.459849	19.164462	
299	-41.423175	20.407639	
300	-41.322159	18.190953	
301	-42.244556	16.513789	
302	-42.197337	11.260810	
303	-42.027902	17.272054	
304	-42.623469	15.964728	
305	-44.880091	13.334550	
306	-46.498792	14.845495	
307	-45.461064	15.100764	
308	-42.127353	17.791038	
309	-43.122970	19.652203	
310	-42.482138	18.585163	
311	-43.547729	19.527230	
312	-43.016136	17.909748	
313	-43.002615	19.967544	
314	-42.691763	20.226250	
315	-43.474808	19.966697	
316	-43.263032	19.007806	
317	-42.549564	17.319762	
318	-44.101970	14.150941	
319	-41.376319	18.236067	
320	-41.044899	18.010937	
321	-42.344616	18.756104	
322	-42.751949	19.109657	
323	-42.222459	18.372173	
324	-42.979780	17.600206	
325	-42.838262	18.812440	
326	-43.381015	19.275097	
327	-43.300213	19.853700	
328	-43.262034	20.407682	
329	-43.824619	20.151179	
330	-44.391341	20.972418	
331	-43.527336	20.007762	
332	-43.447549	22.457626	
333	-43.990008	26.093337	
334	-43.269705	24.896343	
335	-42.405391	23.513112	
336	-43.432904	24.558211	
337	-43.615678	24.957025	
338	-43.403277	24.280271	
339	-43.486917	24.119529	
340	-43.509998	24.812753	
341	-43.441199	25.640205	
342	-43.450352	24.851260	
343	-43.488706	24.323686	
344	-42.870420	23.699846	
345	-43.580549	25.155116	
346	-44.399793	25.874344	
347	-44.037314	23.201035	
348	-44.147131	23.431602	
349	-44.476544	25.899153	
350	-45.012005	25.209253	
351	-44.667499	23.857072	
352	-44.510346	24.634692	
353	-45.081850	24.177175	
354	-45.153775	24.594122	
355	-45.355830	26.513594	
356	-46.314334	28.569417	
357	-45.259365	25.667777	
358	-44.971826	25.623113	
359	-44.815302	25.752220	
360	-44.864916	24.310172	
361	-44.894720	27.920166	
362	-44.829966	26.520863	
363	-44.722251	24.357187	
364	-44.462857	24.545459	
365	-44.916398	24.699423	
366	-45.060472	22.891925	
367	-44.819310	24.889140	
368	-45.092102	24.558227	
369	-45.164990	22.540556	
370	-44.913601	23.355199	
371	-44.888162	24.370369	
372	-44.580296	24.069027	
373	-44.744346	22.923870	
374	-44.358204	21.457279	
375	-44.397084	21.731716	
376	-44.617536	20.778973	
377	-44.382287	21.411297	
378	-44.325125	22.107304	
379	-44.287040	21.792628	
380	-44.509259	21.140112	
381	-44.151110	20.900678	
382	-44.709473	21.068625	
383	-44.716685	20.946332	
384	-44.984448	21.332529	
385	-44.370655	20.682565	
386	-43.608833	21.727826	
387	-45.302551	24.767140	
388	-45.274637	24.200899	
389	-44.603151	24.394648	
390	-44.996149	23.057514	
391	-45.047422	23.896006	
392	-44.020078	23.898609	
393	-43.308271	20.460288	
394	-45.062515	25.434269	
395	-44.891315	23.935945	
396	-44.646274	22.819427	
397	-45.218538	23.868806	
398	-45.147246	24.011427	
399	-43.455325	21.104607	
400	-43.687845	22.307973	
401	-43.288720	21.848863	
402	-43.953849	21.912972	
403	-43.701179	22.235631	
404	-44.473759	24.232250	
405	-45.045397	22.423613	
406	-44.961556	23.385609	
407	-43.322403	22.331936	
408	-42.866425	21.561042	
409	-43.012210	21.081745	
410	-42.492365	23.464856	
411	-42.580923	24.027206	
412	-42.470785	24.757028	
413	-41.878208	23.182705	
414	-41.597538	21.683077	
415	-41.329595	22.605319	
416	-41.497340	22.164742	
417	-41.885486	21.368104	
418	-41.364514	22.208712	
419	-40.229013	23.023740	
420	-40.226818	21.263597	
421	-40.041270	17.040711	
422	-40.312156	18.735912	
423	-39.593323	19.216511	
424	-39.088864	17.763598	
425	-39.650786	18.036313	
426	-40.130432	16.977396	
427	-40.654943	16.933505	
428	-40.481507	16.185980	
429	-41.982537	18.692066	
430	-43.010174	21.509707	
431	-42.581798	21.208143	
432	-43.722641	20.355000	
433	-43.432377	20.577210	
434	-43.903568	17.152285	
435	-43.342931	20.120261	
436	-43.917168	18.561300	
437	-43.821793	18.699929	
438	-44.390062	18.226472	
439	-44.510701	17.123212	
440	-44.065727	19.133442	
441	-44.213970	20.232923	
442	-44.395948	16.852774	
443	-44.691039	11.736804	
444	-44.780989	13.873590	
445	-44.281183	13.572250	
446	-44.722974	15.320903	
447	-44.780727	14.821918	
448	-44.619100	16.516229	
449	-44.295519	15.213947	
450	-44.961880	16.952112	
451	-44.921408	15.551838	
452	-45.045767	15.865465	
453	-45.857471	13.886942	
454	-45.652119	11.909282	
455	-45.927764	12.061401	
456	-46.213316	12.755677	
457	-46.816388	11.790480	
458	-46.349403	12.763764	
459	-46.078001	14.821849	
460	-45.972860	13.844475	
461	-46.679349	10.664823	
462	-46.874923	10.789116	
463	-46.849241	9.663482	
464	-47.281942	10.016483	
465	-47.419293	11.041953	
466	-46.715199	11.879807	
467	-45.835110	10.522322	
468	-46.671482	11.858872	
469	-47.289750	9.564730	
470	-46.613799	10.072146	
471	-46.754526	13.180749	
472	-47.310189	15.462262	
473	-47.787670	14.587444	
474	-46.085310	13.176683	
475	-46.133400	15.330505	
476	-45.989463	10.498546	
477	-46.030320	6.497793	
478	-46.345851	9.902854	
479	-46.107081	8.781651	
480	-45.924371	8.773999	
481	-45.027711	7.752672	
482	-45.269295	7.395375	
483	-45.511756	8.467070	
484	-44.477202	7.868835	
485	-44.941910	10.060000	
486	-45.319022	9.669132	
487	-45.146458	5.566257	
488	-45.906808	7.336875	
489	-46.550001	7.516769	
490	-46.568798	7.619338	
491	-47.069015	7.075379	
492	-46.787277	6.572245	
493	-47.139293	6.860424	
494	-46.886800	7.887709	
495	-46.554224	5.051076	
496	-48.978678	5.415423	
497	-48.656947	4.584842	
498	-47.451571	3.332853	
499	-46.691722	5.037224	
500	-47.033340	6.206199	
501	-47.282876	5.096247	
502	-47.219322	3.585198	
503	-47.047119	2.512919	
504	-48.124685	3.587966	
505	-48.683353	2.880533	
506	-48.895937	0.546815	
507	-48.909101	1.024785	
508	-49.131095	-0.386525	
509	-48.985705	0.191626	
510	-49.307735	0.503258	
511	-48.986605	-1.569845	
512	-48.952425	-1.365847	
513	-49.337670	-0.507262	
514	-49.631325	-1.306003	
515	-48.632580	-2.858983	
516	-49.329140	-2.175160	
517	-50.781376	1.020545	
518	-50.823087	2.428230	
519	-51.551095	2.277054	
520	-51.603144	2.241117	
521	-52.000791	-0.541695	
522	-52.597308	-1.810884	
523	-52.565897	-1.105785	
524	-52.182448	-1.369078	
525	-52.130400	1.503026	
526	-52.393428	1.248410	
527	-51.749291	-0.422377	
528	-52.118731	1.603644	
529	-51.685874	-1.200928	
530	-52.445353	-0.559305	
531	-52.346977	-1.661782	
532	-52.834053	-0.402998	
533	-52.873406	-0.002198	
534	-53.460091	1.151376	
535	-53.781241	1.273295	
536	-53.532597	0.200644	
537	-52.371770	-0.954885	
538	-51.873592	-4.063811	
539	-52.380850	-3.647405	
540	-52.716240	-1.351579	
541	-53.220626	-1.635462	
542	-53.235262	-0.193318	
543	-54.014365	2.862849	
544	-53.458890	2.098774	
545	-55.307763	2.653144	
546	-55.014193	-0.849612	
547	-54.122605	-2.673147	
548	-53.825809	-1.633746	
549	-54.467633	-3.475579	
550	-55.779293	-3.922785	
551	-53.746750	-4.083103	
552	-53.980788	-1.782236	
553	-53.424588	-2.982319	
554	-53.813330	-3.302852	
555	-53.961528	-2.968811	
556	-54.762268	-4.250901	
557	-55.354599	-4.984263	
558	-55.286350	-4.901742	
559	-54.698390	-6.097123	
560	-55.591806	-4.347962	
561	-54.985699	-4.493132	
562	-55.127118	-4.496770	
563	-54.977404	-5.256626	
564	-55.239843	-6.039390	
565	-54.765609	-5.180112	
566	-55.083627	-4.785249	
567	-55.816614	-5.471073	
568	-55.486169	-7.557430	
569	-55.536206	-9.109811	
570	-55.203355	-7.955391	
571	-54.469210	-6.974793	
572	-54.259917	-6.452612	
573	-54.701763	-6.593271	
574	-54.580505	-7.350556	
575	-54.816916	-7.538682	
576	-55.048632	-7.371484	
577	-55.646937	-7.091637	
578	-54.859352	-7.554089	
579	-56.225413	-2.905480	
580	-56.395568	-2.492217	
581	-56.210168	-1.618315	
582	-56.471159	0.573379	
583	-55.899922	-0.013072	
584	-55.703755	-0.559706	
585	-55.391698	-3.283134	
586	-54.566432	-5.499043	
587	-54.115558	-7.960972	
588	-54.132631	-8.850079	
589	-54.707369	-10.815908	
590	-54.784075	-10.177266	
591	-54.709404	-7.851922	
592	-55.283550	-7.633301	
593	-56.514837	-9.142588	
594	-57.387151	-8.370864	
595	-57.268141	-5.827505	
596	-57.227751	-6.092457	
597	-57.148720	-6.549321	
598	-56.929887	-6.253926	
599	-56.516430	-9.611480	
600	-56.337943	-8.535004	
601	-57.441903	-8.371073	
602	-57.530498	-8.975568	
603	-57.319961	-7.121200	
604	-57.078773	-6.267052	
605	-57.048417	-5.866149	
606	-57.770956	-4.067412	
607	-56.590599	-8.022577	
608	-57.253034	-7.607932	
609	-57.863567	-6.400153	
610	-56.981184	-5.118857	
611	-53.612277	-6.084315	
612	-57.108170	-7.515795	
613	-57.085362	-7.397460	
614	-57.016571	-8.930368	
615	-57.261587	-8.361829	
616	-55.904243	-8.860116	
617	-55.015836	-9.065430	
618	-55.626248	-6.146807	
619	-55.014631	-8.076844	
620	-55.385468	-7.597723	
621	-56.856422	-6.030868	
622	-55.976896	-6.122923	
623	-56.224490	-7.540945	
624	-56.974139	-9.380603	
625	-56.188705	-9.787744	
626	-55.858815	-9.469905	
627	-56.162268	-8.206181	
628	-55.164302	-12.032174	
629	-55.015738	-10.846868	
630	-55.173954	-10.765355	
631	-56.375679	-9.739301	
632	-55.820953	-9.236861	
633	-56.178744	-9.231732	
634	-57.825897	-6.539778	
635	-57.355000	-8.555338	
636	-57.328409	-9.930775	
637	-57.119150	-7.497248	
638	-57.422265	-7.088470	
639	-57.697666	-7.874639	
640	-57.319161	-8.219055	
641	-57.759515	-8.039338	
642	-57.481274	-6.649328	
643	-57.297094	-7.226588	
644	-57.726373	-8.177053	
645	-57.006297	-8.951287	
646	-56.424650	-8.873120	
647	-55.126853	-8.363507	
648	-55.442604	-8.280624	
649	-55.101664	-9.481525	
650	-55.975795	-7.161162	
651	-55.251468	-10.704186	
652	-55.201830	-10.356146	
653	-55.163342	-11.180082	
654	-55.683383	-11.719300	
655	-55.385631	-10.539797	
656	-55.571288	-9.982449	
657	-55.219669	-10.063334	
658	-55.791776	-9.246760	
659	-55.487926	-8.941424	
660	-55.140157	-8.878848	
661	-55.314819	-9.181667	
662	-56.740652	-8.409421	
663	-54.467554	-7.650734	
664	-54.856367	-7.449834	
665	-54.110498	-7.526704	
666	-52.098354	-7.194495	
667	-52.823319	-8.055111	
668	-52.437992	-7.958571	
669	-52.607022	-7.254745	
670	-54.416617	-6.418694	
671	-53.880697	-9.765441	
672	-53.589157	-9.119433	
673	-54.275988	-7.331797	
674	-55.555863	-5.270033	
675	-53.579318	-9.494892	
676	-54.159906	-9.612215	
677	-56.890536	-10.226036	
678	-57.614166	-10.299674	
679	-57.789854	-10.465731	
680	-57.867051	-11.998129	
681	-58.014616	-12.387717	
682	-57.490255	-9.686918	
683	-57.409828	-9.330096	
684	-58.178359	-11.155136	
685	-58.015520	-8.136107	
686	-57.319421	-10.140952	
687	-58.106256	-12.467987	
688	-57.282910	-9.934631	
689	-56.820523	-8.747515	
690	-56.254849	-9.252874	
691	-56.895393	-9.122048	
692	-56.973097	-7.266732	
693	-56.276229	-7.253494	
694	-57.048641	-6.368386	
695	-56.666093	-7.283237	
696	-56.124363	-9.869691	
697	-55.948864	-9.176718	
698	-56.460759	-9.066361	
699	-56.031585	-9.154491	
700	-56.348747	-8.091438	
701	-56.896057	-6.457362	
702	-57.290455	-7.584448	
703	-57.056402	-8.870239	
704	-58.042098	-10.567231	
705	-57.706828	-11.962613	
706	-57.868768	-9.635625	
707	-58.366436	-7.691132	
708	-57.598197	-6.313535	
709	-57.544926	-0.639381	
710	-62.348506	-6.283003	
711	-57.234365	-5.969863	
712	-57.763106	-4.957937	
713	-56.928970	-2.625389	
714	-56.334176	-5.609787	
715	-57.097163	-6.564868	
716	-57.197233	-2.684926	
717	-57.008594	-0.851696	
718	-55.899877	-3.859366	
719	-55.120932	-2.082382	
720	-55.080324	-2.303163	
721	-54.845201	-4.873303	
722	-53.753282	-3.620891	
723	-54.139047	-3.569864	
724	-54.156115	-1.467920	
725	-53.514417	-0.482407	
726	-54.285774	-0.789892	
727	-53.864568	-0.065967	
728	-54.117136	-2.207114	
729	-55.122598	0.236049	
730	-54.201898	-0.877855	
731	-53.447712	-2.156850	
732	-53.692792	-1.602345	
733	-53.658460	-3.348378	
734	-53.916942	-1.816133	
735	-53.647655	-2.576297	
736	-53.892528	-3.898377	
737	-54.045046	-5.332870	
738	-53.503974	-6.067262	
739	-53.324950	-4.831519	
740	-52.929883	-5.597868	
741	-53.146383	-5.096693	
742	-53.453451	-5.923044	
743	-53.350988	-5.328849	
744	-53.540409	-3.386926	
745	-53.683909	-4.293559	
746	-54.624213	-3.498893	
747	-52.786695	-6.319986	
748	-52.997933	-5.736444	
749	-52.899883	-4.034592	
750	-52.472271	-3.396554	
751	-52.971289	-2.344292	
752	-53.337735	-3.344696	
753	-53.982614	-6.215979	
754	-53.753109	-7.365059	
755	-52.341833	-9.941176	
756	-51.975728	-5.275191	
757	-52.844799	-4.547959	
758	-55.474984	-4.022231	
759	-52.804816	-3.511370	
760	-53.500515	-3.213207	
761	-53.548821	-4.902425	
762	-54.163112	-5.123602	
763	-53.957407	-5.329128	
764	-54.316616	-4.265527	
765	-54.102952	-1.756131	
766	-54.335440	-1.088509	
767	-54.115484	-0.682545	
768	-51.715288	-3.314125	
769	-52.511422	-3.297303	
770	-53.513669	-2.767159	
771	-53.446646	-5.407168	
772	-52.682100	-1.552985	
773	-53.281417	2.331291	
774	-53.197492	1.455926	
775	-52.152690	0.142906	
776	-50.977767	-0.535092	
777	-50.597857	0.588702	
778	-50.436838	-0.102001	
779	-50.257493	-1.583196	
780	-50.637961	-1.309666	
781	-50.706630	-1.359462	
782	-49.676901	-1.139717	
783	-49.768038	-0.373915	
784	-49.675190	1.028017	
785	-51.544301	1.889939	
786	-50.435604	1.989969	
787	-50.436029	2.625117	
788	-50.440030	2.166531	
789	-48.722142	-0.700567	
790	-49.063981	-1.386946	
791	-49.479584	0.783469	
792	-49.758825	0.427052	
793	-49.672628	3.307892	
794	-49.838888	2.881117	
795	-49.218395	1.038381	
796	-48.954488	3.114103	
797	-48.576971	6.243541	
798	-48.882058	8.538395	
799	-48.514611	7.614113	
800	-48.209605	8.003289	
801	-48.805274	5.238484	
802	-48.772674	6.018499	
803	-49.088482	3.495248	
804	-48.956638	6.454451	
805	-48.697627	8.518193	
806	-48.659891	8.529011	
807	-48.361283	5.878239	
808	-48.269312	7.480217	
809	-48.509184	7.003214	
810	-48.720134	6.788679	
811	-48.641598	6.892280	
812	-48.659616	8.099659	
813	-48.387386	7.456137	
814	-48.439621	5.357861	
815	-48.625208	6.715661	
816	-45.774481	2.682047	
817	-47.666531	4.667503	
818	-48.316108	7.081684	
819	-49.141073	10.973987	
820	-48.472929	8.356671	
821	-45.634095	7.401516	
822	-45.713071	8.963551	
823	-45.748763	10.272853	
824	-45.403488	9.773627	
825	-44.832946	9.370020	
826	-45.553900	9.030217	
827	-45.918857	10.651665	
828	-46.415754	12.755325	
829	-46.159579	11.102925	
830	-45.634007	10.987190	
831	-45.203084	9.503659	
832	-44.918017	13.309085	
833	-44.894258	11.166773	
834	-43.951964	10.384214	
835	-43.704137	9.818450	
836	-43.572365	9.949693	
837	-43.026561	11.472094	
838	-42.750063	11.668712	
839	-43.869196	9.427113	
840	-44.272265	10.816379	
841	-44.210858	14.811115	
842	-45.866514	14.874189	
843	-44.752699	14.533348	
844	-44.216698	14.094963	
845	-44.345294	11.516650	
846	-44.008929	11.565597	
847	-45.287588	8.695583	
848	-45.967856	11.607318	
849	-45.648979	8.265091	
850	-47.171471	5.760564	
851	-42.991828	14.058619	
852	-43.433243	13.370735	
853	-43.474573	14.016472	
854	-43.647815	13.977397	
855	-43.152294	14.543229	
856	-43.784862	16.789287	
857	-45.141129	15.841600	
858	-45.685431	16.865001	
859	-45.463068	15.982388	
860	-46.048730	19.268058	
861	-44.590866	19.606142	
862	-45.703851	19.720034	
863	-44.874950	21.039372	
864	-44.046533	19.424712	
865	-43.982892	16.484488	
866	-44.121072	15.229290	
867	-43.667350	10.105070	
868	-44.123880	15.765600	
869	-44.388266	13.635572	
870	-43.903484	14.659253	
871	-43.196712	14.936976	
872	-43.771226	17.044571	
873	-43.894381	17.494702	
874	-43.936244	17.611938	
875	-44.037354	19.294327	
876	-44.817234	18.514090	
877	-43.878738	16.642811	
878	-43.974017	17.251009	
879	-43.574948	18.838307	
880	-43.508378	18.431089	
881	-43.949189	19.229799	
882	-44.354353	20.075325	
883	-44.771862	20.794490	
884	-44.047474	19.456831	
885	-44.817547	20.845967	
886	-45.390624	19.450699	
887	-44.081202	18.484555	
888	-43.733677	19.263993	
889	-43.887776	16.692825	
890	-44.264446	15.687430	
891	-43.434381	18.475001	
892	-43.449268	18.010390	
893	-43.277959	16.630975	
894	-42.909938	17.115435	
895	-44.105449	16.586066	
896	-44.065288	17.759512	
897	-43.648748	19.222086	
898	-44.146180	18.936720	
899	-44.389273	18.496212	
900	-44.054261	17.894329	
901	-43.896864	18.668238	
902	-43.394729	17.774510	
903	-44.112332	17.824324	
904	-43.342719	18.189044	
905	-41.502065	18.827862	
906	-44.658903	14.408755	
907	-42.969378	18.393504	
908	-40.193547	20.961772	
909	-40.433119	18.807458	
910	-40.546334	17.545666	
911	-40.276334	18.259717	
912	-40.261580	19.772105	
913	-39.940609	19.701689	
914	-36.748707	16.284132	
915	-36.111108	15.650229	
916	-35.914452	16.431315	
917	-39.191962	21.362392	
918	-38.917545	20.647968	
919	-39.489213	23.063353	
920	-40.367491	24.045320	
921	-37.270426	22.156749	
922	-38.299199	21.250085	
923	-39.002640	20.199961	
924	-36.839168	19.326876	
925	-41.427804	22.915860	
926	-41.453941	24.231679	
927	-37.515699	21.797540	
928	-36.593518	24.058035	
929	-36.763531	20.568140	
930	-36.936692	23.287300	
931	-38.388480	24.071991	
932	-41.348911	23.133143	
933	-39.033412	15.406712	
934	-39.124849	16.270317	
935	-38.563034	16.202981	
936	-38.549618	16.180967	
937	-38.151561	16.594453	
938	-38.280632	15.315952	
939	-38.987032	13.817394	
940	-37.871839	14.684338	
941	-38.181691	14.574896	
942	-37.677725	15.051481	
943	-36.611191	15.693974	
944	-37.977050	14.889406	
945	-36.135395	16.187571	
946	-35.738698	16.110776	
947	-37.113706	16.109432	
948	-36.669394	16.869603	
949	-35.240797	18.133752	
950	-25.595439	16.369382	
951	-39.161892	21.337372	
952	-38.646378	21.947947	
953	-38.767671	22.158721	
954	-39.702844	24.461219	
955	-41.133946	21.768962	
956	-41.745758	22.352889	
957	-40.122654	20.809223	
958	-39.865938	21.321977	
959	-40.093034	21.264227	
960	-40.323638	19.991058	
961	-40.491262	21.933665	
962	-38.693773	19.088359	
963	-39.290005	20.721844	
964	-38.340078	21.055569	
965	-38.085418	20.715636	
966	-38.150414	19.815479	
967	-38.131422	21.041666	
968	-35.082668	16.166662	
969	-36.344312	18.891606	
970	-37.864861	20.129710	
971	-38.350808	21.441127	
972	-37.978081	20.818899	
973	-37.405620	20.080511	
974	-37.717684	19.095486	
975	-37.181897	15.794554	
976	-37.218732	16.092324	
977	-37.976240	18.682886	
978	-38.356355	19.751470	
979	-38.712667	17.852880	
980	-38.920744	18.350303	
981	-38.712318	18.902770	
982	-38.209746	20.523172	
983	-38.512984	20.928094	
984	-38.847522	19.718667	
985	-38.442096	15.026948	
986	-38.023714	19.344109	
987	-37.704731	20.069024	
988	-38.203404	20.408699	
989	-38.976036	19.533794	
990	-39.379643	17.482389	
991	-39.020826	20.211880	
992	-39.061570	20.201949	
993	-39.357064	19.654064	
994	-38.830854	19.254033	
995	-38.964830	19.563362	
996	-39.717526	19.348226	
997	-42.059517	22.584225	
998	-41.722258	24.646775	
999	-42.497862	22.795237	
1000	-42.459498	23.480624	
1001	-40.785216	22.118853	
1002	-41.357902	23.733833	
1003	-41.193831	23.589126	
1004	-40.393488	20.884931	
1005	-41.081220	21.747737	
1006	-41.464698	21.116472	
1007	-41.155665	21.763419	
1008	-42.092363	21.425073	
1009	-42.273656	22.496297	
1010	-42.514341	21.738545	
1011	-43.690294	18.819254	
1012	-42.482234	19.690074	
1013	-43.090394	18.565060	
1014	-42.608727	19.755902	
1015	-42.461980	20.238304	
1016	-43.531586	19.724602	
1017	-42.444769	21.176643	
1018	-43.096132	22.047431	
1019	-43.882464	21.269838	
1020	-43.266744	22.381844	
1021	-43.716595	17.816090	
1022	-42.988590	21.164754	
1023	-43.351304	21.013566	
1024	-44.065387	18.741688	
1025	-43.956208	19.187486	
1026	-44.101706	18.702127	
1027	-43.164311	19.437684	
1028	-43.344441	20.370323	
1029	-43.134165	20.034531	
1030	-42.809183	19.431071	
1031	-42.668492	20.888413	
1032	-42.950031	21.455058	
1033	-43.041259	20.416585	
1034	-42.872577	19.792639	
1035	-43.375788	21.738498	
1036	-43.417684	20.852634	
1037	-43.413003	20.027965	
1038	-43.624374	20.153179	
1039	-43.351760	19.379757	
1040	-42.901863	16.830115	
1041	-44.763052	18.951598	
1042	-43.880935	20.035828	
1043	-44.285265	18.736427	
1044	-44.208925	19.490637	
1045	-44.375966	16.427352	
1046	-44.665285	14.519366	
1047	-44.600661	16.805396	
1048	-45.027427	14.874447	
1049	-44.944313	16.505013	
1050	-44.638161	18.342237	
1051	-43.862908	16.283533	
1052	-44.155672	16.445634	
1053	-44.544489	13.932574	
1054	-44.589352	13.221155	
1055	-44.797374	13.558716	
1056	-44.141146	13.376621	
1057	-44.230475	15.239439	
1058	-43.871687	14.369023	
1059	-43.466703	11.544423	
1060	-43.666876	13.623321	
1061	-43.463642	12.263026	
1062	-43.442402	12.659534	
1063	-42.998562	10.297648	
1064	-43.019953	9.429501	
1065	-43.438258	10.347431	
1066	-43.424263	9.652751	
1067	-43.419023	10.187904	
1068	-43.938753	11.133671	
1069	-44.067730	7.669404	
1070	-44.496968	5.841499	
1071	-44.873778	5.683312	
1072	-44.671729	8.520023	
1073	-44.541855	9.188426	
1074	-45.560500	9.006569	
1075	-46.384326	5.166656	
1076	-45.791001	6.736304	
1077	-45.775520	7.518471	
1078	-45.089638	8.540977	
1079	-44.960632	8.212916	
1080	-44.809589	8.812974	
1081	-44.333950	9.591397	
1082	-45.136223	10.331888	
1083	-44.877718	10.904088	
1084	-45.447620	9.340376	
1085	-45.993844	8.118167	
1086	-45.599114	8.007008	
1087	-45.400692	6.021114	
1088	-44.897948	6.612442	
1089	-45.020383	6.748466	
1090	-44.991542	8.136842	
1091	-45.852393	7.454298	
1092	-45.973890	5.238924	
1093	-46.119314	6.082458	
1094	-46.065750	5.091390	
1095	-46.555130	4.447006	
1096	-49.212458	8.985339	
1097	-48.118528	7.622964	
1098	-46.253316	3.375167	
1099	-47.600485	5.274279	
1100	-47.753080	3.907260	
1101	-48.400267	4.107593	
1102	-47.894139	5.214278	
1103	-47.779736	5.960542	
1104	-48.313652	5.748179	
1105	-47.337843	3.178869	
1106	-47.517291	2.194560	
1107	-47.957017	2.572170	
1108	-49.141576	3.904487	
1109	-48.746242	3.115904	
1110	-50.324876	3.568002	
1111	-50.317255	5.128238	
1112	-50.717065	0.934175	
1113	-50.915345	1.396517	
1114	-51.119241	2.708351	
1115	-51.327944	2.779312	
1116	-50.667176	3.905064	
1117	-50.747250	4.872367	
1118	-50.479073	2.423776	
1119	-50.365134	3.791703	
1120	-51.250772	6.156509	
1121	-51.315132	2.421392	
1122	-51.740932	1.710770	
1123	-51.927033	2.096375	
1124	-52.623817	0.838058	
1125	-52.414209	1.272589	
1126	-52.244988	0.562175	
1127	-51.688035	3.092689	
1128	-51.689159	3.808496	
1129	-51.769592	2.013221	
1130	-51.974438	4.074933	
1131	-52.604773	5.202250	
1132	-52.723000	5.972487	
1133	-52.093270	3.449214	
1134	-52.603645	4.147707	
1135	-52.426095	4.748527	
1136	-52.454372	4.397887	
1137	-52.103626	3.405065	
1138	-52.633407	4.059674	
1139	-52.884294	5.991635	
1140	-53.141695	4.004977	
1141	-52.743967	2.923668	
1142	-52.340236	1.571370	
1143	-50.508280	-1.596974	
1144	-50.384310	-1.322657	
1145	-50.969622	-3.153001	
1146	-53.069184	0.730081	
1147	-51.343981	-3.375287	
1148	-49.868644	-4.529851	
1149	-52.639960	-2.813078	
1150	-52.035527	-2.440877	
1151	-52.031905	-3.894931	
1152	-52.628531	-4.758168	
1153	-53.195789	-4.957092	
1154	-53.690178	-3.775879	
1155	-53.682985	-2.931227	
1156	-53.009376	-1.359103	
1157	-53.906190	-1.748925	
1158	-54.481840	-1.460812	
1159	-52.245149	-4.098657	
1160	-52.531727	-5.531916	
1161	-53.345169	-7.364568	
1162	-52.882849	-5.172721	
1163	-53.870470	-4.375271	
1164	-54.363053	-2.074057	
1165	-54.486230	0.758964	
1166	-55.530216	1.194073	
1167	-54.973681	-2.718854	
1168	-55.372726	-4.089657	
1169	-54.828291	-4.655770	
1170	-55.373538	-3.631838	
1171	-54.708052	-4.888034	
1172	-54.518157	-5.443726	
1173	-54.959570	-5.626300	
1174	-55.369947	-4.686738	
1175	-56.188214	-0.995101	
1176	-54.223343	-1.420033	
1177	-53.581003	-4.333747	
1178	-56.592093	-4.955267	
1179	-59.442600	-6.118122	
1180	-58.952014	-4.668719	
1181	-59.255620	-4.885801	
1182	-59.632358	-4.744942	
1183	-59.920911	-4.788615	
1184	-58.342747	-5.224343	
1185	-59.058715	-4.423392	
1186	-60.163002	-0.982083	
1187	-58.821951	-4.234608	
1188	-58.745115	-2.762370	
1189	-59.613689	0.580503	
1190	-59.684084	-1.291367	
1191	-56.445788	-3.608043	
1192	-58.079696	-6.641171	
1193	-60.128011	-4.384916	
1194	-62.374440	-5.220246	
1195	-59.128591	-6.009291	
1196	-59.608983	-3.348171	
1197	-60.150009	-1.602405	
1198	-59.132711	-1.492078	
1199	-60.083106	-3.242689	
1200	-60.085241	-4.894609	
1201	-59.759202	-4.682696	
1202	-59.751367	-4.748222	
1203	-59.868346	-7.238624	
1204	-61.081881	-7.049424	
1205	-59.700295	-6.732536	
1206	-60.680693	-4.994619	
1207	-61.403296	-3.943308	
1208	-62.526242	-2.252265	
1209	-62.512090	-4.098439	
1210	-62.738056	-4.673353	
1211	-62.518492	-0.483205	
1212	-63.002478	-1.579925	
1213	-63.401015	-3.200783	
1214	-63.624132	-2.802709	
1215	-63.730482	-2.881078	
1216	-65.236636	-7.755266	
1217	-63.808942	-5.564868	
1218	-61.967838	-7.377041	
1219	-64.801835	-8.440317	
1220	-61.269491	-7.379907	
1221	-63.048309	-7.957436	
1222	-61.829220	-7.696356	
1223	-62.708242	-8.265466	
1224	NaN	NaN	
1225	NaN	NaN	
1226	NaN	NaN	
1227	NaN	NaN	
1228	NaN	NaN	
1229	NaN	NaN	
1230	NaN	NaN	
1231	NaN	NaN	
1232	NaN	NaN	
1233	-61.556371	-6.560520	
1234	-62.276194	-8.998341	
1235	-62.103224	-8.305613	
1236	-61.409026	-8.955771	
1237	-63.212566	-10.525921	
1238	-62.526664	-10.423592	
1239	-63.041648	-10.932123	
1240	-63.164692	-12.481269	
1241	-61.795556	-13.693107	
1242	-61.340817	-13.548400	
1243	-62.280987	-13.147485	
1244	-63.106875	-11.675649	
1245	-62.723318	-9.828721	
1246	-62.846171	-9.335736	
1247	-63.399462	-9.405872	
1248	-64.118587	-9.034016	
1249	-64.532166	-8.163672	
1250	-65.152206	-10.884915	
1251	-64.112666	-9.017349	
1252	-64.666597	-9.520812	
1253	-63.655528	-10.265484	
1254	-63.178339	-11.037431	
1255	-62.509657	-10.628108	
1256	-62.482241	-9.837774	
1257	-62.065825	-10.805408	
1258	-62.140781	-14.270264	
1259	-61.792322	-9.468222	
1260	-62.693079	-11.081222	
1261	-62.564825	-12.715231	
1262	-62.319747	-12.424434	
1263	-61.741354	-9.708713	
1264	-62.793222	-10.180354	
1265	-62.608105	-10.580692	
1266	-61.973054	-9.265972	
1267	-63.110107	-9.027282	
1268	-63.410802	-8.560467	
1269	-63.484344	-8.086836	
1270	-63.938705	-11.413687	
1271	-64.354867	-15.941070	
1272	-64.245738	-16.645941	
1273	-64.086577	-15.825120	
1274	-63.573627	-13.727619	
1275	-63.863108	-12.898460	
1276	-63.252758	-11.040593	
1277	-65.739832	-15.495634	
1278	-63.125052	-9.939666	
1279	-62.624409	-11.529558	
1280	-62.853351	-10.941262	
1281	-64.095641	-10.675554	
1282	-64.116419	-8.411144	
1283	-63.703781	-9.961709	
1284	-62.790181	-7.246697	
1285	-62.696242	-5.819051	
1286	-62.548961	-6.787659	
1287	-62.728029	-6.368066	
1288	-62.642821	-6.644961	
1289	-62.559362	-6.513822	
1290	-62.795463	-6.572113	
1291	-62.941904	-5.776774	
1292	-62.790739	-6.647943	
1293	-62.405342	-6.588989	
1294	-62.864959	-4.816096	
1295	-62.317109	-6.075107	
1296	-63.177349	-6.674284	
1297	-63.859349	-7.837240	
1298	-63.655159	-7.686232	
1299	-64.083717	-11.700105	
1300	-64.058820	-11.035451	
1301	-64.845986	-10.947168	
1302	-65.486229	-11.897807	
1303	-63.739391	-11.200119	
1304	-64.223689	-13.230979	
1305	-64.899586	-12.599672	
1306	-64.528623	-15.162443	
1307	-64.353958	-13.336938	
1308	-64.285961	-11.421298	
1309	-64.070019	-9.456961	
1310	-64.600949	-12.747167	
1311	-64.001904	-9.830104	
1312	-64.276098	-10.413333	
1313	-64.965375	-11.286234	
1314	-64.911369	-10.308710	
1315	-64.415250	-9.564981	
1316	-64.340255	-11.967810	
1317	-65.046486	-18.321526	
1318	-63.913650	-11.408728	
1319	-62.605636	-9.167868	
1320	-62.965530	-9.860750	
1321	-62.916736	-11.143590	
1322	-62.618185	-10.435397	
1323	-63.924331	-8.810949	
1324	-63.361760	-6.396054	
1325	-63.599260	-9.458951	
1326	-62.405764	-9.801542	
1327	-62.819458	-3.097360	
1328	-63.203304	-4.371061	
1329	-61.648609	-3.111870	
1330	-61.332306	-4.724928	
1331	-60.128464	-5.382038	
1332	-60.428328	-4.859121	
1333	-60.379817	-6.101944	
1334	-60.170823	-3.851825	
1335	-59.716772	-5.818256	
1336	-60.238068	-2.595194	
1337	-60.116118	-1.078990	
1338	-60.988245	-4.811932	
1339	-62.557680	-7.213255	
1340	-59.344988	-0.095788	
1341	-59.387764	-2.085191	
1342	-59.430749	-1.167118	
1343	-58.435800	-1.236055	
1344	-58.507010	-2.880513	
1345	-58.455180	-4.575517	
1346	-58.670496	-3.570343	
1347	-58.279031	-2.250759	
1348	-58.196788	-3.035772	
1349	-57.205373	-2.734945	
1350	-56.796910	-3.742716	
1351	-58.053228	-4.715593	
1352	-57.618157	-7.610372	
1353	-57.455727	-7.988116	
1354	-56.861188	-6.341109	
1355	-57.084303	-11.986813	
1356	-57.462618	-9.080031	
1357	-55.702968	-5.985174	
1358	-55.189068	-4.764401	
1359	-55.995183	-3.369592	
1360	-55.785843	-4.391985	
1361	-55.728772	-6.319370	
1362	-55.443052	-5.195959	
1363	-54.895120	-2.498145	
1364	-55.358034	0.509795	
1365	-55.235639	-1.370965	
1366	-55.642622	-5.889553	
1367	-54.887052	-1.793155	
1368	-54.198735	0.603381	
1369	-53.751049	0.910481	
1370	-53.210099	-2.170964	
1371	-52.820670	-1.023495	
1372	-51.925245	-3.082394	
1373	-51.836682	-4.385081	
1374	-51.859334	-4.164799	
1375	-49.665683	-4.660540	
1376	-50.642171	-4.906298	
1377	-51.143012	-6.076453	
1378	-48.953537	-5.135744	
1379	-51.368257	-5.451256	
1380	-50.050391	-6.059115	
1381	-47.711893	-3.361363	
1382	-47.643730	-2.932396	
1383	-47.738306	-2.188177	
1384	-47.097622	-0.909122	
1385	-47.555104	-1.189447	
1386	-49.370849	-1.594130	
1387	-49.222637	-1.786252	
1388	-48.025459	-0.423434	
1389	-47.498139	3.071240	
1390	-47.975974	2.035304	
1391	-47.358517	2.688711	
1392	-47.953453	1.973193	
1393	-45.493493	-0.564005	
1394	-45.705484	0.457543	
1395	-45.567253	-0.524542	
1396	-46.005455	-1.633618	
1397	-45.552254	0.022644	
1398	-44.783609	-0.112744	
1399	-44.433459	1.414491	
1400	-43.510628	1.960081	
1401	-43.210539	2.494292	
1402	-43.952059	2.319545	
1403	-43.889765	2.205832	
1404	-43.689712	3.364810	
1405	-42.809480	3.158210	
1406	-42.594881	3.571233	
1407	-43.037949	2.566571	
1408	-42.221088	3.521156	
1409	-42.272629	4.649454	
1410	-41.885735	5.444116	
1411	-41.443993	5.871496	
1412	-41.212639	6.450228	
1413	-40.665163	6.363246	
1414	-40.707581	5.286777	
1415	-40.646209	3.945186	
1416	-40.394885	5.101869	
1417	-40.407314	5.200708	
1418	-40.196549	6.751285	
1419	-39.730890	7.539341	
1420	-39.287483	8.413545	
1421	-39.157026	7.803989	
1422	-39.218436	6.030293	
1423	-39.352395	4.663556	
1424	-39.160148	6.422871	
1425	-38.758651	6.702794	
1426	-38.990240	8.011735	
1427	-38.948538	7.794752	
1428	-39.418465	6.972399	
1429	-39.036513	7.872860	
1430	-39.365420	9.606289	
1431	-39.297276	10.911232	
1432	-38.981970	11.270697	
1433	-39.606608	12.357713	
1434	-39.059338	11.616457	
1435	-38.550942	9.944923	
1436	-40.228771	12.185748	
1437	-40.402842	11.824601	
1438	-39.635144	11.255511	
1439	-39.499735	10.925268	
1440	-39.771765	9.932792	
1441	-39.361010	11.013917	
1442	-38.918164	11.323804	
1443	-37.889170	10.398090	
1444	-37.804481	10.972571	
1445	-38.719691	11.883980	
1446	-39.122010	13.511772	
1447	-39.291205	14.260460	
1448	-39.066669	14.977135	
1449	-39.345582	15.573390	
1450	-39.516398	14.792737	
1451	-39.538298	14.739060	
1452	-39.740245	12.765783	
1453	-40.038597	11.661370	
1454	-39.772633	14.711230	
1455	-40.409259	13.635746	
1456	-40.641160	14.385701	
1457	-40.002016	14.704511	
1458	-40.034792	13.892247	
1459	-40.249454	15.596584	
1460	-40.602410	16.340905	
1461	-40.986831	14.820139	
1462	-41.836222	17.430206	
1463	-41.685744	16.522256	
1464	-42.014016	17.653587	
1465	-41.580275	17.709029	
1466	-42.023380	16.457736	
1467	-42.261205	17.319990	
1468	-41.910753	15.953247	
1469	-42.109826	16.029453	
1470	-42.350637	16.819576	
1471	-43.178983	16.833801	
1472	-43.144032	14.527324	
1473	-42.895783	16.017774	
1474	-43.291169	16.079658	
1475	-43.863730	16.048417	
1476	-43.929383	15.368862	
1477	-43.622725	15.087844	
1478	-44.366248	17.231129	
1479	-44.441105	16.999659	
1480	-44.401708	16.462707	
1481	-44.413332	15.996381	
1482	-45.402672	16.522555	
1483	-45.341981	17.047551	
1484	-45.458318	17.555515	
1485	-45.546674	17.452041	
1486	-45.361783	17.422977	
1487	-45.852844	18.282859	
1488	-45.692150	17.704581	
1489	-45.542283	17.394538	
1490	-45.193323	17.869090	
1491	-45.378466	17.855998	
1492	-44.885670	18.113760	
1493	-44.931327	16.973904	
1494	-44.892204	17.203570	
1495	-45.131718	19.690499	
1496	-44.888975	20.306331	
1497	-44.418291	20.045353	
1498	-45.009297	21.326290	
1499	-45.569696	21.130573	
1500	-44.922400	19.510451	
1501	-44.736439	19.614617	
1502	-44.506628	19.768797	
1503	-44.293966	21.808727	
1504	-44.436848	21.164995	
1505	-43.719690	19.975609	
1506	-43.946219	19.494040	
1507	-44.858252	19.492945	
1508	-44.837805	20.917554	
1509	-44.931113	22.416304	
1510	-44.995533	21.286765	
1511	-45.119922	20.855563	
1512	-44.636982	22.118270	
1513	-43.932037	21.233711	
1514	-43.728698	20.526997	
1515	-44.165990	21.436716	
1516	-43.820988	21.476237	
1517	-43.567598	21.786157	
1518	-43.496517	22.636267	
1519	-43.269191	23.133866	
1520	-43.416947	23.182605	
1521	-43.447931	21.784050	
1522	-43.311582	21.804358	
1523	-43.037478	22.981022	
1524	-43.735549	24.202903	
1525	-43.796565	24.554433	
1526	-43.760938	24.347685	
1527	-44.025387	24.726160	
1528	-44.123830	24.638434	
1529	-42.968034	22.150469	
1530	-43.343478	22.644249	
1531	-42.920974	22.274622	
1532	-43.157579	22.473830	
1533	-43.775808	23.411092	
1534	-43.549656	24.345020	
1535	-43.120206	24.185613	
1536	-43.513624	23.484370	
1537	-43.338934	23.568624	
1538	-42.906169	23.790233	
1539	-42.841687	23.423980	
1540	-42.735732	22.599270	
1541	-42.734888	21.920151	
1542	-42.732271	21.874277	
1543	-42.338667	21.290930	
1544	-42.525848	20.442894	
1545	-42.887918	21.681192	
1546	-41.952095	19.807490	
1547	-42.190690	20.437728	
1548	-42.107436	20.759480	
1549	-41.270071	19.680443	
1550	-41.206655	21.425209	
1551	-41.451417	20.016113	
1552	-44.067652	21.299359	
1553	-39.293071	18.091615	
1554	-39.803597	17.029302	
1555	-40.772994	17.525118	
1556	-44.776041	19.589484	
1557	-43.177106	18.110135	
1558	-40.662043	16.570069	
1559	-44.861754	18.266244	
1560	-44.447319	18.572673	
1561	-43.958529	17.731854	
1562	-41.303716	15.199563	
1563	-41.374703	15.426563	
1564	-42.052230	14.462913	
1565	-43.089366	12.467531	
1566	-41.079597	15.867680	
1567	-41.928739	11.677743	
1568	-39.659199	16.021720	
1569	-40.434715	13.654058	
1570	-40.029382	18.055188	
1571	-40.445334	23.690136	
1572	-39.769919	13.757157	
1573	-39.654985	15.042524	
1574	-39.333218	14.094529	
1575	-39.815838	15.272978	
1576	-40.469029	15.487771	
1577	-38.997479	14.724695	
1578	-38.946102	15.149962	
1579	-38.881946	15.734772	
1580	-39.036593	15.821417	
1581	-40.780604	17.624625	
1582	-41.627469	18.357772	
1583	-40.801994	18.039818	
1584	-40.459921	15.740164	
1585	-40.928126	14.462430	
1586	-41.144409	14.327978	
1587	-40.070782	14.577394	
1588	-39.781602	13.902771	
1589	-39.427621	12.703160	
1590	-39.605701	13.811160	
1591	-39.856607	13.963904	
1592	-40.280377	12.370037	
1593	-39.997951	12.471125	
1594	-39.982160	11.889727	
1595	-39.851412	11.759068	
1596	-40.179046	13.279612	
1597	-39.700111	11.848029	
1598	-39.734367	10.875468	
1599	-39.321851	10.966587	
1600	-38.828226	10.263038	
1601	-39.258871	11.215457	
1602	-38.886912	9.822994	
1603	-38.808586	8.873585	
1604	-39.432279	9.315694	
1605	-39.312601	7.948285	
1606	-39.443003	6.998495	
1607	-39.420484	7.547865	
1608	-39.690694	8.093595	
1609	-39.726631	8.276028	
1610	-39.821060	7.585722	
1611	-39.824745	7.792795	
1612	-40.200831	7.284898	
1613	-39.900318	7.234871	
1614	-39.847213	5.037029	
1615	-40.316656	5.816885	
1616	-40.788967	5.680020	
1617	-41.212272	4.953700	
1618	-40.899356	4.478688	
1619	-40.926757	4.443887	
1620	-41.469446	4.755058	
1621	-42.023386	6.005381	
1622	-42.404892	6.376989	
1623	-42.040344	5.984344	
1624	-41.993623	4.434899	
1625	-43.085291	5.730495	
1626	-43.420881	8.723321	
1627	-43.011558	6.751856	
1628	-44.617534	6.490713	
1629	-44.347730	6.583710	
1630	-43.884993	6.590213	
1631	-44.118672	7.248191	
1632	-43.626280	6.786695	
1633	-43.704537	6.062983	
1634	-44.294057	5.111862	
1635	-44.662519	4.219516	
1636	-44.790026	3.974635	
1637	-44.831681	3.554654	
1638	-44.638818	5.405973	
1639	-44.687056	6.352789	
1640	-44.880466	5.038021	
1641	-45.305661	4.759185	
1642	-46.011830	4.329273	
1643	-44.177932	2.197868	
1644	-44.606762	2.436440	
1645	-44.878301	0.687561	
1646	-45.199253	-1.770435	
1647	-45.499694	-0.256836	
1648	-45.656455	0.063744	
1649	-46.173942	0.780867	
1650	-47.266171	2.389188	
1651	-48.156458	2.949172	
1652	-47.994636	3.866282	
1653	-47.810671	1.989936	
1654	-48.637389	5.170253	
1655	-49.253430	3.490945	
1656	-49.015637	2.132493	
1657	-49.179246	1.191008	
1658	-49.563878	0.073901	
1659	-50.519741	1.178786	
1660	-50.853776	0.102031	
1661	-51.396429	0.073673	
1662	-50.608988	0.314789	
1663	-50.709460	-2.061914	
1664	-51.458649	-0.042937	
1665	-51.708065	1.255973	
1666	-51.532732	-1.515442	
1667	-52.056525	-0.346957	
1668	-51.608866	-1.991414	
1669	-51.921997	-0.968508	
1670	-51.530471	-1.701211	
1671	-50.876128	-1.767870	
1672	-50.827985	-0.918630	
1673	-49.214324	-3.165170	
1674	-49.365551	-1.546006	
1675	-49.840676	-1.661895	
1676	-50.196445	-2.801124	
1677	-49.948859	-1.566278	
1678	-50.306802	-2.500559	
1679	-50.805969	-1.622455	
1680	-51.673442	-0.057439	
1681	-51.237528	-0.827170	
1682	-50.921742	-0.142633	
1683	-50.829295	0.301963	
1684	-50.775624	-1.579093	
1685	-51.095537	0.297702	
1686	-50.961657	1.956996	
1687	-50.709572	0.875447	
1688	-50.611366	-1.339655	
1689	-51.314680	-1.573067	
1690	-51.668477	-2.616746	
1691	-51.997543	-1.130699	
1692	-51.653619	-1.711875	
1693	-51.299405	-3.608161	
1694	-51.623569	-3.602681	
1695	-51.529744	-0.873645	
1696	-50.958940	-1.900600	
1697	-52.533996	-2.523997	
1698	-52.400143	-3.501392	
1699	-52.030523	-1.583813	
1700	-51.509771	-1.254703	
1701	-51.730490	-1.732104	
1702	-51.811927	-0.844095	
1703	-52.152377	-3.090857	
1704	-52.516079	-2.230769	
1705	-53.579439	-1.999781	
1706	-52.894448	-2.047974	
1707	-52.372854	-2.475382	
1708	-51.651961	-0.625038	
1709	-50.971350	-6.210516	
1710	-53.041588	-4.785461	
1711	-54.345503	-6.866446	
1712	-53.405962	-3.407513	
1713	-54.116660	-4.935846	
1714	-53.958588	-7.438160	
1715	-53.484230	-4.179420	
1716	-54.557737	-5.138685	
1717	-55.061424	-6.807037	
1718	-54.624978	-4.768578	
1719	-53.776817	-4.260747	
1720	-54.252083	-4.678735	
1721	-54.710625	-5.135027	
1722	-54.375905	-5.893461	
1723	-53.217324	-4.920672	
1724	-54.576612	-4.976694	
1725	-55.413805	-5.969355	
1726	-55.246459	-5.494667	
1727	-54.770404	-8.000802	
1728	-53.245771	-11.613920	
1729	-53.894639	-11.452019	
1730	-54.749536	-9.200535	
1731	-54.054791	-9.048109	
1732	-53.264049	-5.967839	
1733	-55.096806	-9.403893	
1734	-54.712274	-7.307471	
1735	-54.844815	-5.472940	
1736	-54.439415	-6.092594	
1737	-54.464837	-6.693267	
1738	-54.413629	-5.101395	
1739	-53.950890	-6.520479	
1740	-54.254035	-6.813202	
1741	-54.748431	-7.972382	
1742	-55.466461	-9.239625	
1743	-56.146452	-10.955470	
1744	-55.714756	-11.939348	
1745	-56.528786	-9.875211	
1746	-56.743991	-12.446365	
1747	-56.221383	-9.240546	
1748	-55.381398	-8.007902	
1749	-55.471559	-8.303496	
1750	-55.796872	-9.283447	
1751	-56.447048	-6.847792	
1752	-55.862891	-11.179154	
1753	-57.087455	-14.373532	
1754	-57.029210	-11.114797	
1755	-57.636459	-10.768462	
1756	-57.194483	-9.875836	
1757	-58.461580	-9.394145	
1758	-57.949117	-11.462490	
1759	-57.700647	-12.640353	
1760	-60.763701	-15.455635	
1761	-60.416094	-15.085319	
1762	-58.593365	-12.758436	
1763	-58.914034	-13.292519	
1764	-58.414725	-16.184520	
1765	-58.395709	-13.137323	
1766	-58.429343	-14.877076	
1767	-58.997482	-14.795294	
1768	-62.146020	-16.819088	
1769	-62.103868	-17.083766	
1770	-60.448730	-15.910542	
1771	-61.568756	-15.423838	
1772	-59.783779	-12.655260	
1773	-60.996783	-13.523292	
1774	-59.297958	-11.058148	
1775	-58.676544	-9.574904	
1776	-61.582691	-8.497485	
1777	-63.171201	-9.770260	
1778	-63.211983	-10.574900	
1779	-63.948025	-10.971329	
1780	-63.668079	-10.482132	
1781	-63.773232	-10.546882	
1782	-65.241537	-10.140503	
1783	-65.568698	-11.335119	
1784	-65.789187	-10.450071	
1785	-65.552063	-13.520268	
1786	-64.686913	-15.304612	
1787	-65.395254	-12.299933	
1788	-66.297482	-11.752356	
1789	-66.578693	-10.875881	
1790	-66.326031	-10.267258	
1791	-65.022640	-8.825825	
1792	-65.297869	-10.134342	
1793	-64.527206	-11.217877	
1794	-64.995309	-9.377388	
1795	-64.780695	-10.788663	
1796	-64.566345	-15.593539	
1797	-64.550438	-16.295865	
1798	-64.529951	-16.685293	
1799	-65.516131	-17.438717	
1800	-66.895561	-17.881118	
1801	-66.334302	-17.987016	
1802	-66.674987	-20.502053	
1803	-67.276225	-18.355322	
1804	-67.003552	-18.527934	
1805	-67.291743	-14.586114	
1806	-67.183412	-16.962712	
1807	-67.393487	-16.798848	
1808	-67.102148	-15.282333	
1809	-67.760008	-14.675237	
1810	-67.628509	-12.281357	
1811	-67.707661	-13.639971	
1812	-67.024957	-12.617070	
1813	-68.105958	-12.938491	
1814	-73.292466	-19.051228	
1815	-72.317523	-22.547272	
1816	-67.527143	-11.960612	
1817	-67.246967	-12.207653	
1818	-67.778320	-14.744847	
1819	-67.960080	-14.449606	
1820	-67.542460	-13.658434	
1821	-67.812989	-16.225863	
1822	-68.469340	-18.897967	
1823	-67.901773	-16.813099	
1824	-68.391845	-18.699129	
1825	-70.540030	-25.327422	
1826	-67.061157	-15.885100	
1827	-67.864739	-18.642393	
1828	-68.450554	-22.568431	
1829	-68.474406	-20.862305	
1830	-67.824343	-18.127130	
1831	-68.100575	-20.196038	
1832	-68.115895	-20.622445	
1833	-67.916116	-21.278742	
1834	-68.468064	-20.513614	
1835	-68.325122	-19.021211	
1836	-68.147368	-18.778709	
1837	-69.019373	-23.323302	
1838	-68.892579	-22.389636	
1839	-68.227759	-16.615101	
1840	-68.561587	-17.695243	
1841	-69.498403	-14.078201	
1842	-70.601567	-19.454772	
1843	-69.429169	-17.737412	
1844	-68.069444	-15.367571	
1845	-67.247558	-12.201928	
1846	-67.465024	-10.462111	
1847	-67.762028	-10.537273	
1848	-67.621152	-10.466569	
1849	-67.394019	-9.241342	
1850	-67.399975	-8.825725	
1851	-67.329769	-8.246485	
1852	-67.289164	-7.683966	
1853	-67.089486	-6.579927	
1854	-67.196538	-7.539056	
1855	-67.388800	-8.227017	
1856	-67.145378	-9.197620	
1857	-67.314294	-9.427380	
1858	-66.980491	-8.804072	
1859	-67.182180	-10.598902	
1860	-66.953560	-11.819146	
1861	-66.106181	-10.901079	
1862	-66.973263	-13.828938	
1863	-65.463658	-11.460736	
1864	-65.390033	-11.455016	
1865	-65.726545	-12.639259	
1866	-65.817045	-12.311296	
1867	-65.856377	-12.863309	
1868	-65.418261	-13.297099	
1869	-65.227526	-11.740279	
1870	-65.694863	-11.044641	
1871	-65.382094	-11.139929	
1872	-65.229621	-12.205630	
1873	-65.238900	-15.647358	
1874	-65.554436	-16.830186	
1875	-65.399951	-14.328145	
1876	-65.367934	-14.698419	
1877	-64.442953	-16.031148	
1878	-65.631818	-17.293625	
1879	-64.688909	-13.637574	
1880	-64.522535	-12.284522	
1881	-64.561298	-12.350864	
1882	-64.631293	-12.142831	
1883	-65.080106	-12.471444	
1884	-64.513698	-10.144455	
1885	-64.328275	-10.130443	
1886	-64.296181	-11.723555	
1887	-64.317954	-12.592536	
1888	-64.567919	-14.112563	
1889	-64.322790	-12.608465	
1890	-63.838949	-13.036603	
1891	-64.221791	-18.754436	
1892	-64.405681	-16.919749	
1893	-64.362833	-16.944434	
1894	-64.032995	-17.475965	
1895	-64.417746	-17.359999	
1896	-64.498981	-15.766980	
1897	-64.522875	-15.412942	
1898	-63.949694	-16.561968	
1899	-63.562196	-18.546766	
1900	-63.377242	-18.430069	
1901	-62.291109	-17.221735	
1902	-61.938633	-16.363748	
1903	-63.572848	-18.136716	
1904	-63.293155	-19.123382	
1905	-62.812843	-17.686376	
1906	-62.658496	-17.432523	
1907	-62.624372	-16.091792	
1908	-61.542597	-10.984523	
1909	-61.429486	-12.352101	
1910	-61.043028	-12.588330	
1911	-61.110576	-11.485634	
1912	-60.989886	-12.236062	
1913	-61.042930	-11.544546	
1914	-61.208984	-10.877738	
1915	-60.729759	-10.851214	
1916	-60.352862	-10.242087	
1917	-60.871661	-11.030867	
