Athlete_Engineering	// User ID
11-2-2021	// Evaluation date
P009_WALK5	27-1-2021	15:25:31:030	// Source file name and timestamp
250.000	// Sampling rate
5.436	// Data capture period



Sample #	Right_Leg_Flexion	Right_Leg_Abduction	
0	-48.165926	11.397228	
1	-47.511956	11.381113	
2	-47.536211	11.378781	
3	-47.662461	11.615016	
4	-45.991793	11.089573	
5	-48.557188	12.205703	
6	-46.467735	11.668174	
7	-46.038450	11.313780	
8	-47.803710	12.059279	
9	-47.616377	12.248403	
10	-47.665336	12.338139	
11	-46.094362	11.643296	
12	-46.052357	11.438963	
13	-45.925615	11.549136	
14	-47.065764	12.343831	
15	-45.727348	11.593334	
16	-47.590946	12.232618	
17	-45.319845	11.410594	
18	-47.615668	12.281779	
19	-47.513314	12.101735	
20	-47.799042	12.600637	
21	-46.376588	11.951238	
22	-46.978453	12.119208	
23	-46.650775	11.583119	
24	-46.791781	11.643846	
25	-46.837496	11.007369	
26	-47.644841	11.726875	
27	-46.210332	11.872710	
28	-46.232061	12.506188	
29	-46.208266	11.972687	
30	-46.463472	12.424741	
31	-46.701696	12.250184	
32	-45.293513	11.940752	
33	-44.715304	11.670355	
34	-44.581629	11.476904	
35	-45.029143	11.485894	
36	-44.743072	11.840540	
37	-44.815153	12.729589	
38	-42.858719	12.279761	
39	-44.173799	12.525356	
40	-43.770959	12.204881	
41	-43.876135	12.187808	
42	-43.368421	12.111922	
43	-43.169543	12.023177	
44	-42.793405	11.884140	
45	-42.953211	12.233299	
46	-46.722841	13.365665	
47	-47.035914	13.447963	
48	-44.470991	12.079299	
49	-44.470707	12.111232	
50	-44.583666	12.355611	
51	-42.512545	11.961801	
52	-42.857662	11.625774	
53	-44.817495	12.826058	
54	-44.754081	12.555339	
55	-44.664507	12.911486	
56	-44.628257	13.308295	
57	-43.877278	13.108200	
58	-43.629628	12.616935	
59	-43.761211	13.097716	
60	-41.782758	12.125949	
61	-44.222554	13.612454	
62	-44.168498	13.005209	
63	-44.256020	14.225279	
64	-43.496338	13.253029	
65	-43.546029	13.387455	
66	-43.986298	13.686119	
67	-43.966160	13.507226	
68	-43.681008	13.119616	
69	-44.023625	13.838559	
70	-45.690415	14.410860	
71	-45.583183	14.570331	
72	-45.299954	13.166009	
73	-45.524347	13.290247	
74	-43.043698	14.253456	
75	-43.372373	14.602454	
76	-43.368791	13.342570	
77	-42.577124	13.215891	
78	-42.148753	13.046948	
79	-41.399594	13.659100	
80	-40.957552	16.653057	
81	-41.020053	14.204052	
82	-40.786252	13.154483	
83	-41.954179	13.025252	
84	-42.075985	14.040487	
85	-43.879198	14.923376	
86	-42.522553	13.004897	
87	-42.902504	13.518643	
88	-42.137013	23.032608	
89	-40.376003	14.232858	
90	-40.057324	13.935611	
91	-39.743739	13.374979	
92	-39.131061	13.033165	
93	-38.152384	13.489743	
94	-40.339727	17.448078	
95	-40.180816	15.313004	
96	-38.213926	21.731091	
97	-39.269409	16.740876	
98	-38.476893	14.919595	
99	-36.348982	16.425147	
100	-33.909180	17.082958	
101	-33.409107	16.313106	
102	-35.248474	16.354882	
103	-33.225714	15.828237	
104	-33.976798	15.504656	
105	-33.740301	11.147398	
106	-33.241520	11.373647	
107	-32.372124	11.204884	
108	-32.389327	10.806495	
109	-31.294263	10.817158	
110	-30.913707	12.875825	
111	-30.170489	11.979241	
112	-27.905731	12.437977	
113	-28.794226	11.831452	
114	-28.697540	11.913167	
115	-30.317170	12.061721	
116	-28.465532	10.965911	
117	-27.914531	10.789396	
118	-27.667643	8.292891	
119	-28.656855	8.760628	
120	-24.527060	7.450497	
121	-25.582706	8.432497	
122	-25.139479	8.043539	
123	-24.532245	8.144541	
124	-26.122604	7.323121	
125	-23.416876	7.287847	
126	-23.588712	6.633331	
127	-20.877931	6.348283	
128	-21.198998	6.165160	
129	-21.017078	5.919715	
130	-20.903871	5.852491	
131	-20.367392	5.871822	
132	-20.514275	5.209442	
133	-17.996881	4.151862	
134	-19.005615	4.789164	
135	-18.426738	4.348195	
136	-17.527179	4.497131	
137	-18.503732	4.082654	
138	-17.388495	3.786050	
139	-17.549475	4.441284	
140	-16.721763	3.763561	
141	-16.234759	3.729999	
142	-16.567774	2.993695	
143	-14.528324	1.414631	
144	-15.611438	2.019482	
145	-15.496159	2.035099	
146	-14.693234	2.621117	
147	-13.061636	1.776701	
148	-14.160883	2.278124	
149	-13.834788	1.528453	
150	-11.845509	1.498232	
151	-13.433583	3.000795	
152	-13.215107	2.251393	
153	-11.645701	1.350413	
154	-9.500290	2.438943	
155	-11.810326	1.140051	
156	-11.773743	2.863730	
157	-10.833322	2.119388	
158	-10.787518	1.689512	
159	-11.176324	2.483836	
160	-11.163580	1.377474	
161	-9.262613	0.561399	
162	-8.907886	1.662137	
163	-10.707093	-0.781386	
164	-8.716866	2.151955	
165	-9.166553	1.124435	
166	-8.249451	1.467949	
167	-9.267117	1.903974	
168	-9.591335	-0.302449	
169	-8.363959	0.692358	
170	-9.704629	-0.754888	
171	-9.766880	0.208143	
172	-7.878365	-0.329251	
173	-8.584182	-0.206905	
174	-10.592272	-0.077702	
175	-8.333900	-0.849197	
176	-8.864708	-0.113631	
177	-8.788711	-2.002639	
178	-8.378342	-0.488611	
179	-7.549833	-0.947025	
180	-7.683011	-1.204489	
181	-8.944478	-1.315571	
182	-7.505982	-1.542445	
183	-8.369820	-1.207680	
184	-8.203518	-2.250272	
185	-7.199041	-0.921219	
186	-8.960070	-1.701375	
187	-7.951980	-2.223561	
188	-8.027721	-2.372064	
189	-9.293067	-2.395067	
190	-7.560809	-1.340719	
191	-6.528145	-0.655538	
192	-9.546945	-2.358165	
193	-5.723393	-1.352441	
194	-9.149500	-1.578840	
195	-10.296914	-1.211430	
196	-8.262174	-2.585209	
197	-9.167371	-1.425069	
198	-10.448443	-1.419918	
199	-10.774974	-1.113143	
200	-8.641677	-2.819861	
201	-8.530391	-2.611673	
202	-9.923405	-0.886934	
203	-8.821395	-1.258875	
204	-10.475527	-1.445874	
205	-10.626067	-1.256849	
206	-10.613845	-1.408884	
207	-11.113984	-1.252606	
208	-10.901706	-1.040246	
209	-9.136004	-2.163867	
210	-11.252180	-1.098000	
211	-10.326111	-1.379180	
212	-9.156183	-2.144471	
213	-11.130469	-1.085314	
214	-9.635509	-2.050163	
215	-10.662492	-1.013776	
216	-9.450874	-1.513926	
217	-9.532219	-1.808312	
218	-10.029663	-2.224291	
219	-9.617862	-1.676885	
220	-9.614101	-2.217605	
221	-11.290418	-1.142287	
222	-8.100642	-1.389173	
223	-10.780253	-2.134796	
224	-8.618361	-1.471452	
225	-8.650892	-1.595455	
226	-9.251606	-2.045158	
227	-8.829921	-1.777775	
228	-12.700177	-0.458792	
229	-11.178851	-0.336880	
230	-10.876743	-1.630433	
231	-10.984953	-0.093752	
232	-8.812812	-1.379928	
233	-9.948916	-1.738856	
234	-9.785831	-1.584262	
235	-8.521304	-1.093569	
236	-9.292035	0.403050	
237	-10.807786	0.612726	
238	-9.926653	-0.918715	
239	-8.730535	-0.727659	
240	-8.668706	-0.524548	
241	-10.347498	-1.433088	
242	-9.535458	-0.791154	
243	-10.504950	-1.670039	
244	-11.946970	-2.166821	
245	-10.341373	-1.156526	
246	-10.557926	-1.616220	
247	-13.282583	-0.617341	
248	-14.267376	-2.101242	
249	-11.491428	-2.956665	
250	-13.631609	-0.964836	
251	-16.472454	-2.490506	
252	-10.385003	-2.302955	
253	-11.203136	-1.668742	
254	-11.870268	-2.233563	
255	-11.270852	-4.129903	
256	-14.560046	-3.512923	
257	-13.345812	-1.967027	
258	-13.540639	-1.896573	
259	-14.708263	-2.632176	
260	-13.658637	-1.819354	
261	-15.585062	-2.492760	
262	-15.043538	-2.824138	
263	-17.698630	-1.359730	
264	-16.486764	-0.410184	
265	-17.691568	-3.693508	
266	-15.528312	-3.056660	
267	-17.713425	-3.335469	
268	-9.360228	-2.934045	
269	-16.795049	-1.815989	
270	-9.723710	-3.097419	
271	-11.634715	-2.854539	
272	-12.851314	-3.217525	
273	-14.094422	-4.510674	
274	-12.026796	-3.240289	
275	-13.983486	-4.042545	
276	-20.610471	-5.729925	
277	-20.447602	-5.406697	
278	-13.762244	-3.809882	
279	-11.774918	-3.256618	
280	-13.746441	-4.137778	
281	-11.485028	-2.229122	
282	-10.847657	-2.667043	
283	-13.435042	-3.955258	
284	-14.434985	-4.464846	
285	-14.802205	-3.903880	
286	-15.093514	-5.064825	
287	-15.501566	-4.663397	
288	-19.419900	-3.807969	
289	-15.927463	-5.501153	
290	-19.371863	-3.329445	
291	-16.608855	-5.692042	
292	-14.703514	-5.953216	
293	-17.613275	-5.791357	
294	-24.568797	-6.482008	
295	-21.482499	-4.986376	
296	-18.342444	-5.917003	
297	-18.606649	-5.013954	
298	-22.312864	-3.855281	
299	-19.444803	-5.412249	
300	-18.297327	-4.915663	
301	-25.374198	-6.336316	
302	-20.032731	-4.896416	
303	-18.948199	-5.034761	
304	-24.181201	-3.943056	
305	-23.674815	-3.853227	
306	-24.024653	-4.146160	
307	-24.580932	-4.260136	
308	-31.287179	-5.362039	
309	-24.070307	-3.797235	
310	-25.354520	-4.111942	
311	-32.016432	-5.534374	
312	-22.074873	-5.462642	
313	-22.029716	-4.640498	
314	-22.033517	-4.671710	
315	-22.608603	-3.810846	
316	-22.793657	-4.785425	
317	-21.306484	-5.028781	
318	-22.606396	-4.267070	
319	-27.402739	-2.691306	
320	-22.105850	-4.237764	
321	-22.770372	-3.420740	
322	-23.630791	-4.054495	
323	-23.405709	-3.517107	
324	-23.568380	-3.310690	
325	-23.449527	-3.155655	
326	-23.815762	-4.234300	
327	-22.282026	-6.290319	
328	-25.915277	-5.079101	
329	-23.128613	-2.351162	
330	-26.139818	-4.516779	
331	-31.921704	-5.217954	
332	-25.938564	-4.549307	
333	-25.942021	-4.086692	
334	-25.567601	-4.282367	
335	-26.430891	-3.866226	
336	-26.085357	-4.208771	
337	-27.134142	-3.794944	
338	-27.176055	-4.383873	
339	-26.855870	-2.274005	
340	-27.210254	-2.654026	
341	-27.742239	-2.765736	
342	-28.299118	-2.999401	
343	-23.459352	-1.553243	
344	-29.140762	-2.107373	
345	-36.344668	-3.244912	
346	-28.884703	-1.537138	
347	-28.960627	-2.116660	
348	-24.433435	0.243450	
349	-36.790744	-0.911527	
350	-29.308227	-0.516107	
351	-29.454299	-0.922329	
352	-29.483337	-0.356642	
353	-40.959851	0.056530	
354	-37.574545	-0.095767	
355	-29.905262	-0.503368	
356	-40.062181	1.380728	
357	-39.715413	0.052123	
358	-31.152018	-0.381515	
359	-34.144823	0.456033	
360	-31.643720	0.381112	
361	-31.432400	0.545916	
362	-33.611678	1.554702	
363	-37.862947	1.206638	
364	-35.187931	0.835166	
365	-33.538688	1.564248	
366	-33.079624	1.193564	
367	-33.889856	1.770174	
368	-37.176031	2.110937	
369	-32.903983	1.649184	
370	-36.704032	1.835290	
371	-28.769505	2.757242	
372	-34.534701	2.319936	
373	-27.076772	2.671520	
374	-37.456797	3.689182	
375	-38.781097	3.654799	
376	-33.934747	3.370574	
377	-41.866446	5.228196	
378	-39.979733	4.456329	
379	-42.350660	5.762579	
380	-40.811230	5.154786	
381	-45.179905	6.264934	
382	-37.000547	5.330133	
383	-42.548660	5.157335	
384	-36.632149	5.184154	
385	-36.709949	5.135856	
386	-43.733983	6.814873	
387	-34.884216	5.985502	
388	-40.829908	6.233369	
389	-39.353971	6.457083	
390	-36.302587	6.586464	
391	-34.015787	6.805779	
392	-41.399518	7.452589	
393	-36.486553	7.446894	
394	-34.822378	7.371019	
395	-40.641904	7.215186	
396	-39.800370	7.534542	
397	-42.257640	8.205419	
398	-38.817486	8.515685	
399	-35.541314	7.927292	
400	-43.765304	9.776822	
401	-39.792102	8.796515	
402	-36.855172	8.330148	
403	-43.795395	9.972560	
404	-44.253258	9.885101	
405	-44.534942	10.161889	
406	-41.589137	9.601437	
407	-44.580509	10.564791	
408	-42.166003	10.072472	
409	-41.790206	9.174858	
410	-42.964317	10.452850	
411	-42.263944	10.570064	
412	-41.958314	10.252283	
413	-47.215002	12.353828	
414	-45.855043	11.433068	
415	-43.267763	10.786250	
416	-43.164882	10.610321	
417	-43.228257	11.187750	
418	-46.831439	13.357099	
419	-44.050174	10.651510	
420	-43.898114	11.431715	
421	-44.842580	12.087012	
422	-48.663161	13.389434	
423	-43.719071	10.238213	
424	-44.656582	11.758787	
425	-44.576676	11.532206	
426	-44.889227	11.290705	
427	-48.214603	13.955295	
428	-44.767905	10.792763	
429	-44.874736	10.806039	
430	-45.707812	11.522538	
431	-50.425933	14.326214	
432	-49.612407	13.537553	
433	-48.918361	13.397255	
434	-45.556190	11.510349	
435	-46.413112	13.078762	
436	-49.321544	13.028307	
437	-46.772899	12.770395	
438	-50.196552	15.694384	
439	-49.959017	13.850076	
440	-52.918476	17.316087	
441	-51.337915	15.809244	
442	-48.031504	14.527691	
443	-56.656730	19.581196	
444	-54.245519	19.706086	
445	-51.793090	15.536810	
446	-49.288066	14.617579	
447	-52.517952	16.814101	
448	-55.378919	17.351553	
449	-49.368797	15.500412	
450	-49.276116	14.589930	
451	-50.089343	14.084444	
452	-59.480964	18.894524	
453	-47.141317	13.399546	
454	-56.498509	17.661906	
455	-52.172850	17.096826	
456	-46.028524	12.657323	
457	-51.973209	15.611651	
458	-46.822624	12.746834	
459	-43.076827	12.587933	
460	-47.685752	14.969501	
461	-42.867368	12.361148	
462	-42.293589	12.142426	
463	-43.604159	12.245312	
464	-40.328940	12.248285	
465	-49.104931	14.522469	
466	-44.482826	13.985779	
467	-44.273633	14.165883	
468	-44.400605	13.270896	
469	-46.504252	14.231734	
470	-43.088176	13.798757	
471	-41.967484	13.435328	
472	-46.253357	14.346207	
473	-43.508515	13.373843	
474	-40.969245	12.530794	
475	-39.729158	12.528670	
476	-42.348973	13.335641	
477	-38.702005	12.048258	
478	-38.145080	11.726421	
479	-42.936070	11.817042	
480	-38.990539	11.901278	
481	-38.172347	12.024967	
482	-34.296306	10.693401	
483	-38.943540	11.330940	
484	-37.306721	10.938810	
485	-37.724969	10.844734	
486	-28.700692	11.009125	
487	-38.700082	9.446429	
488	-32.527731	8.655421	
489	-30.003240	8.477907	
490	-35.870590	8.876341	
491	-28.463548	9.239410	
492	-30.133780	8.438665	
493	-33.623707	7.524896	
494	-26.336899	7.784381	
495	-27.648156	7.260532	
496	-28.500642	6.637008	
497	-25.820299	5.024929	
498	-28.549871	5.369464	
499	-29.182987	4.836335	
500	-31.064214	4.775638	
501	-31.205604	4.802235	
502	-26.785914	5.250842	
503	-22.781072	6.015279	
504	-27.140052	3.503377	
505	-23.111653	4.401711	
506	-25.397361	3.046858	
507	-20.928602	4.277349	
508	-21.964585	3.595394	
509	-23.301137	2.706282	
510	-19.095201	3.737544	
511	-26.180599	0.738746	
512	-22.185960	2.483965	
513	-19.820041	2.123582	
514	-15.975978	2.391274	
515	-15.862537	3.386966	
516	-14.129722	2.945580	
517	-14.058378	1.693644	
518	-12.849951	2.645540	
519	-19.781309	-1.166310	
520	-19.237177	-1.729213	
521	-11.186487	1.864776	
522	-14.623576	0.766936	
523	-12.182784	-0.207921	
524	-18.289614	-1.436596	
525	-11.958781	0.248189	
526	-8.205820	1.187213	
527	-7.616634	0.917429	
528	-11.400181	-0.030762	
529	-6.686160	0.656010	
530	-14.661026	-3.102739	
531	-9.115772	-1.335291	
532	-4.945746	-0.091321	
533	-5.024102	-0.510106	
534	-6.750925	-1.012368	
535	-4.296314	-0.349305	
536	-13.304108	-4.887150	
537	-6.778746	-1.358716	
538	-6.280090	-0.373088	
539	-4.443870	-1.713760	
540	-11.078399	-4.577458	
541	-4.838495	-1.176071	
542	-6.316542	-0.594912	
543	-10.969718	-4.160039	
544	-6.785983	-2.940360	
545	-11.077167	-5.598784	
546	-9.855784	-3.612641	
547	-5.446487	-2.023962	
548	-5.857235	-0.775017	
549	-4.940283	-1.114706	
550	-3.805913	-0.641045	
551	-4.956498	-2.166940	
552	-9.483785	-4.637763	
553	-7.692667	-2.219035	
554	-9.482645	-3.777372	
555	-7.107589	-2.615004	
556	-9.382498	-2.332187	
557	-7.822530	-1.591686	
558	-5.319327	-0.543119	
559	-9.681566	-3.158972	
560	-11.070908	-2.388952	
561	-9.714139	-1.928778	
562	-9.385336	-2.488650	
563	-10.615639	-2.911659	
564	-7.556367	-0.546847	
565	-10.517129	-2.343903	
566	-7.130841	-0.948013	
567	-8.342676	-2.150910	
568	-9.234310	-1.310105	
569	-12.536704	-2.754011	
570	-7.570399	-1.069036	
571	-9.014694	-1.745015	
572	-7.986239	-1.743556	
573	-13.223973	-3.703200	
574	-7.864257	-0.115607	
575	-15.364516	0.508431	
576	-10.650425	-1.075365	
577	-10.632429	-1.065137	
578	-11.977554	-1.350274	
579	-13.132531	-2.290048	
580	-14.078704	-3.382668	
581	-11.386232	-2.024168	
582	-11.212257	-1.234301	
583	-11.021754	-1.339086	
584	-21.069378	-4.693752	
585	-13.314163	-1.267987	
586	-11.943071	-1.156561	
587	-9.306078	0.214391	
588	-12.271255	-0.518534	
589	-17.405131	-2.016714	
590	-15.200862	-1.096110	
591	-12.575205	-0.260642	
592	-13.144815	-0.817766	
593	-13.235724	-0.864256	
594	-10.541654	0.253458	
595	-15.513179	-1.255521	
596	-16.825600	-1.324224	
597	-16.507289	-1.050702	
598	-15.525807	-1.370499	
599	-11.640236	-0.622645	
600	-13.566797	-1.412875	
601	-12.378386	-0.916692	
602	-13.863853	-1.182385	
603	-15.715453	-1.279202	
604	-19.436314	-2.688397	
605	-17.383557	-1.261290	
606	-16.935281	-1.353285	
607	-21.266871	-3.094267	
608	-15.281609	0.065281	
609	-17.307965	-0.529793	
610	-18.179015	-0.384826	
611	-16.323506	-0.039621	
612	-17.978251	-0.703873	
613	-18.979099	-0.807348	
614	-18.435628	-0.875600	
615	-22.767696	-2.600402	
616	-18.601914	0.491780	
617	-18.375430	0.511837	
618	-25.028773	-1.687538	
619	-21.739908	-3.526825	
620	-20.466008	-0.467599	
621	-22.010112	1.281243	
622	-19.492421	-0.420746	
623	-17.943066	-1.920333	
624	-19.170899	-0.291843	
625	-20.592712	-1.255100	
626	-20.952197	-1.377480	
627	-18.338022	-0.822523	
628	-18.939893	-0.271424	
629	-25.878914	-2.544301	
630	-20.332486	0.565648	
631	-22.960200	0.569949	
632	-22.289064	0.167694	
633	-23.029777	2.515586	
634	-19.224244	-0.658821	
635	-23.826702	-1.118996	
636	-26.513690	1.111873	
637	-29.132624	0.899983	
638	-21.920281	-0.327071	
639	-20.856403	0.474481	
640	-23.575216	-0.535786	
641	-26.775884	-0.630918	
642	-30.244357	-1.517468	
643	-21.014683	-0.716381	
644	-20.963278	-0.510153	
645	-25.293301	-1.306212	
646	-23.745644	-0.554951	
647	-20.618944	-1.671926	
648	-20.171410	-0.562075	
649	-21.187713	-0.778384	
650	-28.449885	-2.654982	
651	-29.616629	-1.249203	
652	-21.571278	-2.329549	
653	-24.944004	-1.002291	
654	-26.428155	0.222659	
655	-35.345185	-3.763995	
656	-23.747454	1.248801	
657	-31.007560	-0.494752	
658	-24.926777	1.826279	
659	-37.034862	-1.665815	
660	-26.549557	-0.210090	
661	-27.417426	1.008414	
662	-25.622412	2.474384	
663	-25.190725	2.027930	
664	-38.307304	0.628214	
665	-30.425756	3.471937	
666	-27.616081	1.993980	
667	-32.969056	3.095192	
668	-31.814209	3.390675	
669	-34.290545	2.910361	
670	-33.598753	2.979093	
671	-29.478879	2.598410	
672	-24.164206	0.050314	
673	-39.446712	4.200554	
674	-29.877434	2.765195	
675	-36.767495	3.772639	
676	-43.994769	3.714565	
677	-31.245447	2.419018	
678	-39.835864	2.508090	
679	-36.148575	2.802349	
680	-39.468029	3.601455	
681	-34.023944	3.521030	
682	-35.468436	5.059502	
683	-41.332323	4.952873	
684	-31.384173	3.543568	
685	-37.712178	3.769810	
686	-32.828506	4.621848	
687	-44.028588	4.456838	
688	-37.514441	5.172513	
689	-35.916294	5.357695	
690	-34.343278	3.902043	
691	-32.023149	2.947219	
692	-32.332836	4.163780	
693	-37.337357	6.036522	
694	-37.564503	5.899063	
695	-40.210967	4.506288	
696	-34.571143	4.546446	
697	-56.509685	6.255014	
698	-45.940185	6.305051	
699	-43.989398	7.380978	
700	-44.397779	7.089642	
701	-33.276811	5.235390	
702	-33.320453	20.074210	
703	-33.695814	20.976696	
704	-41.251173	13.516485	
705	-44.749571	7.648957	
706	-39.599572	6.627573	
707	-40.094949	6.303469	
708	-44.823889	7.008510	
709	-43.512673	7.565088	
710	-27.337707	3.736295	
711	-27.796699	5.330794	
712	-46.288189	16.547284	
713	-48.520731	8.919431	
714	-54.285452	11.064503	
715	-45.951199	6.687459	
716	-44.384736	8.200291	
717	-39.269062	8.404115	
718	-43.996018	9.855647	
719	-40.248800	8.378940	
720	-36.769041	7.777263	
721	-37.790361	7.128146	
722	-36.683703	6.272097	
723	-42.439325	8.810837	
724	-41.886321	9.215507	
725	-44.334363	10.008192	
726	-46.412970	10.826073	
727	-44.292978	9.870688	
728	-43.334209	9.997792	
729	-43.646637	9.174108	
730	-39.966881	6.260097	
731	-37.824628	5.674252	
732	-44.093642	9.094547	
733	-38.484849	6.889977	
734	-44.067246	7.952410	
735	-46.974442	9.125038	
736	-45.718150	8.769778	
737	-45.679866	10.202182	
738	-47.340200	11.263709	
739	-51.315809	11.250932	
740	-47.780551	9.961260	
741	-48.188037	9.267752	
742	-48.096797	9.325677	
743	-43.823692	7.997221	
744	-44.418051	8.635779	
745	-47.984294	11.098544	
746	-48.129350	11.651407	
747	-49.355440	11.908773	
748	-48.434394	10.201312	
749	-49.841598	11.562331	
750	-49.468145	11.465001	
751	-49.105412	11.146091	
752	-48.647058	9.591560	
753	-48.856472	10.005563	
754	-50.813528	11.267192	
755	-50.476617	10.199711	
756	-50.071503	11.138744	
757	-51.775552	11.897970	
758	-51.840634	11.459481	
759	-50.600308	12.014465	
760	-52.505274	11.786316	
761	-46.854171	10.158180	
762	-51.471260	10.626031	
763	-51.533161	10.964893	
764	-52.640981	12.389545	
765	-57.237242	13.326388	
766	-53.629277	12.006049	
767	-53.413882	11.432538	
768	-50.771353	9.223351	
769	-52.976407	12.418057	
770	-54.404184	12.780592	
771	-58.709851	13.574011	
772	-59.177122	15.409687	
773	-55.829957	14.657241	
774	-54.036139	11.229640	
775	-56.903782	11.789013	
776	-58.873668	14.025051	
777	-56.537763	12.222148	
778	-54.099687	9.182412	
779	-54.678324	12.198933	
780	-55.085494	10.907326	
781	-54.539174	10.608398	
782	-53.617552	11.845631	
783	-54.734378	13.313594	
784	-50.799904	8.517668	
785	-49.617222	8.654950	
786	-49.926821	9.286449	
787	-37.074875	4.741995	
788	-40.094319	5.041377	
789	-43.955416	7.463276	
790	-49.901363	10.777074	
791	-44.475833	9.792331	
792	-47.647701	9.821300	
793	-51.573495	12.656428	
794	-48.053061	10.229825	
795	-51.321154	14.529896	
796	-48.350747	13.876603	
797	-47.920523	14.000065	
798	-49.577764	15.447518	
799	-49.087419	14.665979	
800	-47.778125	16.358505	
801	-47.615744	14.486131	
802	-41.555100	10.285193	
803	-45.502133	13.355402	
804	-43.790902	13.252996	
805	-43.920286	13.107925	
806	-43.487141	12.500496	
807	-42.121220	11.232025	
808	-41.575336	11.941920	
809	-41.557991	11.474504	
810	-40.978143	10.717567	
811	-40.719726	10.630598	
812	-41.015392	11.189511	
813	-39.320236	11.939529	
814	-37.841163	9.941391	
815	-41.464058	12.597354	
816	-36.582187	10.562975	
817	-35.431270	9.381691	
818	-32.627887	13.968851	
819	-33.245106	7.594135	
820	-32.057559	5.943184	
821	-31.895301	5.173202	
822	-31.588367	8.705337	
823	-24.319716	5.432660	
824	-25.588450	6.032146	
825	-29.683735	10.719438	
826	-26.167989	10.626045	
827	-27.722524	12.567997	
828	-27.630185	5.110624	
829	NaN	NaN	
830	NaN	NaN	
831	NaN	NaN	
832	-29.020223	6.198274	
833	-26.144197	5.206098	
834	-15.529111	0.061513	
835	-23.075427	8.934189	
836	-25.908850	4.488522	
837	-26.154148	4.930271	
838	-22.000505	4.344309	
839	-24.150195	3.003709	
840	-23.303536	4.143675	
841	-22.802464	3.343174	
842	-22.786204	2.622518	
843	-21.167143	2.339639	
844	-22.401493	1.653094	
845	-20.675669	2.842069	
846	-19.568632	2.186037	
847	-18.460299	0.833243	
848	-17.578626	0.155830	
849	-14.835510	2.661640	
850	-16.361043	3.086802	
851	-15.811099	-0.615137	
852	-15.549467	-0.325943	
853	-16.703573	-0.850451	
854	-15.492589	-0.022612	
855	-15.708097	-0.531073	
856	-15.358700	-0.498702	
857	-14.551793	-1.165864	
858	-15.622028	-1.282442	
859	-15.296931	-1.149073	
860	-14.793009	-1.056954	
861	-14.976695	-1.261278	
862	-13.678211	-0.645286	
863	-13.763873	-1.100150	
864	-12.709061	-0.953921	
865	-12.588211	-0.680017	
866	-12.898814	-1.497999	
867	-11.971451	-2.218169	
868	-12.483641	-1.903218	
869	-12.261069	-2.221895	
870	-11.727415	-2.612425	
871	-10.202699	0.039651	
872	-12.493118	-2.201534	
873	-11.879797	-1.987428	
874	-11.472591	-1.576637	
875	-9.712272	-0.554053	
876	-9.118656	0.676288	
877	-11.251442	-0.412440	
878	-11.021639	-0.544118	
879	-12.307760	-1.480569	
880	-12.241091	-1.350538	
881	-12.349963	-1.027275	
882	-11.403133	-0.974108	
883	-11.684192	-0.850874	
884	-11.207500	0.334887	
885	-11.867460	-1.634005	
886	-10.916229	1.075051	
887	-10.358593	-0.161622	
888	-11.117407	1.258191	
889	-13.316242	-1.151329	
890	-11.532757	0.738700	
891	-11.823382	0.412279	
892	-13.558009	2.153554	
893	-14.530046	-2.001745	
894	-11.685657	-3.296035	
895	-13.539129	-0.815524	
896	-14.226171	-1.343744	
897	-14.872176	-0.815100	
898	-14.957856	-0.764465	
899	-15.083510	-0.477788	
900	-14.298026	-0.757614	
901	-15.673764	-0.281869	
902	-15.442516	-0.986792	
903	-16.902866	-0.125623	
904	-14.889976	0.213320	
905	-15.871826	0.042465	
906	-16.083572	-0.822418	
907	-16.558489	0.544926	
908	-16.241395	-0.587605	
909	-16.913120	-0.138505	
910	-17.306166	-0.088320	
911	-17.426780	0.384060	
912	-16.153673	1.009628	
913	-17.968428	0.792312	
914	-17.589010	5.587532	
915	-18.921037	-0.509459	
916	-18.620924	0.667618	
917	-18.088894	0.716450	
918	-19.043484	1.103100	
919	-19.356216	0.801611	
920	-18.620029	0.839381	
921	-18.293085	6.157270	
922	-19.355782	1.213611	
923	-18.897278	1.396959	
924	-20.433468	1.645236	
925	-20.355354	1.708710	
926	-20.069537	1.180922	
927	-21.115967	1.569606	
928	-21.889786	2.163630	
929	-21.509008	2.218355	
930	-21.933252	1.871312	
931	-21.890580	3.404013	
932	-18.737961	-1.094945	
933	-24.659908	1.108046	
934	-20.853495	1.616293	
935	-22.971987	1.592282	
936	-25.123903	1.718239	
937	-29.716034	1.709751	
938	-25.220729	2.300740	
939	-24.627546	1.796462	
940	-25.529812	1.452366	
941	-25.984320	2.461269	
942	-31.195034	2.110050	
943	NaN	NaN	
944	NaN	NaN	
945	NaN	NaN	
946	NaN	NaN	
947	NaN	NaN	
948	-24.946192	1.862053	
949	-23.563718	3.320048	
950	-22.247175	4.368724	
951	-17.701114	6.879646	
952	NaN	NaN	
953	NaN	NaN	
954	NaN	NaN	
955	NaN	NaN	
956	NaN	NaN	
957	NaN	NaN	
958	NaN	NaN	
959	-26.630385	2.519789	
960	-28.129355	2.326370	
961	-27.289191	-1.242384	
962	-26.074319	-0.263080	
963	-24.584515	1.450112	
964	-22.240965	2.755752	
965	-25.486539	1.632306	
966	-25.963610	1.119654	
967	-28.061564	-0.048642	
968	-27.704169	1.337869	
969	-24.141993	0.598902	
970	-28.089542	-0.432974	
971	-26.924498	1.487000	
972	-29.267819	-1.382081	
973	-28.707632	0.608312	
974	-29.067208	-0.098174	
975	-29.651791	0.944138	
976	-29.130526	-0.342959	
977	-29.568519	-0.050238	
978	-29.645245	-0.951347	
979	-25.988063	0.788392	
980	-26.593713	0.680147	
981	-26.659228	1.808244	
982	-31.070586	3.356240	
983	-30.581534	-0.860853	
984	-28.676075	-0.535119	
985	-29.326207	-0.939965	
986	-29.673439	-1.901312	
987	-33.430833	0.373759	
988	-33.673342	1.752735	
989	NaN	NaN	
990	NaN	NaN	
991	NaN	NaN	
992	NaN	NaN	
993	NaN	NaN	
994	NaN	NaN	
995	NaN	NaN	
996	92.782209	91.971092	
997	99.921786	96.594017	
998	100.910797	97.772144	
999	157.200939	-172.329165	
1000	156.278841	-175.111936	
1001	100.442943	96.928772	
1002	NaN	NaN	
1003	NaN	NaN	
1004	NaN	NaN	
1005	NaN	NaN	
1006	NaN	NaN	
1007	NaN	NaN	
1008	NaN	NaN	
1009	NaN	NaN	
1010	NaN	NaN	
1011	NaN	NaN	
1012	NaN	NaN	
1013	NaN	NaN	
1014	NaN	NaN	
1015	NaN	NaN	
1016	NaN	NaN	
1017	NaN	NaN	
1018	NaN	NaN	
1019	NaN	NaN	
1020	NaN	NaN	
1021	NaN	NaN	
1022	NaN	NaN	
1023	NaN	NaN	
1024	NaN	NaN	
1025	NaN	NaN	
1026	NaN	NaN	
1027	-38.149689	1.130471	
1028	-39.010277	-13.590060	
1029	-35.718106	3.075754	
1030	-37.078854	-0.314151	
1031	-34.614973	-2.739153	
1032	-38.352507	-0.010237	
1033	-38.959816	-1.504489	
1034	-39.821585	-1.447503	
1035	-36.634986	2.522127	
1036	NaN	NaN	
1037	NaN	NaN	
1038	NaN	NaN	
1039	NaN	NaN	
1040	-38.803411	4.596628	
1041	-37.916673	3.003245	
1042	-48.900451	1.240456	
1043	-38.756851	3.355376	
1044	-37.282928	3.554283	
1045	NaN	NaN	
1046	NaN	NaN	
1047	-44.434396	9.784983	
1048	-32.692717	5.756395	
1049	-38.835703	6.392811	
1050	-45.934628	11.990742	
1051	-40.662774	8.401496	
1052	-30.840278	8.725118	
1053	-42.087116	7.246871	
1054	-34.065073	9.138285	
1055	-41.122326	7.261273	
1056	-41.877580	4.238153	
1057	NaN	NaN	
1058	NaN	NaN	
1059	NaN	NaN	
1060	NaN	NaN	
1061	NaN	NaN	
1062	NaN	NaN	
1063	NaN	NaN	
1064	NaN	NaN	
1065	NaN	NaN	
1066	NaN	NaN	
1067	NaN	NaN	
1068	NaN	NaN	
1069	NaN	NaN	
1070	NaN	NaN	
1071	NaN	NaN	
1072	NaN	NaN	
1073	NaN	NaN	
1074	NaN	NaN	
1075	NaN	NaN	
1076	NaN	NaN	
1077	NaN	NaN	
1078	NaN	NaN	
1079	NaN	NaN	
1080	NaN	NaN	
1081	NaN	NaN	
1082	NaN	NaN	
1083	NaN	NaN	
1084	NaN	NaN	
1085	NaN	NaN	
1086	NaN	NaN	
1087	NaN	NaN	
1088	NaN	NaN	
1089	NaN	NaN	
1090	NaN	NaN	
1091	NaN	NaN	
1092	NaN	NaN	
1093	NaN	NaN	
1094	NaN	NaN	
1095	NaN	NaN	
1096	NaN	NaN	
1097	NaN	NaN	
1098	NaN	NaN	
1099	NaN	NaN	
1100	NaN	NaN	
1101	NaN	NaN	
1102	-13.703017	39.405356	
1103	-13.073328	39.244835	
1104	-12.999520	39.785037	
1105	-13.616024	40.209182	
1106	-13.332479	39.835740	
1107	-12.047275	39.787940	
1108	-12.233300	38.921496	
1109	-13.417746	40.174359	
1110	-12.237479	40.876133	
1111	-12.606231	41.082204	
1112	-17.520842	42.901791	
1113	-15.938399	43.087090	
1114	-14.225664	43.045822	
1115	-13.389097	42.150842	
1116	-16.181883	46.238389	
1117	-16.515683	44.743814	
1118	-9.004666	41.798650	
1119	-8.547360	41.748056	
1120	-6.647323	42.634442	
1121	-11.881230	44.351505	
1122	-12.103957	45.797549	
1123	-6.341439	43.300941	
1124	-6.744907	44.474108	
1125	-3.772765	47.567799	
1126	-4.066043	47.721713	
1127	-10.331661	46.707144	
1128	-9.146518	47.918369	
1129	-1.385839	50.442985	
1130	-7.728683	48.896010	
1131	-8.258573	50.329728	
1132	-6.951965	48.984658	
1133	-7.965748	49.866227	
1134	-7.922110	50.489609	
1135	-6.968716	50.848238	
1136	-6.596406	51.570157	
1137	-6.609788	52.177502	
1138	-6.551626	54.134250	
1139	NaN	NaN	
1140	-21.284631	55.686620	
1141	NaN	NaN	
1142	NaN	NaN	
1143	-13.553069	60.204416	
1144	-11.510783	61.459187	
1145	6.907565	60.582453	
1146	-5.128409	58.474130	
1147	17.726460	57.190563	
1148	15.227718	60.040904	
1149	21.958835	60.536904	
1150	1.017969	63.309991	
1151	NaN	NaN	
1152	8.765607	63.916836	
1153	13.005725	65.231692	
1154	19.098341	65.301591	
1155	28.935116	64.824834	
1156	28.094496	66.563982	
1157	28.096380	66.354870	
1158	27.302122	66.467939	
1159	32.564288	68.988860	
1160	33.389016	68.655408	
1161	36.264034	69.887320	
1162	39.648199	70.273356	
1163	23.556046	67.054988	
1164	32.284622	63.204113	
1165	34.542388	63.972348	
1166	33.053029	69.620712	
1167	36.236946	71.072651	
1168	35.218271	70.642692	
1169	34.518209	70.631174	
1170	NaN	NaN	
1171	41.716420	72.827742	
1172	44.362357	72.494968	
1173	43.202999	73.269303	
1174	42.571683	73.294424	
1175	47.765091	74.225918	
1176	50.663538	74.876006	
1177	52.649822	75.860386	
1178	50.368646	75.655771	
1179	53.198326	75.988076	
1180	NaN	NaN	
1181	NaN	NaN	
1182	NaN	NaN	
1183	NaN	NaN	
1184	NaN	NaN	
1185	NaN	NaN	
1186	NaN	NaN	
1187	NaN	NaN	
1188	NaN	NaN	
1189	NaN	NaN	
1190	NaN	NaN	
1191	NaN	NaN	
1192	NaN	NaN	
1193	NaN	NaN	
1194	NaN	NaN	
1195	NaN	NaN	
1196	NaN	NaN	
1197	NaN	NaN	
1198	NaN	NaN	
1199	NaN	NaN	
1200	NaN	NaN	
1201	NaN	NaN	
1202	NaN	NaN	
1203	NaN	NaN	
1204	NaN	NaN	
1205	NaN	NaN	
1206	163.767879	118.677540	
1207	2.624314	-52.392699	
1208	-24.187294	16.797230	
1209	-36.429486	45.272550	
1210	-43.012872	52.834245	
1211	-44.411665	52.460583	
1212	-45.684914	51.564626	
1213	-47.126660	49.031807	
1214	NaN	NaN	
1215	NaN	NaN	
1216	NaN	NaN	
1217	NaN	NaN	
1218	NaN	NaN	
1219	NaN	NaN	
1220	NaN	NaN	
1221	NaN	NaN	
1222	NaN	NaN	
1223	NaN	NaN	
1224	NaN	NaN	
1225	NaN	NaN	
1226	NaN	NaN	
1227	NaN	NaN	
1228	NaN	NaN	
1229	NaN	NaN	
1230	NaN	NaN	
1231	NaN	NaN	
1232	NaN	NaN	
1233	NaN	NaN	
1234	NaN	NaN	
1235	NaN	NaN	
1236	NaN	NaN	
1237	NaN	NaN	
1238	NaN	NaN	
1239	NaN	NaN	
1240	NaN	NaN	
1241	NaN	NaN	
1242	NaN	NaN	
1243	NaN	NaN	
1244	NaN	NaN	
1245	NaN	NaN	
1246	NaN	NaN	
1247	NaN	NaN	
1248	NaN	NaN	
1249	NaN	NaN	
1250	NaN	NaN	
1251	NaN	NaN	
1252	NaN	NaN	
1253	NaN	NaN	
1254	NaN	NaN	
1255	NaN	NaN	
1256	NaN	NaN	
1257	NaN	NaN	
1258	NaN	NaN	
1259	NaN	NaN	
1260	NaN	NaN	
1261	NaN	NaN	
1262	NaN	NaN	
1263	NaN	NaN	
1264	NaN	NaN	
1265	NaN	NaN	
1266	NaN	NaN	
1267	NaN	NaN	
1268	NaN	NaN	
1269	NaN	NaN	
1270	NaN	NaN	
1271	NaN	NaN	
1272	NaN	NaN	
1273	NaN	NaN	
1274	NaN	NaN	
1275	NaN	NaN	
1276	NaN	NaN	
1277	NaN	NaN	
1278	NaN	NaN	
1279	NaN	NaN	
1280	NaN	NaN	
1281	NaN	NaN	
1282	NaN	NaN	
1283	NaN	NaN	
1284	NaN	NaN	
1285	NaN	NaN	
1286	NaN	NaN	
1287	NaN	NaN	
1288	NaN	NaN	
1289	NaN	NaN	
1290	NaN	NaN	
1291	NaN	NaN	
1292	NaN	NaN	
1293	NaN	NaN	
1294	NaN	NaN	
1295	NaN	NaN	
1296	NaN	NaN	
1297	NaN	NaN	
1298	NaN	NaN	
1299	NaN	NaN	
1300	NaN	NaN	
1301	NaN	NaN	
1302	NaN	NaN	
1303	NaN	NaN	
1304	NaN	NaN	
1305	NaN	NaN	
1306	NaN	NaN	
1307	NaN	NaN	
1308	NaN	NaN	
1309	NaN	NaN	
1310	NaN	NaN	
1311	NaN	NaN	
1312	NaN	NaN	
1313	NaN	NaN	
1314	NaN	NaN	
1315	NaN	NaN	
1316	NaN	NaN	
1317	NaN	NaN	
1318	NaN	NaN	
1319	NaN	NaN	
1320	NaN	NaN	
1321	NaN	NaN	
1322	NaN	NaN	
1323	NaN	NaN	
1324	NaN	NaN	
1325	NaN	NaN	
1326	NaN	NaN	
1327	NaN	NaN	
1328	NaN	NaN	
1329	NaN	NaN	
1330	NaN	NaN	
1331	NaN	NaN	
1332	NaN	NaN	
1333	NaN	NaN	
1334	NaN	NaN	
1335	NaN	NaN	
1336	NaN	NaN	
1337	NaN	NaN	
1338	NaN	NaN	
1339	NaN	NaN	
1340	NaN	NaN	
1341	NaN	NaN	
1342	NaN	NaN	
1343	NaN	NaN	
1344	NaN	NaN	
1345	NaN	NaN	
1346	NaN	NaN	
1347	NaN	NaN	
1348	NaN	NaN	
1349	NaN	NaN	
1350	NaN	NaN	
1351	NaN	NaN	
1352	NaN	NaN	
1353	NaN	NaN	
1354	NaN	NaN	
1355	NaN	NaN	
1356	NaN	NaN	
1357	NaN	NaN	
1358	NaN	NaN	
1359	NaN	NaN	
