Athlete_Engineering	// User ID
11-2-2021	// Evaluation date
P009_FLEX	27-1-2021	15:20:37:151	// Source file name and timestamp
250.000	// Sampling rate
10.215	// Data capture period



Sample #	Right_Leg_Flexion	Right_Leg_Abduction	
0	-48.006293	10.682136	
1	-48.229907	11.163662	
2	-48.175983	10.971908	
3	-48.044971	10.861996	
4	-47.974560	10.410491	
5	-48.139391	10.729950	
6	-47.943008	10.561731	
7	-48.133894	10.547686	
8	-45.333182	8.949288	
9	-46.940281	10.447860	
10	-47.948265	10.694440	
11	-47.441266	10.109396	
12	-47.755690	10.596932	
13	-47.985709	11.246315	
14	-47.950718	11.051471	
15	-47.632668	10.429154	
16	-47.698015	10.964221	
17	-47.657048	10.660334	
18	-47.807089	10.719203	
19	-47.758417	10.586174	
20	-47.942253	10.731715	
21	-47.375265	10.324510	
22	-47.478515	10.882572	
23	-47.744904	11.498074	
24	-47.914998	11.475737	
25	-47.921564	11.299796	
26	-47.679568	11.133936	
27	-47.632346	10.787945	
28	-47.877627	11.547605	
29	-47.936919	11.687180	
30	-48.014086	11.660077	
31	-48.059688	11.659454	
32	-48.123241	11.545468	
33	-48.128868	11.609938	
34	-47.817133	10.550273	
35	-47.847552	10.534834	
36	-47.814485	10.736592	
37	-47.931571	10.443814	
38	-48.051826	10.828180	
39	-47.797957	10.582717	
40	-47.721030	10.411346	
41	-48.179936	11.163482	
42	-47.121024	10.929130	
43	-47.077592	10.082413	
44	-47.210642	9.808910	
45	-47.536316	10.915944	
46	-47.166256	9.555781	
47	-47.423323	10.121542	
48	-47.222600	10.284710	
49	-46.852442	9.522114	
50	-46.752189	9.030049	
51	-47.177696	10.296024	
52	-47.227570	10.889200	
53	-47.226791	10.692466	
54	-47.098258	10.594763	
55	-47.238810	10.825593	
56	-46.877770	10.917598	
57	-46.868852	10.742390	
58	-46.870318	10.004928	
59	-47.061994	10.483976	
60	-47.488374	10.917314	
61	-47.010343	10.555670	
62	-46.675640	10.104033	
63	-46.828917	10.344173	
64	-46.869966	10.417158	
65	-46.269350	9.435338	
66	-46.318989	9.411370	
67	-49.983686	18.674040	
68	-47.917009	14.062077	
69	-47.025061	11.401601	
70	-46.950437	11.709473	
71	-47.031153	11.953465	
72	-46.790000	11.131122	
73	-46.826396	10.913970	
74	-46.646010	10.315927	
75	-46.612045	10.453720	
76	-46.891927	10.636755	
77	-46.298745	10.442537	
78	-45.905920	10.134827	
79	-45.916538	10.002289	
80	-46.103661	9.897028	
81	-46.192850	10.315846	
82	-46.100213	10.032204	
83	-45.754278	8.735481	
84	-45.935717	10.350622	
85	-45.890625	10.270366	
86	-45.732126	9.878215	
87	-45.704004	9.575815	
88	-45.950075	10.168491	
89	-45.563097	9.638190	
90	-46.057116	10.422198	
91	-46.444827	10.182345	
92	-46.243069	10.518768	
93	-46.034897	10.668221	
94	-46.151466	10.863827	
95	-46.167043	10.521971	
96	-45.710625	9.990045	
97	-45.648403	10.082408	
98	-45.528136	10.106052	
99	-45.524000	9.566550	
100	-45.583256	10.174663	
101	-45.139503	9.575364	
102	-45.001104	9.573095	
103	-45.256206	9.879982	
104	-44.864481	8.937859	
105	-44.982439	9.456888	
106	-44.953987	9.168167	
107	-44.677060	9.409702	
108	-44.758282	8.932156	
109	-44.555179	8.755174	
110	-44.462361	9.022879	
111	-44.335600	9.369125	
112	-44.204033	8.884774	
113	-43.986292	9.761007	
114	-43.909683	9.085423	
115	-43.681556	9.274842	
116	-43.869951	10.039506	
117	-43.999797	9.331206	
118	-44.569172	10.992312	
119	-42.878418	8.070869	
120	-43.117407	8.074999	
121	-43.032451	8.822824	
122	-42.607640	7.211396	
123	-47.559405	17.614709	
124	-44.661030	12.397443	
125	-43.404880	9.399744	
126	-44.344268	9.900689	
127	-43.877499	9.610911	
128	-43.577787	9.303057	
129	-43.543215	9.404394	
130	-42.774225	9.570374	
131	-42.499704	9.341590	
132	-42.169216	8.624776	
133	-45.179587	16.212753	
134	-43.394264	11.733271	
135	-41.894843	8.527153	
136	-44.312881	15.094320	
137	-42.511822	11.169633	
138	-41.613866	9.792218	
139	-41.911540	10.935350	
140	-41.900753	11.050436	
141	-41.572784	10.771971	
142	-41.267265	10.743753	
143	-41.010247	10.268987	
144	-41.244734	10.169841	
145	-41.418093	9.964632	
146	-41.425093	9.875602	
147	-40.808011	9.349781	
148	-40.833937	9.592034	
149	-40.908149	10.356845	
150	-40.714255	9.928896	
151	-40.624784	9.899125	
152	-40.630319	10.308672	
153	-39.986661	9.607774	
154	-40.607163	10.275379	
155	-40.713167	10.482700	
156	-39.831441	9.776594	
157	-39.627392	10.051029	
158	-39.608546	9.373896	
159	-39.319502	8.714295	
160	-39.105752	9.216402	
161	-38.966978	9.360890	
162	-39.254381	9.338230	
163	-39.216605	8.976962	
164	-38.924719	9.449764	
165	-38.570169	9.459433	
166	-38.273684	9.503920	
167	-37.836274	9.396349	
168	-37.413260	8.949824	
169	-37.789393	9.388425	
170	-37.549343	8.882543	
171	-37.353026	8.958186	
172	-37.567763	8.977902	
173	-37.309075	8.898360	
174	-36.714981	8.365879	
175	-37.151291	8.670791	
176	-37.429218	8.920660	
177	-37.098167	8.484913	
178	-36.853782	8.159548	
179	-37.184298	9.004828	
180	-37.003539	9.028423	
181	-37.023445	9.114649	
182	-36.898280	9.311611	
183	-36.374461	8.225682	
184	-36.664387	9.138133	
185	-36.586157	9.086677	
186	-37.149703	9.764596	
187	-36.617792	9.532758	
188	-36.113209	8.602901	
189	-36.057846	8.944673	
190	-35.532707	8.633085	
191	-35.820953	8.821946	
192	-35.596935	8.668258	
193	-35.506865	8.945832	
194	-35.455058	9.242750	
195	-35.162570	9.090722	
196	-35.366130	8.986963	
197	-35.601686	9.516508	
198	-35.523315	9.556232	
199	-35.314649	9.414048	
200	-35.551907	9.399023	
201	-35.606138	9.557926	
202	-34.784091	9.018824	
203	-35.285952	9.061203	
204	-34.491012	8.766756	
205	-34.954965	8.505525	
206	-34.853578	8.809846	
207	-35.189461	9.065026	
208	-35.102951	9.052492	
209	-34.717175	8.297223	
210	-34.876553	8.474807	
211	-34.910263	8.683680	
212	-34.653680	8.311739	
213	-34.988004	8.551698	
214	-35.191080	8.828707	
215	-34.492004	8.096659	
216	-34.482853	7.913529	
217	-34.455844	8.980142	
218	-34.519214	9.833382	
219	-33.721179	8.706496	
220	-34.172948	9.793037	
221	-34.122049	10.411728	
222	-33.697967	9.799605	
223	-33.990157	10.505726	
224	-33.884094	10.360863	
225	-33.483697	9.944780	
226	-33.051958	9.846488	
227	-33.082019	9.650491	
228	-33.434313	10.063970	
229	-34.079390	10.101321	
230	-34.311490	10.236016	
231	-33.912032	9.513760	
232	-33.846740	9.180536	
233	-33.907582	9.793200	
234	-33.719431	9.962743	
235	-33.607088	9.763125	
236	-33.506701	10.182933	
237	-32.893751	10.133856	
238	-32.891928	10.175701	
239	-33.369064	10.156775	
240	-33.030424	10.504842	
241	-33.236855	10.401942	
242	-33.196112	11.233404	
243	-32.538451	9.836505	
244	-32.883139	10.916224	
245	-32.477048	10.262984	
246	-31.606960	8.594192	
247	-35.529181	17.116985	
248	-32.857284	11.330417	
249	-31.585346	8.539701	
250	-32.045106	8.903205	
251	-31.992674	9.485326	
252	-31.431806	8.936097	
253	-31.402326	8.603973	
254	-31.746967	9.155337	
255	-31.668847	9.135487	
256	-31.381666	9.276945	
257	-31.201247	9.141385	
258	-31.217639	9.194372	
259	-31.001281	9.486365	
260	-31.100065	8.829784	
261	-30.652343	9.274836	
262	-31.032418	9.603349	
263	-30.809666	9.288229	
264	-30.821781	9.031079	
265	-30.778662	9.075758	
266	-30.738622	8.903302	
267	-30.300257	8.639388	
268	-30.537548	8.691873	
269	-30.666125	9.251143	
270	-30.140347	9.358799	
271	-30.066938	9.501743	
272	-30.116303	10.525398	
273	-30.040895	10.773387	
274	-29.746149	10.683879	
275	-29.898870	10.739902	
276	-30.175679	11.077820	
277	-29.773651	10.333647	
278	-29.355152	9.905880	
279	-29.705873	9.419472	
280	-29.863776	13.456122	
281	-29.346616	10.618919	
282	-29.387785	12.391851	
283	-30.073295	13.743050	
284	-29.928339	13.903175	
285	-29.457183	10.859162	
286	-29.399053	13.051521	
287	-29.584855	14.353487	
288	-29.694081	14.256018	
289	-29.484716	14.428545	
290	-29.952719	14.920371	
291	-29.739170	14.660961	
292	-29.827103	15.088057	
293	-29.784981	15.185458	
294	-29.799937	14.970886	
295	-29.689391	14.991896	
296	-29.714739	15.131720	
297	-29.325053	14.865915	
298	-29.118377	14.717879	
299	-29.246824	14.734450	
300	-29.455045	14.900337	
301	-29.103328	11.631641	
302	-28.706468	10.543429	
303	-28.538813	10.774851	
304	-28.802205	10.471651	
305	-28.631346	10.289975	
306	-28.697580	10.259678	
307	-28.679729	10.463119	
308	-28.989897	10.545952	
309	-29.118030	10.673040	
310	-28.774545	10.391134	
311	-28.458374	10.230859	
312	-29.233277	10.586633	
313	-27.325634	9.846825	
314	-29.049997	14.973846	
315	-28.641830	14.957064	
316	-28.618464	13.271741	
317	-29.829938	20.560497	
318	-29.329834	16.239038	
319	-28.854638	13.593833	
320	-29.135674	15.039007	
321	-28.946540	10.738331	
322	-28.781728	12.970800	
323	-29.453209	13.967525	
324	-29.626640	14.469040	
325	-29.192680	11.169502	
326	-29.290783	13.545598	
327	-29.874403	11.171084	
328	-29.681181	13.528845	
329	-30.257937	14.423794	
330	-29.828968	13.771371	
331	-30.354169	14.550386	
332	-30.031004	14.116339	
333	-29.639388	13.786786	
334	-29.908854	13.808318	
335	-29.874781	13.871300	
336	-29.714049	13.776611	
337	-29.845258	14.032595	
338	-29.958057	13.724704	
339	-30.190854	14.349360	
340	-29.180565	10.369086	
341	-29.656904	12.843172	
342	-30.120559	14.861079	
343	-29.153846	10.285516	
344	-29.488752	9.827592	
345	-29.611214	9.874997	
346	-29.109708	9.238834	
347	-29.174313	9.537681	
348	-29.025918	9.377188	
349	-28.900228	9.307705	
350	-29.103843	9.344205	
351	-29.028295	9.550452	
352	-29.275723	9.171213	
353	-28.874215	8.622837	
354	-28.540522	8.950971	
355	-28.819507	8.994529	
356	-28.700850	9.068154	
357	-28.468790	9.281809	
358	-28.571423	9.578770	
359	-28.356745	8.985593	
360	-28.795594	8.996290	
361	-28.511966	9.196833	
362	-28.878681	9.092861	
363	-29.052732	8.911069	
364	-28.622483	9.229318	
365	-28.843339	10.324580	
366	-28.931062	10.982411	
367	-28.521639	10.452045	
368	-28.370290	9.540682	
369	-28.374885	9.729866	
370	-28.637673	9.435303	
371	-28.704774	10.172737	
372	-28.546193	10.208046	
373	-28.403415	9.716728	
374	-28.441115	10.090430	
375	-28.861368	10.403287	
376	-28.522520	9.791124	
377	-28.962965	10.975884	
378	-28.607552	9.884212	
379	-28.510614	10.437651	
380	-28.920993	11.118086	
381	-28.485865	9.827996	
382	-28.538655	10.567550	
383	-28.448396	10.677871	
384	-28.613620	9.871895	
385	-28.668915	10.099265	
386	-28.523530	9.934730	
387	-28.247343	9.731520	
388	-28.346583	9.547502	
389	-28.400941	9.713226	
390	-28.347906	9.622914	
391	-28.134848	9.441116	
392	-28.684094	9.630938	
393	-28.713604	9.725100	
394	-28.526370	9.542303	
395	-28.719362	9.548276	
396	-28.604893	9.400421	
397	-28.520264	9.202456	
398	-28.821409	9.610709	
399	-28.439348	9.571716	
400	-28.278952	9.395426	
401	-28.762505	9.832079	
402	-28.567086	9.695457	
403	-28.508114	9.578538	
404	-28.742383	9.998690	
405	-29.064181	10.332603	
406	-28.794505	10.194606	
407	-28.515903	10.108548	
408	-28.989610	10.471469	
409	-28.647649	10.255122	
410	-28.354672	10.578679	
411	-28.587997	10.071874	
412	-28.749737	10.231896	
413	-28.394902	10.270937	
414	-28.651125	10.125220	
415	-28.869944	10.027047	
416	-28.449532	10.110309	
417	-28.753552	10.256418	
418	-28.765087	9.997228	
419	-29.174207	10.161390	
420	-28.363983	9.829849	
421	-28.814517	10.054988	
422	-28.874194	9.853756	
423	-28.406002	9.736129	
424	-28.802061	10.218888	
425	-28.763222	9.926913	
426	-28.981205	9.871231	
427	-28.801112	9.775225	
428	-28.824189	9.761960	
429	-28.897634	9.415636	
430	-29.180394	9.986301	
431	-29.086286	9.386038	
432	-28.883735	10.460196	
433	-29.147347	11.404497	
434	-28.852058	10.902978	
435	-28.792107	10.964491	
436	-29.011677	10.755098	
437	-28.624988	10.910214	
438	-28.603760	10.939233	
439	-28.807671	10.148642	
440	-27.886715	10.317386	
441	-28.226064	10.117021	
442	-28.309479	10.207535	
443	-28.537050	10.349326	
444	-28.678257	10.279460	
445	-28.389846	10.231431	
446	-28.082009	10.218540	
447	-27.816630	9.910299	
448	-27.717104	10.088086	
449	-27.728694	10.162277	
450	-27.583445	9.985339	
451	-28.131256	10.134661	
452	-28.355052	10.128149	
453	-27.925946	10.001612	
454	-27.702418	9.681779	
455	-27.941386	9.770914	
456	-28.159979	9.973514	
457	-28.500678	9.268018	
458	-28.150739	8.921024	
459	-27.757640	8.318973	
460	-28.203651	13.074490	
461	-27.946225	11.116161	
462	-27.593641	9.544710	
463	-27.595141	9.874321	
464	-28.316048	9.402452	
465	-28.484072	13.186638	
466	-27.742781	10.679156	
467	-27.993819	9.363782	
468	-27.921437	9.738832	
469	-27.586471	9.224116	
470	-27.842426	9.461634	
471	-27.905286	9.604835	
472	-27.939194	9.440380	
473	-28.072008	9.386806	
474	-27.813020	9.272115	
475	-28.167882	9.520473	
476	-28.433129	9.236233	
477	-28.103697	9.038726	
478	-28.179334	9.025506	
479	-28.435146	9.317098	
480	-28.174729	8.968355	
481	-28.308068	9.009026	
482	-28.310367	9.058632	
483	-28.864781	9.413405	
484	-28.479361	8.866217	
485	-28.328364	8.921452	
486	-28.667003	8.773168	
487	-28.592914	8.474649	
488	-28.855652	9.105716	
489	-28.494463	8.504865	
490	-28.975467	8.614075	
491	-28.347750	7.613108	
492	-28.897642	8.355386	
493	-29.249014	8.186299	
494	-28.687061	7.384251	
495	-28.889197	7.708614	
496	-29.064393	7.960683	
497	-28.843156	7.717466	
498	-29.017220	7.667655	
499	-29.116794	7.818952	
500	-28.996907	7.681282	
501	-28.891161	7.604811	
502	-29.005123	8.011841	
503	-29.074629	8.230241	
504	-29.249876	8.151070	
505	-29.101386	8.055898	
506	-29.049880	8.290418	
507	-28.910535	7.602719	
508	-28.735816	7.406368	
509	-28.973550	7.201126	
510	-29.102837	7.043964	
511	-28.725037	7.115113	
512	-28.913725	6.665526	
513	-29.059159	7.082302	
514	-29.103426	7.373566	
515	-29.135524	6.677789	
516	-28.890879	6.736929	
517	-29.001570	6.453622	
518	-29.184061	6.330564	
519	-29.328276	6.400629	
520	-29.413117	6.475212	
521	-29.552156	5.951057	
522	-31.335282	9.638084	
523	-32.056435	11.881644	
524	-30.975948	8.026391	
525	-30.219017	6.241489	
526	-30.401525	6.624697	
527	-30.369942	5.866456	
528	-30.656860	6.272036	
529	-30.539248	5.749643	
530	-30.855679	5.108064	
531	-31.322631	5.336546	
532	-31.179085	5.771643	
533	-31.523626	6.146820	
534	-31.292827	6.334272	
535	-31.971517	6.305433	
536	-31.725279	6.425309	
537	-32.269995	6.270001	
538	-32.453697	6.031328	
539	-32.192383	6.029891	
540	-32.254003	5.443883	
541	-32.825773	6.166228	
542	-33.150431	5.894359	
543	-33.344256	5.658632	
544	-33.446853	5.954266	
545	-33.390896	6.139100	
546	-33.627550	6.819806	
547	-33.211780	6.346211	
548	-35.494449	11.417753	
549	-34.422376	8.310735	
550	-33.623388	6.098023	
551	-34.084587	6.416865	
552	-34.272584	6.255159	
553	-34.673671	6.649849	
554	-34.503896	6.080380	
555	-34.934493	6.038302	
556	-34.797236	5.994978	
557	-34.806215	6.403617	
558	-35.497648	6.878084	
559	-35.459360	6.602220	
560	-35.143503	6.280442	
561	-35.395293	6.135735	
562	-35.554225	6.031936	
563	-35.716038	4.415694	
564	-36.077747	8.443836	
565	-36.787522	11.342636	
566	-36.170127	7.412959	
567	-36.583718	9.542442	
568	-36.857081	11.054085	
569	-37.163432	10.834815	
570	-37.561104	11.188904	
571	-37.758546	11.326466	
572	-37.844515	10.820773	
573	-37.904039	10.930460	
574	-38.276921	11.284083	
575	-38.700986	12.181027	
576	-38.635439	8.895162	
577	-38.320847	7.820796	
578	-38.987402	8.241428	
579	-38.990576	7.704656	
580	-39.691452	7.870738	
581	-39.969220	8.001639	
582	-40.133732	7.771547	
583	-40.203432	7.906714	
584	-40.577706	9.228028	
585	-41.072997	9.329374	
586	-41.099089	9.773385	
587	-40.601677	9.195363	
588	-40.671945	9.148909	
589	-40.931556	9.329178	
590	-41.342906	12.382849	
591	-42.061712	14.545361	
592	-41.342757	9.944364	
593	-41.210829	8.917949	
594	-41.078667	8.997378	
595	-41.024661	9.525366	
596	-40.893265	9.010040	
597	-40.498546	9.237077	
598	-40.486041	8.531550	
599	-42.075704	12.904487	
600	-41.883105	14.105920	
601	-41.363594	9.225510	
602	-41.826028	11.842204	
603	-42.254097	13.403627	
604	-42.685360	13.567203	
605	-42.296309	13.013216	
606	-42.717245	13.734770	
607	-42.747846	14.090982	
608	-42.645169	14.412727	
609	-42.563285	10.101163	
610	-42.748369	13.262882	
611	-43.144223	15.297189	
612	-42.747139	14.793558	
613	-42.948932	15.212262	
614	-43.069642	13.867357	
615	-43.062030	14.562993	
616	-42.473458	10.445279	
617	-42.866677	12.199642	
618	-42.774200	13.837496	
619	-42.557358	11.130316	
620	-43.225352	10.266304	
621	-42.944804	13.468464	
622	-42.862891	14.556040	
623	-43.146770	15.218305	
624	-42.826054	13.621996	
625	-43.189582	13.406268	
626	-43.181429	13.084238	
627	-43.682549	14.585323	
628	-43.942499	14.791616	
629	-43.828713	14.416564	
630	-44.064172	14.504780	
631	-43.354177	9.606481	
632	-43.870861	12.637402	
633	-43.502446	9.814881	
634	-43.713903	11.717218	
635	-44.251924	13.897425	
636	-43.782733	9.345361	
637	-42.738413	7.947358	
638	-43.480536	9.617545	
639	-44.062448	9.792475	
640	-43.968054	9.862591	
641	-44.094713	9.690295	
642	-43.831003	9.721069	
643	-44.180122	9.305287	
644	-43.818233	8.623754	
645	-44.196259	9.240958	
646	-43.901565	7.902280	
647	-47.620861	17.292847	
648	-45.217254	10.904054	
649	-46.471091	14.286578	
650	-45.793923	12.041436	
651	-44.581221	9.224338	
652	-44.761677	10.359892	
653	-45.447322	10.885569	
654	-44.591483	9.885488	
655	-46.753235	14.678225	
656	-48.016505	17.202634	
657	-45.983687	12.202281	
658	-45.600128	11.043849	
659	-45.970308	10.951635	
660	-45.865662	11.038262	
661	-45.950303	11.690701	
662	-46.261104	11.535068	
663	-46.194784	11.843517	
664	-46.041652	10.845381	
665	-46.246125	11.746052	
666	-46.768428	11.585723	
667	-46.663251	10.985252	
668	-46.388335	10.337684	
669	-45.842580	9.931219	
670	-45.936476	9.732794	
671	-46.087235	9.793952	
672	-46.455123	10.318512	
673	-46.612800	10.444421	
674	-46.701353	11.044268	
675	-46.614380	10.989907	
676	-46.628517	10.857788	
677	-46.771070	11.090537	
678	-46.731690	10.909832	
679	-47.275225	10.630483	
680	-47.219763	10.926690	
681	-47.415832	11.169067	
682	-47.648590	11.704067	
683	-48.023261	11.862755	
684	-48.414955	11.602437	
685	-48.037924	11.455672	
686	-47.611360	10.734737	
687	-48.315377	11.614379	
688	-48.160665	10.119758	
689	-48.426888	10.440907	
690	-48.581018	10.773913	
691	-48.678630	11.291989	
692	-48.601177	11.241953	
693	-48.416267	10.961936	
694	-48.613727	11.496720	
695	-48.708089	11.949656	
696	-48.655107	11.481447	
697	-49.245030	12.070747	
698	-49.224546	12.473189	
699	-49.363347	11.096302	
700	-49.544125	12.123152	
701	-49.748058	11.964212	
702	-49.874123	16.529367	
703	-49.642761	13.744386	
704	-50.280434	12.495713	
705	-49.707539	12.515098	
706	-50.103469	12.912433	
707	-49.755414	12.632996	
708	-50.070253	12.369583	
709	-50.218890	12.666286	
710	-50.179976	12.770442	
711	-49.834201	12.537182	
712	-50.303142	13.188708	
713	-50.415956	12.802199	
714	-50.617069	13.173532	
715	-50.586786	12.730405	
716	-50.775586	13.098184	
717	-50.724681	12.621047	
718	-50.911459	13.095629	
719	-50.560905	12.440252	
720	-50.525518	12.848569	
721	-50.447832	12.362353	
722	-50.521482	12.409527	
723	-50.668769	12.252547	
724	-51.139437	12.924471	
725	-50.518562	12.538933	
726	-50.452993	12.288758	
727	-50.407379	12.454039	
728	-50.482159	12.217180	
729	-50.604442	12.539646	
730	-50.409880	12.710927	
731	-50.932939	12.938894	
732	-50.923715	13.135371	
733	-50.828806	12.931837	
734	-50.611979	12.550429	
735	-50.841377	12.501412	
736	-50.541162	12.670099	
737	-50.776421	12.606599	
738	-50.651478	12.487172	
739	-50.689242	12.322782	
740	-50.649925	12.058975	
741	-50.729345	11.991786	
742	-50.644672	11.893675	
743	-50.692277	11.804590	
744	-50.525390	11.747884	
745	-50.513009	11.664494	
746	-50.581227	11.546256	
747	-50.534023	12.274488	
748	-50.425026	11.779412	
749	-50.067514	11.696791	
750	-50.309566	11.988079	
751	-50.492510	11.931258	
752	-50.508781	12.066486	
753	-50.773781	12.405981	
754	-50.860377	12.685006	
755	-50.425654	12.365409	
756	-50.402878	12.119884	
757	-50.512411	11.770833	
758	-50.121786	11.646713	
759	-50.491873	12.429818	
760	-50.085030	11.901018	
761	-49.935848	12.067223	
762	-49.766551	11.864613	
763	-49.831656	11.966184	
764	-49.991678	11.849553	
765	-49.655707	11.664960	
766	-49.606915	11.671119	
767	-49.557182	11.711582	
768	-49.529463	11.639476	
769	-49.389490	11.255263	
770	-49.941395	12.075762	
771	-49.634499	11.486271	
772	-49.443472	11.387675	
773	-49.949113	11.837492	
774	-49.511232	11.415565	
775	-49.529377	11.017749	
776	-49.408308	11.258421	
777	-49.346139	11.573618	
778	-49.061927	11.370181	
779	-49.402148	11.574530	
780	-49.305719	11.315015	
781	-49.241257	11.515569	
782	-49.242149	11.142965	
783	-49.033603	11.090804	
784	-49.467813	11.040608	
785	-49.358195	10.666990	
786	-49.126749	11.057188	
787	-49.148007	10.768055	
788	-48.911973	10.604503	
789	-48.937342	10.876912	
790	-48.910792	10.916685	
791	-49.460656	10.872980	
792	-48.999086	10.531602	
793	-49.014356	10.704261	
794	-48.965050	10.525671	
795	-48.848110	9.818420	
796	-48.804959	10.566319	
797	-48.814614	10.534163	
798	-48.487747	10.167013	
799	-48.503803	10.261092	
800	-48.643470	10.929799	
801	-48.621924	11.223920	
802	-49.002836	11.304521	
803	-49.063595	11.021314	
804	-48.787476	11.218042	
805	-48.813372	11.494144	
806	-48.589004	11.511621	
807	-48.874762	11.355560	
808	-48.925093	11.863260	
809	-48.635298	11.996664	
810	-48.696817	11.473832	
811	-49.033260	12.106246	
812	-48.221178	11.857738	
813	-48.181377	12.132159	
814	-48.227430	11.928430	
815	-48.280466	12.425344	
816	-48.840662	12.417796	
817	-48.586543	12.172494	
818	-48.243689	11.570048	
819	-48.013236	11.242388	
820	-48.069208	11.400301	
821	-48.178934	11.409147	
822	-48.243414	11.173038	
823	-48.219720	11.179104	
824	-48.036178	11.019942	
825	-48.181800	11.355838	
826	-48.206299	10.690955	
827	-48.035184	10.852958	
828	-47.634373	9.612214	
829	-47.717729	10.050738	
830	-47.688544	10.665503	
831	-47.817479	10.466432	
832	-47.703680	10.463590	
833	-47.714872	11.352092	
834	-47.749623	11.211249	
835	-47.532372	10.852912	
836	-47.229217	11.183771	
837	-47.801034	11.667103	
838	-47.944179	11.500289	
839	-47.774679	11.381966	
840	-47.572833	10.835752	
841	-47.463294	10.916123	
842	-47.513225	10.588664	
843	-47.312230	10.552852	
844	-47.002748	9.787731	
845	-47.123776	10.002581	
846	-46.587382	9.073985	
847	-46.428905	9.318462	
848	-46.338950	9.090983	
849	-46.327706	9.233705	
850	-46.219387	8.757940	
851	-46.707744	9.926650	
852	-46.556320	10.012730	
853	-46.152227	10.051356	
854	-46.021684	10.179861	
855	-46.031888	10.170589	
856	-45.853079	10.084815	
857	-45.613249	9.600180	
858	-45.699544	9.650020	
859	-45.688873	9.789596	
860	-45.719845	9.451694	
861	-45.682738	9.598815	
862	-45.545510	9.452855	
863	-45.803092	9.139329	
864	-45.809452	9.459426	
865	-45.179528	8.195039	
866	-44.941132	8.353052	
867	-45.261424	8.580430	
868	-45.078231	8.349378	
869	-45.268821	8.889405	
870	-45.013855	8.477914	
871	-45.273218	10.044617	
872	-44.840717	10.031029	
873	-44.556725	9.865762	
874	-44.332760	9.490470	
875	-44.235791	9.679770	
876	-44.093042	9.067197	
877	-44.018714	8.593323	
878	-43.589116	8.022558	
879	-43.591406	8.366584	
880	-43.240512	8.428127	
881	-43.213761	8.237680	
882	-42.272911	7.092556	
883	-42.155431	6.293072	
884	-42.301030	6.739381	
885	-42.194543	7.838199	
886	-42.223452	7.697741	
887	-42.310203	8.319969	
888	-41.811417	7.679148	
889	-41.760485	8.285238	
890	-41.429188	7.979584	
891	-41.445452	8.071362	
892	-41.023807	7.447970	
893	-40.525205	5.940070	
894	-42.482395	11.671216	
895	-40.348740	7.425502	
896	-40.175363	8.786099	
897	-40.491321	10.535298	
898	-39.831875	10.873939	
899	-39.933120	11.560542	
900	-39.146937	10.682156	
901	-39.198027	11.032341	
902	-39.431529	11.318353	
903	-39.219467	11.210574	
904	-39.038763	11.033201	
905	-38.801794	12.415538	
906	-38.503411	9.730699	
907	-38.286283	8.418730	
908	-37.746904	8.481366	
909	-37.152494	7.756940	
910	-37.618639	8.590011	
911	-37.374328	8.115857	
912	-37.296748	8.392949	
913	-37.051431	7.697732	
914	-35.832487	6.259621	
915	-39.060476	13.878650	
916	-39.355967	14.243245	
917	-39.138450	14.574045	
918	-35.936034	7.689786	
919	-37.889329	12.834955	
920	-35.819764	9.139990	
921	-34.979738	6.775849	
922	-35.258017	7.445883	
923	-34.994136	7.452387	
924	-34.930246	7.307246	
925	-34.681291	7.064956	
926	-34.222595	7.046269	
927	-34.085049	7.498089	
928	-34.247201	7.068708	
929	-34.298553	6.885889	
930	-33.960821	5.947818	
931	-33.899318	5.497261	
932	-33.751391	6.274736	
933	-33.515760	6.253841	
934	-33.820398	6.522571	
935	-33.281422	5.867634	
936	-33.184098	5.764789	
937	-33.743931	6.617869	
938	-33.375544	6.389581	
939	-33.070175	5.837627	
940	-33.484772	6.551929	
941	-33.148374	6.337963	
942	-32.743162	6.172430	
943	-32.468460	5.876034	
944	-33.039373	6.429463	
945	-33.138670	6.523865	
946	-32.800978	5.956204	
947	-32.884014	6.095693	
948	-32.791449	6.222585	
949	-32.599903	5.594177	
950	-32.656477	5.602410	
951	-32.805221	5.852074	
952	-33.074214	6.140936	
953	-32.989835	6.244380	
954	-32.563239	6.312626	
955	-32.893411	6.544257	
956	-32.861902	6.588126	
957	-32.561870	6.268652	
958	-32.244380	6.341111	
959	-32.238989	6.523312	
960	-32.407369	6.090765	
961	-32.049076	6.018298	
962	-32.350353	6.157243	
963	-32.057480	6.102537	
964	-32.264851	6.893682	
965	-31.927694	6.568735	
966	-31.853565	6.261829	
967	-32.265225	6.674968	
968	-32.565644	6.625493	
969	-32.448546	6.795201	
970	-31.890957	6.717146	
971	-31.725617	6.857696	
972	-31.719035	6.331272	
973	-31.782988	6.114530	
974	-32.045186	6.502500	
975	-31.644605	6.928752	
976	-31.260843	6.157190	
977	-31.989661	6.996566	
978	-31.827897	6.822657	
979	-32.129726	6.858009	
980	-32.112380	6.520727	
981	-31.968409	6.832702	
982	-32.352603	7.119594	
983	-32.127234	6.924683	
984	-31.964245	6.601305	
985	-32.015537	6.727902	
986	-31.736450	6.951234	
987	-31.753480	6.320776	
988	-31.478001	6.493036	
989	-31.717695	6.281687	
990	-31.743413	9.580383	
991	-31.603908	6.783872	
992	-31.547224	5.757487	
993	-31.636179	7.049058	
994	-31.618537	7.173526	
995	-31.504429	7.387861	
996	-31.579575	7.517784	
997	-31.331174	6.777547	
998	-31.754988	10.093785	
999	-32.001516	11.056652	
1000	-31.618864	8.437502	
1001	-31.951414	7.727075	
1002	-31.778850	10.969325	
1003	-31.850736	11.976720	
1004	-31.513977	8.871329	
1005	-31.852772	8.217413	
1006	-32.018414	8.473012	
1007	-31.544174	8.081359	
1008	-31.227867	8.261520	
1009	-32.089367	8.576518	
1010	-31.904209	8.460297	
1011	-31.077898	7.722169	
1012	-31.643355	8.254704	
1013	-31.395652	8.312387	
1014	-31.520996	8.121659	
1015	-31.296076	7.823397	
1016	-31.212134	8.053868	
1017	-31.265082	7.944551	
1018	-30.936992	7.562780	
1019	-30.987879	7.890141	
1020	-31.220422	7.976979	
1021	-30.988129	7.791944	
1022	-31.519508	8.844909	
1023	-31.158049	8.421325	
1024	-30.579610	8.302923	
1025	-30.931778	8.538679	
1026	-30.439140	7.961723	
1027	-30.681972	8.699414	
1028	-30.900462	9.119692	
1029	-30.511844	8.415469	
1030	-30.791186	8.892699	
1031	-31.229662	9.497747	
1032	-30.826736	9.001648	
1033	-30.782279	8.880468	
1034	-31.527593	9.742481	
1035	-31.242857	9.350001	
1036	-31.027150	9.212782	
1037	-31.528705	9.784617	
1038	-31.462917	9.996681	
1039	-31.062820	9.336993	
1040	-30.732143	9.171826	
1041	-30.801729	9.533112	
1042	-30.447231	9.024955	
1043	-30.268310	9.185237	
1044	-31.206911	9.733453	
1045	-31.233612	9.938752	
1046	-31.128775	10.318973	
1047	-30.159213	7.281943	
1048	-32.544103	18.413330	
1049	-31.524724	11.783580	
1050	-30.610595	7.985139	
1051	-30.646413	8.423124	
1052	-33.246978	16.195955	
1053	-30.784226	9.739064	
1054	-33.557018	16.371045	
1055	-31.096186	9.772637	
1056	-32.510603	18.532173	
1057	-31.391939	15.441642	
1058	-30.857969	12.371445	
1059	-31.896466	16.304787	
1060	-32.708824	20.379937	
1061	-32.026216	18.141906	
1062	-31.736619	17.585264	
1063	-33.119374	17.581041	
1064	-33.682176	17.525024	
1065	-32.610475	15.187078	
1066	-33.189575	16.816369	
1067	-30.974365	10.987569	
1068	-30.304406	9.416988	
1069	-30.751714	10.382803	
1070	-30.132005	9.188258	
1071	-32.599729	15.748325	
1072	-32.955930	16.138659	
1073	-30.641995	10.499173	
1074	-30.142007	9.454335	
1075	-29.901798	9.733010	
1076	-30.648746	10.941538	
1077	-30.433198	10.388982	
1078	-30.583251	10.634509	
1079	-30.189683	10.328024	
1080	-30.493454	10.150869	
1081	-31.147448	10.589944	
1082	-31.238001	10.245301	
1083	-31.235650	10.155506	
1084	-31.056021	10.169981	
1085	-31.201680	10.207715	
1086	-30.858736	10.376781	
1087	-30.494559	10.413424	
1088	-30.534549	10.391480	
1089	-30.662366	10.182476	
1090	-30.722909	10.497567	
1091	-30.749089	11.012735	
1092	-30.462695	10.547883	
1093	-30.547449	10.504274	
1094	-30.279431	10.357881	
1095	-30.539323	11.328993	
1096	-30.224164	10.826578	
1097	-29.993907	10.095131	
1098	-29.656589	12.888027	
1099	-30.474973	14.566491	
1100	-30.183270	14.245973	
1101	-29.359477	11.167415	
1102	-29.569862	10.477160	
1103	-29.558754	11.802884	
1104	-29.824317	11.380725	
1105	-29.687377	11.423356	
1106	-30.365316	11.395259	
1107	-29.864829	11.225112	
1108	-30.436951	11.234723	
1109	-30.674264	11.289997	
1110	-30.200889	10.519042	
1111	-30.237451	10.750708	
1112	-30.412984	10.814190	
1113	-30.384358	10.566136	
1114	-30.083597	10.364178	
1115	-30.595883	10.295803	
1116	-30.544450	10.448598	
1117	-30.130270	10.133762	
1118	-29.743969	9.570016	
1119	-29.611455	9.919456	
1120	-29.758590	9.865237	
1121	-29.959030	12.595959	
1122	-29.852461	14.316135	
1123	-29.329983	10.437978	
1124	-29.516426	12.380113	
1125	-29.384463	13.213819	
1126	-28.881910	13.069679	
1127	-29.123478	10.420816	
1128	-29.273943	9.797162	
1129	-28.997462	9.983021	
1130	-29.125447	10.096073	
1131	-29.219797	10.389199	
1132	-28.930789	10.221445	
1133	-28.944136	10.232575	
1134	-28.510788	9.462352	
1135	-28.386989	12.634069	
1136	-28.434900	13.952150	
1137	-28.303466	10.882686	
1138	-28.340228	9.260212	
1139	-28.423704	13.031599	
1140	-28.289353	10.879667	
1141	-27.984083	9.276081	
1142	-28.276969	10.277637	
1143	-28.162117	9.934025	
1144	-27.617797	9.379820	
1145	-27.954621	9.268656	
1146	-27.591927	9.043649	
1147	-27.816134	9.260565	
1148	-27.677924	9.500933	
1149	-28.253466	9.862226	
1150	-28.234593	9.833318	
1151	-28.141291	9.676568	
1152	-28.184019	9.739436	
1153	-28.163066	9.770227	
1154	-28.016660	9.843584	
1155	-28.108944	9.808076	
1156	-28.311900	10.041143	
1157	-28.462865	10.117045	
1158	-28.038675	9.564542	
1159	-27.532626	9.445069	
1160	-27.503501	9.883969	
1161	-27.823912	9.933929	
1162	-27.245009	9.665688	
1163	-27.393904	9.826589	
1164	-27.862992	9.980268	
1165	-27.740049	9.824330	
1166	-27.582012	9.709405	
1167	-27.516829	9.372824	
1168	-27.338942	9.357284	
1169	-28.014062	9.460926	
1170	-28.382905	9.913739	
1171	-28.138854	9.454443	
1172	-27.807861	9.756348	
1173	-27.550704	9.356248	
1174	-28.103072	9.554414	
1175	-27.842978	9.852391	
1176	-27.612065	9.446121	
1177	-27.786716	9.440997	
1178	-28.025548	9.935594	
1179	-27.763128	9.634658	
1180	-27.764731	9.472583	
1181	-28.305809	9.637477	
1182	-28.125723	9.481294	
1183	-28.118234	9.534705	
1184	-28.561353	9.959917	
1185	-28.135157	9.307358	
1186	-28.303977	9.148365	
1187	-28.465453	9.775681	
1188	-28.701032	10.128465	
1189	-28.570705	9.611326	
1190	-28.478340	9.350925	
1191	-28.436713	9.380566	
1192	-28.033454	9.043613	
1193	-28.388125	9.242199	
1194	-28.162852	9.125694	
1195	-28.103579	8.848241	
1196	-27.777424	8.691422	
1197	-28.219870	9.111502	
1198	-28.376713	9.282437	
1199	-28.004547	8.744344	
1200	-27.806583	8.341039	
1201	-27.815027	8.269462	
1202	-28.050709	8.424172	
1203	-27.975498	8.276235	
1204	-28.219269	8.510947	
1205	-28.201359	8.354469	
1206	-28.238786	8.579638	
1207	-28.340071	8.700413	
1208	-28.157714	8.376795	
1209	-28.368973	8.656294	
1210	-28.431563	8.569013	
1211	-28.528843	8.677537	
1212	-28.533957	8.657464	
1213	-28.738865	8.934085	
1214	-28.484112	8.352410	
1215	-28.581926	8.274391	
1216	-28.474753	8.195856	
1217	-28.685205	8.409384	
1218	-28.733138	8.011942	
1219	-28.908284	8.701294	
1220	-28.950538	7.961791	
1221	-29.727285	12.316932	
1222	-31.591619	14.651393	
1223	-31.854016	15.369097	
1224	-30.835704	13.891083	
1225	-29.132280	9.221054	
1226	-30.756833	13.759352	
1227	-31.808987	15.595733	
1228	-30.679663	13.244384	
1229	-29.170407	9.044902	
1230	-30.919010	13.791775	
1231	-32.888253	17.658431	
1232	-28.724519	8.457023	
1233	-29.391797	10.534823	
1234	-28.919793	8.421249	
1235	-30.991123	12.888013	
1236	-32.433857	16.620822	
1237	-29.777012	9.458891	
1238	-29.794405	8.719055	
1239	-29.218452	7.469998	
1240	-30.372910	10.248098	
1241	-30.723316	11.234999	
1242	-31.449142	12.819583	
1243	-32.015939	13.780002	
1244	-31.688179	13.197472	
1245	-31.126913	11.633382	
1246	-31.661588	12.894914	
1247	-31.696285	13.230487	
1248	-31.697944	13.315204	
1249	-30.138089	8.580552	
1250	-29.690842	7.529638	
1251	-29.845838	7.459877	
1252	-29.810570	7.485771	
1253	-29.752613	7.831326	
1254	-29.951247	7.840276	
1255	-30.389195	7.344266	
1256	-30.544665	7.596726	
1257	-30.497537	7.273912	
1258	-30.830902	7.450289	
1259	-30.757316	7.450187	
1260	-30.682992	7.037337	
1261	-30.451930	6.824475	
1262	-30.432621	7.085920	
1263	-30.388231	6.787127	
1264	-30.682231	7.025881	
1265	-30.918062	7.297936	
1266	-30.559428	7.007048	
1267	-30.518323	6.875797	
1268	-30.681516	6.856546	
1269	-30.889306	7.045755	
1270	-30.842888	9.820208	
1271	-30.749061	10.685238	
1272	-30.662985	10.652941	
1273	-30.952064	10.931171	
1274	-30.744779	10.312160	
1275	-30.790817	11.215455	
1276	-30.458137	7.813026	
1277	-30.290420	6.977245	
1278	-30.470390	7.526510	
1279	-30.380719	6.879654	
1280	-30.775013	7.047780	
1281	-31.094939	7.322309	
1282	-31.014492	7.161101	
1283	-30.854003	7.093232	
1284	-30.669090	6.350714	
1285	-30.942592	6.758903	
1286	-30.835567	6.520078	
1287	-30.969716	6.438142	
1288	-30.924921	6.257368	
1289	-30.776215	6.372857	
1290	-31.006332	6.557997	
1291	-31.311939	6.799210	
1292	-31.223138	6.659340	
1293	-31.136044	6.286270	
1294	-31.106448	6.359896	
1295	-31.572002	6.331644	
1296	-31.463793	6.746317	
1297	-31.842653	6.913335	
1298	-32.014966	7.201365	
1299	-31.530889	6.937247	
1300	-31.871396	7.315371	
1301	-31.562768	7.546939	
1302	-31.718569	7.754966	
1303	-32.184542	7.412505	
1304	-32.584727	7.646077	
1305	-32.734200	7.796653	
1306	-33.025073	7.872432	
1307	-32.514721	7.321051	
1308	-32.612778	7.281763	
1309	-33.434466	7.616942	
1310	-33.659016	7.891444	
1311	-33.694300	7.819496	
1312	-33.697568	7.688564	
1313	-33.853727	8.349802	
1314	-33.810991	8.158650	
1315	-34.353411	8.965260	
1316	-33.839021	8.200023	
1317	-33.622916	6.903064	
1318	-33.750100	9.732994	
1319	-34.310965	11.409642	
1320	-34.118919	10.323846	
1321	-34.350633	10.499669	
1322	-34.317273	10.575468	
1323	-34.334890	10.400936	
1324	-34.624117	11.242271	
1325	-35.397012	8.117983	
1326	-35.560596	7.913126	
1327	-35.304886	11.274672	
1328	-35.663223	11.654694	
1329	-36.075654	11.402444	
1330	-36.445627	11.326560	
1331	-36.435588	11.622501	
1332	-37.222373	14.599413	
1333	-36.991393	9.934025	
1334	-36.750010	8.007790	
1335	-37.709418	9.146713	
1336	-36.966819	7.748363	
1337	-37.071922	11.275939	
1338	-37.447603	13.078350	
1339	-36.310720	8.824835	
1340	-37.446260	12.022124	
1341	-38.060830	13.140472	
1342	-37.892811	11.850187	
1343	-38.258303	12.600623	
1344	-38.258742	12.588322	
1345	-37.857387	8.453561	
1346	-38.389235	11.736818	
1347	-39.201778	10.882136	
1348	-39.356245	9.359349	
1349	-38.695189	9.245736	
1350	-39.387367	9.764724	
1351	-39.600283	9.628710	
1352	-40.067418	9.886136	
1353	-40.126413	9.930182	
1354	-40.286645	10.076519	
1355	-39.977614	9.274371	
1356	-40.076565	9.583533	
1357	-40.156245	9.079098	
1358	-41.029795	10.446540	
1359	-40.392222	9.769173	
1360	-40.846611	10.084135	
1361	-41.319194	10.236124	
1362	-41.329417	10.007700	
1363	-40.985764	9.502295	
1364	-41.104943	9.309034	
1365	-41.779318	9.707851	
1366	-41.879147	9.707263	
1367	-41.807273	9.164971	
1368	-41.620806	9.341224	
1369	-41.831309	9.746956	
1370	-41.714387	9.408484	
1371	-41.672595	9.641513	
1372	-41.795585	9.541302	
1373	-42.226409	10.169131	
1374	-42.294107	10.562579	
1375	-41.963001	9.676746	
1376	-42.636112	10.492738	
1377	-43.087122	10.735328	
1378	-42.502073	9.779245	
1379	-42.359260	9.514177	
1380	-43.103596	10.541885	
1381	-43.265010	10.532019	
1382	-42.771259	9.826944	
1383	-42.921634	10.355809	
1384	-42.606939	10.302531	
1385	-42.806325	10.573251	
1386	-42.614923	10.789606	
1387	-43.051587	10.799428	
1388	-43.356362	10.874015	
1389	-43.391843	10.801139	
1390	-43.518516	10.592338	
1391	-44.137266	11.194835	
1392	-44.267769	11.552778	
1393	-43.816062	11.015617	
1394	-43.882213	10.977517	
1395	-43.952409	11.193308	
1396	-43.604411	11.300266	
1397	-44.015279	10.953600	
1398	-44.644605	11.199089	
1399	-44.824049	10.966902	
1400	-44.670483	10.317984	
1401	-44.201458	10.673935	
1402	-44.199020	10.963971	
1403	-43.853258	10.060406	
1404	-44.313021	10.964852	
1405	-45.002397	11.137452	
1406	-45.138742	10.764096	
1407	-44.873813	10.784337	
1408	-45.151061	9.950617	
1409	-45.514366	9.993797	
1410	-45.860628	10.019521	
1411	-45.777600	9.917737	
1412	-45.176835	9.391889	
1413	-45.741871	10.329080	
1414	-46.055885	10.279467	
1415	-45.627162	10.105016	
1416	-46.111559	10.631010	
1417	-46.111148	10.315989	
1418	-45.869134	10.473976	
1419	-46.187421	10.519273	
1420	-45.849151	10.455650	
1421	-46.310616	10.412100	
1422	-46.199371	10.219475	
1423	-46.285950	9.871718	
1424	-46.472012	10.236214	
1425	-46.834060	10.605160	
1426	-46.561905	10.368239	
1427	-46.915142	10.783156	
1428	-46.813626	10.809301	
1429	-46.659008	11.012757	
1430	-46.889155	10.920269	
1431	-46.896279	10.648177	
1432	-47.427941	14.093490	
1433	-47.640059	14.403278	
1434	-47.785716	14.440302	
1435	-47.934207	14.343956	
1436	-48.115335	14.795499	
1437	-47.321654	11.308199	
1438	-47.857923	10.348453	
1439	-47.816071	10.795125	
1440	-47.896645	10.160516	
1441	-47.508910	10.207569	
1442	-47.406009	9.977584	
1443	-47.664611	10.500578	
1444	-47.474431	10.426423	
1445	-47.348852	10.428581	
1446	-47.604337	10.792840	
1447	-47.478551	10.767511	
1448	-47.996517	10.848003	
1449	-47.856986	10.719532	
1450	-48.274197	10.766703	
1451	-47.999008	10.824304	
1452	-48.030898	10.996294	
1453	-48.211113	10.808292	
1454	-48.080900	10.898439	
1455	-48.751830	11.022291	
1456	-48.279143	10.406591	
1457	-48.671075	10.719074	
1458	-49.045382	10.817151	
1459	-48.829320	10.284904	
1460	-49.402758	10.506293	
1461	-48.800178	10.085494	
1462	-49.361220	10.664682	
1463	-49.648733	11.187179	
1464	-49.352909	10.737652	
1465	-49.271451	10.506647	
1466	-49.403800	10.621963	
1467	-49.661112	11.069072	
1468	-50.028855	11.385146	
1469	-49.997282	11.500270	
1470	-49.692967	11.334824	
1471	-49.915701	11.475916	
1472	-49.761192	11.069070	
1473	-49.543477	10.660795	
1474	-49.892453	10.977721	
1475	-50.295165	11.451514	
1476	-50.275238	10.763081	
1477	-49.749844	9.945256	
1478	-50.199379	10.763619	
1479	-50.758125	11.095373	
1480	-50.703980	11.099937	
1481	-50.750697	10.833421	
1482	-50.590399	10.434023	
1483	-50.754330	10.774588	
1484	-51.014184	11.039578	
1485	-50.705251	10.750814	
1486	-50.900871	10.684332	
1487	-50.600775	10.073119	
1488	-50.644401	10.681047	
1489	-51.006924	10.995416	
1490	-50.762992	10.402559	
1491	-50.899401	10.697606	
1492	-51.081443	10.970768	
1493	-51.081049	10.808285	
1494	-51.052041	10.853019	
1495	-51.197017	10.966212	
1496	-51.075165	10.783959	
1497	-51.332253	10.749603	
1498	-50.996847	10.788206	
1499	-51.107477	10.918539	
1500	-50.907156	10.508472	
1501	-51.061446	10.943858	
1502	-51.086741	11.232382	
1503	-50.713822	10.719183	
1504	-51.033328	11.355953	
1505	-50.745158	10.825939	
1506	-50.889519	11.092157	
1507	-51.039817	11.162172	
1508	-50.560803	11.135021	
1509	-50.905600	11.189644	
1510	-50.639892	10.990311	
1511	-50.307564	10.267936	
1512	-50.926321	10.960976	
1513	-50.697067	10.901088	
1514	-50.790568	10.830398	
1515	-50.887309	10.928093	
1516	-50.606470	10.694375	
1517	-50.665848	10.555135	
1518	-50.976940	11.225389	
1519	-50.576810	11.009432	
1520	-50.718685	11.242327	
1521	-50.594410	10.470083	
1522	-50.359541	10.418610	
1523	-50.652177	10.903991	
1524	-50.653168	10.905718	
1525	-50.667179	11.063800	
1526	-50.797758	11.057972	
1527	-50.920402	11.103582	
1528	-50.548214	10.380153	
1529	-50.636078	10.995637	
1530	-50.643534	10.827098	
1531	-50.637390	11.086205	
1532	-50.829594	11.356260	
1533	-50.696272	10.976635	
1534	-50.429636	10.952076	
1535	-50.529855	10.656038	
1536	-50.504270	10.475503	
1537	-50.347029	10.425166	
1538	-50.427553	10.722986	
1539	-50.425966	10.621382	
1540	-50.419009	10.475347	
1541	-50.326166	10.453509	
1542	-50.336748	10.484001	
1543	-50.547384	10.996484	
1544	-50.285341	10.430174	
1545	-50.323108	10.401206	
1546	-50.336629	10.773536	
1547	-50.496720	11.038490	
1548	-50.225353	10.683064	
1549	-50.300255	10.900986	
1550	-50.024233	10.440836	
1551	-50.149085	10.730238	
1552	-50.063788	10.320448	
1553	-50.069122	10.260634	
1554	-49.621976	10.684749	
1555	-49.585976	10.215052	
1556	-49.352916	10.527360	
1557	-49.593173	10.693391	
1558	-49.559210	10.786839	
1559	-49.316401	10.488445	
1560	-49.704657	10.876436	
1561	-49.758941	11.053810	
1562	-49.637079	11.347390	
1563	-49.112265	11.597532	
1564	-49.416370	11.460688	
1565	-49.349847	10.945685	
1566	-49.511267	11.223634	
1567	-49.029827	10.645987	
1568	-48.901285	10.892439	
1569	-48.971985	10.262737	
1570	-48.896780	10.588958	
1571	-48.466868	10.267021	
1572	-48.381081	10.295880	
1573	-48.002506	10.154395	
1574	-48.428518	10.257534	
1575	-48.489423	11.084298	
1576	-48.270186	10.715500	
1577	-48.528415	10.667818	
1578	-48.982867	11.597686	
1579	-48.532139	11.163267	
1580	-48.077447	11.193979	
1581	-48.296709	11.251778	
1582	-47.521541	9.606339	
1583	-47.253369	8.913135	
1584	-47.774998	9.879100	
1585	-47.555860	9.890873	
1586	-47.801099	10.365214	
1587	-47.191742	10.960417	
1588	-47.209210	10.208898	
1589	-46.635865	9.988386	
1590	-46.448982	10.600190	
1591	-46.475926	10.269371	
1592	-46.381634	9.135647	
1593	-49.535944	16.482070	
1594	-47.224015	11.496001	
1595	-46.332664	9.151640	
1596	-46.447126	9.708837	
1597	-46.478542	9.874666	
1598	-46.282047	9.801322	
1599	-46.509572	10.195445	
1600	-46.500092	10.606562	
1601	-46.443464	12.347625	
1602	-47.652750	18.632410	
1603	-46.180530	14.436700	
1604	-45.732933	13.252599	
1605	-45.298284	10.407129	
1606	-44.293451	7.921882	
1607	-44.347363	8.532332	
1608	-44.930959	9.337561	
1609	-44.032047	9.441164	
1610	-44.337289	9.895123	
1611	-44.062761	8.840100	
1612	-43.657257	7.948159	
1613	-43.712014	8.836152	
1614	-44.264247	9.609854	
1615	-43.575319	8.399211	
1616	-43.080050	7.745812	
1617	-43.103953	8.287363	
1618	-42.900409	9.080302	
1619	-42.232150	7.452199	
1620	-42.580092	8.964876	
1621	-42.520868	9.494487	
1622	-42.104922	9.029016	
1623	-41.687295	8.821082	
1624	-41.403881	8.494975	
1625	-41.174187	8.881806	
1626	-40.671432	8.922039	
1627	-40.533798	8.522079	
1628	-40.333042	8.745596	
1629	-40.177398	7.932470	
1630	-40.380370	8.938771	
1631	-39.678862	9.076296	
1632	-39.688993	9.046522	
1633	-39.521055	9.235124	
1634	-38.941666	8.970223	
1635	-38.757987	8.953063	
1636	-38.784188	9.207034	
1637	-38.231449	8.588720	
1638	-38.262417	9.182845	
1639	-37.819732	8.832765	
1640	-37.167420	8.762064	
1641	-37.301268	8.736188	
1642	-36.854240	8.037851	
1643	-36.671166	7.614898	
1644	-36.192801	7.853723	
1645	-35.654207	8.125236	
1646	-35.248992	7.748426	
1647	-34.965361	7.406739	
1648	-34.874920	7.409332	
1649	-35.233221	7.931002	
1650	-35.112412	8.153048	
1651	-34.620730	7.928764	
1652	-34.852733	8.101469	
1653	-34.960735	8.116594	
1654	-34.273566	7.269928	
1655	-34.176139	7.696223	
1656	-33.450958	7.248253	
1657	-33.098018	7.710597	
1658	-33.184452	8.081167	
1659	-33.410548	8.352196	
1660	-32.579499	7.831678	
1661	-32.332665	7.944714	
1662	-32.411420	8.111142	
1663	-32.604100	7.865536	
1664	-32.230662	7.881648	
1665	-32.067441	7.524037	
1666	-32.131930	7.356288	
1667	-32.024681	7.213780	
1668	-31.830446	7.065733	
1669	-31.743709	7.135026	
1670	-31.498287	7.029742	
1671	-31.013163	6.819862	
1672	-31.180864	6.891416	
1673	-30.940009	7.013935	
1674	-30.612040	7.444975	
1675	-30.575185	7.177363	
1676	-30.276745	6.670031	
1677	-29.811622	6.733148	
1678	-30.755431	7.426430	
1679	-30.325362	7.187219	
1680	-30.275077	7.288431	
1681	-30.112230	7.206084	
1682	-29.793237	6.962314	
1683	-29.411163	6.759660	
1684	-29.287050	6.779049	
1685	-29.213915	6.592587	
1686	-29.447317	7.084098	
1687	-29.131302	7.152547	
1688	-29.693534	7.158140	
1689	-29.597970	6.921166	
1690	-29.543671	7.279844	
1691	-29.144284	6.841547	
1692	-28.925515	6.879895	
1693	-28.950874	7.179783	
1694	-28.701441	7.103799	
1695	-28.786044	6.998165	
1696	-28.545912	7.020373	
1697	-28.254083	7.003705	
1698	-28.096840	5.804248	
1699	-28.716637	5.922936	
1700	-28.766512	6.029800	
1701	-28.138461	5.999188	
1702	-28.173478	6.945363	
1703	-28.092718	6.745643	
1704	-28.134649	6.819813	
1705	-28.020630	6.819183	
1706	-28.127644	6.884779	
1707	-27.486321	6.603972	
1708	-28.200984	7.174623	
1709	-27.700152	5.634989	
1710	-27.796657	5.627992	
1711	-28.178626	10.257027	
1712	-28.096373	7.908036	
1713	-27.991318	6.288061	
1714	-29.063976	9.585208	
1715	-28.044435	7.600829	
1716	-27.361483	6.299447	
1717	-29.452210	10.880897	
1718	-29.141216	10.184403	
1719	-29.872345	11.971859	
1720	-27.904037	7.018941	
1721	-26.635132	4.216234	
1722	-29.940292	11.934268	
1723	-27.786450	10.251060	
1724	-27.272994	9.194710	
1725	-27.777670	9.283916	
1726	-27.672344	9.972224	
1727	-26.934970	5.438898	
1728	-27.271306	8.336557	
1729	-27.401789	10.531944	
1730	-27.074149	6.254610	
1731	-27.238858	8.636469	
1732	-26.806758	6.686541	
1733	-27.319480	5.524051	
1734	-27.636798	6.213535	
1735	-27.323379	6.696137	
1736	-27.274183	6.191142	
1737	-27.421608	6.287967	
1738	-27.063227	5.880491	
1739	-27.277238	9.165311	
1740	-27.463730	10.272990	
1741	-27.642174	9.893330	
1742	-27.601415	10.684229	
1743	-27.061382	7.417173	
1744	-27.440124	6.716629	
1745	-27.363889	6.761910	
1746	-27.777560	6.872548	
1747	-27.963217	7.147114	
1748	-27.930283	6.792022	
1749	-27.520090	9.470829	
1750	-28.207722	11.284608	
1751	-27.911955	7.772036	
1752	-27.675507	6.115736	
1753	-27.993325	10.239018	
1754	-27.747572	7.861180	
1755	-27.756987	6.008352	
1756	-28.167015	9.607517	
1757	-28.749639	10.702776	
1758	-28.830703	10.735452	
1759	-28.698802	10.622302	
1760	-28.791892	11.138245	
1761	-28.332974	10.345529	
1762	-28.561666	11.001809	
1763	-28.501789	7.659650	
1764	-28.752745	10.437225	
1765	-28.881422	8.197434	
1766	-28.757996	10.156586	
1767	-29.123313	11.207646	
1768	-28.271062	8.021589	
1769	-28.167587	7.180493	
1770	-28.534049	7.291722	
1771	-28.819728	10.471008	
1772	-28.875261	11.477650	
1773	-28.946742	11.599400	
1774	-28.338915	8.229740	
1775	-28.610309	7.490359	
1776	-28.587608	7.577181	
1777	-28.806795	10.817094	
1778	-29.036778	12.014468	
1779	-28.426305	8.003304	
1780	-28.660595	10.553869	
1781	-29.322365	12.108068	
1782	-29.116314	12.111822	
1783	-29.236291	12.257818	
1784	-29.224782	11.719516	
1785	-29.717346	12.240043	
1786	-29.274550	11.958014	
1787	-29.272232	11.705975	
1788	-29.481907	11.664516	
1789	-29.106572	11.946285	
1790	-29.198391	11.866377	
1791	-29.161939	11.762949	
1792	-29.221752	12.178757	
1793	-29.123708	11.747544	
1794	-29.171031	11.511359	
1795	-28.905675	12.492429	
1796	-28.904103	8.736549	
1797	-28.727319	10.516232	
1798	-29.213034	12.425469	
1799	-28.641983	8.843216	
1800	-28.597413	8.123253	
1801	-29.097492	8.865724	
1802	-28.750942	8.056720	
1803	-28.419313	7.918198	
1804	-28.566708	8.437657	
1805	-28.199837	7.601345	
1806	-30.609167	13.737441	
1807	-29.341343	10.425690	
1808	-28.509984	8.317227	
1809	-28.474228	8.370998	
1810	-28.358900	8.232073	
1811	-28.787483	8.665451	
1812	-28.382075	8.290050	
1813	-28.736100	8.633042	
1814	-28.767498	8.936669	
1815	-28.669948	8.240431	
1816	-29.040245	8.926512	
1817	-28.536733	8.474652	
1818	-28.787035	8.470082	
1819	-28.989613	11.998981	
1820	-29.060588	13.308594	
1821	-28.807840	10.042762	
1822	-28.958522	12.560292	
1823	-28.196002	10.138193	
1824	-28.667296	8.466103	
1825	-28.986701	13.214392	
1826	-28.352485	9.744904	
1827	-28.365300	11.939359	
1828	-28.494941	13.131457	
1829	-28.635001	13.076695	
1830	-28.114067	9.250915	
1831	-28.670666	12.486728	
1832	-28.313277	10.451088	
1833	-27.817984	8.335510	
1834	-28.003502	8.671298	
1835	-27.451133	8.555455	
1836	-27.707463	8.822633	
1837	-27.494398	8.814854	
1838	-27.734381	8.988038	
1839	-27.565625	8.563972	
1840	-27.393567	8.875981	
1841	-27.600605	8.937773	
1842	-27.237527	9.177148	
1843	-27.469728	9.141127	
1844	-27.001549	8.719390	
1845	-27.165962	8.956836	
1846	-27.160587	9.126110	
1847	-26.877399	8.852811	
1848	-26.652924	9.063125	
1849	-26.608896	9.013827	
1850	-27.097809	9.352294	
1851	-27.065233	9.134785	
1852	-26.812563	8.905725	
1853	-26.636669	9.085786	
1854	-26.708737	9.338688	
1855	-26.257533	8.960276	
1856	-26.679347	9.548225	
1857	-26.789524	9.012142	
1858	-26.406993	8.630544	
1859	-26.328347	8.896495	
1860	-26.813815	8.438943	
1861	-27.058079	12.826522	
1862	-26.555477	10.168765	
1863	-27.156036	9.390604	
1864	-27.008826	9.176142	
1865	-27.027215	9.407091	
1866	-26.928983	9.009004	
1867	-26.621343	9.114054	
1868	-26.623299	8.705741	
1869	-27.077349	12.026386	
1870	-26.574293	12.649840	
1871	-26.737420	12.804506	
1872	-26.683271	12.872438	
1873	-26.864164	12.928888	
1874	-26.519076	12.678114	
1875	-26.692805	12.894762	
1876	-26.725582	12.995663	
1877	-26.842308	13.350928	
1878	-26.404925	9.409905	
1879	-26.382777	12.040491	
1880	-26.428903	9.976538	
1881	-26.379156	12.086972	
1882	-26.235817	9.787522	
1883	-26.966741	12.225452	
1884	-26.472488	9.419867	
1885	-26.747045	12.110990	
1886	-26.494327	10.144931	
1887	-26.740455	9.184575	
1888	-26.540308	8.793137	
1889	-26.546903	12.228894	
1890	-26.348108	9.419248	
1891	-26.488116	12.109876	
1892	-26.465851	10.121399	
1893	-26.330956	8.683103	
1894	-26.437143	9.393233	
1895	-26.710392	9.031629	
1896	-26.263189	11.602912	
1897	-26.679355	10.185304	
1898	-26.401020	8.176858	
1899	-28.756721	15.254609	
1900	-27.150920	10.752128	
1901	-26.168131	8.084267	
1902	-26.730770	8.784812	
1903	-25.974904	8.348874	
1904	-26.211025	8.663686	
1905	-26.376453	8.790121	
1906	-26.174389	7.767793	
1907	-26.324214	8.044839	
1908	-26.208055	7.857625	
1909	-26.076573	7.709900	
1910	-26.290052	8.170011	
1911	-26.062360	7.785675	
1912	-25.975009	7.779466	
1913	-26.087179	7.372040	
1914	-26.365623	7.798012	
1915	-25.792704	7.525869	
1916	-25.781760	7.334971	
1917	-25.957543	7.429341	
1918	-25.766951	7.311281	
1919	-25.240626	6.978367	
1920	-25.698858	6.954855	
1921	-25.722931	7.079219	
1922	-25.648753	6.832612	
1923	-25.704680	6.496513	
1924	-25.664922	6.499570	
1925	-25.895763	6.610787	
1926	-25.805841	6.215275	
1927	-25.975094	6.299430	
1928	-25.837387	6.461328	
1929	-25.837937	6.081066	
1930	-26.005189	6.068487	
1931	-25.873616	5.405643	
1932	-26.219571	5.531914	
1933	-25.975859	5.722674	
1934	-26.241257	5.724793	
1935	-26.317787	5.581960	
1936	-26.271158	5.590286	
1937	-26.243049	4.697246	
1938	-27.910179	12.374323	
1939	-27.011445	7.453366	
1940	-26.744415	8.482682	
1941	-27.099061	7.109042	
1942	-26.854185	5.427286	
1943	-26.757217	5.748130	
1944	-26.609373	5.521895	
1945	-26.723651	5.177655	
1946	-26.495787	5.319893	
1947	-26.588426	5.279754	
1948	-27.343768	5.483434	
1949	-25.516014	5.593992	
1950	-26.860473	5.507430	
1951	-27.005955	5.993284	
1952	-26.519709	5.644580	
1953	-26.856550	5.559722	
1954	-26.862290	5.569106	
1955	-27.199105	5.605423	
1956	-27.279170	5.718869	
1957	-27.227785	5.823816	
1958	-27.366795	5.956642	
1959	-27.604583	5.912303	
1960	-27.853859	5.878062	
1961	-28.193451	6.124548	
1962	-27.950951	5.877005	
1963	-27.893293	5.283402	
1964	-28.255552	8.940573	
1965	-29.086958	9.870974	
1966	-28.538543	6.435593	
1967	-28.008136	5.855954	
1968	-27.916220	5.517946	
1969	-28.173161	5.690226	
1970	-27.714358	5.155760	
1971	-27.877238	4.269656	
1972	-28.301174	7.835734	
1973	-28.550389	9.062055	
1974	-28.904640	8.655411	
1975	-29.400304	9.002431	
1976	-29.240712	9.098482	
1977	-29.385727	8.973431	
1978	-29.127302	9.160538	
1979	-29.015753	8.682327	
1980	-29.026602	9.376141	
1981	-28.597574	5.697357	
1982	-29.167217	7.797908	
1983	-29.159426	9.348736	
1984	-28.834110	5.364966	
1985	-29.036753	7.432334	
1986	-29.134563	8.349292	
1987	-29.360664	8.711998	
1988	-29.143280	4.668115	
1989	-29.181896	4.150273	
1990	-29.036130	7.727576	
1991	-29.461876	9.308202	
1992	-29.251308	6.015708	
1993	-29.165146	4.699005	
1994	-30.577094	8.894960	
1995	-29.640988	6.167347	
1996	-29.024110	4.394702	
1997	-28.913385	4.693722	
1998	-29.063441	5.057223	
1999	-29.325105	4.982706	
2000	-29.142921	4.895872	
2001	-29.009635	4.773722	
2002	-28.895594	4.767676	
2003	-28.984909	5.510188	
2004	-29.384624	5.381655	
2005	-29.282616	8.506647	
2006	-29.705218	9.683054	
2007	-29.951883	9.776780	
2008	-29.598909	6.172997	
2009	-30.090708	8.783760	
2010	-30.472371	10.136452	
2011	-30.283361	9.367116	
2012	-30.180243	9.606892	
2013	-30.086323	6.477324	
2014	-30.598284	5.496990	
2015	-30.768978	9.118043	
2016	-30.812827	10.282388	
2017	-31.228310	10.142520	
2018	-31.363970	10.394818	
2019	-30.912108	9.893290	
2020	-30.761159	10.451427	
2021	-30.848509	6.475282	
2022	-30.965024	8.276320	
2023	-31.106846	9.976629	
2024	-30.927274	8.874639	
2025	-31.230347	9.312528	
2026	-31.497151	10.073938	
2027	-30.748564	5.610966	
2028	-31.372569	8.610136	
2029	-32.226962	11.044636	
2030	-31.291549	6.691863	
2031	-31.758887	9.759300	
2032	-31.963099	8.086062	
2033	-31.912001	6.600979	
2034	-32.204734	7.086606	
2035	-32.443774	7.274978	
2036	-32.725736	7.204041	
2037	-32.739272	7.290695	
2038	-32.383309	6.235763	
2039	-32.499676	6.736339	
2040	-32.735505	6.877376	
2041	-33.269005	6.829900	
2042	-33.175801	6.793369	
2043	-33.159938	7.871141	
2044	-33.322753	7.456619	
2045	-33.995047	8.112279	
2046	-33.921829	8.364369	
2047	-33.630041	8.108509	
2048	-33.932147	7.772708	
2049	-34.170317	6.984809	
2050	-34.422022	7.282531	
2051	-34.793388	7.549118	
2052	-35.276372	7.723601	
2053	-35.716428	8.525098	
2054	-35.734263	8.213856	
2055	-35.846707	7.964033	
2056	-35.641875	6.276264	
2057	-36.003919	6.770573	
2058	-36.514870	7.995710	
2059	-37.034690	8.295293	
2060	-38.514118	11.799694	
2061	-41.162948	17.420300	
2062	-38.436160	10.690185	
2063	-37.037069	6.912413	
2064	-37.305618	6.724222	
2065	-38.253502	8.778219	
2066	-38.699502	9.807397	
2067	-38.700733	9.675047	
2068	-39.135097	9.620818	
2069	-39.203856	8.972013	
2070	-39.451088	9.192551	
2071	-39.751935	9.840900	
2072	-39.463563	9.494811	
2073	-39.727080	10.268128	
2074	-40.019883	10.091024	
2075	-40.130741	9.823943	
2076	-40.294351	9.065444	
2077	-40.357128	8.902024	
2078	-40.326771	8.567919	
2079	-40.559079	8.774850	
2080	-40.667685	8.963999	
2081	-41.529893	9.717232	
2082	-41.781758	9.602585	
2083	-41.997065	9.374534	
2084	-41.721035	8.229956	
2085	-43.405452	10.946882	
2086	-41.909760	9.014982	
2087	-42.245808	8.388279	
2088	-42.951210	9.052655	
2089	-42.998981	9.168268	
2090	-43.369106	9.654984	
2091	-43.866504	9.938894	
2092	-43.626848	9.750219	
2093	-45.442826	13.958655	
2094	-46.604839	16.100309	
2095	-45.034887	10.726532	
2096	-44.787964	9.005757	
2097	-45.384293	9.921615	
2098	-45.279332	9.175072	
2099	-45.471872	9.291477	
2100	-45.796129	9.464641	
2101	-45.969417	9.821355	
2102	-45.315696	8.326817	
2103	-45.566261	8.234224	
2104	-45.776391	9.067751	
2105	-45.754781	9.153008	
2106	-45.822136	9.236713	
2107	-45.978593	9.452789	
2108	-46.064472	9.666021	
2109	-47.327687	10.540718	
2110	-47.116427	10.364636	
2111	-47.185138	10.134787	
2112	-47.587815	10.393324	
2113	-48.005186	10.256370	
2114	-48.087590	10.410607	
2115	-48.169804	11.271322	
2116	-48.219310	10.400814	
2117	-48.523415	10.993897	
2118	-48.226576	11.239847	
2119	-48.391751	11.103379	
2120	-48.636134	11.550111	
2121	-48.678788	11.597154	
2122	-48.980063	11.575786	
2123	-48.807246	10.756142	
2124	-49.089743	11.554486	
2125	-48.637534	11.031472	
2126	-48.952476	10.453798	
2127	-49.278957	10.674134	
2128	-49.928390	10.885751	
2129	-49.900612	11.142697	
2130	-49.818787	11.360890	
2131	-50.137302	11.646352	
2132	-50.079829	11.208866	
2133	-49.876324	11.564679	
2134	-49.957349	11.510350	
2135	-50.158239	11.627317	
2136	-50.316617	11.503543	
2137	-50.463575	11.511332	
2138	-50.373490	11.438737	
2139	-50.265621	11.116842	
2140	-50.320619	11.244103	
2141	-50.372441	11.348850	
2142	-50.639056	11.359482	
2143	-50.700705	11.563607	
2144	-50.809585	11.547414	
2145	-50.764737	11.470940	
2146	-50.810135	11.060912	
2147	-50.568238	10.944286	
2148	-50.784011	11.514845	
2149	-50.858978	11.485772	
2150	-51.029560	11.550541	
2151	-51.045161	11.703586	
2152	-51.110169	11.422516	
2153	-50.733889	11.412979	
2154	-50.974216	11.730990	
2155	-50.645241	11.819499	
2156	-50.740368	11.878891	
2157	-50.922948	12.238543	
2158	-50.776971	12.738026	
2159	-50.629755	12.142809	
2160	-50.699180	12.528639	
2161	-50.535560	12.436040	
2162	-50.570967	12.450696	
2163	-51.003997	12.667080	
2164	-50.370455	11.951926	
2165	-50.507928	12.302826	
2166	-51.044653	12.009760	
2167	-51.393141	12.162291	
2168	-51.443703	12.673142	
2169	-51.017241	11.922793	
2170	-50.914183	11.526782	
2171	-51.250204	11.442522	
2172	-51.216537	11.466355	
2173	-50.800649	11.256894	
2174	-50.926170	11.598992	
2175	-50.912729	10.939091	
2176	-51.258381	11.850883	
2177	-51.667057	12.000251	
2178	-51.200003	11.421050	
2179	-51.500338	11.881504	
2180	-51.046822	11.697805	
2181	-51.673268	12.089963	
2182	-51.558087	12.480381	
2183	-51.585000	12.232804	
2184	-51.526076	12.385503	
2185	-51.380187	11.693439	
2186	-51.516351	12.375591	
2187	-51.806349	12.303526	
2188	-51.622482	12.408883	
2189	-51.798426	12.361068	
2190	-51.909426	12.556810	
2191	-51.664659	12.438189	
2192	-51.606158	12.666670	
2193	-51.425118	12.336769	
2194	-51.710895	12.394547	
2195	-51.161931	12.337178	
2196	-51.304374	12.204704	
2197	-51.610399	12.616871	
2198	-51.580761	12.457778	
2199	-51.476910	12.123333	
2200	-51.782649	12.289051	
2201	-51.790410	12.541260	
2202	-51.782857	12.335372	
2203	-51.398113	12.059535	
2204	-51.626451	12.012059	
2205	-51.587522	12.184065	
2206	-51.233562	11.783436	
2207	-51.519714	11.831265	
2208	-51.516896	12.230564	
2209	-51.263147	11.726942	
2210	-51.493641	12.004536	
2211	-51.333114	11.802195	
2212	-51.051756	11.705892	
2213	-51.220299	12.137509	
2214	-51.805090	12.366850	
2215	-51.646329	11.705014	
2216	-51.110224	11.756679	
2217	-51.300529	11.636738	
2218	-51.068556	11.606043	
2219	-51.417695	11.867599	
2220	-51.004639	11.918538	
2221	-51.239684	11.934212	
2222	-50.965050	12.006220	
2223	-51.191561	11.926757	
2224	-51.423130	12.247216	
2225	-51.322330	11.922388	
2226	-51.421342	12.116381	
2227	-51.049729	12.109973	
2228	-51.497905	12.680312	
2229	-51.556218	12.458561	
2230	-51.467758	12.115882	
2231	-51.077468	12.173774	
2232	-51.625968	12.230979	
2233	-51.429905	11.923425	
2234	-51.228701	11.332180	
2235	-51.239415	11.983965	
2236	-51.308541	12.454838	
2237	-50.848032	11.496402	
2238	-51.628380	12.525070	
2239	-51.249999	12.185928	
2240	-51.114980	11.696811	
2241	-51.845911	12.582730	
2242	-51.426019	12.611022	
2243	-50.901026	12.584171	
2244	-51.464843	11.909139	
2245	-51.583391	12.688942	
2246	-51.126458	12.661613	
2247	-51.142161	12.488741	
2248	-51.288419	12.729319	
2249	-51.362626	12.931641	
2250	-50.940048	11.952084	
2251	-50.693344	11.725101	
2252	-50.838142	12.253814	
2253	-51.053857	12.464202	
2254	-51.133982	12.729808	
2255	-50.778684	11.977278	
2256	-50.877257	12.387634	
2257	-50.791250	12.138128	
2258	-50.601682	11.950629	
2259	-51.268471	12.018423	
2260	-51.683957	11.839878	
2261	-51.209605	11.597181	
2262	-51.621110	11.823978	
2263	-51.727237	12.027459	
2264	-51.058911	11.585380	
2265	-51.438956	11.507108	
2266	-51.479603	11.853300	
2267	-51.462713	11.544195	
2268	-51.241214	11.833067	
2269	-51.192374	11.766996	
2270	-51.132474	11.922539	
2271	-51.412686	12.048335	
2272	-51.079162	11.887112	
2273	-51.221633	12.089813	
2274	-50.913881	11.695521	
2275	-51.117073	11.771770	
2276	-51.215690	11.558500	
2277	-51.488903	12.021104	
2278	-51.111476	11.860350	
2279	-51.036253	11.628308	
2280	-51.202605	12.269971	
2281	-51.219180	12.391074	
2282	-50.643394	11.945391	
2283	-50.833232	12.102521	
2284	-50.796056	12.260529	
2285	-50.774164	12.052301	
2286	-50.683169	11.242369	
2287	-50.935892	11.579299	
2288	-50.549705	11.421514	
2289	-50.674482	11.496040	
2290	-50.504164	11.248993	
2291	-50.546135	11.521722	
2292	-50.803556	11.786802	
2293	-50.764644	11.360654	
2294	-50.508895	11.286394	
2295	-50.412115	11.332113	
2296	-50.480670	11.104276	
2297	-50.813661	11.495364	
2298	-50.973113	11.968890	
2299	-50.880577	11.429144	
2300	-50.719496	11.167868	
2301	-50.828910	11.655794	
2302	-50.978707	11.968074	
2303	-51.012992	11.937786	
2304	-51.069894	12.070713	
2305	-50.840152	12.099866	
2306	-51.136090	12.076856	
2307	-51.036782	12.244028	
2308	-50.745855	12.576993	
2309	-50.720167	12.502170	
2310	-50.478445	12.197180	
2311	-51.089118	12.390644	
2312	-50.290980	11.422813	
2313	-50.816672	11.838233	
2314	-50.646410	12.206473	
2315	-50.818133	12.393237	
2316	-50.504411	11.632757	
2317	-50.332171	11.393545	
2318	-50.618016	12.138505	
2319	-50.448558	12.033759	
2320	-50.581492	11.384532	
2321	-51.037468	11.939163	
2322	-50.468696	10.848332	
2323	-50.703601	11.516614	
2324	-50.249349	10.700482	
2325	-50.593798	15.168786	
2326	-51.003875	16.505059	
2327	-50.412878	11.867764	
2328	-50.824009	15.013567	
2329	-51.465768	17.240757	
2330	-50.723042	12.791493	
2331	-50.673171	11.650314	
2332	-51.002627	12.193212	
2333	-50.687742	11.498783	
2334	-50.912004	11.788757	
2335	-50.690602	11.376253	
2336	-50.782006	11.371965	
2337	-50.385292	10.827126	
2338	-50.777815	10.909159	
2339	-50.688279	11.191487	
2340	-50.919152	11.139848	
2341	-50.750812	10.907232	
2342	-50.727096	10.832683	
2343	-50.739655	11.134837	
2344	-50.633065	10.819378	
2345	-50.770280	10.965719	
2346	-50.949362	11.229314	
2347	-50.761120	11.029924	
2348	-50.696457	10.763243	
2349	-50.697227	10.792408	
2350	-51.036049	10.859851	
2351	-50.790499	10.924984	
2352	-50.751433	11.113068	
2353	-50.487835	10.780717	
2354	-50.895996	11.162552	
2355	-51.021656	11.254099	
2356	-50.947412	11.182062	
2357	-50.539639	11.014648	
2358	-50.538617	10.628214	
2359	-50.397409	10.486865	
2360	-50.669160	11.070889	
2361	-50.413920	10.827591	
2362	-50.816771	10.989832	
2363	-50.788569	10.935787	
2364	-50.601275	10.401168	
2365	-50.798013	10.754054	
2366	-50.927265	10.928220	
2367	-50.793834	10.531937	
2368	-50.786425	10.819468	
2369	-50.827797	10.509754	
2370	-50.628831	10.494188	
2371	-50.446954	10.151390	
2372	-50.727250	10.117826	
2373	-50.642182	10.359821	
2374	-50.747517	10.306746	
2375	-50.919628	10.185132	
2376	-50.756130	10.136875	
2377	-50.653171	10.283648	
2378	-50.596799	9.749757	
2379	-50.791166	10.202636	
2380	-50.760347	10.228838	
2381	-50.426587	9.439765	
2382	-50.873753	9.971301	
2383	-50.534037	9.885161	
2384	-51.053235	10.382926	
2385	-50.717872	9.940393	
2386	-50.583760	10.191541	
2387	-50.863379	10.263269	
2388	-50.846682	10.209936	
2389	-50.566930	10.022437	
2390	-50.518822	9.961001	
2391	-50.646545	9.936544	
2392	-50.299850	9.883429	
2393	-50.487856	10.017893	
2394	-50.379454	10.115093	
2395	-50.295231	9.837903	
2396	-50.554346	10.382916	
2397	-50.687475	10.360759	
2398	-50.275035	10.322525	
2399	-50.309558	10.099559	
2400	-50.465522	10.223964	
2401	NaN	NaN	
2402	NaN	NaN	
2403	NaN	NaN	
2404	NaN	NaN	
2405	NaN	NaN	
2406	-50.148717	10.366714	
2407	-50.447488	10.574750	
2408	-50.515882	10.680080	
2409	-50.457811	10.984756	
2410	-50.134043	10.767929	
2411	-50.455190	10.852932	
2412	-50.296456	10.765545	
2413	-50.017050	10.779024	
2414	-50.240521	10.806978	
2415	-50.291415	10.594720	
2416	-50.223402	9.859039	
2417	-50.415532	10.433511	
2418	-50.439338	10.492894	
2419	-50.288527	10.479262	
2420	-50.320098	10.511736	
2421	-50.365072	10.539609	
2422	-50.386892	10.329114	
2423	-50.520505	10.336330	
2424	-50.355183	10.361750	
2425	-50.717132	10.652030	
2426	-50.653674	10.717672	
2427	-50.733629	11.233218	
2428	-50.586803	10.757201	
2429	-50.201350	10.538720	
2430	-50.784064	10.836508	
2431	-50.681091	11.185902	
2432	-50.731862	10.493921	
2433	-50.405748	10.478982	
2434	-50.629315	10.312861	
2435	-50.619662	10.675705	
2436	-50.823504	10.649376	
2437	-50.789175	10.554670	
2438	-50.842651	11.142370	
2439	-50.729024	10.508747	
2440	-50.886146	10.499117	
2441	-51.030060	10.595434	
2442	-50.943285	10.880697	
2443	-51.079642	10.871296	
2444	-50.798289	10.754904	
2445	-50.815342	10.829787	
2446	-50.801481	10.282763	
2447	-50.974217	10.843921	
2448	-50.173749	9.986512	
2449	-50.873938	10.812434	
2450	-50.995167	10.671641	
2451	-51.182459	10.952428	
2452	-50.640564	11.074533	
2453	-50.843212	10.485910	
2454	-51.056888	11.098413	
2455	-50.933142	10.774080	
2456	-50.770337	10.368067	
2457	-50.785931	10.494606	
2458	-51.118861	11.042150	
2459	-51.342528	11.038430	
2460	-50.916248	10.598737	
2461	-51.007491	10.707623	
2462	-51.277732	11.125665	
2463	-51.149912	11.258297	
2464	-51.323391	11.046511	
2465	-50.993415	11.075979	
2466	-50.804043	10.431127	
2467	-51.292489	10.874937	
2468	-50.823782	10.316430	
2469	-50.550926	10.865924	
2470	-50.793005	11.118566	
2471	-50.552201	11.097042	
2472	-51.053915	11.201598	
2473	-50.870385	10.608898	
2474	-50.835366	10.670313	
2475	-51.101704	11.010931	
2476	-51.109952	11.020616	
2477	-51.325879	10.925470	
2478	-51.115886	10.899595	
2479	-51.097827	10.853036	
2480	-51.293988	10.804920	
2481	-51.359995	11.128304	
2482	-50.797658	10.759466	
2483	-50.784253	10.321397	
2484	-51.055474	10.425465	
2485	-51.181454	10.503219	
2486	-51.281696	11.172347	
2487	-51.109554	11.085535	
2488	-51.188070	10.970956	
2489	-50.729397	10.349306	
2490	-50.741877	10.757555	
2491	-51.073467	11.069167	
2492	-51.095581	10.886848	
2493	-51.341277	10.597476	
2494	-51.152469	10.602106	
2495	-51.107957	10.578598	
2496	-50.855423	10.080177	
2497	-51.136135	10.570306	
2498	-51.601501	10.811650	
2499	-50.896409	9.996751	
2500	-50.971356	10.657281	
2501	-51.124081	10.583948	
2502	-51.236656	10.652271	
2503	-51.270361	10.668199	
2504	-51.138239	10.316596	
2505	-50.835658	9.975345	
2506	-51.263906	10.128595	
2507	-50.997365	9.779263	
2508	-51.156156	10.545600	
2509	-51.228500	10.671006	
2510	-51.464437	10.459924	
2511	-51.282423	10.648874	
2512	-51.159896	10.663276	
2513	-51.178033	10.166677	
2514	-51.325133	10.592063	
2515	-51.185417	10.615733	
2516	-51.114633	10.626174	
2517	-51.025864	10.200942	
2518	-51.373274	10.570803	
2519	-50.998940	10.357839	
2520	-51.129558	10.526365	
2521	-51.216674	10.777494	
2522	-51.140236	10.619880	
2523	-51.128146	10.513896	
2524	-50.880299	10.199404	
2525	-51.195159	10.142255	
2526	-51.237267	10.392277	
2527	-50.885668	10.074431	
2528	-50.584846	10.525475	
2529	-51.054833	10.828046	
2530	-50.968583	10.255024	
2531	-51.057646	10.471693	
2532	-51.267194	10.807494	
2533	-50.796309	10.768184	
2534	-51.333723	10.518254	
2535	-51.159553	10.396990	
2536	-50.914710	10.553951	
2537	-51.323768	10.413336	
2538	-50.389317	10.069702	
2539	-50.899357	10.574349	
2540	-51.295448	10.778222	
2541	-50.831911	10.014994	
2542	-51.193649	10.558874	
2543	-50.560673	10.154939	
2544	-50.424672	10.543212	
2545	-51.020391	10.667272	
2546	-50.774456	9.952503	
2547	-51.123492	10.288104	
2548	-51.280262	10.663271	
2549	-51.186649	10.530437	
2550	-51.066019	9.838124	
2551	-51.328666	10.696816	
2552	-51.322946	10.682848	
2553	-51.122500	10.157910	
