Athlete_Engineering	// User ID
11-2-2021	// Evaluation date
P009_WALK2	27-1-2021	15:23:06:048	// Source file name and timestamp
250.000	// Sampling rate
6.168	// Data capture period



Sample #	Right_Leg_Flexion	Right_Leg_Abduction	
0	-50.412549	8.903530	
1	-49.769129	8.505336	
2	-49.600725	8.514458	
3	-49.982533	8.248853	
4	-49.986894	8.830575	
5	-49.808330	8.724272	
6	-49.545879	8.877897	
7	-49.834227	9.008450	
8	-49.562598	8.641862	
9	-49.392235	8.660546	
10	-49.701065	8.777137	
11	-49.949202	8.458307	
12	-50.041207	8.479490	
13	-50.093206	8.696964	
14	-50.244321	8.763023	
15	-50.532977	9.134927	
16	-51.067420	8.552762	
17	-51.348776	8.556327	
18	-51.500291	8.196944	
19	-51.626636	8.385366	
20	-51.661845	8.408965	
21	-51.766617	8.661131	
22	-51.763517	8.479376	
23	-51.744069	8.814799	
24	-52.087699	8.916875	
25	-51.514525	8.674876	
26	-51.325000	8.587808	
27	-51.474949	8.505271	
28	-51.465977	8.596094	
29	-51.582034	8.999505	
30	-51.220214	8.832641	
31	-51.396897	8.792658	
32	-51.263308	8.970991	
33	-51.159283	8.882708	
34	-51.197589	8.843545	
35	-51.107881	8.622712	
36	-50.451171	8.635533	
37	-50.674116	8.607286	
38	-50.719706	8.851041	
39	-50.755793	9.104628	
40	-50.784912	9.071643	
41	-51.311163	9.034425	
42	-51.271989	8.994190	
43	-50.958141	8.966329	
44	-50.917251	9.016930	
45	-50.724391	8.949586	
46	-50.819449	9.031291	
47	-50.351022	9.011794	
48	-50.761682	9.269965	
49	-50.995035	9.104702	
50	-51.719796	8.838414	
51	-51.492558	8.535157	
52	-51.421842	8.741449	
53	-51.385044	9.152819	
54	-51.446973	9.056352	
55	-51.676051	9.013826	
56	-51.478846	9.413012	
57	-50.807865	9.424670	
58	-51.099217	9.326906	
59	-50.971587	9.600351	
60	-50.912417	9.737187	
61	-51.065724	9.886322	
62	-51.196307	10.031189	
63	-50.883825	9.580511	
64	-50.950504	9.625066	
65	-50.572050	9.387311	
66	-50.462997	8.917141	
67	-50.766809	8.763682	
68	-50.538686	8.790024	
69	-50.417674	8.918809	
70	-50.531551	8.693552	
71	-50.637633	8.578125	
72	-50.808190	8.321899	
73	-50.984951	8.676135	
74	-51.542461	9.032981	
75	-51.548896	8.914492	
76	-51.601895	8.939343	
77	-51.691791	9.385815	
78	-51.241420	8.859173	
79	-51.165620	8.742518	
80	-50.764225	9.449003	
81	-50.649972	9.726163	
82	-50.283440	9.979882	
83	-50.408956	10.103151	
84	-49.449539	9.744543	
85	-47.731717	9.298967	
86	-50.614446	10.242639	
87	-50.194760	10.038682	
88	-50.316361	10.139188	
89	-49.983234	10.076530	
90	-50.387061	9.749463	
91	-51.115738	9.814512	
92	-51.019952	9.350452	
93	-51.194901	8.455657	
94	-51.261856	8.288617	
95	-50.501376	10.045264	
96	-49.414338	11.046483	
97	-48.134654	9.423167	
98	-50.642670	10.304613	
99	-49.883623	10.204864	
100	-49.545161	10.405680	
101	-48.954517	10.491982	
102	-46.874767	9.295758	
103	-48.218503	9.775322	
104	-50.481962	10.879058	
105	-50.305133	10.320435	
106	-49.483633	10.018456	
107	-47.079656	9.343360	
108	-48.980374	10.099828	
109	-48.642585	9.540354	
110	-51.047052	10.729450	
111	-50.181478	10.866735	
112	-50.060607	10.918343	
113	-49.827197	11.671034	
114	-49.858115	11.951901	
115	-49.798495	11.823359	
116	-49.619844	11.755349	
117	-49.693512	11.690063	
118	-49.937811	11.733309	
119	-49.407042	11.846039	
120	-48.728408	11.033432	
121	-49.019922	10.800499	
122	-49.447380	10.644120	
123	-49.184470	11.134310	
124	-48.666449	11.505409	
125	-48.791019	11.141438	
126	-48.857620	10.929196	
127	-48.629998	11.071737	
128	-49.025424	11.353648	
129	-47.995501	11.126277	
130	-46.173431	10.748898	
131	-48.282186	11.860022	
132	-47.442205	11.480915	
133	-47.464005	11.322776	
134	-48.088722	11.389769	
135	-47.930518	11.347965	
136	-47.667205	11.304309	
137	-48.011902	9.659135	
138	-47.703131	10.059966	
139	-47.706292	10.843034	
140	-47.485018	10.757264	
141	-47.662347	12.428260	
142	-47.097714	12.287794	
143	-46.788248	11.885756	
144	-46.886633	11.786239	
145	-46.407795	12.381725	
146	-44.237005	11.810317	
147	-44.883392	12.147984	
148	-45.881507	11.656209	
149	-44.084206	10.828954	
150	-43.727798	11.102681	
151	-43.819674	10.983308	
152	-43.131212	11.031723	
153	-40.275182	10.236509	
154	-42.939810	10.455049	
155	-43.523020	9.514681	
156	-42.216247	11.511050	
157	-41.911307	12.126931	
158	-40.901382	10.431802	
159	-40.565284	10.860886	
160	-41.876439	11.569842	
161	-41.385499	11.415974	
162	-41.105939	11.074568	
163	-40.075358	10.735842	
164	-39.099839	10.309298	
165	-40.339251	10.281232	
166	-39.299015	9.935129	
167	-37.018102	10.463018	
168	-36.464347	10.479775	
169	-34.461652	9.568379	
170	-34.601748	9.454101	
171	-35.487007	9.788448	
172	-34.612571	10.754697	
173	-33.218621	9.750677	
174	-31.040987	7.953328	
175	-33.929363	8.761642	
176	-32.459342	8.719542	
177	-31.743630	8.255853	
178	-31.047229	8.497507	
179	-29.513515	8.812654	
180	-29.245893	8.296060	
181	-28.885976	7.956094	
182	-28.609548	7.815966	
183	-29.025087	7.726511	
184	-28.548221	10.004966	
185	-26.806638	8.335047	
186	-27.355680	9.382011	
187	-29.250329	9.451664	
188	-27.983610	8.182473	
189	-27.459792	8.273891	
190	-27.790895	7.772318	
191	-27.968904	8.120201	
192	-27.269564	7.685019	
193	-26.149534	7.529617	
194	-25.084968	7.632033	
195	-25.386727	6.478356	
196	-25.122197	7.358401	
197	-24.924966	5.513429	
198	-22.676344	8.495911	
199	-22.490603	7.132468	
200	-22.749093	6.479532	
201	-21.804843	7.840675	
202	-21.609683	6.473519	
203	-21.349552	5.315700	
204	-20.896101	5.197337	
205	-20.967393	5.104942	
206	-20.794728	4.914273	
207	-20.379086	4.772197	
208	-19.034629	4.547003	
209	-18.721642	4.710775	
210	-18.468899	4.784100	
211	-19.391080	4.647369	
212	-18.205256	4.415339	
213	-15.173512	5.276908	
214	-15.535533	4.217802	
215	-15.065179	4.744199	
216	-15.107926	4.883032	
217	-15.353123	4.183658	
218	-13.461881	5.003186	
219	-14.340368	4.675314	
220	-14.529397	5.460671	
221	-12.631508	6.725687	
222	-13.085977	4.938745	
223	-13.155864	3.600480	
224	-12.836939	3.454701	
225	-12.149762	5.033841	
226	-11.874990	3.576852	
227	-11.292266	2.015688	
228	-11.960672	4.726412	
229	-12.479840	3.744488	
230	-13.205663	3.723776	
231	-11.423691	4.215866	
232	-11.521719	4.765672	
233	-11.012148	4.982265	
234	-11.531890	5.026850	
235	-12.499506	4.382007	
236	-11.277344	4.208439	
237	-11.717138	4.070533	
238	-12.308808	3.488297	
239	-12.276398	3.102254	
240	-11.574854	3.801961	
241	-12.079942	3.763310	
242	-11.366230	4.056552	
243	-12.870009	3.659228	
244	-10.921784	3.601830	
245	-12.047628	1.342963	
246	-11.298469	5.382541	
247	-10.847146	5.554271	
248	-11.528523	4.524656	
249	-11.910485	3.770318	
250	-12.916149	1.263090	
251	-14.628648	-0.883992	
252	-8.585979	1.703052	
253	-13.621169	3.919758	
254	-10.490694	4.967898	
255	-11.347650	4.835296	
256	-11.367100	4.574101	
257	-11.038194	5.410498	
258	-11.658877	2.867712	
259	-13.078532	-0.249164	
260	-13.406912	0.167195	
261	-12.033398	4.477421	
262	-13.224215	3.134767	
263	-11.470434	3.083544	
264	-11.293843	3.851093	
265	-12.174329	1.933665	
266	-12.653625	-1.485316	
267	-13.666936	0.831173	
268	-11.648753	3.654497	
269	-11.162946	3.115003	
270	-12.574713	3.521525	
271	-12.320331	3.529780	
272	-13.169025	3.264842	
273	-14.448798	-0.264410	
274	-13.743591	3.059443	
275	-12.443331	3.417510	
276	-12.886665	2.521314	
277	-13.323798	2.421970	
278	-15.119273	2.489990	
279	-13.815772	0.781150	
280	-17.114717	-1.578667	
281	-12.442525	3.673313	
282	-13.838195	2.522152	
283	-14.340068	3.298785	
284	-15.252439	2.169362	
285	-14.124825	1.393413	
286	-16.439709	1.331775	
287	-14.358192	1.080113	
288	-16.135855	2.107799	
289	-14.689185	0.757028	
290	-17.490540	1.608497	
291	-17.282014	1.531216	
292	-17.650808	0.824222	
293	-18.578311	0.570692	
294	-18.683080	0.484766	
295	-18.831996	0.535076	
296	-18.963392	0.629898	
297	-18.323047	0.096072	
298	-16.278777	-0.528514	
299	-20.416977	-0.140108	
300	-19.642052	0.778367	
301	-19.583312	0.026574	
302	-18.585535	0.104337	
303	-16.878348	-0.269274	
304	-19.950553	0.434262	
305	-19.768849	-0.323745	
306	-20.482485	-0.636676	
307	-19.134569	0.061844	
308	-17.503011	-0.478259	
309	-21.102313	-0.651841	
310	-19.594438	-0.169599	
311	-16.581254	-0.798280	
312	-17.595951	-1.415226	
313	-19.784165	-0.287734	
314	-18.115076	-0.496951	
315	-21.398411	-0.269353	
316	-20.933667	0.158564	
317	-20.395577	0.468686	
318	-20.227978	-0.263042	
319	-17.757344	-0.394171	
320	-17.605000	0.097743	
321	-17.926494	0.279311	
322	-18.404517	-0.567160	
323	-18.314360	-0.709012	
324	-18.982096	-0.396066	
325	-18.492414	0.164403	
326	-17.425516	-0.031233	
327	-17.851779	0.137660	
328	-17.251707	-0.050416	
329	-17.951575	-0.563512	
330	-19.662040	-0.186648	
331	-17.489875	-0.141761	
332	-17.413229	-0.119145	
333	-18.214756	0.055407	
334	-18.122272	-0.253235	
335	-18.391840	-0.596572	
336	-18.609699	-0.178810	
337	-18.193104	-0.283485	
338	-18.279718	-0.727781	
339	-18.650501	-0.182776	
340	-18.569485	0.225397	
341	-18.619101	-0.530623	
342	-18.910654	-0.216088	
343	-19.181286	0.285985	
344	-19.016346	-0.244334	
345	-19.817449	-1.575276	
346	-20.665755	-1.845768	
347	-20.738940	-1.581847	
348	-21.016721	-1.336853	
349	-21.089725	-1.649205	
350	-20.866704	-1.906678	
351	-21.168321	-2.142032	
352	-21.307367	-1.693779	
353	-21.639391	-2.079434	
354	-22.462637	-2.102762	
355	-21.950726	-2.418398	
356	-21.260833	-2.670162	
357	-22.031168	-1.035474	
358	-23.009494	-1.596094	
359	-23.118994	-1.074831	
360	-23.216723	-0.812148	
361	-23.109792	-0.922561	
362	-23.086560	-0.318984	
363	-24.446298	-0.490231	
364	-24.717202	-0.718635	
365	-25.411460	-0.886036	
366	-25.609185	-0.798508	
367	-25.746609	-0.767421	
368	-25.907805	-1.222233	
369	-26.304340	-1.112479	
370	-26.899590	-1.363909	
371	-26.367963	-1.406482	
372	-26.433695	-1.368667	
373	-25.448450	-1.393924	
374	-25.371712	-1.149405	
375	-25.506491	-1.248459	
376	-25.433681	-1.490957	
377	-25.189502	-1.839847	
378	-26.146405	-1.802207	
379	-25.944882	-1.654553	
380	-25.829826	-1.222406	
381	-26.359974	-0.845778	
382	-27.327331	-0.984751	
383	-27.713588	-0.813847	
384	-26.843892	-0.634365	
385	-27.147719	-0.132922	
386	-27.657329	-0.182063	
387	-27.875402	-0.298306	
388	-28.327108	-0.058949	
389	-28.309066	0.300465	
390	-29.883597	0.449569	
391	-30.108880	0.550319	
392	-30.507262	1.027331	
393	-30.936000	1.430872	
394	-31.329351	1.592972	
395	-31.975161	1.675110	
396	-32.129223	2.106467	
397	-32.621123	1.717974	
398	-33.538040	1.508849	
399	-33.820888	2.335152	
400	-33.994677	2.126521	
401	-34.434754	2.156632	
402	-34.973370	2.779295	
403	-35.038064	2.294785	
404	-35.008222	2.440995	
405	-35.405243	2.908928	
406	-36.106034	2.943055	
407	-36.018304	2.636946	
408	-36.681942	2.576390	
409	-36.562555	2.737857	
410	-37.108233	2.942878	
411	-37.859010	3.105659	
412	-37.200080	2.968796	
413	-37.759516	3.046205	
414	-38.150713	3.012593	
415	-38.120930	3.032443	
416	-37.939349	3.017349	
417	-38.340156	3.000485	
418	-38.092512	3.161110	
419	-38.908739	3.056520	
420	-38.697740	2.886171	
421	-38.232844	2.958239	
422	-39.255622	3.462744	
423	-39.050065	3.552925	
424	-39.215377	3.865185	
425	-40.085744	4.126368	
426	-39.650426	4.071618	
427	-39.646492	3.844401	
428	-40.138948	4.078283	
429	-40.557691	4.041433	
430	-40.521656	4.222466	
431	-40.896024	4.530719	
432	-40.940575	4.452883	
433	-40.967622	4.643946	
434	-41.739251	4.871420	
435	-41.533268	5.346770	
436	-41.982624	5.652007	
437	-42.098406	5.574688	
438	-42.483366	5.621854	
439	-43.143231	5.775085	
440	-43.178239	5.658277	
441	-43.183944	6.015278	
442	-43.418489	5.900062	
443	-44.095602	6.239797	
444	-44.016009	6.588864	
445	-44.091354	6.480874	
446	-44.549381	6.591285	
447	-44.598845	6.634169	
448	-44.776461	7.023482	
449	-44.977196	7.428717	
450	-45.335511	7.209109	
451	-45.175393	7.305068	
452	-45.203008	7.628628	
453	-45.269622	7.718208	
454	-45.588978	7.930429	
455	-45.502746	7.864118	
456	-45.642038	8.024893	
457	-46.240395	7.662505	
458	-46.654995	8.306526	
459	-46.715449	8.198857	
460	-46.798535	7.998094	
461	-46.569972	8.648080	
462	-47.416504	8.727993	
463	-47.943684	9.068975	
464	-47.547495	9.228918	
465	-47.308451	9.123002	
466	-47.917582	9.379165	
467	-48.433689	9.696775	
468	-48.263885	9.789027	
469	-48.265256	9.690545	
470	-48.150321	9.669542	
471	-47.881745	9.241314	
472	-48.358579	9.648867	
473	-48.161670	9.538971	
474	-48.496883	10.156788	
475	-49.068619	10.252212	
476	-48.843545	10.541008	
477	-49.307275	10.837368	
478	-50.134233	10.858593	
479	-50.184466	10.939721	
480	-49.912840	11.118166	
481	-49.650948	11.234322	
482	-49.889883	11.365130	
483	-50.458355	11.243830	
484	-50.915548	12.105868	
485	-51.380697	11.793536	
486	-51.235663	11.358649	
487	-51.170756	11.942056	
488	-51.590439	12.255037	
489	-51.916352	12.591809	
490	-52.028221	13.490834	
491	-52.306566	13.773856	
492	-52.542213	13.861934	
493	-53.078740	14.281319	
494	-53.203968	13.969328	
495	-53.348362	14.080433	
496	-53.719551	13.999308	
497	-54.393187	15.440044	
498	-54.385813	15.545990	
499	-54.520678	16.125500	
500	-55.109125	16.327643	
501	-55.067885	16.264364	
502	-55.291843	16.722041	
503	-55.614286	16.922757	
504	-55.903231	15.968215	
505	-55.927490	16.274399	
506	-55.968298	16.863614	
507	-56.085057	16.582850	
508	-55.892460	17.009418	
509	-56.182148	16.411433	
510	-55.713667	16.225360	
511	-55.463693	16.369941	
512	-55.171709	15.590299	
513	-54.976563	15.100085	
514	-54.697310	15.392261	
515	-54.432768	15.366585	
516	-54.253105	14.873654	
517	-54.081373	14.914619	
518	-53.577247	15.263685	
519	-53.020737	14.668381	
520	-52.694662	14.644552	
521	-52.523389	14.953756	
522	-51.976597	14.649988	
523	-51.602411	14.836972	
524	-50.902604	14.747322	
525	-50.795411	14.601962	
526	-50.247251	14.697971	
527	-49.575066	14.669462	
528	-49.215535	14.185656	
529	-48.877712	14.805867	
530	-48.141854	14.358052	
531	-47.604017	14.926967	
532	-46.987325	14.776583	
533	-46.714893	15.223167	
534	-45.814144	14.781742	
535	-44.774230	13.356971	
536	-44.731364	14.155202	
537	-44.095706	13.391246	
538	-43.249360	12.871373	
539	-42.787378	12.682252	
540	-42.168805	12.592378	
541	-41.297894	12.018119	
542	-40.638814	11.069032	
543	-39.798552	11.112872	
544	-39.050117	10.530990	
545	-38.396148	10.365189	
546	-37.633967	9.924615	
547	-37.172587	9.990268	
548	-36.339284	9.693780	
549	-35.363516	9.570948	
550	-34.925367	9.420416	
551	-34.561172	9.265217	
552	-33.860948	9.037546	
553	-33.176202	8.555470	
554	-32.628936	8.423506	
555	-32.667627	8.692150	
556	-31.782045	8.081618	
557	-31.186993	7.463389	
558	-30.463340	7.347657	
559	-30.129466	7.267337	
560	-29.372193	6.564265	
561	-29.001442	6.615123	
562	-28.466965	6.316733	
563	-27.987073	5.783151	
564	-27.956542	5.604770	
565	-27.755905	5.332212	
566	-26.638635	4.749908	
567	-26.169550	4.864235	
568	-25.668375	4.431253	
569	-24.458934	4.436326	
570	-24.201138	4.524227	
571	-23.832462	4.156746	
572	-23.216702	4.103667	
573	-22.730825	4.461530	
574	-22.223084	3.706462	
575	-21.291293	3.685119	
576	-20.529522	3.620699	
577	-20.695246	3.399746	
578	-19.904213	3.210828	
579	-18.757361	2.963492	
580	-18.783407	2.588010	
581	-17.789993	2.445778	
582	-17.135931	2.071658	
583	-16.783403	1.974621	
584	-16.503158	1.332899	
585	-15.830996	1.248716	
586	-15.362981	1.057711	
587	-15.120461	0.503289	
588	-14.722288	0.440113	
589	-14.478533	0.438851	
590	-13.951591	0.097494	
591	-13.654939	0.036878	
592	-13.423625	-0.146615	
593	-12.640844	-0.207098	
594	-13.101437	-0.333585	
595	-13.180524	-0.694416	
596	-12.501631	-0.819854	
597	-12.411246	-0.835094	
598	-12.093585	-1.197183	
599	-11.470898	-1.263928	
600	-11.249285	-0.900056	
601	-11.131316	-1.207762	
602	-11.310958	-1.214818	
603	-11.217255	-1.724666	
604	-10.709336	-1.391263	
605	-10.515337	-1.499375	
606	-10.618845	-1.652631	
607	-10.555526	-1.940862	
608	-10.330162	-1.601700	
609	-10.204316	-1.641033	
610	-10.557513	-2.373361	
611	-10.630393	-2.131935	
612	-10.317648	-1.911000	
613	-10.285041	-2.380232	
614	-10.457814	-2.527414	
615	-10.999691	-2.727083	
616	-11.073872	-3.145773	
617	-10.755310	-2.934943	
618	-11.004656	-3.233467	
619	-11.138318	-3.291651	
620	-11.387672	-3.099839	
621	-11.359935	-3.258621	
622	-11.617878	-3.798896	
623	-12.088198	-4.195208	
624	-12.335886	-3.900907	
625	-12.234083	-3.984173	
626	-12.435202	-4.132224	
627	-12.560264	-4.473611	
628	-12.491281	-4.554230	
629	-12.742578	-4.761803	
630	-13.355589	-5.181011	
631	-13.264937	-5.021614	
632	-13.301337	-5.089025	
633	-12.938066	-5.245850	
634	-12.713532	-5.088422	
635	-12.526652	-4.868230	
636	-12.843213	-4.965478	
637	-13.192110	-5.069830	
638	-13.342625	-4.799013	
639	-13.472522	-4.776493	
640	-13.695553	-4.910074	
641	-13.691399	-4.920238	
642	-13.913827	-4.846270	
643	-13.254592	-4.539950	
644	-13.588935	-4.536983	
645	-14.220412	-4.798821	
646	-14.300463	-4.602373	
647	-14.530791	-4.683276	
648	-14.557916	-4.558662	
649	-15.051410	-4.608209	
650	-15.158793	-4.493730	
651	-15.159905	-4.468479	
652	-15.209579	-4.616975	
653	-15.583729	-4.810970	
654	-15.552686	-4.939868	
655	-15.756737	-4.947277	
656	-15.876251	-5.218492	
657	-15.913156	-4.838013	
658	-16.302862	-5.226313	
659	-16.576342	-5.055209	
660	-17.000762	-4.969521	
661	-17.181456	-5.243977	
662	-17.423026	-5.172041	
663	-17.458257	-5.054564	
664	-17.639734	-5.482220	
665	-17.883154	-4.945469	
666	-18.294250	-4.982415	
667	-18.682660	-5.511708	
668	-18.965528	-5.445137	
669	-19.138556	-5.398758	
670	-19.425720	-5.010854	
671	-19.698721	-5.052812	
672	-19.949434	-5.301103	
673	-20.350125	-4.881270	
674	-20.551768	-5.082326	
675	-20.376674	-4.576395	
676	-20.509177	-4.663400	
677	-20.607607	-4.772861	
678	-20.324399	-4.861658	
679	-20.591327	-4.603825	
680	-20.835222	-5.008031	
681	-20.802767	-4.726454	
682	-21.243520	-4.897722	
683	-21.102586	-5.015992	
684	-21.421422	-5.970793	
685	-21.694411	-5.897090	
686	-21.756499	-5.957330	
687	-22.285381	-5.838195	
688	-22.950709	-6.096153	
689	-23.201634	-5.883911	
690	-23.479568	-5.673422	
691	-23.697251	-5.829766	
692	-24.367273	-5.428195	
693	-24.670960	-5.320745	
694	-25.492507	-5.364891	
695	-25.735854	-4.920318	
696	-26.006795	-4.912990	
697	-26.051773	-4.687689	
698	-26.454403	-4.872125	
699	-26.820578	-4.871904	
700	-27.591334	-4.857274	
701	-27.535629	-4.384418	
702	-27.594252	-4.538669	
703	-28.143425	-4.541606	
704	-27.726622	-4.196482	
705	-27.757720	-3.802986	
706	-28.274849	-3.299874	
707	-29.008621	-3.423687	
708	-28.768269	-3.071341	
709	-29.647480	-3.472760	
710	-29.174132	-2.039224	
711	-29.728840	-2.352804	
712	-29.974603	-1.525225	
713	-30.518427	-0.860287	
714	-30.091511	-1.006922	
715	-29.950290	-2.606126	
716	-31.132763	-2.493277	
717	-31.275719	-1.947761	
718	-31.517850	-1.729376	
719	-31.631901	-1.822430	
720	-32.425458	-1.707559	
721	-32.602780	-1.154779	
722	-33.286489	-1.372372	
723	-33.499755	-1.176996	
724	-34.030826	-0.967262	
725	-34.267852	-0.678158	
726	-34.537935	-0.360787	
727	-35.482614	-0.437197	
728	-35.174270	-0.719796	
729	-35.592984	-0.129210	
730	-35.622066	0.158181	
731	-36.067286	0.221016	
732	-36.250276	-0.263599	
733	-36.672200	0.353803	
734	-36.497437	0.816233	
735	-36.714489	0.619312	
736	-36.803001	0.801984	
737	-37.139825	0.852304	
738	-37.443882	1.054090	
739	-36.988982	1.207328	
740	-37.457415	1.323358	
741	-37.761829	1.101714	
742	-37.451003	1.551690	
743	-37.794153	1.571862	
744	-38.126446	1.919975	
745	-38.019606	2.501788	
746	-38.733107	2.573397	
747	-38.695596	2.687388	
748	-39.145220	3.078482	
749	-39.372410	3.633590	
750	-39.811076	3.709003	
751	-39.802971	3.810585	
752	-40.080784	3.773834	
753	-40.333468	4.174260	
754	-40.346209	3.898006	
755	-40.984741	4.086749	
756	-40.559490	3.296642	
757	-41.342371	2.702507	
758	-41.024928	3.396028	
759	-41.189182	4.560982	
760	-41.480046	4.654295	
761	-41.680009	4.869103	
762	-41.646792	4.543855	
763	-41.932031	4.827853	
764	-42.418863	4.900254	
765	-42.420950	4.950233	
766	-42.518206	5.237009	
767	-42.766895	5.320393	
768	-43.133245	5.471466	
769	-43.593138	5.496509	
770	-44.017688	6.075404	
771	-44.004558	6.417974	
772	-44.223801	6.243310	
773	-44.791176	6.627308	
774	-44.714527	7.268723	
775	-44.960916	7.321693	
776	-45.944643	7.914546	
777	-45.472826	8.006691	
778	-45.565115	7.983650	
779	-45.884600	8.130110	
780	-46.379933	8.576178	
781	-46.982112	9.106576	
782	-47.389180	10.079318	
783	-47.393481	10.350469	
784	-47.318283	10.481016	
785	-47.643083	10.686907	
786	-48.133610	11.462488	
787	-47.997723	11.199330	
788	-47.975750	10.915012	
789	-48.243368	11.458768	
790	-47.577080	11.744217	
791	-48.115486	12.636967	
792	-48.815270	13.063283	
793	-49.181928	12.938168	
794	-49.491447	13.103065	
795	-49.230981	12.591068	
796	-49.268969	11.128144	
797	-49.685083	11.315355	
798	-49.715586	11.522167	
799	-50.271931	12.826374	
800	-50.859420	12.552207	
801	-50.728423	12.194718	
802	-51.119592	13.333657	
803	-51.376186	13.602610	
804	-51.518907	13.863891	
805	-51.094209	13.996364	
806	-51.249254	13.951551	
807	-51.453896	13.502033	
808	-51.340733	13.944544	
809	-51.792732	14.448336	
810	-52.349232	14.895211	
811	-52.287995	15.022045	
812	-52.036739	14.482996	
813	-52.881308	15.596000	
814	-53.248927	15.275293	
815	-52.481957	14.542284	
816	-52.208832	14.117967	
817	-53.429205	15.503755	
818	-53.334224	14.888453	
819	-54.222037	16.064030	
820	-54.502089	15.974002	
821	-54.496826	15.630899	
822	-54.633733	15.711866	
823	-55.138722	15.419497	
824	-55.335528	14.811818	
825	-55.958903	16.059899	
826	-56.131493	16.805641	
827	-56.270162	16.674147	
828	-56.543931	17.457727	
829	-56.196125	16.181158	
830	-56.616370	17.559073	
831	-56.468726	16.342448	
832	-56.164835	16.205582	
833	-55.452943	15.766765	
834	-55.401316	16.191912	
835	-55.148588	16.417603	
836	-55.196913	15.585192	
837	-54.334163	15.202844	
838	-53.552145	15.982199	
839	-54.100642	15.820531	
840	-52.997590	15.623284	
841	-52.416373	15.466327	
842	-52.177172	16.019764	
843	-52.129172	15.946460	
844	-51.113566	17.004771	
845	-51.046985	16.948293	
846	-50.380538	16.193832	
847	-49.204058	16.368446	
848	-48.927896	16.387126	
849	-48.342117	16.565550	
850	-48.065804	16.421822	
851	-47.202428	17.040322	
852	-46.810734	16.137794	
853	-46.319082	15.986261	
854	-45.073854	15.207781	
855	-45.142907	15.101565	
856	-44.737627	14.970262	
857	-43.702595	14.739762	
858	-42.520314	13.561089	
859	-41.711580	13.425089	
860	-41.911944	13.527088	
861	-40.783506	12.510812	
862	-39.812662	12.019548	
863	-39.152795	12.025382	
864	-38.668098	11.492299	
865	-37.626662	11.146945	
866	-37.126980	11.284682	
867	-35.510234	12.198027	
868	-35.747824	11.338909	
869	-35.259502	11.502507	
870	-34.117438	10.845834	
871	-33.259830	10.020535	
872	-32.727453	9.205016	
873	-31.931625	8.532618	
874	-30.458134	8.411674	
875	-30.759220	7.976842	
876	-30.801837	7.128865	
877	-29.033495	6.825285	
878	-28.995658	6.348461	
879	-28.620531	6.166877	
880	-28.076353	5.762518	
881	-27.703414	5.456743	
882	-27.782246	5.783500	
883	-27.046136	5.368830	
884	-26.393652	5.213755	
885	-25.653895	5.151963	
886	-25.615080	5.093139	
887	-25.278450	4.887246	
888	-24.637802	4.292323	
889	-23.352806	4.195491	
890	-22.235529	4.173602	
891	-22.537321	3.988036	
892	-22.118619	4.330528	
893	-21.024412	3.544967	
894	-20.916960	3.287127	
895	-20.478098	3.006308	
896	-19.228543	3.130401	
897	-18.949400	1.734906	
898	-18.701912	1.867365	
899	-17.231239	1.470833	
900	-17.247790	0.659610	
901	-16.576928	0.780790	
902	-16.203347	-0.083341	
903	-16.728746	-0.210028	
904	-15.756162	-0.278060	
905	-15.340640	-0.890456	
906	-16.127689	-0.833757	
907	-14.667344	-0.884213	
908	-14.378098	-1.410756	
909	-14.381811	-1.680780	
910	-13.268787	-1.443339	
911	-13.771193	-1.310909	
912	-13.786057	-1.585938	
913	-13.229524	-1.589889	
914	-13.299629	-1.513721	
915	-12.819428	-1.482844	
916	-13.070876	-1.529322	
917	-12.644487	-1.617175	
918	-12.284566	-1.510915	
919	-12.282891	-1.413443	
920	-11.591812	-2.091596	
921	-12.880602	-2.063572	
922	-12.680665	-2.148707	
923	-12.756418	-1.768466	
924	-11.741038	-1.687355	
925	-12.609391	-1.582032	
926	-12.644358	-1.491446	
927	-12.154718	-2.009129	
928	-12.592128	-2.298260	
929	-12.813629	-2.114370	
930	-13.493743	-2.295787	
931	-12.892346	-2.273383	
932	-13.226147	-2.156993	
933	-12.652005	-1.669966	
934	-13.611040	-1.959657	
935	-13.499755	-1.963111	
936	-13.310122	-1.972038	
937	-12.107217	-2.029485	
938	-12.569963	-2.274373	
939	-13.476418	-2.097499	
940	-12.906827	-2.186979	
941	-12.770482	-1.849672	
942	-13.695971	-2.148774	
943	-14.655977	-2.089339	
944	-13.809750	-2.432592	
945	-13.665474	-2.169946	
946	-13.594479	-2.179619	
947	-13.962052	-2.574859	
948	-13.982548	-3.220644	
949	-14.553060	-2.908969	
950	-14.154297	-2.716473	
951	-15.518135	-2.791618	
952	-15.746747	-2.800744	
953	-14.743556	-3.089060	
954	-15.589747	-2.819970	
955	-16.363508	-2.980902	
956	-15.154720	-2.614560	
957	-15.582457	-2.552784	
958	-16.534441	-2.705835	
959	-16.190819	-2.257471	
960	-16.897458	-2.755353	
961	-17.573625	-2.700217	
962	-17.540951	-2.758588	
963	-16.761822	-1.744753	
964	-18.280071	-2.287349	
965	-18.451468	-1.799080	
966	-18.219849	-1.382481	
967	-18.436715	-1.719673	
968	-18.020827	-2.035426	
969	-18.992952	-2.423015	
970	-19.081823	-2.961584	
971	-19.527795	-2.564502	
972	-20.683664	-1.727573	
973	-20.260624	-2.707737	
974	-20.389393	-2.457369	
975	-21.699985	-2.627569	
976	-20.860778	-3.208274	
977	-20.030834	-3.245550	
978	-20.119817	-3.906340	
979	-21.467855	-4.314561	
980	-22.170543	-3.428369	
981	-21.725837	-3.302862	
982	-22.858698	-3.175205	
983	-22.921029	-3.027397	
984	-24.024203	-3.028379	
985	-24.833725	-3.199862	
986	-23.713654	-3.032856	
987	-24.954110	-2.983523	
988	-25.086403	-1.910770	
989	-25.690803	-1.485961	
990	-26.350241	-1.015796	
991	-25.751162	-0.967556	
992	-26.455335	-1.037586	
993	-26.819967	-0.251181	
994	-26.110652	-0.663640	
995	-27.890139	-1.978221	
996	-26.411053	-1.095817	
997	-26.862250	-1.159325	
998	-27.038619	-1.772637	
999	-27.117720	-1.799248	
1000	-27.837347	-1.493218	
1001	-27.223916	0.093250	
1002	-27.649558	-2.141438	
1003	-28.540387	-1.504571	
1004	-27.935180	-1.777630	
1005	-25.828910	-0.247400	
1006	-27.666729	0.293044	
1007	-29.446977	-2.348898	
1008	-29.044439	-1.746265	
1009	-29.699234	-0.906867	
1010	-30.592409	-2.213513	
1011	-28.585243	-1.956313	
1012	-27.989370	-3.034175	
1013	-28.402751	-0.984162	
1014	-29.926097	-1.461117	
1015	-27.676330	-1.683075	
1016	-27.950538	-2.877851	
1017	-29.156606	-1.988456	
1018	-29.367810	-1.696836	
1019	-28.140926	-2.503410	
1020	-28.850652	-1.877448	
1021	-30.009119	-1.746945	
1022	-29.978433	-1.328488	
1023	-29.596006	0.311802	
1024	-30.756628	0.282222	
1025	-29.444386	0.685541	
1026	-30.246433	-0.267717	
1027	-29.834455	0.284679	
1028	-30.728804	0.629963	
1029	-32.209476	0.192015	
1030	-30.792872	0.163253	
1031	-32.529157	-0.027417	
1032	-32.931241	0.081538	
1033	-33.407561	0.642260	
1034	-33.003163	0.767054	
1035	-32.761064	1.697658	
1036	-33.300711	-0.180856	
1037	-31.110000	-2.429573	
1038	-32.726030	0.273099	
1039	-33.989319	1.064551	
1040	-33.249375	0.743716	
1041	-34.193772	1.540443	
1042	-35.544593	2.529151	
1043	-34.370092	0.939040	
1044	-36.159477	0.712472	
1045	-35.797326	3.063041	
1046	-36.039758	1.747015	
1047	-35.980705	1.324312	
1048	-37.636159	-0.190917	
1049	-36.714400	1.002802	
1050	-37.561713	2.386018	
1051	-36.121487	2.582951	
1052	-34.025329	-0.177078	
1053	-35.988402	1.891568	
1054	-36.368546	2.211551	
1055	-39.380795	1.446877	
1056	-37.637394	3.727885	
1057	-35.774446	1.668501	
1058	-38.605318	3.448266	
1059	-37.589953	1.946919	
1060	-36.158591	-0.745183	
1061	-38.961851	1.958012	
1062	-39.674739	1.685851	
1063	-40.069358	1.545021	
1064	-38.794840	1.121970	
1065	-37.446517	1.500006	
1066	-38.077344	1.726350	
1067	-39.562200	1.986059	
1068	-40.813415	3.146319	
1069	-39.733479	0.874879	
1070	-38.101421	-0.447062	
1071	-40.214360	2.017927	
1072	-39.727861	0.750365	
1073	-39.758494	2.024246	
1074	-39.047892	1.875571	
1075	-40.377632	3.198432	
1076	-41.961860	3.843849	
1077	-42.470403	4.804620	
1078	-41.590280	4.689019	
1079	-41.783338	3.967727	
1080	-41.209718	2.959137	
1081	-41.193439	2.645317	
1082	-37.859261	1.096480	
1083	-39.266319	1.984424	
1084	-41.514960	4.867686	
1085	-42.533268	5.545635	
1086	-43.456082	7.051074	
1087	-42.255258	4.565839	
1088	-43.098925	3.591278	
1089	-42.050457	5.691127	
1090	-41.698698	6.294132	
1091	-42.361378	4.051326	
1092	-39.948406	3.522870	
1093	-42.977931	5.196663	
1094	-41.782856	4.715989	
1095	-42.762041	5.876203	
1096	-40.331703	4.864593	
1097	-43.968339	6.437316	
1098	-43.323649	6.280078	
1099	-43.538562	6.277227	
1100	-43.642119	5.825699	
1101	-43.794493	7.491893	
1102	-44.438469	7.592964	
1103	-44.488271	8.513811	
1104	-46.549364	8.324506	
1105	-43.729465	5.369686	
1106	-45.336376	6.585483	
1107	-45.725854	7.697268	
1108	-45.012661	7.532922	
1109	-46.086003	8.409223	
1110	-44.903439	7.744836	
1111	-43.457525	4.036408	
1112	-46.096863	9.679689	
1113	-46.026959	8.251364	
1114	-46.254425	8.407597	
1115	-47.359810	8.202604	
1116	-46.480550	8.019397	
1117	-46.547818	7.124808	
1118	-48.613260	8.705085	
1119	-48.386037	7.511582	
1120	-48.186622	8.496432	
1121	-48.481647	8.829199	
1122	-48.801907	8.180740	
1123	-49.004373	6.817028	
1124	-49.259843	7.578415	
1125	-49.250756	8.761276	
1126	-49.769833	11.659575	
1127	-49.823169	10.391779	
1128	-49.847599	10.180395	
1129	-50.619465	10.025482	
1130	-50.438643	10.647477	
1131	-50.764790	11.456638	
1132	-50.857238	10.301803	
1133	-51.146989	11.592657	
1134	-51.199476	11.894206	
1135	-51.559001	11.415070	
1136	-51.464750	10.844745	
1137	-49.561294	8.816098	
1138	-51.889230	11.930884	
1139	-51.495348	11.182984	
1140	-52.511233	11.986058	
1141	-52.802904	15.424917	
1142	-52.291247	14.918289	
1143	-52.600164	14.589813	
1144	-53.409042	12.150713	
1145	-51.844330	14.576990	
1146	-51.148959	12.297654	
1147	-53.659427	14.236176	
1148	-53.233704	14.737467	
1149	-53.341081	15.847023	
1150	-53.652781	15.283246	
1151	-52.646298	14.047432	
1152	-51.196258	12.887744	
1153	-54.449940	15.145717	
1154	-53.423688	14.421223	
1155	-53.806627	13.424411	
1156	-54.244604	14.339934	
1157	-54.139134	14.378099	
1158	-53.912252	13.101626	
1159	-54.016936	13.562151	
1160	-54.187499	13.113547	
1161	-54.548893	14.171127	
1162	-54.247145	14.461105	
1163	-54.254298	11.894500	
1164	-54.521759	15.654594	
1165	-54.079978	16.048554	
1166	-54.400463	16.921937	
1167	-54.761418	14.794944	
1168	-54.486235	14.854222	
1169	-54.668600	15.798545	
1170	-54.508382	14.758057	
1171	-54.092028	15.212259	
1172	-53.497201	15.171979	
1173	-53.620006	14.645947	
1174	-54.008429	14.159840	
1175	-53.583223	8.640203	
1176	-51.864724	12.512910	
1177	-50.915585	9.529116	
1178	-50.793692	8.312654	
1179	-50.475279	12.164304	
1180	-49.603292	11.253600	
1181	-52.513370	16.981475	
1182	-52.169444	16.537357	
1183	-51.756636	13.889225	
1184	-51.450844	15.989312	
1185	-51.060354	15.693233	
1186	-49.647151	15.042887	
1187	-50.695595	16.711147	
1188	-49.927391	20.076548	
1189	-48.283266	17.393964	
1190	-47.573403	16.378561	
1191	-47.387743	16.802601	
1192	-46.884426	16.984410	
1193	-43.463320	12.180091	
1194	-42.407115	13.372592	
1195	-42.121820	13.089283	
1196	-44.186667	13.865665	
1197	-40.414736	10.286779	
1198	-41.195177	11.070972	
1199	-43.371102	14.539930	
1200	-43.104258	14.391868	
1201	-42.782772	15.059346	
1202	-40.538656	12.001386	
1203	-36.269069	6.957113	
1204	-37.314967	9.743533	
1205	-36.520182	7.229202	
1206	-35.797341	7.705575	
1207	-36.199272	7.939954	
1208	-37.720138	11.224481	
1209	-36.062792	7.958000	
1210	-34.497502	8.844233	
1211	-33.629122	8.471230	
1212	-33.332138	7.412849	
1213	-32.808661	7.314758	
1214	-32.175587	6.340563	
1215	-31.827605	6.026682	
1216	-31.530297	5.188614	
1217	-31.364467	6.452342	
1218	-30.638114	6.119023	
1219	-30.970279	5.757012	
1220	-29.711257	5.605161	
1221	-29.667605	5.342704	
1222	-29.526131	4.630162	
1223	-29.029098	4.717248	
1224	-28.816858	4.295121	
1225	-28.854760	4.274133	
1226	-28.089582	5.020163	
1227	-27.597681	4.097424	
1228	-26.592906	4.428795	
1229	-26.234171	4.572707	
1230	-26.419917	3.761403	
1231	-28.638790	3.980733	
1232	-30.317400	4.612876	
1233	-26.065805	4.553448	
1234	-27.859620	3.023646	
1235	-26.248690	2.418440	
1236	NaN	NaN	
1237	NaN	NaN	
1238	NaN	NaN	
1239	NaN	NaN	
1240	NaN	NaN	
1241	NaN	NaN	
1242	NaN	NaN	
1243	NaN	NaN	
1244	NaN	NaN	
1245	NaN	NaN	
1246	NaN	NaN	
1247	NaN	NaN	
1248	NaN	NaN	
1249	NaN	NaN	
1250	NaN	NaN	
1251	NaN	NaN	
1252	NaN	NaN	
1253	NaN	NaN	
1254	NaN	NaN	
1255	NaN	NaN	
1256	NaN	NaN	
1257	NaN	NaN	
1258	NaN	NaN	
1259	NaN	NaN	
1260	NaN	NaN	
1261	NaN	NaN	
1262	NaN	NaN	
1263	NaN	NaN	
1264	NaN	NaN	
1265	NaN	NaN	
1266	NaN	NaN	
1267	NaN	NaN	
1268	NaN	NaN	
1269	NaN	NaN	
1270	NaN	NaN	
1271	NaN	NaN	
1272	NaN	NaN	
1273	NaN	NaN	
1274	NaN	NaN	
1275	NaN	NaN	
1276	NaN	NaN	
1277	NaN	NaN	
1278	NaN	NaN	
1279	NaN	NaN	
1280	NaN	NaN	
1281	NaN	NaN	
1282	NaN	NaN	
1283	NaN	NaN	
1284	NaN	NaN	
1285	NaN	NaN	
1286	NaN	NaN	
1287	NaN	NaN	
1288	NaN	NaN	
1289	NaN	NaN	
1290	NaN	NaN	
1291	NaN	NaN	
1292	NaN	NaN	
1293	NaN	NaN	
1294	NaN	NaN	
1295	NaN	NaN	
1296	NaN	NaN	
1297	NaN	NaN	
1298	NaN	NaN	
1299	NaN	NaN	
1300	NaN	NaN	
1301	NaN	NaN	
1302	NaN	NaN	
1303	NaN	NaN	
1304	NaN	NaN	
1305	NaN	NaN	
1306	NaN	NaN	
1307	NaN	NaN	
1308	NaN	NaN	
1309	NaN	NaN	
1310	NaN	NaN	
1311	NaN	NaN	
1312	NaN	NaN	
1313	NaN	NaN	
1314	NaN	NaN	
1315	NaN	NaN	
1316	NaN	NaN	
1317	NaN	NaN	
1318	NaN	NaN	
1319	NaN	NaN	
1320	NaN	NaN	
1321	NaN	NaN	
1322	NaN	NaN	
1323	NaN	NaN	
1324	NaN	NaN	
1325	NaN	NaN	
1326	NaN	NaN	
1327	NaN	NaN	
1328	NaN	NaN	
1329	NaN	NaN	
1330	NaN	NaN	
1331	NaN	NaN	
1332	NaN	NaN	
1333	NaN	NaN	
1334	NaN	NaN	
1335	NaN	NaN	
1336	NaN	NaN	
1337	NaN	NaN	
1338	NaN	NaN	
1339	NaN	NaN	
1340	NaN	NaN	
1341	NaN	NaN	
1342	NaN	NaN	
1343	NaN	NaN	
1344	NaN	NaN	
1345	NaN	NaN	
1346	NaN	NaN	
1347	NaN	NaN	
1348	NaN	NaN	
1349	NaN	NaN	
1350	NaN	NaN	
1351	NaN	NaN	
1352	NaN	NaN	
1353	NaN	NaN	
1354	NaN	NaN	
1355	NaN	NaN	
1356	NaN	NaN	
1357	NaN	NaN	
1358	NaN	NaN	
1359	NaN	NaN	
1360	NaN	NaN	
1361	NaN	NaN	
1362	NaN	NaN	
1363	NaN	NaN	
1364	NaN	NaN	
1365	NaN	NaN	
1366	NaN	NaN	
1367	NaN	NaN	
1368	NaN	NaN	
1369	NaN	NaN	
1370	NaN	NaN	
1371	NaN	NaN	
1372	NaN	NaN	
1373	NaN	NaN	
1374	NaN	NaN	
1375	NaN	NaN	
1376	NaN	NaN	
1377	NaN	NaN	
1378	NaN	NaN	
1379	NaN	NaN	
1380	NaN	NaN	
1381	NaN	NaN	
1382	NaN	NaN	
1383	NaN	NaN	
1384	NaN	NaN	
1385	NaN	NaN	
1386	NaN	NaN	
1387	NaN	NaN	
1388	NaN	NaN	
1389	NaN	NaN	
1390	NaN	NaN	
1391	NaN	NaN	
1392	NaN	NaN	
1393	NaN	NaN	
1394	NaN	NaN	
1395	NaN	NaN	
1396	NaN	NaN	
1397	NaN	NaN	
1398	NaN	NaN	
1399	NaN	NaN	
1400	NaN	NaN	
1401	NaN	NaN	
1402	NaN	NaN	
1403	NaN	NaN	
1404	NaN	NaN	
1405	NaN	NaN	
1406	NaN	NaN	
1407	NaN	NaN	
1408	NaN	NaN	
1409	NaN	NaN	
1410	NaN	NaN	
1411	NaN	NaN	
1412	NaN	NaN	
1413	NaN	NaN	
1414	NaN	NaN	
1415	NaN	NaN	
1416	NaN	NaN	
1417	NaN	NaN	
1418	NaN	NaN	
1419	NaN	NaN	
1420	NaN	NaN	
1421	NaN	NaN	
1422	NaN	NaN	
1423	NaN	NaN	
1424	NaN	NaN	
1425	NaN	NaN	
1426	NaN	NaN	
1427	NaN	NaN	
1428	NaN	NaN	
1429	NaN	NaN	
1430	NaN	NaN	
1431	NaN	NaN	
1432	NaN	NaN	
1433	NaN	NaN	
1434	NaN	NaN	
1435	NaN	NaN	
1436	NaN	NaN	
1437	NaN	NaN	
1438	NaN	NaN	
1439	NaN	NaN	
1440	NaN	NaN	
1441	NaN	NaN	
1442	NaN	NaN	
1443	NaN	NaN	
1444	NaN	NaN	
1445	NaN	NaN	
1446	NaN	NaN	
1447	NaN	NaN	
1448	NaN	NaN	
1449	NaN	NaN	
1450	NaN	NaN	
1451	NaN	NaN	
1452	NaN	NaN	
1453	NaN	NaN	
1454	NaN	NaN	
1455	NaN	NaN	
1456	NaN	NaN	
1457	NaN	NaN	
1458	NaN	NaN	
1459	NaN	NaN	
1460	NaN	NaN	
1461	NaN	NaN	
1462	NaN	NaN	
1463	NaN	NaN	
1464	NaN	NaN	
1465	NaN	NaN	
1466	NaN	NaN	
1467	NaN	NaN	
1468	NaN	NaN	
1469	NaN	NaN	
1470	NaN	NaN	
1471	NaN	NaN	
1472	NaN	NaN	
1473	NaN	NaN	
1474	NaN	NaN	
1475	NaN	NaN	
1476	NaN	NaN	
1477	NaN	NaN	
1478	NaN	NaN	
1479	NaN	NaN	
1480	NaN	NaN	
1481	NaN	NaN	
1482	NaN	NaN	
1483	NaN	NaN	
1484	NaN	NaN	
1485	NaN	NaN	
1486	NaN	NaN	
1487	NaN	NaN	
1488	NaN	NaN	
1489	NaN	NaN	
1490	NaN	NaN	
1491	NaN	NaN	
1492	NaN	NaN	
1493	NaN	NaN	
1494	NaN	NaN	
1495	NaN	NaN	
1496	NaN	NaN	
1497	NaN	NaN	
1498	NaN	NaN	
1499	NaN	NaN	
1500	NaN	NaN	
1501	NaN	NaN	
1502	NaN	NaN	
1503	NaN	NaN	
1504	NaN	NaN	
1505	NaN	NaN	
1506	NaN	NaN	
1507	NaN	NaN	
1508	NaN	NaN	
1509	NaN	NaN	
1510	NaN	NaN	
1511	NaN	NaN	
1512	NaN	NaN	
1513	NaN	NaN	
1514	NaN	NaN	
1515	NaN	NaN	
1516	NaN	NaN	
1517	NaN	NaN	
1518	NaN	NaN	
1519	NaN	NaN	
1520	NaN	NaN	
1521	NaN	NaN	
1522	NaN	NaN	
1523	NaN	NaN	
1524	NaN	NaN	
1525	NaN	NaN	
1526	NaN	NaN	
1527	NaN	NaN	
1528	NaN	NaN	
1529	NaN	NaN	
1530	NaN	NaN	
1531	NaN	NaN	
1532	NaN	NaN	
1533	NaN	NaN	
1534	NaN	NaN	
1535	NaN	NaN	
1536	NaN	NaN	
1537	NaN	NaN	
1538	NaN	NaN	
1539	NaN	NaN	
1540	NaN	NaN	
1541	NaN	NaN	
1542	NaN	NaN	
