Athlete_Engineering	// User ID
11-2-2021	// Evaluation date
P009_WALK1	27-1-2021	15:22:09:849	// Source file name and timestamp
250.000	// Sampling rate
6.083	// Data capture period



Sample #	Right_Leg_Flexion	Right_Leg_Abduction	
0	-45.087279	14.922195	
1	-44.751557	14.610027	
2	-44.782323	14.678087	
3	-46.406041	15.138858	
4	-46.536174	15.452969	
5	-45.530107	14.790782	
6	-44.155478	14.293916	
7	-45.780148	13.996453	
8	-45.349273	13.857478	
9	-43.146588	13.197700	
10	-44.045010	13.737381	
11	-45.657271	13.806476	
12	-44.713172	13.717612	
13	-43.696608	14.004357	
14	-41.572971	12.725616	
15	-43.605743	12.398845	
16	-41.340678	11.793292	
17	-41.863167	12.194244	
18	-43.896496	11.553685	
19	-42.532355	11.207507	
20	-41.131719	10.366351	
21	-41.531561	11.144425	
22	-38.172633	10.297847	
23	-40.157766	10.904076	
24	-41.123519	11.470484	
25	-40.781962	11.036931	
26	-40.199278	10.067885	
27	-37.682515	9.450354	
28	-36.732906	9.115375	
29	-39.733321	9.572825	
30	-37.092748	8.592559	
31	-37.572868	9.038612	
32	-38.547148	9.324363	
33	-38.106557	9.207952	
34	-37.659911	8.965382	
35	-35.183243	8.312252	
36	-34.630512	9.000242	
37	-34.962187	8.277398	
38	-36.030088	8.493754	
39	-35.540586	7.804017	
40	-34.404242	7.563651	
41	-32.205702	7.023063	
42	-32.640927	6.928200	
43	-31.802251	6.862170	
44	-29.913913	7.052660	
45	-30.630376	8.406420	
46	-32.141448	9.638085	
47	-31.529187	10.355056	
48	-31.972815	5.090213	
49	-31.107102	5.049241	
50	-28.454887	4.165366	
51	-28.516682	4.536452	
52	-27.581685	3.866483	
53	-27.149960	3.568084	
54	-27.089077	3.466886	
55	-28.182185	3.882660	
56	-26.393945	5.148881	
57	-26.322300	5.293344	
58	-25.133759	4.775686	
59	-23.336793	3.792761	
60	-24.021123	5.075166	
61	-23.222619	4.740329	
62	-23.575040	5.093746	
63	-23.958133	4.642805	
64	-25.178983	4.347296	
65	-22.928232	3.584563	
66	-23.982119	4.086862	
67	-23.431515	3.871756	
68	-22.778897	3.357849	
69	-20.426988	2.537213	
70	-21.259392	2.881425	
71	-21.656950	3.329844	
72	-18.490580	2.912071	
73	-19.336247	1.307177	
74	-19.759412	1.606354	
75	-18.170601	0.509104	
76	-19.061730	1.246259	
77	-18.070992	0.514897	
78	-17.559927	-0.242660	
79	-17.141758	-0.095702	
80	-16.944056	0.278848	
81	-15.219247	0.419519	
82	-14.069041	1.271554	
83	-12.543404	0.412018	
84	-14.407796	1.142935	
85	-14.374963	-0.267642	
86	-14.005729	-0.161978	
87	-13.235619	0.720389	
88	-12.032131	1.268929	
89	-11.717370	0.533043	
90	-10.013764	0.206238	
91	-11.028103	-0.454069	
92	-11.269388	-0.466430	
93	-10.658778	-0.054518	
94	-10.280412	0.225137	
95	-8.936509	-0.013408	
96	-10.454563	0.626008	
97	-9.721651	0.003700	
98	-9.122610	0.583555	
99	-8.018412	0.271896	
100	-8.150743	-0.116529	
101	-7.841400	0.567313	
102	-9.032062	-1.373037	
103	-9.462215	-2.269101	
104	-6.748140	-3.041100	
105	-7.630103	-3.254374	
106	-9.469788	-3.032867	
107	-8.869614	-3.249825	
108	-8.804167	-4.004068	
109	-8.711586	-3.198776	
110	-7.016575	-3.785041	
111	-6.236723	-3.685194	
112	-7.600133	-3.823688	
113	-8.399699	-3.540068	
114	-7.185256	-3.989648	
115	-6.860490	-3.713613	
116	-7.312444	-3.251324	
117	-6.735665	-4.035132	
118	-6.879437	-4.601539	
119	-5.348402	-3.369981	
120	-4.605714	-2.814491	
121	-6.928524	-3.260633	
122	-5.954642	-4.616433	
123	-6.548544	-4.849765	
124	-6.629779	-3.898045	
125	-6.277065	-4.523956	
126	-5.572628	-3.579066	
127	-5.603191	-4.054711	
128	-5.710565	-5.214616	
129	-6.403155	-5.757694	
130	-5.522704	-4.235154	
131	-4.821900	-3.500277	
132	-5.556769	-4.883548	
133	-5.066740	-4.427737	
134	-5.370738	-4.254047	
135	-5.556827	-4.835934	
136	-6.079341	-5.165272	
137	-6.035704	-5.117734	
138	-5.417871	-5.187736	
139	-4.247228	-4.292858	
140	-6.015412	-5.005142	
141	-6.173067	-5.271560	
142	-6.665138	-5.537446	
143	-6.003137	-5.371160	
144	-5.272072	-4.758562	
145	-4.977907	-3.969505	
146	-6.547786	-5.080265	
147	-6.778041	-5.074599	
148	-7.280949	-5.462941	
149	-6.901062	-4.492025	
150	-7.515251	-4.148989	
151	-7.707366	-4.618828	
152	-7.086274	-4.097790	
153	-6.069262	-3.558981	
154	-8.187096	-4.798869	
155	-8.213799	-4.370390	
156	-7.978198	-3.742514	
157	-8.959081	-4.355520	
158	-7.928655	-3.840136	
159	-7.553389	-2.470241	
160	-10.719749	-2.674682	
161	-6.363348	-2.516992	
162	-10.264018	-4.341783	
163	-9.443851	-3.507403	
164	-9.298507	-3.579284	
165	-9.767084	-3.414556	
166	-10.819484	-4.020090	
167	-10.040477	-3.031277	
168	-9.537396	-3.071317	
169	-10.768915	-3.035157	
170	-11.183214	-2.942756	
171	-11.147399	-3.061823	
172	-10.553440	-2.278413	
173	-9.416246	-1.448106	
174	-10.017981	-1.350395	
175	-9.794406	-0.871809	
176	-10.313714	-0.511189	
177	-10.633279	-0.804371	
178	-12.854614	-1.852316	
179	-13.039042	-1.752595	
180	-13.074632	-0.929211	
181	-13.327834	-1.046066	
182	-13.680425	-1.253264	
183	-14.124459	-1.968868	
184	-14.411963	-1.874689	
185	-14.892073	-2.013915	
186	-14.469153	-1.809285	
187	-13.288764	-0.576591	
188	-14.385875	-0.798862	
189	-14.681666	0.165822	
190	-16.268736	-1.011589	
191	-16.496016	-1.026348	
192	-17.487952	-1.190422	
193	-17.542630	-0.931960	
194	-17.594607	-0.856538	
195	-15.773085	-0.759389	
196	-14.543120	0.102964	
197	-15.316719	0.114095	
198	-14.418800	0.656045	
199	-14.392977	0.724481	
200	-16.655546	-0.498501	
201	-16.626773	0.259331	
202	-16.540607	-0.094081	
203	-17.322657	-0.479180	
204	-17.800172	-0.628989	
205	-18.523379	-0.445787	
206	-17.945573	-0.125806	
207	-18.429741	-0.506389	
208	-19.177717	-0.483086	
209	-19.066677	-0.362658	
210	-19.716848	-0.347680	
211	-20.026795	-0.663628	
212	-19.371896	-0.115153	
213	-20.515762	-0.750805	
214	-20.732294	-0.834295	
215	-20.910165	-0.132215	
216	-21.741999	-0.417111	
217	-22.224147	-0.679927	
218	-20.918655	-0.550633	
219	-21.628769	0.237732	
220	-20.086955	0.576953	
221	-21.756471	-0.873744	
222	-21.188547	0.371263	
223	-20.177918	0.013502	
224	-21.233192	-0.335400	
225	-21.521255	-0.622039	
226	-26.700562	-1.106578	
227	-26.066542	-1.499513	
228	-25.630364	-1.105996	
229	-24.008434	-0.906015	
230	-26.531220	-2.063964	
231	-25.266587	-1.431975	
232	-24.301428	-0.746972	
233	-27.079329	-1.567395	
234	-26.907190	-1.251141	
235	-25.753891	-1.641894	
236	-25.122577	-1.390027	
237	-24.957172	-2.002276	
238	-25.091825	-1.842112	
239	-28.079096	-2.260256	
240	-26.127914	-1.477905	
241	-28.585977	-1.441286	
242	-28.368683	-1.208514	
243	-27.775038	-1.054267	
244	-26.998938	-0.709046	
245	-29.270461	-1.629370	
246	-28.995740	-0.767543	
247	-29.731663	-1.104881	
248	-29.687051	-1.033460	
249	-29.441119	-0.071007	
250	-30.405743	-0.258277	
251	-30.348575	-0.387822	
252	-30.303784	-0.266423	
253	-30.593470	-0.697307	
254	-32.837520	-0.597931	
255	-35.120459	-0.295879	
256	-31.155611	-0.552037	
257	-32.473255	0.158399	
258	-32.304807	0.085712	
259	-32.679273	0.396614	
260	-32.980415	0.089430	
261	-32.893625	-0.126790	
262	-32.035236	-0.313585	
263	-32.499782	0.118450	
264	-32.889908	-0.353407	
265	-32.629421	-0.271166	
266	-31.205670	0.092302	
267	-25.397189	0.948354	
268	-29.422844	0.507960	
269	-32.724434	0.124935	
270	-24.302811	0.318269	
271	-27.553231	0.115412	
272	-27.522888	0.656001	
273	-28.598510	0.707281	
274	-34.721686	1.818534	
275	-34.645813	1.385126	
276	-32.998352	1.806313	
277	-29.284239	1.562677	
278	-33.490596	1.976084	
279	-26.235541	2.107301	
280	-28.361583	1.477316	
281	-25.748095	2.281493	
282	-28.207060	2.153906	
283	-29.425349	2.069577	
284	-26.887451	2.714982	
285	-26.495008	3.201928	
286	-27.164096	2.775692	
287	-26.846501	2.733486	
288	-27.293443	2.420204	
289	-26.172776	2.931459	
290	-30.175458	2.561149	
291	-32.314601	2.283948	
292	-28.116085	2.359203	
293	-30.194788	2.719883	
294	-27.404190	3.259411	
295	-29.047833	2.887328	
296	-35.881910	3.274094	
297	-34.875949	3.728352	
298	-34.009229	3.842270	
299	-29.262678	4.045016	
300	-36.329356	4.391448	
301	-27.268739	4.548655	
302	-31.627671	4.285001	
303	-36.684509	4.772681	
304	-35.896739	4.821896	
305	-32.009993	4.688944	
306	-32.533464	4.314294	
307	-35.872679	4.628862	
308	-37.854864	4.532998	
309	-35.407768	4.078558	
310	-35.432189	4.380712	
311	-37.611061	5.260804	
312	-37.081777	4.437486	
313	-38.223216	4.599593	
314	-39.131314	4.529023	
315	-35.888820	4.274532	
316	-36.609522	3.731269	
317	-36.255432	4.204398	
318	-36.718535	4.647155	
319	-37.372057	4.879973	
320	-35.818986	5.678553	
321	-36.410090	5.580549	
322	-36.584555	6.701726	
323	-37.896693	6.562695	
324	-36.908587	5.843478	
325	-38.106411	6.282252	
326	-36.955012	5.906407	
327	-38.479568	6.290805	
328	-36.456636	5.737045	
329	-37.987336	7.780297	
330	-38.040013	8.796679	
331	-37.438349	10.104362	
332	-38.472935	9.784335	
333	-37.613255	7.604204	
334	-39.067978	7.346826	
335	-38.128739	7.435404	
336	-39.108940	8.497583	
337	-37.223371	8.499502	
338	-37.834368	8.505818	
339	-39.709618	9.727128	
340	-38.428129	10.222105	
341	-39.867040	8.502147	
342	-39.850675	8.651704	
343	-39.328053	8.759601	
344	-40.454456	9.645984	
345	-38.600281	9.126406	
346	-41.296346	8.971558	
347	-40.695815	9.752672	
348	-39.241985	11.486814	
349	-40.002344	8.752611	
350	-41.590718	10.035091	
351	-39.745708	8.841120	
352	-40.652491	9.809753	
353	-41.933614	9.961866	
354	-42.710642	11.005351	
355	-42.789096	10.491731	
356	-42.120019	10.512338	
357	-41.563237	10.050418	
358	-42.622663	10.751819	
359	-41.716472	9.997713	
360	-42.401923	10.211100	
361	-43.350959	10.846640	
362	-42.276275	9.910134	
363	-42.269277	10.329835	
364	-45.338123	11.249679	
365	-43.847653	10.841554	
366	-42.538587	10.535916	
367	-45.860872	11.649217	
368	-44.494236	10.850259	
369	-44.173714	11.258971	
370	-46.407255	11.780534	
371	-45.947002	12.415849	
372	-45.217244	12.005069	
373	-44.485749	11.354115	
374	-48.440297	12.770074	
375	-50.984460	12.684459	
376	-44.406444	11.749357	
377	-44.752717	11.465243	
378	-48.211618	13.069154	
379	-44.211148	10.972596	
380	-44.752146	11.563439	
381	-48.361849	14.291283	
382	-47.439997	13.174114	
383	-47.073548	12.843739	
384	-47.514933	13.877333	
385	-45.415301	12.387707	
386	-49.504477	14.254837	
387	-50.601983	13.571080	
388	-47.131883	12.678367	
389	-49.735275	14.813573	
390	-48.549674	14.236943	
391	-50.625357	15.154651	
392	-49.612083	15.739319	
393	-49.656700	15.731664	
394	-49.755971	15.456757	
395	-50.270923	15.711652	
396	-49.720467	15.279184	
397	-47.819698	13.865480	
398	-50.563031	15.718271	
399	-51.551983	16.416021	
400	-50.803352	16.180937	
401	-48.034921	14.147403	
402	-47.827689	14.275762	
403	-49.126504	14.423038	
404	-49.350194	14.776069	
405	-50.507742	15.488349	
406	-50.781474	16.136632	
407	-52.402840	17.761999	
408	-52.471295	16.588471	
409	-49.936177	15.029231	
410	-51.281830	16.166251	
411	-49.114103	14.105218	
412	-45.144974	13.416075	
413	-50.416371	17.292137	
414	-53.212099	17.855013	
415	-52.538011	17.288298	
416	-52.231039	17.256829	
417	-52.236781	17.543285	
418	-51.152115	16.645218	
419	-49.702340	15.699308	
420	-53.228245	19.361794	
421	-51.416021	17.327151	
422	-49.238401	16.411556	
423	-48.494947	15.710960	
424	-46.498735	14.887378	
425	-48.867947	16.632132	
426	-47.720131	15.613995	
427	-47.586035	16.132511	
428	-46.160063	15.405617	
429	-43.850127	14.065974	
430	-46.098762	14.722799	
431	-44.303426	14.220079	
432	-43.865939	13.769678	
433	-45.389743	15.234796	
434	-44.918580	14.650230	
435	-42.852503	13.278822	
436	-43.509885	14.233987	
437	-42.707945	13.338930	
438	-43.088058	13.523661	
439	-40.608784	12.141838	
440	-42.322055	13.186899	
441	-40.829425	11.347106	
442	-41.192558	11.754723	
443	-40.705437	11.189299	
444	-36.515928	9.086044	
445	-37.858246	9.716316	
446	-38.766508	10.016733	
447	-36.167098	9.631947	
448	-34.640945	9.347971	
449	-33.168112	8.558952	
450	-36.770512	8.741492	
451	-29.141368	8.457302	
452	-34.318651	8.459627	
453	-29.549953	8.716103	
454	-26.175684	8.171122	
455	-32.119138	6.769633	
456	-25.469335	8.475139	
457	-24.965306	7.114442	
458	-31.166387	5.725589	
459	-31.647135	5.338636	
460	-28.170311	4.869743	
461	-23.908189	5.708587	
462	-24.966878	5.236453	
463	-21.669087	7.152835	
464	-28.185582	3.751207	
465	-23.664812	4.131816	
466	-26.691827	5.512480	
467	-23.712391	4.996720	
468	-19.175212	3.202171	
469	-24.977650	1.868394	
470	-24.068593	1.214144	
471	-20.775753	1.810201	
472	-21.065657	1.571868	
473	-16.931315	2.366293	
474	-17.091721	2.846246	
475	-20.076265	0.748359	
476	-18.674307	0.613995	
477	-13.531767	2.463602	
478	-18.462325	0.325877	
479	-18.089614	0.281430	
480	-12.982566	1.754298	
481	-13.124463	1.166985	
482	-12.065775	2.578867	
483	-9.535887	2.391745	
484	-9.962953	1.552902	
485	-15.237563	-1.082027	
486	-6.085571	2.882648	
487	-10.235024	0.617271	
488	-9.815715	0.465048	
489	-6.024619	0.638717	
490	-6.718830	1.814848	
491	-6.508954	0.399738	
492	-3.505535	1.399367	
493	-5.818564	0.340950	
494	-12.313887	-3.816209	
495	-11.584200	-2.530108	
496	-7.215760	-1.131078	
497	-11.477910	-4.741544	
498	-2.625312	0.630165	
499	-5.094446	-0.671392	
500	-2.794609	0.178615	
501	-3.096806	0.141577	
502	-6.131422	-1.976078	
503	-8.135259	-2.528000	
504	-5.376440	-1.394622	
505	-10.768547	-4.818772	
506	-8.846476	-4.232943	
507	-5.707537	-1.607297	
508	-3.434906	-1.582811	
509	-1.846409	-0.848657	
510	-4.665642	-1.614888	
511	-8.187423	-4.248329	
512	-2.639002	-0.177802	
513	-5.226075	-1.894955	
514	-2.713863	-1.280164	
515	-3.751850	-1.399732	
516	-5.396538	-1.941145	
517	-6.076893	-2.543082	
518	-11.194498	-3.575194	
519	-5.603306	-1.325769	
520	-3.973763	-0.533860	
521	-5.344959	-1.117110	
522	-8.380151	-2.000057	
523	-6.893659	-1.754104	
524	-4.701762	-0.418325	
525	-6.614077	-1.026999	
526	-9.311025	-2.806749	
527	-8.052650	-1.632367	
528	-9.362167	-2.430578	
529	-11.247265	-3.120336	
530	-9.586464	-2.385554	
531	-8.399992	-1.612295	
532	-6.913568	-0.532559	
533	-7.723198	-0.715910	
534	-12.325391	-2.675246	
535	-12.773494	-3.199620	
536	-6.755167	0.330600	
537	-7.477606	0.132787	
538	-7.469342	-0.287152	
539	-8.105372	-0.483274	
540	-8.933079	-0.895161	
541	-12.037631	-2.547283	
542	-13.058505	-2.826573	
543	-12.098002	-1.816161	
544	-12.031973	-1.917030	
545	-12.734316	-2.984056	
546	-12.126763	-2.039250	
547	-8.497671	-0.075665	
548	-9.535124	-0.712249	
549	-11.828238	-1.431918	
550	-15.978446	-2.912409	
551	-9.600797	0.356146	
552	-11.137364	0.225852	
553	-12.112911	-0.306694	
554	-15.688355	-1.961358	
555	-17.385819	-2.906899	
556	-17.000302	-2.193010	
557	-14.615525	-1.010067	
558	-11.924986	0.099170	
559	-12.179842	0.354903	
560	-13.078624	-0.442942	
561	-12.998875	-0.068257	
562	-19.199512	-2.902745	
563	-24.391497	-4.333161	
564	-16.284440	-0.587938	
565	-17.315838	-0.730805	
566	-16.312488	0.200598	
567	-19.233691	-0.960466	
568	-16.484914	0.165414	
569	-20.352075	-0.758454	
570	-19.136164	-0.860069	
571	-18.221262	-0.824130	
572	-18.284003	-0.415737	
573	-17.361616	0.136975	
574	-19.466661	-0.587173	
575	-18.527802	-0.474017	
576	-17.211856	0.163496	
577	-23.081555	-2.374398	
578	-19.017309	-0.441817	
579	-16.781624	-0.524023	
580	-19.806363	-1.457057	
581	-18.144737	-0.334301	
582	-21.534787	-2.474884	
583	-27.443026	-4.756075	
584	-18.426686	-0.888748	
585	-21.534604	-2.038318	
586	-16.408880	0.535542	
587	-21.049263	-1.177079	
588	-20.922416	-1.077761	
589	-19.918403	-0.546215	
590	-23.774350	-1.674362	
591	-30.935192	-3.149843	
592	-24.748505	-0.795115	
593	-23.895803	-0.713714	
594	-22.835804	-0.607596	
595	-20.859519	0.572989	
596	-22.813218	0.385381	
597	-24.816917	0.611979	
598	-24.454930	-0.056681	
599	-20.396628	2.393174	
600	-22.639507	4.094209	
601	-25.554164	6.937109	
602	-25.843220	5.900159	
603	-21.445278	3.746218	
604	-21.986537	2.640893	
605	-30.813660	2.164507	
606	-28.429006	5.155083	
607	-25.499451	6.869647	
608	-24.959588	3.822363	
609	-29.152865	2.453969	
610	-27.287394	2.020783	
611	-26.471379	3.328278	
612	-28.758404	3.688356	
613	-27.295682	3.340983	
614	-34.416893	0.785045	
615	-26.016291	2.027525	
616	-39.409574	-1.506318	
617	-27.877255	0.784295	
618	-29.037683	0.547649	
619	-32.106139	1.167288	
620	-29.324574	-0.438813	
621	-24.003350	-1.239588	
622	-31.030281	-0.368710	
623	-27.528963	1.408347	
624	-28.298729	1.660406	
625	-27.647803	-0.946965	
626	-26.499397	2.223961	
627	-29.312496	-0.275402	
628	-43.290202	-0.135475	
629	-28.945434	3.075723	
630	-35.404769	0.577259	
631	-42.657609	2.260502	
632	-32.090563	9.323229	
633	-35.441616	5.870725	
634	-29.813739	2.127119	
635	-31.025941	3.238629	
636	-36.182831	9.367662	
637	-29.898255	7.716273	
638	-32.071052	2.321727	
639	-30.089221	3.461489	
640	-35.355725	3.703959	
641	-32.948400	3.346147	
642	-31.258093	4.551637	
643	-38.619124	8.340934	
644	-35.008877	3.080236	
645	-39.602503	4.171525	
646	-40.117319	5.358589	
647	-39.881681	5.688989	
648	-40.881519	5.867884	
649	-36.540033	5.126576	
650	-35.425845	5.340879	
651	-41.450561	6.595035	
652	-41.352192	6.055521	
653	-39.916312	5.788833	
654	-38.861981	4.468491	
655	-34.301334	2.498485	
656	-42.331339	4.412221	
657	-37.137252	5.240500	
658	-40.139975	7.351883	
659	-42.258016	6.639286	
660	-39.732301	6.523449	
661	-43.526128	6.576498	
662	-44.611065	7.099462	
663	-43.187640	7.332920	
664	-44.543639	7.828390	
665	-42.958610	8.132245	
666	-41.789786	7.334955	
667	-46.376502	9.805107	
668	-43.904183	9.777834	
669	-45.118182	9.214312	
670	-45.125897	8.900777	
671	-44.074729	9.016383	
672	-47.087906	10.995050	
673	-45.538352	10.169189	
674	-45.309228	11.009190	
675	-42.017751	10.277680	
676	-46.672545	10.324310	
677	-46.783742	10.482895	
678	-41.835850	9.562793	
679	-40.991265	9.245940	
680	-43.639375	9.286062	
681	-43.331378	10.751041	
682	-44.033779	10.457932	
683	-45.683830	10.970593	
684	-44.366549	11.394794	
685	-40.015179	11.378281	
686	-45.522387	8.001660	
687	-45.472362	2.880738	
688	-45.579492	12.527206	
689	-46.627254	10.493390	
690	-41.647026	9.291522	
691	-40.531291	9.512445	
692	-43.584618	10.231125	
693	-38.595695	9.800432	
694	-45.228779	10.761652	
695	-43.766610	10.465160	
696	-42.629642	9.147905	
697	-31.767457	5.831991	
698	-45.261076	9.772739	
699	-41.422507	8.774137	
700	-43.470940	10.143986	
701	-42.119801	13.009347	
702	-41.437744	12.852654	
703	-51.088160	11.957792	
704	-50.798250	15.371506	
705	-42.788750	10.272768	
706	-45.589921	10.168421	
707	-40.568768	10.792563	
708	-46.611357	13.393371	
709	-49.640807	12.463165	
710	-44.110780	9.858352	
711	-45.087535	15.561088	
712	-43.526145	16.715629	
713	-32.713091	-41.464054	
714	-36.750932	-15.668556	
715	-34.058772	-14.593123	
716	-38.535092	-47.243674	
717	-34.886407	-17.849242	
718	-22.215568	-38.685057	
719	-35.468023	-5.644434	
720	-52.276211	-21.187519	
721	-50.477096	11.278488	
722	-47.259943	3.236714	
723	-44.519788	14.573954	
724	-48.644529	12.964733	
725	-46.315132	10.213657	
726	-49.859051	11.048057	
727	-45.731129	9.673625	
728	-46.523873	11.259796	
729	-50.415602	10.880663	
730	-46.966616	11.498960	
731	-45.652303	11.977209	
732	-42.343458	8.488259	
733	-54.304856	-10.798845	
734	-54.036385	-11.391386	
735	-50.667209	3.969157	
736	-46.065251	10.447454	
737	-44.196013	9.139436	
738	-47.631111	9.143697	
739	-45.492755	10.703179	
740	-44.657078	8.570378	
741	-49.948876	3.778931	
742	-50.165774	15.146196	
743	-48.243520	12.224109	
744	-51.485876	14.125272	
745	-47.784193	14.078520	
746	-53.345591	16.009784	
747	-43.979221	12.136029	
748	-46.859230	12.323388	
749	-47.898991	12.357619	
750	-43.618159	11.069281	
751	-43.810779	11.313241	
752	-42.336888	10.643557	
753	-50.847813	14.963148	
754	-49.023827	12.775983	
755	-48.435647	13.395873	
756	-48.881929	13.155255	
757	-47.472724	13.521345	
758	-47.341098	15.252621	
759	-47.475028	13.532085	
760	-46.759743	13.258629	
761	-45.299649	14.403424	
762	-45.045635	14.271969	
763	-44.786049	14.325956	
764	-44.077602	16.724014	
765	-43.458235	12.273586	
766	-42.794006	12.041883	
767	-41.421414	12.616837	
768	-40.864527	11.717015	
769	-40.891486	11.498871	
770	-39.548517	11.303405	
771	-38.727600	11.149613	
772	-38.848572	11.306621	
773	-36.668779	10.910072	
774	-34.563986	9.293678	
775	-36.253488	9.738306	
776	-32.751767	9.813000	
777	-36.035775	9.702927	
778	-33.710906	9.054353	
779	-33.225967	8.583970	
780	-33.089196	7.579847	
781	-31.754961	7.924909	
782	-32.047944	7.754175	
783	-31.536265	8.255540	
784	-28.318152	7.885709	
785	-28.500115	7.149949	
786	-29.782534	7.663208	
787	-28.258368	7.014457	
788	-27.237389	6.235669	
789	-26.566808	4.413655	
790	-25.658714	6.375168	
791	-23.134506	8.385854	
792	-26.274940	6.255122	
793	-27.561059	6.949134	
794	-25.367639	5.543020	
795	-23.965189	5.149135	
796	-22.095613	4.384936	
797	-22.190072	5.137036	
798	-18.914128	5.667992	
799	-22.280343	5.165151	
800	-21.046384	5.455309	
801	-22.644807	5.432012	
802	-21.340980	5.545128	
803	-20.455799	4.706781	
804	-19.681341	4.685718	
805	-18.650713	3.643900	
806	-18.844044	4.072045	
807	-18.746478	2.907828	
808	-13.970815	2.477725	
809	-14.786366	3.437151	
810	-14.483080	3.425782	
811	-13.284405	2.724686	
812	-6.169672	5.015355	
813	-13.375809	2.179854	
814	-13.083938	2.444645	
815	-12.486163	1.841045	
816	-12.759229	1.166756	
817	-10.596193	1.122231	
818	-11.571922	1.980941	
819	-10.192341	3.868843	
820	-10.737798	-0.080514	
821	-11.566331	-0.662323	
822	-10.461834	1.229700	
823	-9.746168	1.010364	
824	-9.092278	0.225968	
825	-10.334440	0.117601	
826	-11.939018	0.849197	
827	-9.483527	-1.474336	
828	-11.487060	-0.505541	
829	-11.377576	1.037286	
830	-8.569441	-1.001498	
831	-10.255960	-1.215687	
832	-8.969920	-0.434588	
833	-11.653558	0.334638	
834	-10.064655	-1.319568	
835	-7.535232	-0.349233	
836	-7.894199	-0.642126	
837	-10.010261	-1.348005	
838	-10.330873	-1.349982	
839	-9.985032	-0.942229	
840	-8.641536	-0.946450	
841	-9.666033	-0.782101	
842	-11.969301	0.906626	
843	-11.833151	1.010492	
844	-10.777058	-1.297491	
845	-10.372224	-1.985072	
846	-10.025822	-2.113516	
847	-9.553405	-3.007390	
848	-10.545185	-3.579600	
849	-10.820702	-1.127794	
850	-12.371547	-1.031635	
851	-13.146639	0.351617	
852	-12.081323	-1.397899	
853	-12.262372	-1.073535	
854	-12.117187	0.328041	
855	-12.776842	0.674600	
856	-12.844462	-1.268135	
857	-12.556346	-0.709352	
858	-12.549034	-1.253704	
859	-12.977820	-1.316237	
860	-13.431791	-1.534281	
861	-13.392140	-1.266224	
862	-12.987844	-1.154066	
863	-13.553745	-1.096580	
864	-13.522151	-1.566955	
865	-12.847010	-1.342679	
866	-12.880072	-1.739454	
867	-13.607251	-1.319361	
868	-14.597642	-0.872905	
869	-14.338369	-1.318553	
870	-15.455171	-0.310638	
871	-16.293283	1.305311	
872	-16.305736	1.358363	
873	-15.148865	-0.489323	
874	-15.767121	0.650900	
875	-14.664466	0.304287	
876	-15.454996	-0.501727	
877	-15.555699	-0.035147	
878	-15.054596	-0.169049	
879	-15.033231	-1.352872	
880	-15.313949	-1.266380	
881	-15.892852	-1.530269	
882	-15.298608	-0.149980	
883	-13.007329	0.803838	
884	-15.227303	-1.496535	
885	-9.585999	3.599139	
886	-11.584595	2.040628	
887	-14.205619	-0.116609	
888	-17.532516	-0.995217	
889	-18.074095	-0.513613	
890	-18.477138	0.534050	
891	-18.888309	0.394774	
892	-19.409280	3.060002	
893	-22.281770	1.378628	
894	-20.507363	-1.573045	
895	-22.631312	0.384204	
896	-22.470690	1.019911	
897	-21.822209	0.622814	
898	-23.864813	-1.953381	
899	-23.592074	1.605915	
900	-24.302168	-1.588085	
901	-20.748866	-2.637488	
902	-22.081168	-2.045244	
903	-21.664114	-2.506316	
904	-22.343993	-1.915098	
905	-23.038665	-1.903702	
906	-22.974012	-2.201218	
907	-23.370872	-2.287131	
908	-24.442344	-1.905016	
909	-29.667598	-1.387748	
910	-29.393225	-0.707512	
911	-25.161127	-1.125504	
912	-23.459234	-1.212981	
913	-23.092160	2.103107	
914	-23.981844	1.472639	
915	-30.073390	-0.332025	
916	-24.912420	1.507923	
917	-24.927054	3.016517	
918	-30.047029	1.737491	
919	-25.415063	-1.493674	
920	-24.738199	1.133245	
921	-25.346831	2.815730	
922	-25.756027	2.082427	
923	-25.055734	2.538002	
924	-24.897525	1.245344	
925	-25.399070	-0.497780	
926	-25.315253	-1.045885	
927	-27.579281	1.263017	
928	-28.239405	6.526890	
929	-31.804513	-0.182449	
930	-26.858790	0.179199	
931	-28.765201	1.927146	
932	-32.828014	-1.196244	
933	-32.799185	1.640998	
934	-33.201948	-0.899707	
935	-33.976298	1.582631	
936	-34.216688	3.030655	
937	-33.929281	4.794444	
938	-29.849034	6.027270	
939	-30.865435	3.298849	
940	-32.949815	2.496534	
941	-35.695381	4.356201	
942	-32.156133	1.898357	
943	-31.346205	3.131229	
944	-29.346923	5.161583	
945	-31.555952	1.718792	
946	-32.983054	2.740372	
947	-33.330784	2.709707	
948	-33.135984	3.026120	
949	-32.067017	2.714919	
950	-30.792916	2.213409	
951	-30.797116	3.206288	
952	-31.616072	7.354626	
953	-33.774729	4.215400	
954	-37.051319	-1.593740	
955	-32.498817	2.923105	
956	-32.683942	5.140122	
957	-34.871923	0.402293	
958	-35.792847	1.840563	
959	-35.614666	2.278570	
960	-34.477638	1.318403	
961	-35.690861	1.584500	
962	-36.169054	2.282376	
963	-34.799533	1.714744	
964	-36.909653	4.181209	
965	-35.227721	6.640545	
966	-37.035124	2.211500	
967	-35.996587	3.105689	
968	-35.805453	3.351948	
969	-37.774827	3.450293	
970	-38.233604	2.547433	
971	-38.099198	-0.090724	
972	-37.440744	5.082306	
973	-36.907702	6.747616	
974	-39.192391	3.804169	
975	-37.987620	7.413387	
976	-38.390971	9.702670	
977	-37.327862	7.001850	
978	-36.578164	5.839608	
979	-37.836898	5.110649	
980	-37.581489	4.414398	
981	-38.506335	3.919793	
982	-39.390377	8.300299	
983	-35.804068	11.989415	
984	-38.318179	5.114408	
985	-39.556784	5.897968	
986	-37.242801	5.333349	
987	-37.385430	5.757837	
988	-39.139266	6.870653	
989	-39.032338	6.794791	
990	-38.541552	5.641307	
991	-38.803279	5.468649	
992	-38.358794	6.057169	
993	-37.473907	2.058522	
994	-38.220209	2.894180	
995	-37.859515	3.158936	
996	-38.887188	7.428292	
997	-32.354932	9.053173	
998	-36.222308	11.622122	
999	-40.094906	-0.189411	
1000	-40.652956	1.476814	
1001	-40.841042	0.595254	
1002	-39.369605	5.356248	
1003	-37.693320	6.720282	
1004	-41.086758	11.359436	
1005	-40.800605	9.015675	
1006	NaN	NaN	
1007	-39.578526	16.135035	
1008	-40.960232	8.453426	
1009	-44.126322	6.415230	
1010	-40.994577	7.789511	
1011	-43.760818	6.989321	
1012	NaN	NaN	
1013	-37.500002	9.433919	
1014	-42.733735	6.387801	
1015	-44.572359	2.728941	
1016	-43.277777	4.349149	
1017	-37.768580	8.312580	
1018	-39.933840	5.704984	
1019	-41.638343	8.219188	
1020	-33.995414	6.916303	
1021	NaN	NaN	
1022	NaN	NaN	
1023	NaN	NaN	
1024	NaN	NaN	
1025	NaN	NaN	
1026	-39.767824	9.815624	
1027	-42.044308	8.468333	
1028	-43.628883	8.932488	
1029	-42.083583	7.877907	
1030	-37.585877	9.422111	
1031	-38.720333	8.180239	
1032	-47.106725	11.574951	
1033	-48.812594	16.428646	
1034	-49.504742	13.044622	
1035	-50.863522	14.205460	
1036	-44.079131	11.460959	
1037	-45.116623	7.522877	
1038	-49.603130	10.181983	
1039	-49.980719	11.446091	
1040	-50.843087	13.228228	
1041	NaN	NaN	
1042	NaN	NaN	
1043	NaN	NaN	
1044	NaN	NaN	
1045	NaN	NaN	
1046	NaN	NaN	
1047	NaN	NaN	
1048	NaN	NaN	
1049	NaN	NaN	
1050	NaN	NaN	
1051	NaN	NaN	
1052	NaN	NaN	
1053	NaN	NaN	
1054	NaN	NaN	
1055	NaN	NaN	
1056	NaN	NaN	
1057	NaN	NaN	
1058	NaN	NaN	
1059	NaN	NaN	
1060	NaN	NaN	
1061	NaN	NaN	
1062	NaN	NaN	
1063	NaN	NaN	
1064	NaN	NaN	
1065	NaN	NaN	
1066	NaN	NaN	
1067	NaN	NaN	
1068	NaN	NaN	
1069	NaN	NaN	
1070	NaN	NaN	
1071	NaN	NaN	
1072	NaN	NaN	
1073	NaN	NaN	
1074	NaN	NaN	
1075	NaN	NaN	
1076	NaN	NaN	
1077	NaN	NaN	
1078	NaN	NaN	
1079	NaN	NaN	
1080	NaN	NaN	
1081	NaN	NaN	
1082	NaN	NaN	
1083	NaN	NaN	
1084	NaN	NaN	
1085	NaN	NaN	
1086	NaN	NaN	
1087	NaN	NaN	
1088	NaN	NaN	
1089	NaN	NaN	
1090	NaN	NaN	
1091	NaN	NaN	
1092	NaN	NaN	
1093	NaN	NaN	
1094	NaN	NaN	
1095	NaN	NaN	
1096	NaN	NaN	
1097	NaN	NaN	
1098	NaN	NaN	
1099	NaN	NaN	
1100	NaN	NaN	
1101	NaN	NaN	
1102	NaN	NaN	
1103	NaN	NaN	
1104	NaN	NaN	
1105	NaN	NaN	
1106	NaN	NaN	
1107	NaN	NaN	
1108	NaN	NaN	
1109	NaN	NaN	
1110	NaN	NaN	
1111	NaN	NaN	
1112	NaN	NaN	
1113	NaN	NaN	
1114	NaN	NaN	
1115	NaN	NaN	
1116	NaN	NaN	
1117	NaN	NaN	
1118	NaN	NaN	
1119	NaN	NaN	
1120	NaN	NaN	
1121	NaN	NaN	
1122	NaN	NaN	
1123	NaN	NaN	
1124	NaN	NaN	
1125	NaN	NaN	
1126	NaN	NaN	
1127	NaN	NaN	
1128	NaN	NaN	
1129	NaN	NaN	
1130	NaN	NaN	
1131	NaN	NaN	
1132	NaN	NaN	
1133	NaN	NaN	
1134	NaN	NaN	
1135	NaN	NaN	
1136	NaN	NaN	
1137	NaN	NaN	
1138	NaN	NaN	
1139	NaN	NaN	
1140	NaN	NaN	
1141	NaN	NaN	
1142	NaN	NaN	
1143	NaN	NaN	
1144	NaN	NaN	
1145	NaN	NaN	
1146	NaN	NaN	
1147	NaN	NaN	
1148	NaN	NaN	
1149	NaN	NaN	
1150	NaN	NaN	
1151	NaN	NaN	
1152	NaN	NaN	
1153	NaN	NaN	
1154	NaN	NaN	
1155	NaN	NaN	
1156	NaN	NaN	
1157	NaN	NaN	
1158	NaN	NaN	
1159	NaN	NaN	
1160	NaN	NaN	
1161	NaN	NaN	
1162	NaN	NaN	
1163	NaN	NaN	
1164	NaN	NaN	
1165	NaN	NaN	
1166	NaN	NaN	
1167	NaN	NaN	
1168	NaN	NaN	
1169	NaN	NaN	
1170	NaN	NaN	
1171	NaN	NaN	
1172	NaN	NaN	
1173	NaN	NaN	
1174	NaN	NaN	
1175	NaN	NaN	
1176	NaN	NaN	
1177	NaN	NaN	
1178	NaN	NaN	
1179	NaN	NaN	
1180	NaN	NaN	
1181	NaN	NaN	
1182	NaN	NaN	
1183	NaN	NaN	
1184	NaN	NaN	
1185	NaN	NaN	
1186	NaN	NaN	
1187	NaN	NaN	
1188	NaN	NaN	
1189	NaN	NaN	
1190	NaN	NaN	
1191	NaN	NaN	
1192	NaN	NaN	
1193	NaN	NaN	
1194	NaN	NaN	
1195	NaN	NaN	
1196	NaN	NaN	
1197	NaN	NaN	
1198	NaN	NaN	
1199	NaN	NaN	
1200	NaN	NaN	
1201	NaN	NaN	
1202	NaN	NaN	
1203	NaN	NaN	
1204	NaN	NaN	
1205	NaN	NaN	
1206	NaN	NaN	
1207	75.148745	-56.570636	
1208	NaN	NaN	
1209	79.172148	27.895582	
1210	79.096685	29.769202	
1211	79.102195	29.607911	
1212	80.965096	-56.362564	
1213	81.560864	-55.491300	
1214	81.135807	-53.009638	
1215	NaN	NaN	
1216	NaN	NaN	
1217	NaN	NaN	
1218	NaN	NaN	
1219	NaN	NaN	
1220	NaN	NaN	
1221	NaN	NaN	
1222	NaN	NaN	
1223	NaN	NaN	
1224	NaN	NaN	
1225	NaN	NaN	
1226	NaN	NaN	
1227	NaN	NaN	
1228	NaN	NaN	
1229	NaN	NaN	
1230	NaN	NaN	
1231	NaN	NaN	
1232	NaN	NaN	
1233	NaN	NaN	
1234	NaN	NaN	
1235	NaN	NaN	
1236	NaN	NaN	
1237	NaN	NaN	
1238	NaN	NaN	
1239	NaN	NaN	
1240	NaN	NaN	
1241	NaN	NaN	
1242	NaN	NaN	
1243	NaN	NaN	
1244	NaN	NaN	
1245	NaN	NaN	
1246	NaN	NaN	
1247	NaN	NaN	
1248	NaN	NaN	
1249	NaN	NaN	
1250	NaN	NaN	
1251	NaN	NaN	
1252	NaN	NaN	
1253	NaN	NaN	
1254	NaN	NaN	
1255	NaN	NaN	
1256	NaN	NaN	
1257	NaN	NaN	
1258	NaN	NaN	
1259	NaN	NaN	
1260	NaN	NaN	
1261	NaN	NaN	
1262	NaN	NaN	
1263	NaN	NaN	
1264	NaN	NaN	
1265	NaN	NaN	
1266	NaN	NaN	
1267	NaN	NaN	
1268	NaN	NaN	
1269	NaN	NaN	
1270	NaN	NaN	
1271	NaN	NaN	
1272	NaN	NaN	
1273	NaN	NaN	
1274	NaN	NaN	
1275	NaN	NaN	
1276	NaN	NaN	
1277	NaN	NaN	
1278	NaN	NaN	
1279	NaN	NaN	
1280	NaN	NaN	
1281	NaN	NaN	
1282	NaN	NaN	
1283	NaN	NaN	
1284	NaN	NaN	
1285	NaN	NaN	
1286	NaN	NaN	
1287	NaN	NaN	
1288	NaN	NaN	
1289	NaN	NaN	
1290	NaN	NaN	
1291	NaN	NaN	
1292	NaN	NaN	
1293	NaN	NaN	
1294	NaN	NaN	
1295	NaN	NaN	
1296	NaN	NaN	
1297	NaN	NaN	
1298	NaN	NaN	
1299	NaN	NaN	
1300	NaN	NaN	
1301	NaN	NaN	
1302	NaN	NaN	
1303	NaN	NaN	
1304	NaN	NaN	
1305	NaN	NaN	
1306	NaN	NaN	
1307	NaN	NaN	
1308	NaN	NaN	
1309	NaN	NaN	
1310	NaN	NaN	
1311	NaN	NaN	
1312	NaN	NaN	
1313	NaN	NaN	
1314	NaN	NaN	
1315	NaN	NaN	
1316	NaN	NaN	
1317	NaN	NaN	
1318	NaN	NaN	
1319	NaN	NaN	
1320	NaN	NaN	
1321	NaN	NaN	
1322	NaN	NaN	
1323	NaN	NaN	
1324	NaN	NaN	
1325	NaN	NaN	
1326	NaN	NaN	
1327	NaN	NaN	
1328	NaN	NaN	
1329	NaN	NaN	
1330	NaN	NaN	
1331	NaN	NaN	
1332	NaN	NaN	
1333	NaN	NaN	
1334	NaN	NaN	
1335	NaN	NaN	
1336	NaN	NaN	
1337	NaN	NaN	
1338	NaN	NaN	
1339	NaN	NaN	
1340	NaN	NaN	
1341	NaN	NaN	
1342	NaN	NaN	
1343	NaN	NaN	
1344	NaN	NaN	
1345	NaN	NaN	
1346	NaN	NaN	
1347	NaN	NaN	
1348	NaN	NaN	
1349	NaN	NaN	
1350	NaN	NaN	
1351	NaN	NaN	
1352	NaN	NaN	
1353	NaN	NaN	
1354	NaN	NaN	
1355	NaN	NaN	
1356	NaN	NaN	
1357	NaN	NaN	
1358	NaN	NaN	
1359	NaN	NaN	
1360	NaN	NaN	
1361	NaN	NaN	
1362	NaN	NaN	
1363	NaN	NaN	
1364	NaN	NaN	
1365	NaN	NaN	
1366	NaN	NaN	
1367	NaN	NaN	
1368	NaN	NaN	
1369	NaN	NaN	
1370	NaN	NaN	
1371	NaN	NaN	
1372	NaN	NaN	
1373	NaN	NaN	
1374	NaN	NaN	
1375	NaN	NaN	
1376	NaN	NaN	
1377	NaN	NaN	
1378	NaN	NaN	
1379	NaN	NaN	
1380	NaN	NaN	
1381	NaN	NaN	
1382	NaN	NaN	
1383	NaN	NaN	
1384	NaN	NaN	
1385	NaN	NaN	
1386	NaN	NaN	
1387	NaN	NaN	
1388	NaN	NaN	
1389	NaN	NaN	
1390	NaN	NaN	
1391	NaN	NaN	
1392	NaN	NaN	
1393	NaN	NaN	
1394	NaN	NaN	
1395	NaN	NaN	
1396	NaN	NaN	
1397	NaN	NaN	
1398	NaN	NaN	
1399	NaN	NaN	
1400	NaN	NaN	
1401	NaN	NaN	
1402	NaN	NaN	
1403	NaN	NaN	
1404	NaN	NaN	
1405	NaN	NaN	
1406	NaN	NaN	
1407	NaN	NaN	
1408	NaN	NaN	
1409	NaN	NaN	
1410	NaN	NaN	
1411	NaN	NaN	
1412	NaN	NaN	
1413	NaN	NaN	
1414	NaN	NaN	
1415	NaN	NaN	
1416	NaN	NaN	
1417	NaN	NaN	
1418	NaN	NaN	
1419	NaN	NaN	
1420	NaN	NaN	
1421	NaN	NaN	
1422	NaN	NaN	
1423	NaN	NaN	
1424	NaN	NaN	
1425	NaN	NaN	
1426	NaN	NaN	
1427	NaN	NaN	
1428	NaN	NaN	
1429	NaN	NaN	
1430	NaN	NaN	
1431	NaN	NaN	
1432	NaN	NaN	
1433	NaN	NaN	
1434	NaN	NaN	
1435	NaN	NaN	
1436	NaN	NaN	
1437	NaN	NaN	
1438	NaN	NaN	
1439	NaN	NaN	
1440	NaN	NaN	
1441	NaN	NaN	
1442	NaN	NaN	
1443	NaN	NaN	
1444	NaN	NaN	
1445	NaN	NaN	
1446	NaN	NaN	
1447	NaN	NaN	
1448	NaN	NaN	
1449	NaN	NaN	
1450	NaN	NaN	
1451	NaN	NaN	
1452	NaN	NaN	
1453	NaN	NaN	
1454	NaN	NaN	
1455	NaN	NaN	
1456	NaN	NaN	
1457	NaN	NaN	
1458	NaN	NaN	
1459	NaN	NaN	
1460	NaN	NaN	
1461	NaN	NaN	
1462	NaN	NaN	
1463	NaN	NaN	
1464	NaN	NaN	
1465	NaN	NaN	
1466	NaN	NaN	
1467	NaN	NaN	
1468	NaN	NaN	
1469	NaN	NaN	
1470	NaN	NaN	
1471	NaN	NaN	
1472	NaN	NaN	
1473	NaN	NaN	
1474	NaN	NaN	
1475	NaN	NaN	
1476	NaN	NaN	
1477	NaN	NaN	
1478	NaN	NaN	
1479	NaN	NaN	
1480	NaN	NaN	
1481	NaN	NaN	
1482	NaN	NaN	
1483	NaN	NaN	
1484	NaN	NaN	
1485	NaN	NaN	
1486	NaN	NaN	
1487	NaN	NaN	
1488	NaN	NaN	
1489	NaN	NaN	
1490	NaN	NaN	
1491	NaN	NaN	
1492	NaN	NaN	
1493	NaN	NaN	
1494	NaN	NaN	
1495	NaN	NaN	
1496	NaN	NaN	
1497	NaN	NaN	
1498	NaN	NaN	
1499	NaN	NaN	
1500	NaN	NaN	
1501	NaN	NaN	
1502	NaN	NaN	
1503	NaN	NaN	
1504	NaN	NaN	
1505	NaN	NaN	
1506	NaN	NaN	
1507	NaN	NaN	
1508	NaN	NaN	
1509	NaN	NaN	
1510	NaN	NaN	
1511	NaN	NaN	
1512	NaN	NaN	
1513	NaN	NaN	
1514	NaN	NaN	
1515	NaN	NaN	
1516	NaN	NaN	
1517	NaN	NaN	
1518	NaN	NaN	
1519	NaN	NaN	
1520	NaN	NaN	
