Athlete_Engineering	// User ID
11-2-2021	// Evaluation date
P010_WALK5	27-1-2021	16:10:09:990	// Source file name and timestamp
250.000	// Sampling rate
5.217	// Data capture period



Sample #	Right_Leg_Flexion	Right_Leg_Abduction	
0	-71.909141	30.254266	
1	-72.029075	30.546633	
2	-71.915739	30.575963	
3	-71.920062	29.006378	
4	-71.954853	29.677559	
5	-71.634411	29.378192	
6	-71.698848	28.755675	
7	-71.419548	28.074758	
8	-71.052503	27.868483	
9	-71.023183	27.809590	
10	-71.243637	27.626790	
11	-71.718721	28.399086	
12	-71.739692	28.749813	
13	-71.981966	28.027865	
14	-72.228003	27.850888	
15	-72.308400	28.104611	
16	-72.160793	27.740993	
17	-71.882416	27.683065	
18	-71.713738	26.961093	
19	-71.496820	26.779026	
20	-71.458119	27.225133	
21	-71.456068	26.936536	
22	-71.440137	26.887925	
23	-71.628721	26.902461	
24	-71.872734	27.391283	
25	-72.183718	28.168284	
26	-72.466021	29.904698	
27	-72.527081	31.568815	
28	-72.358502	30.178212	
29	-72.003221	28.756827	
30	-71.869059	28.920697	
31	-71.461911	28.396797	
32	-71.385714	27.922820	
33	-71.649510	28.174161	
34	-71.525012	27.939232	
35	-71.555042	27.561775	
36	-71.725307	27.705674	
37	-71.992914	28.492159	
38	-71.995023	29.062079	
39	-72.170921	30.036703	
40	-71.396350	29.934810	
41	-70.685446	30.562667	
42	-70.797375	31.185453	
43	-71.057742	31.704456	
44	-71.430102	31.610145	
45	-71.731121	30.543074	
46	-71.910933	30.001761	
47	-71.796140	29.825989	
48	-71.828530	29.620824	
49	-71.752085	29.259862	
50	-71.334283	29.101997	
51	-71.000538	28.866411	
52	-71.149998	28.596704	
53	-71.071559	29.562861	
54	-71.044873	28.848163	
55	-71.091295	27.549231	
56	-70.998557	28.980434	
57	-71.031347	29.319412	
58	-71.021507	30.124274	
59	-70.816268	29.893838	
60	-70.641841	28.503123	
61	-70.650608	28.992353	
62	-70.702306	30.676525	
63	-70.778297	30.022018	
64	-70.700171	28.565368	
65	-70.551151	28.202741	
66	-70.603244	28.752157	
67	-69.538400	28.813326	
68	-69.513974	29.473266	
69	-69.476289	28.312628	
70	-69.111749	27.379673	
71	-69.278526	27.981270	
72	-68.799307	27.314415	
73	-69.307283	28.650054	
74	-69.289945	28.725115	
75	-68.859304	27.483822	
76	-68.802621	27.820279	
77	-68.634897	27.850832	
78	-68.183837	27.802772	
79	-67.269948	24.823019	
80	-67.081394	22.873538	
81	-66.916229	25.125724	
82	-66.856261	25.740505	
83	-67.002245	24.456150	
84	-66.181032	24.411805	
85	-66.002872	25.415644	
86	-65.638761	23.907765	
87	-65.807234	24.357749	
88	-65.473997	25.466496	
89	-64.157973	24.143201	
90	-63.821613	22.538022	
91	-63.260242	21.505402	
92	-63.059762	21.927141	
93	-62.679448	21.636610	
94	-61.879122	21.636271	
95	-62.262134	21.450631	
96	-63.134074	21.588224	
97	-62.074379	21.188474	
98	-61.257425	19.676982	
99	-61.267461	19.194493	
100	-60.942974	19.274375	
101	-60.028883	18.989808	
102	-58.894081	17.386300	
103	-58.403402	16.749643	
104	-58.306220	17.890228	
105	-58.207969	17.522118	
106	-56.998515	15.748870	
107	-56.289975	14.971018	
108	-56.138348	15.390223	
109	-55.657869	15.051308	
110	-54.760949	14.496890	
111	-53.985517	14.338419	
112	-54.091971	14.406929	
113	-52.834202	13.774953	
114	-51.808174	13.065960	
115	-50.404901	13.263541	
116	-49.671961	12.574482	
117	-48.992885	11.371165	
118	-48.248574	11.612912	
119	-48.766502	12.095423	
120	-48.099779	11.827833	
121	-47.701070	11.841015	
122	-47.009513	11.366095	
123	-46.525331	10.272334	
124	-46.020048	10.348699	
125	-44.922576	9.952743	
126	-44.322049	9.499941	
127	-44.310976	10.333256	
128	-44.174898	9.579470	
129	-43.747395	9.487088	
130	-42.477011	9.466925	
131	-41.512856	9.154786	
132	-42.008770	9.300191	
133	-41.019938	9.301855	
134	-39.515450	8.999303	
135	-39.022089	8.002574	
136	-38.387579	7.378228	
137	-38.986147	6.683689	
138	-38.618388	6.587871	
139	-37.224185	6.136446	
140	-36.489275	5.966773	
141	-37.076376	6.007222	
142	-37.202775	4.970774	
143	-36.180384	4.572629	
144	-33.972404	4.476749	
145	-33.395400	4.060399	
146	-34.475117	4.049919	
147	-33.288870	5.089762	
148	-33.656066	4.020357	
149	-33.400425	3.288175	
150	-33.333206	2.944540	
151	-33.510396	3.791542	
152	-31.489210	4.296475	
153	-31.895986	2.454151	
154	-33.174222	3.230576	
155	-32.237579	2.594150	
156	-30.998770	2.783290	
157	-31.032128	2.838962	
158	-32.347902	1.533979	
159	-30.455969	2.359350	
160	-28.717357	2.289887	
161	-30.884650	1.728360	
162	-30.054044	2.711782	
163	-30.017077	2.535840	
164	-29.198931	2.039310	
165	-28.595535	2.340774	
166	-30.270144	2.106229	
167	-29.033293	2.779580	
168	-28.767676	1.931871	
169	-27.952620	1.544227	
170	-28.767964	1.926158	
171	-29.450490	2.419549	
172	-28.487175	2.096606	
173	-27.622098	1.361600	
174	-27.681342	2.391507	
175	-28.900640	2.007870	
176	-30.841763	0.953707	
177	-29.510893	1.237297	
178	-26.960594	1.638112	
179	-27.991590	1.222927	
180	-27.605489	1.167263	
181	-28.533437	1.531550	
182	-28.596976	1.378569	
183	-28.575229	1.063243	
184	-28.595099	1.490630	
185	-27.086359	1.829247	
186	-29.521052	1.494856	
187	-30.106393	1.857685	
188	-29.291666	1.731914	
189	-29.197789	1.639562	
190	-28.727697	1.236095	
191	-29.685305	0.172679	
192	-29.976801	1.858767	
193	-30.912761	2.251720	
194	-31.133889	0.672432	
195	-29.376278	1.080872	
196	-30.732447	1.500342	
197	-32.013155	1.589274	
198	-30.333500	1.535290	
199	-30.162217	0.855329	
200	-31.329843	1.272576	
201	-32.004626	1.757331	
202	-31.197632	1.553094	
203	-33.572824	1.048382	
204	-33.983724	0.376156	
205	-32.536278	1.627935	
206	-32.877218	2.224672	
207	-32.469534	1.713460	
208	-32.692326	1.511497	
209	-31.659221	1.458569	
210	-33.272051	0.393959	
211	-34.155549	0.713385	
212	-33.892063	1.629081	
213	-34.295730	1.335836	
214	-33.165024	2.350212	
215	-34.140246	1.723216	
216	-34.592507	0.937024	
217	-34.357770	1.528398	
218	-34.075637	1.402604	
219	-33.422829	1.847640	
220	-33.439542	1.672007	
221	-34.495257	1.127844	
222	-34.808341	2.128456	
223	-35.118941	0.728110	
224	-33.603536	0.789474	
225	-31.362344	1.855762	
226	-33.548538	1.350456	
227	-35.358093	0.094016	
228	-35.796973	-1.770172	
229	-34.802897	0.133569	
230	-36.188496	0.684190	
231	-36.327903	-1.383949	
232	-33.724126	-0.057546	
233	-36.223971	-0.234741	
234	-38.155642	-1.549026	
235	-37.214667	-0.925479	
236	-36.274309	-0.789868	
237	-36.241122	-1.482141	
238	-37.146829	-1.421733	
239	-37.162415	-1.737949	
240	-36.682073	-1.442270	
241	-37.032199	-1.334317	
242	-37.510267	-2.480204	
243	-35.662138	-1.686965	
244	-36.231947	-2.364423	
245	-36.998141	-1.839274	
246	-35.858761	-0.905190	
247	-35.594509	-0.945319	
248	-37.608481	-2.741094	
249	-37.658817	-3.464080	
250	-36.652444	-2.345810	
251	-37.911704	-3.490375	
252	-37.489409	-3.564771	
253	-36.836804	-2.677110	
254	-36.318054	-2.466685	
255	-36.551409	-3.528501	
256	-36.762168	-3.320101	
257	-37.245138	-3.029162	
258	-38.243584	-2.959319	
259	-39.542239	-3.603349	
260	-39.871943	-3.454477	
261	-39.093680	-3.466241	
262	-39.184932	-3.378547	
263	-39.833494	-2.705959	
264	-40.812911	-2.746407	
265	-41.358564	-2.442195	
266	-40.167700	-2.525732	
267	-40.220155	-1.650328	
268	-41.671437	-2.667236	
269	-41.835538	-2.938273	
270	-42.368751	-1.596336	
271	-43.395694	-1.962060	
272	-43.586506	-1.837453	
273	-42.450385	-0.987602	
274	-42.357871	-2.238341	
275	-44.016278	-3.191864	
276	-43.804543	-1.993598	
277	-44.194056	-2.066139	
278	-44.595342	-2.545408	
279	-44.714620	-1.447058	
280	-44.878366	-2.089033	
281	-45.210220	-1.905034	
282	-46.085039	-1.037301	
283	-45.701177	-1.805646	
284	-45.799290	-2.352301	
285	-45.786518	-1.680861	
286	-46.398671	-0.879358	
287	-47.722694	-0.899443	
288	-46.599489	-1.511436	
289	-47.837964	-2.242798	
290	-49.979072	-1.470713	
291	-49.566066	-1.682496	
292	-49.584874	-1.537528	
293	-49.528059	-0.849062	
294	-49.433598	-0.919465	
295	-49.476433	-0.703693	
296	-49.800705	-0.329397	
297	-50.037608	-1.077825	
298	-49.965484	-1.360111	
299	-50.681513	-0.615001	
300	-51.025242	0.171372	
301	-51.072125	-0.264248	
302	-52.080553	-1.438338	
303	-51.495136	1.654051	
304	-51.472799	4.957469	
305	-52.425116	1.984195	
306	-54.115276	1.926617	
307	-54.956421	3.366700	
308	-53.205089	2.279254	
309	-52.947730	2.526931	
310	-54.146469	1.940827	
311	-55.079146	1.725658	
312	-51.746041	3.381198	
313	-52.068128	4.282986	
314	-52.916585	4.532771	
315	-52.235984	4.910909	
316	-53.202281	5.766288	
317	-51.884638	6.744634	
318	-51.418335	6.426316	
319	-49.897772	6.384707	
320	-54.199108	7.373866	
321	-54.178844	5.510120	
322	-54.145219	5.865060	
323	-54.813498	7.276116	
324	-53.652073	6.772221	
325	-57.103712	7.537142	
326	-54.105842	6.964626	
327	-55.074209	6.959332	
328	-55.129463	7.268728	
329	-53.856347	7.343735	
330	-57.257761	8.026829	
331	-55.343473	7.024467	
332	-53.343665	6.483754	
333	-53.488077	6.533021	
334	-54.496077	7.290327	
335	-58.181361	8.273434	
336	-56.405429	7.203157	
337	-56.241308	6.468792	
338	-59.097401	8.126010	
339	-56.867519	8.080462	
340	-53.832480	7.261824	
341	-56.041999	7.932307	
342	-59.207591	7.907117	
343	-56.674492	7.548377	
344	-57.597590	9.274286	
345	-56.485248	9.215865	
346	-56.531358	8.097719	
347	-58.971665	8.838755	
348	-55.984659	8.260825	
349	-59.127216	9.352859	
350	-60.691250	9.633272	
351	-60.296790	9.385721	
352	-58.545588	8.635898	
353	-62.826664	9.911038	
354	-68.697035	12.521595	
355	-67.804158	12.569964	
356	-68.588422	14.984944	
357	-63.589454	11.514104	
358	-57.934191	9.463869	
359	-59.768223	10.317650	
360	-58.458029	10.160236	
361	-60.562720	10.523972	
362	-64.766692	11.762842	
363	-62.538599	12.638830	
364	-63.720026	13.355747	
365	-66.046445	13.472609	
366	-65.800867	13.781492	
367	-67.362177	16.255657	
368	-63.347788	15.008205	
369	-62.198221	12.833380	
370	-69.702811	17.370117	
371	-66.283106	17.433708	
372	-63.225730	15.210103	
373	-67.766323	16.840584	
374	-68.416017	15.747232	
375	-64.209985	15.002876	
376	-63.888574	16.140393	
377	-72.544749	22.883034	
378	-74.175233	22.610644	
379	-75.783814	27.656116	
380	-70.127058	20.450180	
381	-62.186029	15.284239	
382	-68.042593	18.828005	
383	-67.039709	16.130648	
384	-67.057627	18.444393	
385	-73.960871	30.116764	
386	-67.255504	18.790393	
387	-63.534272	16.168254	
388	-68.106306	21.344276	
389	-68.191828	20.724025	
390	-68.411974	19.421632	
391	-66.384742	17.258191	
392	-67.566091	19.571544	
393	-66.191547	17.542215	
394	-68.996035	20.004790	
395	-76.002203	32.741129	
396	-68.958764	19.917707	
397	-64.094002	15.038112	
398	-72.580665	24.726395	
399	-71.673022	23.621798	
400	-67.033925	17.473966	
401	-67.766928	18.457902	
402	-72.059793	20.661200	
403	-70.501289	18.834883	
404	-67.221976	17.795525	
405	-73.448144	25.407898	
406	-68.311917	18.538894	
407	-67.690211	17.680644	
408	-69.990129	20.050519	
409	-68.983965	19.270047	
410	-69.709705	20.592387	
411	-68.931558	18.943494	
412	-66.619531	16.721779	
413	-68.092060	17.705968	
414	-68.450257	17.091194	
415	-63.345483	13.907781	
416	-65.768556	16.252870	
417	-67.798967	18.298187	
418	-67.995017	17.918957	
419	-67.324586	18.916250	
420	-66.069365	18.303507	
421	-66.257536	18.005944	
422	-65.847764	18.085471	
423	-65.265260	18.020300	
424	-64.191890	18.192493	
425	-64.787425	18.940836	
426	-64.355786	19.070648	
427	-60.947796	17.529725	
428	-65.006411	20.887233	
429	-62.108839	19.290664	
430	-60.820446	18.259526	
431	-61.709321	19.226377	
432	-56.154780	18.107446	
433	-57.802761	18.893335	
434	-59.916100	20.038799	
435	-62.792916	22.375262	
436	-63.887615	22.822727	
437	-62.862440	21.360001	
438	-62.983865	21.440967	
439	-58.091799	19.770107	
440	-58.632214	19.708302	
441	-57.278940	18.971263	
442	-55.423380	19.344860	
443	-61.029342	21.841143	
444	-59.316125	19.813846	
445	-58.202580	19.292241	
446	-54.390346	19.227735	
447	-50.566420	18.409828	
448	-49.223001	17.306699	
449	-53.689235	17.590461	
450	-55.405186	18.781476	
451	-52.141485	18.176338	
452	-53.195946	17.532964	
453	-52.143925	16.927735	
454	-51.874833	16.596303	
455	-50.777151	15.952680	
456	-50.965858	15.747484	
457	-51.082136	15.408437	
458	-48.834173	14.062208	
459	-48.433179	13.654430	
460	-48.164851	13.083911	
461	-45.003793	13.155151	
462	-44.611171	12.616399	
463	-46.496570	11.627917	
464	-45.440400	11.570617	
465	-45.515176	10.639460	
466	-42.265853	11.159189	
467	-42.009759	10.203683	
468	-44.215461	8.906534	
469	-42.578024	9.304809	
470	-43.145194	8.446256	
471	-40.152564	9.162821	
472	-35.718041	9.612240	
473	-37.332931	9.332855	
474	-35.770969	9.354889	
475	-36.850467	7.173564	
476	-40.350224	4.964871	
477	-39.504478	4.869056	
478	-40.243228	4.689834	
479	-39.120490	3.463306	
480	-38.137316	2.829171	
481	-38.188048	2.210896	
482	-38.023371	1.245138	
483	-38.494272	1.275286	
484	-38.128689	0.988442	
485	-36.984246	0.075113	
486	-37.084718	-0.261699	
487	-37.041362	-1.372869	
488	-37.089037	-2.106499	
489	-36.711192	-1.110898	
490	-36.588240	-0.773746	
491	-37.600483	-1.799243	
492	-33.417220	0.916281	
493	-34.345380	-0.074952	
494	-37.123760	-3.068873	
495	-34.487614	-1.409824	
496	-35.481715	-1.579924	
497	-30.917754	-0.018293	
498	-31.933137	2.061390	
499	-32.186777	1.959701	
500	-31.303384	1.786458	
501	-32.945444	2.758920	
502	-37.201684	-0.942008	
503	-39.168908	-3.276914	
504	-40.790923	-2.945516	
505	-36.830271	1.396853	
506	-34.772559	-1.767265	
507	-36.357252	-1.744574	
508	-37.320649	1.236335	
509	-41.545062	-2.847654	
510	-34.743267	0.046374	
511	-30.196031	1.484277	
512	-33.080998	0.116564	
513	-31.048294	0.611066	
514	-30.083697	1.881130	
515	-29.199956	3.023546	
516	-34.990980	-0.070372	
517	-36.123352	0.387425	
518	-35.880408	0.187434	
519	-36.589509	-0.830041	
520	-31.807642	5.087446	
521	-34.549092	-0.024386	
522	-36.014494	-1.594609	
523	-34.942621	3.185956	
524	-35.535982	1.661749	
525	-36.039727	2.192080	
526	-34.589082	3.401791	
527	-32.458643	5.598953	
528	-38.233396	2.704551	
529	-42.999683	-0.596951	
530	-42.099810	-0.220023	
531	-40.285275	1.540669	
532	-38.250368	2.873376	
533	-38.860671	1.997627	
534	-38.167523	2.324803	
535	-38.008268	2.582408	
536	-38.523662	1.950774	
537	-35.889963	3.547179	
538	-33.605263	5.206774	
539	-34.342777	4.336893	
540	-34.650663	4.018267	
541	-34.203522	4.571712	
542	-33.281336	4.772583	
543	-33.760063	4.526796	
544	-34.847426	4.392254	
545	-33.251684	4.250795	
546	-37.859969	0.653558	
547	-43.536924	-2.755005	
548	-38.039234	0.408021	
549	-33.012302	3.738513	
550	-34.953085	2.965287	
551	-35.238765	2.173288	
552	-34.069096	2.288099	
553	-36.336102	1.610887	
554	-38.902603	0.652853	
555	-33.704742	3.466922	
556	-37.412332	1.709157	
557	-39.129441	-0.424670	
558	-37.334529	0.437817	
559	-35.933408	2.025225	
560	-36.833471	1.656909	
561	-36.347314	2.035646	
562	-41.455444	1.547515	
563	-38.021478	0.020515	
564	-34.864334	-0.439507	
565	-39.839564	-0.095255	
566	-38.719665	0.347099	
567	-40.236258	0.531425	
568	-40.344192	0.337499	
569	-41.060668	0.311307	
570	-39.013294	1.040116	
571	-37.387672	1.968999	
572	-36.672783	1.724756	
573	-39.934066	3.418805	
574	-45.142383	1.663425	
575	-38.789652	6.903682	
576	-40.183598	8.265722	
577	-43.614077	0.121190	
578	-42.916756	0.899539	
579	-45.924798	1.030911	
580	-42.721795	2.630325	
581	-41.417301	1.679096	
582	-38.184183	3.667628	
583	-36.938250	5.086986	
584	-42.012674	2.125085	
585	-43.691471	1.279715	
586	-43.571709	1.025608	
587	-50.564538	-4.264500	
588	-49.506989	-4.269205	
589	-48.346851	-2.337327	
590	-48.177174	-2.935749	
591	-47.859843	-4.338514	
592	-43.753885	-3.513054	
593	-36.472871	0.694556	
594	-40.382873	-1.451275	
595	-45.523807	-2.185236	
596	-47.627389	-1.712945	
597	-40.062015	1.216147	
598	-48.232032	-1.874383	
599	-45.893362	-1.587059	
600	-48.148484	0.155732	
601	-42.677392	-15.723717	
602	-28.510206	-8.610813	
603	-50.669740	-0.580173	
604	-47.869663	-2.761146	
605	-41.154480	2.308716	
606	-45.013647	-0.251754	
607	-41.090143	0.990126	
608	-47.418809	-2.166292	
609	-51.500970	-3.250593	
610	-47.048912	-0.043979	
611	-30.041859	-5.079147	
612	-17.999901	4.122997	
613	-56.272861	1.822370	
614	-45.609651	3.755896	
615	-43.980431	3.566557	
616	-45.733776	2.004685	
617	-50.311343	3.436303	
618	-48.400793	4.424168	
619	-46.475809	4.300102	
620	-54.314841	2.750824	
621	-60.686705	1.721935	
622	-54.237279	1.860072	
623	-46.854876	4.725684	
624	-55.229297	1.749436	
625	-61.376252	1.054135	
626	-62.623138	1.685157	
627	-57.252260	3.221010	
628	-51.954242	5.578104	
629	-52.203456	5.690236	
630	-57.865471	4.691775	
631	-58.508639	4.321409	
632	-49.254913	7.387542	
633	-59.296377	6.386436	
634	-58.301829	5.849745	
635	-52.852255	6.244380	
636	-54.646912	6.019576	
637	-51.548572	7.240470	
638	-60.524603	7.654792	
639	-66.790576	11.173257	
640	-60.366762	7.185591	
641	-61.358531	7.989534	
642	-65.985487	10.234821	
643	-61.850562	9.155865	
644	-61.866607	9.591715	
645	-62.719070	11.861404	
646	-57.811546	9.319584	
647	-57.722065	9.598962	
648	-62.222881	11.030587	
649	-63.294904	11.415143	
650	-63.235613	11.877537	
651	-62.497283	11.158369	
652	-63.863711	11.868855	
653	-63.599328	11.394211	
654	-64.045256	11.389859	
655	-63.738982	11.971290	
656	-62.532970	12.537484	
657	-63.200542	12.881228	
658	-64.881713	12.741605	
659	-65.657001	12.189006	
660	-64.369849	12.163946	
661	-63.526191	12.890062	
662	-65.466098	15.123562	
663	-63.727180	12.038134	
664	-60.474184	8.672369	
665	-64.383152	12.806090	
666	-63.245607	12.069103	
667	-63.730057	12.488037	
668	-67.993709	16.351769	
669	-67.252930	14.281765	
670	-67.047091	15.799844	
671	-68.486342	16.885379	
672	-64.486374	11.127492	
673	-62.592217	8.834019	
674	-69.449012	14.728810	
675	-61.767252	9.674525	
676	-60.105305	15.306642	
677	-66.637772	25.756180	
678	-65.671433	25.689974	
679	-64.944766	22.742683	
680	-64.304011	23.188931	
681	-67.386064	16.838348	
682	-69.001982	11.558481	
683	-68.076846	14.575494	
684	-67.294146	10.767243	
685	-64.991190	11.120420	
686	-66.638557	14.142831	
687	-65.398551	12.628360	
688	-66.065064	13.909534	
689	-68.534002	16.112565	
690	-60.246951	9.956040	
691	-65.119670	12.838640	
692	-66.385616	12.954665	
693	-63.196661	11.036549	
694	-66.174613	11.799605	
695	-71.863249	14.677677	
696	-73.449554	13.648271	
697	-70.946624	13.924309	
698	-66.389799	11.633151	
699	-62.384777	8.937449	
700	-67.367789	12.686602	
701	-66.985314	12.207341	
702	-66.794029	11.581899	
703	-68.271398	12.978852	
704	-63.986674	11.511916	
705	-66.788859	12.993574	
706	-72.926747	12.590780	
707	-72.182305	17.051390	
708	-69.326661	3.423158	
709	-67.911743	-12.646626	
710	-68.375190	3.643016	
711	-68.126794	11.570276	
712	-66.489520	8.345179	
713	-69.336906	12.801331	
714	-68.056985	11.639495	
715	-69.280643	12.548612	
716	-67.670381	11.894978	
717	-64.113746	9.637580	
718	-62.302792	9.560522	
719	-66.794365	13.114613	
720	-67.817779	11.881781	
721	-63.189317	9.386786	
722	-62.758648	7.821952	
723	-62.898645	13.337727	
724	-63.147397	19.480699	
725	-61.443621	21.174498	
726	-61.447475	16.965461	
727	-64.089375	11.501444	
728	-60.454077	12.439413	
729	-59.870550	14.014716	
730	-62.692763	16.407745	
731	-61.953274	15.688488	
732	-61.270786	14.367386	
733	-59.383310	14.580225	
734	-58.958954	15.105390	
735	-59.867913	16.993580	
736	-58.761230	18.938186	
737	-58.579673	19.147015	
738	-58.285736	18.137753	
739	-56.931491	18.187959	
740	-56.663727	17.546848	
741	-56.302108	21.027002	
742	-53.357953	19.331370	
743	-49.334529	16.052151	
744	-48.851110	17.190282	
745	-50.032883	16.035694	
746	-52.998424	18.131747	
747	-51.306647	17.568773	
748	-50.165761	17.801804	
749	-52.936510	18.976572	
750	-50.420278	16.483263	
751	-49.414687	17.240496	
752	-49.347382	17.376184	
753	-48.817413	15.011943	
754	-45.981644	18.614602	
755	-46.117454	17.957904	
756	-48.452154	14.191239	
757	-46.664854	17.362723	
758	-47.965685	9.181387	
759	-44.017312	9.531168	
760	-42.523220	16.086146	
761	-44.361585	13.881754	
762	-44.850611	13.461293	
763	-43.056572	15.453734	
764	-42.826683	15.476838	
765	-44.141928	11.926189	
766	-42.247913	12.452430	
767	-40.516336	12.335677	
768	-38.903953	11.043753	
769	-39.403250	11.418803	
770	-39.387077	11.004301	
771	-38.549018	10.322582	
772	-39.236427	9.438454	
773	-36.462107	10.191194	
774	-33.828024	10.412203	
775	-34.799399	9.265480	
776	-32.805140	9.151409	
777	-32.192393	9.091020	
778	-35.109256	7.681197	
779	-35.186295	8.446441	
780	-34.367831	11.590882	
781	-34.761438	11.112835	
782	-35.043406	7.283927	
783	-34.532103	5.705930	
784	-33.588088	9.637124	
785	-33.023506	5.502720	
786	-33.125893	2.246117	
787	-33.154801	2.434480	
788	-32.580704	2.271788	
789	-32.088324	1.709098	
790	-32.514872	1.323465	
791	-32.968969	1.251106	
792	-31.030077	0.978319	
793	-31.121279	0.707621	
794	-33.513122	-0.258749	
795	-33.495264	0.287205	
796	-32.410686	-0.138940	
797	-32.620546	-0.945366	
798	-33.564488	-1.864151	
799	-33.278050	-1.668683	
800	-32.245455	-0.696681	
801	-31.899574	-1.044655	
802	-32.493763	-0.975364	
803	-32.177063	-0.539880	
804	-29.745555	0.411973	
805	-31.592982	-1.456871	
806	-33.536102	-2.856189	
807	-32.585730	-1.068224	
808	-33.009810	-1.105168	
809	-32.796476	-0.908895	
810	-32.149654	-0.626402	
811	-32.907295	-0.549156	
812	-32.579147	-0.999018	
813	-30.083807	0.524748	
814	-29.912008	1.708428	
815	-33.047535	1.009045	
816	-32.188555	2.038100	
817	-31.825087	2.160873	
818	-33.176824	0.102537	
819	-32.455320	0.964604	
820	-32.185313	3.213857	
821	-32.299390	5.482425	
822	-31.585993	5.343806	
823	-31.158720	5.063807	
824	-32.783638	4.847904	
825	-34.905133	3.184400	
826	-34.519105	5.983025	
827	-33.287040	7.682443	
828	-34.186655	4.659588	
829	-35.225106	1.776660	
830	-35.298298	1.944817	
831	-36.307486	1.716465	
832	-35.633270	2.784174	
833	-34.390346	2.998803	
834	-35.271750	2.175060	
835	-35.753056	3.580506	
836	-36.833105	3.710240	
837	-37.089828	2.395674	
838	-35.982401	3.631823	
839	-34.662165	3.262391	
840	-35.383888	1.361902	
841	-34.505122	3.909841	
842	-32.539480	4.905494	
843	-33.824045	4.822366	
844	-35.028898	2.609991	
845	-35.488206	4.855087	
846	-35.585306	4.754513	
847	-35.988892	1.954110	
848	-35.989267	2.366522	
849	-36.929527	2.144481	
850	-34.996058	4.592280	
851	-32.213645	3.993237	
852	-35.261203	3.207753	
853	-36.161706	0.180332	
854	-36.447586	-0.695894	
855	-36.757074	0.382444	
856	-37.490286	1.745287	
857	-38.085169	1.606498	
858	-36.593306	3.751327	
859	-35.917568	3.565288	
860	-35.244569	3.416000	
861	-37.947905	3.653500	
862	-40.275689	3.975911	
863	-35.942002	5.042381	
864	-35.348431	4.402030	
865	-37.685310	2.808737	
866	-40.018010	-0.121158	
867	-40.927150	0.200733	
868	-41.378720	0.342102	
869	-41.425557	-0.341539	
870	-40.849360	-1.158673	
871	-41.756782	-0.284186	
872	-43.004638	-0.900233	
873	-42.316534	1.767402	
874	-41.708809	1.911472	
875	-40.077791	1.736755	
876	-40.508267	0.979803	
877	-42.548507	-1.564683	
878	-40.328182	2.017941	
879	-40.522843	3.089521	
880	-43.555651	0.101341	
881	-40.876309	2.002581	
882	-40.480142	3.331505	
883	-41.038333	2.350395	
884	-45.240283	4.236506	
885	-45.253277	4.532612	
886	-41.204414	1.368197	
887	-43.573883	0.328168	
888	-44.025395	0.532982	
889	-43.436997	3.169248	
890	-47.637867	-10.508923	
891	-44.030338	-12.785602	
892	-43.935350	3.559070	
893	-46.603177	-0.156251	
894	-44.765684	1.567894	
895	-44.441703	0.978135	
896	-46.258279	2.668700	
897	-42.322159	1.857482	
898	-42.226584	2.207287	
899	-49.663552	1.332650	
900	-46.906270	1.359533	
901	-46.580254	2.040201	
902	-48.026971	0.587847	
903	-48.004110	0.196587	
904	-46.834101	1.480040	
905	-50.579555	2.790456	
906	-46.201568	14.067870	
907	-42.102928	22.316493	
908	-47.477975	3.244429	
909	-48.770061	1.479901	
910	-46.255428	5.393130	
911	-44.178278	6.782843	
912	-46.119914	6.285848	
913	-48.346920	3.836358	
914	-49.930755	3.125703	
915	-51.466277	3.505369	
916	-48.887559	5.540934	
917	-50.346041	4.005402	
918	-53.135006	1.079246	
919	-53.342951	1.135239	
920	-52.624931	4.739324	
921	-51.937701	6.182286	
922	-53.441464	2.177696	
923	-53.616808	2.086322	
924	-53.857645	1.823171	
925	-52.974992	5.846049	
926	-48.832430	7.793487	
927	-54.067508	5.754934	
928	-54.765071	2.053906	
929	-54.178570	3.488689	
930	-55.017111	3.241498	
931	-54.881696	2.667595	
932	-53.292542	3.866356	
933	-51.682653	10.507690	
934	-51.381089	10.552072	
935	-37.863957	8.935142	
936	-51.010317	10.354908	
937	-53.704097	17.183513	
938	-49.468304	16.892255	
939	-51.915198	-27.911443	
940	-55.469464	-22.086402	
941	-57.524919	13.599521	
942	-58.638024	7.079056	
943	-56.626653	10.468111	
944	-59.312935	11.643417	
945	-58.816506	9.259642	
946	NaN	NaN	
947	NaN	NaN	
948	NaN	NaN	
949	NaN	NaN	
950	NaN	NaN	
951	NaN	NaN	
952	NaN	NaN	
953	NaN	NaN	
954	NaN	NaN	
955	NaN	NaN	
956	NaN	NaN	
957	NaN	NaN	
958	NaN	NaN	
959	NaN	NaN	
960	NaN	NaN	
961	NaN	NaN	
962	NaN	NaN	
963	NaN	NaN	
964	NaN	NaN	
965	NaN	NaN	
966	NaN	NaN	
967	NaN	NaN	
968	NaN	NaN	
969	NaN	NaN	
970	NaN	NaN	
971	NaN	NaN	
972	NaN	NaN	
973	NaN	NaN	
974	NaN	NaN	
975	NaN	NaN	
976	NaN	NaN	
977	NaN	NaN	
978	NaN	NaN	
979	NaN	NaN	
980	NaN	NaN	
981	NaN	NaN	
982	NaN	NaN	
983	NaN	NaN	
984	NaN	NaN	
985	NaN	NaN	
986	NaN	NaN	
987	NaN	NaN	
988	-21.011106	45.831727	
989	-12.500292	39.841455	
990	-12.454640	39.343871	
991	-12.051182	39.877489	
992	-11.806523	40.486923	
993	NaN	NaN	
994	NaN	NaN	
995	NaN	NaN	
996	NaN	NaN	
997	-64.881032	3.004400	
998	-57.464129	1.130009	
999	-59.640499	3.011291	
1000	-60.431011	4.536332	
1001	NaN	NaN	
1002	-59.772589	-1.245705	
1003	NaN	NaN	
1004	NaN	NaN	
1005	NaN	NaN	
1006	NaN	NaN	
1007	NaN	NaN	
1008	NaN	NaN	
1009	NaN	NaN	
1010	NaN	NaN	
1011	NaN	NaN	
1012	NaN	NaN	
1013	NaN	NaN	
1014	NaN	NaN	
1015	NaN	NaN	
1016	NaN	NaN	
1017	NaN	NaN	
1018	NaN	NaN	
1019	NaN	NaN	
1020	NaN	NaN	
1021	NaN	NaN	
1022	NaN	NaN	
1023	NaN	NaN	
1024	NaN	NaN	
1025	NaN	NaN	
1026	NaN	NaN	
1027	-57.208339	-66.321075	
1028	-57.023494	-65.687935	
1029	NaN	NaN	
1030	NaN	NaN	
1031	NaN	NaN	
1032	NaN	NaN	
1033	NaN	NaN	
1034	NaN	NaN	
1035	NaN	NaN	
1036	NaN	NaN	
1037	NaN	NaN	
1038	NaN	NaN	
1039	NaN	NaN	
1040	NaN	NaN	
1041	NaN	NaN	
1042	NaN	NaN	
1043	NaN	NaN	
1044	NaN	NaN	
1045	NaN	NaN	
1046	NaN	NaN	
1047	NaN	NaN	
1048	NaN	NaN	
1049	NaN	NaN	
1050	NaN	NaN	
1051	NaN	NaN	
1052	NaN	NaN	
1053	NaN	NaN	
1054	-64.546123	-47.112869	
1055	-55.065649	-45.247260	
1056	-57.516666	-49.038774	
1057	NaN	NaN	
1058	NaN	NaN	
1059	NaN	NaN	
1060	NaN	NaN	
1061	NaN	NaN	
1062	NaN	NaN	
1063	NaN	NaN	
1064	NaN	NaN	
1065	NaN	NaN	
1066	NaN	NaN	
1067	NaN	NaN	
1068	NaN	NaN	
1069	NaN	NaN	
1070	NaN	NaN	
1071	NaN	NaN	
1072	NaN	NaN	
1073	NaN	NaN	
1074	NaN	NaN	
1075	NaN	NaN	
1076	NaN	NaN	
1077	NaN	NaN	
1078	NaN	NaN	
1079	NaN	NaN	
1080	NaN	NaN	
1081	NaN	NaN	
1082	NaN	NaN	
1083	NaN	NaN	
1084	NaN	NaN	
1085	NaN	NaN	
1086	NaN	NaN	
1087	NaN	NaN	
1088	NaN	NaN	
1089	NaN	NaN	
1090	NaN	NaN	
1091	NaN	NaN	
1092	NaN	NaN	
1093	NaN	NaN	
1094	NaN	NaN	
1095	NaN	NaN	
1096	NaN	NaN	
1097	NaN	NaN	
1098	NaN	NaN	
1099	NaN	NaN	
1100	NaN	NaN	
1101	NaN	NaN	
1102	NaN	NaN	
1103	NaN	NaN	
1104	NaN	NaN	
1105	NaN	NaN	
1106	NaN	NaN	
1107	NaN	NaN	
1108	NaN	NaN	
1109	NaN	NaN	
1110	NaN	NaN	
1111	NaN	NaN	
1112	NaN	NaN	
1113	NaN	NaN	
1114	NaN	NaN	
1115	NaN	NaN	
1116	NaN	NaN	
1117	NaN	NaN	
1118	NaN	NaN	
1119	NaN	NaN	
1120	NaN	NaN	
1121	NaN	NaN	
1122	NaN	NaN	
1123	NaN	NaN	
1124	NaN	NaN	
1125	NaN	NaN	
1126	NaN	NaN	
1127	NaN	NaN	
1128	NaN	NaN	
1129	NaN	NaN	
1130	NaN	NaN	
1131	NaN	NaN	
1132	NaN	NaN	
1133	NaN	NaN	
1134	NaN	NaN	
1135	NaN	NaN	
1136	NaN	NaN	
1137	NaN	NaN	
1138	NaN	NaN	
1139	NaN	NaN	
1140	NaN	NaN	
1141	NaN	NaN	
1142	NaN	NaN	
1143	NaN	NaN	
1144	NaN	NaN	
1145	NaN	NaN	
1146	NaN	NaN	
1147	NaN	NaN	
1148	NaN	NaN	
1149	NaN	NaN	
1150	NaN	NaN	
1151	NaN	NaN	
1152	NaN	NaN	
1153	NaN	NaN	
1154	NaN	NaN	
1155	NaN	NaN	
1156	NaN	NaN	
1157	NaN	NaN	
1158	NaN	NaN	
1159	NaN	NaN	
1160	NaN	NaN	
1161	NaN	NaN	
1162	NaN	NaN	
1163	NaN	NaN	
1164	NaN	NaN	
1165	NaN	NaN	
1166	NaN	NaN	
1167	NaN	NaN	
1168	NaN	NaN	
1169	NaN	NaN	
1170	NaN	NaN	
1171	NaN	NaN	
1172	NaN	NaN	
1173	NaN	NaN	
1174	NaN	NaN	
1175	NaN	NaN	
1176	NaN	NaN	
1177	NaN	NaN	
1178	NaN	NaN	
1179	NaN	NaN	
1180	NaN	NaN	
1181	NaN	NaN	
1182	NaN	NaN	
1183	NaN	NaN	
1184	NaN	NaN	
1185	NaN	NaN	
1186	NaN	NaN	
1187	NaN	NaN	
1188	NaN	NaN	
1189	NaN	NaN	
1190	NaN	NaN	
1191	NaN	NaN	
1192	NaN	NaN	
1193	NaN	NaN	
1194	NaN	NaN	
1195	NaN	NaN	
1196	NaN	NaN	
1197	NaN	NaN	
1198	NaN	NaN	
1199	NaN	NaN	
1200	NaN	NaN	
1201	NaN	NaN	
1202	NaN	NaN	
1203	NaN	NaN	
1204	NaN	NaN	
1205	NaN	NaN	
1206	NaN	NaN	
1207	NaN	NaN	
1208	NaN	NaN	
1209	NaN	NaN	
1210	NaN	NaN	
1211	NaN	NaN	
1212	NaN	NaN	
1213	NaN	NaN	
1214	NaN	NaN	
1215	NaN	NaN	
1216	NaN	NaN	
1217	NaN	NaN	
1218	NaN	NaN	
1219	NaN	NaN	
1220	NaN	NaN	
1221	NaN	NaN	
1222	NaN	NaN	
1223	NaN	NaN	
1224	NaN	NaN	
1225	NaN	NaN	
1226	NaN	NaN	
1227	NaN	NaN	
1228	NaN	NaN	
1229	NaN	NaN	
1230	NaN	NaN	
1231	NaN	NaN	
1232	NaN	NaN	
1233	NaN	NaN	
1234	NaN	NaN	
1235	NaN	NaN	
1236	NaN	NaN	
1237	NaN	NaN	
1238	NaN	NaN	
1239	NaN	NaN	
1240	NaN	NaN	
1241	NaN	NaN	
1242	NaN	NaN	
1243	NaN	NaN	
1244	NaN	NaN	
1245	NaN	NaN	
1246	NaN	NaN	
1247	NaN	NaN	
1248	NaN	NaN	
1249	NaN	NaN	
1250	NaN	NaN	
1251	NaN	NaN	
1252	NaN	NaN	
1253	NaN	NaN	
1254	NaN	NaN	
1255	NaN	NaN	
1256	NaN	NaN	
1257	NaN	NaN	
1258	NaN	NaN	
1259	NaN	NaN	
1260	NaN	NaN	
1261	NaN	NaN	
1262	NaN	NaN	
1263	NaN	NaN	
1264	NaN	NaN	
1265	NaN	NaN	
1266	NaN	NaN	
1267	NaN	NaN	
1268	NaN	NaN	
1269	NaN	NaN	
1270	NaN	NaN	
1271	NaN	NaN	
1272	NaN	NaN	
1273	NaN	NaN	
1274	NaN	NaN	
1275	NaN	NaN	
1276	NaN	NaN	
1277	NaN	NaN	
1278	NaN	NaN	
1279	NaN	NaN	
1280	NaN	NaN	
1281	NaN	NaN	
1282	NaN	NaN	
1283	NaN	NaN	
1284	NaN	NaN	
1285	NaN	NaN	
1286	NaN	NaN	
1287	NaN	NaN	
1288	NaN	NaN	
1289	NaN	NaN	
1290	NaN	NaN	
1291	NaN	NaN	
1292	NaN	NaN	
1293	NaN	NaN	
1294	NaN	NaN	
1295	NaN	NaN	
1296	NaN	NaN	
1297	NaN	NaN	
1298	NaN	NaN	
1299	NaN	NaN	
1300	NaN	NaN	
1301	NaN	NaN	
1302	NaN	NaN	
1303	NaN	NaN	
1304	NaN	NaN	
