Athlete_Engineering	// User ID
11-2-2021	// Evaluation date
P010_WALK6	27-1-2021	16:10:53:286	// Source file name and timestamp
250.000	// Sampling rate
5.538	// Data capture period



Sample #	Right_Leg_Flexion	Right_Leg_Abduction	
0	-68.431485	30.483067	
1	-68.802408	30.767844	
2	-68.641038	24.606243	
3	-68.041327	26.119348	
4	-67.643416	30.764382	
5	-68.174251	29.480403	
6	-65.928328	28.872511	
7	-63.753459	27.511057	
8	-64.378052	26.468676	
9	-64.130303	26.238047	
10	-64.209699	27.112739	
11	-64.628470	27.753120	
12	-63.823991	25.524757	
13	-67.847367	28.434950	
14	-68.222815	29.924355	
15	-64.010637	27.708389	
16	-64.477795	22.655237	
17	-64.947510	23.256099	
18	-64.636718	28.440333	
19	-64.046750	27.183726	
20	-64.145476	27.993682	
21	-63.562478	27.171185	
22	-65.131013	27.068585	
23	-65.959849	28.208336	
24	-65.659991	26.412440	
25	-65.524270	23.721506	
26	-64.214290	26.010475	
27	-64.800405	28.127787	
28	-64.604301	27.670119	
29	-64.639298	27.565278	
30	-65.467248	27.612402	
31	-65.327244	27.945932	
32	-65.141145	27.529659	
33	-65.014966	27.539324	
34	-64.974722	27.438152	
35	-64.968868	27.247399	
36	-65.239947	27.353149	
37	-64.773448	27.253179	
38	-64.421307	26.138654	
39	-64.576432	26.401321	
40	-64.226417	27.755162	
41	-65.071713	28.307810	
42	-65.175860	28.794820	
43	-64.044312	27.149500	
44	-64.160590	27.157772	
45	-64.230303	27.777933	
46	-64.012137	28.439313	
47	-65.238191	26.120793	
48	-65.730178	27.524505	
49	-65.577477	27.598984	
50	-65.644538	27.067360	
51	-65.532568	30.750218	
52	-65.823419	29.732817	
53	-65.746865	29.724083	
54	-66.369355	30.919110	
55	-67.884301	28.824304	
56	-67.365876	28.744756	
57	-65.858097	30.300447	
58	-67.924270	30.176434	
59	-69.987672	32.109474	
60	-67.638065	29.135697	
61	-65.941312	29.583827	
62	-65.107780	29.731011	
63	-68.728119	32.934936	
64	-68.295876	33.407574	
65	-64.406587	28.358924	
66	-65.927019	28.746881	
67	-65.110136	28.403670	
68	-64.163045	28.714150	
69	-66.553310	30.832195	
70	-67.147008	30.698209	
71	-64.657255	28.915767	
72	-65.015253	29.124704	
73	-67.063970	30.840096	
74	-66.888450	30.503664	
75	-65.116339	28.692414	
76	-64.974738	28.444674	
77	-65.357295	28.456991	
78	-64.864917	27.740402	
79	-64.349313	28.400826	
80	-63.950658	29.192055	
81	-67.190397	31.516467	
82	-66.683241	31.496372	
83	-66.381494	31.871185	
84	-67.110487	31.917988	
85	-66.066348	29.466251	
86	-68.764560	32.013810	
87	-66.804625	30.507084	
88	-64.909441	28.772363	
89	-65.223670	29.237404	
90	-65.307962	29.935085	
91	-65.109393	30.363103	
92	-66.938909	31.097917	
93	-67.745363	30.254629	
94	-69.204086	31.650736	
95	-68.198973	31.280228	
96	-65.033080	27.953324	
97	-65.600836	29.080408	
98	-65.438210	30.006016	
99	-65.319615	29.598775	
100	-65.124103	29.059632	
101	-65.590759	29.762620	
102	-65.617487	30.351261	
103	-65.217703	29.729137	
104	-64.851904	29.316594	
105	-64.794846	29.562321	
106	-64.435482	28.865410	
107	-64.822291	29.815589	
108	-64.394742	29.970338	
109	-67.461178	32.232251	
110	-67.153223	31.461264	
111	-63.116417	27.576597	
112	-63.951457	28.808517	
113	-64.016554	28.631666	
114	-63.631627	27.457744	
115	-63.016195	28.448593	
116	-63.117608	23.558147	
117	-63.571212	23.790649	
118	-63.083945	29.193832	
119	-62.619959	28.233178	
120	-63.302238	28.605477	
121	-62.734299	27.929762	
122	-61.333747	26.538039	
123	-62.058026	27.284313	
124	-61.671743	27.780260	
125	-60.654121	26.175802	
126	-60.808516	24.989304	
127	-60.485552	25.345882	
128	-60.158072	25.574994	
129	-59.472053	25.039823	
130	-61.637127	23.989182	
131	-63.892288	23.053720	
132	-60.459164	21.455315	
133	-59.044207	21.571150	
134	-59.270668	21.798429	
135	-57.286692	18.634557	
136	-57.044691	16.512880	
137	-56.639844	22.600044	
138	-56.436243	21.771031	
139	-55.663837	23.298434	
140	-53.559059	22.462462	
141	-53.327750	17.921453	
142	-53.961615	20.125613	
143	-51.905948	15.357070	
144	-54.987503	14.223906	
145	-57.371906	15.809404	
146	-52.737839	11.760650	
147	-50.046369	12.316292	
148	-50.327168	12.048562	
149	-49.742581	11.766155	
150	-48.890688	11.412321	
151	-48.196943	11.279946	
152	-48.191416	10.656240	
153	-47.774162	10.978401	
154	-46.978617	10.719780	
155	-46.538531	9.866596	
156	-45.257434	10.123859	
157	-47.690387	13.950307	
158	-45.604000	11.264528	
159	-40.705502	8.609313	
160	-41.648213	10.206567	
161	-39.768414	8.597453	
162	-43.171515	9.460909	
163	-42.124496	9.268564	
164	-39.601084	9.992701	
165	-39.548635	10.583337	
166	-36.896574	7.884226	
167	-41.532742	8.356945	
168	-38.896240	9.268973	
169	-35.765816	6.719487	
170	-37.128365	5.748460	
171	-36.625282	6.196939	
172	-34.636405	7.588840	
173	-31.929993	8.950476	
174	-34.047535	7.453160	
175	-34.900487	5.866482	
176	-34.149020	5.786863	
177	-33.448066	5.517121	
178	-30.980879	6.076752	
179	-31.876264	5.588944	
180	-32.763152	4.653385	
181	-31.974263	4.746097	
182	-33.085838	3.219774	
183	-28.900448	5.211370	
184	-29.599038	3.766902	
185	-31.807897	1.196478	
186	-29.316055	2.295489	
187	-28.793140	2.064012	
188	-30.186559	1.198444	
189	-29.446386	2.266569	
190	-27.046879	3.509533	
191	-28.230113	2.247509	
192	-28.619576	1.506915	
193	-27.169391	2.505601	
194	-27.619674	2.174854	
195	-27.079801	2.180542	
196	-25.671196	1.515579	
197	-26.255119	0.571215	
198	-25.797627	1.154462	
199	-25.426099	0.804153	
200	-26.277101	0.096632	
201	-25.999392	0.217018	
202	-24.394465	1.584546	
203	-25.004295	0.841403	
204	-23.678700	1.649930	
205	-23.312230	1.502036	
206	-23.222186	1.250597	
207	-22.875802	1.550582	
208	-23.809650	1.204946	
209	-22.739848	1.874659	
210	-22.413917	1.524279	
211	-22.050852	1.718927	
212	-22.218010	1.613807	
213	-21.349190	1.377534	
214	-22.996276	-0.407760	
215	-24.283570	-0.759116	
216	-23.638989	-0.160702	
217	-24.115010	-0.939392	
218	-25.046272	-0.996362	
219	-24.577070	-1.134735	
220	-23.007462	-0.362297	
221	-23.363839	0.261308	
222	-23.382283	-0.530652	
223	-23.585463	-1.336684	
224	-23.530513	-0.821625	
225	-23.499358	-0.743481	
226	-23.515299	-0.756468	
227	-23.451933	-0.858408	
228	-23.329727	-1.126842	
229	-23.783242	-1.415799	
230	-23.866233	-1.701666	
231	-23.775397	-1.812741	
232	-25.058708	-1.425135	
233	-25.215311	-1.336090	
234	-24.461842	-1.309626	
235	-25.334534	-1.847455	
236	-25.475108	-3.374970	
237	-25.377330	-2.734471	
238	-25.656241	-2.743353	
239	-26.213757	-3.898639	
240	-26.549253	-3.706702	
241	-26.818432	-2.041728	
242	-26.892706	-2.170941	
243	-26.253951	-3.041064	
244	-26.103096	-2.594652	
245	-26.026470	-2.497384	
246	-26.241409	-2.902281	
247	-26.882733	-3.130173	
248	-26.682634	-2.490652	
249	-25.366684	-1.755111	
250	-27.316608	-3.174711	
251	-26.650025	-2.708527	
252	-24.689932	-0.965248	
253	-25.904568	-2.757181	
254	-25.340219	-2.380475	
255	-24.893213	-0.496171	
256	-24.566807	-1.161329	
257	-25.705463	-2.715172	
258	-27.212662	-2.902990	
259	-26.969596	-2.422282	
260	-26.525445	-1.760912	
261	-26.786788	-1.349070	
262	-26.280293	-2.441188	
263	-25.632155	-2.615462	
264	-26.006383	-2.309739	
265	-27.189125	-2.449570	
266	-28.311290	-2.572734	
267	-27.454559	-1.777973	
268	-27.227424	-2.825092	
269	-27.245869	-3.675910	
270	-27.134637	-2.195120	
271	-27.547763	-2.335677	
272	-28.935415	-2.957063	
273	-28.227171	-4.558484	
274	-30.140480	-2.287168	
275	-30.270173	-1.195964	
276	-31.763239	-2.753638	
277	-34.080692	-0.579424	
278	-32.385692	-0.867602	
279	-33.541354	-1.138918	
280	-32.803108	-1.823118	
281	-33.858581	-3.492784	
282	-34.706664	-1.218751	
283	-33.682183	-0.350449	
284	-33.732531	-1.646410	
285	-34.515619	-2.959917	
286	-34.225729	-3.528414	
287	-34.127365	-3.455602	
288	-34.626073	-2.202698	
289	-34.999576	-1.891518	
290	-35.420248	-2.409054	
291	-36.444405	-1.992208	
292	-36.519376	-0.880210	
293	-36.881372	-1.595834	
294	-36.962254	-2.247589	
295	-37.515405	-2.672497	
296	-38.920815	-2.526400	
297	-37.403904	-0.293908	
298	-37.667566	-1.416617	
299	-37.633643	0.194321	
300	-36.971237	0.222598	
301	-37.871120	-0.951839	
302	-38.683835	0.219131	
303	-38.955068	0.704345	
304	-39.919029	0.358602	
305	-39.687637	0.480732	
306	-38.779521	0.030015	
307	-40.321274	-0.663421	
308	-40.145085	0.464068	
309	-40.079790	0.635177	
310	-41.673943	-0.162581	
311	-41.581375	-1.010551	
312	-41.792409	-0.419263	
313	-42.488199	-0.914103	
314	-42.247701	-1.059229	
315	-41.700228	0.992318	
316	-41.789601	2.263811	
317	-42.696865	0.928401	
318	-43.401476	-0.363187	
319	-43.925651	-0.008719	
320	-43.384983	-0.115613	
321	-42.956823	0.700223	
322	-44.070604	0.885825	
323	-44.055759	0.443287	
324	-43.741244	0.216481	
325	-44.554871	1.143197	
326	-44.670709	0.146364	
327	-44.366333	-0.202037	
328	-44.498514	0.881774	
329	-44.612122	0.612141	
330	-45.185372	-0.415114	
331	-46.372053	-1.551163	
332	-47.087450	-0.018809	
333	-47.936168	2.660678	
334	-47.576518	3.548576	
335	-46.433583	3.980677	
336	-47.475668	3.054324	
337	-48.432675	1.447329	
338	-48.337491	1.383903	
339	-48.670372	1.911847	
340	-49.182754	2.632237	
341	-49.769286	3.284742	
342	-49.313419	2.969433	
343	-49.090339	1.772851	
344	-48.976204	2.879249	
345	-49.697119	2.625417	
346	-50.959932	2.537852	
347	-49.919757	2.420376	
348	-48.706067	1.542504	
349	-50.851150	2.878520	
350	-52.624859	3.908079	
351	-51.088064	2.988933	
352	-49.571765	2.394609	
353	-49.421982	3.276178	
354	-50.236401	3.984152	
355	-51.687915	3.783936	
356	-50.609489	3.636859	
357	-50.645271	4.719393	
358	-51.704728	5.574916	
359	-53.102108	6.401509	
360	-53.477208	6.046116	
361	-52.351800	5.376662	
362	-54.580885	6.128700	
363	-55.469681	7.225902	
364	-55.248025	7.950546	
365	-54.301657	7.352329	
366	-55.168572	8.016720	
367	-56.740275	8.581433	
368	-56.942399	9.074426	
369	-55.416369	8.093140	
370	-54.017589	7.003850	
371	-57.104844	8.780856	
372	-58.351214	9.698218	
373	-55.205640	8.876493	
374	-55.730681	8.198719	
375	-57.491694	8.994409	
376	-57.687141	9.874100	
377	-58.683837	9.531473	
378	-58.600076	9.989808	
379	-58.629039	11.320437	
380	-58.830500	10.139568	
381	-59.106336	9.467557	
382	-60.708059	10.180176	
383	-59.963050	9.804647	
384	-57.127815	9.654727	
385	-59.622614	9.937411	
386	-61.948835	9.496690	
387	-61.681258	9.003349	
388	-61.394962	9.345128	
389	-61.689057	10.457734	
390	-62.288852	10.741037	
391	-62.465624	10.568605	
392	-63.510744	10.840239	
393	-63.970161	11.593801	
394	-63.225585	12.505074	
395	-63.156977	13.092421	
396	-61.951422	11.519267	
397	-62.452194	11.435231	
398	-63.687239	11.972846	
399	-63.422412	11.464838	
400	-63.767807	11.729038	
401	-63.983049	11.995183	
402	-64.512851	12.928198	
403	-64.787546	11.766785	
404	-65.516918	12.135480	
405	-65.829626	13.102907	
406	-65.678710	12.739989	
407	-65.854962	12.560285	
408	-66.676669	12.249907	
409	-67.358017	13.075577	
410	-66.941350	14.361784	
411	-66.781320	13.968933	
412	-66.896800	13.903514	
413	-67.268551	14.419799	
414	-67.737316	13.259705	
415	-67.356878	13.800670	
416	-67.269769	14.042298	
417	-67.750567	13.265050	
418	-68.089297	14.405121	
419	-68.205713	15.878646	
420	-68.153035	14.875964	
421	-68.399754	14.240035	
422	-68.613413	14.674004	
423	-68.598896	15.650112	
424	-68.099042	14.405355	
425	-68.615322	12.767192	
426	-69.621873	14.622874	
427	-69.300255	15.495182	
428	-68.872380	14.512371	
429	-69.222435	13.583463	
430	-69.583574	14.097738	
431	-69.153437	13.806411	
432	-69.209522	12.391602	
433	-69.514709	12.961816	
434	-69.841309	14.297610	
435	-69.088845	13.282254	
436	-68.682601	12.995545	
437	-69.795479	14.162007	
438	-69.862672	13.305640	
439	-69.543922	12.274145	
440	-69.747860	13.828562	
441	-69.611015	14.019174	
442	-69.330317	14.127374	
443	-69.377996	14.855699	
444	-68.930811	14.017654	
445	-68.733868	13.880115	
446	-68.723515	13.633948	
447	-68.274900	15.339446	
448	-67.764890	15.716556	
449	-67.800493	15.331228	
450	-66.645421	15.131392	
451	-65.817137	15.387869	
452	-66.038007	15.775388	
453	-65.105841	14.438547	
454	-64.527880	15.682438	
455	-64.171849	16.416421	
456	-63.362314	16.213786	
457	-62.991330	16.651380	
458	-61.563599	15.174405	
459	-60.931597	15.311551	
460	-61.015280	15.587427	
461	-59.986330	14.775389	
462	-59.284951	15.735255	
463	-58.830869	15.885284	
464	-58.193375	16.573982	
465	-56.991511	17.037519	
466	-56.610978	15.884901	
467	-56.127809	17.341091	
468	-55.178207	17.615816	
469	-54.602369	16.040714	
470	-54.016602	16.531829	
471	-53.796513	15.078856	
472	-53.118449	15.823877	
473	-52.749703	16.892411	
474	-52.308507	15.626958	
475	-51.344726	15.046164	
476	-51.082374	14.814320	
477	-50.527880	14.471421	
478	-49.893031	13.419188	
479	-49.453023	13.040049	
480	-48.830636	12.652836	
481	-48.507952	11.157604	
482	-48.221397	11.122427	
483	-47.319014	11.140080	
484	-46.580602	10.492079	
485	-46.186333	10.762027	
486	-45.813723	10.282890	
487	-45.320432	10.466290	
488	-44.361181	9.815489	
489	-43.894916	8.698963	
490	-43.810564	8.702499	
491	-42.853264	8.500011	
492	-42.089892	8.619958	
493	-41.770392	8.874758	
494	-41.302828	8.321180	
495	-41.054197	7.301914	
496	-40.672620	6.622043	
497	-39.965525	6.435086	
498	-39.612691	6.529675	
499	-39.084102	5.965969	
500	-38.215705	5.209085	
501	-37.900215	5.054981	
502	-37.556447	5.052127	
503	-37.352950	5.140653	
504	-37.221849	4.138125	
505	-36.556857	4.179951	
506	-35.663055	4.273386	
507	-35.389411	2.950792	
508	-35.415837	2.224897	
509	-35.224855	2.151710	
510	-34.905558	2.094866	
511	-34.438101	1.932200	
512	-33.973307	1.725928	
513	-34.023503	1.095013	
514	-34.023487	0.966614	
515	-33.395695	0.853992	
516	-33.325828	0.681682	
517	-33.189202	-0.013627	
518	-33.094063	0.076907	
519	-33.304305	-0.196422	
520	-33.040791	-0.918207	
521	-32.669608	-0.414371	
522	-32.551779	-0.624886	
523	-32.740588	-2.061635	
524	-32.892992	-1.997869	
525	-32.787334	-1.020235	
526	-33.153597	-3.171959	
527	-33.502491	-4.103532	
528	-32.047024	-1.450305	
529	-32.133736	-1.367388	
530	-33.233085	-2.964582	
531	-33.210204	-2.962021	
532	-33.315333	-2.248059	
533	-32.896823	-1.301764	
534	-33.187741	-1.672985	
535	-33.314904	-1.050667	
536	-34.333853	-4.422124	
537	-35.323659	-8.175618	
538	-34.459428	-5.033077	
539	-33.987121	-0.488712	
540	-35.437575	-5.939405	
541	-35.384765	-7.086667	
542	-34.983193	-4.126058	
543	-35.207261	-2.754951	
544	-34.969021	-1.019106	
545	-35.335059	-0.529400	
546	-35.777109	-2.491683	
547	-36.151194	-4.227006	
548	-36.025462	-1.316305	
549	-36.726379	-2.688798	
550	-37.145583	-1.361601	
551	-36.767197	-1.220995	
552	-36.915019	-1.206008	
553	-37.349607	-0.611783	
554	-37.757215	-0.206110	
555	-38.414399	-1.144248	
556	-38.884879	-1.550997	
557	-38.870268	1.915026	
558	-39.254119	0.329525	
559	-39.420543	1.294006	
560	-39.291726	1.106394	
561	-39.308592	1.251247	
562	-39.377191	1.173951	
563	-39.489814	1.708823	
564	-39.454533	-0.675036	
565	-39.420532	-1.095710	
566	-39.334155	0.786316	
567	-39.044648	-0.223471	
568	-39.056856	0.129637	
569	-39.213419	0.229983	
570	-38.620123	0.434720	
571	-38.494700	0.141736	
572	-38.443415	-0.008235	
573	-38.428085	0.011523	
574	-38.676466	-0.372562	
575	-38.383126	-0.363885	
576	-38.427078	-0.150142	
577	-38.414633	0.269229	
578	-38.130568	-0.597838	
579	-38.369278	0.578219	
580	-38.998611	-2.582710	
581	-39.405324	-2.796000	
582	-39.799444	-1.943206	
583	-40.273302	-4.715300	
584	-40.159954	-4.556892	
585	-40.121162	-1.911391	
586	-40.388683	-1.902669	
587	-41.160039	-4.988839	
588	-41.170829	-1.673497	
589	-40.889961	0.675965	
590	-41.473412	0.939997	
591	-41.782965	-1.633809	
592	-41.691562	-2.258683	
593	-42.010116	0.222813	
594	-42.200645	-0.191661	
595	-42.409141	-0.121530	
596	-42.690562	-0.281836	
597	-42.548792	-0.161228	
598	-43.053988	-0.642767	
599	-43.240915	-0.856356	
600	-43.345482	-0.973388	
601	-43.479032	-1.240308	
602	-43.981712	-1.731106	
603	-44.077828	-0.193431	
604	-43.208182	-0.232351	
605	-43.962565	-3.687715	
606	-44.565106	-4.128105	
607	-44.202741	-3.111602	
608	-43.477469	-0.670892	
609	-44.420787	-1.575353	
610	-45.114442	1.374684	
611	-45.742552	-1.013693	
612	-46.397868	-4.695005	
613	-46.812804	-2.210764	
614	-47.694369	-3.360325	
615	-47.446048	-2.293974	
616	-47.907130	-2.390951	
617	-48.740676	-5.127294	
618	-48.858925	-4.308275	
619	-48.941956	-2.539285	
620	-49.366700	-2.766755	
621	-49.944258	-5.555969	
622	-50.019767	-2.253144	
623	-50.514420	-2.388345	
624	-50.611969	-2.409709	
625	-50.950376	1.251600	
626	-51.216190	-1.916018	
627	-51.236379	-3.347502	
628	-51.467847	-2.836292	
629	-51.874013	-3.585463	
630	-52.245422	-1.033197	
631	-52.501631	-1.656085	
632	-53.029675	-0.752642	
633	-53.148892	-0.454885	
634	-53.185068	-0.962291	
635	-53.838908	0.470312	
636	-53.871055	-2.702989	
637	-54.382150	-1.438193	
638	-55.491239	1.549027	
639	-55.272443	-1.123063	
640	-55.239415	-1.431183	
641	-55.522686	1.605400	
642	-56.151606	1.393168	
643	-56.824146	2.476784	
644	-57.148705	2.640142	
645	-57.619272	2.744860	
646	-57.453248	3.015680	
647	-57.732491	2.961132	
648	-57.924739	4.091011	
649	-58.406911	3.578839	
650	-59.180014	3.684137	
651	-59.156646	4.697331	
652	-60.063465	4.781512	
653	-60.872669	4.513719	
654	-60.679618	4.975215	
655	-60.775604	5.206825	
656	-61.121443	4.435816	
657	-61.795410	4.342222	
658	-61.941382	5.166938	
659	-61.995479	5.404570	
660	-62.100370	5.783084	
661	-62.302356	6.142839	
662	-62.604540	6.313838	
663	-62.778778	6.439153	
664	-63.431458	7.004105	
665	-63.644971	7.052852	
666	-63.801933	7.238133	
667	-64.218789	7.765219	
668	-63.926916	7.989193	
669	-63.911431	8.013338	
670	-64.650720	8.069972	
671	-64.796557	8.747806	
672	-64.931047	9.270651	
673	-65.108414	8.745717	
674	-65.185304	8.734171	
675	-65.820520	9.895802	
676	-66.100298	10.172295	
677	-66.136240	10.379198	
678	-66.189029	11.210739	
679	-66.160133	10.398459	
680	-66.596020	10.845382	
681	-67.079656	11.983505	
682	-67.280656	11.513423	
683	-67.149840	11.234287	
684	-67.567803	11.668324	
685	-68.063629	12.101522	
686	-68.121174	11.485344	
687	-68.433191	12.037642	
688	-69.055891	13.630925	
689	-69.193768	13.597516	
690	-69.444163	13.097091	
691	-70.102020	14.044395	
692	-69.752861	13.368696	
693	-69.686098	13.890029	
694	-69.741787	14.057422	
695	-70.190687	13.994690	
696	-70.514908	15.343465	
697	-70.223891	14.463265	
698	-70.690784	14.530371	
699	-70.929490	15.393280	
700	-71.057557	14.980980	
701	-71.235819	15.401430	
702	-71.263991	15.443235	
703	-71.537123	14.581782	
704	-71.631457	15.603590	
705	-71.501649	16.309900	
706	-72.090334	16.824946	
707	-72.461717	16.911405	
708	-72.404627	16.857779	
709	-72.510446	17.112454	
710	-72.543049	16.808932	
711	-72.355373	17.775559	
712	-72.456084	17.351285	
713	-72.451778	15.830606	
714	-72.577173	17.624040	
715	-72.854148	18.090961	
716	-72.442979	17.402896	
717	-72.269540	17.174132	
718	-72.514209	16.738514	
719	-72.893891	17.277162	
720	-73.288435	17.205663	
721	-73.211794	16.955890	
722	-73.301487	17.111800	
723	-73.576689	17.682853	
724	-73.452976	17.698325	
725	-73.320266	16.913298	
726	-73.471232	16.645149	
727	-73.075793	15.457767	
728	-73.394229	15.026944	
729	-73.778176	16.273875	
730	-73.769919	17.252405	
731	-74.054054	17.651169	
732	-73.525553	16.895799	
733	-73.414324	16.436090	
734	-73.761514	16.507086	
735	-73.846116	15.565174	
736	-73.666985	15.626132	
737	-73.313376	16.074581	
738	-73.305950	16.437772	
739	-73.255821	17.536859	
740	-72.955044	18.129890	
741	-72.703401	17.307255	
742	-71.355213	15.774486	
743	-71.029763	16.598591	
744	-71.128456	16.954264	
745	-70.411275	16.411905	
746	-69.928525	16.993890	
747	-69.487287	17.290430	
748	-68.886003	17.376820	
749	-67.880759	17.696903	
750	-67.247274	17.718301	
751	-66.735092	17.855033	
752	-66.102803	18.056167	
753	-65.105413	17.968806	
754	-64.319076	17.440241	
755	-63.657300	17.967733	
756	-62.867703	18.166807	
757	-62.344579	17.715867	
758	-61.426734	17.561652	
759	-60.782637	17.981024	
760	-60.363188	18.347149	
761	-59.800034	18.575628	
762	-59.108246	18.599828	
763	-58.146939	17.900269	
764	-57.571919	18.079528	
765	-56.909167	17.894704	
766	-56.268614	17.142232	
767	-55.344182	17.139308	
768	-53.712395	16.736691	
769	-53.697811	16.186741	
770	-53.811219	16.802048	
771	-52.325455	16.303880	
772	-51.828316	15.965751	
773	-52.070566	16.693945	
774	-51.737421	16.426241	
775	-50.383957	15.876344	
776	-49.032091	15.488864	
777	-48.399220	14.841047	
778	-48.547058	14.985713	
779	-47.643122	14.858650	
780	-46.731213	14.053000	
781	-46.979775	14.116589	
782	-46.469840	14.111348	
783	-45.925605	13.764502	
784	-44.852281	12.781919	
785	-44.717365	12.627293	
786	-44.530983	12.504556	
787	-43.374155	11.625721	
788	-42.574518	11.170598	
789	-42.253390	10.844079	
790	-41.382609	10.621857	
791	-40.985769	9.681853	
792	-41.135910	9.256686	
793	-40.365922	5.643356	
794	-39.787377	5.581065	
795	-38.981098	8.177266	
796	-38.866308	4.715060	
797	-38.902430	2.682353	
798	-38.856860	4.452641	
799	-38.112045	6.477246	
800	-37.789371	3.344060	
801	-37.660473	3.026141	
802	-37.153828	5.085449	
803	-36.936715	1.027801	
804	-36.479816	1.840989	
805	-36.722215	1.578083	
806	-36.582895	0.321640	
807	-35.940694	2.278909	
808	-35.510266	1.275506	
809	-34.763393	1.692217	
810	-34.273600	1.429047	
811	-34.727447	1.051205	
812	-35.041656	0.842488	
813	-34.516521	0.487728	
814	-33.559202	0.308212	
815	-34.009348	0.393423	
816	-34.488704	-0.039570	
817	-34.164975	-0.039949	
818	-33.888232	-1.833498	
819	-34.101485	-4.618278	
820	-34.240362	-2.534681	
821	-34.010345	-2.831748	
822	-33.987670	-3.512190	
823	-34.414357	-0.892174	
824	-34.188042	-0.369391	
825	-33.417387	-0.892590	
826	-33.543124	-1.672256	
827	-33.275206	-0.896051	
828	-32.477824	-0.291344	
829	-33.765656	-0.837069	
830	-34.555975	-0.868838	
831	-33.462455	-0.645392	
832	-33.053689	-0.267651	
833	-33.482874	0.987848	
834	-33.658748	-1.089020	
835	-34.472674	-2.339976	
836	-34.818624	0.252119	
837	-36.047250	2.224240	
838	-37.282935	2.912116	
839	-34.260398	1.369003	
840	-33.596001	0.667800	
841	-34.453917	1.499044	
842	-36.028844	3.063656	
843	-37.194540	2.603323	
844	-36.576699	2.827483	
845	-35.869720	2.816646	
846	-35.506631	3.097853	
847	-37.023068	3.141619	
848	-37.555187	3.421994	
849	-37.400377	4.931208	
850	-37.667130	6.195052	
851	-37.942917	5.943412	
852	-38.130520	5.997504	
853	-37.682186	6.323053	
854	-37.262717	6.111874	
855	-37.121564	5.582456	
856	-37.594829	4.853554	
857	-37.014167	4.202953	
858	-36.476535	4.362302	
859	-36.675427	4.260756	
860	-36.795892	3.577929	
861	-36.556583	2.896415	
862	-36.108163	3.376247	
863	-35.386247	2.717586	
864	-35.065642	2.994846	
865	-35.131939	2.691437	
866	-35.878707	2.489838	
867	-35.656760	2.589152	
868	-35.557429	3.028946	
869	-35.724908	2.764785	
870	-35.775629	2.663632	
871	-35.654249	2.246962	
872	-36.025321	2.057887	
873	-35.828570	2.394811	
874	-35.030506	2.262778	
875	-35.635058	2.688584	
876	-36.656246	2.922428	
877	-38.062136	3.587312	
878	-37.619457	3.131596	
879	-37.171979	3.494677	
880	-37.344144	3.426143	
881	-38.019542	3.408514	
882	-38.633518	4.560170	
883	-38.396284	4.522715	
884	-37.920864	4.223981	
885	-38.245289	4.211320	
886	-38.822773	3.070496	
887	-39.120343	3.095838	
888	-39.773793	3.610080	
889	-40.586964	3.511257	
890	-40.992396	3.701330	
891	-41.254935	3.295808	
892	-41.614287	3.085686	
893	-41.171520	2.553172	
894	-42.005926	2.180767	
895	-43.257847	2.026644	
896	-42.652479	1.257200	
897	-41.096379	1.724285	
898	-42.909513	2.071746	
899	-42.417899	1.323744	
900	-41.828767	1.950528	
901	-43.615008	2.516003	
902	-43.661711	2.131069	
903	NaN	NaN	
904	NaN	NaN	
905	NaN	NaN	
906	NaN	NaN	
907	NaN	NaN	
908	NaN	NaN	
909	NaN	NaN	
910	NaN	NaN	
911	NaN	NaN	
912	NaN	NaN	
913	NaN	NaN	
914	NaN	NaN	
915	NaN	NaN	
916	NaN	NaN	
917	NaN	NaN	
918	NaN	NaN	
919	NaN	NaN	
920	NaN	NaN	
921	NaN	NaN	
922	NaN	NaN	
923	NaN	NaN	
924	NaN	NaN	
925	NaN	NaN	
926	NaN	NaN	
927	NaN	NaN	
928	NaN	NaN	
929	NaN	NaN	
930	NaN	NaN	
931	NaN	NaN	
932	NaN	NaN	
933	NaN	NaN	
934	NaN	NaN	
935	NaN	NaN	
936	NaN	NaN	
937	NaN	NaN	
938	NaN	NaN	
939	NaN	NaN	
940	NaN	NaN	
941	NaN	NaN	
942	NaN	NaN	
943	NaN	NaN	
944	NaN	NaN	
945	NaN	NaN	
946	NaN	NaN	
947	NaN	NaN	
948	-56.926042	3.801224	
949	-54.590600	3.388079	
950	-57.781657	4.892944	
951	-59.505450	4.571032	
952	-56.783516	4.018258	
953	-58.023513	6.466838	
954	-60.059618	8.493069	
955	-60.287433	9.035683	
956	-60.071567	6.384721	
957	-60.408856	7.722715	
958	-61.345407	9.382559	
959	-60.781498	7.594176	
960	-61.042612	7.857906	
961	-60.636764	7.418826	
962	-60.787933	7.403429	
963	-59.925245	6.356650	
964	-60.732071	8.308529	
965	-62.228847	12.266780	
966	-61.713004	10.162954	
967	-61.817763	10.716759	
968	-63.924002	14.934157	
969	-66.611521	15.227881	
970	-61.249309	7.497296	
971	-63.108653	9.376472	
972	-66.003322	11.144897	
973	-62.302148	6.731657	
974	-66.110960	8.178170	
975	-64.669023	10.545220	
976	-62.107701	11.781879	
977	-64.044935	10.082064	
978	-62.817768	8.615729	
979	-63.666801	9.701085	
980	-65.570804	11.699860	
981	-65.248529	10.206232	
982	-66.382656	10.226585	
983	-64.133612	8.947677	
984	-63.818346	7.425306	
985	NaN	NaN	
986	NaN	NaN	
987	NaN	NaN	
988	NaN	NaN	
989	NaN	NaN	
990	NaN	NaN	
991	NaN	NaN	
992	NaN	NaN	
993	NaN	NaN	
994	NaN	NaN	
995	NaN	NaN	
996	NaN	NaN	
997	NaN	NaN	
998	NaN	NaN	
999	NaN	NaN	
1000	NaN	NaN	
1001	NaN	NaN	
1002	NaN	NaN	
1003	NaN	NaN	
1004	NaN	NaN	
1005	NaN	NaN	
1006	NaN	NaN	
1007	NaN	NaN	
1008	NaN	NaN	
1009	NaN	NaN	
1010	NaN	NaN	
1011	NaN	NaN	
1012	NaN	NaN	
1013	NaN	NaN	
1014	NaN	NaN	
1015	NaN	NaN	
1016	NaN	NaN	
1017	NaN	NaN	
1018	NaN	NaN	
1019	NaN	NaN	
1020	NaN	NaN	
1021	NaN	NaN	
1022	NaN	NaN	
1023	NaN	NaN	
1024	NaN	NaN	
1025	NaN	NaN	
1026	NaN	NaN	
1027	NaN	NaN	
1028	NaN	NaN	
1029	NaN	NaN	
1030	NaN	NaN	
1031	NaN	NaN	
1032	NaN	NaN	
1033	NaN	NaN	
1034	NaN	NaN	
1035	NaN	NaN	
1036	NaN	NaN	
1037	NaN	NaN	
1038	NaN	NaN	
1039	NaN	NaN	
1040	NaN	NaN	
1041	NaN	NaN	
1042	NaN	NaN	
1043	NaN	NaN	
1044	NaN	NaN	
1045	NaN	NaN	
1046	NaN	NaN	
1047	NaN	NaN	
1048	NaN	NaN	
1049	NaN	NaN	
1050	NaN	NaN	
1051	NaN	NaN	
1052	NaN	NaN	
1053	NaN	NaN	
1054	NaN	NaN	
1055	NaN	NaN	
1056	NaN	NaN	
1057	NaN	NaN	
1058	NaN	NaN	
1059	NaN	NaN	
1060	NaN	NaN	
1061	NaN	NaN	
1062	NaN	NaN	
1063	NaN	NaN	
1064	NaN	NaN	
1065	NaN	NaN	
1066	NaN	NaN	
1067	NaN	NaN	
1068	NaN	NaN	
1069	NaN	NaN	
1070	NaN	NaN	
1071	NaN	NaN	
1072	NaN	NaN	
1073	NaN	NaN	
1074	NaN	NaN	
1075	NaN	NaN	
1076	NaN	NaN	
1077	NaN	NaN	
1078	NaN	NaN	
1079	NaN	NaN	
1080	NaN	NaN	
1081	NaN	NaN	
1082	NaN	NaN	
1083	NaN	NaN	
1084	NaN	NaN	
1085	NaN	NaN	
1086	NaN	NaN	
1087	NaN	NaN	
1088	NaN	NaN	
1089	NaN	NaN	
1090	NaN	NaN	
1091	NaN	NaN	
1092	NaN	NaN	
1093	NaN	NaN	
1094	NaN	NaN	
1095	NaN	NaN	
1096	NaN	NaN	
1097	NaN	NaN	
1098	NaN	NaN	
1099	NaN	NaN	
1100	NaN	NaN	
1101	NaN	NaN	
1102	NaN	NaN	
1103	NaN	NaN	
1104	NaN	NaN	
1105	NaN	NaN	
1106	NaN	NaN	
1107	NaN	NaN	
1108	NaN	NaN	
1109	NaN	NaN	
1110	NaN	NaN	
1111	NaN	NaN	
1112	NaN	NaN	
1113	NaN	NaN	
1114	NaN	NaN	
1115	NaN	NaN	
1116	NaN	NaN	
1117	NaN	NaN	
1118	NaN	NaN	
1119	NaN	NaN	
1120	NaN	NaN	
1121	NaN	NaN	
1122	NaN	NaN	
1123	NaN	NaN	
1124	NaN	NaN	
1125	NaN	NaN	
1126	NaN	NaN	
1127	NaN	NaN	
1128	NaN	NaN	
1129	NaN	NaN	
1130	NaN	NaN	
1131	NaN	NaN	
1132	NaN	NaN	
1133	NaN	NaN	
1134	NaN	NaN	
1135	NaN	NaN	
1136	NaN	NaN	
1137	NaN	NaN	
1138	NaN	NaN	
1139	NaN	NaN	
1140	NaN	NaN	
1141	NaN	NaN	
1142	NaN	NaN	
1143	NaN	NaN	
1144	NaN	NaN	
1145	NaN	NaN	
1146	NaN	NaN	
1147	NaN	NaN	
1148	NaN	NaN	
1149	NaN	NaN	
1150	NaN	NaN	
1151	NaN	NaN	
1152	NaN	NaN	
1153	NaN	NaN	
1154	NaN	NaN	
1155	NaN	NaN	
1156	NaN	NaN	
1157	NaN	NaN	
1158	NaN	NaN	
1159	NaN	NaN	
1160	NaN	NaN	
1161	NaN	NaN	
1162	NaN	NaN	
1163	NaN	NaN	
1164	NaN	NaN	
1165	NaN	NaN	
1166	NaN	NaN	
1167	NaN	NaN	
1168	NaN	NaN	
1169	NaN	NaN	
1170	NaN	NaN	
1171	NaN	NaN	
1172	NaN	NaN	
1173	NaN	NaN	
1174	NaN	NaN	
1175	NaN	NaN	
1176	NaN	NaN	
1177	NaN	NaN	
1178	NaN	NaN	
1179	NaN	NaN	
1180	NaN	NaN	
1181	NaN	NaN	
1182	NaN	NaN	
1183	NaN	NaN	
1184	NaN	NaN	
1185	NaN	NaN	
1186	NaN	NaN	
1187	NaN	NaN	
1188	NaN	NaN	
1189	NaN	NaN	
1190	NaN	NaN	
1191	NaN	NaN	
1192	NaN	NaN	
1193	NaN	NaN	
1194	NaN	NaN	
1195	NaN	NaN	
1196	NaN	NaN	
1197	NaN	NaN	
1198	NaN	NaN	
1199	NaN	NaN	
1200	NaN	NaN	
1201	NaN	NaN	
1202	NaN	NaN	
1203	NaN	NaN	
1204	NaN	NaN	
1205	NaN	NaN	
1206	NaN	NaN	
1207	NaN	NaN	
1208	NaN	NaN	
1209	NaN	NaN	
1210	NaN	NaN	
1211	NaN	NaN	
1212	NaN	NaN	
1213	NaN	NaN	
1214	NaN	NaN	
1215	NaN	NaN	
1216	NaN	NaN	
1217	NaN	NaN	
1218	NaN	NaN	
1219	NaN	NaN	
1220	NaN	NaN	
1221	NaN	NaN	
1222	NaN	NaN	
1223	NaN	NaN	
1224	NaN	NaN	
1225	NaN	NaN	
1226	NaN	NaN	
1227	NaN	NaN	
1228	NaN	NaN	
1229	NaN	NaN	
1230	NaN	NaN	
1231	NaN	NaN	
1232	NaN	NaN	
1233	NaN	NaN	
1234	NaN	NaN	
1235	NaN	NaN	
1236	NaN	NaN	
1237	NaN	NaN	
1238	NaN	NaN	
1239	NaN	NaN	
1240	NaN	NaN	
1241	NaN	NaN	
1242	NaN	NaN	
1243	NaN	NaN	
1244	NaN	NaN	
1245	NaN	NaN	
1246	NaN	NaN	
1247	NaN	NaN	
1248	NaN	NaN	
1249	NaN	NaN	
1250	NaN	NaN	
1251	NaN	NaN	
1252	NaN	NaN	
1253	NaN	NaN	
1254	NaN	NaN	
1255	NaN	NaN	
1256	NaN	NaN	
1257	NaN	NaN	
1258	NaN	NaN	
1259	NaN	NaN	
1260	NaN	NaN	
1261	NaN	NaN	
1262	NaN	NaN	
1263	NaN	NaN	
1264	NaN	NaN	
1265	NaN	NaN	
1266	NaN	NaN	
1267	NaN	NaN	
1268	NaN	NaN	
1269	NaN	NaN	
1270	NaN	NaN	
1271	NaN	NaN	
1272	NaN	NaN	
1273	NaN	NaN	
1274	NaN	NaN	
1275	NaN	NaN	
1276	NaN	NaN	
1277	NaN	NaN	
1278	NaN	NaN	
1279	NaN	NaN	
1280	NaN	NaN	
1281	NaN	NaN	
1282	NaN	NaN	
1283	NaN	NaN	
1284	NaN	NaN	
1285	NaN	NaN	
1286	NaN	NaN	
1287	NaN	NaN	
1288	NaN	NaN	
1289	NaN	NaN	
1290	NaN	NaN	
1291	NaN	NaN	
1292	NaN	NaN	
1293	NaN	NaN	
1294	NaN	NaN	
1295	NaN	NaN	
1296	NaN	NaN	
1297	NaN	NaN	
1298	NaN	NaN	
1299	NaN	NaN	
1300	NaN	NaN	
1301	NaN	NaN	
1302	NaN	NaN	
1303	NaN	NaN	
1304	NaN	NaN	
1305	NaN	NaN	
1306	NaN	NaN	
1307	NaN	NaN	
1308	NaN	NaN	
1309	NaN	NaN	
1310	NaN	NaN	
1311	NaN	NaN	
1312	NaN	NaN	
1313	NaN	NaN	
1314	NaN	NaN	
1315	NaN	NaN	
1316	NaN	NaN	
1317	NaN	NaN	
1318	NaN	NaN	
1319	NaN	NaN	
1320	NaN	NaN	
1321	NaN	NaN	
1322	NaN	NaN	
1323	NaN	NaN	
1324	NaN	NaN	
1325	NaN	NaN	
1326	NaN	NaN	
1327	NaN	NaN	
1328	NaN	NaN	
1329	NaN	NaN	
1330	NaN	NaN	
1331	NaN	NaN	
1332	NaN	NaN	
1333	NaN	NaN	
1334	NaN	NaN	
1335	NaN	NaN	
1336	NaN	NaN	
1337	NaN	NaN	
1338	NaN	NaN	
1339	NaN	NaN	
1340	NaN	NaN	
1341	NaN	NaN	
1342	NaN	NaN	
1343	NaN	NaN	
1344	NaN	NaN	
1345	NaN	NaN	
1346	NaN	NaN	
1347	NaN	NaN	
1348	NaN	NaN	
1349	NaN	NaN	
1350	NaN	NaN	
1351	NaN	NaN	
1352	NaN	NaN	
1353	NaN	NaN	
1354	NaN	NaN	
1355	NaN	NaN	
1356	NaN	NaN	
1357	NaN	NaN	
1358	NaN	NaN	
1359	NaN	NaN	
1360	NaN	NaN	
1361	NaN	NaN	
1362	NaN	NaN	
1363	NaN	NaN	
1364	NaN	NaN	
1365	NaN	NaN	
1366	NaN	NaN	
1367	NaN	NaN	
1368	NaN	NaN	
1369	NaN	NaN	
1370	NaN	NaN	
1371	NaN	NaN	
1372	NaN	NaN	
1373	NaN	NaN	
1374	NaN	NaN	
1375	NaN	NaN	
1376	NaN	NaN	
1377	NaN	NaN	
1378	NaN	NaN	
1379	NaN	NaN	
1380	NaN	NaN	
1381	NaN	NaN	
1382	NaN	NaN	
1383	NaN	NaN	
1384	NaN	NaN	
