Athlete_Engineering	// User ID
11-2-2021	// Evaluation date
P010_FLEX	27-1-2021	16:04:55:912	// Source file name and timestamp
250.000	// Sampling rate
8.269	// Data capture period



Sample #	Right_Leg_Flexion	Right_Leg_Abduction	
0	-69.164580	21.817775	
1	-69.128943	21.412860	
2	-69.278272	21.754974	
3	-69.076856	21.300926	
4	-68.881132	21.695732	
5	-68.651886	21.610075	
6	-68.932059	21.171747	
7	-69.142078	21.461056	
8	-68.456463	21.215611	
9	-69.187191	21.539714	
10	-69.109057	21.988817	
11	-69.210938	21.326524	
12	-69.432456	20.130759	
13	-70.324071	21.418000	
14	-70.111848	21.509036	
15	-68.818792	21.173434	
16	-69.114902	20.646509	
17	-69.188382	20.525741	
18	-69.084929	20.698394	
19	-68.905114	20.695697	
20	-69.022534	20.203998	
21	-68.554963	21.023837	
22	-68.720361	20.777687	
23	-68.558193	21.091648	
24	-68.353611	20.713102	
25	-68.456158	20.790644	
26	-68.735655	20.514735	
27	-68.638413	20.693930	
28	-68.483035	20.869585	
29	-68.293065	21.094376	
30	-68.508109	21.450963	
31	-67.829809	21.329087	
32	-67.852424	21.354445	
33	-68.664555	22.128188	
34	-69.325527	21.720685	
35	-68.502588	21.837525	
36	-68.454855	21.410092	
37	-68.372631	21.128759	
38	-68.617325	21.171921	
39	-68.879116	21.471417	
40	-68.521470	21.579436	
41	-68.375881	21.733886	
42	-68.655008	21.509886	
43	-68.670413	21.298793	
44	-69.243467	21.256138	
45	-68.488868	20.905566	
46	-66.995597	20.650904	
47	-67.252461	20.657513	
48	-67.375351	20.485406	
49	-66.697288	20.785663	
50	-66.352959	20.609239	
51	-66.801418	20.253321	
52	-67.886177	21.136152	
53	-67.623933	20.944878	
54	-67.547104	21.193824	
55	-67.162216	21.568315	
56	-67.560627	21.728380	
57	-67.314759	21.100736	
58	-66.956768	21.363805	
59	-67.391962	21.494993	
60	-66.978788	20.565878	
61	-66.385251	20.448245	
62	-65.972286	20.295493	
63	-65.134825	19.608666	
64	-64.707489	19.710693	
65	-64.865399	19.652677	
66	-64.706158	19.467143	
67	-64.476882	19.130618	
68	-64.263135	19.026272	
69	-63.511390	19.127445	
70	-62.993509	19.187191	
71	-62.770078	18.815563	
72	-62.958601	18.917277	
73	-63.869585	19.083833	
74	-63.600119	18.802248	
75	-63.310289	18.450553	
76	-63.378594	18.213272	
77	-62.885960	18.100539	
78	-62.454415	17.824783	
79	-62.679391	18.172644	
80	-61.796307	18.047024	
81	-61.125141	18.049041	
82	-61.061099	17.311287	
83	-60.895431	17.613521	
84	-60.597091	17.927957	
85	-60.712293	17.548915	
86	-60.336888	17.421701	
87	-60.492346	16.807775	
88	-61.086349	17.018110	
89	-60.755677	16.801468	
90	-62.045747	16.699848	
91	-61.044472	16.810909	
92	-60.235337	16.464560	
93	-60.988893	16.668921	
94	-59.903051	16.576159	
95	-61.262476	16.712101	
96	-59.014017	16.934034	
97	-59.212055	17.011522	
98	-59.210386	16.823734	
99	-58.811767	16.948967	
100	-58.485669	16.648973	
101	-58.877919	15.848627	
102	-58.503257	15.026465	
103	-57.010064	15.506247	
104	-56.593262	15.516699	
105	-58.053929	15.977754	
106	-58.561238	15.686883	
107	-60.190512	16.090167	
108	-60.113200	15.852257	
109	-59.923750	16.541935	
110	-59.917030	16.921140	
111	-59.660715	16.169207	
112	-59.712489	16.094718	
113	-59.471752	16.341185	
114	-59.278495	16.232461	
115	-59.328375	16.387010	
116	-59.083962	16.503497	
117	-59.073349	15.961328	
118	-59.050245	15.899201	
119	-58.749328	16.260945	
120	-58.711661	16.115270	
121	-58.643625	15.994529	
122	-58.701104	15.927119	
123	-58.656639	15.580045	
124	-58.045817	15.890596	
125	-58.320610	15.832690	
126	-58.850746	15.527590	
127	-57.975508	15.940946	
128	-57.735238	16.057830	
129	-57.834989	16.313432	
130	-57.637255	16.878813	
131	-56.739961	16.596353	
132	-55.706045	16.063996	
133	-55.878246	15.954391	
134	-56.155436	16.360083	
135	-57.725445	16.556970	
136	-57.390694	16.480662	
137	-57.534511	16.181449	
138	-57.323634	16.077365	
139	-57.346524	15.928734	
140	-57.380487	15.674019	
141	-57.297068	15.784714	
142	-57.117779	15.771128	
143	-57.215780	16.119003	
144	-56.572831	16.003249	
145	-55.443590	15.605516	
146	-56.924373	15.999896	
147	-56.058265	16.137783	
148	-54.806761	15.967628	
149	-55.654209	15.762825	
150	-55.864736	15.538089	
151	-55.359959	15.386760	
152	-55.490731	15.085514	
153	-55.108907	14.766841	
154	-55.131117	14.414202	
155	-55.031034	15.226644	
156	-55.215697	15.036532	
157	-54.882736	14.868489	
158	-55.339839	15.130794	
159	-55.126363	14.789879	
160	-55.058569	15.152449	
161	-54.784051	14.561627	
162	-54.207105	14.044700	
163	-54.906050	14.883613	
164	-55.598456	15.356683	
165	-54.976787	15.269413	
166	-55.114074	15.447349	
167	-55.870849	15.158798	
168	-55.618781	15.397276	
169	-54.966366	15.125537	
170	-55.229778	14.831673	
171	-55.969228	15.041298	
172	-55.422550	15.632226	
173	-55.483732	15.799519	
174	-55.432616	15.411487	
175	-55.862400	15.407866	
176	-54.639555	14.772952	
177	-55.469798	13.581621	
178	-55.187841	13.582643	
179	-54.392045	14.019645	
180	-54.641385	14.223538	
181	-54.428021	14.366286	
182	-54.515486	14.869469	
183	-54.208332	14.602197	
184	-54.271975	13.926041	
185	-54.137885	13.840430	
186	-53.827175	14.294641	
187	-53.473523	14.446389	
188	-53.646330	14.922077	
189	-52.884129	14.892128	
190	-51.841065	14.862518	
191	-52.765538	13.886972	
192	-52.187282	13.750346	
193	-51.709694	13.661015	
194	-51.668875	13.744621	
195	-51.945765	13.840273	
196	-52.248838	13.608277	
197	-51.869333	12.917914	
198	-51.061974	12.827087	
199	-52.645399	12.536863	
200	-51.848496	12.320325	
201	-50.332095	12.817840	
202	-50.284737	12.584280	
203	-50.429994	12.515331	
204	-50.434074	12.017954	
205	-49.748279	11.863693	
206	-49.094638	11.354006	
207	-49.379857	11.279043	
208	-49.510528	11.779472	
209	-47.992877	10.977628	
210	-48.143527	10.699420	
211	-48.036420	10.564984	
212	-47.775604	10.441439	
213	-47.385080	10.212502	
214	-47.307714	9.603992	
215	-46.914444	9.434679	
216	-46.914804	9.132957	
217	-46.616206	8.819465	
218	-46.180773	8.733046	
219	-46.061424	7.926058	
220	-45.059549	7.609429	
221	-44.803952	7.546216	
222	-44.452060	7.545597	
223	-44.281734	7.937777	
224	-44.637609	7.655909	
225	-44.151279	7.266615	
226	-44.108513	7.747200	
227	-43.197069	7.074159	
228	-42.660590	6.511104	
229	-42.484581	6.164477	
230	-42.675154	5.760473	
231	-42.481712	6.118130	
232	-41.914988	5.892201	
233	-41.250109	5.647860	
234	-41.796419	5.455371	
235	-41.751440	5.230609	
236	-42.154054	5.490914	
237	-41.837433	5.199349	
238	-41.891639	4.893759	
239	-41.390370	4.655950	
240	-41.740881	4.572667	
241	-40.644161	4.989201	
242	-39.921879	3.919641	
243	-39.554776	3.672826	
244	-39.448646	4.120577	
245	-39.831001	4.363351	
246	-40.236214	4.060339	
247	-39.352609	4.123430	
248	-38.633823	3.928652	
249	-39.565675	4.417230	
250	-38.534026	4.146757	
251	-38.165264	3.637610	
252	-38.250605	3.030859	
253	-37.779679	3.520731	
254	-38.427907	3.827279	
255	-38.327223	3.712924	
256	-38.513448	3.979039	
257	-38.782998	3.524682	
258	-38.553331	3.041791	
259	-38.264699	3.360262	
260	-37.744728	3.468833	
261	-37.223083	2.868345	
262	-38.279866	2.716748	
263	-37.798296	2.535452	
264	-36.875466	2.860765	
265	-37.117824	2.346659	
266	-36.570484	2.459856	
267	-35.722204	2.897035	
268	-35.836905	2.938124	
269	-35.457058	3.022017	
270	-35.119831	2.870269	
271	-35.215969	3.083070	
272	-34.691197	2.808667	
273	-34.817301	3.072935	
274	-34.584860	3.181254	
275	-34.362295	3.097503	
276	-34.162395	3.102816	
277	-33.271465	3.180014	
278	-33.283486	2.951207	
279	-33.645409	2.479687	
280	-33.480511	2.486791	
281	-33.560073	2.793228	
282	-34.549986	3.310569	
283	-33.955452	3.491629	
284	-33.933673	3.038088	
285	-34.017685	2.585215	
286	-33.652016	2.733487	
287	-33.661385	1.912227	
288	-33.991939	1.646570	
289	-33.635430	1.786875	
290	-33.468923	1.783821	
291	-33.140082	1.463235	
292	-33.562385	1.039749	
293	-32.949844	1.392183	
294	-31.928786	1.495968	
295	-32.117356	1.633923	
296	-31.744304	1.243487	
297	-31.298388	1.211268	
298	-31.674566	1.434705	
299	-30.974991	1.136758	
300	-31.037188	1.154202	
301	-30.624892	0.947061	
302	-30.591296	0.227953	
303	-30.847318	1.047788	
304	-30.882349	0.253582	
305	-30.837073	0.432583	
306	-31.138217	0.579614	
307	-31.247161	0.798056	
308	-30.485283	0.687620	
309	-30.223249	0.747071	
310	-30.256425	1.177253	
311	-30.294909	1.138154	
312	-29.685593	0.982745	
313	-29.854516	0.732657	
314	-29.597599	1.056332	
315	-29.403645	0.872199	
316	-29.465852	0.625206	
317	-29.474876	0.680401	
318	-29.553307	0.753328	
319	-29.434230	0.771913	
320	-28.511947	0.898251	
321	-28.122839	1.206652	
322	-28.898696	1.327061	
323	-29.099501	1.319445	
324	-28.998772	1.073940	
325	-28.830322	0.974211	
326	-28.442303	1.275869	
327	-27.969287	1.615028	
328	-27.489741	1.642279	
329	-27.344131	1.604067	
330	-27.078542	1.697707	
331	-27.984979	1.672131	
332	-27.552747	1.604275	
333	-26.999980	1.699743	
334	-27.677726	1.508198	
335	-27.407080	1.607208	
336	-26.745009	2.013164	
337	-26.774288	2.066066	
338	-26.340008	2.215387	
339	-26.225296	2.155160	
340	-25.632531	2.342340	
341	-24.685633	2.247497	
342	-25.656606	2.154356	
343	-25.623219	2.446735	
344	-25.652888	2.478140	
345	-25.914682	2.135771	
346	-26.298332	1.716113	
347	-25.830499	2.236740	
348	-25.915037	2.256439	
349	-25.908450	2.394170	
350	-25.644312	2.254169	
351	-25.719916	2.209882	
352	-25.373587	2.212780	
353	-25.522118	1.840285	
354	-26.054934	1.175460	
355	-25.558112	1.404316	
356	-26.325487	1.899219	
357	-25.463720	1.743696	
358	-25.159607	1.809399	
359	-25.758517	2.078985	
360	-24.916921	1.486090	
361	-25.223648	1.030750	
362	-24.875904	1.142212	
363	-24.656246	1.057709	
364	-24.250952	1.324014	
365	-24.385263	1.088242	
366	-24.333999	0.849435	
367	-24.065582	0.967616	
368	-23.774874	0.760790	
369	-23.763054	0.681461	
370	-22.792432	1.084606	
371	-22.511796	1.105324	
372	-22.613599	0.815083	
373	-22.564696	0.472536	
374	-22.160986	0.768368	
375	-22.066322	0.652142	
376	-22.230875	-0.073997	
377	-23.026464	-1.155475	
378	-23.101934	-1.451115	
379	-22.374000	-0.439814	
380	-22.481503	-0.782549	
381	-22.310999	-0.601877	
382	-22.525787	-0.802904	
383	-22.374118	-1.015869	
384	-22.725221	-0.668080	
385	-22.782595	-0.647916	
386	-22.706385	-0.990370	
387	-22.087435	-0.641920	
388	-22.775894	-1.105845	
389	-22.620024	-2.160039	
390	-22.671373	-1.501525	
391	-22.919377	-1.406747	
392	-22.598802	-1.342258	
393	-22.852716	-1.555215	
394	-22.871001	-1.428862	
395	-22.760035	-1.449012	
396	-22.749558	-1.416527	
397	-22.802757	-1.302584	
398	-22.799596	-1.284715	
399	-23.077982	-1.866988	
400	-22.729660	-1.447207	
401	-22.770218	-1.541444	
402	-22.581879	-1.550226	
403	-22.126318	-1.006814	
404	-21.064726	-0.806404	
405	-20.786514	-0.493731	
406	-21.271849	-0.667740	
407	-20.890706	-0.432957	
408	-20.528133	-0.415241	
409	-20.583637	-0.129303	
410	-20.705511	-0.167153	
411	-20.762520	0.143969	
412	-20.850842	0.404644	
413	-20.936271	0.157511	
414	-21.270729	0.097559	
415	-21.431726	0.000821	
416	-21.505205	0.055187	
417	-21.583511	0.170739	
418	-22.147039	-0.091576	
419	-22.388348	-0.334537	
420	-22.037722	0.306687	
421	-21.635530	0.658683	
422	-21.953392	-0.212891	
423	-22.876210	-0.155772	
424	-22.933173	-0.124696	
425	-23.179092	-0.428941	
426	-23.997389	-0.829375	
427	-23.710638	-0.530199	
428	-23.427989	-0.179527	
429	-23.527618	-0.329576	
430	-23.861054	-1.052418	
431	-24.587781	-1.170502	
432	-24.665053	-1.126362	
433	-24.775335	-0.710687	
434	-24.784156	-1.114563	
435	-25.235633	-0.891717	
436	-25.039033	-1.146646	
437	-25.717179	-0.992407	
438	-25.714481	-1.128855	
439	-26.386606	-0.939628	
440	-26.450326	-1.104679	
441	-26.612777	-1.146889	
442	-26.851739	-0.975167	
443	-26.981407	-0.257277	
444	-27.734831	-0.754287	
445	-27.717543	-0.639695	
446	-28.070427	-0.682183	
447	-28.220871	-0.420290	
448	-28.437751	0.261530	
449	-28.970517	-0.066798	
450	-28.842559	-0.475664	
451	-29.108229	-0.111151	
452	-30.238898	-0.263359	
453	-28.976150	-0.214776	
454	-29.302255	-0.076944	
455	-29.789399	0.240956	
456	-30.497980	0.413048	
457	-32.402400	0.137177	
458	-33.507153	0.233874	
459	-32.375309	0.410699	
460	-33.192059	0.765723	
461	-32.918262	1.112396	
462	-33.536972	0.998074	
463	-34.001389	0.971045	
464	-34.323133	0.639068	
465	-33.920547	1.010207	
466	-34.235704	0.962775	
467	-34.119134	0.814142	
468	-34.712309	0.738722	
469	-35.968478	1.046631	
470	-35.881606	1.586236	
471	-36.487250	1.043297	
472	-36.398400	0.043471	
473	-36.626201	1.350736	
474	-36.451894	1.563765	
475	-37.688626	1.711465	
476	-38.126539	1.789188	
477	-38.790543	1.684727	
478	-38.595056	1.806375	
479	-38.144848	2.086958	
480	-39.688521	2.547281	
481	-40.024616	3.059742	
482	-40.188722	2.375448	
483	-40.446059	2.949592	
484	-40.606334	3.168335	
485	-40.860635	3.511993	
486	-41.603951	3.097560	
487	-42.489689	3.522945	
488	-42.072811	3.700462	
489	-42.063084	3.742830	
490	-42.080723	3.874146	
491	-43.046306	4.354393	
492	-43.880175	4.555281	
493	-43.961179	4.304461	
494	-44.566647	3.934072	
495	-44.858515	4.534875	
496	-44.913506	4.958248	
497	-45.346234	5.172260	
498	-45.360620	5.402768	
499	-45.561948	5.138459	
500	-45.047193	5.411624	
501	-45.629529	5.982921	
502	-46.225767	6.631453	
503	-46.032735	6.275269	
504	-46.275654	6.010546	
505	-46.412250	6.212659	
506	-46.551669	6.629642	
507	-47.001041	7.295347	
508	-46.848943	7.675982	
509	-47.106185	7.410709	
510	-46.971907	7.443974	
511	-46.991903	7.774797	
512	-48.406738	8.374310	
513	-48.458355	8.452077	
514	-48.551675	8.262105	
515	-48.490177	8.279767	
516	-48.977251	8.508301	
517	-49.170277	8.800652	
518	-49.258674	8.867882	
519	-49.809514	9.165049	
520	-49.928983	9.056549	
521	-50.060792	8.816719	
522	-49.715933	8.726977	
523	-49.251366	8.731664	
524	-49.219661	9.087752	
525	-49.587112	8.984537	
526	-50.218711	9.200234	
527	-50.036275	9.147021	
528	-50.088278	9.129881	
529	-49.748410	9.338062	
530	-50.481079	9.019694	
531	-50.229841	8.694077	
532	-50.429579	8.969362	
533	-50.302641	9.235799	
534	-50.536054	9.157143	
535	-51.137058	9.359266	
536	-50.447239	8.917786	
537	-51.145430	8.635260	
538	-51.799141	9.081494	
539	-51.910984	8.709119	
540	-52.002720	8.577429	
541	-51.436487	8.721955	
542	-51.338019	8.988144	
543	-51.142284	8.927397	
544	-51.054429	8.938846	
545	-51.046914	9.084534	
546	-50.949448	9.245451	
547	-51.100263	9.384540	
548	-51.094707	9.739517	
549	-51.146045	9.963819	
550	-51.266847	10.034743	
551	-51.657898	9.925214	
552	-52.561066	9.953856	
553	-52.043894	9.886778	
554	-52.167355	9.925863	
555	-52.878397	9.891258	
556	-53.020147	9.913522	
557	-52.951445	10.082795	
558	-53.063157	10.072456	
559	-53.389647	10.534725	
560	-53.982783	10.151768	
561	-53.193504	10.333583	
562	-53.547262	9.892978	
563	-53.865305	9.891504	
564	-54.019226	10.375837	
565	-54.355949	9.846646	
566	-54.281019	10.198037	
567	-54.013910	10.334692	
568	-54.394839	10.343980	
569	-54.187102	10.881993	
570	-54.519084	10.988774	
571	-55.108084	10.844615	
572	-55.257579	10.554819	
573	-55.411041	10.932053	
574	-55.217779	10.867637	
575	-55.161582	11.128292	
576	-55.377372	11.351514	
577	-55.282476	12.083266	
578	-55.239811	12.013782	
579	-56.120440	11.549480	
580	-57.009480	11.949026	
581	-57.368840	11.898607	
582	-58.189347	12.164839	
583	-57.719800	12.488951	
584	-57.249489	13.122207	
585	-57.454406	13.529994	
586	-57.642026	13.796590	
587	-58.098712	14.142713	
588	-57.678271	14.668531	
589	-57.851271	14.583249	
590	-58.269241	14.311920	
591	-58.692878	14.569139	
592	-58.259368	14.160276	
593	-58.243741	14.541604	
594	-58.638817	15.569826	
595	-59.357480	15.258701	
596	-59.494917	15.963272	
597	-60.242060	16.116529	
598	-60.595883	16.003161	
599	-59.768815	15.827522	
600	-59.115701	16.012615	
601	-60.434690	15.704874	
602	-60.141470	15.749082	
603	-60.682973	16.057919	
604	-60.785109	15.794051	
605	-60.568311	15.851656	
606	-61.522440	16.300070	
607	-61.582127	16.170167	
608	-60.711297	16.141387	
609	-60.480753	16.378655	
610	-61.314891	16.383100	
611	-61.529413	16.394173	
612	-60.629419	16.507273	
613	-60.818352	15.855896	
614	-60.855772	15.837959	
615	-60.867212	16.071194	
616	-60.776127	16.018728	
617	-60.397413	16.525970	
618	-60.374853	16.777975	
619	-60.183387	15.950878	
620	-61.730711	16.250476	
621	-61.503679	16.079575	
622	-61.345713	16.026230	
623	-60.692495	16.128859	
624	-60.968501	15.836017	
625	-60.647300	15.738997	
626	-60.658424	15.915800	
627	-60.517082	16.619817	
628	-60.095101	16.317651	
629	-60.730852	16.524040	
630	-61.428968	16.058087	
631	-60.833533	16.391587	
632	-60.821847	16.351334	
633	-61.013550	15.729145	
634	-60.909616	15.684778	
635	-60.608899	15.960988	
636	-60.700012	15.827428	
637	-60.600604	15.749569	
638	-60.207165	15.937022	
639	-59.949167	15.831534	
640	-60.143559	15.985961	
641	-60.368655	15.889691	
642	-60.404177	15.320657	
643	-60.293436	15.786016	
644	-60.698904	15.791084	
645	-60.650626	15.671842	
646	-60.586060	16.067432	
647	-60.922536	16.060704	
648	-61.116769	16.268394	
649	-61.130842	16.051125	
650	-60.944976	15.660098	
651	-61.232938	15.252959	
652	-61.304354	15.581551	
653	-61.493009	15.607012	
654	-60.989001	15.379583	
655	-61.114565	15.430776	
656	-61.088457	15.441017	
657	-60.840174	15.370961	
658	-61.263024	15.189330	
659	-61.086983	15.574891	
660	-60.760948	15.396509	
661	-60.745710	15.216801	
662	-60.284846	15.240170	
663	-61.173539	15.631951	
664	-60.967866	15.298789	
665	-60.731214	15.409717	
666	-60.736975	15.022750	
667	-61.090993	15.015483	
668	-61.300558	15.102857	
669	-61.262019	15.039510	
670	-60.959615	14.825338	
671	-60.949106	15.008703	
672	-60.674756	15.321521	
673	-61.013921	15.006217	
674	-61.062289	15.242841	
675	-60.554011	15.107589	
676	-60.420855	14.738249	
677	-60.692487	14.648003	
678	-61.045183	15.077306	
679	-60.551696	15.125481	
680	-61.263225	15.198097	
681	-60.834199	15.659938	
682	-60.531317	14.942700	
683	-60.548853	14.936591	
684	-60.804730	14.613277	
685	-60.693655	14.683685	
686	-60.438342	15.094555	
687	-60.389578	14.877849	
688	-60.185559	15.271883	
689	-60.185779	15.235697	
690	-60.564525	15.095716	
691	-60.139868	15.163299	
692	-60.095093	15.614735	
693	-60.106556	15.452517	
694	-60.266914	15.592649	
695	-60.314022	15.547838	
696	-60.142503	15.531855	
697	-60.130482	15.642987	
698	-60.180628	15.889504	
699	-60.675996	15.938632	
700	-61.475835	15.920169	
701	-60.795675	15.917037	
702	-61.035916	16.065674	
703	-61.080706	16.256605	
704	-60.904848	16.050533	
705	-61.050900	16.195228	
706	-61.660455	16.407428	
707	-60.556589	16.408466	
708	-61.248502	16.478770	
709	-61.390109	16.525864	
710	-61.453218	16.600229	
711	-61.667366	16.571266	
712	-61.253652	16.434745	
713	-61.920955	16.929522	
714	-61.408539	17.207862	
715	-61.780635	17.319106	
716	-61.309683	16.884875	
717	-61.002235	16.974755	
718	-61.859645	17.048899	
719	-61.327588	17.171835	
720	-61.822835	17.015467	
721	-61.396231	17.205675	
722	-61.196192	17.257771	
723	-61.462855	17.250840	
724	-61.185555	16.846315	
725	-61.435068	16.871708	
726	-61.198940	16.781476	
727	-60.906147	16.772808	
728	-60.868733	16.775886	
729	-60.400847	16.534781	
730	-60.713384	16.790121	
731	-60.631445	16.582636	
732	-60.598763	16.077419	
733	-60.868314	16.297273	
734	-60.559137	16.200531	
735	-60.256266	15.853812	
736	-60.220465	16.490783	
737	-60.184966	16.656341	
738	-59.821072	16.448983	
739	-59.681745	16.803186	
740	-60.295997	16.523617	
741	-60.416048	16.054439	
742	-59.578409	16.392216	
743	-60.097481	16.499221	
744	-60.669260	16.511476	
745	-60.457640	16.829447	
746	-60.609617	16.107885	
747	-59.696689	16.421707	
748	-60.547273	16.534301	
749	-61.621310	17.442317	
750	-60.411039	17.343487	
751	-60.824129	16.856802	
752	-60.745139	16.864127	
753	-60.738970	17.107064	
754	-59.750771	16.764648	
755	-60.086933	16.487750	
756	-60.847020	16.801563	
757	-61.015053	16.979917	
758	-60.688757	16.635397	
759	-59.820833	16.546464	
760	-59.952877	16.177319	
761	-60.049116	16.133737	
762	-59.715000	16.388981	
763	-58.812569	16.570787	
764	-59.030198	16.621638	
765	-59.608757	16.127340	
766	-59.629433	16.232109	
767	-59.669905	16.371776	
768	-59.283252	16.180392	
769	-58.679573	16.003590	
770	-58.764458	15.992122	
771	-59.174071	16.129711	
772	-59.060685	15.891791	
773	-58.705512	15.564095	
774	-58.429655	15.819194	
775	-58.118436	15.598626	
776	-57.682476	15.530639	
777	-58.250844	15.626828	
778	-58.724812	15.228811	
779	-58.426963	15.363457	
780	-58.411752	15.397577	
781	-57.843459	15.116819	
782	-58.019639	15.177596	
783	-58.032442	15.580809	
784	-57.974503	14.938307	
785	-58.008004	14.594703	
786	-57.171840	14.380975	
787	-57.109587	14.164617	
788	-57.087775	14.661319	
789	-56.502219	14.864242	
790	-55.640403	14.753002	
791	-56.162191	13.865012	
792	-57.112611	13.609598	
793	-56.311039	12.708637	
794	-56.867577	13.059641	
795	-55.870263	13.150576	
796	-55.758952	13.350076	
797	-54.964660	13.086992	
798	-54.371032	12.300025	
799	-54.160037	12.355653	
800	-53.614739	11.913047	
801	-53.399534	11.770108	
802	-53.227552	11.361385	
803	-53.030573	10.996772	
804	-52.175664	10.773132	
805	-53.074969	10.919287	
806	-54.468198	10.981684	
807	-53.373334	10.011497	
808	-53.247534	9.321487	
809	-51.694190	9.718329	
810	-51.047051	9.192958	
811	-51.271492	8.568601	
812	-49.844050	7.907648	
813	-49.852377	8.165787	
814	-49.442603	8.096827	
815	-48.920967	7.896457	
816	-48.939782	7.840685	
817	-48.633057	7.199157	
818	-48.207495	7.764383	
819	-47.872734	8.111317	
820	-47.477686	7.775344	
821	-47.844791	7.081057	
822	-47.485494	6.889487	
823	-47.206706	6.349381	
824	-47.844113	6.934995	
825	-46.897336	6.244626	
826	-46.406035	6.232766	
827	-45.991789	6.173191	
828	-45.422213	6.262967	
829	-45.093681	5.810887	
830	-44.901193	5.524132	
831	-45.032847	5.557183	
832	-46.049756	5.773354	
833	-45.541201	5.205766	
834	-44.661065	5.036041	
835	-44.732523	5.433591	
836	-44.205124	5.397998	
837	-44.016445	5.217095	
838	-42.387286	4.390078	
839	-42.747127	4.792345	
840	-43.046293	4.767546	
841	-42.817867	4.340194	
842	-42.175293	4.269248	
843	-42.334646	4.402218	
844	-42.115093	3.985869	
845	-41.872543	3.694618	
846	-41.602852	3.839968	
847	-41.159925	4.288135	
848	-40.840040	4.251363	
849	-40.472204	3.990846	
850	-40.069448	3.963311	
851	-39.919374	3.806600	
852	-40.333394	3.552092	
853	-40.528399	3.613736	
854	-39.991459	4.018683	
855	-40.763627	4.435338	
856	-40.384031	3.910634	
857	-40.405612	4.055872	
858	-39.903878	3.834724	
859	-39.637742	3.526747	
860	-39.587137	3.551867	
861	-39.953521	3.111683	
862	-38.793032	3.163682	
863	-38.518153	3.428121	
864	-38.950295	3.180267	
865	-38.455973	3.054878	
866	-38.328364	3.022079	
867	-37.884480	3.334115	
868	-37.928079	3.269608	
869	-37.849491	3.219898	
870	-38.333725	2.780914	
871	-38.020095	2.758535	
872	-37.786115	2.816824	
873	-37.761874	2.692287	
874	-37.614963	2.592819	
875	-37.442347	2.380458	
876	-38.185180	2.162112	
877	-38.462078	2.042685	
878	-38.326287	1.890946	
879	-38.268313	2.319001	
880	-38.205828	2.543167	
881	-38.125332	2.528450	
882	-37.600708	2.796006	
883	-37.698637	3.012630	
884	-37.491696	3.189021	
885	-37.721158	3.196691	
886	-37.643806	3.154240	
887	-37.187107	3.034715	
888	-37.320005	2.960611	
889	-36.691362	2.610283	
890	-36.809203	2.400029	
891	-36.185293	2.719705	
892	-36.177444	2.830091	
893	-37.144444	2.208159	
894	-36.680688	2.252378	
895	-36.765242	1.865930	
896	-37.158523	1.687882	
897	-37.457555	0.906924	
898	-37.548023	0.770600	
899	-37.564217	0.597260	
900	-36.993644	1.102172	
901	-35.955951	1.624858	
902	-36.491301	1.363875	
903	-35.341264	1.795711	
904	-35.707030	1.827661	
905	-35.488161	1.739739	
906	-35.145097	1.471309	
907	-34.811775	1.422824	
908	-35.261740	1.551248	
909	-34.811882	1.506203	
910	-35.193981	1.443132	
911	-36.165074	1.590243	
912	-35.782685	1.376223	
913	-34.687289	1.329565	
914	-34.863967	1.036125	
915	-34.936063	1.225901	
916	-34.772515	1.298078	
917	-34.903982	1.197103	
918	-34.420908	1.085682	
919	-34.286062	1.240361	
920	-33.988731	1.243904	
921	-33.889941	1.503068	
922	-34.138835	1.686600	
923	-34.333921	1.618455	
924	-34.814357	1.566307	
925	-34.005517	1.748419	
926	-34.270631	1.943529	
927	-35.217717	1.946773	
928	-35.420992	2.107720	
929	-35.106842	1.875839	
930	-34.204751	2.184694	
931	-34.596377	2.427697	
932	-33.465827	2.506219	
933	-33.840489	3.055957	
934	-33.470488	2.728356	
935	-33.737165	2.552776	
936	-34.330403	2.761110	
937	-33.766558	2.863182	
938	-34.689633	2.582323	
939	-34.209946	2.671682	
940	-34.645572	2.223803	
941	-34.521296	2.334747	
942	-34.444784	2.299066	
943	-34.517672	2.053758	
944	-34.260950	2.380463	
945	-33.254842	2.856355	
946	-33.646017	2.721753	
947	-34.305388	2.709804	
948	-34.409493	2.625939	
949	-34.425127	2.646671	
950	-34.684865	2.919738	
951	-34.286477	2.951914	
952	-34.277943	2.915841	
953	-34.243257	2.738027	
954	-33.450872	2.883729	
955	-34.244668	2.888711	
956	-34.078077	2.761090	
957	-34.059518	2.969368	
958	-34.050992	2.876332	
959	-34.191598	2.797847	
960	-33.955044	2.862863	
961	-34.174502	2.731568	
962	-33.762950	2.819651	
963	-33.483927	3.023088	
964	-33.498219	2.897204	
965	-32.758175	2.909936	
966	-33.490897	2.823729	
967	-32.437767	3.035949	
968	-32.574219	2.846486	
969	-33.323506	3.041768	
970	-31.952320	3.395793	
971	-32.150007	3.012620	
972	-32.991914	2.585739	
973	-32.228436	3.105046	
974	-32.370273	3.089843	
975	-31.430838	2.758028	
976	-31.573526	2.849191	
977	-32.252771	2.994522	
978	-31.644837	2.998124	
979	-31.666099	3.044835	
980	-30.568586	3.044235	
981	-30.924377	3.244009	
982	-31.032333	3.497394	
983	-30.945259	3.438956	
984	-31.264279	3.488852	
985	-31.336895	3.586435	
986	-31.640391	3.327104	
987	-30.937735	3.233151	
988	-31.328060	3.103725	
989	-32.157313	2.717828	
990	-32.167308	2.761095	
991	-32.133402	2.394878	
992	-32.829181	1.976411	
993	-33.017715	1.896789	
994	-32.904744	1.948446	
995	-33.612323	1.965826	
996	-33.783694	1.680287	
997	-33.909780	1.731117	
998	-34.815487	1.253390	
999	-34.286649	1.334190	
1000	-35.224068	0.444793	
1001	-34.765578	0.823600	
1002	-34.985446	1.106717	
1003	-34.913081	0.822933	
1004	-34.216376	1.101106	
1005	-35.025435	1.149192	
1006	-34.629735	1.522805	
1007	-34.800637	0.875821	
1008	-35.432150	1.150802	
1009	-36.704423	1.381050	
1010	-35.576650	1.921495	
1011	-35.570901	1.853305	
1012	-36.100542	1.733719	
1013	-36.003201	2.178800	
1014	-35.159080	2.240587	
1015	-36.121769	1.993960	
1016	-36.394789	1.835793	
1017	-37.091529	1.630394	
1018	-37.998262	1.661241	
1019	-36.955585	2.397517	
1020	-38.895165	1.314891	
1021	-38.713247	1.728842	
1022	-38.234236	2.947882	
1023	-39.698438	1.541258	
1024	-40.088123	1.694990	
1025	-40.778400	1.551675	
1026	-40.442535	2.177703	
1027	-40.871163	2.365389	
1028	-41.530758	1.875322	
1029	-42.938787	1.492900	
1030	-43.174488	1.841879	
1031	-42.540796	2.345522	
1032	-42.112326	2.474129	
1033	-42.929390	2.772921	
1034	-42.741542	2.982549	
1035	-43.213407	2.745085	
1036	-44.017928	2.726738	
1037	-44.469285	2.179091	
1038	-44.822427	2.907948	
1039	-45.433839	2.574892	
1040	-45.100382	2.745683	
1041	-46.297621	2.597030	
1042	-46.525421	2.566621	
1043	-46.194138	3.190848	
1044	-46.976833	3.623368	
1045	-47.422774	3.633009	
1046	-48.259290	4.233528	
1047	-48.415749	4.783470	
1048	-49.425168	4.202042	
1049	-51.204040	3.665465	
1050	-50.947156	4.033101	
1051	-50.236274	4.276316	
1052	-50.861719	4.510165	
1053	-51.136725	4.575019	
1054	-51.017893	5.049309	
1055	-51.475286	5.222201	
1056	-51.765176	5.440787	
1057	-52.897016	5.473790	
1058	-53.402098	5.336884	
1059	-54.057937	5.651711	
1060	-54.428624	6.091006	
1061	-53.952651	5.397806	
1062	-54.354811	5.889732	
1063	-54.530450	6.311633	
1064	-56.160460	6.468183	
1065	-55.453527	6.823353	
1066	-55.232508	6.739558	
1067	-55.734227	7.194140	
1068	-54.756077	7.248703	
1069	-54.494346	7.546191	
1070	-54.378807	7.218603	
1071	-54.243925	6.758864	
1072	-54.231081	6.912091	
1073	-53.849998	7.226067	
1074	-54.456533	7.574143	
1075	-55.129087	8.109297	
1076	-54.545103	8.194739	
1077	-54.483366	8.060435	
1078	-54.848529	8.576369	
1079	-55.241410	9.017960	
1080	-56.165672	8.735906	
1081	-55.997920	8.858043	
1082	-56.086279	9.319827	
1083	-56.464892	9.452775	
1084	-56.657347	9.388697	
1085	-56.048970	9.573341	
1086	-56.857901	9.647214	
1087	-57.007933	9.233316	
1088	-56.769611	9.502211	
1089	-57.516508	9.833314	
1090	-57.796569	10.179691	
1091	-58.181740	11.484373	
1092	-58.828518	10.599747	
1093	-58.238459	10.797142	
1094	-58.674205	10.674427	
1095	-58.433305	10.292284	
1096	-58.723535	10.154432	
1097	-58.653400	10.344852	
1098	-58.725250	10.263293	
1099	-59.230259	10.452398	
1100	-58.874775	10.565104	
1101	-59.593240	10.272670	
1102	-59.040821	11.021139	
1103	-58.718516	11.173025	
1104	-58.676091	11.130599	
1105	-59.109023	11.137972	
1106	-59.052530	10.995807	
1107	-59.447476	11.195861	
1108	-59.088923	11.958968	
1109	-59.052376	12.064687	
1110	-60.970416	12.103696	
1111	-59.903814	12.069752	
1112	-60.231072	11.898009	
1113	-60.613169	11.663519	
1114	-60.064082	11.916571	
1115	-60.734471	11.267957	
1116	-59.744146	11.369778	
1117	-59.912506	11.989327	
1118	-60.768416	12.414292	
1119	-61.014681	12.274112	
1120	-61.028913	12.476975	
1121	-61.452942	12.315862	
1122	-61.815093	11.935870	
1123	-61.498673	11.796542	
1124	-61.765457	12.277460	
1125	-62.381458	12.209588	
1126	-62.411186	12.247940	
1127	-62.369872	12.436312	
1128	-63.289028	12.788989	
1129	-63.969896	13.164254	
1130	-63.746855	13.201870	
1131	-63.178980	13.867592	
1132	-63.320153	13.537405	
1133	-63.235912	13.442788	
1134	-63.462170	13.929903	
1135	-63.076764	13.282146	
1136	-63.044465	13.399992	
1137	-64.130615	13.163980	
1138	-64.098852	13.420390	
1139	-64.016224	14.005317	
1140	-65.515490	14.041656	
1141	-65.356730	13.909579	
1142	-64.856475	13.914323	
1143	-65.521933	14.917638	
1144	-65.528852	15.414402	
1145	-65.838968	15.081927	
1146	-65.754817	15.481622	
1147	-65.775404	15.703082	
1148	-65.500639	15.646161	
1149	-66.186340	15.548994	
1150	-66.404465	15.088973	
1151	-66.725465	16.188383	
1152	-67.386348	16.270818	
1153	-66.592832	16.554600	
1154	-67.908399	16.752971	
1155	-68.457552	16.543503	
1156	-68.306151	16.948956	
1157	-67.903433	16.700036	
1158	-68.462465	16.431589	
1159	-67.859347	16.901790	
1160	-68.021327	17.009301	
1161	-67.763484	17.432312	
1162	-67.784666	17.385819	
1163	-68.461601	17.707091	
1164	-69.241329	17.573320	
1165	-69.127400	17.093942	
1166	-68.839567	17.858154	
1167	-68.499390	18.737561	
1168	-69.629436	18.238981	
1169	-69.145740	18.331088	
1170	-69.408338	18.197453	
1171	-69.211291	18.468809	
1172	-68.461479	19.079235	
1173	-69.352193	17.808807	
1174	-69.148224	18.103482	
1175	-68.905302	18.397517	
1176	-68.818117	18.268077	
1177	-69.144631	18.407897	
1178	-69.311774	18.678158	
1179	-68.849776	18.728487	
1180	-68.813714	18.586060	
1181	-68.719035	18.814459	
1182	-68.892146	19.103288	
1183	-68.719879	18.908793	
1184	-69.183206	19.697551	
1185	-69.630297	19.332755	
1186	-70.294541	18.859580	
1187	-70.688793	18.968330	
1188	-71.043300	19.743644	
1189	-70.928895	20.194455	
1190	-70.863342	19.898957	
1191	-71.550304	19.541808	
1192	-70.893480	19.620150	
1193	-69.916027	19.604265	
1194	-69.615541	20.310070	
1195	-70.263489	19.427418	
1196	-70.103655	19.578039	
1197	-70.312579	19.277582	
1198	-70.033608	19.387717	
1199	-69.963190	19.562446	
1200	-70.274647	19.744288	
1201	-69.519201	19.465267	
1202	-70.262992	20.074421	
1203	-70.609657	20.863631	
1204	-70.034287	20.381855	
1205	-70.669553	20.717067	
1206	-71.134614	21.164382	
1207	-71.570718	21.233626	
1208	-71.417243	21.896997	
1209	-70.490011	21.382405	
1210	-70.551226	21.450679	
1211	-71.544938	22.257349	
1212	-71.482876	22.364655	
1213	-71.282273	22.228616	
1214	-71.298027	22.562534	
1215	-71.479073	22.458807	
1216	-71.098713	23.114469	
1217	-71.630518	22.662912	
1218	-71.691154	22.515697	
1219	-71.601161	22.444942	
1220	-71.888568	21.888818	
1221	-71.962438	22.356126	
1222	-71.914783	22.174851	
1223	-71.877461	21.839974	
1224	-71.967663	22.389849	
1225	-72.091049	22.473228	
1226	-72.168158	22.274369	
1227	-72.080324	22.403529	
1228	-72.072099	22.046943	
1229	-72.158778	22.449632	
1230	-72.007829	22.538083	
1231	-71.552023	22.247763	
1232	-72.068122	22.606886	
1233	-71.962565	22.482770	
1234	-72.244588	22.516802	
1235	-72.288704	22.818156	
1236	-72.150618	22.581308	
1237	-71.856196	22.931898	
1238	-71.667505	22.423582	
1239	-72.318419	22.865971	
1240	-72.134362	22.742441	
1241	-71.587380	22.630393	
1242	-71.470541	22.652278	
1243	-72.033039	22.224123	
1244	-71.899228	22.498200	
1245	-71.857278	22.282536	
1246	-72.056034	22.470228	
1247	-72.071987	23.070713	
1248	-71.828972	22.227044	
1249	-71.915963	22.313339	
1250	-71.926837	21.877077	
1251	-71.876608	21.836722	
1252	-71.673052	21.628943	
1253	-71.273886	21.740351	
1254	-71.801656	21.838781	
1255	-71.380887	21.798730	
1256	-71.571210	21.833809	
1257	-71.497884	21.714264	
1258	-71.344952	21.787594	
1259	-71.366202	22.080567	
1260	-71.183043	21.880140	
1261	-71.380790	21.796707	
1262	-71.250581	21.815112	
1263	-71.060972	21.207900	
1264	-71.471680	20.979187	
1265	-70.614353	21.758394	
1266	-70.827443	20.798060	
1267	-70.752429	20.633210	
1268	-71.083587	21.046854	
1269	-70.945606	21.121722	
1270	-71.071572	20.462254	
1271	-71.126893	20.133903	
1272	-70.879301	20.326523	
1273	-70.916402	20.242480	
1274	-70.914216	20.029205	
1275	-70.478205	20.389877	
1276	-70.684011	20.172443	
1277	-70.876563	20.199392	
1278	-70.607408	20.468753	
1279	-70.705347	20.748782	
1280	-70.698609	20.371606	
1281	-70.815298	20.370786	
1282	-70.576602	20.823858	
1283	-70.287132	21.060959	
1284	-70.207662	21.231987	
1285	-70.592014	21.343863	
1286	-70.330644	21.109601	
1287	-70.175466	21.026769	
1288	-70.484620	20.205271	
1289	-70.841123	20.452202	
1290	-71.023612	19.773464	
1291	-71.810378	19.741564	
1292	-71.671735	20.144753	
1293	-71.397767	19.945682	
1294	-71.690547	20.535107	
1295	-71.455525	20.043971	
1296	-71.375309	20.725651	
1297	-71.049804	21.060312	
1298	-70.959957	20.874713	
1299	-70.648555	20.973065	
1300	-70.726876	20.250925	
1301	-70.047159	20.183346	
1302	-70.130836	20.255712	
1303	-69.737136	19.783273	
1304	-69.616024	19.679898	
1305	-69.415386	19.619064	
1306	-68.913135	19.063263	
1307	-69.648623	20.463389	
1308	-70.469027	19.389490	
1309	-69.949400	18.267630	
1310	-70.198849	18.789402	
1311	-70.305396	19.034425	
1312	-70.083106	20.063806	
1313	-70.578136	19.287787	
1314	-70.925597	19.791547	
1315	-70.493252	20.526553	
1316	-71.176097	21.096102	
1317	-70.345926	21.324553	
1318	-70.778687	21.411583	
1319	-70.044899	20.870355	
1320	-70.791956	20.599256	
1321	-70.416778	20.681112	
1322	-70.350676	19.835665	
1323	-70.224387	20.051290	
1324	-69.879296	19.994333	
1325	-69.549044	19.536451	
1326	-69.503329	19.717696	
1327	-68.941348	19.932503	
1328	-69.176633	20.416585	
1329	-70.016989	20.609735	
1330	-69.046513	20.369364	
1331	-69.535456	20.732227	
1332	-69.724913	20.551878	
1333	-69.401669	20.086233	
1334	-69.359845	19.239985	
1335	-68.925311	19.088473	
1336	-68.964707	18.480037	
1337	-69.343228	18.670034	
1338	-69.476155	19.268140	
1339	-69.379895	19.325877	
1340	-69.163902	18.900008	
1341	-68.505841	19.023671	
1342	-67.789606	18.910507	
1343	-67.798186	18.974211	
1344	-68.973186	17.988475	
1345	-68.523281	18.009739	
1346	-67.321508	18.729119	
1347	-67.416092	19.396037	
1348	-68.079459	20.392224	
1349	-67.919263	20.429234	
1350	-67.299937	19.508043	
1351	-67.093867	19.093893	
1352	-67.098687	18.515023	
1353	-67.886415	18.260032	
1354	-67.184934	18.143660	
1355	-66.943710	17.763292	
1356	-66.388014	18.390463	
1357	-65.995421	17.980162	
1358	-65.732242	18.035677	
1359	-65.389466	17.785428	
1360	-65.472422	17.183763	
1361	-65.015890	16.526833	
1362	-64.755841	17.147991	
1363	-64.399758	16.876356	
1364	-63.680034	17.250836	
1365	-63.768241	16.620938	
1366	-63.570845	16.329582	
1367	-62.965223	15.800182	
1368	-63.526755	15.154301	
1369	-63.392772	15.318084	
1370	-62.571800	14.909804	
1371	-61.970389	15.065614	
1372	-62.039938	14.417973	
1373	-61.779835	14.122811	
1374	-61.994694	13.376060	
1375	-61.056306	13.292948	
1376	-60.459231	12.777621	
1377	-59.413412	12.565937	
1378	-59.298643	12.042430	
1379	-59.504774	12.270490	
1380	-59.392148	11.991574	
1381	-58.694271	12.012041	
1382	-57.282163	11.750096	
1383	-57.230033	11.325163	
1384	-56.757710	11.046892	
1385	-56.431051	11.255240	
1386	-56.965967	10.455036	
1387	-56.811950	10.168990	
1388	-55.674507	10.346480	
1389	-55.587913	9.937850	
1390	-55.012449	9.915313	
1391	-54.504016	9.313714	
1392	-53.545434	9.400643	
1393	-53.508262	8.888382	
1394	-53.939123	9.175358	
1395	-53.327404	9.008461	
1396	-52.445656	8.624615	
1397	-52.306639	8.221781	
1398	-52.530333	8.410821	
1399	-52.501758	8.313991	
1400	-51.511929	7.966125	
1401	-50.994807	8.224500	
1402	-51.045859	8.385226	
1403	-51.419543	7.843348	
1404	-50.766045	7.739930	
1405	-50.610030	7.756160	
1406	-49.896173	7.696941	
1407	-49.295406	7.244626	
1408	-48.953205	7.263318	
1409	-49.892853	7.220545	
1410	-49.735471	7.141106	
1411	-48.325665	7.188839	
1412	-48.832828	7.946638	
1413	-48.744967	7.604448	
1414	-48.196552	7.019918	
1415	-48.226578	6.554933	
1416	-47.191219	6.856672	
1417	-47.266610	7.004667	
1418	-47.270805	6.966101	
1419	-47.811600	6.826371	
1420	-47.239144	6.663559	
1421	-46.427310	6.305116	
1422	-46.543001	6.616076	
1423	-46.021898	6.572570	
1424	-45.882623	6.353610	
1425	-45.675554	6.407082	
1426	-45.611186	5.988802	
1427	-44.958814	6.563495	
1428	-45.388128	7.016701	
1429	-45.646272	5.789658	
1430	-45.349861	6.245766	
1431	-44.946479	5.988646	
1432	-44.349057	5.259647	
1433	-44.300961	5.785775	
1434	-44.269661	6.102822	
1435	-44.197381	5.917279	
1436	-43.312729	6.071000	
1437	-43.587154	5.465515	
1438	-44.014931	5.879941	
1439	-42.954563	5.772055	
1440	-42.951638	5.494334	
1441	-43.346254	5.295389	
1442	-43.486018	5.379927	
1443	-43.919999	5.414669	
1444	-44.038234	6.014772	
1445	-43.299869	5.706415	
1446	-43.546254	5.686961	
1447	-42.648496	5.196531	
1448	-42.442286	5.086784	
1449	-42.502292	5.295531	
1450	-42.279918	5.113588	
1451	-42.035832	4.994975	
1452	-41.762466	4.951807	
1453	-41.557964	4.796068	
1454	-41.736819	4.472332	
1455	-41.204626	4.375732	
1456	-41.294397	3.978577	
1457	-40.840203	4.170059	
1458	-40.534585	4.228082	
1459	-40.179668	3.416213	
1460	-41.254889	4.680616	
1461	-40.700378	4.542986	
1462	-40.173971	4.645463	
1463	-39.843724	4.383255	
1464	-40.121294	3.932277	
1465	-40.141317	3.904741	
1466	-40.265175	3.827480	
1467	-40.261688	3.806410	
1468	-39.779920	3.527766	
1469	-39.875528	3.694406	
1470	-40.587987	4.088751	
1471	-39.904249	3.904181	
1472	-40.210754	3.994088	
1473	-39.654801	3.419069	
1474	-40.547935	3.449642	
1475	-40.409871	3.600642	
1476	-39.247059	4.016878	
1477	-39.751774	3.816095	
1478	-39.869867	3.293602	
1479	-39.687785	3.410770	
1480	-39.343724	3.124134	
1481	-39.047300	2.611853	
1482	-38.322694	3.003584	
1483	-37.972690	2.651631	
1484	-37.951624	2.576671	
1485	-38.844487	1.793409	
1486	-38.293221	1.716094	
1487	-37.538236	1.698542	
1488	-37.450438	1.602817	
1489	-37.016466	2.171331	
1490	-37.490529	2.050432	
1491	-37.952699	2.609554	
1492	-37.383487	2.788165	
1493	-37.011515	2.831524	
1494	-36.661932	2.602486	
1495	-35.980287	1.651118	
1496	-36.082858	1.956191	
1497	-36.300300	2.130879	
1498	-36.328584	2.563755	
1499	-36.776858	2.621766	
1500	-36.280058	2.524549	
1501	-36.981824	2.966560	
1502	-36.838976	2.908773	
1503	-36.857999	2.406792	
1504	-36.481715	2.151803	
1505	-35.681544	2.922659	
1506	-35.496294	2.951914	
1507	-36.055596	3.136735	
1508	-35.878791	3.174611	
1509	-35.176866	2.689426	
1510	-35.434848	2.411516	
1511	-36.104207	2.221163	
1512	-35.300922	2.680267	
1513	-35.470922	1.999595	
1514	-35.032326	2.351472	
1515	-35.096013	2.476543	
1516	-34.636585	2.473007	
1517	-34.738119	2.505026	
1518	-34.682374	2.518437	
1519	-33.967019	2.228110	
1520	-34.217199	2.169013	
1521	-34.664174	1.928263	
1522	-34.397363	2.017803	
1523	-32.958123	2.431340	
1524	-33.809730	2.142363	
1525	-33.558574	2.269326	
1526	-33.686755	2.366760	
1527	-33.593587	2.278918	
1528	-33.722521	2.265668	
1529	-32.936637	1.969401	
1530	-33.147318	1.702140	
1531	-32.813681	1.327733	
1532	-32.502247	1.429918	
1533	-32.229230	1.563834	
1534	-32.311390	1.359183	
1535	-32.023715	1.297029	
1536	-31.979731	0.781311	
1537	-32.094827	1.180864	
1538	-31.869466	0.893152	
1539	-31.872407	0.687191	
1540	-31.908083	0.505230	
1541	-31.590539	0.284109	
1542	-31.217464	0.028068	
1543	-31.546276	0.023021	
1544	-31.936010	0.009500	
1545	-31.396857	0.055148	
1546	-31.593758	-0.124809	
1547	-31.254392	0.047820	
1548	-31.035712	0.238309	
1549	-31.199205	0.283895	
1550	-31.161355	-0.184203	
1551	-31.222527	-0.156554	
1552	-30.572451	-0.070495	
1553	-30.533991	-0.132958	
1554	-30.695262	-0.129794	
1555	-30.159409	0.074097	
1556	-30.036265	0.234443	
1557	-30.647417	0.187586	
1558	-29.989775	0.124451	
1559	-29.908452	0.236248	
1560	-30.001133	-0.163350	
1561	-29.763754	-0.204478	
1562	-29.736253	0.065393	
1563	-30.046812	0.206448	
1564	-29.335640	-0.018907	
1565	-29.057537	0.020459	
1566	-28.846574	0.291178	
1567	-28.967392	0.088411	
1568	-29.050098	0.157035	
1569	-29.491406	0.308802	
1570	-28.661789	0.129199	
1571	-29.167577	-0.026384	
1572	-29.950497	0.306543	
1573	-29.580190	0.551380	
1574	-28.951788	0.579485	
1575	-29.284240	0.469093	
1576	-29.094049	0.073484	
1577	-29.729507	0.813399	
1578	-29.910869	0.561225	
1579	-29.985254	0.038436	
1580	-29.968232	0.416194	
1581	-29.352797	0.387131	
1582	-29.661901	0.475167	
1583	-30.196487	0.818692	
1584	-30.810822	0.814334	
1585	-30.468855	0.815902	
1586	-29.914224	0.557622	
1587	-30.367306	0.850580	
1588	-30.966322	1.240830	
1589	-31.111228	0.759683	
1590	-31.013587	1.118360	
1591	-31.228363	1.104088	
1592	-31.063493	0.439264	
1593	-31.098509	0.591611	
1594	-31.411398	0.504338	
1595	-31.678635	0.459805	
1596	-31.905754	0.431916	
1597	-32.171405	0.335740	
1598	-32.363965	0.703043	
1599	-32.855307	1.130356	
1600	-32.631890	0.941819	
1601	-32.375966	1.471274	
1602	-33.248313	1.705930	
1603	-32.665400	1.586573	
1604	-33.670392	1.490201	
1605	-34.646723	2.218091	
1606	-34.416964	2.394873	
1607	-34.832718	2.096638	
1608	-34.565644	1.878278	
1609	-35.445432	1.291777	
1610	-35.886801	1.609161	
1611	-36.457894	1.470708	
1612	-36.795539	1.378703	
1613	-36.468972	1.815956	
1614	-36.848244	1.658198	
1615	-37.079975	1.589920	
1616	-37.651904	1.550079	
1617	-38.090846	1.779152	
1618	-39.239381	1.990606	
1619	-39.367517	2.056393	
1620	-39.302880	2.111884	
1621	-38.898000	1.933892	
1622	-39.939142	2.316266	
1623	-39.367438	2.420531	
1624	-40.230089	2.663652	
1625	-40.910527	2.483757	
1626	-41.001795	2.866663	
1627	-41.239991	2.836566	
1628	-40.886064	3.554299	
1629	-41.774320	3.272638	
1630	-41.860327	3.256806	
1631	-41.498972	3.641477	
1632	-41.603044	4.248571	
1633	-42.211685	3.244654	
1634	-42.521235	3.407117	
1635	-42.501446	3.230076	
1636	-42.692943	3.186286	
1637	-43.081179	3.934143	
1638	-43.734438	4.162870	
1639	-44.661606	4.679705	
1640	-44.842420	4.040968	
1641	-45.100288	4.410235	
1642	-44.524152	4.779711	
1643	-44.701604	4.762861	
1644	-45.268307	4.954713	
1645	-45.540426	5.598404	
1646	-46.224025	5.001507	
1647	-46.579323	4.812070	
1648	-46.934548	5.020308	
1649	-47.205257	5.210913	
1650	-47.472501	5.702919	
1651	-47.739310	5.989368	
1652	-46.940600	6.251037	
1653	-47.655279	6.563239	
1654	-48.593910	7.193949	
1655	-48.706609	7.080822	
1656	-48.797351	6.673868	
1657	-49.532933	6.835853	
1658	-50.033774	7.166528	
1659	-50.288268	7.296545	
1660	-50.905936	7.174802	
1661	-50.589164	7.058492	
1662	-51.178543	7.711456	
1663	-50.979528	8.090886	
1664	-50.758037	8.195570	
1665	-50.843872	8.293194	
1666	-51.176020	8.701992	
1667	-50.908146	8.896755	
1668	-50.674094	8.758001	
1669	-51.686378	9.110171	
1670	-53.217499	8.901965	
1671	-52.929221	9.515683	
1672	-52.530237	9.252437	
1673	-53.435785	8.963903	
1674	-53.703931	9.216264	
1675	-54.068274	9.751474	
1676	-53.898874	10.598177	
1677	-53.558053	10.280296	
1678	-54.158680	10.189505	
1679	-55.283634	10.595391	
1680	-54.406636	10.993689	
1681	-54.111414	11.473899	
1682	-54.397560	11.241056	
1683	-54.657335	11.381621	
1684	-55.232028	11.905376	
1685	-54.669579	12.474467	
1686	-54.899521	12.801310	
1687	-55.268137	12.211944	
1688	-55.439596	12.069592	
1689	-56.105283	12.758137	
1690	-56.354618	12.659984	
1691	-55.882020	12.760657	
1692	-55.480141	12.648161	
1693	-55.669506	12.937673	
1694	-56.734181	12.849516	
1695	-56.202932	13.308608	
1696	-56.161678	13.637880	
1697	-56.427320	13.347382	
1698	-56.459640	13.015863	
1699	-56.503185	12.907705	
1700	-56.499972	12.948522	
1701	-57.476681	13.195676	
1702	-56.835105	13.111180	
1703	-57.196581	12.784894	
1704	-58.563560	12.484231	
1705	-58.233020	12.439883	
1706	-58.603524	13.032701	
1707	-58.375145	13.173727	
1708	-58.744903	13.335440	
1709	-59.015508	13.037170	
1710	-58.805727	13.405256	
1711	-58.871254	13.905648	
1712	-59.270354	13.020049	
1713	-58.878681	12.916259	
1714	-58.747367	13.568471	
1715	-59.042484	14.025918	
1716	-58.804140	13.816403	
1717	-58.697949	13.940475	
1718	-59.868507	14.342499	
1719	-59.808946	13.781360	
1720	-59.654562	13.850706	
1721	-60.287236	13.817054	
1722	-60.788022	13.976561	
1723	-59.682300	14.139152	
1724	-60.248839	14.614478	
1725	-59.853991	15.158204	
1726	-60.583792	15.509246	
1727	-60.786579	16.135273	
1728	-60.231566	15.817120	
1729	-61.186372	16.587137	
1730	-62.698967	17.312630	
1731	-61.194709	15.315224	
1732	-61.243873	15.581145	
1733	-61.203016	15.254242	
1734	-61.343591	16.131282	
1735	-61.950242	16.251537	
1736	-62.464906	16.136388	
1737	-62.322602	16.290004	
1738	-63.319470	16.500694	
1739	-63.286051	16.745977	
1740	-63.379734	17.640324	
1741	-63.500686	17.273315	
1742	-64.133760	16.986642	
1743	-63.305449	17.131538	
1744	-63.955780	17.663868	
1745	-64.160308	18.464006	
1746	-64.073389	18.451228	
1747	-64.681506	18.357481	
1748	-63.933647	18.196545	
1749	-64.370635	18.036405	
1750	-64.682768	18.819180	
1751	-64.552096	19.250524	
1752	-65.020285	19.019421	
1753	-65.089934	19.087250	
1754	-65.189193	19.323156	
1755	-64.928109	19.925357	
1756	-65.321863	20.005699	
1757	-65.149422	20.014331	
1758	-65.146895	19.837570	
1759	-65.788163	20.198683	
1760	-65.455847	20.055066	
1761	-66.044823	19.863794	
1762	-67.159229	20.131225	
1763	-66.242465	19.841462	
1764	-67.001221	20.530587	
1765	-67.645947	20.851551	
1766	-67.541980	21.011601	
1767	-67.474127	21.039169	
1768	-67.510951	20.947490	
1769	-67.353658	20.951592	
1770	-67.256332	21.189097	
1771	-67.976654	21.368697	
1772	-68.250986	21.283492	
1773	-68.129693	21.309437	
1774	-68.325947	21.603199	
1775	-68.065185	20.774673	
1776	-67.820028	20.704287	
1777	-67.766298	20.798497	
1778	-67.774922	20.770689	
1779	-67.338644	20.393031	
1780	-67.099517	20.541198	
1781	-66.793207	20.219131	
1782	-67.671301	20.277189	
1783	-67.326238	20.182106	
1784	-66.749829	19.741289	
1785	-67.018165	20.285200	
1786	-66.851581	19.982109	
1787	-66.391621	20.155991	
1788	-66.900119	20.228807	
1789	-66.721617	20.131957	
1790	-66.539069	20.236583	
1791	-66.279908	19.752814	
1792	-66.645403	20.245957	
1793	-67.811095	20.639928	
1794	-68.109696	20.718068	
1795	-67.213875	20.431368	
1796	-67.621603	20.593068	
1797	-68.015129	20.710401	
1798	-68.507093	20.933914	
1799	-68.093622	20.717645	
1800	-68.098737	20.750681	
1801	-67.981701	20.817565	
1802	-68.036755	20.674508	
1803	-68.205577	20.690106	
1804	-67.975716	20.813065	
1805	-67.528713	20.268939	
1806	-68.495977	20.519827	
1807	-68.432185	20.458621	
1808	-68.535956	20.869712	
1809	-68.638578	21.320725	
1810	-68.534033	21.400013	
1811	-68.022305	21.251497	
1812	-68.161151	20.995295	
1813	-68.462040	20.990760	
1814	-68.864555	21.402425	
1815	-67.947242	21.165336	
1816	-68.094078	20.800313	
1817	-67.998376	20.871876	
1818	-68.217650	20.894413	
1819	-68.022909	20.951428	
1820	-68.497576	21.235100	
1821	-68.436107	21.711083	
1822	-68.520647	22.156852	
1823	-68.354710	22.638633	
1824	-68.269071	21.780165	
1825	-68.397705	22.180868	
1826	-67.925117	21.559132	
1827	-67.854171	21.989788	
1828	-68.104047	21.918841	
1829	-68.226771	21.618149	
1830	-68.197497	21.743108	
1831	-68.158592	21.703368	
1832	-68.144059	22.225900	
1833	-68.565964	21.837588	
1834	-68.370449	21.818285	
1835	-67.838954	21.641096	
1836	-68.470907	21.937292	
1837	-68.378063	21.888230	
1838	-68.201660	21.767426	
1839	-68.502847	21.608160	
1840	-68.951203	22.399686	
1841	-68.733794	22.128690	
1842	-68.295499	22.497565	
1843	-68.964290	22.220329	
1844	-68.609493	22.273438	
1845	-68.905837	22.202216	
1846	-69.513346	22.511941	
1847	-69.804866	22.348752	
1848	-70.627268	22.073997	
1849	-70.266246	22.151566	
1850	-70.378361	21.843829	
1851	-70.492722	22.280720	
1852	-69.955302	22.391244	
1853	-69.171533	21.727725	
1854	-70.064582	21.990067	
1855	-70.088625	21.920198	
1856	-70.130982	21.864910	
1857	-69.360193	21.635976	
1858	-69.626670	21.247610	
1859	-69.050911	21.197022	
1860	-68.650553	21.525368	
1861	-70.426810	21.155122	
1862	-68.953369	21.052077	
1863	-68.572384	21.156888	
1864	-69.426191	20.692749	
1865	-69.663026	21.017596	
1866	-70.467332	20.800468	
1867	-69.431052	20.623697	
1868	-69.489683	20.574882	
1869	-69.334920	20.672701	
1870	-69.696501	21.135480	
1871	-69.679393	21.366590	
1872	-69.826502	21.360317	
1873	-69.642241	20.858309	
1874	-69.681890	21.366043	
1875	-69.554808	21.907237	
1876	-69.468522	21.522645	
1877	-69.775059	20.901744	
1878	-69.578070	21.383715	
1879	-69.264769	21.220480	
1880	-69.340974	21.703588	
1881	-69.029058	21.809093	
1882	-68.996608	21.481879	
1883	-69.292692	21.234469	
1884	-69.365164	21.504745	
1885	-69.172883	21.326757	
1886	-69.352869	21.279150	
1887	-69.480053	21.424823	
1888	-69.895259	21.481320	
1889	-69.947946	21.389199	
1890	-69.681404	21.820026	
1891	-69.797350	21.847721	
1892	-69.442849	21.489570	
1893	-69.835236	21.502458	
1894	-69.953933	21.378388	
1895	-69.747050	21.532510	
1896	-69.688469	21.893238	
1897	-68.965515	21.687210	
1898	-69.294241	21.634248	
1899	-69.045315	21.926073	
1900	-69.212284	22.240313	
1901	-69.046971	21.932544	
1902	-69.101885	22.209191	
1903	-68.959522	21.812269	
1904	-69.200366	22.182635	
1905	-69.014756	21.921018	
1906	-69.407017	21.927719	
1907	-69.198871	21.900544	
1908	-68.778370	21.998007	
1909	-69.319737	21.427293	
1910	-69.361873	21.720016	
1911	-69.450611	21.533717	
1912	-69.334760	21.856929	
1913	-69.268897	21.694564	
1914	-68.720491	21.514869	
1915	-69.327083	21.863013	
1916	-70.327194	21.851838	
1917	-69.314947	21.999222	
1918	-69.938761	22.202173	
1919	-70.096899	22.652411	
1920	-69.464501	22.062453	
1921	-69.572567	22.035773	
1922	-69.577974	22.396623	
1923	-69.486111	22.188427	
1924	-69.638660	22.388829	
1925	-69.477693	22.361225	
1926	-69.339234	22.604259	
1927	-69.691698	23.934840	
1928	-69.554749	22.018015	
1929	-69.324099	22.385118	
1930	-68.725994	22.155604	
1931	-69.165502	22.444929	
1932	-69.052136	22.362983	
1933	-68.837283	22.186789	
1934	-69.270553	22.098205	
1935	-69.488563	22.348308	
1936	-69.217301	22.179627	
1937	-69.081315	22.375200	
1938	-69.486278	22.015416	
1939	-69.083491	22.151958	
1940	-68.653978	21.762305	
1941	-68.900648	22.039743	
1942	-69.031222	21.967847	
1943	-68.796055	22.288377	
1944	-69.154757	22.561427	
1945	-68.865857	22.220823	
1946	-69.187859	22.484194	
1947	-69.114359	22.506155	
1948	-69.413822	22.796599	
1949	-69.301850	22.331988	
1950	-68.950263	22.708798	
1951	-69.087074	22.787620	
1952	-69.867262	22.245099	
1953	-70.390400	22.436076	
1954	-69.726467	22.211035	
1955	-69.800424	22.090461	
1956	-69.807729	22.303365	
1957	-69.863796	22.297759	
1958	-69.798295	22.481474	
1959	-69.598561	22.561312	
1960	-69.440682	22.834256	
1961	-69.091310	22.572872	
1962	-69.174801	22.790347	
1963	-69.101538	22.165348	
1964	-69.252598	22.306652	
1965	-69.178515	22.748841	
1966	-69.076455	22.789739	
1967	-68.872329	22.529233	
1968	-69.376620	22.670895	
1969	-69.391335	22.720877	
1970	-69.257817	22.674583	
1971	-69.197424	22.738271	
1972	-69.121614	22.918148	
1973	-69.061193	22.292618	
1974	-69.463680	22.399003	
1975	-69.324586	22.698301	
1976	-68.920037	22.463224	
1977	-68.919621	22.531967	
1978	-69.217116	22.416523	
1979	-69.083315	22.322254	
1980	-69.066455	22.700689	
1981	-69.828967	22.800077	
1982	-69.661624	22.565909	
1983	-69.970400	22.383173	
1984	-70.567801	22.786055	
1985	-69.728155	22.601610	
1986	-69.931211	22.795030	
1987	-69.829369	22.735110	
1988	-69.273477	22.564119	
1989	-69.697741	22.649852	
1990	-69.606412	22.546075	
1991	-69.392739	23.071707	
1992	-69.541531	22.563500	
1993	-69.386947	22.347239	
1994	-69.541347	22.656689	
1995	-69.015170	22.486829	
1996	-68.452813	22.183680	
1997	-69.437415	22.750383	
1998	-69.567425	23.215489	
1999	-69.138532	22.901614	
2000	-68.759616	22.745811	
2001	-68.915447	22.604733	
2002	-68.882398	22.763556	
2003	-68.970226	22.345882	
2004	-68.815629	22.330368	
2005	-68.888226	22.591917	
2006	-68.726075	22.381021	
2007	-69.183399	22.551611	
2008	-68.679149	22.650944	
2009	-69.012050	22.442537	
2010	-69.009515	22.056938	
2011	-69.005163	22.658020	
2012	-68.477679	22.304617	
2013	-68.471932	22.213343	
2014	-68.347712	22.845630	
2015	-68.585699	22.028066	
2016	-69.266773	21.930854	
2017	-68.975005	22.216633	
2018	-69.071082	21.639447	
2019	-69.063191	22.041533	
2020	-69.397396	21.967722	
2021	-68.792756	21.688357	
2022	-68.560782	22.264107	
2023	-69.545064	22.222067	
2024	-69.071945	21.798077	
2025	-68.506449	22.313316	
2026	-68.533746	22.387942	
2027	-68.574637	21.649242	
2028	-68.149322	22.129741	
2029	-69.080023	22.116971	
2030	-68.871661	22.291224	
2031	-69.080041	22.058463	
2032	-69.115921	22.098735	
2033	-69.130633	21.860638	
2034	-69.027693	21.696203	
2035	-69.126863	22.581406	
2036	-68.938732	21.912013	
2037	-68.796037	22.078869	
2038	-69.120818	21.830838	
2039	-68.722133	22.503410	
2040	-68.926956	22.369952	
2041	-69.204411	22.429381	
2042	-68.855171	22.554215	
2043	-69.180620	22.817566	
2044	-69.025513	22.994440	
2045	-69.182413	23.405326	
2046	-68.475037	22.029172	
2047	-68.537794	22.047044	
2048	-68.695914	22.758548	
2049	-68.712693	22.515689	
2050	-68.724585	22.758618	
2051	-68.865770	22.945244	
2052	-68.820845	22.928988	
2053	-68.903265	22.526213	
2054	-68.578046	22.981283	
2055	-68.745121	22.619184	
2056	-69.253158	22.963244	
2057	-69.335473	22.821955	
2058	-68.981456	22.712177	
2059	-69.162221	23.007696	
2060	-68.970714	23.051901	
2061	-68.722858	23.600025	
2062	-69.036109	23.659257	
2063	-68.943936	23.402398	
2064	-69.092624	23.366880	
2065	-68.698840	23.239291	
2066	-67.929223	23.137145	
2067	NaN	NaN	
