Athlete_Engineering	// User ID
11-2-2021	// Evaluation date
P011_Walk5	30-1-2021	10:17:11:164	// Source file name and timestamp
250.000	// Sampling rate
5.622	// Data capture period



Sample #	Right_Leg_Flexion	Right_Leg_Abduction	
0	-61.420722	1.002092	
1	-61.547183	0.358109	
2	-61.455315	1.067240	
3	-61.498679	0.977448	
4	-61.539108	1.019662	
5	-61.630509	1.189486	
6	-61.584193	1.492897	
7	-61.522895	1.007337	
8	-61.606643	0.745965	
9	-61.661456	0.425171	
10	-61.477294	0.638997	
11	-61.624353	0.464007	
12	-61.417074	-0.021797	
13	-61.637575	0.243706	
14	-61.847382	-0.144132	
15	-61.785958	-0.269806	
16	-61.866764	-0.471451	
17	-61.755616	-0.278197	
18	-61.744747	-0.313304	
19	-61.766246	-0.543573	
20	-61.923006	-0.546605	
21	-61.797644	-0.249106	
22	-61.894329	-0.917355	
23	-61.714362	-0.532786	
24	-61.470591	0.107114	
25	-60.944240	0.414529	
26	-61.106793	-0.032234	
27	-61.107908	0.037018	
28	-61.191720	0.171277	
29	-61.251234	-0.511268	
30	-61.232287	-0.348159	
31	-61.140764	0.041128	
32	-61.190975	0.154901	
33	-61.254776	-0.180914	
34	-61.282586	-0.289999	
35	-61.168557	-0.956637	
36	-61.150504	-0.543337	
37	-61.338596	0.380111	
38	-61.295998	0.175423	
39	-61.343025	0.706080	
40	-61.391587	-0.123023	
41	-61.430202	0.449875	
42	-61.439829	0.494705	
43	-61.443743	0.506303	
44	-61.465897	0.940667	
45	-61.574210	0.437507	
46	-61.574421	0.597817	
47	-61.581792	0.670844	
48	-61.768568	0.483359	
49	-61.603171	0.894901	
50	-61.599530	0.526260	
51	-61.871891	0.221854	
52	-61.627475	-0.028384	
53	-61.792610	0.238596	
54	-61.684788	1.012770	
55	-61.525861	3.720605	
56	-61.685408	3.763290	
57	-61.539252	-0.647726	
58	-61.418534	-0.429063	
59	-61.714005	-0.156351	
60	-61.940936	0.099350	
61	-61.875686	-0.158658	
62	-61.915732	1.503706	
63	-61.894681	1.400297	
64	-62.000356	0.943424	
65	-61.549826	4.477052	
66	-61.586605	3.692646	
67	-61.309394	0.244663	
68	-61.311951	-0.028786	
69	-61.035584	-0.795510	
70	-61.478756	1.313859	
71	-61.547238	1.071587	
72	-61.576318	1.412187	
73	-61.598452	1.326366	
74	-61.627332	0.248130	
75	-61.560757	-0.233922	
76	-61.635036	0.471268	
77	-61.570347	0.640677	
78	-61.966085	0.245906	
79	-61.913846	0.917212	
80	-61.383678	0.857233	
81	-61.270100	0.152185	
82	-61.285933	1.142708	
83	-61.262870	0.974922	
84	-61.173143	1.165375	
85	-61.828662	1.286800	
86	-61.761473	0.873036	
87	-61.697758	1.334704	
88	-61.567277	1.215361	
89	-60.820228	1.045576	
90	-60.970945	0.934638	
91	-60.834462	0.782216	
92	-60.943050	0.503449	
93	-61.060698	1.362931	
94	-61.070824	1.155385	
95	-61.311143	1.520388	
96	-61.278511	1.754094	
97	-61.285963	1.436396	
98	-61.439797	1.853699	
99	-61.509075	1.182136	
100	-61.595766	1.168529	
101	-61.630342	1.392396	
102	-61.629877	1.096838	
103	-61.544579	1.590579	
104	-61.445170	1.600201	
105	-61.320663	1.990491	
106	-61.677029	2.164546	
107	-61.585234	2.085901	
108	-61.520373	2.546077	
109	-61.290456	1.889151	
110	-60.491102	0.587864	
111	-60.845831	3.538363	
112	-61.151712	2.409875	
113	-60.766797	-0.075838	
114	-60.810449	0.031353	
115	-60.187082	0.247270	
116	-60.049445	0.153896	
117	-60.337957	0.969745	
118	-60.546704	2.790497	
119	-60.182205	1.133233	
120	-60.500564	3.918463	
121	-60.505193	3.269366	
122	-60.556978	3.204697	
123	-60.459392	3.325760	
124	-60.292919	3.632505	
125	-60.224013	3.523191	
126	-60.207437	3.644170	
127	-60.322057	3.781467	
128	-60.301012	4.133840	
129	-60.241201	3.956580	
130	-60.226485	4.371802	
131	-60.191938	3.241637	
132	-60.212794	1.198097	
133	-60.545994	4.163242	
134	-60.562401	3.374114	
135	-60.517655	3.903849	
136	-60.517822	4.164107	
137	-60.366015	3.486565	
138	-60.519821	4.182979	
139	-60.490436	4.310724	
140	-60.477102	4.292629	
141	-60.541633	4.370908	
142	-60.032301	4.469212	
143	-58.158088	4.019683	
144	-58.951097	4.481251	
145	-60.388930	4.660984	
146	-60.048129	4.065516	
147	-59.676542	3.754522	
148	-58.633338	4.009634	
149	-60.608326	5.024451	
150	-59.505028	3.270232	
151	-57.817694	1.925425	
152	-58.973677	3.639425	
153	-59.879747	4.436727	
154	-59.828562	4.079441	
155	-59.927770	3.873074	
156	-60.116586	4.000206	
157	-59.843858	3.786885	
158	-59.739891	3.592443	
159	-59.690689	3.584691	
160	-59.512709	3.431744	
161	-59.484009	2.667646	
162	-59.611261	2.627680	
163	-59.816233	2.715536	
164	-59.575763	3.110962	
165	-59.436911	3.186912	
166	-59.111993	4.413106	
167	-56.820538	2.925310	
168	-56.933029	1.895463	
169	-56.373167	2.325869	
170	-56.871219	0.414401	
171	-58.012588	1.790009	
172	-55.835997	1.456493	
173	-55.829528	3.647428	
174	-56.213468	4.447136	
175	-57.632653	5.704755	
176	-56.412614	4.389557	
177	-54.768426	2.603193	
178	-54.899329	1.870946	
179	-54.365860	4.396729	
180	-53.964426	3.658823	
181	-52.978055	1.184117	
182	-52.960741	2.521696	
183	-53.017624	4.200379	
184	-52.132845	3.640271	
185	-51.736097	3.464638	
186	-51.886748	3.415286	
187	-52.611057	1.913386	
188	-52.186006	2.199781	
189	-51.501646	1.880192	
190	-49.715720	1.867155	
191	-51.018628	2.526991	
192	-50.464406	1.738429	
193	-50.066247	1.689730	
194	-49.637001	2.367600	
195	-49.189434	1.202248	
196	-48.343146	2.277107	
197	-47.863092	1.356110	
198	-47.523829	0.464208	
199	-46.496424	1.506265	
200	-46.942705	1.985966	
201	-45.209552	0.914709	
202	-44.572852	0.746523	
203	-44.078350	1.402755	
204	-44.742298	2.239484	
205	-43.471459	2.337293	
206	-43.201118	1.818765	
207	-42.944017	1.772866	
208	-41.819685	1.044888	
209	-41.069448	1.632142	
210	-40.350049	2.506526	
211	-39.938274	1.915978	
212	-39.734556	0.976856	
213	-38.593156	0.614095	
214	-38.027894	1.867096	
215	-37.779271	1.515697	
216	-36.914273	0.836201	
217	-36.263305	-0.304266	
218	-36.536914	0.259381	
219	-35.365933	-0.535066	
220	-34.641784	-0.343064	
221	-34.446565	1.953183	
222	-33.978783	0.193224	
223	-32.970848	0.075554	
224	-32.470935	0.296337	
225	-32.044286	-0.769550	
226	-30.865011	-1.177454	
227	-31.251753	-0.815801	
228	-31.087445	0.023534	
229	-30.289336	0.267595	
230	-29.856551	-0.168660	
231	-29.691827	0.905713	
232	-28.912597	0.916818	
233	-28.314241	0.467756	
234	-27.393968	-0.469682	
235	-28.096110	0.210774	
236	-27.797740	1.103231	
237	-27.055373	-0.191126	
238	-27.317972	-0.111398	
239	-27.263613	0.097142	
240	-26.828729	-0.280637	
241	-26.645168	-0.186613	
242	-26.862468	-0.227978	
243	-26.044427	-0.866877	
244	-25.875796	-1.364191	
245	-25.452839	-1.797573	
246	-25.705431	-1.410367	
247	-24.934267	-2.459176	
248	-25.503350	-1.818891	
249	-24.577270	-2.450174	
250	-24.963253	-1.686387	
251	-24.697940	-1.843014	
252	-24.944347	-1.531420	
253	-24.193531	-2.367265	
254	-24.802586	-1.499175	
255	-24.720817	-1.915888	
256	-24.752269	-1.707135	
257	-25.127085	-1.197574	
258	-25.791544	-0.318177	
259	-24.886623	-1.070821	
260	-25.249808	-1.321832	
261	-25.278859	-1.454106	
262	-24.886856	-1.498320	
263	-25.689528	-0.090995	
264	-25.543832	-2.078920	
265	-25.571631	-1.877544	
266	-25.732825	-1.706114	
267	-25.863599	-1.551247	
268	-26.071534	-2.072434	
269	-26.897799	-1.198823	
270	-26.105248	-2.621798	
271	-26.403636	-3.071706	
272	-27.248631	-1.872463	
273	-25.643550	-2.926741	
274	-27.110218	-2.315312	
275	-27.095866	-3.041015	
276	-27.343479	-2.536191	
277	-26.585061	-2.669657	
278	-27.304932	-2.737140	
279	-28.849655	-1.774544	
280	-28.873252	-2.134840	
281	-29.422776	-1.264874	
282	-30.262227	-0.795343	
283	-30.202184	-0.714850	
284	-30.454653	-0.969224	
285	-31.892616	-0.767477	
286	-31.751698	-0.947715	
287	-32.195915	-2.268128	
288	-32.316876	-2.055154	
289	-32.506862	-0.751613	
290	-32.936950	-2.738220	
291	-33.040022	-1.700087	
292	-32.957345	-2.517716	
293	-32.799444	-4.061107	
294	-32.016294	-3.343556	
295	-33.959273	-2.839983	
296	-33.675559	-2.482893	
297	-34.174106	-2.990450	
298	-34.621168	-3.196057	
299	-34.568181	-3.272361	
300	-34.288951	-3.282913	
301	-33.696812	-2.898212	
302	-33.807398	-3.032447	
303	-34.023905	-3.147266	
304	-33.764767	-3.217009	
305	-33.511288	-3.495817	
306	-33.416053	-4.083377	
307	-34.162310	-4.509183	
308	-34.110052	-3.916218	
309	-33.897739	-4.396717	
310	-33.248255	-5.537847	
311	-32.281511	-5.679736	
312	-33.851469	-5.105206	
313	-33.756528	-4.238460	
314	-34.635003	-4.692354	
315	-34.020387	-5.232993	
316	-32.980158	-5.096925	
317	-35.235937	-4.337305	
318	-35.503514	-5.301373	
319	-35.907287	-5.297546	
320	-36.162286	-5.526949	
321	-36.185305	-5.274975	
322	-35.980163	-5.337338	
323	-36.664612	-6.055887	
324	-36.956862	-5.586541	
325	-37.410824	-5.423689	
326	-38.213517	-5.278737	
327	-38.122287	-5.956858	
328	-35.587106	-4.962140	
329	-37.851219	-3.940396	
330	-37.328936	-4.076990	
331	-37.458610	-4.276483	
332	-37.303899	-4.254676	
333	-37.319778	-4.588006	
334	-37.209092	-4.552860	
335	-37.449813	-4.327733	
336	-37.366424	-4.752427	
337	-37.640825	-4.929817	
338	-38.681491	-5.496519	
339	-39.023426	-6.077926	
340	-39.191824	-5.503772	
341	-39.678298	-5.915434	
342	-40.171053	-5.687889	
343	-40.301745	-5.599441	
344	-40.694099	-5.494786	
345	-41.053046	-5.154926	
346	-41.513499	-5.174590	
347	-42.114872	-4.629907	
348	-42.388828	-4.266063	
349	-42.807295	-3.192290	
350	-43.472844	-3.029582	
351	-43.744751	-2.417822	
352	-44.420225	-1.882382	
353	-44.093490	-1.034168	
354	-43.765341	-1.137797	
355	-44.894703	-0.424971	
356	-44.236044	-0.557093	
357	-45.147544	-0.183574	
358	-44.549211	-0.596049	
359	-45.724907	-0.305070	
360	-45.494446	-0.630226	
361	-45.644483	0.611728	
362	-45.546543	-0.397544	
363	-46.509859	-1.682405	
364	-46.412014	-2.079741	
365	-46.627572	-2.379061	
366	-46.669642	-2.453382	
367	-46.912832	-3.087303	
368	-47.481946	-3.371343	
369	-47.704626	-3.842946	
370	-47.957124	-4.143199	
371	-48.069261	-4.373383	
372	-48.074416	-4.460768	
373	-47.397263	-5.896471	
374	-47.131083	-4.878478	
375	-48.522157	-5.531350	
376	-48.492399	-4.228867	
377	-48.853496	-4.925667	
378	-49.598417	-5.546395	
379	-50.366554	-4.589095	
380	-49.835165	-4.151209	
381	-50.240527	-1.937101	
382	-51.109407	-2.640563	
383	-50.808027	-3.675076	
384	-50.476900	-2.861189	
385	-50.984220	-3.152794	
386	-50.969565	-2.825618	
387	-50.924340	-2.873857	
388	-51.978006	-2.494684	
389	-52.050321	-3.019882	
390	-52.083422	-2.600040	
391	-52.708755	-3.347074	
392	-52.158406	-1.877192	
393	-52.603622	-1.947985	
394	-53.339206	-2.605315	
395	-54.218434	-2.874408	
396	-53.301041	-3.247812	
397	-53.788683	-3.444653	
398	-54.424529	-3.821876	
399	-54.123542	-3.376281	
400	-53.813846	-2.532747	
401	-54.612416	-2.562577	
402	-55.536276	-3.413974	
403	-54.635863	-3.592151	
404	-55.434565	-4.463314	
405	-54.877049	-2.531306	
406	-55.138025	-2.469957	
407	-55.230685	-2.389824	
408	-55.138730	-2.537304	
409	-55.155105	-3.649214	
410	-55.557785	-3.541086	
411	-55.561979	-2.056303	
412	-55.993836	-2.742957	
413	-56.535728	-2.904206	
414	-58.100576	-3.794484	
415	-56.394186	-2.926190	
416	-56.307565	-4.143554	
417	-56.869065	-3.202158	
418	-57.795271	-4.685878	
419	-57.594942	-2.613202	
420	-57.699845	-5.515584	
421	-57.868394	-7.036086	
422	-58.221432	-5.414300	
423	-58.799513	-2.948270	
424	-57.975855	-5.336405	
425	-58.761366	-2.129805	
426	-58.281107	-3.540569	
427	-58.299843	-4.741155	
428	-59.231473	-1.615641	
429	-59.509578	-2.845730	
430	-59.342394	-1.838222	
431	-59.165515	-3.071402	
432	-60.045387	-2.691187	
433	-60.325343	-3.023950	
434	-60.068085	-3.223895	
435	-60.589350	-2.441811	
436	-60.274053	-2.130583	
437	-60.575688	-1.711340	
438	-60.448104	-1.490078	
439	-60.917704	-0.890088	
440	-61.207416	-1.844801	
441	-61.573309	-2.517264	
442	-61.807539	-1.358312	
443	-62.386200	-1.740627	
444	-61.624471	-2.438069	
445	-60.749008	-3.223314	
446	-63.450878	-3.481832	
447	-62.289350	-3.208092	
448	-62.487877	-4.783157	
449	-63.689289	-5.139689	
450	-64.141798	-5.754004	
451	-64.449219	-5.489055	
452	-64.171629	-3.313537	
453	-64.526626	-4.727004	
454	-64.571175	-4.001752	
455	-65.141780	-3.634254	
456	-64.247517	-4.394280	
457	-62.070194	-5.878929	
458	-66.212687	-6.384825	
459	-65.849848	-4.198464	
460	-66.107573	-6.990412	
461	-66.205033	-3.009347	
462	-66.636772	-5.905451	
463	-66.716356	-6.254139	
464	-66.682377	-4.883816	
465	-67.240473	-5.901156	
466	-66.965046	-7.589815	
467	-66.353069	-6.100998	
468	-64.777687	-5.408292	
469	-67.124789	-5.752911	
470	-67.140567	-5.581856	
471	-67.507832	-6.177216	
472	-67.095595	-4.201646	
473	-67.625192	-5.806059	
474	-67.400187	-4.827388	
475	-67.828766	-4.022198	
476	-67.579362	-3.917784	
477	-67.507592	-3.274168	
478	-66.049345	-2.435304	
479	-66.283043	-2.608486	
480	-67.930072	-0.927353	
481	-67.745497	-1.764991	
482	-67.699361	-1.520219	
483	-68.055319	-1.205847	
484	-68.415966	0.441764	
485	-68.214652	1.722140	
486	-68.291767	1.172213	
487	-67.396979	2.435034	
488	-65.635195	1.453755	
489	-67.424942	1.764574	
490	-66.883072	2.427302	
491	-66.650204	2.175205	
492	-66.852848	1.541769	
493	-66.793683	2.505577	
494	-66.333262	2.386208	
495	-66.260653	2.472541	
496	-65.941935	2.641541	
497	-64.889860	3.877982	
498	-64.961263	3.424851	
499	-64.610473	4.292236	
500	-64.244348	4.210523	
501	-63.624359	3.994115	
502	-62.760382	3.741032	
503	-62.555037	3.656304	
504	-62.056528	2.769272	
505	-61.247822	2.271588	
506	-60.876259	2.080366	
507	-60.045344	2.322150	
508	-59.111473	0.823367	
509	-58.243168	1.134667	
510	-58.932452	1.144192	
511	-58.294917	1.107958	
512	-57.493610	0.468460	
513	-55.493772	0.743936	
514	-55.695506	0.063867	
515	-56.527793	-0.468267	
516	-54.990238	-0.335776	
517	-53.978248	-1.051453	
518	-54.046754	0.186763	
519	-52.982873	-0.846329	
520	-54.475081	-2.474053	
521	-51.044073	-0.256399	
522	-48.106590	-1.107444	
523	-51.730260	-1.231932	
524	-50.511598	-1.599334	
525	-50.824239	-0.211107	
526	-50.032764	-0.224480	
527	-49.414661	-1.165009	
528	-48.989321	-0.419182	
529	-48.759373	0.290120	
530	-48.815857	0.118631	
531	-49.012273	0.352800	
532	-47.742234	0.310726	
533	-48.003028	0.011300	
534	-47.748127	1.670614	
535	-47.044377	-0.409350	
536	-46.546748	0.209213	
537	-45.696684	-0.750183	
538	-41.736847	-2.443155	
539	-45.983759	-1.943619	
540	-45.150809	-2.227405	
541	-44.179816	-1.283436	
542	-44.562539	-0.885477	
543	-42.631563	-0.297602	
544	-40.047436	2.069146	
545	-40.877116	0.221690	
546	-39.640371	2.006729	
547	-40.075026	0.274859	
548	-37.752004	2.873456	
549	-37.456129	3.564880	
550	-37.877663	2.871677	
551	-37.470823	3.375451	
552	-36.478788	3.696442	
553	-35.928588	3.432339	
554	-32.604586	2.392496	
555	-33.274604	3.152526	
556	-36.152169	4.226790	
557	-32.530113	3.036048	
558	-29.114300	1.039730	
559	-33.704945	4.075411	
560	-31.698102	3.991520	
561	-32.215507	2.593790	
562	-32.150767	-1.324719	
563	-28.932817	-3.256878	
564	-32.284615	-1.676140	
565	-30.037567	-0.119206	
566	-31.850840	-3.001866	
567	-29.881895	-2.683627	
568	-27.848155	-0.455723	
569	-28.103243	-1.156456	
570	-28.918943	-1.708940	
571	-28.951661	-3.169960	
572	-29.716707	-5.088811	
573	-28.167775	-4.249220	
574	-28.955097	-2.915343	
575	-29.695924	-6.050212	
576	-25.002898	-4.583166	
577	-30.247020	-4.665709	
578	-29.774788	-5.056933	
579	-29.307382	-4.247989	
580	-28.082498	-1.690098	
581	-28.505791	-2.732560	
582	-28.825537	-3.780861	
583	-28.678682	-3.196537	
584	-27.341426	-1.595873	
585	-26.747402	-2.087027	
586	-27.225574	-2.019378	
587	-27.242001	-1.685089	
588	-27.223738	-1.505831	
589	-26.664352	-2.063759	
590	-26.300689	-2.240237	
591	-23.568918	-2.796245	
592	-27.236523	-1.439233	
593	-26.395797	-2.317426	
594	-28.407536	-2.961178	
595	-26.691733	-2.177705	
596	-25.899245	-0.891005	
597	-27.476609	-0.791671	
598	-28.250261	-1.875661	
599	-27.078576	-1.310313	
600	-28.114196	-1.474316	
601	-27.808959	-1.078963	
602	-27.138473	-1.591433	
603	-25.079678	-1.995720	
604	-28.636335	0.144312	
605	-28.106492	0.618405	
606	-30.446996	-0.362588	
607	-31.534795	-0.658396	
608	-31.794422	-1.685797	
609	-31.298268	0.231580	
610	-31.926036	0.596907	
611	-32.452234	-0.060600	
612	-32.993714	0.169263	
613	-31.838183	0.206674	
614	-33.994966	-0.114825	
615	-33.396118	-0.719717	
616	-29.571457	-0.132464	
617	-34.537916	2.149941	
618	-33.685678	1.938830	
619	-33.553954	2.240612	
620	-36.535919	-0.530488	
621	-34.706996	-0.823652	
622	-30.662554	-0.396339	
623	-37.654986	0.208853	
624	-33.849358	1.188348	
625	-30.471628	0.413149	
626	-37.037568	-1.030604	
627	-36.091686	-0.866232	
628	-35.868073	-1.263045	
629	-36.643123	-3.202865	
630	-36.059822	-2.336037	
631	-34.844776	-1.120540	
632	-35.795607	-2.855510	
633	-34.856321	-2.810673	
634	-33.364943	-3.561876	
635	-33.679805	-2.365815	
636	-35.448496	-2.987011	
637	-34.827170	-4.830390	
638	-35.455668	-3.088781	
639	-36.482006	-5.855934	
640	-36.386958	-5.172755	
641	-36.867584	-4.748028	
642	-35.841963	-5.057363	
643	-37.074093	-8.421945	
644	-36.615211	-6.049939	
645	-33.491591	-8.049528	
646	-35.719600	-8.838178	
647	-40.201773	-4.440304	
648	-38.600567	-3.166545	
649	-37.567462	-1.048986	
650	-41.707813	-5.028253	
651	-40.143160	-3.400550	
652	-39.609791	-3.009617	
653	-41.353867	-3.134271	
654	-39.534604	-4.121136	
655	-42.814565	-4.167516	
656	-42.509917	-3.457982	
657	-41.296883	-2.476136	
658	-41.855124	-3.681959	
659	-42.387585	-4.107998	
660	-42.862792	-5.471297	
661	-43.673601	-7.985088	
662	-44.203717	-10.431638	
663	-41.762003	-5.450759	
664	-43.723381	-6.285911	
665	-45.100316	-4.992739	
666	-44.922421	-6.415021	
667	-46.890485	-6.465723	
668	-46.844061	-7.821118	
669	-45.255918	-5.542071	
670	-44.797923	-6.249501	
671	-45.537100	-5.077342	
672	-43.374642	-4.091028	
673	-46.373074	-2.704458	
674	-46.635073	-4.857525	
675	-48.394232	-4.732331	
676	-47.447352	-4.690506	
677	-46.297210	-5.339728	
678	-47.026943	-4.513780	
679	-45.147584	-4.201837	
680	-42.057177	-4.371561	
681	-42.239592	-5.039198	
682	-50.162133	-6.533139	
683	-49.888611	-6.486639	
684	-46.013618	-5.848889	
685	-45.666649	-7.402340	
686	-43.650747	-7.929164	
687	-46.671103	-8.115933	
688	-56.821804	-11.394276	
689	-40.868248	-8.538996	
690	-32.032701	-12.154166	
691	-51.458438	-11.726812	
692	-46.058264	-10.589807	
693	-49.669427	-10.903813	
694	-49.467852	-12.336333	
695	-49.886415	-12.031468	
696	-44.535995	-9.242213	
697	-47.499122	-9.954917	
698	-50.403172	-9.232512	
699	-46.315550	-9.036599	
700	-47.995327	-9.811479	
701	-47.992947	-8.392448	
702	-49.794250	-7.047297	
703	-43.712895	-4.562256	
704	-49.741983	-5.971336	
705	-53.266113	-5.246519	
706	-48.101482	-3.218318	
707	-47.129843	-2.009994	
708	-54.300403	-6.949674	
709	-53.223385	-6.528895	
710	-49.135330	-4.407371	
711	-55.377825	-4.457004	
712	-49.114524	-5.294125	
713	-48.731509	-6.476991	
714	-53.493387	-6.798126	
715	-49.595772	-5.377841	
716	-48.941405	-4.987383	
717	-49.984381	-6.048583	
718	-51.660219	-6.139872	
719	-50.122153	-3.928353	
720	-49.209844	-3.995181	
721	-46.178831	-4.651323	
722	-46.435579	-4.558772	
723	-48.051999	-3.866863	
724	-51.441566	-3.362856	
725	-52.531619	-3.987071	
726	-52.689474	-5.526472	
727	-46.305466	-5.830143	
728	-49.383103	-5.292125	
729	-51.630361	-5.678782	
730	-48.068951	-7.450418	
731	-52.347661	-6.405254	
732	-52.821530	-7.097387	
733	-53.143912	-5.739239	
734	-53.112886	-8.663022	
735	-56.814899	-11.975509	
736	-55.086385	-11.739766	
737	-53.959897	-7.292952	
738	-53.055250	-7.930312	
739	-48.286352	-6.753510	
740	-50.619068	-6.334297	
741	-55.554198	-5.098939	
742	-54.064894	-6.184724	
743	-52.473106	-6.062282	
744	-53.718154	-7.662948	
745	-53.925415	-6.358816	
746	-53.696983	-4.780973	
747	-50.999469	-4.918334	
748	-53.426549	-4.124491	
749	-51.095829	-4.167680	
750	-51.533465	-5.043525	
751	-51.782250	-3.892650	
752	-52.775602	-4.777245	
753	-58.547829	-7.663688	
754	-63.371784	-9.660158	
755	-57.567695	-10.020793	
756	-56.974257	-8.746348	
757	-53.046012	-7.369587	
758	-55.455290	-7.181077	
759	-60.316012	-8.658056	
760	-56.541785	-5.989963	
761	-56.506374	-8.508426	
762	-54.896691	-9.033484	
763	-58.139493	-10.709857	
764	-60.159862	-12.114745	
765	-59.399677	-9.681641	
766	-58.967612	-8.029475	
767	-57.161873	-8.659691	
768	-57.713140	-9.241652	
769	-57.442667	-7.983792	
770	-59.163541	-7.748796	
771	-59.142250	-8.559762	
772	-59.772265	-11.105997	
773	-57.745619	-8.851966	
774	-54.887033	-6.617121	
775	-57.291637	-7.945097	
776	-54.536949	-8.695232	
777	-57.645038	-8.663659	
778	-56.862499	-7.778163	
779	-59.023773	-6.469537	
780	-59.559785	-7.252398	
781	-56.961737	-9.413288	
782	-58.008557	-6.837290	
783	-55.080473	-2.147196	
784	-59.454538	-8.531798	
785	-63.336982	-10.274967	
786	-54.767860	-2.735026	
787	-60.072951	-1.106654	
788	-56.506617	-2.190342	
789	-55.560338	-2.283371	
790	-55.581981	-0.373360	
791	-54.969595	-2.139290	
792	-55.254855	-6.299530	
793	-56.743827	-3.246362	
794	-58.649730	-5.042810	
795	-54.138779	-4.036601	
796	-55.361815	-1.683204	
797	-55.299877	-1.485712	
798	-54.187239	0.091787	
799	-53.878520	-3.063126	
800	-53.435468	-2.268195	
801	-53.064027	-2.809525	
802	-52.352369	-1.193391	
803	-51.264162	-2.647310	
804	-51.558942	0.287906	
805	-51.422240	1.300329	
806	-50.739343	1.417963	
807	-52.635385	0.793341	
808	-57.679538	1.946810	
809	-48.574515	3.586296	
810	-51.015822	3.755540	
811	-56.466556	3.505864	
812	-57.689765	5.817663	
813	-54.885978	2.434474	
814	-55.224171	5.410565	
815	-53.284660	3.821915	
816	-47.160788	3.494511	
817	-46.419450	3.911312	
818	-44.318155	4.471210	
819	-45.684681	5.249349	
820	-51.804571	5.293900	
821	-50.736017	8.285721	
822	NaN	NaN	
823	-54.929787	4.964867	
824	-53.135936	6.107817	
825	-45.973444	3.828888	
826	-44.544123	4.044750	
827	-40.266772	3.377407	
828	-46.674790	4.499963	
829	-45.642222	5.399421	
830	-44.244162	-3.434123	
831	-50.973716	-41.369217	
832	-49.141128	-19.542589	
833	-56.710979	6.807530	
834	-54.681764	1.965627	
835	-54.020487	4.449942	
836	-47.536661	5.402644	
837	-51.366966	6.002377	
838	-48.308662	8.573268	
839	-47.552236	4.865727	
840	-40.640475	2.539438	
841	-47.140807	3.872975	
842	-45.140659	4.075676	
843	-37.360398	3.779731	
844	-37.314722	3.609686	
845	-36.351424	4.030259	
846	-34.079853	3.434127	
847	-30.803595	2.533471	
848	-35.469938	4.104652	
849	-37.250503	7.093875	
850	-42.206217	8.138855	
851	-32.264315	3.818910	
852	-32.081206	6.172953	
853	-22.603865	8.267146	
854	-36.272802	3.708847	
855	-36.957519	6.079986	
856	-29.690134	5.242364	
857	-29.387305	3.181288	
858	-28.765400	3.145201	
859	-33.093828	3.339887	
860	-32.138090	4.873286	
861	-21.104316	0.715302	
862	-22.125107	1.133971	
863	-23.912046	3.453396	
864	-28.253445	6.792871	
865	-26.685021	5.927032	
866	-26.877282	7.078095	
867	-19.673042	5.001223	
868	-21.771312	5.740674	
869	-28.079454	6.163467	
870	-24.852660	5.946705	
871	-27.320004	7.007498	
872	-31.873108	8.218273	
873	-26.790529	6.940710	
874	-33.512108	8.893618	
875	-30.212257	8.026529	
876	-26.669145	7.410522	
877	-22.677564	5.574065	
878	-27.996574	7.905015	
879	-32.009224	9.579026	
880	-19.661647	3.847833	
881	-33.016960	10.211023	
882	-32.957863	10.927390	
883	-23.641284	13.813184	
884	-17.118199	9.038198	
885	-8.042045	1.066944	
886	-21.863495	7.759095	
887	-22.108589	9.735850	
888	-31.338558	10.071757	
889	-26.011450	12.343685	
890	-19.668796	8.116770	
891	-23.396176	11.431367	
892	-27.101619	10.358970	
893	-24.078997	4.075644	
894	-26.660681	9.331790	
895	-25.458461	4.846550	
896	-24.552570	11.377292	
897	-21.710002	4.228257	
898	-25.963700	7.029922	
899	-25.658005	1.866029	
900	-21.811867	1.349301	
901	-20.799171	6.186387	
902	-22.328212	5.765269	
903	-26.803870	3.699498	
904	-25.054407	9.537446	
905	-28.060854	6.913726	
906	-28.607520	4.837729	
907	-28.050321	9.147855	
908	-30.126947	4.245231	
909	-26.045983	2.341153	
910	-28.463233	3.667977	
911	-26.608010	2.810050	
912	-30.706486	4.419094	
913	-29.206894	5.368819	
914	-28.690206	2.903200	
915	-19.119516	0.414661	
916	71.609473	-78.275384	
917	97.385796	-93.889878	
918	170.094297	-119.405975	
919	170.984022	-119.541821	
920	166.427259	-120.152138	
921	165.514789	-117.196739	
922	-169.613873	-127.039727	
923	-172.801802	-130.490140	
924	-178.575231	-121.559045	
925	171.332285	-117.384222	
926	172.252137	-118.656572	
927	NaN	NaN	
928	NaN	NaN	
929	NaN	NaN	
930	NaN	NaN	
931	NaN	NaN	
932	NaN	NaN	
933	NaN	NaN	
934	NaN	NaN	
935	-40.463528	12.350656	
936	-35.772547	10.479662	
937	-30.875368	9.786619	
938	-37.185944	12.343757	
939	-37.580901	9.810597	
940	-31.396293	7.329876	
941	-32.360916	10.180085	
942	-28.607242	3.206061	
943	-26.182099	7.649565	
944	-38.240572	20.329166	
945	-38.259403	3.926350	
946	-39.005379	2.845099	
947	-38.706792	0.932385	
948	-39.750775	2.068637	
949	-39.303330	7.015451	
950	-41.668066	5.494281	
951	NaN	NaN	
952	NaN	NaN	
953	NaN	NaN	
954	NaN	NaN	
955	NaN	NaN	
956	NaN	NaN	
957	NaN	NaN	
958	NaN	NaN	
959	NaN	NaN	
960	NaN	NaN	
961	NaN	NaN	
962	NaN	NaN	
963	-39.876124	1.817785	
964	-43.122793	-0.088397	
965	-48.052121	-3.960111	
966	-41.789332	-0.736262	
967	-45.336133	0.783223	
968	-44.486215	-3.166980	
969	-44.363698	-5.045506	
970	NaN	NaN	
971	-41.974689	1.642858	
972	-42.877444	-3.728481	
973	-45.387808	-7.698913	
974	NaN	NaN	
975	-47.331590	-2.171610	
976	-47.172575	-3.086267	
977	9.075062	0.294771	
978	NaN	NaN	
979	-48.804475	-1.748369	
980	-48.200109	0.216319	
981	-54.104804	10.308606	
982	NaN	NaN	
983	NaN	NaN	
984	NaN	NaN	
985	NaN	NaN	
986	NaN	NaN	
987	NaN	NaN	
988	NaN	NaN	
989	NaN	NaN	
990	NaN	NaN	
991	NaN	NaN	
992	NaN	NaN	
993	NaN	NaN	
994	NaN	NaN	
995	NaN	NaN	
996	NaN	NaN	
997	NaN	NaN	
998	NaN	NaN	
999	NaN	NaN	
1000	NaN	NaN	
1001	NaN	NaN	
1002	NaN	NaN	
1003	NaN	NaN	
1004	NaN	NaN	
1005	NaN	NaN	
1006	NaN	NaN	
1007	NaN	NaN	
1008	NaN	NaN	
1009	NaN	NaN	
1010	NaN	NaN	
1011	NaN	NaN	
1012	NaN	NaN	
1013	NaN	NaN	
1014	NaN	NaN	
1015	NaN	NaN	
1016	NaN	NaN	
1017	NaN	NaN	
1018	NaN	NaN	
1019	NaN	NaN	
1020	NaN	NaN	
1021	NaN	NaN	
1022	NaN	NaN	
1023	NaN	NaN	
1024	NaN	NaN	
1025	NaN	NaN	
1026	NaN	NaN	
1027	NaN	NaN	
1028	NaN	NaN	
1029	NaN	NaN	
1030	NaN	NaN	
1031	NaN	NaN	
1032	-60.930060	-7.253391	
1033	-60.741997	0.911206	
1034	-57.559901	0.987735	
1035	-58.368172	-1.152691	
1036	-57.939106	-0.576146	
1037	-59.173740	-6.521861	
1038	-60.978308	-8.322962	
1039	NaN	NaN	
1040	NaN	NaN	
1041	NaN	NaN	
1042	NaN	NaN	
1043	NaN	NaN	
1044	NaN	NaN	
1045	NaN	NaN	
1046	NaN	NaN	
1047	NaN	NaN	
1048	NaN	NaN	
1049	NaN	NaN	
1050	NaN	NaN	
1051	-66.644991	-18.467342	
1052	-67.533489	-21.521475	
1053	NaN	NaN	
1054	NaN	NaN	
1055	NaN	NaN	
1056	NaN	NaN	
1057	NaN	NaN	
1058	NaN	NaN	
1059	NaN	NaN	
1060	NaN	NaN	
1061	NaN	NaN	
1062	NaN	NaN	
1063	NaN	NaN	
1064	NaN	NaN	
1065	NaN	NaN	
1066	NaN	NaN	
1067	NaN	NaN	
1068	NaN	NaN	
1069	NaN	NaN	
1070	NaN	NaN	
1071	NaN	NaN	
1072	NaN	NaN	
1073	NaN	NaN	
1074	NaN	NaN	
1075	NaN	NaN	
1076	NaN	NaN	
1077	NaN	NaN	
1078	NaN	NaN	
1079	NaN	NaN	
1080	NaN	NaN	
1081	NaN	NaN	
1082	NaN	NaN	
1083	NaN	NaN	
1084	NaN	NaN	
1085	NaN	NaN	
1086	NaN	NaN	
1087	NaN	NaN	
1088	NaN	NaN	
1089	NaN	NaN	
1090	NaN	NaN	
1091	NaN	NaN	
1092	NaN	NaN	
1093	NaN	NaN	
1094	NaN	NaN	
1095	NaN	NaN	
1096	NaN	NaN	
1097	NaN	NaN	
1098	NaN	NaN	
1099	NaN	NaN	
1100	NaN	NaN	
1101	NaN	NaN	
1102	NaN	NaN	
1103	NaN	NaN	
1104	NaN	NaN	
1105	NaN	NaN	
1106	NaN	NaN	
1107	NaN	NaN	
1108	NaN	NaN	
1109	NaN	NaN	
1110	NaN	NaN	
1111	NaN	NaN	
1112	NaN	NaN	
1113	NaN	NaN	
1114	NaN	NaN	
1115	NaN	NaN	
1116	NaN	NaN	
1117	NaN	NaN	
1118	NaN	NaN	
1119	NaN	NaN	
1120	NaN	NaN	
1121	NaN	NaN	
1122	NaN	NaN	
1123	NaN	NaN	
1124	NaN	NaN	
1125	NaN	NaN	
1126	NaN	NaN	
1127	NaN	NaN	
1128	NaN	NaN	
1129	NaN	NaN	
1130	NaN	NaN	
1131	NaN	NaN	
1132	NaN	NaN	
1133	NaN	NaN	
1134	NaN	NaN	
1135	NaN	NaN	
1136	NaN	NaN	
1137	NaN	NaN	
1138	NaN	NaN	
1139	NaN	NaN	
1140	NaN	NaN	
1141	NaN	NaN	
1142	NaN	NaN	
1143	NaN	NaN	
1144	NaN	NaN	
1145	NaN	NaN	
1146	NaN	NaN	
1147	NaN	NaN	
1148	NaN	NaN	
1149	NaN	NaN	
1150	NaN	NaN	
1151	NaN	NaN	
1152	NaN	NaN	
1153	NaN	NaN	
1154	NaN	NaN	
1155	NaN	NaN	
1156	NaN	NaN	
1157	NaN	NaN	
1158	NaN	NaN	
1159	NaN	NaN	
1160	NaN	NaN	
1161	NaN	NaN	
1162	NaN	NaN	
1163	NaN	NaN	
1164	NaN	NaN	
1165	NaN	NaN	
1166	NaN	NaN	
1167	NaN	NaN	
1168	NaN	NaN	
1169	NaN	NaN	
1170	NaN	NaN	
1171	NaN	NaN	
1172	NaN	NaN	
1173	NaN	NaN	
1174	NaN	NaN	
1175	NaN	NaN	
1176	NaN	NaN	
1177	NaN	NaN	
1178	NaN	NaN	
1179	NaN	NaN	
1180	NaN	NaN	
1181	NaN	NaN	
1182	NaN	NaN	
1183	NaN	NaN	
1184	NaN	NaN	
1185	NaN	NaN	
1186	NaN	NaN	
1187	NaN	NaN	
1188	NaN	NaN	
1189	NaN	NaN	
1190	NaN	NaN	
1191	NaN	NaN	
1192	NaN	NaN	
1193	NaN	NaN	
1194	NaN	NaN	
1195	NaN	NaN	
1196	NaN	NaN	
1197	NaN	NaN	
1198	NaN	NaN	
1199	NaN	NaN	
1200	NaN	NaN	
1201	NaN	NaN	
1202	NaN	NaN	
1203	NaN	NaN	
1204	NaN	NaN	
1205	NaN	NaN	
1206	NaN	NaN	
1207	NaN	NaN	
1208	NaN	NaN	
1209	NaN	NaN	
1210	NaN	NaN	
1211	NaN	NaN	
1212	NaN	NaN	
1213	NaN	NaN	
1214	NaN	NaN	
1215	NaN	NaN	
1216	NaN	NaN	
1217	NaN	NaN	
1218	NaN	NaN	
1219	NaN	NaN	
1220	NaN	NaN	
1221	NaN	NaN	
1222	NaN	NaN	
1223	NaN	NaN	
1224	NaN	NaN	
1225	NaN	NaN	
1226	NaN	NaN	
1227	NaN	NaN	
1228	NaN	NaN	
1229	NaN	NaN	
1230	NaN	NaN	
1231	NaN	NaN	
1232	NaN	NaN	
1233	NaN	NaN	
1234	NaN	NaN	
1235	NaN	NaN	
1236	NaN	NaN	
1237	NaN	NaN	
1238	NaN	NaN	
1239	NaN	NaN	
1240	NaN	NaN	
1241	NaN	NaN	
1242	NaN	NaN	
1243	NaN	NaN	
1244	NaN	NaN	
1245	NaN	NaN	
1246	NaN	NaN	
1247	NaN	NaN	
1248	NaN	NaN	
1249	NaN	NaN	
1250	NaN	NaN	
1251	NaN	NaN	
1252	NaN	NaN	
1253	NaN	NaN	
1254	NaN	NaN	
1255	NaN	NaN	
1256	NaN	NaN	
1257	NaN	NaN	
1258	NaN	NaN	
1259	NaN	NaN	
1260	NaN	NaN	
1261	NaN	NaN	
1262	NaN	NaN	
1263	NaN	NaN	
1264	NaN	NaN	
1265	NaN	NaN	
1266	NaN	NaN	
1267	NaN	NaN	
1268	NaN	NaN	
1269	NaN	NaN	
1270	NaN	NaN	
1271	NaN	NaN	
1272	NaN	NaN	
1273	NaN	NaN	
1274	NaN	NaN	
1275	NaN	NaN	
1276	NaN	NaN	
1277	NaN	NaN	
1278	NaN	NaN	
1279	NaN	NaN	
1280	NaN	NaN	
1281	NaN	NaN	
1282	NaN	NaN	
1283	NaN	NaN	
1284	NaN	NaN	
1285	NaN	NaN	
1286	NaN	NaN	
1287	NaN	NaN	
1288	NaN	NaN	
1289	NaN	NaN	
1290	NaN	NaN	
1291	NaN	NaN	
1292	NaN	NaN	
1293	NaN	NaN	
1294	NaN	NaN	
1295	NaN	NaN	
1296	NaN	NaN	
1297	NaN	NaN	
1298	NaN	NaN	
1299	NaN	NaN	
1300	NaN	NaN	
1301	NaN	NaN	
1302	NaN	NaN	
1303	NaN	NaN	
1304	NaN	NaN	
1305	NaN	NaN	
1306	NaN	NaN	
1307	NaN	NaN	
1308	NaN	NaN	
1309	NaN	NaN	
1310	NaN	NaN	
1311	NaN	NaN	
1312	NaN	NaN	
1313	NaN	NaN	
1314	NaN	NaN	
1315	NaN	NaN	
1316	NaN	NaN	
1317	NaN	NaN	
1318	NaN	NaN	
1319	NaN	NaN	
1320	NaN	NaN	
1321	NaN	NaN	
1322	NaN	NaN	
1323	NaN	NaN	
1324	NaN	NaN	
1325	NaN	NaN	
1326	NaN	NaN	
1327	NaN	NaN	
1328	NaN	NaN	
1329	NaN	NaN	
1330	NaN	NaN	
1331	NaN	NaN	
1332	NaN	NaN	
1333	NaN	NaN	
1334	NaN	NaN	
1335	NaN	NaN	
1336	NaN	NaN	
1337	NaN	NaN	
1338	NaN	NaN	
1339	NaN	NaN	
1340	NaN	NaN	
1341	NaN	NaN	
1342	NaN	NaN	
1343	NaN	NaN	
1344	NaN	NaN	
1345	NaN	NaN	
1346	NaN	NaN	
1347	NaN	NaN	
1348	NaN	NaN	
1349	NaN	NaN	
1350	NaN	NaN	
1351	NaN	NaN	
1352	NaN	NaN	
1353	NaN	NaN	
1354	NaN	NaN	
1355	NaN	NaN	
1356	NaN	NaN	
1357	NaN	NaN	
1358	NaN	NaN	
1359	NaN	NaN	
1360	NaN	NaN	
1361	NaN	NaN	
1362	NaN	NaN	
1363	NaN	NaN	
1364	NaN	NaN	
1365	NaN	NaN	
1366	NaN	NaN	
1367	NaN	NaN	
1368	NaN	NaN	
1369	NaN	NaN	
1370	NaN	NaN	
1371	NaN	NaN	
1372	NaN	NaN	
1373	NaN	NaN	
1374	NaN	NaN	
1375	NaN	NaN	
1376	NaN	NaN	
1377	NaN	NaN	
1378	NaN	NaN	
1379	NaN	NaN	
1380	NaN	NaN	
1381	NaN	NaN	
1382	NaN	NaN	
1383	NaN	NaN	
1384	NaN	NaN	
1385	NaN	NaN	
1386	NaN	NaN	
1387	NaN	NaN	
1388	NaN	NaN	
1389	NaN	NaN	
1390	NaN	NaN	
1391	NaN	NaN	
1392	NaN	NaN	
1393	NaN	NaN	
1394	NaN	NaN	
1395	NaN	NaN	
1396	NaN	NaN	
1397	NaN	NaN	
1398	NaN	NaN	
1399	NaN	NaN	
1400	NaN	NaN	
1401	NaN	NaN	
1402	NaN	NaN	
1403	NaN	NaN	
1404	NaN	NaN	
1405	NaN	NaN	
