Athlete_Engineering	// User ID
11-2-2021	// Evaluation date
P011_Walk1	30-1-2021	10:12:52:716	// Source file name and timestamp
250.000	// Sampling rate
5.224	// Data capture period



Sample #	Right_Leg_Flexion	Right_Leg_Abduction	
0	-58.713433	-4.486549	
1	-58.909431	-4.599358	
2	-59.030621	-4.525121	
3	-58.778595	-4.728118	
4	-58.803343	-4.819081	
5	-58.855101	-4.806509	
6	-58.786776	-5.009773	
7	-58.826507	-4.939287	
8	-59.067143	-4.541047	
9	-58.821360	-5.003813	
10	-58.738284	-5.059535	
11	-58.766150	-4.689390	
12	-58.656747	-4.817677	
13	-58.774403	-5.057211	
14	-59.130086	-4.652895	
15	-57.165165	-5.051014	
16	-58.043147	-4.711642	
17	-58.580502	-4.716580	
18	-58.360144	-4.625434	
19	-57.303399	-5.065086	
20	-56.767282	-5.175308	
21	-58.019319	-4.653217	
22	-58.278619	-4.576568	
23	-58.219509	-4.538498	
24	-58.116411	-4.680048	
25	-58.038185	-4.538785	
26	-58.119381	-4.393418	
27	-58.204371	-4.436856	
28	-57.951355	-4.487872	
29	-58.146556	-4.503599	
30	-56.963856	-4.605084	
31	-57.759545	-4.514036	
32	-58.190383	-4.470827	
33	-58.246620	-4.159395	
34	-57.212335	-4.489451	
35	-56.706800	-4.782627	
36	-57.713737	-4.272539	
37	-57.876754	-4.334318	
38	-57.808681	-4.312092	
39	-57.916684	-4.510118	
40	-57.920911	-4.104613	
41	-58.025163	-4.419979	
42	-57.710687	-3.862709	
43	-57.588871	-3.963225	
44	-57.972529	-4.424342	
45	-57.800851	-3.929060	
46	-57.957001	-3.969272	
47	-58.138100	-4.057825	
48	-58.166713	-4.197782	
49	-58.178923	-4.196242	
50	-58.185792	-4.176099	
51	-58.341225	-4.326528	
52	-58.351518	-4.262212	
53	-58.331993	-3.970564	
54	-58.015360	-4.144974	
55	-58.144604	-4.462103	
56	-58.257476	-4.267635	
57	-58.434961	-4.426441	
58	-58.052237	-4.150610	
59	-58.185734	-4.139623	
60	-58.424146	-4.517710	
61	-58.329511	-4.534119	
62	-58.395812	-4.104955	
63	-58.335019	-4.381816	
64	-58.382149	-4.158682	
65	-58.494427	-4.617992	
66	-58.498979	-4.838328	
67	-58.470090	-4.869838	
68	-58.404862	-4.611503	
69	-58.382151	-4.717671	
70	-58.405224	-5.031739	
71	-58.335840	-4.705598	
72	-58.805391	-4.545930	
73	-56.736640	-5.084228	
74	-57.812845	-5.260424	
75	-58.579305	-5.453277	
76	-58.363819	-5.369956	
77	-58.248650	-4.948290	
78	-58.426628	-5.182101	
79	-58.362138	-4.822145	
80	-58.543274	-4.931284	
81	-58.588311	-4.773711	
82	-58.734280	-4.739225	
83	-58.648808	-4.886415	
84	-58.440868	-5.385332	
85	-58.830052	-5.153348	
86	-57.214374	-5.248133	
87	-57.995209	-5.273775	
88	-58.378088	-5.122701	
89	-58.222473	-4.956187	
90	-56.903197	-5.222266	
91	-56.421866	-4.701320	
92	-56.618796	-4.463878	
93	-56.493871	-4.614562	
94	-56.442094	-4.314007	
95	-56.386166	-4.070778	
96	-56.485519	-4.048940	
97	-56.395067	-3.876151	
98	-56.426927	-4.074840	
99	-56.255377	-3.994858	
100	-57.442787	-4.169363	
101	-57.933924	-3.921923	
102	-56.455813	-3.814101	
103	-57.379313	-4.158645	
104	-57.720638	-3.908045	
105	-57.506018	-4.227846	
106	-57.582975	-4.192735	
107	-57.523474	-5.416808	
108	-57.413605	-4.461836	
109	-57.521830	-4.834111	
110	-57.548500	-4.057502	
111	-57.443444	-4.568402	
112	-57.344515	-4.295461	
113	-57.391577	-3.394992	
114	-57.235915	-4.746757	
115	-57.347278	-5.093798	
116	-57.424729	-4.248450	
117	-57.448494	-4.447416	
118	-57.341044	-4.127255	
119	-57.421030	-3.787359	
120	-57.432501	-3.634987	
121	-57.355798	-3.591998	
122	-56.930137	-3.348832	
123	-57.014500	-3.217309	
124	-57.185308	-3.280089	
125	-57.257276	-3.178166	
126	-57.323199	-3.116845	
127	-57.165034	-3.335332	
128	-56.784034	-3.165527	
129	-56.938235	-3.363529	
130	-54.609736	-3.539321	
131	-54.119335	-3.668704	
132	-54.588617	-3.660059	
133	-54.269311	-4.595222	
134	-55.488331	-3.991904	
135	-55.628924	-3.801409	
136	-55.500811	-3.690124	
137	-55.586087	-3.635447	
138	-55.247292	-3.330597	
139	-55.260861	-3.308755	
140	-55.250594	-3.237097	
141	-55.591132	-3.321120	
142	-55.796423	-3.172911	
143	-55.852957	-3.054429	
144	-55.831767	-3.198669	
145	-55.930427	-3.036965	
146	-56.124595	-3.125400	
147	-56.167116	-3.346978	
148	-56.294345	-3.273612	
149	-56.255077	-3.150538	
150	-56.273014	-2.754702	
151	-56.160023	-2.687291	
152	-55.794179	-2.575813	
153	-55.912641	-2.623919	
154	-54.173613	-2.926711	
155	-55.251655	-3.863836	
156	-55.636128	-3.104458	
157	-55.646418	-2.840606	
158	-54.285580	-3.095093	
159	-53.662705	-3.183526	
160	-53.640302	-3.356471	
161	-55.151184	-2.966546	
162	-54.229500	-3.110584	
163	-54.950783	-2.870089	
164	-55.562218	-2.449539	
165	-55.513076	-2.214801	
166	-55.601591	-1.893732	
167	-55.667984	-1.807825	
168	-55.843146	-1.567976	
169	-55.872430	-1.549660	
170	-56.087597	-1.668416	
171	-56.312853	-1.980392	
172	-53.899524	-2.688832	
173	-54.409147	-2.747434	
174	-54.823608	-2.765949	
175	-54.689486	-2.845453	
176	-54.962069	-2.399971	
177	-55.069276	-2.684471	
178	-55.153008	-3.365674	
179	-55.675493	-3.222342	
180	-55.974894	-2.546902	
181	-55.971940	-1.788715	
182	-55.835139	-1.552831	
183	-55.507857	-1.689130	
184	-55.349360	-1.787133	
185	-55.639857	-1.972909	
186	-54.331759	-2.172165	
187	-55.265583	-1.858264	
188	-55.819978	-1.711841	
189	-56.225778	-0.892205	
190	-56.200716	-0.542477	
191	-56.478388	-0.386062	
192	-56.440572	-1.184589	
193	-56.653734	-1.443957	
194	-56.371975	-1.649821	
195	-54.648287	-4.116787	
196	-55.674804	-1.624665	
197	-56.279769	-1.510725	
198	-56.323761	-1.653317	
199	-56.779278	-2.563854	
200	-56.743681	-1.620763	
201	-56.430884	-1.622130	
202	-56.675904	-2.065204	
203	-54.824670	-1.766981	
204	-55.313131	-2.719250	
205	-56.576440	-3.221925	
206	-56.700405	-2.941048	
207	-56.429212	-2.500395	
208	-56.514553	-2.542273	
209	-56.222888	-2.297593	
210	-55.111295	-3.291164	
211	-56.125876	-2.874155	
212	-56.454103	-2.972956	
213	-55.406226	-1.928594	
214	-55.986371	-2.445301	
215	-55.222536	-2.158969	
216	-55.742037	-1.848578	
217	-54.403753	-2.848656	
218	-53.523686	-1.931075	
219	-54.702599	-1.090097	
220	-55.147602	-1.627109	
221	-54.344420	-0.238069	
222	-54.440791	-1.065053	
223	-54.772627	-1.569400	
224	-52.824639	-1.331342	
225	-51.713539	-0.705136	
226	-53.221372	-0.765980	
227	-53.647671	-1.098153	
228	-53.430347	-0.330457	
229	-53.229809	0.128656	
230	-52.725648	-0.324136	
231	-52.029068	-0.151040	
232	-51.917991	-0.184317	
233	-51.028592	0.545718	
234	-51.254764	-0.437176	
235	-50.532725	0.293051	
236	-50.504373	3.182393	
237	-49.990555	3.512597	
238	-49.855452	1.350489	
239	-48.831730	1.031742	
240	-48.059537	0.041284	
241	-47.710851	1.470931	
242	-47.748203	1.723977	
243	-47.310854	1.902589	
244	-46.652060	1.034864	
245	-46.368338	1.340573	
246	-44.313508	0.835673	
247	-43.198348	0.103094	
248	-43.833369	2.061191	
249	-43.864882	1.395118	
250	-43.244515	0.105311	
251	-42.935448	1.088228	
252	-40.834852	0.135415	
253	-41.235127	0.426128	
254	-41.307712	0.459175	
255	-40.943665	0.370438	
256	-40.335528	0.454854	
257	-40.086185	0.606778	
258	-39.458472	0.777763	
259	-39.461791	1.198286	
260	-37.876131	1.048765	
261	-37.928449	1.497096	
262	-37.703887	2.025395	
263	-37.498744	1.252801	
264	-35.207929	0.180340	
265	-35.594064	0.609653	
266	-35.979772	1.446666	
267	-35.582233	1.311807	
268	-33.479672	0.149148	
269	-33.972876	0.640472	
270	-33.975750	1.159526	
271	-33.649098	1.472965	
272	-33.744671	1.032978	
273	-31.853399	0.300186	
274	-30.480827	0.386227	
275	-32.737702	1.242167	
276	-33.302318	1.014878	
277	-30.475821	0.242274	
278	-31.413833	0.839709	
279	-32.193336	0.995072	
280	-32.439080	0.401731	
281	-32.496807	0.040253	
282	-30.761779	-0.736535	
283	-29.850583	-1.124637	
284	-31.936727	-0.536139	
285	-30.373102	-1.125111	
286	-29.001345	-1.476135	
287	-30.443946	-0.201950	
288	-30.552847	-0.373455	
289	-28.920770	-1.524768	
290	-29.676012	-0.335481	
291	-30.787634	0.098336	
292	-29.644766	-0.426073	
293	-29.558902	-0.711237	
294	-29.723415	-0.148174	
295	-30.265911	0.052334	
296	-27.977273	-1.671421	
297	-29.080246	-0.587785	
298	-29.346906	-0.698229	
299	-29.806623	-1.178269	
300	-28.555464	-1.125010	
301	-29.440053	-1.105138	
302	-28.281698	-1.081785	
303	-28.849110	-0.919748	
304	-28.793587	-1.006859	
305	-28.997759	-0.799522	
306	-28.881718	-0.856124	
307	-29.184155	-0.878541	
308	-29.466251	-1.762187	
309	-27.993655	-2.145908	
310	-28.578851	-1.775746	
311	-29.164330	-1.513717	
312	-29.624501	-1.185156	
313	-29.996506	-1.571527	
314	-29.505176	-1.493189	
315	-27.959456	-1.877067	
316	-29.617669	-1.899969	
317	-29.411349	-1.534312	
318	-29.737162	-1.089380	
319	-30.117131	-1.054175	
320	-29.793880	-1.628547	
321	-30.159308	-0.992073	
322	-28.719116	-2.280147	
323	-28.603216	-2.926760	
324	-29.054672	-2.927658	
325	-28.996257	-2.995967	
326	-30.950655	-2.575440	
327	-31.829799	-2.315120	
328	-31.858442	-2.037084	
329	-31.957708	-2.497472	
330	-32.426341	-2.370441	
331	-32.212279	-2.390496	
332	-32.805158	-2.842610	
333	-33.142220	-2.986394	
334	-33.394551	-2.942711	
335	-31.818497	-4.143025	
336	-33.146654	-3.236371	
337	-34.046375	-2.907561	
338	-34.151621	-3.459164	
339	-35.082262	-3.446044	
340	-34.618704	-3.617071	
341	-34.727916	-2.991398	
342	-35.066335	-3.275482	
343	-34.855153	-3.711573	
344	-34.799719	-3.708843	
345	-34.981970	-3.599065	
346	-35.112224	-3.373679	
347	-34.480992	-3.330551	
348	-34.711935	-3.423158	
349	-35.144263	-4.581892	
350	-34.766030	-4.049827	
351	-34.275537	-3.914308	
352	-34.685528	-4.708847	
353	-34.508227	-3.978641	
354	-34.397260	-4.210304	
355	-34.327520	-3.595515	
356	-34.417289	-3.961622	
357	-34.205348	-3.177404	
358	-34.121885	-3.414528	
359	-33.860795	-3.076199	
360	-33.553382	-2.753162	
361	-34.428582	-3.365133	
362	-32.679555	-3.340655	
363	-33.754598	-2.891805	
364	-34.418879	-2.975130	
365	-34.607535	-3.161934	
366	-35.022292	-3.921858	
367	-35.091734	-3.376921	
368	-35.502837	-3.409785	
369	-36.132523	-4.721527	
370	-36.446818	-4.841478	
371	-37.504126	-5.918388	
372	-37.463682	-5.473352	
373	-37.676045	-5.464750	
374	-37.739411	-5.457618	
375	-37.650736	-5.621662	
376	-37.714637	-5.081867	
377	-37.725685	-4.859334	
378	-37.827903	-5.160556	
379	-38.210873	-5.520830	
380	-37.865232	-5.081002	
381	-37.979098	-4.778967	
382	-37.867465	-5.685619	
383	-37.340509	-5.087530	
384	-37.425405	-5.386384	
385	-37.403381	-6.572324	
386	-37.896262	-7.403994	
387	-36.243809	-6.574078	
388	-37.600914	-7.103554	
389	-37.432226	-7.112467	
390	-37.683809	-7.001152	
391	-38.420260	-7.192686	
392	-38.786469	-7.285072	
393	-39.557389	-7.514415	
394	-39.677163	-7.227453	
395	-40.187896	-6.606914	
396	-40.591263	-6.410959	
397	-41.582367	-7.050172	
398	-42.198973	-6.084775	
399	-42.142450	-6.056700	
400	-42.477457	-6.076205	
401	-43.483327	-5.543359	
402	-43.823410	-4.911335	
403	-43.909902	-4.562879	
404	-44.130457	-4.694161	
405	-44.236137	-4.317262	
406	-44.863077	-3.760328	
407	-45.219679	-5.022860	
408	-44.890103	-4.594829	
409	-44.691945	-3.788331	
410	-45.493300	-5.612949	
411	-45.349931	-5.254975	
412	-45.723428	-5.142119	
413	-44.336449	-5.505062	
414	-45.039295	-5.526061	
415	-46.209242	-5.984147	
416	-46.545537	-6.931494	
417	-46.064489	-6.695432	
418	-46.575321	-6.437824	
419	-47.019583	-6.282660	
420	-46.898172	-6.540585	
421	-47.832591	-8.900235	
422	-48.041227	-8.417646	
423	-47.735858	-7.268863	
424	-48.090513	-8.645612	
425	-48.165105	-8.852322	
426	-47.927622	-7.717507	
427	-47.525641	-6.385829	
428	-48.093756	-6.119333	
429	-46.873258	-6.404204	
430	-48.549755	-6.339545	
431	-49.399214	-6.559579	
432	-49.576417	-6.667528	
433	-49.690068	-6.547165	
434	-49.638292	-5.646362	
435	-49.693398	-5.438579	
436	-50.591296	-5.931185	
437	-51.878572	-6.498235	
438	-52.043873	-6.840647	
439	-52.104198	-6.546157	
440	-52.516942	-7.011477	
441	-52.889986	-6.909864	
442	-51.814767	-5.280476	
443	-52.700466	-6.814529	
444	-53.373163	-7.227989	
445	-53.945106	-7.629729	
446	-52.583485	-7.055253	
447	-53.731309	-6.819802	
448	-54.230967	-6.701953	
449	-54.527065	-6.628980	
450	-54.327840	-5.935897	
451	-55.632158	-7.226377	
452	-53.481627	-4.710343	
453	-54.673750	-6.546949	
454	-55.729621	-7.304758	
455	-55.467136	-6.497712	
456	-56.177094	-7.052139	
457	-54.696052	-7.618615	
458	-55.621150	-5.818061	
459	-56.445372	-6.068683	
460	-55.359393	-4.327356	
461	-56.499997	-7.362447	
462	-57.185858	-8.921515	
463	-57.231818	-8.898904	
464	-57.551660	-8.412192	
465	-58.210685	-9.626540	
466	-58.215285	-10.309261	
467	-57.343010	-7.437490	
468	-58.430663	-8.002207	
469	-58.808231	-8.134271	
470	-58.975543	-7.627349	
471	-59.262902	-7.970431	
472	-59.247248	-8.083939	
473	-59.394405	-8.635489	
474	-58.650135	-6.450223	
475	-58.598271	-5.783712	
476	-59.036710	-5.251643	
477	-60.141105	-8.194558	
478	-59.448611	-5.814693	
479	-60.191850	-8.702992	
480	-60.182114	-7.745202	
481	-59.166744	-4.741299	
482	-59.374679	-4.211335	
483	-59.834538	-4.194430	
484	-59.999538	-4.013172	
485	-60.292839	-3.931735	
486	-60.954475	-5.500454	
487	-61.583039	-5.294860	
488	-62.007346	-4.912247	
489	-62.295952	-4.787653	
490	-62.521972	-4.081199	
491	-62.569078	-4.100156	
492	-63.144817	-6.499324	
493	-63.831743	-7.696655	
494	-63.634396	-7.796888	
495	-63.259296	-7.382637	
496	-63.389958	-7.747781	
497	-63.879420	-8.962432	
498	-64.029502	-8.676827	
499	-64.065897	-8.077334	
500	-64.200881	-7.408464	
501	-64.503650	-7.917377	
502	-64.784412	-7.549039	
503	-64.728112	-7.389306	
504	-65.006856	-7.543768	
505	-65.171422	-8.138904	
506	-65.394287	-8.467487	
507	-65.359152	-6.915764	
508	-65.591725	-7.599348	
509	-66.036335	-8.567705	
510	-66.183453	-7.386299	
511	-65.449434	-7.513289	
512	-66.058057	-6.852329	
513	-66.775534	-7.277310	
514	-66.536597	-8.362626	
515	-66.681673	-7.682101	
516	-66.648533	-7.862094	
517	-66.509179	-4.647188	
518	-67.251506	-6.109502	
519	-67.641384	-7.801355	
520	-67.687980	-7.863366	
521	-67.661748	-8.307785	
522	-67.993901	-8.812656	
523	-67.399968	-7.746134	
524	-68.608487	-4.586594	
525	-66.241613	-1.730186	
526	-66.975711	-7.692969	
527	-67.990222	-10.735641	
528	-65.268526	-9.478464	
529	-66.969389	-11.826352	
530	-67.598480	-10.508428	
531	-67.960748	-8.087294	
532	-68.296571	-5.806062	
533	-68.806991	-6.131987	
534	-69.622007	-3.454808	
535	-69.451305	-4.613927	
536	-69.578666	-5.404827	
537	-69.333239	-4.283196	
538	-69.282978	-3.641547	
539	-68.965965	-3.332272	
540	-69.503196	-3.347953	
541	-68.807435	-2.389322	
542	-69.563196	-2.413470	
543	-69.650332	-5.012678	
544	-69.144275	-4.183016	
545	-68.651341	-2.127219	
546	-68.333905	-1.583824	
547	-68.985006	-1.246080	
548	-68.077568	-1.088885	
549	-68.531093	1.883388	
550	-68.706592	0.651789	
551	-67.747665	-1.822074	
552	-67.719602	-1.355908	
553	-67.073629	-0.292001	
554	-66.375110	-2.104749	
555	-66.332690	-0.559731	
556	-66.179661	-0.522475	
557	-65.939799	-0.401062	
558	-65.002023	0.553097	
559	-64.129677	0.657109	
560	-63.934370	-0.303050	
561	-63.569325	-0.000348	
562	-62.801704	-0.206044	
563	-62.325649	0.289828	
564	-61.802583	0.936137	
565	-61.065857	-0.230071	
566	-60.592910	-0.081956	
567	-60.102955	0.713769	
568	-61.465465	-1.357313	
569	-60.723192	-2.495971	
570	-58.827192	-0.842199	
571	-57.745381	-0.619733	
572	-56.944535	0.404040	
573	-55.908278	1.421130	
574	-52.946267	2.715902	
575	-54.164183	1.240751	
576	-54.423797	0.233488	
577	-57.547244	-0.714697	
578	-54.983925	-1.155636	
579	-48.943929	-0.774713	
580	-49.812832	0.362918	
581	-46.702589	1.173517	
582	-46.931740	-1.257608	
583	-45.692339	-0.196603	
584	-44.333146	0.530566	
585	-43.564137	0.641246	
586	-45.360839	3.047243	
587	NaN	NaN	
588	-46.944429	1.745201	
589	-43.021207	2.609546	
590	-43.703360	1.705224	
591	-46.185837	3.122619	
592	-41.495876	2.187207	
593	-40.178323	2.041942	
594	-45.832505	0.079817	
595	-44.363066	1.571028	
596	-44.318305	2.707181	
597	-44.244075	3.145168	
598	-37.748735	1.917438	
599	-40.851332	2.109381	
600	-38.080819	1.816245	
601	-34.771465	1.341869	
602	-38.469292	2.000607	
603	-37.886084	3.336840	
604	-36.700742	3.679373	
605	-37.585412	1.108163	
606	-40.373603	-1.232842	
607	-40.191010	-2.176265	
608	-34.957034	4.294091	
609	-35.013378	3.335040	
610	-35.299718	3.746803	
611	-33.339709	3.151016	
612	-33.154557	3.730880	
613	-33.256960	2.893014	
614	-31.547627	2.876160	
615	-31.244403	2.061657	
616	-31.036804	1.980296	
617	-30.475938	2.038974	
618	-28.955986	3.081939	
619	-28.676999	2.770982	
620	-28.708201	3.289429	
621	-23.821647	1.879845	
622	-21.706425	0.975163	
623	-25.455437	2.164421	
624	-25.963073	3.335309	
625	-25.345394	2.744988	
626	-24.730086	2.343065	
627	-25.805947	2.209287	
628	-18.787647	1.818361	
629	-25.489680	-1.353284	
630	-25.668445	0.634724	
631	-22.833723	2.713121	
632	-22.385346	2.316300	
633	-24.913633	-0.883083	
634	-23.324038	1.447921	
635	-21.958727	2.168434	
636	-21.685489	2.400004	
637	-22.440451	0.439642	
638	-22.147045	0.399732	
639	-16.951259	-0.088081	
640	-19.553781	0.111404	
641	-23.811631	-3.412759	
642	-21.582169	-0.319811	
643	-23.231538	-2.131618	
644	-22.898635	-1.455022	
645	-22.615500	-1.089540	
646	-24.700952	-3.343201	
647	-23.508312	-1.576581	
648	-22.333230	-1.651059	
649	-21.505224	-0.852202	
650	-21.582516	0.619748	
651	-23.646187	-1.065257	
652	-23.206966	-1.792741	
653	-20.985152	0.544185	
654	-24.015835	-0.489211	
655	-24.503066	0.104095	
656	-24.540601	0.205446	
657	-23.321777	1.521541	
658	-24.113221	0.014205	
659	-25.934050	1.224624	
660	-25.488725	2.256318	
661	-25.521895	0.167332	
662	-25.529067	1.370897	
663	-27.042035	2.653339	
664	-29.184467	4.402909	
665	-22.515538	1.283016	
666	-27.822930	3.313132	
667	-29.234869	3.319041	
668	-28.591454	2.364997	
669	-30.735436	4.200490	
670	-31.417015	3.356860	
671	-33.843337	5.198213	
672	-30.964739	3.062343	
673	-31.252982	5.388309	
674	-36.756480	4.042231	
675	-35.979262	4.264809	
676	-33.710779	-0.199682	
677	-32.150228	0.527912	
678	-32.382719	0.932771	
679	-31.005718	-0.742304	
680	-35.759143	-0.315646	
681	-35.446429	-0.297633	
682	-35.312759	-0.077282	
683	-37.217336	0.511528	
684	-37.676912	-0.642379	
685	-41.692266	2.009072	
686	-29.735486	-2.092610	
687	-29.730001	-1.438340	
688	-27.991237	0.287954	
689	-31.258745	-0.682040	
690	-33.548500	-0.691647	
691	-27.675148	-0.447949	
692	-31.376612	-0.962892	
693	-29.077294	-3.152592	
694	-25.919321	-1.910628	
695	-31.260267	0.191489	
696	-31.467167	-1.865719	
697	-24.647202	-4.862903	
698	-26.981835	-5.480973	
699	-29.350753	-6.140357	
700	-28.735276	-6.043338	
701	-33.993947	-5.435212	
702	-38.044572	-4.344954	
703	-31.683867	-4.262913	
704	-30.387192	-4.931083	
705	-28.363182	-1.021932	
706	-27.516273	0.712059	
707	-28.781754	1.545916	
708	-29.856405	1.491551	
709	-30.763720	-2.661067	
710	-30.825762	-2.090193	
711	-30.534056	0.516411	
712	-29.980843	-2.038963	
713	-30.534153	-2.932764	
714	-31.177419	-3.352536	
715	-32.385173	-5.702534	
716	-33.305765	-5.185017	
717	-33.325246	-6.991032	
718	-33.903322	-8.026282	
719	-37.385202	-5.948305	
720	-38.470317	-4.630266	
721	-38.459742	-4.283129	
722	-39.431483	-2.518873	
723	-35.024655	-1.997324	
724	-30.270567	-2.659683	
725	-36.715321	-0.732413	
726	-36.114342	-0.130495	
727	-34.796031	-0.618721	
728	-35.514275	-0.823592	
729	-36.557271	0.065513	
730	-36.338169	0.717801	
731	-41.267244	0.224735	
732	-43.077099	0.265892	
733	-37.291245	1.348431	
734	-36.233773	-0.059855	
735	-35.219950	-2.161857	
736	-31.924981	-4.096881	
737	-31.946941	-3.794267	
738	-37.192395	-3.202935	
739	-36.727378	-2.066151	
740	-36.110603	-0.597170	
741	-35.716036	-2.085337	
742	-37.656886	-4.173200	
743	-35.634006	-3.237104	
744	-36.415997	-2.264107	
745	-34.145903	-3.557448	
746	-32.833542	-3.624584	
747	-33.556463	-4.137324	
748	-37.747456	-2.477676	
749	-34.665414	-2.362383	
750	-29.459940	-0.320785	
751	-32.477591	-2.436527	
752	-36.813309	-4.814301	
753	-38.871006	-5.709693	
754	-39.862862	-4.531765	
755	-41.524177	-3.692870	
756	-44.872467	-6.276252	
757	-44.252659	-6.331084	
758	-42.204566	-2.821656	
759	-36.197254	-5.417301	
760	-42.954521	-7.270615	
761	-43.906941	-6.142161	
762	-38.916538	-6.078218	
763	-43.807606	-5.452534	
764	-46.478364	-4.769062	
765	-44.522840	-5.504854	
766	-43.617638	-5.761712	
767	-39.018390	-6.552169	
768	-38.175830	-5.325506	
769	-43.090467	-4.098585	
770	-42.413834	-6.496263	
771	-38.548382	-4.705190	
772	-45.216138	-5.715002	
773	-46.886460	-5.205594	
774	-42.630051	-4.851204	
775	-43.917376	-5.391663	
776	-46.354526	-4.070428	
777	-47.624101	-3.994634	
778	-41.091106	-3.767406	
779	-40.312926	-2.937045	
780	-41.625421	-3.756729	
781	-40.745617	-2.980889	
782	-40.135861	-3.638580	
783	-46.396677	-4.009705	
784	-49.464444	-2.801206	
785	-48.036473	-3.014863	
786	-42.326609	-3.643965	
787	-43.407762	-3.776329	
788	-42.004375	-3.626055	
789	-47.364718	-3.769074	
790	-42.800225	-4.812304	
791	-48.983850	-4.442722	
792	-44.671980	-3.052982	
793	-41.969405	-2.761275	
794	-42.159355	-3.153222	
795	-48.071403	-2.887506	
796	-50.410598	-2.459614	
797	-43.659318	-2.040627	
798	-42.486783	-2.939861	
799	-49.587142	-4.438730	
800	-52.515323	-3.780236	
801	-45.324101	-1.882648	
802	-44.371182	-3.720309	
803	-45.437004	-5.337826	
804	-45.243764	-4.862129	
805	-46.172743	-5.193063	
806	-47.404726	-5.432855	
807	-47.294721	-5.496227	
808	-44.599961	-4.360049	
809	-47.872795	-3.988141	
810	-46.246950	-3.056340	
811	-45.180242	-4.304794	
812	-52.435067	-3.187518	
813	-48.349609	-3.235609	
814	-46.679131	-3.043767	
815	-47.533022	-2.052892	
816	-42.093187	-1.801707	
817	-43.257248	-0.935281	
818	-48.630091	-2.262222	
819	-48.279515	-1.798411	
820	-48.476228	-1.365852	
821	-47.754074	-3.487842	
822	-53.102121	-3.813699	
823	-55.988384	-5.162609	
824	-52.426415	-4.798074	
825	-55.385910	-4.116858	
826	-52.111983	-3.682913	
827	-49.769781	-3.107536	
828	-53.087519	-3.737117	
829	-52.400915	-0.970769	
830	-56.186374	-4.406496	
831	-53.935257	-3.596083	
832	-51.432939	-3.714960	
833	-50.819030	-3.484739	
834	-50.653525	-4.114025	
835	-50.374744	-3.845937	
836	-49.327252	-4.153463	
837	-54.125430	-6.441141	
838	-57.401797	-4.517336	
839	-50.220776	-2.465164	
840	-48.429996	-1.441267	
841	-51.678279	-4.130198	
842	-51.515299	-3.176366	
843	-51.778459	-1.793558	
844	-56.557781	-2.070278	
845	-52.570679	0.172252	
846	-56.285391	-7.666486	
847	-58.374685	-7.211214	
848	-57.359055	-4.371171	
849	-57.182792	-4.683901	
850	-57.893750	-4.067557	
851	-56.696111	-0.992172	
852	-58.593256	-3.930782	
853	-59.303896	-2.057877	
854	-54.133326	-1.776462	
855	-52.477989	-2.648779	
856	-53.881097	0.169497	
857	-49.982242	-4.323940	
858	-77.159779	40.463153	
859	-57.491284	17.373528	
860	-44.363100	0.158608	
861	-57.230641	-7.584174	
862	-76.967980	38.643215	
863	-54.784331	10.538098	
864	-48.859369	-0.203179	
865	-57.444287	2.146635	
866	-60.307868	-0.503554	
867	-57.127089	1.182625	
868	-56.787651	0.558946	
869	-55.826137	0.634534	
870	-56.910020	-0.592857	
871	-55.113210	-0.185444	
872	-47.790945	-1.182467	
873	-57.777003	7.736658	
874	-54.013233	3.734155	
875	-52.705485	2.584383	
876	-53.504607	1.578762	
877	-51.595303	5.076487	
878	-61.775315	1.923433	
879	-42.732631	-2.103632	
880	-49.068513	-2.135028	
881	-52.889187	-0.234830	
882	-50.803276	-0.793045	
883	-50.011066	-0.624152	
884	-50.873586	-0.034907	
885	-50.040521	3.060456	
886	-48.616045	0.449833	
887	-45.033961	3.506026	
888	-45.835686	2.178364	
889	-53.311244	2.427495	
890	-53.268779	7.643988	
891	-52.348716	4.204832	
892	-48.774626	-2.014758	
893	-62.870635	37.552476	
894	-74.664719	42.001447	
895	-51.597718	27.924175	
896	NaN	NaN	
897	-60.599855	-1.027710	
898	-50.560325	-5.175708	
899	-48.906307	-2.035976	
900	-41.151422	4.749028	
901	-36.602536	4.026136	
902	-47.063783	11.448906	
903	-61.095375	47.754195	
904	-72.328319	54.592287	
905	-68.755236	52.255996	
906	-68.758600	53.090102	
907	-34.753906	3.664286	
908	-33.665046	3.754462	
909	-75.170602	53.975006	
910	-41.436508	13.015796	
911	-41.793411	-5.534860	
912	-43.465963	0.056464	
913	-42.512758	2.347999	
914	-32.901642	2.322791	
915	-31.657873	4.042331	
916	-36.301316	7.311607	
917	-50.613877	4.869205	
918	NaN	NaN	
919	NaN	NaN	
920	NaN	NaN	
921	NaN	NaN	
922	-45.269354	1.257970	
923	-36.373719	7.697406	
924	NaN	NaN	
925	NaN	NaN	
926	NaN	NaN	
927	NaN	NaN	
928	NaN	NaN	
929	NaN	NaN	
930	NaN	NaN	
931	NaN	NaN	
932	NaN	NaN	
933	NaN	NaN	
934	NaN	NaN	
935	NaN	NaN	
936	NaN	NaN	
937	NaN	NaN	
938	NaN	NaN	
939	NaN	NaN	
940	NaN	NaN	
941	NaN	NaN	
942	NaN	NaN	
943	NaN	NaN	
944	NaN	NaN	
945	NaN	NaN	
946	NaN	NaN	
947	NaN	NaN	
948	NaN	NaN	
949	NaN	NaN	
950	-32.832665	-4.827140	
951	-31.302895	-3.335439	
952	-30.969828	-2.648539	
953	-31.654018	-3.717281	
954	-34.636792	-2.706264	
955	-27.917676	1.172766	
956	-22.204731	1.700246	
957	-32.222237	-0.750576	
958	-33.263675	3.960298	
959	-29.694583	-0.254465	
960	-24.697782	0.773280	
961	NaN	NaN	
962	NaN	NaN	
963	NaN	NaN	
964	NaN	NaN	
965	NaN	NaN	
966	NaN	NaN	
967	NaN	NaN	
968	NaN	NaN	
969	NaN	NaN	
970	NaN	NaN	
971	NaN	NaN	
972	NaN	NaN	
973	NaN	NaN	
974	-32.888658	0.972080	
975	-35.381990	1.659059	
976	-17.849183	-3.740406	
977	-12.690655	-7.562965	
978	-13.776694	-3.750682	
979	-14.034317	-5.210672	
980	-13.159009	-5.980947	
981	-15.597577	-8.813646	
982	-35.053943	-2.390136	
983	-24.596831	3.400304	
984	NaN	NaN	
985	NaN	NaN	
986	NaN	NaN	
987	NaN	NaN	
988	NaN	NaN	
989	NaN	NaN	
990	NaN	NaN	
991	NaN	NaN	
992	NaN	NaN	
993	NaN	NaN	
994	NaN	NaN	
995	NaN	NaN	
996	NaN	NaN	
997	NaN	NaN	
998	NaN	NaN	
999	NaN	NaN	
1000	NaN	NaN	
1001	NaN	NaN	
1002	NaN	NaN	
1003	NaN	NaN	
1004	NaN	NaN	
1005	NaN	NaN	
1006	-36.589586	-3.368686	
1007	-37.872345	-0.503434	
1008	-35.306207	-1.198165	
1009	-34.372855	-0.428225	
1010	-34.604067	0.652190	
1011	-30.581064	1.624842	
1012	-31.774618	3.893351	
1013	-34.403974	0.323541	
1014	-36.780074	0.734587	
1015	-37.512161	-2.243169	
1016	-36.640962	-0.128448	
1017	-42.084293	-2.469413	
1018	-37.754041	0.734983	
1019	NaN	NaN	
1020	NaN	NaN	
1021	NaN	NaN	
1022	NaN	NaN	
1023	NaN	NaN	
1024	NaN	NaN	
1025	NaN	NaN	
1026	NaN	NaN	
1027	NaN	NaN	
1028	NaN	NaN	
1029	NaN	NaN	
1030	NaN	NaN	
1031	NaN	NaN	
1032	NaN	NaN	
1033	NaN	NaN	
1034	NaN	NaN	
1035	NaN	NaN	
1036	NaN	NaN	
1037	NaN	NaN	
1038	NaN	NaN	
1039	NaN	NaN	
1040	NaN	NaN	
1041	NaN	NaN	
1042	NaN	NaN	
1043	NaN	NaN	
1044	NaN	NaN	
1045	NaN	NaN	
1046	NaN	NaN	
1047	NaN	NaN	
1048	NaN	NaN	
1049	NaN	NaN	
1050	NaN	NaN	
1051	NaN	NaN	
1052	NaN	NaN	
1053	NaN	NaN	
1054	NaN	NaN	
1055	NaN	NaN	
1056	NaN	NaN	
1057	NaN	NaN	
1058	NaN	NaN	
1059	NaN	NaN	
1060	NaN	NaN	
1061	NaN	NaN	
1062	NaN	NaN	
1063	NaN	NaN	
1064	NaN	NaN	
1065	NaN	NaN	
1066	NaN	NaN	
1067	NaN	NaN	
1068	NaN	NaN	
1069	NaN	NaN	
1070	NaN	NaN	
1071	NaN	NaN	
1072	NaN	NaN	
1073	NaN	NaN	
1074	NaN	NaN	
1075	NaN	NaN	
1076	NaN	NaN	
1077	NaN	NaN	
1078	NaN	NaN	
1079	NaN	NaN	
1080	NaN	NaN	
1081	NaN	NaN	
1082	NaN	NaN	
1083	NaN	NaN	
1084	NaN	NaN	
1085	NaN	NaN	
1086	NaN	NaN	
1087	NaN	NaN	
1088	NaN	NaN	
1089	NaN	NaN	
1090	NaN	NaN	
1091	NaN	NaN	
1092	NaN	NaN	
1093	NaN	NaN	
1094	NaN	NaN	
1095	NaN	NaN	
1096	NaN	NaN	
1097	NaN	NaN	
1098	NaN	NaN	
1099	NaN	NaN	
1100	NaN	NaN	
1101	NaN	NaN	
1102	NaN	NaN	
1103	NaN	NaN	
1104	NaN	NaN	
1105	NaN	NaN	
1106	NaN	NaN	
1107	NaN	NaN	
1108	NaN	NaN	
1109	NaN	NaN	
1110	NaN	NaN	
1111	NaN	NaN	
1112	NaN	NaN	
1113	NaN	NaN	
1114	NaN	NaN	
1115	NaN	NaN	
1116	NaN	NaN	
1117	NaN	NaN	
1118	NaN	NaN	
1119	NaN	NaN	
1120	NaN	NaN	
1121	NaN	NaN	
1122	NaN	NaN	
1123	NaN	NaN	
1124	NaN	NaN	
1125	NaN	NaN	
1126	NaN	NaN	
1127	NaN	NaN	
1128	NaN	NaN	
1129	NaN	NaN	
1130	NaN	NaN	
1131	NaN	NaN	
1132	NaN	NaN	
1133	NaN	NaN	
1134	NaN	NaN	
1135	NaN	NaN	
1136	NaN	NaN	
1137	NaN	NaN	
1138	NaN	NaN	
1139	NaN	NaN	
1140	NaN	NaN	
1141	NaN	NaN	
1142	NaN	NaN	
1143	NaN	NaN	
1144	NaN	NaN	
1145	NaN	NaN	
1146	NaN	NaN	
1147	NaN	NaN	
1148	NaN	NaN	
1149	NaN	NaN	
1150	NaN	NaN	
1151	NaN	NaN	
1152	NaN	NaN	
1153	NaN	NaN	
1154	NaN	NaN	
1155	NaN	NaN	
1156	NaN	NaN	
1157	NaN	NaN	
1158	NaN	NaN	
1159	NaN	NaN	
1160	NaN	NaN	
1161	NaN	NaN	
1162	NaN	NaN	
1163	NaN	NaN	
1164	NaN	NaN	
1165	NaN	NaN	
1166	NaN	NaN	
1167	NaN	NaN	
1168	NaN	NaN	
1169	NaN	NaN	
1170	NaN	NaN	
1171	NaN	NaN	
1172	NaN	NaN	
1173	NaN	NaN	
1174	NaN	NaN	
1175	NaN	NaN	
1176	NaN	NaN	
1177	NaN	NaN	
1178	NaN	NaN	
1179	NaN	NaN	
1180	NaN	NaN	
1181	NaN	NaN	
1182	NaN	NaN	
1183	NaN	NaN	
1184	NaN	NaN	
1185	NaN	NaN	
1186	NaN	NaN	
1187	NaN	NaN	
1188	NaN	NaN	
1189	NaN	NaN	
1190	NaN	NaN	
1191	NaN	NaN	
1192	NaN	NaN	
1193	NaN	NaN	
1194	NaN	NaN	
1195	NaN	NaN	
1196	NaN	NaN	
1197	NaN	NaN	
1198	NaN	NaN	
1199	NaN	NaN	
1200	NaN	NaN	
1201	NaN	NaN	
1202	NaN	NaN	
1203	NaN	NaN	
1204	NaN	NaN	
1205	NaN	NaN	
1206	NaN	NaN	
1207	NaN	NaN	
1208	NaN	NaN	
1209	NaN	NaN	
1210	NaN	NaN	
1211	NaN	NaN	
1212	NaN	NaN	
1213	NaN	NaN	
1214	NaN	NaN	
1215	NaN	NaN	
1216	NaN	NaN	
1217	NaN	NaN	
1218	NaN	NaN	
1219	NaN	NaN	
1220	NaN	NaN	
1221	NaN	NaN	
1222	NaN	NaN	
1223	NaN	NaN	
1224	NaN	NaN	
1225	NaN	NaN	
1226	NaN	NaN	
1227	NaN	NaN	
1228	NaN	NaN	
1229	NaN	NaN	
1230	NaN	NaN	
1231	NaN	NaN	
1232	NaN	NaN	
1233	NaN	NaN	
1234	NaN	NaN	
1235	NaN	NaN	
1236	NaN	NaN	
1237	NaN	NaN	
1238	NaN	NaN	
1239	NaN	NaN	
1240	NaN	NaN	
1241	NaN	NaN	
1242	NaN	NaN	
1243	NaN	NaN	
1244	NaN	NaN	
1245	NaN	NaN	
1246	NaN	NaN	
1247	NaN	NaN	
1248	NaN	NaN	
1249	NaN	NaN	
1250	NaN	NaN	
1251	NaN	NaN	
1252	NaN	NaN	
1253	NaN	NaN	
1254	NaN	NaN	
1255	NaN	NaN	
1256	NaN	NaN	
1257	NaN	NaN	
1258	NaN	NaN	
1259	NaN	NaN	
1260	NaN	NaN	
1261	NaN	NaN	
1262	NaN	NaN	
1263	NaN	NaN	
1264	NaN	NaN	
1265	NaN	NaN	
1266	NaN	NaN	
1267	NaN	NaN	
1268	NaN	NaN	
1269	NaN	NaN	
1270	NaN	NaN	
1271	NaN	NaN	
1272	NaN	NaN	
1273	NaN	NaN	
1274	NaN	NaN	
1275	NaN	NaN	
1276	NaN	NaN	
1277	NaN	NaN	
1278	NaN	NaN	
1279	NaN	NaN	
1280	NaN	NaN	
1281	NaN	NaN	
1282	NaN	NaN	
1283	NaN	NaN	
1284	NaN	NaN	
1285	NaN	NaN	
1286	NaN	NaN	
1287	NaN	NaN	
1288	NaN	NaN	
1289	NaN	NaN	
1290	NaN	NaN	
1291	NaN	NaN	
1292	NaN	NaN	
1293	NaN	NaN	
1294	NaN	NaN	
1295	NaN	NaN	
1296	NaN	NaN	
1297	NaN	NaN	
1298	NaN	NaN	
1299	NaN	NaN	
1300	NaN	NaN	
1301	NaN	NaN	
1302	NaN	NaN	
1303	NaN	NaN	
1304	NaN	NaN	
1305	NaN	NaN	
1306	NaN	NaN	
