Athlete_Engineering	// User ID
11-2-2021	// Evaluation date
P011_Walk3	30-1-2021	10:15:48:461	// Source file name and timestamp
250.000	// Sampling rate
5.460	// Data capture period



Sample #	Right_Leg_Flexion	Right_Leg_Abduction	
0	-59.752796	-1.090279	
1	-59.427147	-0.819664	
2	-57.655786	-1.305166	
3	-58.351545	-0.892645	
4	-59.790923	1.714607	
5	-59.479850	0.229750	
6	-59.577859	-0.530050	
7	-59.703096	1.331630	
8	-59.949566	0.995632	
9	-59.857692	1.049732	
10	-60.008658	1.440831	
11	-59.937254	1.426852	
12	-59.865762	0.662826	
13	-59.570098	-0.809228	
14	-59.714011	-0.105786	
15	-60.036849	1.670545	
16	-60.182388	1.591663	
17	-59.948502	0.425804	
18	-60.231590	2.726406	
19	-60.097080	1.283086	
20	-59.934625	-0.147635	
21	-60.036257	2.156406	
22	-59.887180	1.263064	
23	-59.855194	-0.182214	
24	-59.568803	-0.069464	
25	-60.018263	0.394803	
26	-59.961935	1.379797	
27	-59.706343	-0.261088	
28	-59.744896	0.277702	
29	-59.728828	0.039423	
30	-59.752897	0.084150	
31	-59.534727	0.093184	
32	-59.527791	0.389629	
33	-59.812180	1.874163	
34	-59.627772	1.103340	
35	-59.573137	0.582354	
36	-59.760465	1.709964	
37	-59.561612	0.088054	
38	-59.521360	0.155971	
39	-59.336613	0.185068	
40	-59.367978	0.345637	
41	-59.332332	-0.017635	
42	-59.309933	-0.684680	
43	-59.473110	1.399795	
44	-59.125468	-0.092373	
45	-59.164608	-0.145557	
46	-59.151685	-0.361296	
47	-59.193560	0.110599	
48	-59.241914	-0.043657	
49	-59.247204	-0.164847	
50	-59.157510	-0.299829	
51	-59.230169	-0.250595	
52	-58.815352	-0.461610	
53	-58.574614	-0.395157	
54	-58.923285	-0.181554	
55	-58.772384	-0.285931	
56	-58.767278	-0.368879	
57	-58.742751	0.038967	
58	-59.088825	1.101641	
59	-59.277673	1.215917	
60	-59.271722	0.273598	
61	-59.233862	0.614187	
62	-59.273673	1.399560	
63	-59.138071	0.968557	
64	-59.170870	0.855321	
65	-59.262327	1.032319	
66	-59.274008	2.243798	
67	-59.243732	1.584085	
68	-59.314106	1.671170	
69	-59.290473	1.377320	
70	-59.183329	1.007367	
71	-58.940223	1.092580	
72	-58.877728	0.529440	
73	-58.896987	0.371810	
74	-58.945272	1.128273	
75	-58.885767	0.877800	
76	-58.959691	0.779447	
77	-59.126804	1.356465	
78	-59.186908	1.877341	
79	-58.235184	1.243895	
80	-58.841635	1.045666	
81	-59.133238	1.477296	
82	-58.970757	1.454127	
83	-58.859627	0.603319	
84	-58.749920	0.401513	
85	-58.790380	1.406431	
86	-59.059512	0.409878	
87	-58.692929	2.186304	
88	-58.866996	2.149424	
89	-59.094437	1.637291	
90	-59.044673	0.261978	
91	-58.844116	1.387102	
92	-58.758504	1.062346	
93	-58.794894	1.217133	
94	-58.633711	1.691960	
95	-57.980175	1.401816	
96	-58.176649	1.042182	
97	-58.678509	1.306081	
98	-58.715080	1.052209	
99	-58.920057	1.119415	
100	-59.171012	2.193310	
101	-59.168957	2.714965	
102	-59.245157	3.002690	
103	-59.275893	3.340467	
104	-59.124013	3.584944	
105	-58.986462	4.016690	
106	-58.953424	3.995902	
107	-59.317120	3.818890	
108	-59.485570	3.407770	
109	-59.478092	3.409914	
110	-58.945370	2.352822	
111	-58.664639	2.299600	
112	-58.978246	2.082337	
113	-59.284459	2.658158	
114	-59.228911	2.905594	
115	-59.224222	2.498196	
116	-59.207757	2.723683	
117	-59.388324	3.342237	
118	-59.665066	3.476837	
119	-59.328471	3.199011	
120	-58.661338	2.930090	
121	-58.819282	2.715163	
122	-59.117805	3.149357	
123	-59.312663	3.312144	
124	-59.491545	3.811711	
125	-59.441171	3.952660	
126	-59.243520	3.973544	
127	-59.904599	5.199409	
128	-59.984620	5.121632	
129	-60.189042	4.423492	
130	-60.094568	4.109996	
131	-60.017001	3.325270	
132	-60.106207	4.302953	
133	-60.322465	4.334756	
134	-60.044415	3.932809	
135	-60.262192	4.665570	
136	-60.786051	4.880339	
137	-60.155460	4.021087	
138	-59.724705	4.629321	
139	-60.433688	4.232648	
140	-60.167207	5.221586	
141	-59.933398	6.580315	
142	-60.078437	6.489435	
143	-59.765886	4.849868	
144	-60.185821	5.064320	
145	-60.366660	6.431939	
146	-60.400108	6.493325	
147	-60.196797	5.078163	
148	-60.305851	4.883779	
149	-60.473505	5.508538	
150	-60.573136	5.715972	
151	-60.641186	5.294582	
152	-59.910918	5.216972	
153	-60.554667	5.838351	
154	-60.843563	6.143766	
155	-60.083784	5.827803	
156	-60.455524	5.878237	
157	-60.201621	5.588881	
158	-60.201918	5.245881	
159	-60.216125	4.971260	
160	-60.171936	4.821759	
161	-60.316440	6.204807	
162	-59.715320	5.882154	
163	-59.785289	6.328672	
164	-59.968888	7.206798	
165	-59.951022	6.124689	
166	-59.727218	7.083399	
167	-59.879354	7.955049	
168	-58.692389	6.199452	
169	-57.151503	5.456941	
170	-58.997217	6.996300	
171	-57.900521	6.415817	
172	-58.398089	6.590890	
173	-57.991863	4.974295	
174	-56.690491	4.405264	
175	-58.117248	5.477604	
176	-57.265523	4.337730	
177	-57.351774	5.919433	
178	-57.340083	6.287469	
179	-56.506128	5.723594	
180	-55.247687	5.096410	
181	-57.026503	5.969752	
182	-56.244756	5.410508	
183	-56.035186	3.969997	
184	-55.975387	4.743656	
185	-55.853017	6.910276	
186	-55.528737	4.623155	
187	-55.547990	4.992397	
188	-55.502269	6.159069	
189	-54.962473	5.565927	
190	-54.885769	5.917000	
191	-54.028576	7.152826	
192	-54.043706	7.643314	
193	-54.205080	7.725373	
194	-53.725305	7.032404	
195	-53.610149	8.577910	
196	-52.934434	7.349660	
197	-50.948304	6.357121	
198	-52.314814	7.559274	
199	-51.429664	6.329290	
200	-51.189484	6.315231	
201	-50.738981	6.135386	
202	-50.247025	6.358511	
203	-49.949507	6.285442	
204	-49.462489	5.938718	
205	-49.009473	5.638788	
206	-47.722692	4.884490	
207	-47.057030	5.542688	
208	-47.025832	5.803771	
209	-46.358569	5.531810	
210	-45.624029	5.288662	
211	-45.343420	4.784312	
212	-44.638221	5.227496	
213	-44.275138	5.499548	
214	-43.291139	5.382474	
215	-42.143122	5.353302	
216	-42.475537	5.939308	
217	-42.150839	6.019413	
218	-40.965843	6.250528	
219	-40.714778	5.188582	
220	-40.428738	5.644124	
221	-39.826048	5.518641	
222	-38.874475	5.381362	
223	-39.145628	5.014088	
224	-38.576872	4.855042	
225	-37.866025	4.741732	
226	-37.398008	4.750158	
227	-37.072026	4.931254	
228	-36.878839	4.479820	
229	-36.248332	4.732560	
230	-34.972835	4.751224	
231	-35.366029	4.493269	
232	-34.769929	4.839077	
233	-33.902985	5.019845	
234	-34.202298	5.317130	
235	-33.905327	4.658826	
236	-33.499986	4.745248	
237	-33.618294	4.367474	
238	-33.168697	4.068147	
239	-32.832200	3.981649	
240	-31.749279	3.812606	
241	-32.227733	3.900052	
242	-31.798348	3.622965	
243	-31.762071	3.870385	
244	-31.316835	3.414630	
245	-31.296158	3.436260	
246	-30.928620	3.443832	
247	-30.102569	2.558437	
248	-31.006821	2.955571	
249	-30.403431	2.486355	
250	-30.132157	3.057868	
251	-29.916643	2.700286	
252	-29.615584	2.277145	
253	-30.070815	2.837259	
254	-29.696507	2.620739	
255	-29.020335	2.420163	
256	-29.752274	2.678909	
257	-28.712573	2.050602	
258	-29.496364	2.239183	
259	-29.532322	2.118516	
260	-29.044876	1.754102	
261	-28.085369	1.355650	
262	-29.351083	1.967388	
263	-29.185167	2.008742	
264	-28.996844	1.741540	
265	-27.963521	1.383269	
266	-28.353435	1.760887	
267	-28.958855	1.803275	
268	-28.640451	2.197254	
269	-29.017534	2.595325	
270	-28.184286	2.128903	
271	-27.687914	1.568649	
272	-29.057308	2.456040	
273	-28.558634	2.336434	
274	-28.408772	2.375979	
275	-28.555909	2.230556	
276	-27.933945	1.746265	
277	-27.019803	1.522160	
278	-28.520365	2.235053	
279	-27.906354	1.962375	
280	-28.224015	1.984767	
281	-28.539413	1.782236	
282	-28.835415	1.896837	
283	-28.164287	2.182473	
284	-28.552073	2.270807	
285	-28.547427	2.053431	
286	-28.889624	1.523689	
287	-29.074547	2.171532	
288	-28.662798	1.635201	
289	-27.446264	0.083446	
290	-29.742289	1.402276	
291	-29.647026	1.399393	
292	-30.126627	1.407907	
293	-30.057419	1.549049	
294	-30.611780	0.568393	
295	-30.024498	0.638389	
296	-28.631668	0.060411	
297	-31.644355	0.185680	
298	-31.625135	-0.620115	
299	-31.871911	-0.647796	
300	-32.045895	-0.750347	
301	-32.697504	-1.245184	
302	-32.064205	-1.939553	
303	-30.884839	-2.311212	
304	-32.747118	-0.987696	
305	-32.710804	-1.755096	
306	-32.547934	-1.036715	
307	-33.005386	-1.420516	
308	-33.202228	-1.585349	
309	-33.332605	-1.776598	
310	-33.219597	-1.528170	
311	-33.150652	-1.401849	
312	-33.486966	-1.626665	
313	-33.221937	-1.408235	
314	-33.219164	-0.877232	
315	-33.233790	-1.392746	
316	-32.967944	-1.651499	
317	-32.915321	-1.947208	
318	-32.715144	-1.760498	
319	-32.864993	-1.694309	
320	-32.623033	-1.516072	
321	-32.050116	-1.816205	
322	-32.337962	-1.862858	
323	-32.354219	-1.959274	
324	-31.821943	-2.604304	
325	-31.771374	-2.414145	
326	-32.134932	-3.083566	
327	-32.302711	-2.908075	
328	-32.382252	-3.288861	
329	-32.696615	-3.359563	
330	-33.185998	-3.337855	
331	-34.119832	-3.858437	
332	-33.543826	-3.702399	
333	-33.725763	-3.644841	
334	-34.014137	-3.734231	
335	-33.922133	-3.270172	
336	-33.849461	-3.183461	
337	-34.279735	-3.818214	
338	-34.375003	-3.473745	
339	-34.438944	-3.063295	
340	-34.371591	-3.136790	
341	-33.984603	-3.320162	
342	-34.240996	-3.301229	
343	-34.054013	-2.465286	
344	-34.102723	-2.375682	
345	-33.958502	-1.872137	
346	-33.875580	-1.406163	
347	-33.933009	-0.831382	
348	-33.301629	-0.333893	
349	-32.748725	-0.926767	
350	-34.566622	-0.529332	
351	-34.380307	-2.267226	
352	-35.654206	-2.563727	
353	-35.362305	-0.983226	
354	-36.695572	-2.040645	
355	-37.557588	-2.837783	
356	-37.536084	-2.865488	
357	-37.489694	-3.105501	
358	-37.889645	-2.970734	
359	-38.683436	-2.530203	
360	-39.386325	-3.073882	
361	-38.610889	-2.257633	
362	-38.910920	-2.167983	
363	-39.612578	-1.458232	
364	-40.004627	-2.443586	
365	-39.549289	-2.283612	
366	-39.928834	-2.426749	
367	-40.369736	-2.470582	
368	-40.657046	-3.356447	
369	-40.832935	-2.072630	
370	-41.145826	-1.644389	
371	-41.116119	-1.709470	
372	-40.537920	-2.003357	
373	-40.435460	-1.958509	
374	-41.185975	-1.922290	
375	-41.135198	-1.495701	
376	-41.136725	-1.239705	
377	-41.876311	-2.140273	
378	-42.226655	-0.793731	
379	-41.937771	-0.524431	
380	-42.419597	-0.828985	
381	-42.480561	-0.695337	
382	-42.779617	-1.069207	
383	-42.917443	-0.590365	
384	-43.047246	-0.526543	
385	-43.009409	-0.297540	
386	-43.255881	-0.169218	
387	-44.463069	-1.298935	
388	-45.010294	-1.843427	
389	-45.554499	-2.096160	
390	-45.131338	-2.142714	
391	-46.044649	-1.558940	
392	-46.592134	-1.807945	
393	-46.720587	-1.791427	
394	-46.902530	-2.579762	
395	-46.895510	-1.919192	
396	-46.747316	-1.604227	
397	-47.274245	-2.154340	
398	-47.440952	-0.628043	
399	-48.451107	-2.569867	
400	-47.211215	-0.345108	
401	-48.223799	-0.268023	
402	-49.571736	-1.826717	
403	-49.556224	-1.441251	
404	-49.702326	-1.400701	
405	-48.813955	0.212519	
406	-49.616088	0.558596	
407	-50.000920	0.228095	
408	-50.054756	0.276290	
409	-50.442587	0.069363	
410	-50.580940	-0.014707	
411	-50.365401	0.264809	
412	-51.509520	-0.091573	
413	-51.475301	-0.275805	
414	-51.522778	0.777397	
415	-51.838314	0.517389	
416	-52.022978	0.218652	
417	-51.856036	-0.052105	
418	-52.020868	0.563622	
419	-52.146088	0.152160	
420	-52.676570	-0.475584	
421	-52.577790	0.179562	
422	-52.980267	-0.800908	
423	-53.077908	-0.948575	
424	-54.161599	-1.867667	
425	-54.500697	-2.299308	
426	-53.325405	-1.995796	
427	-54.198718	-2.295090	
428	-55.404659	-1.750559	
429	-54.020408	-2.798163	
430	-54.751031	-2.042660	
431	-55.887594	0.177116	
432	-56.750983	-3.456511	
433	-55.412282	-2.233838	
434	-56.673779	-0.025242	
435	-56.761245	-1.283350	
436	-56.507487	0.343512	
437	-58.125131	-2.838783	
438	-56.671230	1.507809	
439	-57.296086	1.003420	
440	-57.335528	0.742496	
441	-57.622298	0.031546	
442	-57.751328	0.106852	
443	-58.309131	0.589587	
444	-58.842112	-0.123013	
445	-59.162651	-0.424718	
446	-59.814870	-0.371098	
447	-59.732698	-0.969686	
448	-59.278491	0.992404	
449	-59.987690	0.509003	
450	-60.610030	-0.159863	
451	-60.470863	0.005787	
452	-60.900649	-0.085743	
453	-60.790852	-1.369561	
454	-61.430404	-2.205800	
455	-62.160778	-1.675340	
456	-61.996893	-1.189725	
457	-62.326116	0.874571	
458	-63.522362	2.328069	
459	-63.147292	-1.526557	
460	-63.177089	-2.591669	
461	-63.007969	-3.076708	
462	-63.542963	-1.064708	
463	-63.746165	0.617996	
464	-64.528265	-0.939880	
465	-64.643372	-1.680063	
466	-64.590399	-3.923692	
467	-64.670232	-2.187563	
468	-64.276417	-2.046642	
469	-64.670690	-2.925235	
470	-65.047068	-2.457018	
471	-65.626098	-3.656816	
472	-65.453757	-3.206111	
473	-65.591951	-3.335768	
474	-65.783190	-2.497340	
475	-65.883516	-2.574378	
476	-66.328055	-3.440185	
477	-66.135014	-2.688117	
478	-66.336310	0.466993	
479	-65.936835	1.067068	
480	-65.911646	-1.702040	
481	-65.725970	-0.617638	
482	-66.135095	-0.730313	
483	-66.400731	-0.657550	
484	-66.178093	0.809297	
485	-65.398601	1.721927	
486	-65.137567	3.247004	
487	-64.932220	2.421373	
488	-65.361678	0.951765	
489	-63.845154	3.672960	
490	-65.462573	1.679568	
491	-66.233803	3.027262	
492	-65.611146	5.503095	
493	-65.191346	3.063985	
494	-65.283947	5.010668	
495	-65.882747	5.456664	
496	-65.465270	6.477188	
497	-64.689797	6.139477	
498	-66.443639	6.271083	
499	-64.219314	6.570744	
500	-60.946374	5.972631	
501	-66.237509	4.486744	
502	-63.752265	7.827401	
503	-64.871490	7.426559	
504	-64.209800	4.066349	
505	-62.989341	5.615958	
506	-62.797973	7.482923	
507	-62.028910	7.372109	
508	-62.180119	7.072396	
509	-62.041570	6.305445	
510	-60.852870	5.972960	
511	-60.503026	6.005154	
512	-59.671347	5.620449	
513	-59.479791	6.174432	
514	-58.611483	4.282532	
515	-57.770503	4.039338	
516	-55.647526	7.708599	
517	-54.687151	5.351464	
518	-53.640071	6.015738	
519	-55.791730	6.155128	
520	-53.390861	6.752715	
521	-52.531196	6.928083	
522	-52.085090	7.771705	
523	-53.739467	7.518002	
524	-52.578712	7.916786	
525	-52.015433	8.408317	
526	-50.140623	7.696452	
527	-49.508615	6.864506	
528	-49.976632	6.818954	
529	-49.906306	6.969780	
530	-50.242221	7.514418	
531	-47.995891	7.718979	
532	-47.222618	6.886733	
533	-46.576208	5.688470	
534	-45.937164	5.438666	
535	-43.935749	5.098297	
536	-42.223245	4.730119	
537	-45.504488	5.188514	
538	-42.483021	4.903569	
539	-38.935407	4.568203	
540	-38.882144	4.337345	
541	-38.607768	5.205529	
542	-40.891901	7.028086	
543	-40.061871	4.292886	
544	-39.470475	4.285515	
545	-36.573968	3.812574	
546	-37.794472	4.015701	
547	-39.948643	5.246785	
548	-35.194665	3.527882	
549	-35.241684	4.894960	
550	-34.600392	5.164814	
551	-37.883392	4.748324	
552	-35.956880	5.847596	
553	-37.843866	4.277586	
554	-38.361217	4.696685	
555	-38.716223	4.713433	
556	-27.837639	2.968364	
557	-17.908928	-4.006302	
558	-38.657730	6.010231	
559	-32.550257	3.937904	
560	-33.657237	0.834098	
561	-36.194209	4.210857	
562	-36.120776	2.421365	
563	-34.096069	2.676878	
564	-32.524361	2.710859	
565	-33.198926	2.327475	
566	-32.487691	3.274613	
567	-30.487318	4.069740	
568	-30.118971	1.814449	
569	-30.470574	2.245679	
570	-29.321131	1.302653	
571	-30.290720	3.069892	
572	-31.016273	5.542713	
573	-30.025315	3.086088	
574	-29.186984	2.578058	
575	-30.027823	5.052952	
576	-27.965369	3.685756	
577	-27.256644	2.900089	
578	-28.962953	3.430972	
579	-32.643999	4.925933	
580	-31.761215	4.242047	
581	-26.423846	2.392709	
582	-29.079801	4.776484	
583	-28.847954	3.338648	
584	-28.175774	2.857710	
585	-32.035517	4.689471	
586	-26.830100	2.437042	
587	-28.921032	2.715211	
588	-30.122708	3.470284	
589	-25.149735	0.728236	
590	-28.388570	2.002745	
591	-27.697691	-0.044279	
592	-30.173066	2.049611	
593	-29.805742	1.769300	
594	-23.502180	1.132881	
595	-22.951821	1.552981	
596	-24.821526	-2.016721	
597	-24.997630	0.811550	
598	-28.481862	2.139416	
599	-27.384459	0.389309	
600	-28.042050	-0.801350	
601	-30.760696	1.834042	
602	-27.559426	1.268331	
603	-28.071954	0.873900	
604	-31.261725	2.652767	
605	-33.257758	2.647539	
606	-27.960916	2.957708	
607	-26.942155	1.929081	
608	-27.720945	2.251137	
609	-27.031286	2.280044	
610	-30.934950	-0.547531	
611	-31.308304	1.141502	
612	-28.191363	2.491239	
613	-28.449811	2.691223	
614	-29.421741	3.478893	
615	-26.453097	3.128074	
616	-25.188376	2.583412	
617	-29.673519	3.107146	
618	-29.974877	3.120169	
619	-28.253806	3.689874	
620	-28.811408	5.538339	
621	-27.083375	4.530997	
622	-29.643932	5.795372	
623	-29.011358	3.987729	
624	-26.357705	1.663995	
625	-31.002987	-0.988751	
626	-30.824140	1.128830	
627	-29.873333	3.265067	
628	-31.090242	1.178928	
629	-30.538117	2.010276	
630	-32.489640	3.380718	
631	-36.200497	4.003519	
632	-28.201828	3.792410	
633	-35.125789	1.752808	
634	-29.885833	0.140254	
635	-26.212235	5.433148	
636	-29.932063	1.978995	
637	-29.275073	2.029897	
638	-28.652733	3.621592	
639	-27.931227	1.149679	
640	-24.531772	0.768315	
641	-25.286998	3.836066	
642	-23.577628	0.832552	
643	-29.840003	-4.302707	
644	-21.753445	-1.081907	
645	-26.736506	-3.958390	
646	-27.441286	-3.073661	
647	-28.345762	-5.235874	
648	-27.972545	-1.411651	
649	-27.301679	-4.256896	
650	-29.559089	-3.588828	
651	-31.065979	3.182741	
652	-29.743843	-3.043412	
653	-30.197334	-3.874580	
654	-28.542177	-1.782811	
655	-29.020433	-3.138942	
656	-30.978064	-2.757023	
657	-28.468508	-0.112418	
658	-28.338255	3.444212	
659	-28.230365	-0.778464	
660	-31.233146	2.189505	
661	-39.765710	5.153234	
662	-32.271620	3.960914	
663	-28.810789	0.993494	
664	-35.877966	1.508479	
665	NaN	NaN	
666	NaN	NaN	
667	NaN	NaN	
668	NaN	NaN	
669	NaN	NaN	
670	-33.308920	-1.872942	
671	-34.579147	-2.747844	
672	-35.828993	-3.371128	
673	-37.484061	-4.119560	
674	-35.510666	-2.946294	
675	-35.521166	-2.986257	
676	-35.557840	-2.497722	
677	-36.247744	-1.565716	
678	-34.665315	-2.070825	
679	-31.722795	-0.793108	
680	-38.481142	0.714132	
681	-39.874736	0.559500	
682	-32.090491	-1.089864	
683	-37.809926	1.191583	
684	-33.225865	1.120026	
685	-41.610646	0.759939	
686	-45.994783	1.692052	
687	-45.124167	2.185799	
688	-39.927676	1.453248	
689	-32.534015	-1.356194	
690	-37.767959	0.969348	
691	-36.834114	0.594174	
692	-33.835703	-1.573904	
693	-40.814915	-1.244650	
694	-41.987129	-0.351816	
695	-40.870498	-0.220978	
696	-37.065960	-2.431074	
697	-38.609874	-1.556065	
698	-42.581347	-1.204972	
699	-44.026172	-1.671596	
700	-39.486241	-0.724960	
701	-44.159170	1.495095	
702	-41.059412	0.626477	
703	-41.451943	-1.615497	
704	-38.813026	0.421874	
705	-32.903924	-1.555635	
706	-34.874334	0.219065	
707	-34.838303	-0.019015	
708	-38.517848	-0.820227	
709	-43.520134	1.375389	
710	-38.645326	-0.083216	
711	-34.804808	0.258159	
712	-37.869061	-1.390606	
713	-35.773603	-0.712673	
714	-39.322407	0.164677	
715	-43.588622	2.185453	
716	-36.596320	1.057664	
717	-38.892064	-2.627862	
718	-37.882247	-1.211438	
719	-37.319996	-1.452298	
720	-39.539747	-2.880021	
721	-43.638834	-1.493668	
722	-44.855257	-3.076464	
723	-40.017585	-3.614904	
724	-45.178437	-2.300811	
725	-39.385127	-1.645808	
726	-42.464569	-1.403641	
727	-49.126785	-3.976503	
728	-45.846208	-2.761940	
729	-39.761270	-2.762603	
730	-41.101555	-3.180772	
731	-40.937875	-3.322930	
732	-43.680616	-2.285471	
733	-48.724762	-1.864564	
734	-39.374520	-2.690016	
735	-44.967068	-3.917712	
736	-51.912533	-2.831860	
737	-52.601265	-2.902536	
738	-57.024225	-7.573516	
739	-55.030930	-5.180480	
740	-53.632581	-2.534768	
741	-54.769320	-3.995992	
742	-41.037194	0.019697	
743	-44.421147	-8.681814	
744	-55.826109	-34.450011	
745	-55.840962	0.993719	
746	-52.620972	-4.505693	
747	-59.870915	4.919532	
748	-59.111310	-3.617921	
749	-58.219945	-3.540460	
750	-60.299777	4.157026	
751	-61.084931	-3.864563	
752	-59.943479	3.432553	
753	-59.195840	5.871093	
754	-61.136922	12.178430	
755	-52.448935	-0.060772	
756	-55.730384	-3.780411	
757	-61.291273	-8.614559	
758	-49.139525	-1.274083	
759	-49.596460	-1.631704	
760	-49.073240	-2.126319	
761	-56.681336	-3.796292	
762	-56.272604	-3.563325	
763	-54.931739	-1.145423	
764	-51.835240	-2.185076	
765	-55.281228	-1.707319	
766	-57.155156	-1.276113	
767	-55.110143	-1.658490	
768	-50.442574	-0.216399	
769	-59.401278	-1.312608	
770	-48.651640	0.577353	
771	-50.720840	1.236543	
772	-48.393490	-1.151385	
773	-52.856200	-1.057195	
774	-61.240622	-3.621625	
775	-57.256407	-11.358414	
776	-62.002466	-2.185886	
777	-84.114927	-1.784644	
778	-71.460481	37.630490	
779	-56.267702	-3.927150	
780	-53.338576	2.125875	
781	-61.331547	-1.822218	
782	-56.874458	-5.014233	
783	-50.117340	-9.178108	
784	-53.759334	0.373403	
785	-60.875611	-4.460262	
786	-63.241734	-9.439744	
787	-63.776664	-0.222742	
788	-53.965034	2.418526	
789	-35.128515	-0.460902	
790	-67.729185	5.463755	
791	-83.790851	18.832375	
792	-79.784986	30.837446	
793	-81.734024	36.823080	
794	-82.662761	11.854466	
795	-73.981649	33.630720	
796	-60.745520	-3.811432	
797	-61.165869	2.576202	
798	-56.517246	-1.126507	
799	-56.393101	-0.948432	
800	-61.157260	1.303669	
801	-70.769216	-2.998060	
802	-97.410658	-110.680991	
803	-60.602852	0.644952	
804	-61.557411	0.794628	
805	-56.693126	1.006212	
806	-55.560346	-2.454227	
807	-58.810337	-6.822623	
808	-59.515087	-4.631556	
809	-60.569259	-0.592599	
810	-59.772228	-0.183951	
811	-60.139430	3.140022	
812	-61.408782	6.345587	
813	-61.612128	6.062916	
814	-67.020203	6.725047	
815	-65.729041	9.893886	
816	-64.392333	5.737169	
817	-62.040302	12.568241	
818	-36.991821	-7.809532	
819	-69.559498	-76.909122	
820	-56.197206	-70.006731	
821	-61.788700	-73.579412	
822	-54.944085	-67.650696	
823	-50.045683	47.237287	
824	-54.401227	50.141406	
825	-46.444261	47.037779	
826	-63.608435	-76.972922	
827	-60.936942	-60.563900	
828	-64.243491	-63.852181	
829	-53.778605	50.677631	
830	-58.840861	53.094285	
831	-60.384356	-76.724702	
832	-53.384501	-68.294565	
833	NaN	NaN	
834	NaN	NaN	
835	NaN	NaN	
836	NaN	NaN	
837	NaN	NaN	
838	NaN	NaN	
839	NaN	NaN	
840	NaN	NaN	
841	NaN	NaN	
842	NaN	NaN	
843	NaN	NaN	
844	NaN	NaN	
845	NaN	NaN	
846	NaN	NaN	
847	NaN	NaN	
848	NaN	NaN	
849	NaN	NaN	
850	NaN	NaN	
851	NaN	NaN	
852	NaN	NaN	
853	NaN	NaN	
854	NaN	NaN	
855	NaN	NaN	
856	NaN	NaN	
857	NaN	NaN	
858	NaN	NaN	
859	NaN	NaN	
860	-41.121794	7.910342	
861	-41.181240	3.826135	
862	-38.336161	0.851115	
863	NaN	NaN	
864	NaN	NaN	
865	NaN	NaN	
866	NaN	NaN	
867	NaN	NaN	
868	NaN	NaN	
869	NaN	NaN	
870	NaN	NaN	
871	NaN	NaN	
872	NaN	NaN	
873	NaN	NaN	
874	NaN	NaN	
875	-25.761443	3.597585	
876	-17.498560	10.137079	
877	-1.741633	2.767104	
878	-14.200697	-3.322312	
879	-13.767325	-1.085359	
880	-12.601549	-0.522358	
881	-13.207209	0.997749	
882	-11.140766	1.500038	
883	-12.862077	-3.940512	
884	-29.710798	3.473064	
885	-27.309134	8.744277	
886	-29.384045	10.175164	
887	-27.236279	7.599606	
888	-26.861719	7.050937	
889	-30.996321	5.356007	
890	NaN	NaN	
891	NaN	NaN	
892	NaN	NaN	
893	NaN	NaN	
894	NaN	NaN	
895	NaN	NaN	
896	NaN	NaN	
897	NaN	NaN	
898	NaN	NaN	
899	NaN	NaN	
900	NaN	NaN	
901	NaN	NaN	
902	NaN	NaN	
903	NaN	NaN	
904	NaN	NaN	
905	NaN	NaN	
906	NaN	NaN	
907	NaN	NaN	
908	NaN	NaN	
909	NaN	NaN	
910	NaN	NaN	
911	NaN	NaN	
912	NaN	NaN	
913	NaN	NaN	
914	NaN	NaN	
915	NaN	NaN	
916	NaN	NaN	
917	NaN	NaN	
918	NaN	NaN	
919	NaN	NaN	
920	NaN	NaN	
921	NaN	NaN	
922	NaN	NaN	
923	NaN	NaN	
924	NaN	NaN	
925	NaN	NaN	
926	NaN	NaN	
927	NaN	NaN	
928	NaN	NaN	
929	NaN	NaN	
930	NaN	NaN	
931	NaN	NaN	
932	NaN	NaN	
933	NaN	NaN	
934	NaN	NaN	
935	NaN	NaN	
936	NaN	NaN	
937	NaN	NaN	
938	NaN	NaN	
939	NaN	NaN	
940	NaN	NaN	
941	NaN	NaN	
942	NaN	NaN	
943	NaN	NaN	
944	NaN	NaN	
945	NaN	NaN	
946	NaN	NaN	
947	NaN	NaN	
948	NaN	NaN	
949	NaN	NaN	
950	NaN	NaN	
951	NaN	NaN	
952	NaN	NaN	
953	NaN	NaN	
954	NaN	NaN	
955	NaN	NaN	
956	NaN	NaN	
957	NaN	NaN	
958	NaN	NaN	
959	NaN	NaN	
960	NaN	NaN	
961	NaN	NaN	
962	NaN	NaN	
963	NaN	NaN	
964	NaN	NaN	
965	NaN	NaN	
966	NaN	NaN	
967	NaN	NaN	
968	NaN	NaN	
969	NaN	NaN	
970	NaN	NaN	
971	NaN	NaN	
972	NaN	NaN	
973	NaN	NaN	
974	NaN	NaN	
975	NaN	NaN	
976	NaN	NaN	
977	NaN	NaN	
978	NaN	NaN	
979	NaN	NaN	
980	NaN	NaN	
981	NaN	NaN	
982	NaN	NaN	
983	NaN	NaN	
984	NaN	NaN	
985	NaN	NaN	
986	NaN	NaN	
987	NaN	NaN	
988	NaN	NaN	
989	NaN	NaN	
990	NaN	NaN	
991	NaN	NaN	
992	NaN	NaN	
993	NaN	NaN	
994	12.656422	73.253452	
995	NaN	NaN	
996	NaN	NaN	
997	NaN	NaN	
998	NaN	NaN	
999	NaN	NaN	
1000	NaN	NaN	
1001	NaN	NaN	
1002	NaN	NaN	
1003	NaN	NaN	
1004	NaN	NaN	
1005	NaN	NaN	
1006	NaN	NaN	
1007	-48.251331	82.624157	
1008	NaN	NaN	
1009	NaN	NaN	
1010	NaN	NaN	
1011	NaN	NaN	
1012	NaN	NaN	
1013	NaN	NaN	
1014	NaN	NaN	
1015	NaN	NaN	
1016	NaN	NaN	
1017	NaN	NaN	
1018	NaN	NaN	
1019	NaN	NaN	
1020	NaN	NaN	
1021	NaN	NaN	
1022	NaN	NaN	
1023	NaN	NaN	
1024	NaN	NaN	
1025	NaN	NaN	
1026	NaN	NaN	
1027	NaN	NaN	
1028	NaN	NaN	
1029	NaN	NaN	
1030	NaN	NaN	
1031	NaN	NaN	
1032	NaN	NaN	
1033	NaN	NaN	
1034	NaN	NaN	
1035	NaN	NaN	
1036	NaN	NaN	
1037	NaN	NaN	
1038	NaN	NaN	
1039	NaN	NaN	
1040	NaN	NaN	
1041	NaN	NaN	
1042	NaN	NaN	
1043	NaN	NaN	
1044	NaN	NaN	
1045	NaN	NaN	
1046	NaN	NaN	
1047	NaN	NaN	
1048	NaN	NaN	
1049	NaN	NaN	
1050	NaN	NaN	
1051	NaN	NaN	
1052	NaN	NaN	
1053	NaN	NaN	
1054	NaN	NaN	
1055	NaN	NaN	
1056	NaN	NaN	
1057	NaN	NaN	
1058	NaN	NaN	
1059	NaN	NaN	
1060	NaN	NaN	
1061	NaN	NaN	
1062	NaN	NaN	
1063	NaN	NaN	
1064	NaN	NaN	
1065	NaN	NaN	
1066	NaN	NaN	
1067	NaN	NaN	
1068	NaN	NaN	
1069	NaN	NaN	
1070	NaN	NaN	
1071	NaN	NaN	
1072	NaN	NaN	
1073	NaN	NaN	
1074	NaN	NaN	
1075	NaN	NaN	
1076	NaN	NaN	
1077	NaN	NaN	
1078	NaN	NaN	
1079	NaN	NaN	
1080	NaN	NaN	
1081	NaN	NaN	
1082	NaN	NaN	
1083	NaN	NaN	
1084	NaN	NaN	
1085	NaN	NaN	
1086	NaN	NaN	
1087	NaN	NaN	
1088	NaN	NaN	
1089	NaN	NaN	
1090	NaN	NaN	
1091	NaN	NaN	
1092	NaN	NaN	
1093	NaN	NaN	
1094	NaN	NaN	
1095	NaN	NaN	
1096	NaN	NaN	
1097	NaN	NaN	
1098	NaN	NaN	
1099	NaN	NaN	
1100	NaN	NaN	
1101	NaN	NaN	
1102	NaN	NaN	
1103	NaN	NaN	
1104	NaN	NaN	
1105	NaN	NaN	
1106	NaN	NaN	
1107	NaN	NaN	
1108	NaN	NaN	
1109	NaN	NaN	
1110	NaN	NaN	
1111	NaN	NaN	
1112	NaN	NaN	
1113	NaN	NaN	
1114	NaN	NaN	
1115	NaN	NaN	
1116	NaN	NaN	
1117	NaN	NaN	
1118	NaN	NaN	
1119	NaN	NaN	
1120	NaN	NaN	
1121	NaN	NaN	
1122	NaN	NaN	
1123	NaN	NaN	
1124	NaN	NaN	
1125	NaN	NaN	
1126	NaN	NaN	
1127	NaN	NaN	
1128	NaN	NaN	
1129	NaN	NaN	
1130	NaN	NaN	
1131	NaN	NaN	
1132	NaN	NaN	
1133	NaN	NaN	
1134	NaN	NaN	
1135	NaN	NaN	
1136	NaN	NaN	
1137	NaN	NaN	
1138	NaN	NaN	
1139	NaN	NaN	
1140	NaN	NaN	
1141	NaN	NaN	
1142	NaN	NaN	
1143	NaN	NaN	
1144	NaN	NaN	
1145	NaN	NaN	
1146	NaN	NaN	
1147	NaN	NaN	
1148	NaN	NaN	
1149	NaN	NaN	
1150	NaN	NaN	
1151	NaN	NaN	
1152	NaN	NaN	
1153	NaN	NaN	
1154	NaN	NaN	
1155	NaN	NaN	
1156	NaN	NaN	
1157	NaN	NaN	
1158	NaN	NaN	
1159	NaN	NaN	
1160	NaN	NaN	
1161	NaN	NaN	
1162	NaN	NaN	
1163	NaN	NaN	
1164	NaN	NaN	
1165	NaN	NaN	
1166	NaN	NaN	
1167	NaN	NaN	
1168	NaN	NaN	
1169	NaN	NaN	
1170	NaN	NaN	
1171	NaN	NaN	
1172	NaN	NaN	
1173	NaN	NaN	
1174	NaN	NaN	
1175	NaN	NaN	
1176	NaN	NaN	
1177	NaN	NaN	
1178	NaN	NaN	
1179	NaN	NaN	
1180	NaN	NaN	
1181	NaN	NaN	
1182	NaN	NaN	
1183	NaN	NaN	
1184	NaN	NaN	
1185	NaN	NaN	
1186	NaN	NaN	
1187	NaN	NaN	
1188	NaN	NaN	
1189	NaN	NaN	
1190	NaN	NaN	
1191	NaN	NaN	
1192	NaN	NaN	
1193	NaN	NaN	
1194	NaN	NaN	
1195	NaN	NaN	
1196	NaN	NaN	
1197	NaN	NaN	
1198	NaN	NaN	
1199	NaN	NaN	
1200	NaN	NaN	
1201	NaN	NaN	
1202	NaN	NaN	
1203	NaN	NaN	
1204	NaN	NaN	
1205	NaN	NaN	
1206	NaN	NaN	
1207	NaN	NaN	
1208	NaN	NaN	
1209	NaN	NaN	
1210	NaN	NaN	
1211	NaN	NaN	
1212	NaN	NaN	
1213	NaN	NaN	
1214	NaN	NaN	
1215	NaN	NaN	
1216	NaN	NaN	
1217	NaN	NaN	
1218	NaN	NaN	
1219	NaN	NaN	
1220	NaN	NaN	
1221	NaN	NaN	
1222	NaN	NaN	
1223	NaN	NaN	
1224	NaN	NaN	
1225	NaN	NaN	
1226	NaN	NaN	
1227	NaN	NaN	
1228	NaN	NaN	
1229	NaN	NaN	
1230	NaN	NaN	
1231	NaN	NaN	
1232	NaN	NaN	
1233	NaN	NaN	
1234	NaN	NaN	
1235	NaN	NaN	
1236	NaN	NaN	
1237	NaN	NaN	
1238	NaN	NaN	
1239	NaN	NaN	
1240	NaN	NaN	
1241	NaN	NaN	
1242	NaN	NaN	
1243	NaN	NaN	
1244	NaN	NaN	
1245	NaN	NaN	
1246	NaN	NaN	
1247	NaN	NaN	
1248	NaN	NaN	
1249	NaN	NaN	
1250	NaN	NaN	
1251	NaN	NaN	
1252	NaN	NaN	
1253	NaN	NaN	
1254	NaN	NaN	
1255	NaN	NaN	
1256	NaN	NaN	
1257	NaN	NaN	
1258	NaN	NaN	
1259	NaN	NaN	
1260	NaN	NaN	
1261	NaN	NaN	
1262	NaN	NaN	
1263	NaN	NaN	
1264	NaN	NaN	
1265	NaN	NaN	
1266	NaN	NaN	
1267	NaN	NaN	
1268	NaN	NaN	
1269	NaN	NaN	
1270	NaN	NaN	
1271	NaN	NaN	
1272	NaN	NaN	
1273	NaN	NaN	
1274	NaN	NaN	
1275	NaN	NaN	
1276	NaN	NaN	
1277	NaN	NaN	
1278	NaN	NaN	
1279	NaN	NaN	
1280	NaN	NaN	
1281	NaN	NaN	
1282	NaN	NaN	
1283	NaN	NaN	
1284	NaN	NaN	
1285	NaN	NaN	
1286	NaN	NaN	
1287	NaN	NaN	
1288	NaN	NaN	
1289	NaN	NaN	
1290	NaN	NaN	
1291	NaN	NaN	
1292	NaN	NaN	
1293	NaN	NaN	
1294	NaN	NaN	
1295	NaN	NaN	
1296	NaN	NaN	
1297	NaN	NaN	
1298	NaN	NaN	
1299	NaN	NaN	
1300	NaN	NaN	
1301	NaN	NaN	
1302	NaN	NaN	
1303	NaN	NaN	
1304	NaN	NaN	
1305	NaN	NaN	
1306	NaN	NaN	
1307	NaN	NaN	
1308	NaN	NaN	
1309	NaN	NaN	
1310	NaN	NaN	
1311	NaN	NaN	
1312	NaN	NaN	
1313	NaN	NaN	
1314	NaN	NaN	
1315	NaN	NaN	
1316	NaN	NaN	
1317	NaN	NaN	
1318	NaN	NaN	
1319	NaN	NaN	
1320	NaN	NaN	
1321	NaN	NaN	
1322	NaN	NaN	
1323	NaN	NaN	
1324	NaN	NaN	
1325	NaN	NaN	
1326	NaN	NaN	
1327	NaN	NaN	
1328	NaN	NaN	
1329	NaN	NaN	
1330	NaN	NaN	
1331	NaN	NaN	
1332	NaN	NaN	
1333	NaN	NaN	
1334	NaN	NaN	
1335	NaN	NaN	
1336	NaN	NaN	
1337	NaN	NaN	
1338	NaN	NaN	
1339	NaN	NaN	
1340	NaN	NaN	
1341	NaN	NaN	
1342	NaN	NaN	
1343	NaN	NaN	
1344	NaN	NaN	
1345	NaN	NaN	
1346	NaN	NaN	
1347	NaN	NaN	
1348	NaN	NaN	
1349	NaN	NaN	
1350	NaN	NaN	
1351	NaN	NaN	
1352	NaN	NaN	
1353	NaN	NaN	
1354	NaN	NaN	
1355	NaN	NaN	
1356	NaN	NaN	
1357	NaN	NaN	
1358	NaN	NaN	
1359	NaN	NaN	
1360	NaN	NaN	
1361	NaN	NaN	
1362	NaN	NaN	
1363	NaN	NaN	
1364	NaN	NaN	
1365	NaN	NaN	
