Athlete_Engineering	// User ID
11-2-2021	// Evaluation date
P011_Walk4	30-1-2021	10:16:33:381	// Source file name and timestamp
250.000	// Sampling rate
5.689	// Data capture period



Sample #	Right_Leg_Flexion	Right_Leg_Abduction	
0	-58.603191	0.691428	
1	-58.658928	1.700518	
2	-58.607955	1.584951	
3	-58.600892	1.595504	
4	-58.748939	0.185011	
5	-58.688551	0.992604	
6	-58.580276	1.651270	
7	-58.756113	1.042558	
8	-58.715152	1.957627	
9	-58.726788	1.313659	
10	-58.770189	2.039855	
11	-58.679818	2.364103	
12	-58.708838	1.801581	
13	-58.608005	2.137580	
14	-58.624429	2.239434	
15	-58.529026	2.286412	
16	-58.770858	1.338663	
17	-58.642647	1.457243	
18	-58.742280	1.282390	
19	-58.677617	1.877818	
20	-58.554380	1.854607	
21	-58.679612	2.070300	
22	-58.656611	2.126475	
23	-58.647340	1.363219	
24	-58.733705	0.735835	
25	-58.826711	2.456268	
26	-58.605773	-2.277825	
27	-58.772871	1.205930	
28	-58.772070	1.329552	
29	-58.711689	1.201224	
30	-59.171187	1.593185	
31	-58.805465	1.212602	
32	-58.813397	1.619311	
33	-58.805207	1.581922	
34	-58.808097	1.757749	
35	-59.025610	1.618549	
36	-59.035131	0.601528	
37	-58.866529	2.012860	
38	-59.073234	0.949867	
39	-58.984997	0.988761	
40	-58.861690	0.740208	
41	-58.931970	1.418445	
42	-59.004850	0.540006	
43	-58.920198	-0.280534	
44	-58.754598	1.575942	
45	-59.043314	1.921300	
46	-58.815694	0.773424	
47	-58.786023	0.684699	
48	-58.803951	0.414866	
49	-58.815297	1.838730	
50	-59.018408	0.750421	
51	-58.720804	0.217427	
52	-58.862677	0.839387	
53	-58.888346	0.988928	
54	-58.694901	-2.298938	
55	-58.808589	-0.183535	
56	-58.696228	1.282606	
57	-58.665006	0.035481	
58	-58.627928	1.047253	
59	-58.723074	1.306072	
60	-58.729016	1.463311	
61	-58.703629	1.724827	
62	-58.706503	0.608414	
63	-58.828895	2.005885	
64	-58.786526	0.516776	
65	-58.964332	1.582842	
66	-58.891086	1.358326	
67	-58.839816	1.209570	
68	-58.769287	1.099095	
69	-58.859497	1.377394	
70	-58.829638	1.581987	
71	-58.758303	1.072812	
72	-58.834554	1.453677	
73	-58.820005	2.733066	
74	-58.458110	2.645414	
75	-58.472224	1.658110	
76	-58.341322	2.781699	
77	-58.675681	1.435711	
78	-58.728454	1.812728	
79	-58.594629	2.528126	
80	-58.665457	1.747915	
81	-58.638165	3.113858	
82	-58.735867	1.682891	
83	-58.607599	2.042539	
84	-58.649399	3.539927	
85	-58.272990	3.152932	
86	-58.588558	1.783559	
87	-58.698769	3.359149	
88	-58.797280	2.140854	
89	-58.794553	2.439928	
90	-58.744207	2.402617	
91	-58.985877	2.469850	
92	-58.696997	2.307145	
93	-58.702542	1.945090	
94	-58.604226	1.933370	
95	-58.286048	1.915135	
96	-58.398592	2.601280	
97	-58.640103	2.288829	
98	-58.588468	2.118294	
99	-58.629579	2.145548	
100	-58.550620	1.648895	
101	-58.681415	1.867510	
102	-58.615319	1.750229	
103	-58.703738	2.212645	
104	-58.726927	2.011444	
105	-58.852756	2.460173	
106	-58.779538	2.006933	
107	-57.722495	2.787930	
108	-58.609468	3.883799	
109	-58.925497	3.124131	
110	-58.741142	2.806507	
111	-58.631648	3.024119	
112	-58.738474	2.813804	
113	-58.905037	4.152801	
114	-58.726862	4.110332	
115	-58.932428	5.010645	
116	-58.762622	4.750603	
117	-58.838948	2.718507	
118	-58.662616	4.726293	
119	-58.696531	3.408969	
120	-58.712392	4.777590	
121	-58.746888	3.222789	
122	-58.958110	3.034853	
123	-58.687523	3.270397	
124	-58.478653	2.295381	
125	-58.725753	3.476474	
126	-58.630025	2.902688	
127	-58.626806	4.435015	
128	-58.906876	2.705893	
129	-58.948724	4.512203	
130	-59.095067	5.087880	
131	-59.023315	4.605849	
132	-58.997587	2.598362	
133	-59.027377	3.027406	
134	-58.710241	3.026903	
135	-59.008579	2.710408	
136	-59.094133	3.109923	
137	-58.962255	3.060483	
138	-59.310007	3.409655	
139	-59.378123	2.524969	
140	-59.359654	3.995472	
141	-59.381541	2.630406	
142	-59.542401	2.992610	
143	-59.208037	2.888373	
144	-58.931462	2.803591	
145	-58.634573	3.321411	
146	-58.564464	3.199165	
147	-58.586206	4.951201	
148	-58.652997	5.269340	
149	-58.598136	3.527838	
150	-58.492818	4.936385	
151	-58.440709	3.473211	
152	-58.353165	3.109918	
153	-58.598958	3.404720	
154	-58.467974	3.201002	
155	-58.431896	3.096343	
156	-58.286004	5.175274	
157	-58.090525	4.616520	
158	-58.057754	2.975374	
159	-57.967227	3.333054	
160	-57.912421	4.744667	
161	-57.813697	3.296311	
162	-57.797655	4.742296	
163	-57.689939	4.860642	
164	-57.581650	4.777663	
165	-57.499899	4.873887	
166	-57.409513	5.133155	
167	-57.404740	5.106856	
168	-57.367848	5.404163	
169	-57.395376	5.869349	
170	-57.428205	6.417447	
171	-57.425478	6.544351	
172	-57.339329	5.987825	
173	-57.366710	6.638405	
174	-57.392756	6.872551	
175	-57.358379	7.335091	
176	-56.952431	6.473635	
177	-56.862304	6.479600	
178	-56.891883	6.958768	
179	-56.768217	6.834159	
180	-56.468548	7.202865	
181	-56.201482	9.246436	
182	-55.090297	9.292231	
183	-54.871069	8.036604	
184	-54.779141	8.217364	
185	-54.188604	5.954295	
186	-53.683886	7.648621	
187	-53.449884	7.181958	
188	-53.364061	6.799311	
189	-53.357122	7.192251	
190	-53.250730	7.253280	
191	-53.184282	5.928552	
192	-53.518051	6.969443	
193	-53.187188	5.253702	
194	-53.360553	5.385286	
195	-53.181092	4.540811	
196	-53.260910	4.797124	
197	-53.413599	5.642795	
198	-53.767999	4.823457	
199	-54.874052	7.413749	
200	-54.425504	7.899044	
201	-54.029680	4.948521	
202	-54.032857	4.672131	
203	-54.215684	4.899724	
204	-53.667451	6.028239	
205	-53.974003	4.898554	
206	-54.277969	4.693715	
207	-53.883434	4.742805	
208	-53.608061	5.457662	
209	-54.241036	5.542656	
210	-53.790955	5.415689	
211	-53.379965	5.334866	
212	-53.132343	4.034380	
213	-54.391341	3.261794	
214	-54.786059	6.399336	
215	-54.614228	6.502594	
216	-54.763537	6.665136	
217	-54.461830	6.446702	
218	-53.710652	5.886658	
219	-53.121249	5.746298	
220	-55.575084	3.935525	
221	-53.667051	5.355051	
222	-54.465130	4.980748	
223	-54.463068	5.046489	
224	-55.556428	3.621663	
225	-54.090739	4.953890	
226	-54.323604	5.324253	
227	-54.403525	4.382555	
228	-54.398557	5.267541	
229	-53.636068	4.432339	
230	-53.783572	5.421810	
231	-54.200138	5.205193	
232	-53.351971	5.080109	
233	-52.998719	5.078540	
234	-53.679366	5.256812	
235	-53.714053	6.073410	
236	-54.004950	6.603567	
237	-53.551690	6.786890	
238	-54.583862	11.066993	
239	-53.288024	5.956727	
240	-53.166666	6.977741	
241	-52.833140	6.767812	
242	-52.826236	9.398866	
243	-53.746148	12.401265	
244	-55.359762	10.876132	
245	-54.796075	12.301349	
246	-53.884005	11.188447	
247	-53.320860	13.118297	
248	-53.282668	11.433052	
249	-52.880099	10.566428	
250	-52.240622	9.756264	
251	-52.562304	10.819316	
252	-51.692033	10.798882	
253	-52.334397	9.138259	
254	-52.981652	9.888924	
255	-51.131474	8.069279	
256	-51.515809	10.644966	
257	-50.199434	5.619068	
258	-49.849606	6.193154	
259	-48.649118	6.200216	
260	-47.181080	6.334807	
261	-47.559208	4.163420	
262	-48.133416	4.877220	
263	-47.620354	4.221287	
264	-47.114153	5.548402	
265	-46.909806	6.328763	
266	-46.382052	6.372147	
267	-46.430137	6.317063	
268	-45.460663	5.604499	
269	-45.137457	6.805204	
270	-44.876759	8.258375	
271	-43.188821	8.326835	
272	-44.346990	8.482543	
273	-43.299603	6.440955	
274	-42.278868	7.349984	
275	-41.698904	8.333617	
276	-41.659467	8.734074	
277	-41.149274	4.246068	
278	-40.714605	4.256217	
279	-40.180334	8.451699	
280	-39.810396	8.084391	
281	-38.814175	4.629858	
282	-38.574277	8.142508	
283	-38.087225	8.151909	
284	-38.051721	7.217153	
285	-37.599577	7.486513	
286	-36.611510	7.562042	
287	-36.273951	6.280606	
288	-35.525224	6.624378	
289	-35.932449	6.541649	
290	-35.224596	5.505375	
291	-35.306032	5.163625	
292	-34.869382	5.463442	
293	-34.356981	3.710868	
294	-34.232429	4.618283	
295	-33.112297	4.963654	
296	-32.676525	5.441773	
297	-32.976009	5.598154	
298	-32.144135	3.787664	
299	-32.115553	3.528964	
300	-32.662273	3.492900	
301	-31.390454	3.424797	
302	-31.345971	3.471527	
303	-31.508882	3.547543	
304	-31.141826	3.379398	
305	-30.374918	3.127638	
306	-30.316268	4.140537	
307	-30.092151	3.068204	
308	-29.772196	2.407246	
309	-29.923381	2.959054	
310	-30.031804	2.093978	
311	-30.200439	1.096111	
312	-29.298057	1.608607	
313	-28.720222	1.662807	
314	-29.074017	1.875171	
315	-29.526764	3.102579	
316	-28.979571	2.792114	
317	-28.804447	2.479837	
318	-28.382638	0.867670	
319	-28.534693	1.993563	
320	-28.217447	2.167914	
321	-28.322178	1.970508	
322	-28.534189	2.149949	
323	-28.387166	1.958269	
324	-28.416325	0.495033	
325	-27.965075	1.250233	
326	-28.178134	0.191528	
327	-28.147583	-0.011864	
328	-27.621625	0.199334	
329	-27.492103	-0.105692	
330	-27.956065	1.246445	
331	-27.862678	0.114277	
332	-28.658735	-0.265404	
333	-28.103300	-0.498762	
334	-28.788435	-0.392587	
335	-28.272697	-0.447175	
336	-27.756025	-0.713948	
337	-28.643169	-0.615390	
338	-27.848291	-0.500767	
339	-29.202185	0.026910	
340	-27.607272	0.571236	
341	-28.538840	1.490227	
342	-28.982781	-0.434161	
343	-28.666611	1.321053	
344	-29.181587	-0.004907	
345	-29.719410	-0.042689	
346	-29.605688	0.005939	
347	-30.242533	0.254419	
348	-29.961540	-0.788094	
349	-30.458471	0.428549	
350	-31.101188	-0.884258	
351	-30.070976	-1.739159	
352	-30.286360	-0.307749	
353	-31.625859	-2.365256	
354	-31.814502	-0.831285	
355	-30.595837	-1.160528	
356	-30.612812	-1.518393	
357	-31.378392	-0.233595	
358	-31.432129	-1.507487	
359	-31.210556	-1.850225	
360	-32.200912	-2.448248	
361	-32.529946	-1.292552	
362	-32.010095	-0.282403	
363	-32.114390	-1.316047	
364	-31.735993	-1.679865	
365	-33.551457	-3.044372	
366	-32.105812	-1.574977	
367	-32.644171	-1.472171	
368	-32.948520	-0.987866	
369	-30.823669	-1.957451	
370	-30.748338	-1.030046	
371	-32.232251	0.145324	
372	-32.080005	-1.578253	
373	-32.745192	-1.409835	
374	-30.689434	1.630946	
375	-32.882534	-2.103424	
376	-33.856486	-1.750500	
377	-31.930303	-1.360761	
378	-32.589568	-0.958305	
379	-33.001128	-0.802598	
380	-32.461132	-0.954869	
381	-31.438844	0.101609	
382	-33.259758	-1.494407	
383	-32.506740	0.256244	
384	-33.264206	-2.986200	
385	-32.594887	-2.164257	
386	-33.059805	-2.702492	
387	-33.954993	-2.908119	
388	-34.039983	-2.217417	
389	-33.606411	-2.964952	
390	-33.938632	-4.481050	
391	-33.621656	-2.378130	
392	-34.654505	-5.099257	
393	-34.853422	-2.671541	
394	-34.464594	-2.260671	
395	-34.965257	-3.008976	
396	-34.883199	-2.742495	
397	-36.245965	-2.125297	
398	-35.887868	-2.449788	
399	-35.949129	-2.437807	
400	-35.780700	-3.371903	
401	-36.459804	-3.253574	
402	-35.951003	-2.596918	
403	-36.625716	-3.242759	
404	-36.594196	-3.279723	
405	-36.725433	-2.947565	
406	-35.629800	-0.890287	
407	-35.934046	-4.313602	
408	-35.647669	-3.942519	
409	-34.301388	-1.724530	
410	-36.764104	-5.509068	
411	-34.633311	-3.796880	
412	-35.330200	-4.680843	
413	-36.163216	-5.700895	
414	-36.262885	-6.263568	
415	-36.504152	-6.395894	
416	-37.650349	-7.987376	
417	-36.670633	-8.318098	
418	-38.275523	-3.538156	
419	-38.534390	-6.974771	
420	-39.038200	-4.198916	
421	-39.536023	-7.074798	
422	-40.465656	-6.191020	
423	-40.056671	-2.871738	
424	-39.996153	-5.077028	
425	-41.513791	-4.147196	
426	-41.336399	-4.649770	
427	-41.735594	-3.823521	
428	-42.204283	-4.155740	
429	-42.537957	-4.586615	
430	-41.404849	-1.586110	
431	-41.957456	-1.884320	
432	-42.119814	-0.492033	
433	-42.629794	-1.474149	
434	-44.094126	-0.674352	
435	-43.074761	-1.623522	
436	-43.606817	-2.223612	
437	-43.076540	-2.684678	
438	-43.913488	-3.294094	
439	-43.226530	-4.529339	
440	-43.671594	-3.581517	
441	-43.757496	-6.677167	
442	-44.530894	-5.464557	
443	-43.746385	-2.417728	
444	-44.665667	-3.688016	
445	-45.051604	-6.922994	
446	-45.815430	-4.209377	
447	-46.294769	-3.636980	
448	-46.510529	-8.426942	
449	-47.232132	-4.438049	
450	-46.473957	-5.203881	
451	-47.662198	-2.521547	
452	-48.241983	-2.069066	
453	-47.594134	-2.192941	
454	-48.514846	-5.112482	
455	-49.075012	-3.113613	
456	-48.276346	-4.486559	
457	-48.878993	-1.585013	
458	-49.048713	-2.216282	
459	-48.951431	1.903209	
460	-49.360642	-0.712394	
461	-49.324616	-0.775442	
462	-49.677039	-0.666369	
463	-50.047236	-1.959440	
464	-50.282247	-2.159484	
465	-50.361283	-0.481005	
466	-50.530367	-0.661039	
467	-50.908138	-0.450416	
468	-50.995875	-1.293184	
469	-51.922546	-1.481033	
470	-52.083738	-2.521292	
471	-51.829494	-2.109612	
472	-52.078341	-3.176735	
473	-52.366159	-2.409527	
474	-52.809079	-2.463895	
475	-52.746422	-3.656204	
476	-53.014349	-3.131294	
477	-53.111267	-3.143268	
478	-53.257036	-3.331795	
479	-53.494608	-4.169786	
480	-54.281846	-3.600176	
481	-54.879252	-1.498335	
482	-55.058791	-3.387547	
483	-56.370854	0.145160	
484	-55.585013	0.528133	
485	-55.134719	-2.694633	
486	-55.990481	2.160309	
487	-55.537579	-2.043568	
488	-55.761508	-3.341908	
489	-56.151534	1.411325	
490	-56.625039	-2.636273	
491	-56.364029	-2.099275	
492	-55.652561	-2.593705	
493	-56.185698	-2.908406	
494	-56.956724	0.760196	
495	-56.252121	-3.103255	
496	-56.605595	-3.146675	
497	-56.457273	-2.913870	
498	-56.473404	-3.061447	
499	-56.577662	-3.122062	
500	-56.941946	-2.703440	
501	-57.913738	0.531272	
502	-58.139210	-0.904439	
503	-57.215362	-3.638415	
504	-57.465063	-3.105570	
505	-57.953862	2.669642	
506	-57.491400	-3.883154	
507	-57.752871	-5.007210	
508	-59.079110	-5.164758	
509	-58.560142	-3.781637	
510	-59.134587	3.682535	
511	-59.059427	-7.419291	
512	-60.602567	-2.254293	
513	-59.822408	-5.536386	
514	-60.020887	-4.679845	
515	-59.715803	-5.752603	
516	-60.229872	-3.984207	
517	-61.138787	0.498663	
518	-61.174259	-6.988029	
519	-61.103097	-6.650410	
520	-62.243141	-6.183435	
521	-62.444949	-5.883957	
522	-62.373332	-7.286793	
523	-62.527586	-6.881724	
524	-62.686676	-6.576089	
525	-63.318329	-7.125910	
526	-63.593400	-8.066084	
527	-63.223941	-8.992835	
528	-63.790577	-10.367455	
529	-63.371354	-8.663276	
530	-63.932674	-8.850247	
531	-64.609278	-4.948877	
532	-64.443418	-7.846937	
533	-64.966825	-6.171641	
534	-64.953099	-7.997543	
535	-64.798606	-8.280129	
536	-65.236600	-7.233658	
537	-65.346727	-6.745251	
538	-65.497904	-7.780457	
539	-65.539803	-7.044273	
540	-65.370678	-5.866078	
541	-66.111943	-7.910585	
542	-66.158780	-8.124660	
543	-66.325076	-6.756890	
544	-66.811876	-7.494304	
545	-67.260633	-9.113125	
546	-66.505145	-6.025667	
547	-67.190746	-8.403679	
548	-67.072749	-7.064655	
549	-67.355549	-5.837323	
550	-67.999138	-7.085222	
551	-67.919440	-7.214048	
552	-68.498195	-5.075314	
553	-68.025388	-5.862166	
554	-67.868769	-6.962962	
555	-68.719482	-5.893795	
556	-68.603966	-4.613907	
557	-68.861544	-3.720998	
558	-69.065261	-4.039873	
559	-68.902079	-4.788135	
560	-69.354059	-0.244024	
561	-69.115985	-1.816065	
562	-68.861889	-2.148217	
563	-68.766360	-1.291003	
564	-68.943524	-1.271596	
565	-68.746451	-0.302870	
566	-68.422130	0.629787	
567	-68.881197	1.348733	
568	-69.084602	2.919610	
569	-67.997152	0.351733	
570	-67.787181	1.325395	
571	-68.114828	0.935816	
572	-67.258597	1.997743	
573	-67.353301	1.759911	
574	-66.227673	1.030394	
575	-65.601579	1.806683	
576	-65.141967	2.832395	
577	-64.903453	3.520996	
578	-64.204749	2.017161	
579	-62.501543	1.462945	
580	-62.803766	3.080863	
581	-62.728430	4.374265	
582	-61.190670	2.280107	
583	-61.736187	3.347745	
584	-61.546610	3.230828	
585	-60.983663	5.800119	
586	-59.981561	4.664637	
587	-59.930633	5.599119	
588	-60.044002	9.910374	
589	-59.039002	5.140840	
590	-58.654588	5.447179	
591	-57.138352	4.748295	
592	-57.118686	5.702848	
593	-56.553894	6.885206	
594	-55.839523	4.117833	
595	-55.069345	3.662433	
596	-53.954125	4.628510	
597	-53.968675	3.782025	
598	-53.840153	7.309446	
599	-52.112529	5.348413	
600	-50.593443	2.470264	
601	-51.166769	3.510131	
602	-50.941168	2.326580	
603	-49.189360	1.545688	
604	-49.380543	3.416354	
605	-48.882891	2.186370	
606	-48.868880	3.092555	
607	-47.639977	3.277131	
608	-46.732834	1.218988	
609	-46.488724	3.434701	
610	-45.784233	1.968577	
611	-45.773633	3.425253	
612	-43.962420	2.220471	
613	-43.988424	2.473472	
614	-43.602273	2.006180	
615	-42.871365	1.984550	
616	-42.341862	1.701646	
617	-42.228391	2.084510	
618	-41.259146	1.760665	
619	-40.492488	2.467108	
620	-39.164809	2.343477	
621	-39.528060	4.501595	
622	-38.567534	3.501568	
623	-38.825833	2.130904	
624	-38.578518	4.134926	
625	-37.545791	2.222440	
626	-37.232196	2.874574	
627	-36.724895	2.994008	
628	-36.341126	3.279191	
629	-36.617787	1.296952	
630	-36.069622	3.543822	
631	-35.455383	6.458685	
632	-35.215585	2.523768	
633	-34.872789	2.680428	
634	-33.356990	5.198004	
635	-33.323655	5.754053	
636	-33.969408	1.587801	
637	-33.140650	1.598956	
638	-33.202812	1.837931	
639	-32.799643	0.503333	
640	-32.012207	1.129214	
641	-32.519804	-0.493355	
642	-31.660873	0.023100	
643	-31.826131	0.049834	
644	-31.370288	0.819534	
645	-30.733540	-0.437987	
646	-30.839239	0.605974	
647	-30.666139	1.461429	
648	-30.634455	0.685584	
649	-30.321758	1.423715	
650	-30.170621	0.324805	
651	-29.585842	1.334573	
652	-29.243929	2.110746	
653	-29.308799	-0.352301	
654	-29.841125	0.652593	
655	-28.942688	1.111822	
656	-29.070653	0.668691	
657	-29.054543	1.032764	
658	-29.212363	-0.045123	
659	-28.284210	0.375406	
660	-28.864633	0.923163	
661	-29.712494	-0.910966	
662	-28.459133	0.218276	
663	-28.422655	-0.277093	
664	-28.480581	0.508145	
665	-28.968087	-0.418818	
666	-28.194629	0.079862	
667	-28.368054	1.496558	
668	-29.373408	0.718702	
669	-28.614621	0.822336	
670	-29.411383	-0.670381	
671	-29.164629	0.369796	
672	-29.087100	0.517565	
673	-29.591411	0.863879	
674	-30.225057	-0.299842	
675	-30.853570	-0.842865	
676	-30.333910	0.673927	
677	-31.167151	0.343267	
678	-31.073577	2.326945	
679	-31.433406	1.816464	
680	-31.313449	3.139926	
681	-31.133968	3.097197	
682	-32.183451	1.995288	
683	-32.649562	2.651153	
684	-32.862369	1.854514	
685	-33.315654	2.300194	
686	-33.868220	1.706843	
687	-33.694059	2.748474	
688	-34.287262	3.520865	
689	-34.577769	3.031084	
690	-35.096957	4.743562	
691	-35.037576	3.799370	
692	-34.551963	4.146183	
693	-34.699237	3.491570	
694	-34.678743	3.096753	
695	-35.407563	2.374565	
696	-34.794559	2.420272	
697	-34.818395	4.209862	
698	-34.908969	3.353688	
699	-34.760985	3.443437	
700	-34.828975	2.563331	
701	-34.195790	4.020176	
702	-34.427329	1.786793	
703	-33.762343	2.220024	
704	-33.506532	1.737426	
705	-33.817267	2.676087	
706	-33.130232	0.472154	
707	-33.704551	2.957170	
708	-33.915271	1.276085	
709	-33.437899	1.417397	
710	-34.038365	1.060509	
711	-34.956282	-1.068239	
712	-34.632367	-1.348608	
713	-35.158413	0.117888	
714	-35.217164	-3.249033	
715	-35.099752	-3.171319	
716	-36.111088	-0.992500	
717	-36.553004	-1.051478	
718	-35.945908	-4.607024	
719	-36.750729	-3.690924	
720	-37.163569	-1.996543	
721	-36.870110	-3.008923	
722	-36.487550	-4.694474	
723	-37.909949	-0.480185	
724	-38.071930	-0.034954	
725	-37.842147	-0.089752	
726	-37.809282	1.250547	
727	-37.426687	0.825722	
728	-37.214290	0.788631	
729	-37.453539	-0.574597	
730	-36.960051	1.026704	
731	-37.512217	0.323680	
732	-37.821641	-2.548865	
733	-37.996183	-1.912624	
734	-37.567298	-1.148133	
735	-38.662967	-3.296225	
736	-38.630333	-4.423305	
737	-39.404876	-4.705612	
738	-40.362968	-5.113018	
739	-39.427314	-2.624800	
740	-40.764069	-3.374184	
741	-41.076778	-3.154735	
742	-41.493245	-3.135781	
743	-42.061449	-0.898675	
744	-42.053878	-0.445933	
745	-42.760738	-1.524534	
746	-42.744506	0.898615	
747	-43.914557	1.137010	
748	-44.750373	2.254356	
749	-44.286952	3.049862	
750	-44.558129	2.585761	
751	-43.764421	2.561214	
752	-44.396003	2.675896	
753	-44.824573	0.841919	
754	-44.846927	0.266793	
755	-45.191103	-1.001059	
756	-44.117433	-0.465494	
757	-44.775010	-1.168846	
758	-44.433866	-3.283414	
759	-44.417215	-3.718843	
760	-44.176126	-2.950591	
761	-45.147674	-2.152218	
762	-45.369402	-3.328814	
763	-45.515679	-3.712441	
764	-44.993576	-4.219796	
765	-46.304724	-2.964233	
766	-45.438581	-4.774616	
767	-46.690183	-4.403516	
768	-46.887584	-3.422624	
769	-46.578464	-3.831207	
770	-47.163099	-3.765921	
771	-47.422833	-3.505809	
772	-47.508153	-1.979212	
773	-47.965550	-2.918296	
774	-47.780170	-2.247614	
775	-49.051798	-0.919474	
776	-49.219677	-0.423101	
777	-48.909611	-1.842681	
778	-50.134488	-1.351793	
779	-50.015486	-1.030881	
780	-50.399447	-2.380137	
781	-50.260948	-2.406125	
782	-50.406283	-2.000068	
783	-50.833207	-2.421430	
784	-51.039662	-3.624075	
785	-51.265878	-3.718438	
786	-50.896839	-4.598541	
787	-51.712140	-3.140452	
788	-51.683517	-4.848388	
789	-52.433041	-4.517647	
790	-51.852999	-5.871337	
791	-52.937910	-2.557573	
792	-52.955200	-3.876458	
793	-53.099700	-4.805770	
794	-53.846036	-4.310460	
795	-54.375620	-4.386796	
796	-54.679606	-4.181451	
797	-55.201339	-2.670723	
798	-55.467930	-2.601083	
799	-55.129837	-3.382143	
800	-55.433784	-3.443763	
801	-54.923428	-3.202879	
802	-56.022467	-1.740748	
803	-55.806493	-4.836581	
804	-55.855768	-2.985828	
805	-55.822110	-2.006478	
806	-56.220096	-3.626463	
807	-56.584426	-3.980925	
808	-57.462899	-2.994018	
809	-56.356768	-5.705371	
810	-56.089304	-4.655080	
811	-57.187077	-3.548728	
812	-57.054714	-4.704955	
813	-57.551086	-5.698089	
814	-57.351993	-4.898885	
815	-57.901521	-6.592882	
816	-58.849792	-5.923422	
817	-58.941640	-5.086596	
818	-57.697174	-4.675510	
819	-58.823361	-5.273426	
820	-59.771351	-5.530847	
821	-60.077066	-5.474367	
822	-59.477931	-6.070151	
823	-59.586042	-5.478830	
824	-59.918404	-6.955288	
825	-61.007693	-5.889714	
826	-61.465565	-4.386231	
827	-60.951889	-6.905022	
828	-61.410472	-6.737635	
829	-61.941900	-7.706778	
830	-62.559368	-8.329064	
831	-62.840250	-7.726208	
832	-62.352866	-8.687840	
833	-62.903503	-8.329893	
834	-64.304402	-9.390018	
835	-64.023314	-9.154795	
836	-64.382048	-10.899156	
837	-64.450121	-10.579525	
838	-65.250447	-10.442775	
839	-64.655806	-10.170822	
840	-64.894571	-9.431234	
841	-66.038160	-9.497873	
842	-65.898705	-9.559005	
843	-66.397058	-8.130203	
844	-66.116142	-8.951974	
845	-65.622282	-9.746813	
846	-65.262889	-7.612665	
847	-67.039928	-7.436540	
848	-67.387614	-9.081182	
849	-67.277321	-8.002853	
850	-67.306191	-9.292381	
851	-67.226130	-7.568089	
852	-67.100459	-6.266297	
853	-66.935761	-8.800309	
854	-67.170061	-7.831251	
855	-67.185217	-9.173641	
856	-67.181314	-8.075597	
857	-67.447683	-7.554625	
858	-67.220249	-8.535137	
859	-67.555986	-8.971372	
860	-67.322011	-8.446716	
861	-66.814013	-7.896115	
862	-66.836088	-7.226088	
863	-66.577182	-6.256295	
864	-66.795841	-7.042841	
865	-66.764825	-7.686330	
866	-67.794699	-6.124228	
867	-66.864429	-4.756215	
868	-68.029326	-5.835267	
869	-67.056397	-6.359365	
870	-66.262255	-6.607826	
871	-66.739833	-4.387083	
872	-66.611705	-4.179290	
873	-66.672065	-4.513134	
874	-66.733924	-3.377962	
875	-67.644685	-5.324442	
876	-67.654943	-3.539840	
877	-66.728843	-1.189472	
878	-65.928473	-2.448187	
879	-66.241156	-2.005777	
880	-65.348641	-2.588658	
881	-64.557802	-0.537759	
882	-64.020631	-0.814635	
883	-63.620396	-1.061292	
884	-62.839711	-1.994708	
885	-63.729955	0.391443	
886	-63.024651	-1.278579	
887	-62.327402	-1.172075	
888	-61.266546	-0.625003	
889	-61.107223	-2.347163	
890	-60.568385	-0.646235	
891	-58.451326	0.729107	
892	-58.248427	0.627062	
893	-58.620144	2.072628	
894	-57.799563	0.797425	
895	-58.926284	0.784053	
896	-58.598200	3.966627	
897	-56.425761	2.663426	
898	-56.547193	2.497448	
899	-55.931603	1.808192	
900	-55.661765	3.066281	
901	-54.682864	3.177461	
902	-54.448925	2.823751	
903	-53.548867	2.628354	
904	-51.768615	2.276508	
905	-51.751067	3.398666	
906	-52.401720	3.333605	
907	-50.070837	4.842422	
908	-50.594867	2.359594	
909	-50.450174	6.091387	
910	-48.515843	1.363335	
911	-48.140260	4.305040	
912	-49.708254	3.726539	
913	-48.258596	1.833138	
914	-47.054266	2.336227	
915	-47.297475	1.586432	
916	-45.684878	2.437611	
917	-47.380930	4.694942	
918	-45.711510	1.489672	
919	-42.943308	1.621948	
920	-41.870780	1.257877	
921	-42.218524	0.495927	
922	-41.597407	1.492000	
923	-42.364634	2.077546	
924	-41.787629	1.371275	
925	-39.760293	0.936584	
926	-38.007356	0.504193	
927	-38.906085	0.939455	
928	-38.682916	1.915401	
929	-38.703277	1.960149	
930	-38.206609	-0.101531	
931	-37.447618	0.351068	
932	-37.324022	0.015455	
933	-37.511355	0.710016	
934	-36.190924	1.419432	
935	-37.610971	1.964898	
936	-38.280642	3.487578	
937	-35.773324	0.325145	
938	-37.062985	0.338686	
939	-37.164756	-0.857150	
940	-35.844548	-1.134303	
941	-35.741563	0.493674	
942	-35.796307	0.698888	
943	-32.933442	-1.426345	
944	-33.358718	-2.083763	
945	-35.468133	0.360357	
946	-33.824563	-1.152744	
947	-33.970915	0.157669	
948	-32.262876	-0.746822	
949	-30.038239	-0.385705	
950	-31.076854	-0.865606	
951	-32.077137	-2.009815	
952	-30.782244	-1.919620	
953	-30.634106	-1.700011	
954	-30.773154	-2.206751	
955	-29.329437	-2.286553	
956	-29.673829	-1.139214	
957	-30.697541	-1.603817	
958	-29.869560	-1.548182	
959	-28.514387	-2.131281	
960	-30.090938	-1.812538	
961	-30.006612	-2.003124	
962	-28.488730	-0.785944	
963	-28.197371	-2.021767	
964	-28.245657	-1.882775	
965	-27.943634	-2.138915	
966	-26.704188	-0.659821	
967	-26.616400	-1.104202	
968	-27.507710	-1.214397	
969	-27.170229	-0.557748	
970	-27.817441	0.377936	
971	-28.566742	-0.581487	
972	-27.637198	-1.564663	
973	-27.455814	-1.684020	
974	-26.200546	-0.796461	
975	-27.836718	-2.843285	
976	-28.027598	-2.315713	
977	-27.305071	-3.923666	
978	-26.927313	-2.961341	
979	-27.994523	-2.782729	
980	-27.258572	-2.918233	
981	-32.841710	0.133773	
982	-32.741560	-0.460997	
983	-33.126672	0.358243	
984	-34.002691	0.806406	
985	-33.268567	1.549881	
986	-32.411143	0.636044	
987	-34.998276	0.878834	
988	-35.045160	1.205131	
989	-35.178899	2.550856	
990	-34.787513	-0.717636	
991	-36.111660	2.289268	
992	-37.715876	4.051508	
993	-35.504066	5.115656	
994	-37.781859	5.387232	
995	-36.844259	3.658356	
996	-38.261527	2.456443	
997	-36.779244	3.036034	
998	-37.844399	3.123942	
999	-37.947350	5.041569	
1000	-38.208244	5.558989	
1001	-40.318401	6.454955	
1002	-42.199105	5.443428	
1003	-40.885223	6.102712	
1004	-39.367153	5.859686	
1005	-41.020439	5.477580	
1006	-40.722162	4.449626	
1007	-39.965779	4.788822	
1008	-36.701560	7.467288	
1009	-41.372462	1.818070	
1010	-37.327138	2.113681	
1011	-36.661652	2.743260	
1012	-38.355404	6.669864	
1013	-36.858151	-3.290887	
1014	-35.007928	3.787899	
1015	-38.367489	3.324261	
1016	-39.077097	2.035369	
1017	-38.408300	2.239375	
1018	-37.222487	1.240846	
1019	-37.007308	-1.097914	
1020	-37.705046	-0.639002	
1021	-37.179806	-1.929579	
1022	-39.915758	-0.352280	
1023	-38.355598	-4.324478	
1024	-35.398429	0.149143	
1025	-37.720815	-1.625929	
1026	-37.080204	-1.418986	
1027	-37.975139	-1.498277	
1028	-36.421903	-1.175478	
1029	-37.899263	-3.650339	
1030	-37.303297	-1.657410	
1031	-38.586696	-2.172496	
1032	-38.946788	-1.625733	
1033	-38.018736	1.961288	
1034	-37.856275	3.155872	
1035	-41.251617	0.657225	
1036	-39.906936	1.887103	
1037	-42.315395	-0.728964	
1038	-39.878169	2.375070	
1039	-39.188231	1.637052	
1040	-35.652298	1.960378	
1041	-40.472670	3.690784	
1042	-37.023888	2.676307	
1043	-37.154268	2.176145	
1044	-41.048488	-0.029326	
1045	NaN	NaN	
1046	-40.099868	-1.424650	
1047	-39.661988	-1.642329	
1048	-42.440276	-3.282149	
1049	-43.637228	-3.773572	
1050	-42.076263	-2.950234	
1051	-41.241049	-2.985632	
1052	-42.710585	-3.180653	
1053	-42.078647	-5.258033	
1054	-45.530129	-4.585026	
1055	-44.001556	-4.285267	
1056	-43.824290	-3.501146	
1057	-43.387112	-1.853512	
1058	-43.784935	-1.562022	
1059	-45.019312	-1.515049	
1060	-45.553388	-0.802804	
1061	-47.703273	1.313332	
1062	-45.744839	2.222032	
1063	-46.487682	0.531342	
1064	-46.969378	1.124796	
1065	-47.576973	1.921356	
1066	-45.096172	-0.443719	
1067	-48.207659	-1.499408	
1068	NaN	NaN	
1069	-44.888718	-4.606178	
1070	-49.427715	-2.433361	
1071	-47.634188	-0.894263	
1072	-47.042605	-5.295304	
1073	-47.538033	-4.612808	
1074	-49.157795	-3.944546	
1075	-49.126938	-5.211214	
1076	NaN	NaN	
1077	NaN	NaN	
1078	NaN	NaN	
1079	NaN	NaN	
1080	NaN	NaN	
1081	NaN	NaN	
1082	NaN	NaN	
1083	NaN	NaN	
1084	NaN	NaN	
1085	NaN	NaN	
1086	NaN	NaN	
1087	NaN	NaN	
1088	NaN	NaN	
1089	NaN	NaN	
1090	NaN	NaN	
1091	NaN	NaN	
1092	NaN	NaN	
1093	NaN	NaN	
1094	NaN	NaN	
1095	NaN	NaN	
1096	NaN	NaN	
1097	NaN	NaN	
1098	NaN	NaN	
1099	NaN	NaN	
1100	NaN	NaN	
1101	NaN	NaN	
1102	NaN	NaN	
1103	NaN	NaN	
1104	NaN	NaN	
1105	NaN	NaN	
1106	NaN	NaN	
1107	NaN	NaN	
1108	NaN	NaN	
1109	NaN	NaN	
1110	NaN	NaN	
1111	NaN	NaN	
1112	NaN	NaN	
1113	NaN	NaN	
1114	NaN	NaN	
1115	NaN	NaN	
1116	NaN	NaN	
1117	NaN	NaN	
1118	NaN	NaN	
1119	NaN	NaN	
1120	NaN	NaN	
1121	NaN	NaN	
1122	NaN	NaN	
1123	NaN	NaN	
1124	NaN	NaN	
1125	NaN	NaN	
1126	NaN	NaN	
1127	NaN	NaN	
1128	NaN	NaN	
1129	NaN	NaN	
1130	27.034884	-83.839037	
1131	47.898814	-84.179556	
1132	NaN	NaN	
1133	NaN	NaN	
1134	NaN	NaN	
1135	NaN	NaN	
1136	NaN	NaN	
1137	NaN	NaN	
1138	NaN	NaN	
1139	NaN	NaN	
1140	NaN	NaN	
1141	NaN	NaN	
1142	NaN	NaN	
1143	NaN	NaN	
1144	NaN	NaN	
1145	NaN	NaN	
1146	NaN	NaN	
1147	NaN	NaN	
1148	NaN	NaN	
1149	NaN	NaN	
1150	NaN	NaN	
1151	NaN	NaN	
1152	NaN	NaN	
1153	NaN	NaN	
1154	NaN	NaN	
1155	NaN	NaN	
1156	NaN	NaN	
1157	NaN	NaN	
1158	NaN	NaN	
1159	NaN	NaN	
1160	NaN	NaN	
1161	NaN	NaN	
1162	NaN	NaN	
1163	NaN	NaN	
1164	NaN	NaN	
1165	NaN	NaN	
1166	NaN	NaN	
1167	NaN	NaN	
1168	NaN	NaN	
1169	NaN	NaN	
1170	NaN	NaN	
1171	NaN	NaN	
1172	NaN	NaN	
1173	NaN	NaN	
1174	NaN	NaN	
1175	NaN	NaN	
1176	NaN	NaN	
1177	NaN	NaN	
1178	NaN	NaN	
1179	NaN	NaN	
1180	NaN	NaN	
1181	NaN	NaN	
1182	NaN	NaN	
1183	NaN	NaN	
1184	NaN	NaN	
1185	NaN	NaN	
1186	NaN	NaN	
1187	NaN	NaN	
1188	NaN	NaN	
1189	NaN	NaN	
1190	NaN	NaN	
1191	NaN	NaN	
1192	NaN	NaN	
1193	NaN	NaN	
1194	NaN	NaN	
1195	NaN	NaN	
1196	NaN	NaN	
1197	NaN	NaN	
1198	NaN	NaN	
1199	NaN	NaN	
1200	NaN	NaN	
1201	NaN	NaN	
1202	NaN	NaN	
1203	NaN	NaN	
1204	NaN	NaN	
1205	NaN	NaN	
1206	NaN	NaN	
1207	NaN	NaN	
1208	NaN	NaN	
1209	NaN	NaN	
1210	NaN	NaN	
1211	NaN	NaN	
1212	NaN	NaN	
1213	NaN	NaN	
1214	NaN	NaN	
1215	NaN	NaN	
1216	NaN	NaN	
1217	NaN	NaN	
1218	NaN	NaN	
1219	NaN	NaN	
1220	NaN	NaN	
1221	NaN	NaN	
1222	NaN	NaN	
1223	NaN	NaN	
1224	NaN	NaN	
1225	NaN	NaN	
1226	NaN	NaN	
1227	NaN	NaN	
1228	NaN	NaN	
1229	NaN	NaN	
1230	NaN	NaN	
1231	NaN	NaN	
1232	NaN	NaN	
1233	NaN	NaN	
1234	NaN	NaN	
1235	NaN	NaN	
1236	NaN	NaN	
1237	NaN	NaN	
1238	NaN	NaN	
1239	NaN	NaN	
1240	NaN	NaN	
1241	NaN	NaN	
1242	NaN	NaN	
1243	NaN	NaN	
1244	NaN	NaN	
1245	NaN	NaN	
1246	NaN	NaN	
1247	NaN	NaN	
1248	NaN	NaN	
1249	NaN	NaN	
1250	NaN	NaN	
1251	NaN	NaN	
1252	NaN	NaN	
1253	NaN	NaN	
1254	NaN	NaN	
1255	NaN	NaN	
1256	NaN	NaN	
1257	NaN	NaN	
1258	NaN	NaN	
1259	NaN	NaN	
1260	NaN	NaN	
1261	NaN	NaN	
1262	NaN	NaN	
1263	NaN	NaN	
1264	NaN	NaN	
1265	NaN	NaN	
1266	NaN	NaN	
1267	NaN	NaN	
1268	NaN	NaN	
1269	NaN	NaN	
1270	NaN	NaN	
1271	NaN	NaN	
1272	NaN	NaN	
1273	NaN	NaN	
1274	NaN	NaN	
1275	NaN	NaN	
1276	NaN	NaN	
1277	NaN	NaN	
1278	NaN	NaN	
1279	NaN	NaN	
1280	NaN	NaN	
1281	NaN	NaN	
1282	NaN	NaN	
1283	NaN	NaN	
1284	NaN	NaN	
1285	NaN	NaN	
1286	NaN	NaN	
1287	NaN	NaN	
1288	NaN	NaN	
1289	NaN	NaN	
1290	NaN	NaN	
1291	NaN	NaN	
1292	NaN	NaN	
1293	NaN	NaN	
1294	NaN	NaN	
1295	NaN	NaN	
1296	NaN	NaN	
1297	NaN	NaN	
1298	NaN	NaN	
1299	NaN	NaN	
1300	NaN	NaN	
1301	NaN	NaN	
1302	NaN	NaN	
1303	NaN	NaN	
1304	NaN	NaN	
1305	NaN	NaN	
1306	NaN	NaN	
1307	NaN	NaN	
1308	NaN	NaN	
1309	NaN	NaN	
1310	NaN	NaN	
1311	NaN	NaN	
1312	NaN	NaN	
1313	NaN	NaN	
1314	NaN	NaN	
1315	NaN	NaN	
1316	NaN	NaN	
1317	NaN	NaN	
1318	NaN	NaN	
1319	NaN	NaN	
1320	NaN	NaN	
1321	NaN	NaN	
1322	NaN	NaN	
1323	NaN	NaN	
1324	NaN	NaN	
1325	NaN	NaN	
1326	NaN	NaN	
1327	NaN	NaN	
1328	NaN	NaN	
1329	NaN	NaN	
1330	NaN	NaN	
1331	NaN	NaN	
1332	NaN	NaN	
1333	NaN	NaN	
1334	NaN	NaN	
1335	NaN	NaN	
1336	NaN	NaN	
1337	NaN	NaN	
1338	NaN	NaN	
1339	NaN	NaN	
1340	NaN	NaN	
1341	NaN	NaN	
1342	NaN	NaN	
1343	NaN	NaN	
1344	NaN	NaN	
1345	NaN	NaN	
1346	NaN	NaN	
1347	NaN	NaN	
1348	NaN	NaN	
1349	NaN	NaN	
1350	NaN	NaN	
1351	NaN	NaN	
1352	NaN	NaN	
1353	NaN	NaN	
1354	NaN	NaN	
1355	NaN	NaN	
1356	NaN	NaN	
1357	NaN	NaN	
1358	NaN	NaN	
1359	NaN	NaN	
1360	NaN	NaN	
1361	NaN	NaN	
1362	NaN	NaN	
1363	NaN	NaN	
1364	NaN	NaN	
1365	NaN	NaN	
1366	NaN	NaN	
1367	NaN	NaN	
1368	NaN	NaN	
1369	NaN	NaN	
1370	NaN	NaN	
1371	NaN	NaN	
1372	NaN	NaN	
1373	NaN	NaN	
1374	NaN	NaN	
1375	NaN	NaN	
1376	NaN	NaN	
1377	NaN	NaN	
1378	NaN	NaN	
1379	NaN	NaN	
1380	NaN	NaN	
1381	NaN	NaN	
1382	NaN	NaN	
1383	NaN	NaN	
1384	NaN	NaN	
1385	NaN	NaN	
1386	NaN	NaN	
1387	NaN	NaN	
1388	NaN	NaN	
1389	NaN	NaN	
1390	NaN	NaN	
1391	NaN	NaN	
1392	NaN	NaN	
1393	NaN	NaN	
1394	NaN	NaN	
1395	NaN	NaN	
1396	NaN	NaN	
1397	NaN	NaN	
1398	NaN	NaN	
1399	NaN	NaN	
1400	NaN	NaN	
1401	NaN	NaN	
1402	NaN	NaN	
1403	NaN	NaN	
1404	NaN	NaN	
1405	NaN	NaN	
1406	NaN	NaN	
1407	NaN	NaN	
1408	NaN	NaN	
1409	NaN	NaN	
1410	NaN	NaN	
1411	NaN	NaN	
1412	NaN	NaN	
1413	NaN	NaN	
1414	NaN	NaN	
1415	NaN	NaN	
1416	NaN	NaN	
1417	NaN	NaN	
1418	NaN	NaN	
1419	NaN	NaN	
1420	NaN	NaN	
1421	NaN	NaN	
1422	NaN	NaN	
