Athlete_Engineering	// User ID
11-2-2021	// Evaluation date
P012_Walk6	30-1-2021	11:59:09:117	// Source file name and timestamp
250.000	// Sampling rate
4.667	// Data capture period



Sample #	Right_Leg_Flexion	Right_Leg_Abduction	
0	-67.642731	32.695620	
1	-67.511758	32.433096	
2	-67.565375	32.392043	
3	-67.414516	32.168429	
4	-67.632786	32.614667	
5	-67.108876	31.774101	
6	-67.367998	32.421497	
7	-67.096683	31.837300	
8	-67.098883	31.945290	
9	-67.110156	31.723930	
10	-67.335185	31.592689	
11	-67.413655	31.939249	
12	-67.142926	32.286166	
13	-67.157415	31.887862	
14	-67.376458	32.189293	
15	-67.327327	31.457692	
16	-67.206505	31.693536	
17	-67.380352	32.209450	
18	-67.380321	31.788532	
19	-67.417736	32.055506	
20	-67.246733	32.050984	
21	-67.180012	32.565015	
22	-67.240189	32.224926	
23	-67.475762	32.553528	
24	-68.217508	33.430689	
25	-67.735066	33.475829	
26	-67.752833	33.198057	
27	-68.083989	33.057508	
28	-67.738774	32.838112	
29	-68.054901	33.383873	
30	-68.219383	33.596130	
31	-67.691476	32.699409	
32	-67.441227	32.231894	
33	-67.566395	32.235328	
34	-67.436165	32.478817	
35	-67.419150	31.744267	
36	-67.401469	32.749280	
37	-67.370271	32.301637	
38	-67.446474	32.209796	
39	-67.290331	31.555930	
40	-67.477276	31.789739	
41	-67.372423	31.900772	
42	-68.131112	32.199097	
43	-67.470873	31.865549	
44	-68.060407	31.993932	
45	-67.640964	31.227190	
46	-67.624132	31.658147	
47	-68.040203	31.836236	
48	-68.019587	31.646878	
49	-68.215221	31.618131	
50	-67.501371	31.131710	
51	-67.422753	30.716393	
52	-67.492242	31.150439	
53	-67.354719	30.984311	
54	-67.528022	30.743592	
55	-68.096525	32.127129	
56	-68.087385	31.525750	
57	-67.994359	31.421029	
58	-67.519749	31.281533	
59	-68.054143	31.075627	
60	-67.504923	31.000732	
61	-67.618739	31.399162	
62	-67.481150	31.489376	
63	-67.882388	32.042921	
64	-67.508074	31.634689	
65	-67.487985	32.393264	
66	-67.600860	32.229226	
67	-67.423893	32.086991	
68	-67.582387	32.588230	
69	-67.859840	32.917232	
70	-67.411542	31.746477	
71	-67.603474	32.908411	
72	-67.715768	33.546733	
73	-67.556568	33.381762	
74	-68.098469	33.864356	
75	-67.620760	33.160487	
76	-67.603078	33.866021	
77	-67.555461	33.824454	
78	-67.566714	34.133012	
79	-67.549566	34.444694	
80	-67.624961	33.880963	
81	-67.525157	34.775280	
82	-67.527950	33.988860	
83	-67.174210	33.427797	
84	-67.226761	34.107829	
85	-67.162454	33.790849	
86	-67.211096	33.925665	
87	-66.979964	33.249874	
88	-66.953309	33.839539	
89	-67.271895	34.913998	
90	-67.305148	35.081277	
91	-67.199473	35.071827	
92	-67.053342	34.853886	
93	-67.055297	34.054104	
94	-67.206015	36.999028	
95	-67.711306	35.142657	
96	-67.987925	35.478018	
97	-67.687311	35.239633	
98	-67.301028	34.968029	
99	-67.381741	35.316343	
100	-67.499464	34.870062	
101	-68.128490	35.720964	
102	-67.631142	35.331300	
103	-67.837896	35.156505	
104	-67.834676	35.426624	
105	-67.701594	35.615790	
106	-67.546468	36.007957	
107	-67.888420	35.836200	
108	-67.351066	34.676273	
109	-67.269048	34.469354	
110	-67.402482	34.725294	
111	-67.194020	34.949259	
112	-67.040785	35.174094	
113	-66.980094	35.284114	
114	-67.098426	34.540293	
115	-67.369477	35.643516	
116	-67.140919	36.578396	
117	-66.697628	36.055132	
118	-66.549451	35.190211	
119	-66.648208	34.691827	
120	-66.302480	35.652089	
121	-66.297437	34.964376	
122	-65.849804	34.725430	
123	-65.802619	34.925853	
124	-65.534056	32.595062	
125	-64.995199	34.452008	
126	-64.712563	33.509166	
127	-64.279320	31.160961	
128	-63.957968	36.838954	
129	-64.114567	36.118121	
130	-63.449092	34.818029	
131	-63.003924	34.704757	
132	-62.478170	33.768664	
133	-62.567714	35.924572	
134	-61.489210	34.708439	
135	-60.796648	33.653183	
136	-60.184135	33.879990	
137	-59.448273	33.173413	
138	-58.521366	33.306216	
139	-57.813494	32.720611	
140	-56.940698	33.042090	
141	-56.597466	32.600413	
142	-55.355179	31.800377	
143	-54.096666	31.359565	
144	-53.696395	30.871278	
145	-52.868144	30.472936	
146	-51.913415	29.961577	
147	-50.728025	28.806177	
148	-49.903483	29.742109	
149	-49.326947	29.086337	
150	-48.287829	27.698103	
151	-47.446115	27.843675	
152	-46.390594	28.341841	
153	-45.617607	28.010745	
154	-44.784159	27.163969	
155	-44.316225	27.193872	
156	-43.640768	26.825640	
157	-43.017987	28.268990	
158	-42.452197	29.492392	
159	-41.481276	29.670890	
160	-41.459924	29.012212	
161	-40.618532	27.061238	
162	-40.103064	28.273327	
163	-40.163265	27.924272	
164	-39.908981	27.533978	
165	-38.838903	26.727438	
166	-38.661946	27.508009	
167	-38.431908	26.301388	
168	-37.485981	26.091306	
169	-37.222570	25.487022	
170	-36.175427	25.626208	
171	-36.106832	25.459991	
172	-34.970285	24.746844	
173	-34.380425	24.291720	
174	-33.931226	23.643307	
175	-33.942613	23.409579	
176	-33.120335	22.775963	
177	-32.719598	22.350165	
178	-31.635076	22.487064	
179	-31.512418	21.558741	
180	-31.357878	20.964119	
181	-30.350473	21.720497	
182	-30.473313	20.933334	
183	-29.553473	21.518722	
184	-30.379397	20.391112	
185	-29.965785	19.848890	
186	-29.521571	19.397032	
187	-29.556042	19.406523	
188	-29.216410	20.653193	
189	-29.630338	19.172834	
190	-29.035590	19.570710	
191	-29.524649	18.941476	
192	-29.176776	18.814866	
193	-29.496835	18.383396	
194	-28.818977	18.620313	
195	-29.226634	17.665050	
196	-28.795448	17.539713	
197	-29.007566	16.578997	
198	-29.281787	16.133708	
199	-28.798484	16.440264	
200	-28.523796	16.900191	
201	-28.867103	16.017223	
202	-29.129156	15.608460	
203	-28.640620	15.706424	
204	-29.184484	16.017662	
205	-29.332972	14.904553	
206	-29.500545	15.190643	
207	-29.820723	14.798063	
208	-30.011624	15.360426	
209	-29.383080	16.075202	
210	-30.303825	14.790175	
211	-30.130018	15.382224	
212	-30.430160	14.676646	
213	-30.867548	14.714907	
214	-31.122278	14.626218	
215	-30.777687	15.532776	
216	-31.323314	14.701218	
217	-31.537837	14.621236	
218	-31.657764	14.846399	
219	-31.699904	14.965990	
220	-31.655958	14.709789	
221	-32.413787	14.396859	
222	-32.838367	14.625222	
223	-33.255311	13.867678	
224	-32.977767	14.887633	
225	-33.310346	14.498704	
226	-33.554811	13.971041	
227	-34.167990	13.876726	
228	-33.187228	14.705645	
229	-34.166777	14.015647	
230	-33.980300	13.982863	
231	-34.325147	14.183044	
232	-34.442452	14.291410	
233	-33.831254	14.389736	
234	-34.472880	14.206004	
235	-34.641905	14.516276	
236	-34.186286	13.660628	
237	-34.338989	14.148428	
238	-34.397675	14.800366	
239	-34.289127	15.216931	
240	-34.335441	14.293723	
241	-34.623131	15.059728	
242	-34.685209	14.517265	
243	-34.639323	14.444453	
244	-34.557954	15.944136	
245	-34.530779	16.242171	
246	-34.609157	16.230600	
247	-35.276864	15.242060	
248	-34.872361	16.955500	
249	-35.268952	16.300803	
250	-35.769669	16.070794	
251	-36.056985	16.301711	
252	-36.076229	16.305314	
253	-36.117989	16.826835	
254	-36.762240	15.674711	
255	-36.905612	14.792330	
256	-37.739105	14.287084	
257	-36.672501	17.311832	
258	-37.675026	13.884267	
259	-37.826304	14.757179	
260	-38.661708	13.224429	
261	-40.159580	12.286991	
262	-39.376558	13.178776	
263	-39.651258	14.234912	
264	-40.291707	14.959326	
265	-40.206324	13.125394	
266	-37.726258	17.567818	
267	-40.268960	14.117744	
268	-40.947303	12.426275	
269	-39.923511	13.564317	
270	-40.548319	13.429972	
271	-40.568294	10.480294	
272	-40.061926	10.600187	
273	-39.513209	10.537620	
274	-40.303168	10.900897	
275	-39.103997	11.891972	
276	-39.219462	12.738561	
277	-39.445821	12.342141	
278	-39.556823	12.533254	
279	-39.396658	13.561697	
280	-39.602560	13.422454	
281	-39.558621	13.891779	
282	-40.009041	13.928623	
283	-40.172154	14.306928	
284	-39.515866	14.980950	
285	-40.749506	14.701139	
286	-40.249094	15.111497	
287	-41.187204	14.736108	
288	-41.204381	15.106494	
289	-41.706647	14.959465	
290	-42.217620	14.754947	
291	-42.819041	13.909200	
292	-44.270119	14.148585	
293	-44.752451	12.917208	
294	-43.845225	13.823727	
295	-44.873891	12.250914	
296	-45.299490	12.545110	
297	-44.705364	13.173886	
298	-45.843393	12.598589	
299	-46.181720	11.723618	
300	-47.247639	13.282459	
301	-48.865261	13.706485	
302	-46.851114	11.701745	
303	-48.701106	12.795098	
304	-47.314110	12.476431	
305	-47.833202	12.132393	
306	-47.970794	12.227792	
307	-48.785986	14.112378	
308	-49.015133	10.947491	
309	-50.833730	11.706776	
310	-48.132006	15.452980	
311	-48.641022	12.567532	
312	-49.607764	12.448653	
313	-50.773045	16.943489	
314	-50.243717	14.569975	
315	-51.949841	16.873588	
316	-51.222384	16.929256	
317	-49.790739	12.937332	
318	-49.843545	14.515583	
319	-50.616269	15.120290	
320	-49.446381	14.900328	
321	-51.231582	14.619176	
322	-49.964952	15.006134	
323	-49.478188	14.286620	
324	-52.109633	15.683929	
325	-53.244657	15.092307	
326	-53.635735	14.839926	
327	-54.193207	14.421508	
328	-54.166496	14.171974	
329	-52.765156	13.762859	
330	-52.473972	14.685935	
331	-53.574872	14.808149	
332	-54.368397	15.633348	
333	-54.361505	14.959645	
334	-54.838665	15.797635	
335	-54.911916	15.761479	
336	-55.385063	15.710321	
337	-54.417532	16.134794	
338	-54.512044	15.450092	
339	-57.088106	15.535070	
340	-57.074149	15.585606	
341	-56.841877	15.145215	
342	-56.830270	14.270060	
343	-56.759992	14.476816	
344	-56.588095	16.772505	
345	-57.895490	15.610354	
346	-58.209661	16.799248	
347	-58.294582	15.723776	
348	-58.239851	15.960377	
349	-58.082763	17.209036	
350	-58.646140	15.550186	
351	-58.868897	16.664046	
352	-59.396552	18.223670	
353	-59.131988	16.074465	
354	-59.977228	16.125126	
355	-60.202277	16.661422	
356	-59.122604	16.539119	
357	-60.117765	15.779900	
358	-59.661213	16.397011	
359	-60.441108	17.012038	
360	-61.208328	17.121386	
361	-61.093743	17.853104	
362	-61.510861	17.338000	
363	-61.447639	17.441406	
364	-60.294170	17.352825	
365	-60.688439	16.354174	
366	-61.463514	16.017989	
367	-61.581049	16.669946	
368	-61.503839	17.599319	
369	-61.091545	17.512202	
370	-62.231544	17.413656	
371	-61.753411	18.242414	
372	-62.248605	17.721477	
373	-62.387741	17.773028	
374	-62.775306	18.060321	
375	-62.646166	19.033697	
376	-62.435581	18.744844	
377	-62.635958	18.636172	
378	-63.201060	19.147600	
379	-63.000536	17.217360	
380	-63.095300	18.351003	
381	-63.173857	18.769349	
382	-63.919518	19.427074	
383	-63.676319	20.280226	
384	-63.604007	19.908176	
385	-63.702792	19.639143	
386	-64.168306	19.450953	
387	-63.282722	19.435153	
388	-64.172242	19.804870	
389	-64.584450	20.458040	
390	-64.252916	20.990635	
391	-64.928869	20.380197	
392	-64.764247	21.322804	
393	-65.113048	20.084518	
394	-65.078795	21.057531	
395	-65.225340	21.540487	
396	-65.410545	21.083654	
397	-65.371368	22.645184	
398	-65.374604	22.092086	
399	-64.321765	22.041311	
400	-64.708752	22.892538	
401	-64.851989	22.662632	
402	-64.316619	22.946784	
403	-64.050306	23.340520	
404	-62.935998	22.451875	
405	-63.244668	23.445021	
406	-62.640859	23.048642	
407	-61.495255	23.128766	
408	-61.444690	24.277551	
409	-60.895344	24.847529	
410	-60.533464	25.985478	
411	-60.098059	25.551945	
412	-59.284611	26.900376	
413	-57.849379	25.874169	
414	-57.279898	27.427717	
415	-56.382314	27.455454	
416	-55.721064	28.031052	
417	-54.947275	27.482915	
418	-53.960720	28.630721	
419	-53.036531	29.312569	
420	-52.143695	29.637234	
421	-51.307332	28.828426	
422	-50.343152	29.249891	
423	-49.396853	28.958845	
424	-49.104546	30.179516	
425	-47.899429	29.613921	
426	-47.788377	30.651717	
427	-47.418452	29.770015	
428	-46.752363	31.035891	
429	-46.172202	30.375796	
430	-46.699943	30.913271	
431	-46.400843	31.070210	
432	-46.450053	30.993348	
433	-45.988089	31.506969	
434	-44.954435	30.213445	
435	-44.838198	30.310479	
436	-44.463064	30.474975	
437	-44.198298	29.333885	
438	-43.959179	29.587330	
439	-43.468515	29.153358	
440	-42.259028	29.197829	
441	-42.202561	29.174323	
442	-41.935699	28.371311	
443	-41.300786	28.396321	
444	-40.505384	28.529698	
445	-40.290504	27.957945	
446	-39.511538	28.136505	
447	-39.304355	27.752628	
448	-38.620024	27.888551	
449	-38.056753	27.081805	
450	-37.481901	26.102987	
451	-36.913572	27.226333	
452	-36.450607	25.665811	
453	-36.695605	25.406342	
454	-35.572509	27.348921	
455	-33.637204	26.643094	
456	-33.770092	26.170233	
457	-32.956823	25.786085	
458	-32.236945	25.981585	
459	-31.928356	25.573265	
460	-31.717620	25.691364	
461	-31.842617	23.500271	
462	-31.874165	23.449610	
463	-31.037895	24.101551	
464	-30.862712	23.736232	
465	-30.343380	23.593644	
466	-30.329951	22.855645	
467	-30.464520	22.612331	
468	-30.039039	22.883517	
469	-29.981899	22.156338	
470	-29.639069	22.183436	
471	-29.305041	22.149568	
472	-29.027508	22.493292	
473	-28.877144	21.700377	
474	-28.319572	21.854815	
475	-28.130510	21.710959	
476	-28.480619	21.520449	
477	-28.302796	21.477747	
478	-28.197036	20.768213	
479	-28.501989	20.127033	
480	-28.185167	20.506710	
481	-27.988619	20.914406	
482	-28.146177	20.982033	
483	-28.430878	20.846846	
484	-28.269881	20.758269	
485	-28.488835	20.576618	
486	-28.176348	20.956978	
487	-28.720999	20.517309	
488	-28.772263	20.078973	
489	-29.072807	20.160407	
490	-29.682237	19.345253	
491	-29.630384	19.449965	
492	-29.946681	19.998631	
493	-30.677200	20.169513	
494	-30.883926	20.102695	
495	-31.006062	20.447090	
496	-31.511644	20.601292	
497	-32.031925	20.513220	
498	-32.336705	20.503089	
499	-32.682826	20.836525	
500	-33.016702	20.933940	
501	-33.162970	20.915902	
502	-34.396303	21.320796	
503	-34.689488	21.895418	
504	-35.088146	21.408906	
505	-35.179680	21.447234	
506	-35.618635	21.204234	
507	-35.831117	21.511923	
508	-36.260208	21.424761	
509	-36.664261	20.873153	
510	-36.844662	21.352612	
511	-37.073888	21.777765	
512	-37.351885	21.455324	
513	-37.750700	21.962132	
514	-38.067162	22.234182	
515	-38.514360	22.149488	
516	-39.030785	22.012837	
517	-37.625308	21.534650	
518	-37.803379	21.781104	
519	-38.215359	22.406086	
520	-38.981495	22.008745	
521	-39.113058	21.376963	
522	-39.268555	21.729763	
523	-39.470494	21.497978	
524	-39.991613	21.138591	
525	-40.031838	20.889574	
526	-40.378167	20.578478	
527	-40.661127	20.113975	
528	-40.402755	19.807498	
529	-40.746146	19.710862	
530	-40.936212	18.908449	
531	-41.144516	18.030397	
532	-41.105905	17.445610	
533	-41.499072	16.101967	
534	-41.713354	15.381579	
535	-41.624741	15.606255	
536	-41.571162	15.845690	
537	-41.651100	15.009954	
538	-41.733087	14.470497	
539	-41.788767	15.182702	
540	-41.597796	15.383055	
541	-41.661300	15.627007	
542	-40.951005	15.773999	
543	-40.886068	16.831919	
544	-41.040075	16.285998	
545	-40.299672	16.402141	
546	-40.062200	16.751104	
547	-39.720249	16.933715	
548	-39.502720	17.688263	
549	-39.741670	17.889103	
550	-39.883700	17.517715	
551	-39.978494	16.902834	
552	-40.383364	16.749492	
553	-40.937534	16.201806	
554	-41.275977	16.041187	
555	-41.857328	15.806983	
556	-42.482140	15.752953	
557	-42.695713	15.665885	
558	-43.007120	15.675247	
559	-44.041521	14.860476	
560	-44.760532	15.325450	
561	-45.432007	15.735420	
562	-46.158604	15.271062	
563	-46.474518	16.256167	
564	-46.813282	16.198747	
565	-47.286524	16.423580	
566	-47.752788	15.832778	
567	-48.117993	16.095180	
568	-48.345457	14.929070	
569	-48.901341	14.848562	
570	-49.392335	14.182021	
571	-49.726963	13.498154	
572	-49.699103	13.694226	
573	-50.038600	12.684984	
574	-50.068253	12.743801	
575	-50.761495	12.783972	
576	-50.937553	12.670439	
577	-51.111518	12.710734	
578	-51.353321	13.184250	
579	-51.823264	13.236022	
580	-51.556537	13.115086	
581	-52.220705	13.896291	
582	-52.399625	13.861759	
583	-52.694945	13.247677	
584	-52.753425	13.868685	
585	-53.043309	15.389528	
586	-53.363834	13.818661	
587	-53.578942	13.652252	
588	-54.038255	13.046723	
589	-54.403275	13.655938	
590	-54.382162	12.997660	
591	-54.795692	12.677816	
592	-55.071240	15.273446	
593	-55.378463	11.855660	
594	-55.505003	12.605982	
595	-56.101806	12.865049	
596	-56.643739	12.692885	
597	-56.586995	12.996608	
598	-56.845661	13.258137	
599	-56.681472	12.255265	
600	-56.985602	12.883860	
601	-57.569673	13.498872	
602	-57.596569	12.975359	
603	-57.616163	13.168776	
604	-57.685050	13.218352	
605	-57.787798	13.409423	
606	-57.874218	13.207040	
607	-58.158379	13.489676	
608	-57.846404	13.270134	
609	-58.114622	13.040295	
610	-58.212274	13.552904	
611	-58.437410	14.262576	
612	-58.464930	13.817374	
613	-58.913861	14.161899	
614	-59.310536	13.560345	
615	-59.814746	15.073572	
616	-59.928192	15.735821	
617	-59.879509	14.849503	
618	-59.984178	15.353145	
619	-60.219886	14.424208	
620	-60.279161	15.452757	
621	-60.470479	15.163548	
622	-60.368923	15.314475	
623	-60.499096	15.161439	
624	-60.793502	15.392691	
625	-60.986729	15.522284	
626	-61.117518	15.603264	
627	-61.331290	15.886689	
628	-61.565605	16.425779	
629	-61.526402	16.196314	
630	-61.557657	15.806176	
631	-61.791265	16.432947	
632	-62.279513	16.441014	
633	-62.465717	17.171304	
634	-62.756965	17.424125	
635	-62.725936	17.108684	
636	-62.873160	16.998803	
637	-63.225549	17.338945	
638	-63.321233	17.492170	
639	-63.401133	18.082406	
640	-63.406831	18.045012	
641	-63.646309	18.467523	
642	-63.886409	18.868522	
643	-64.265897	18.646968	
644	-64.184578	19.351118	
645	-64.225141	19.305549	
646	-64.867283	20.573800	
647	-65.253838	20.379028	
648	-65.188001	20.836651	
649	-65.382918	21.177923	
650	-65.378344	21.334044	
651	-65.374827	21.956730	
652	-65.574483	21.660566	
653	-65.581557	22.449462	
654	-65.600178	21.948647	
655	-65.594555	22.818727	
656	-65.798131	23.106110	
657	-65.616024	23.379799	
658	-64.636281	22.180196	
659	-64.944595	23.227116	
660	-64.954557	23.504717	
661	-64.514730	23.957807	
662	-63.846856	24.278776	
663	-63.820389	24.248105	
664	-64.037503	25.089638	
665	-62.920855	25.808692	
666	-62.298432	24.513573	
667	-60.955846	24.708627	
668	-60.915160	26.607690	
669	-60.132814	26.536942	
670	-60.139460	27.843231	
671	-59.378670	28.281762	
672	-58.736202	28.744156	
673	-58.335609	29.732243	
674	-57.586295	28.854751	
675	-57.402231	29.778046	
676	-56.454758	29.647621	
677	-55.776795	29.927128	
678	-55.336698	30.510378	
679	-54.977854	30.561142	
680	-53.339612	31.086961	
681	-53.526018	31.164792	
682	-52.072094	30.675872	
683	-51.195599	31.273290	
684	-49.983976	30.705218	
685	-49.976238	30.785348	
686	-50.118461	31.963824	
687	-49.441489	31.779922	
688	-48.944992	32.129043	
689	-48.174010	31.348313	
690	-46.871264	30.219351	
691	-45.868357	29.491252	
692	-46.312235	29.853408	
693	-46.147487	30.302757	
694	-45.111213	29.166189	
695	-45.264145	29.309780	
696	-44.693031	28.978399	
697	-43.867599	28.250480	
698	-43.200063	27.427447	
699	-42.891292	27.665758	
700	-42.650184	26.951881	
701	-42.085378	27.125567	
702	-41.590023	26.495510	
703	-40.984004	25.750611	
704	-40.757827	26.589553	
705	-39.812863	26.188576	
706	-39.118439	25.862665	
707	-38.748614	26.266695	
708	-38.363031	25.760902	
709	-38.042023	25.595813	
710	-37.452589	25.801713	
711	-36.931641	25.339864	
712	-35.657984	24.388106	
713	-34.365079	23.697207	
714	-33.668577	24.655230	
715	-34.450758	25.300219	
716	-33.851687	24.607446	
717	-33.841248	24.349569	
718	-32.993724	23.754818	
719	-31.588264	24.277802	
720	-31.883191	23.979416	
721	-32.306508	24.040641	
722	-31.245576	23.015356	
723	-30.850689	22.616291	
724	-30.071565	22.572738	
725	-30.196618	22.448252	
726	-30.489249	22.690590	
727	-30.020646	22.250968	
728	-30.952863	22.985295	
729	-29.266563	21.373594	
730	-29.311814	21.916002	
731	-29.766605	21.466899	
732	-29.418043	21.777102	
733	-29.379747	21.482118	
734	-30.299095	22.329870	
735	-29.623443	21.497620	
736	-29.551508	21.263338	
737	-28.381082	20.479438	
738	-28.723886	20.691220	
739	-29.391686	21.434380	
740	-29.279831	21.149984	
741	-29.219004	20.939163	
742	-29.836761	21.105146	
743	-30.304890	21.609054	
744	-29.092868	21.270613	
745	-28.805378	20.661900	
746	-29.626331	20.766350	
747	-30.390810	20.846458	
748	-30.943452	21.039998	
749	-30.953667	20.743660	
750	-32.022675	21.151376	
751	-32.851914	21.277243	
752	-32.952597	20.865045	
753	-32.650157	21.605357	
754	-32.570688	20.706840	
755	-34.742238	21.622702	
756	-35.208894	21.057913	
757	-35.105918	20.955099	
758	-35.980378	21.058201	
759	-36.463840	21.487118	
760	-37.636863	21.418779	
761	-37.645972	21.469295	
762	-37.304548	21.198669	
763	-38.072483	21.150528	
764	-38.980085	21.584197	
765	-39.437134	22.023588	
766	-39.850024	22.113703	
767	-39.443210	22.465160	
768	-39.539971	22.379333	
769	-40.821720	22.488791	
770	-40.332342	22.410055	
771	-40.609727	23.227347	
772	-40.539052	22.665145	
773	-40.816924	22.669958	
774	-39.982139	23.132371	
775	-41.290553	24.290280	
776	-41.022454	24.322075	
777	-40.758954	24.406029	
778	-41.175644	24.422782	
779	-41.385528	24.660884	
780	-42.088010	25.266212	
781	-42.298410	24.923817	
782	-42.824476	24.695354	
783	-42.647128	24.747850	
784	-42.197365	24.401279	
785	-42.661315	24.597217	
786	-41.868568	24.106609	
787	-42.753271	23.970204	
788	-42.660974	23.545945	
789	-42.005273	22.848481	
790	-43.372109	22.467819	
791	-43.219290	21.245416	
792	-43.427974	20.681537	
793	-44.460557	19.440460	
794	-43.928467	19.575279	
795	-42.711623	19.922633	
796	-43.249774	19.237898	
797	-45.199071	20.025554	
798	-42.782640	21.201551	
799	-43.115798	20.572220	
800	-42.612346	20.748988	
801	-44.002578	21.662406	
802	-42.296632	21.763295	
803	-42.522863	21.177560	
804	-41.954904	20.476936	
805	-41.669824	21.148398	
806	-42.877986	21.219428	
807	-42.324710	21.197566	
808	-42.980505	20.864576	
809	-42.536409	20.440613	
810	-43.362549	21.545397	
811	-43.600974	20.733185	
812	-44.860907	20.537451	
813	-44.766270	20.576397	
814	-45.840111	20.369198	
815	-47.098179	19.172734	
816	-47.697121	19.484684	
817	-47.263201	20.338451	
818	-48.803202	20.330416	
819	-48.645055	20.300121	
820	-48.489092	19.231615	
821	-49.130747	17.960695	
822	-49.424581	18.874993	
823	-50.904900	19.003017	
824	-50.689864	18.007747	
825	-50.237764	16.261568	
826	-51.255703	17.172273	
827	-54.553445	18.165946	
828	-53.049986	17.670362	
829	-51.062094	17.138976	
830	-52.277603	16.550535	
831	-51.679554	16.210284	
832	-52.627181	16.663999	
833	-52.715359	17.581793	
834	-52.731418	17.021461	
835	-53.400105	16.913959	
836	-53.302046	18.185193	
837	-53.262282	18.558673	
838	-54.052255	18.639521	
839	-53.457864	17.074225	
840	-53.644423	17.948895	
841	-54.579943	19.123246	
842	-54.629866	18.760578	
843	-54.338458	16.111331	
844	-56.569095	18.700144	
845	-55.962097	19.224728	
846	-56.370269	18.473152	
847	-56.012074	16.355669	
848	-56.053494	17.435138	
849	-56.661904	18.907064	
850	-57.021359	17.794668	
851	-56.671232	17.435804	
852	-57.458129	17.613306	
853	-58.249248	18.082565	
854	-57.763069	17.715044	
855	-59.452469	17.648928	
856	-58.559775	16.810141	
857	-59.262422	16.739345	
858	-59.649786	17.759930	
859	-59.131723	17.649069	
860	-59.220260	17.592076	
861	-62.693897	21.788994	
862	-61.100763	20.124780	
863	-60.784521	17.937867	
864	-60.370656	18.178611	
865	-59.945089	18.049528	
866	-59.564906	17.441581	
867	-60.903704	18.731902	
868	-61.002226	19.197429	
869	-65.447138	23.039385	
870	-62.595631	19.998359	
871	-63.218569	21.540458	
872	-60.871335	18.573323	
873	-60.881768	19.456390	
874	-61.336765	19.125228	
875	-62.666095	20.590320	
876	-62.150454	22.007310	
877	-62.463796	20.104016	
878	-63.385244	23.137475	
879	-62.315522	20.352395	
880	-61.990242	22.733192	
881	-61.731140	20.703677	
882	-64.080628	23.339714	
883	-62.539288	21.207668	
884	-63.429279	22.704338	
885	-61.234840	22.148132	
886	-63.806342	22.767973	
887	NaN	NaN	
888	-64.592867	22.643335	
889	-62.027978	20.544719	
890	-61.791648	19.728296	
891	-62.895088	22.396803	
892	-67.828764	26.524422	
893	-64.841828	23.160336	
894	-65.123392	23.316737	
895	-63.491606	21.756704	
896	-65.497417	22.940872	
897	-66.121185	26.482213	
898	-63.561628	21.890152	
899	-65.326175	21.737664	
900	-67.699019	26.565070	
901	-69.134492	29.426547	
902	-65.832738	25.651539	
903	-66.035869	25.152143	
904	-64.785729	24.834325	
905	-64.906369	21.586402	
906	-64.316165	19.446846	
907	-64.430785	21.527093	
908	-65.421778	22.974912	
909	-65.077589	23.772815	
910	-66.237634	25.372367	
911	-64.569318	23.644106	
912	-64.268489	22.106179	
913	-66.405316	22.887752	
914	-65.374833	25.776520	
915	-65.756799	26.262427	
916	-67.676395	29.647802	
917	-64.596754	21.656242	
918	-65.035792	23.289714	
919	-65.353215	24.530007	
920	-65.610357	25.104626	
921	-65.474836	24.435397	
922	-64.996808	25.197344	
923	-62.277965	23.191593	
924	-65.949713	29.418336	
925	-63.403083	25.900566	
926	-63.505121	24.231794	
927	-63.212333	25.402692	
928	-62.401695	23.979140	
929	-62.953054	28.292027	
930	-62.186962	29.642190	
931	-61.705035	27.306962	
932	-60.608097	29.777744	
933	-61.652771	29.492972	
934	-61.481107	29.635966	
935	-63.821682	34.810120	
936	-59.969696	29.571746	
937	-59.811388	30.058362	
938	-59.479313	31.135291	
939	-59.364843	31.864163	
940	-58.416446	32.781665	
941	-57.948643	34.063287	
942	-57.308978	34.289046	
943	-55.975051	34.598880	
944	-55.495238	34.265335	
945	-55.187609	33.917213	
946	-54.436942	33.874519	
947	-53.899089	33.623476	
948	-53.103935	33.170150	
949	-51.887719	32.626333	
950	-52.253484	34.272989	
951	-51.095891	34.309365	
952	-50.962216	34.002265	
953	-50.736744	33.802814	
954	-55.874502	38.035377	
955	NaN	NaN	
956	NaN	NaN	
957	-49.841603	33.515831	
958	-49.860947	33.869056	
959	-48.563762	32.142624	
960	-45.397687	32.007531	
961	-47.270286	32.832940	
962	NaN	NaN	
963	NaN	NaN	
964	NaN	NaN	
965	NaN	NaN	
966	NaN	NaN	
967	NaN	NaN	
968	NaN	NaN	
969	NaN	NaN	
970	NaN	NaN	
971	NaN	NaN	
972	NaN	NaN	
973	NaN	NaN	
974	NaN	NaN	
975	NaN	NaN	
976	NaN	NaN	
977	NaN	NaN	
978	NaN	NaN	
979	NaN	NaN	
980	NaN	NaN	
981	NaN	NaN	
982	NaN	NaN	
983	NaN	NaN	
984	NaN	NaN	
985	NaN	NaN	
986	NaN	NaN	
987	NaN	NaN	
988	NaN	NaN	
989	NaN	NaN	
990	NaN	NaN	
991	NaN	NaN	
992	NaN	NaN	
993	NaN	NaN	
994	NaN	NaN	
995	NaN	NaN	
996	NaN	NaN	
997	NaN	NaN	
998	NaN	NaN	
999	NaN	NaN	
1000	NaN	NaN	
1001	NaN	NaN	
1002	NaN	NaN	
1003	NaN	NaN	
1004	NaN	NaN	
1005	NaN	NaN	
1006	NaN	NaN	
1007	NaN	NaN	
1008	NaN	NaN	
1009	NaN	NaN	
1010	NaN	NaN	
1011	NaN	NaN	
1012	NaN	NaN	
1013	NaN	NaN	
1014	NaN	NaN	
1015	NaN	NaN	
1016	NaN	NaN	
1017	NaN	NaN	
1018	NaN	NaN	
1019	NaN	NaN	
1020	NaN	NaN	
1021	NaN	NaN	
1022	NaN	NaN	
1023	NaN	NaN	
1024	NaN	NaN	
1025	NaN	NaN	
1026	NaN	NaN	
1027	NaN	NaN	
1028	NaN	NaN	
1029	NaN	NaN	
1030	NaN	NaN	
1031	NaN	NaN	
1032	NaN	NaN	
1033	NaN	NaN	
1034	NaN	NaN	
1035	NaN	NaN	
1036	NaN	NaN	
1037	NaN	NaN	
1038	NaN	NaN	
1039	NaN	NaN	
1040	NaN	NaN	
1041	NaN	NaN	
1042	NaN	NaN	
1043	NaN	NaN	
1044	NaN	NaN	
1045	NaN	NaN	
1046	NaN	NaN	
1047	NaN	NaN	
1048	NaN	NaN	
1049	NaN	NaN	
1050	NaN	NaN	
1051	NaN	NaN	
1052	NaN	NaN	
1053	NaN	NaN	
1054	NaN	NaN	
1055	NaN	NaN	
1056	NaN	NaN	
1057	NaN	NaN	
1058	NaN	NaN	
1059	NaN	NaN	
1060	NaN	NaN	
1061	NaN	NaN	
1062	NaN	NaN	
1063	NaN	NaN	
1064	NaN	NaN	
1065	NaN	NaN	
1066	NaN	NaN	
1067	NaN	NaN	
1068	NaN	NaN	
1069	NaN	NaN	
1070	NaN	NaN	
1071	NaN	NaN	
1072	NaN	NaN	
1073	NaN	NaN	
1074	NaN	NaN	
1075	NaN	NaN	
1076	NaN	NaN	
1077	NaN	NaN	
1078	NaN	NaN	
1079	NaN	NaN	
1080	NaN	NaN	
1081	NaN	NaN	
1082	NaN	NaN	
1083	NaN	NaN	
1084	NaN	NaN	
1085	NaN	NaN	
1086	NaN	NaN	
1087	NaN	NaN	
1088	NaN	NaN	
1089	NaN	NaN	
1090	NaN	NaN	
1091	NaN	NaN	
1092	NaN	NaN	
1093	NaN	NaN	
1094	NaN	NaN	
1095	NaN	NaN	
1096	NaN	NaN	
1097	NaN	NaN	
1098	NaN	NaN	
1099	NaN	NaN	
1100	NaN	NaN	
1101	NaN	NaN	
1102	NaN	NaN	
1103	NaN	NaN	
1104	NaN	NaN	
1105	NaN	NaN	
1106	NaN	NaN	
1107	NaN	NaN	
1108	NaN	NaN	
1109	NaN	NaN	
1110	NaN	NaN	
1111	NaN	NaN	
1112	NaN	NaN	
1113	NaN	NaN	
1114	NaN	NaN	
1115	NaN	NaN	
1116	NaN	NaN	
1117	NaN	NaN	
1118	NaN	NaN	
1119	NaN	NaN	
1120	NaN	NaN	
1121	NaN	NaN	
1122	NaN	NaN	
1123	NaN	NaN	
1124	NaN	NaN	
1125	NaN	NaN	
1126	NaN	NaN	
1127	NaN	NaN	
1128	NaN	NaN	
1129	NaN	NaN	
1130	NaN	NaN	
1131	NaN	NaN	
1132	NaN	NaN	
1133	NaN	NaN	
1134	NaN	NaN	
1135	NaN	NaN	
1136	NaN	NaN	
1137	NaN	NaN	
1138	NaN	NaN	
1139	NaN	NaN	
1140	NaN	NaN	
1141	NaN	NaN	
1142	NaN	NaN	
1143	NaN	NaN	
1144	NaN	NaN	
1145	NaN	NaN	
1146	NaN	NaN	
1147	NaN	NaN	
1148	NaN	NaN	
1149	NaN	NaN	
1150	NaN	NaN	
1151	NaN	NaN	
1152	NaN	NaN	
1153	NaN	NaN	
1154	NaN	NaN	
1155	NaN	NaN	
1156	NaN	NaN	
1157	NaN	NaN	
1158	NaN	NaN	
1159	NaN	NaN	
1160	NaN	NaN	
1161	NaN	NaN	
1162	NaN	NaN	
1163	NaN	NaN	
1164	NaN	NaN	
1165	NaN	NaN	
1166	NaN	NaN	
