Athlete_Engineering	// User ID
11-2-2021	// Evaluation date
P012_Walk2	30-1-2021	11:56:20:151	// Source file name and timestamp
250.000	// Sampling rate
5.433	// Data capture period



Sample #	Right_Leg_Flexion	Right_Leg_Abduction	
0	-63.567228	24.658404	
1	-63.518976	24.774037	
2	-63.471761	25.070791	
3	-64.003246	25.894275	
4	-63.754830	25.395489	
5	-63.225105	26.054077	
6	-63.871797	25.307119	
7	-63.768186	25.294985	
8	-63.069286	25.242182	
9	-63.190854	25.864704	
10	-63.092598	25.323977	
11	-63.188271	25.225698	
12	-63.197475	24.547034	
13	-63.093448	25.139230	
14	-63.144251	25.672177	
15	-63.039501	25.197162	
16	-62.991459	25.091392	
17	-63.033908	25.518384	
18	-62.877359	25.688635	
19	-62.863147	24.898760	
20	-63.053848	24.889102	
21	-62.750832	24.818206	
22	-63.272670	26.565202	
23	-63.290948	23.649770	
24	-62.853374	24.703090	
25	-62.908823	24.904055	
26	-63.246153	24.683084	
27	-62.864170	24.694606	
28	-62.791730	24.613321	
29	-62.814312	24.829430	
30	-62.807869	25.066112	
31	-62.739979	24.861988	
32	-63.196047	25.435465	
33	-63.040098	25.207159	
34	-63.155039	24.498997	
35	-63.035620	25.143640	
36	-63.040690	25.356802	
37	-63.161671	24.120039	
38	-63.197879	24.842989	
39	-64.508048	26.504421	
40	-63.856812	25.902439	
41	-63.971580	25.754914	
42	-64.051268	25.871412	
43	-64.105372	25.866423	
44	-64.140209	26.120147	
45	-64.098781	25.833048	
46	-64.079692	25.389461	
47	-64.077204	25.938629	
48	-64.159992	25.524182	
49	-64.238823	25.759333	
50	-64.460801	25.162035	
51	-64.627718	25.157589	
52	-64.059419	25.786834	
53	-63.177522	25.810200	
54	-63.097815	25.863719	
55	-63.171616	25.242275	
56	-63.007384	25.929725	
57	-63.010881	25.876957	
58	-62.910441	25.551162	
59	-63.086486	25.967349	
60	-63.018217	25.518119	
61	-63.178379	25.361134	
62	-62.944731	25.924093	
63	-62.973921	25.688706	
64	-63.119903	25.914506	
65	-63.031702	25.851032	
66	-63.173138	25.468087	
67	-63.216712	25.355204	
68	-63.192151	25.453234	
69	-63.214028	25.968493	
70	-63.205983	25.930084	
71	-63.158713	26.218579	
72	-63.326428	25.521312	
73	-63.329200	26.007552	
74	-63.671503	25.619663	
75	-63.516846	25.459454	
76	-63.729993	25.946069	
77	-63.758165	26.211311	
78	-63.715715	26.269236	
79	-63.708329	25.416383	
80	-63.767168	25.721760	
81	-63.701130	25.806242	
82	-62.998054	25.583854	
83	-62.999654	26.165722	
84	-62.868712	25.864438	
85	-63.012505	25.514967	
86	-62.882836	25.856353	
87	-62.790793	25.724126	
88	-62.814466	26.004633	
89	-62.879633	25.787979	
90	-62.926266	26.134396	
91	-62.767063	26.203468	
92	-63.196655	26.143281	
93	-62.610430	26.338376	
94	-62.613288	26.446356	
95	-62.956153	26.060081	
96	-62.735597	26.120655	
97	-62.214001	28.078748	
98	-62.728870	27.229283	
99	-62.759085	26.862305	
100	-62.662967	26.742149	
101	-62.545963	25.609368	
102	-62.841287	26.263879	
103	-62.487677	25.633328	
104	-62.635046	25.631495	
105	-62.989849	25.117266	
106	-63.087297	25.109520	
107	-63.162266	25.319084	
108	-63.068360	24.850407	
109	-63.580105	25.314947	
110	-63.454615	25.079920	
111	-63.031678	25.059892	
112	-63.054161	25.430963	
113	-63.081728	26.866338	
114	-63.033719	24.288739	
115	-62.897186	25.750179	
116	-62.954074	25.347087	
117	-63.218695	25.540013	
118	-63.747929	25.281195	
119	-63.226866	25.584582	
120	-63.059262	25.298983	
121	-62.684336	25.642010	
122	-62.964684	25.047249	
123	-62.640010	24.450991	
124	-62.301089	24.479411	
125	-62.559353	25.568469	
126	-62.815833	25.179594	
127	-62.613325	25.855413	
128	-62.529002	25.246038	
129	-62.804561	25.797387	
130	-62.839843	26.192875	
131	-62.624346	25.428873	
132	-62.935357	25.758987	
133	-63.063621	25.453657	
134	-63.032575	26.412688	
135	-62.907361	25.838325	
136	-63.001406	26.647836	
137	-63.093584	26.110130	
138	-62.717632	24.618164	
139	-62.850221	25.742907	
140	-62.702977	24.144419	
141	-62.904657	25.341589	
142	-62.912267	25.591392	
143	-62.775575	25.676080	
144	-62.729148	24.280161	
145	-62.803105	25.072750	
146	-62.782496	24.990902	
147	-62.887036	25.089576	
148	-62.912426	25.562319	
149	-63.111242	25.613570	
150	-63.455115	26.278444	
151	-63.345847	24.977814	
152	-63.542695	25.852491	
153	-63.734987	25.300736	
154	-63.631054	25.972469	
155	-63.859338	25.223788	
156	-64.061945	26.232125	
157	-64.015412	26.491476	
158	-63.359684	26.099520	
159	-63.161384	26.333912	
160	-63.257372	24.740635	
161	-63.195199	24.981883	
162	-63.195425	25.326853	
163	-63.113855	23.661216	
164	-63.182023	25.084971	
165	-63.152169	24.879942	
166	-63.142136	25.076200	
167	-63.224156	25.106154	
168	-63.298301	25.426495	
169	-63.334284	25.896164	
170	-63.082001	25.722533	
171	-63.079852	26.395218	
172	-63.533757	25.151056	
173	-63.253665	24.399834	
174	-63.921977	25.972730	
175	-64.124857	25.295947	
176	-63.114050	25.088212	
177	-62.838090	25.514728	
178	-63.227452	24.836611	
179	-63.252643	25.728944	
180	-63.303670	24.091929	
181	-63.167808	22.827045	
182	-63.717037	25.841613	
183	-63.599919	25.206934	
184	-63.850354	25.281521	
185	-63.519561	26.686036	
186	-63.651508	27.051215	
187	-64.372424	27.657846	
188	-63.972323	27.465802	
189	-64.220593	27.611338	
190	-63.839199	27.982425	
191	-63.665620	27.282628	
192	-63.850073	27.845213	
193	-63.788015	28.085786	
194	-63.718340	27.678457	
195	-63.921104	27.384507	
196	-64.313141	27.895286	
197	-64.153961	27.668780	
198	-63.693082	27.373426	
199	-63.338045	27.339670	
200	-62.963263	28.372267	
201	-63.128712	26.956044	
202	-63.529239	27.937994	
203	-63.843576	28.304916	
204	-63.808513	27.597097	
205	-63.872563	27.108661	
206	-63.868935	28.622567	
207	-63.732402	27.720032	
208	-63.378370	26.956084	
209	-63.593001	27.692207	
210	-63.720966	28.336099	
211	-63.994590	28.721830	
212	-63.953214	27.509794	
213	-64.978238	28.894747	
214	-64.267080	29.181658	
215	-63.867954	27.190841	
216	-63.697746	28.110695	
217	-63.936890	28.706126	
218	-63.603707	28.885281	
219	-63.375481	28.318345	
220	-63.284226	28.683089	
221	-63.191387	28.811745	
222	-62.988271	28.751481	
223	-62.844203	28.828783	
224	-62.584649	29.174553	
225	-62.283506	28.536980	
226	-61.862333	28.380434	
227	-61.585983	30.910607	
228	-61.434393	31.382392	
229	-60.922588	28.503624	
230	-60.688202	27.234128	
231	-60.555186	29.150187	
232	-59.945780	29.398760	
233	-60.526384	30.001397	
234	-59.557160	29.749398	
235	-59.142134	30.559201	
236	-58.222982	27.904889	
237	-58.055787	29.956292	
238	-57.523579	29.562547	
239	-56.829224	28.831044	
240	-56.359948	30.975962	
241	-55.857881	30.001976	
242	-55.162552	29.767014	
243	-55.491709	28.992314	
244	-54.128436	29.448310	
245	-53.657819	28.935329	
246	-52.830743	28.245554	
247	-52.007516	28.778809	
248	-51.206806	28.085475	
249	-50.612458	27.899987	
250	-49.857802	27.736976	
251	-48.937081	28.147043	
252	-48.232473	27.707226	
253	-47.558864	27.819619	
254	-46.621601	27.657658	
255	-45.925984	27.847091	
256	-45.357714	27.364454	
257	-45.244256	25.906575	
258	-44.592036	28.637127	
259	-43.973790	28.466221	
260	-43.596915	26.719827	
261	-43.141625	28.922866	
262	-42.413609	28.638468	
263	-42.281175	28.307978	
264	-41.609928	26.326992	
265	-41.365841	26.458036	
266	-40.785918	24.741918	
267	-40.503678	26.386585	
268	-39.809032	26.173684	
269	-39.286664	24.823292	
270	-38.480578	26.510704	
271	-38.232920	25.429350	
272	-37.788974	24.968416	
273	-37.090398	24.401101	
274	-36.779199	23.892107	
275	-36.891265	23.206858	
276	-35.767471	23.366330	
277	-35.228058	22.816905	
278	-34.565862	23.612143	
279	-33.919939	23.115112	
280	-33.818727	21.203188	
281	-32.935580	22.324820	
282	-32.840887	21.466695	
283	-32.264192	20.786850	
284	-31.979659	21.165671	
285	-31.506142	20.854208	
286	-31.180398	20.766615	
287	-30.802943	20.737016	
288	-30.741871	19.879140	
289	-30.390507	20.288211	
290	-31.913691	18.700101	
291	-30.628787	19.776595	
292	-30.707331	19.789807	
293	-30.854108	19.173331	
294	-30.493845	19.781974	
295	-30.567772	19.579381	
296	-30.668408	18.863764	
297	-30.569234	19.449805	
298	-31.332284	17.393200	
299	-31.005900	18.210709	
300	-30.984653	18.219392	
301	-31.173962	17.242350	
302	-31.049551	17.853826	
303	-30.313086	18.048728	
304	-31.993859	16.704535	
305	-31.172959	16.946092	
306	-31.409860	16.227247	
307	-31.200779	16.661810	
308	-31.209735	16.532166	
309	-31.260283	15.598941	
310	-32.415826	15.310151	
311	-31.465273	15.852948	
312	-31.147652	16.685791	
313	-32.491633	15.232377	
314	-31.824434	15.612593	
315	-32.454990	15.848002	
316	-31.765299	16.208596	
317	-32.980937	15.576489	
318	-32.450843	16.294870	
319	-32.760001	16.020759	
320	-33.136301	16.336411	
321	-33.593355	15.174697	
322	-34.504546	15.060978	
323	-33.891548	15.210232	
324	-34.042598	15.663773	
325	-34.475765	15.570810	
326	-34.271688	15.808271	
327	-34.442666	15.918226	
328	-35.559373	15.618139	
329	-35.685857	15.924372	
330	-35.278130	15.352525	
331	-35.826162	15.258023	
332	-35.130985	15.951579	
333	-35.852358	15.567891	
334	-35.718022	15.825527	
335	-35.691735	15.983155	
336	-35.702735	15.920075	
337	-35.904711	15.853603	
338	-36.754825	15.523158	
339	-37.141537	15.710760	
340	-35.862813	16.881589	
341	-37.134931	16.155926	
342	-36.632560	16.915993	
343	-36.897485	16.783047	
344	-36.277186	18.448580	
345	-36.469243	18.171522	
346	-36.688682	17.561710	
347	-36.766963	17.877689	
348	-36.817239	18.628108	
349	-37.111558	18.296887	
350	-37.602579	16.460836	
351	-37.303006	17.786433	
352	-37.370292	17.311891	
353	-38.907727	16.315793	
354	-38.160989	15.246229	
355	-38.159881	15.304782	
356	-39.889115	13.177466	
357	-40.105578	12.330017	
358	-40.629219	11.454573	
359	-40.235215	11.788281	
360	-39.724830	12.341452	
361	-41.249695	11.328949	
362	-40.375908	9.748903	
363	-40.790249	10.936429	
364	-40.984076	12.263256	
365	-41.013215	12.214887	
366	-40.135437	12.125406	
367	-40.185529	12.551531	
368	-40.038310	12.241239	
369	-39.893497	13.766311	
370	-40.717957	12.315758	
371	-40.118788	12.931880	
372	-40.063498	12.508920	
373	-41.886168	12.403318	
374	-39.734053	12.470747	
375	-40.475309	12.044570	
376	-40.516491	11.872307	
377	-40.805174	12.547017	
378	-41.234149	12.717718	
379	-41.632656	11.984604	
380	-41.917182	12.979840	
381	-43.419184	13.361569	
382	-42.871760	12.306548	
383	-42.947285	12.025596	
384	-43.768642	10.763268	
385	-43.930216	11.174777	
386	-43.774449	13.372835	
387	-44.107156	14.687510	
388	-44.421909	13.336938	
389	-45.771515	16.755960	
390	-46.194149	10.736960	
391	-43.185103	16.284875	
392	-43.069883	20.861165	
393	-44.959461	13.567629	
394	-43.366662	15.916077	
395	-45.793401	12.491681	
396	-47.248894	12.951966	
397	-47.698368	12.536841	
398	-46.365252	11.863401	
399	-46.170823	11.409281	
400	-48.109977	10.691992	
401	-47.354987	10.547883	
402	-48.813850	12.410492	
403	-48.652123	10.952992	
404	-47.299338	10.599416	
405	-47.321350	10.527122	
406	-47.283388	12.057696	
407	-49.303331	10.796317	
408	-49.096348	10.981270	
409	-47.937891	10.524368	
410	-47.841125	11.305786	
411	-48.655911	12.440703	
412	-49.342033	11.483819	
413	-48.552352	10.307777	
414	-50.056620	10.998443	
415	-50.355610	10.272683	
416	-50.641686	10.885646	
417	-51.346917	12.865477	
418	-52.166589	11.849769	
419	-51.866674	12.558792	
420	-50.236820	11.268428	
421	-50.351560	11.950494	
422	-52.048681	11.658802	
423	-52.688150	12.348717	
424	-53.837948	12.024610	
425	-53.434082	12.225845	
426	-54.090195	10.838067	
427	-50.983008	11.287098	
428	-51.221402	10.537703	
429	-51.453973	10.293400	
430	-51.741558	11.158465	
431	-55.291672	12.382402	
432	-55.048990	11.161078	
433	-54.344744	11.273060	
434	-55.002082	10.138978	
435	-55.161902	11.403089	
436	-54.036523	10.634024	
437	-54.376812	10.897894	
438	-54.671902	11.935839	
439	-55.774539	10.219905	
440	-54.884366	10.439323	
441	-54.934802	11.386045	
442	-55.101719	10.431597	
443	-54.437449	10.777708	
444	-55.086805	10.178897	
445	-54.952109	12.346521	
446	-54.244617	11.443258	
447	-55.244012	11.259487	
448	-55.291722	11.476183	
449	-55.425209	11.430251	
450	-55.538657	11.350449	
451	-56.306720	12.724773	
452	-57.052133	12.824299	
453	-57.223792	12.215625	
454	-57.548325	11.215309	
455	-58.305374	11.753609	
456	-58.270012	11.874401	
457	-59.039131	12.475441	
458	-59.112490	12.367999	
459	-59.501366	12.482797	
460	-59.820230	12.231040	
461	-60.056019	12.209653	
462	-60.616965	13.212560	
463	-59.588204	12.030150	
464	-59.151450	11.393381	
465	-59.842455	12.486247	
466	-59.929572	13.664471	
467	-60.422469	13.200274	
468	-61.104372	13.974827	
469	-59.822460	14.177022	
470	-60.729937	13.092063	
471	-61.155506	14.451839	
472	-60.815713	14.679300	
473	-60.751268	15.080986	
474	-60.759292	14.831252	
475	-61.021920	14.328304	
476	-61.269655	14.344278	
477	-61.379789	15.670300	
478	-61.386913	15.890458	
479	-61.605231	15.483010	
480	-61.545897	17.130826	
481	-61.863365	17.903979	
482	-61.880542	17.397893	
483	-61.553052	16.934076	
484	-61.959643	18.030265	
485	-62.224154	17.515969	
486	-62.056821	18.526036	
487	-61.915253	18.103767	
488	-62.614092	18.158826	
489	-62.654797	18.840293	
490	-62.751741	18.891634	
491	-62.793979	19.008121	
492	-63.194885	19.327929	
493	-63.048363	20.741864	
494	-63.407592	19.079183	
495	-63.738001	19.111763	
496	-63.744371	19.663738	
497	-63.843140	20.321490	
498	-63.783150	21.363201	
499	-64.083237	21.732726	
500	-64.035960	22.349205	
501	-64.030086	23.466397	
502	-64.307297	23.503036	
503	-63.904365	23.977335	
504	-63.962035	25.995744	
505	-64.085735	26.282201	
506	-63.136802	25.671634	
507	-62.757062	26.047105	
508	-63.044463	26.864112	
509	-62.445237	27.056949	
510	-62.656574	27.128703	
511	-61.791529	28.750830	
512	-61.689024	29.037485	
513	-60.766445	29.072188	
514	-60.370590	29.056937	
515	-59.408892	28.966797	
516	-58.747001	29.130727	
517	-58.409130	29.408989	
518	-57.499380	29.716846	
519	-56.704769	29.143383	
520	-56.878448	29.744145	
521	-55.130606	29.956700	
522	-54.591646	30.020673	
523	-53.558001	31.215273	
524	-52.775802	31.643983	
525	-51.588330	30.555811	
526	-51.325923	31.761681	
527	-49.929891	30.541744	
528	-49.039983	30.978484	
529	-48.561108	30.590177	
530	-48.401483	31.084538	
531	-47.276973	31.346168	
532	-46.558537	31.257864	
533	-46.006615	32.215792	
534	-46.163729	31.848613	
535	-46.189853	31.908638	
536	-45.841566	31.731711	
537	-46.222674	31.005007	
538	-45.601430	30.767237	
539	-44.912479	29.959059	
540	-44.082893	29.858608	
541	-43.867384	28.967658	
542	-43.469215	29.085355	
543	-43.151134	29.141018	
544	-43.315541	28.852074	
545	-42.884520	27.787645	
546	-42.347258	27.498394	
547	-42.150410	27.506229	
548	-41.871109	26.508214	
549	-41.018302	27.766754	
550	-40.729191	27.428173	
551	-40.086015	28.031650	
552	-39.885870	27.317887	
553	-40.021646	26.255255	
554	-39.243448	26.755331	
555	-38.445365	26.134052	
556	-38.404722	26.132520	
557	-37.852728	26.195663	
558	-37.198753	27.501053	
559	-36.317948	26.486087	
560	-35.744069	26.829355	
561	-35.642814	25.523694	
562	-35.208748	25.466923	
563	-34.912845	25.047710	
564	-34.390273	24.749140	
565	-33.954255	23.983309	
566	-33.943198	23.627675	
567	-33.279825	23.807324	
568	-32.878851	23.571062	
569	-33.224266	22.402014	
570	-33.072246	21.927085	
571	-32.891085	21.799886	
572	-32.422638	21.813549	
573	-32.495298	21.207866	
574	-32.295848	21.691615	
575	-31.686554	21.446333	
576	-31.813755	21.236378	
577	-31.487009	21.570429	
578	-31.352956	21.562085	
579	-31.155509	21.243386	
580	-31.339938	20.661575	
581	-30.410122	21.548950	
582	-30.623705	20.935440	
583	-30.613600	20.944364	
584	-31.056343	20.673332	
585	-30.776529	20.785843	
586	-30.785749	20.806231	
587	-31.882541	18.783951	
588	-31.975299	19.142032	
589	-32.163116	19.073080	
590	-32.122819	19.496451	
591	-32.251305	19.558928	
592	-32.659586	19.763102	
593	-33.555109	19.501745	
594	-33.487908	20.118231	
595	-34.297247	19.665908	
596	-34.758783	19.753781	
597	-34.986389	19.767802	
598	-32.307940	24.218844	
599	-35.431820	20.382820	
600	-36.409103	19.788202	
601	-36.654006	20.485036	
602	-35.741409	19.049281	
603	-37.903445	19.563758	
604	-38.087981	19.951808	
605	-38.615410	20.376137	
606	-38.863347	20.201665	
607	-39.266899	20.206805	
608	-39.676363	19.497092	
609	-40.236403	19.565498	
610	-40.142159	19.924893	
611	-40.570980	19.973397	
612	-40.754182	19.594274	
613	-41.095994	19.958045	
614	-41.002903	20.420556	
615	-41.434057	19.728875	
616	-41.319141	19.787772	
617	-41.512202	19.300965	
618	-41.244800	19.848423	
619	-41.370922	20.449660	
620	-41.854623	20.468838	
621	-41.485116	20.832554	
622	-41.676656	21.166792	
623	-42.037627	21.064474	
624	-42.210502	21.365062	
625	-42.259004	21.048950	
626	-42.170147	20.858962	
627	-42.304889	20.696809	
628	-42.449395	20.938942	
629	-42.764578	20.584148	
630	-42.603351	20.383019	
631	-42.838928	19.094093	
632	-43.217134	19.100303	
633	-43.669329	18.097692	
634	-44.427966	17.458413	
635	-44.601846	17.180503	
636	-44.768833	15.995697	
637	-44.965927	16.281838	
638	-45.296305	16.468170	
639	-45.331032	16.448047	
640	-45.169124	16.196599	
641	-45.544625	15.312170	
642	-45.386679	15.627058	
643	-45.641610	15.275411	
644	-45.312570	16.028318	
645	-44.766442	17.112756	
646	-44.950418	17.045455	
647	-44.365925	18.020088	
648	-44.338733	17.925256	
649	-44.249144	17.449736	
650	-43.966127	17.307759	
651	-44.025579	16.967520	
652	-44.277381	17.650363	
653	-44.364213	17.332292	
654	-45.081388	17.041597	
655	-45.177043	16.518039	
656	-44.810863	15.897958	
657	-45.193039	15.943067	
658	-45.350779	16.047529	
659	-46.357487	14.840013	
660	-45.963807	14.773117	
661	-46.325423	15.159895	
662	-46.725940	14.456410	
663	-47.210396	14.106051	
664	-47.681347	13.495675	
665	-47.674823	14.480640	
666	-48.297017	14.582963	
667	-49.032157	14.517762	
668	-49.588006	15.885558	
669	-49.796140	14.781064	
670	-50.517266	13.986564	
671	-50.991580	14.373432	
672	-51.645734	14.035248	
673	-51.878248	13.630766	
674	-52.290585	12.908134	
675	-52.599757	12.715358	
676	-53.135415	11.899417	
677	-53.550483	11.930968	
678	-53.940782	12.619598	
679	-54.017661	12.452102	
680	-54.343838	11.982611	
681	-54.576757	12.078392	
682	-55.010908	12.447929	
683	-54.652563	11.834479	
684	-55.149096	12.541403	
685	-55.134214	11.968671	
686	-55.141733	11.772653	
687	-55.277703	11.626301	
688	-55.209600	11.723855	
689	-55.155233	11.464327	
690	-55.110477	12.200530	
691	-55.208098	11.488142	
692	-54.690583	15.357384	
693	-55.186421	11.795507	
694	-55.001080	11.282011	
695	-55.211320	11.487944	
696	-55.261670	11.337629	
697	-55.124368	11.183643	
698	-55.829360	11.476010	
699	-55.361236	14.300950	
700	-55.869193	11.334680	
701	-55.922438	11.061005	
702	-56.274418	11.406866	
703	-56.583963	11.229787	
704	-56.648594	9.829124	
705	-56.840695	11.070554	
706	-56.862008	10.822746	
707	-57.148004	10.411429	
708	-57.370369	10.253454	
709	-57.390863	10.237364	
710	-57.780747	11.487288	
711	-57.611038	9.925362	
712	-58.099119	9.995585	
713	-57.975683	10.779127	
714	-58.102299	11.974025	
715	-58.106550	10.586545	
716	-58.091173	10.554191	
717	-58.700064	10.519611	
718	-59.086280	10.257389	
719	-59.269656	11.252849	
720	-59.287436	9.775496	
721	-59.802661	10.698646	
722	-59.814194	11.480610	
723	-59.924557	11.192714	
724	-60.561694	10.238423	
725	-60.391132	12.222870	
726	-60.274983	11.621666	
727	-60.534412	10.675996	
728	-60.484367	11.150113	
729	-60.455415	11.667041	
730	-60.817020	11.046463	
731	-61.184060	12.564139	
732	-61.135877	13.136149	
733	-61.116315	12.144439	
734	-61.228057	12.320255	
735	-61.758905	12.369351	
736	-61.587938	12.881559	
737	-61.807501	12.076590	
738	-61.633899	12.943605	
739	-61.916608	12.827992	
740	-62.672093	13.759739	
741	-62.370074	14.115794	
742	-62.648067	13.861700	
743	-62.702054	13.845577	
744	-62.492381	14.100224	
745	-62.696750	13.822357	
746	-62.760218	14.211645	
747	-62.885230	15.635928	
748	-63.295719	15.547135	
749	-63.163026	15.631530	
750	-63.166758	15.680900	
751	-63.355443	16.145072	
752	-63.798109	15.144497	
753	-63.866782	16.380512	
754	-63.825429	16.901678	
755	-64.092849	16.124543	
756	-64.048108	16.175495	
757	-64.904057	16.777067	
758	-64.905096	17.588162	
759	-64.593712	17.418779	
760	-64.423979	17.293232	
761	-64.414870	16.943233	
762	-64.307727	17.839772	
763	-64.280080	18.696537	
764	-64.102008	17.905477	
765	-64.022171	18.152964	
766	-63.701657	18.338374	
767	-63.321111	18.563258	
768	-63.128109	19.056927	
769	-63.036610	20.144052	
770	-62.502066	19.618907	
771	-62.531675	20.254487	
772	-62.452448	20.981891	
773	-62.437646	21.531269	
774	-61.891430	22.417997	
775	-61.481577	22.867166	
776	-60.989735	23.314474	
777	-60.940043	23.358151	
778	-60.112078	24.316751	
779	-59.652053	25.234301	
780	-58.351098	24.812051	
781	-58.210885	25.936119	
782	-57.382118	26.146151	
783	-56.203249	25.649686	
784	-55.112453	25.946653	
785	-54.627453	25.805251	
786	-54.068063	26.401424	
787	-53.349109	27.151417	
788	-51.475594	26.801343	
789	-52.169333	27.854416	
790	-51.443627	27.092252	
791	-50.138749	27.270923	
792	-49.806067	27.404625	
793	-49.305326	28.225347	
794	-48.520412	27.984473	
795	-48.928437	28.629434	
796	-47.416787	28.969348	
797	-47.370452	28.152300	
798	-47.389977	28.686683	
799	-47.144811	28.085623	
800	-47.143481	28.735064	
801	-46.204780	28.424438	
802	-45.829468	28.987309	
803	-45.363202	28.326480	
804	-45.236134	28.792653	
805	-44.854311	29.692108	
806	-44.061366	27.806777	
807	-43.848981	26.929668	
808	-43.077920	27.368464	
809	-42.975497	27.295562	
810	-42.220156	26.281194	
811	-42.670507	26.099151	
812	-41.898131	26.346161	
813	-41.614899	26.128478	
814	-40.777132	25.867433	
815	-39.767087	26.115875	
816	-39.907248	25.136293	
817	-38.908720	25.578583	
818	-38.676434	24.760902	
819	-38.098673	25.831364	
820	-37.458476	24.657549	
821	-37.230528	24.623110	
822	-36.720549	24.410721	
823	-35.836295	24.074482	
824	-35.271422	23.734748	
825	-35.626120	24.246266	
826	-35.215420	23.827855	
827	-35.137835	23.321185	
828	-33.883620	23.021009	
829	-34.034299	22.832414	
830	-33.963661	22.807797	
831	-33.780046	22.508740	
832	-32.734828	22.742003	
833	-33.216706	22.597650	
834	-33.160436	21.897545	
835	-32.946733	22.190148	
836	-32.432522	22.192122	
837	-33.023762	22.026700	
838	-33.385564	21.562965	
839	-32.822670	21.340174	
840	-32.124257	20.971468	
841	-32.159921	21.717930	
842	-32.348053	21.165142	
843	-32.313210	21.011261	
844	-31.842505	21.057167	
845	-31.583992	21.699143	
846	-32.415380	21.258849	
847	-32.100150	21.209888	
848	-31.861243	21.170963	
849	-32.358075	21.180481	
850	-31.632484	22.472176	
851	-31.941987	21.410185	
852	-32.195750	21.080036	
853	-32.784426	21.468082	
854	-33.722936	20.462594	
855	-33.498753	20.989202	
856	-33.418972	20.927898	
857	-33.760460	20.993552	
858	-34.370966	21.937135	
859	-35.436743	21.781417	
860	-35.349712	21.091001	
861	-35.149138	21.986581	
862	-35.673845	21.881397	
863	-36.228641	22.299075	
864	-36.813103	21.293761	
865	-37.111636	21.610862	
866	-37.337574	22.230929	
867	-38.598353	22.006662	
868	-38.984363	22.411635	
869	-38.677054	21.530000	
870	-38.389518	21.757828	
871	-39.158044	22.114980	
872	-40.089439	21.569704	
873	-40.231460	21.827246	
874	-41.116726	20.791191	
875	-41.319668	21.214093	
876	-41.537407	20.823711	
877	-41.834734	21.555545	
878	-41.628816	21.661955	
879	-41.782220	21.602266	
880	-41.853278	21.452732	
881	-41.901335	21.123400	
882	-42.561587	21.475881	
883	-42.680315	21.418283	
884	-42.888230	21.432182	
885	-42.414507	21.951998	
886	-43.001587	21.841716	
887	-43.649532	21.713641	
888	-43.706686	21.823432	
889	-43.412633	22.521642	
890	-43.680410	22.121281	
891	-44.546887	22.752880	
892	-44.188118	22.540939	
893	-43.858055	22.654156	
894	-43.478682	22.250012	
895	-43.532554	22.331584	
896	-43.931695	22.434695	
897	-44.287323	21.883100	
898	-43.922131	21.873783	
899	-44.086091	21.031325	
900	-45.249926	20.461061	
901	-45.379702	20.277962	
902	-45.456420	19.764511	
903	-44.937008	19.389473	
904	-45.716744	18.304179	
905	-45.606173	18.680043	
906	-45.602599	18.433555	
907	-45.518898	17.445505	
908	-45.899761	17.851564	
909	-45.560569	18.510437	
910	-46.714952	18.621010	
911	-46.656850	19.326596	
912	-46.250240	18.228887	
913	-45.655598	18.365118	
914	-46.426731	17.876080	
915	-46.686172	18.263152	
916	-45.313502	17.907781	
917	-45.192149	17.884130	
918	-45.239286	17.517353	
919	-45.619659	17.318589	
920	-45.443643	17.281587	
921	-45.986372	17.127226	
922	-44.234073	17.143933	
923	-45.251640	16.629010	
924	-45.680633	17.512961	
925	-45.834387	16.878070	
926	-45.465794	17.320908	
927	-45.749879	16.855118	
928	-46.490153	16.869924	
929	-47.552531	17.981277	
930	-46.360148	17.504465	
931	-47.624496	16.619252	
932	-48.274836	16.509241	
933	-47.738210	16.400446	
934	-48.963390	16.684589	
935	-48.756628	15.389754	
936	-49.504910	15.834314	
937	-50.517265	15.704171	
938	-49.816939	15.199331	
939	-51.720407	14.014665	
940	-51.656581	14.301109	
941	-50.531667	13.660763	
942	-52.048024	12.604853	
943	-52.307300	11.730306	
944	-52.219815	12.355904	
945	-52.471629	11.563523	
946	-53.169197	11.852202	
947	-52.640367	10.893426	
948	-53.286736	11.361601	
949	-54.154564	11.621764	
950	-54.535367	10.967519	
951	-53.553230	10.879432	
952	-54.109642	11.097245	
953	-54.885080	11.077737	
954	-54.336420	11.329316	
955	-54.528682	10.846792	
956	-54.800982	10.936642	
957	-54.644517	11.717449	
958	-55.143591	11.921398	
959	-55.131599	11.467190	
960	-55.631484	11.857119	
961	-55.082734	10.709807	
962	-55.057411	10.756959	
963	-55.360505	10.795249	
964	-54.860109	10.429984	
965	-54.795758	10.604509	
966	-56.173589	10.615775	
967	-54.805040	10.874349	
968	-56.285433	10.497605	
969	-56.465999	10.787463	
970	-56.049826	10.238455	
971	-56.042058	10.608967	
972	-58.391298	11.921249	
973	-57.206921	11.434644	
974	-57.069450	9.921440	
975	-56.991177	10.586236	
976	-57.074124	10.616903	
977	-57.671488	10.508238	
978	-57.059226	9.822760	
979	-57.559933	11.013040	
980	-60.074455	13.097575	
981	-57.636234	11.625006	
982	-58.188863	11.761429	
983	-57.567514	12.077217	
984	-58.370902	11.299868	
985	-58.631397	11.937177	
986	-58.638101	11.774211	
987	-57.315599	11.901713	
988	-57.625611	11.578341	
989	-58.473371	12.458760	
990	-58.466229	11.426366	
991	-57.714464	10.865870	
992	-58.873302	10.727282	
993	-59.046092	11.737233	
994	-58.675198	12.026706	
995	-58.489489	11.137549	
996	-58.750506	11.887284	
997	-59.259528	12.579554	
998	-59.540778	12.334216	
999	-59.560896	12.087715	
1000	-59.513679	11.594342	
1001	-60.114748	13.241858	
1002	-60.100126	12.104623	
1003	-60.023602	12.606800	
1004	-60.157890	12.793273	
1005	-59.771335	13.379516	
1006	-61.430043	14.228208	
1007	-61.157155	14.298184	
1008	-60.140447	12.730285	
1009	-61.018227	14.102270	
1010	-61.772151	12.308360	
1011	-60.528267	11.844895	
1012	-62.070379	13.127759	
1013	-60.942135	13.186083	
1014	-60.832560	12.809243	
1015	-62.201632	14.977141	
1016	-60.698111	13.866684	
1017	-61.940560	15.123051	
1018	-62.069061	13.921889	
1019	-59.890430	13.329648	
1020	-61.632163	15.532361	
1021	-61.812169	15.164556	
1022	-61.316168	15.369106	
1023	-61.248713	15.357598	
1024	-60.758610	14.189338	
1025	-62.573951	16.899660	
1026	-61.408055	16.010994	
1027	-61.621970	15.475010	
1028	-60.974427	15.199666	
1029	-60.751506	14.677845	
1030	-61.802314	15.592693	
1031	-61.743548	16.107390	
1032	-62.189287	15.525208	
1033	-61.516714	13.761372	
1034	-61.211311	14.427972	
1035	-63.467018	17.812401	
1036	-61.472427	16.039420	
1037	-61.638040	15.630317	
1038	-62.332285	17.268238	
1039	-61.656110	17.123862	
1040	-61.873671	18.069386	
1041	-61.895002	17.470107	
1042	-61.533027	17.633853	
1043	-62.003720	16.854678	
1044	-61.898200	18.825825	
1045	-63.284098	21.868347	
1046	-60.619316	17.067768	
1047	-62.242900	19.414448	
1048	-60.793920	20.459313	
1049	-60.455714	19.231807	
1050	-60.083506	20.801212	
1051	-60.463327	19.796277	
1052	-59.744123	22.162990	
1053	-59.211457	20.848940	
1054	-58.297862	22.337297	
1055	-58.244374	23.345184	
1056	-57.098453	23.151930	
1057	-56.580133	23.376181	
1058	-58.471777	25.893714	
1059	-55.708047	23.871197	
1060	-57.632376	26.518408	
1061	-55.733587	24.860370	
1062	-54.236053	24.669024	
1063	-54.317841	25.445125	
1064	-53.673395	25.661043	
1065	-63.063354	38.106147	
1066	-53.335579	26.338287	
1067	-52.353188	27.839268	
1068	-51.876164	27.735515	
1069	-51.668916	27.970533	
1070	-51.048884	28.119997	
1071	-52.112140	29.309333	
1072	-49.590355	28.712712	
1073	-50.758318	28.863534	
1074	-48.918132	28.415272	
1075	-49.747682	30.144028	
1076	-52.170792	31.123973	
1077	-52.254336	30.990465	
1078	-53.695296	33.348488	
1079	-57.348477	39.284796	
1080	-58.988061	41.277582	
1081	-54.465669	34.804590	
1082	-47.316059	27.402175	
1083	-47.371099	26.199552	
1084	-55.116446	35.718932	
1085	-46.196010	26.704197	
1086	-45.898793	25.720343	
1087	-45.781475	26.324274	
1088	-44.150235	25.169520	
1089	-42.514564	24.823236	
1090	-44.454899	26.257026	
1091	-44.539629	24.743904	
1092	-41.326520	21.983901	
1093	-43.163038	24.775996	
1094	-42.003787	24.819188	
1095	-39.965452	21.351617	
1096	-41.635092	23.749002	
1097	NaN	NaN	
1098	-39.634501	24.042661	
1099	-37.236172	25.323723	
1100	-39.328906	24.706617	
1101	-37.762778	23.847576	
1102	-36.966223	24.637432	
1103	-35.697873	23.610243	
1104	-37.139324	23.680250	
1105	-37.238903	23.010935	
1106	-34.761614	22.490698	
1107	-39.347972	24.827067	
1108	-35.120142	23.203802	
1109	-36.244289	24.122214	
1110	-34.127273	24.781738	
1111	-36.448483	23.740419	
1112	-33.372813	22.584286	
1113	-34.312253	22.150262	
1114	-21.522724	23.584301	
1115	-34.498703	23.016446	
1116	-33.468970	22.694698	
1117	-21.626887	24.138164	
1118	-33.352200	22.539895	
1119	NaN	NaN	
1120	NaN	NaN	
1121	NaN	NaN	
1122	NaN	NaN	
1123	NaN	NaN	
1124	NaN	NaN	
1125	NaN	NaN	
1126	-34.552482	22.729981	
1127	-35.150150	22.256458	
1128	-34.846283	22.585593	
1129	-25.397157	26.169386	
1130	-34.374851	21.599875	
1131	-35.938345	21.523191	
1132	-35.716667	22.454349	
1133	-35.304004	21.802779	
1134	-36.957373	22.513697	
1135	-35.773178	22.746540	
1136	-37.509422	22.545337	
1137	-36.258506	20.354617	
1138	-38.684090	22.447819	
1139	-37.937217	21.677493	
1140	-39.404202	22.955896	
1141	-38.878813	22.040681	
1142	-39.609143	23.285773	
1143	-39.963774	21.757504	
1144	NaN	NaN	
1145	NaN	NaN	
1146	NaN	NaN	
1147	NaN	NaN	
1148	NaN	NaN	
1149	NaN	NaN	
1150	NaN	NaN	
1151	NaN	NaN	
1152	NaN	NaN	
1153	NaN	NaN	
1154	NaN	NaN	
1155	NaN	NaN	
1156	NaN	NaN	
1157	NaN	NaN	
1158	NaN	NaN	
1159	NaN	NaN	
1160	NaN	NaN	
1161	NaN	NaN	
1162	NaN	NaN	
1163	NaN	NaN	
1164	NaN	NaN	
1165	NaN	NaN	
1166	NaN	NaN	
1167	NaN	NaN	
1168	NaN	NaN	
1169	NaN	NaN	
1170	NaN	NaN	
1171	NaN	NaN	
1172	NaN	NaN	
1173	NaN	NaN	
1174	NaN	NaN	
1175	NaN	NaN	
1176	NaN	NaN	
1177	NaN	NaN	
1178	NaN	NaN	
1179	NaN	NaN	
1180	NaN	NaN	
1181	NaN	NaN	
1182	NaN	NaN	
1183	NaN	NaN	
1184	NaN	NaN	
1185	NaN	NaN	
1186	NaN	NaN	
1187	NaN	NaN	
1188	NaN	NaN	
1189	NaN	NaN	
1190	NaN	NaN	
1191	NaN	NaN	
1192	NaN	NaN	
1193	NaN	NaN	
1194	NaN	NaN	
1195	NaN	NaN	
1196	NaN	NaN	
1197	NaN	NaN	
1198	NaN	NaN	
1199	NaN	NaN	
1200	NaN	NaN	
1201	NaN	NaN	
1202	NaN	NaN	
1203	NaN	NaN	
1204	NaN	NaN	
1205	NaN	NaN	
1206	NaN	NaN	
1207	NaN	NaN	
1208	NaN	NaN	
1209	NaN	NaN	
1210	NaN	NaN	
1211	NaN	NaN	
1212	NaN	NaN	
1213	NaN	NaN	
1214	NaN	NaN	
1215	NaN	NaN	
1216	NaN	NaN	
1217	NaN	NaN	
1218	NaN	NaN	
1219	NaN	NaN	
1220	NaN	NaN	
1221	NaN	NaN	
1222	NaN	NaN	
1223	NaN	NaN	
1224	NaN	NaN	
1225	NaN	NaN	
1226	NaN	NaN	
1227	NaN	NaN	
1228	NaN	NaN	
1229	NaN	NaN	
1230	NaN	NaN	
1231	NaN	NaN	
1232	NaN	NaN	
1233	NaN	NaN	
1234	NaN	NaN	
1235	NaN	NaN	
1236	NaN	NaN	
1237	NaN	NaN	
1238	NaN	NaN	
1239	NaN	NaN	
1240	NaN	NaN	
1241	NaN	NaN	
1242	NaN	NaN	
1243	NaN	NaN	
1244	NaN	NaN	
1245	NaN	NaN	
1246	NaN	NaN	
1247	NaN	NaN	
1248	NaN	NaN	
1249	NaN	NaN	
1250	NaN	NaN	
1251	NaN	NaN	
1252	NaN	NaN	
1253	NaN	NaN	
1254	NaN	NaN	
1255	NaN	NaN	
1256	NaN	NaN	
1257	NaN	NaN	
1258	NaN	NaN	
1259	NaN	NaN	
1260	NaN	NaN	
1261	NaN	NaN	
1262	NaN	NaN	
1263	NaN	NaN	
1264	NaN	NaN	
1265	NaN	NaN	
1266	NaN	NaN	
1267	NaN	NaN	
1268	NaN	NaN	
1269	NaN	NaN	
1270	NaN	NaN	
1271	NaN	NaN	
1272	NaN	NaN	
1273	NaN	NaN	
1274	NaN	NaN	
1275	NaN	NaN	
1276	NaN	NaN	
1277	NaN	NaN	
1278	NaN	NaN	
1279	NaN	NaN	
1280	NaN	NaN	
1281	NaN	NaN	
1282	NaN	NaN	
1283	NaN	NaN	
1284	NaN	NaN	
1285	NaN	NaN	
1286	NaN	NaN	
1287	NaN	NaN	
1288	NaN	NaN	
1289	NaN	NaN	
1290	NaN	NaN	
1291	NaN	NaN	
1292	NaN	NaN	
1293	NaN	NaN	
1294	NaN	NaN	
1295	NaN	NaN	
1296	NaN	NaN	
1297	NaN	NaN	
1298	NaN	NaN	
1299	NaN	NaN	
1300	NaN	NaN	
1301	NaN	NaN	
1302	NaN	NaN	
1303	NaN	NaN	
1304	NaN	NaN	
1305	NaN	NaN	
1306	NaN	NaN	
1307	NaN	NaN	
1308	NaN	NaN	
1309	NaN	NaN	
1310	NaN	NaN	
1311	NaN	NaN	
1312	NaN	NaN	
1313	NaN	NaN	
1314	NaN	NaN	
1315	NaN	NaN	
1316	NaN	NaN	
1317	NaN	NaN	
1318	NaN	NaN	
1319	NaN	NaN	
1320	NaN	NaN	
1321	NaN	NaN	
1322	NaN	NaN	
1323	NaN	NaN	
1324	NaN	NaN	
1325	NaN	NaN	
1326	NaN	NaN	
1327	NaN	NaN	
1328	NaN	NaN	
1329	NaN	NaN	
1330	NaN	NaN	
1331	NaN	NaN	
1332	NaN	NaN	
1333	NaN	NaN	
1334	NaN	NaN	
1335	NaN	NaN	
1336	NaN	NaN	
1337	NaN	NaN	
1338	NaN	NaN	
1339	NaN	NaN	
1340	NaN	NaN	
1341	NaN	NaN	
1342	NaN	NaN	
1343	NaN	NaN	
1344	NaN	NaN	
1345	NaN	NaN	
1346	NaN	NaN	
1347	NaN	NaN	
1348	NaN	NaN	
1349	NaN	NaN	
1350	NaN	NaN	
1351	NaN	NaN	
1352	NaN	NaN	
1353	NaN	NaN	
1354	NaN	NaN	
1355	NaN	NaN	
1356	NaN	NaN	
1357	NaN	NaN	
1358	NaN	NaN	
