Athlete_Engineering	// User ID
11-2-2021	// Evaluation date
P012_Walk3	30-1-2021	11:56:58:494	// Source file name and timestamp
250.000	// Sampling rate
5.006	// Data capture period



Sample #	Right_Leg_Flexion	Right_Leg_Abduction	
0	-58.803390	21.095577	
1	-58.831900	20.945998	
2	-58.828301	21.164561	
3	-58.846679	21.085625	
4	-58.859783	20.857684	
5	-58.887137	20.917109	
6	-58.892625	21.214353	
7	-58.795138	21.346521	
8	-58.842971	21.387437	
9	-58.875209	21.269545	
10	-58.532186	21.746670	
11	-58.495784	22.004210	
12	-58.668414	21.928027	
13	-58.578896	22.098049	
14	-58.661626	20.957191	
15	-58.664455	21.609435	
16	-58.629117	21.977516	
17	-58.671742	21.762358	
18	-58.739646	21.766950	
19	-58.705296	22.242484	
20	-58.785887	20.783500	
21	-58.759426	21.166007	
22	-58.777454	22.331770	
23	-58.412634	22.130758	
24	-58.805079	21.399028	
25	-58.978630	21.317697	
26	-59.002880	21.261746	
27	-59.029878	21.039062	
28	-59.005840	20.821709	
29	-59.059982	20.933995	
30	-59.084570	20.923279	
31	-59.079204	20.894452	
32	-59.048733	20.805351	
33	-58.988337	20.616465	
34	-58.976849	20.703608	
35	-58.998338	20.686228	
36	-58.989974	20.711111	
37	-59.036363	20.501571	
38	-59.119082	20.433603	
39	-59.140291	20.475368	
40	-58.995359	20.425721	
41	-59.010278	20.152130	
42	-58.984647	20.530655	
43	-59.050135	20.532073	
44	-59.042327	20.718419	
45	-58.934911	20.504362	
46	-58.954060	20.476445	
47	-58.760403	20.539691	
48	-58.814952	20.770439	
49	-58.831809	20.624676	
50	-58.779594	20.937297	
51	-58.674439	20.980845	
52	-58.690670	21.169237	
53	-58.806150	20.329665	
54	-58.836540	20.450498	
55	-58.863156	20.723433	
56	-58.947576	20.619435	
57	-58.827770	20.652916	
58	-58.882575	20.625759	
59	-58.873146	21.526578	
60	-58.760105	22.098489	
61	-58.850684	21.163115	
62	-58.907366	21.062226	
63	-58.878524	20.635386	
64	-58.817290	20.805000	
65	-58.922962	20.888694	
66	-58.873475	20.806230	
67	-58.895054	20.953081	
68	-58.966805	20.879055	
69	-59.004325	21.074396	
70	-59.040129	21.063946	
71	-58.995194	21.180288	
72	-59.086820	21.363225	
73	-59.062607	21.249954	
74	-59.034577	21.301721	
75	-59.093993	21.529356	
76	-59.068234	21.650879	
77	-59.010034	21.391098	
78	-59.029684	21.334754	
79	-58.990805	21.575323	
80	-58.975615	21.475915	
81	-58.991991	21.715329	
82	-58.978696	21.509254	
83	-58.979849	21.342494	
84	-58.912426	21.539014	
85	-58.792608	20.945752	
86	-58.788915	21.361654	
87	-58.865820	20.937259	
88	-58.918784	20.843662	
89	-58.862877	20.996980	
90	-58.819754	20.897669	
91	-58.891577	21.032905	
92	-58.949179	21.183722	
93	-58.941280	21.138122	
94	-59.053270	21.201719	
95	-59.020571	21.271849	
96	-59.017583	21.344235	
97	-58.969134	21.511729	
98	-58.944498	21.326919	
99	-58.952073	21.753643	
100	-58.911184	21.858224	
101	-58.738211	22.199053	
102	-58.755315	22.283549	
103	-58.845018	22.422520	
104	-58.738676	22.450263	
105	-58.733248	22.400660	
106	-58.798173	22.442791	
107	-58.828723	22.428056	
108	-58.922815	22.500372	
109	-58.923383	22.692843	
110	-59.018560	22.644195	
111	-59.049909	22.388581	
112	-59.019921	22.721026	
113	-59.002959	22.932031	
114	-58.963379	22.545556	
115	-58.893919	22.576467	
116	-58.900319	22.618062	
117	-58.915514	22.497562	
118	-58.915651	22.322892	
119	-58.901727	22.510318	
120	-58.980319	22.116463	
121	-58.895019	22.053967	
122	-58.940421	21.994903	
123	-58.943635	22.106176	
124	-58.965594	22.207661	
125	-58.949675	22.128863	
126	-58.835662	22.085585	
127	-59.021678	21.948472	
128	-58.973285	22.045452	
129	-58.844225	22.175776	
130	-58.869909	22.197227	
131	-58.938627	22.134937	
132	-58.952564	22.290831	
133	-59.115319	21.986577	
134	-59.111627	21.856868	
135	-59.154449	21.710643	
136	-59.148919	21.871976	
137	-59.177677	21.709140	
138	-59.151911	21.748009	
139	-59.073470	21.889265	
140	-59.000984	21.564392	
141	-59.024987	21.628570	
142	-58.875204	21.748733	
143	-58.990347	21.707347	
144	-58.980870	21.841973	
145	-58.841566	21.989214	
146	-58.687602	21.421771	
147	-58.855638	21.625694	
148	-58.778575	21.972722	
149	-58.871809	22.155869	
150	-58.754830	21.063511	
151	-58.720695	20.734999	
152	-58.847097	21.515874	
153	-58.897710	21.805606	
154	-58.746198	21.232545	
155	-58.952629	21.592721	
156	-58.756424	21.121454	
157	-58.875084	21.530443	
158	-58.754797	20.506994	
159	-58.622818	20.729416	
160	-58.703367	20.982982	
161	-58.649170	21.047474	
162	-58.614369	21.170227	
163	-58.683111	21.399268	
164	-58.611740	21.307489	
165	-58.559429	21.506157	
166	-58.547078	21.546189	
167	-58.569729	21.554013	
168	-58.469136	21.538721	
169	-58.362516	21.980952	
170	-58.277207	22.064486	
171	-58.180215	22.408785	
172	-57.973945	22.243997	
173	-57.880247	22.241070	
174	-57.873367	22.993671	
175	-57.754658	22.318275	
176	-57.703214	22.987553	
177	-57.721577	23.129280	
178	-57.562846	22.827062	
179	-57.577327	22.670537	
180	-57.453943	22.842303	
181	-57.475682	22.902668	
182	-57.445473	22.864209	
183	-57.486769	22.999080	
184	-57.588887	22.846454	
185	-57.517947	22.917086	
186	-57.491538	23.282729	
187	-57.361757	23.328504	
188	-57.389404	23.155708	
189	-57.439045	23.374027	
190	-57.470172	23.461505	
191	-57.501900	23.327983	
192	-57.296968	23.606459	
193	-57.373261	23.625803	
194	-57.404979	23.757370	
195	-57.437438	24.038081	
196	-57.329895	24.099068	
197	-57.273905	23.303618	
198	-57.441729	23.628247	
199	-57.505382	24.201323	
200	-57.501396	24.129031	
201	-57.532720	23.898318	
202	-57.601216	24.076466	
203	-57.619949	24.777836	
204	-57.669152	24.645519	
205	-57.664167	24.944890	
206	-57.662368	25.243341	
207	-57.737741	24.803770	
208	-57.691421	24.665654	
209	-57.741426	24.589061	
210	-57.781031	23.840770	
211	-58.067018	24.451721	
212	-58.148067	24.541163	
213	-58.106494	25.068534	
214	-58.098115	25.151055	
215	-58.035620	24.745369	
216	-57.969999	24.497498	
217	-58.117122	25.198430	
218	-58.226606	25.157630	
219	-58.014089	24.856706	
220	-57.827428	25.159675	
221	-57.814023	25.310129	
222	-57.776590	25.705026	
223	-57.582113	25.923408	
224	-57.231352	25.617302	
225	-57.003228	25.409314	
226	-57.122816	25.477965	
227	-56.921592	25.461739	
228	-56.707512	25.283812	
229	-56.656486	25.868137	
230	-56.336419	25.922535	
231	-56.034803	25.906314	
232	-55.753138	25.944490	
233	-55.516291	25.817847	
234	-55.083430	26.239002	
235	-54.653508	26.422610	
236	-54.684210	26.450665	
237	-53.119684	26.766514	
238	-52.542489	26.643459	
239	-52.437105	26.814172	
240	-51.763873	26.530616	
241	-51.320026	26.715299	
242	-50.808660	26.791217	
243	-50.278749	26.986779	
244	-49.569518	27.122794	
245	-48.766136	26.041946	
246	-48.070243	25.946458	
247	-47.087453	25.449991	
248	-46.313778	25.473921	
249	-45.394044	24.915002	
250	-44.466726	25.320554	
251	-43.517108	24.222626	
252	-42.830943	23.673007	
253	-40.573989	23.688995	
254	-39.619853	22.641124	
255	-39.115163	23.559200	
256	-38.426040	23.207079	
257	-38.060215	22.932188	
258	-37.038256	23.929950	
259	-36.435558	23.874507	
260	-36.203456	24.686309	
261	-35.823277	24.519580	
262	-35.221390	24.526385	
263	-34.662748	24.687205	
264	-34.073718	24.501572	
265	-33.414231	24.110926	
266	-32.837248	24.141785	
267	-32.359110	23.458896	
268	-31.533249	23.509789	
269	-30.651117	23.261084	
270	-30.215510	22.463036	
271	-29.391287	22.277992	
272	-28.779255	21.717455	
273	-28.166332	21.291776	
274	-27.373820	21.392962	
275	-26.550308	20.728590	
276	-25.798446	20.759663	
277	-25.414752	20.199772	
278	-24.885960	19.692060	
279	-24.278724	19.771656	
280	-23.863165	19.260832	
281	-23.481061	18.744259	
282	-23.078644	18.370140	
283	-24.884593	19.654586	
284	-25.386461	19.539028	
285	-25.148708	19.372419	
286	-25.151922	19.670250	
287	-24.754827	19.294646	
288	-24.734137	19.328392	
289	-24.408259	18.967123	
290	-24.306603	18.836698	
291	-24.047929	19.129188	
292	-23.510371	19.100214	
293	-25.174513	17.541512	
294	-25.408959	17.214002	
295	-25.171929	17.207043	
296	-25.052557	16.997065	
297	-24.919416	16.415933	
298	-24.821113	16.456483	
299	-24.809508	16.209302	
300	-24.572010	16.675097	
301	-24.796852	16.517263	
302	-24.782562	16.374004	
303	-24.533844	15.757945	
304	-24.566232	15.893554	
305	-24.653636	15.885079	
306	-24.521232	15.795616	
307	-24.539394	15.817441	
308	-24.976297	15.774965	
309	-24.823982	15.642024	
310	-24.743919	15.725752	
311	-24.721966	15.421499	
312	-24.717445	15.516489	
313	-24.817822	15.846098	
314	-24.689199	15.594507	
315	-24.765418	15.650513	
316	-24.702292	15.794959	
317	-24.905045	15.606029	
318	-24.773386	15.591805	
319	-24.964644	15.430695	
320	-25.433758	15.294149	
321	-25.227699	15.222960	
322	-25.374504	15.359920	
323	-25.707476	15.420221	
324	-25.718933	15.637992	
325	-25.934068	15.687290	
326	-26.189468	15.444605	
327	-26.306087	15.429593	
328	-26.478705	15.405268	
329	-26.920152	15.175968	
330	-27.235921	15.193182	
331	-27.136073	15.058136	
332	-27.486602	15.405882	
333	-26.988257	14.721493	
334	-27.708018	14.743886	
335	-28.227970	15.087832	
336	-28.330602	15.147311	
337	-26.517689	14.280730	
338	-26.583298	14.218400	
339	-27.649524	15.053002	
340	-28.094647	15.158869	
341	-27.995466	15.255847	
342	-28.673455	15.046769	
343	-26.617826	15.739331	
344	-26.635826	16.223752	
345	-26.184117	15.709636	
346	-26.379609	16.021910	
347	-27.365081	15.638680	
348	-26.116614	15.225418	
349	-26.449741	15.654910	
350	-29.051422	16.817920	
351	-29.595959	16.929624	
352	-29.355044	16.921514	
353	-29.223007	16.696507	
354	-29.734567	15.670799	
355	-29.892739	15.359799	
356	-29.891554	15.320425	
357	-30.727205	14.552473	
358	-29.638425	13.411875	
359	-29.165412	13.108914	
360	-31.570898	13.413113	
361	-31.065631	12.666096	
362	-31.145559	12.395345	
363	-31.670197	12.378014	
364	-31.493068	12.871731	
365	-31.742228	12.356696	
366	-32.073551	11.511458	
367	-31.468070	12.439292	
368	-31.481888	12.664525	
369	-31.305770	12.041242	
370	-30.713721	12.678886	
371	-30.778473	12.493744	
372	-30.534817	12.137355	
373	-30.299451	12.491942	
374	-28.550617	12.130560	
375	-30.395680	12.617309	
376	-31.008574	13.526422	
377	-30.843866	13.677519	
378	-31.134272	13.900840	
379	-31.662367	13.639026	
380	-32.057974	14.062067	
381	-29.846102	13.248068	
382	-29.963302	11.317474	
383	-34.150084	11.784209	
384	-32.277284	11.171704	
385	-34.945679	11.568915	
386	-33.557587	11.085212	
387	-32.787188	10.753074	
388	-33.483469	10.581899	
389	-33.805104	10.260644	
390	-34.132199	10.092100	
391	-34.550934	9.974357	
392	-35.149924	9.295677	
393	-35.881488	8.950856	
394	-35.878580	8.842755	
395	-39.753085	8.781913	
396	-40.273841	10.935778	
397	-36.468389	10.704933	
398	-35.222362	10.574723	
399	-39.311497	11.250636	
400	-41.259544	11.436079	
401	-37.546126	10.338781	
402	-40.130905	10.982599	
403	-42.135102	11.320574	
404	-39.489667	10.378970	
405	-36.112114	9.480501	
406	-40.746252	10.557095	
407	-42.796183	10.882604	
408	-42.243912	11.079674	
409	-42.584940	10.991587	
410	-42.803517	11.433655	
411	-43.223206	11.186954	
412	-43.198124	11.111649	
413	-43.742665	11.229118	
414	-43.946748	11.086544	
415	-44.331292	11.448420	
416	-44.755308	11.254315	
417	-44.638238	11.578647	
418	-45.299698	11.829118	
419	-45.629575	11.896876	
420	-45.923447	11.912967	
421	-46.087674	12.226263	
422	-47.676133	11.110994	
423	-48.545338	10.988722	
424	-47.148980	11.842604	
425	-47.225321	12.010470	
426	-47.025964	12.092084	
427	-49.154087	10.757546	
428	-50.001406	9.882865	
429	-48.198681	11.066172	
430	-49.984842	10.351083	
431	-48.691234	10.755324	
432	-50.157726	10.191191	
433	-49.265772	11.091009	
434	-48.549432	12.101958	
435	-50.571418	10.535412	
436	-51.473098	10.551558	
437	-51.090428	10.698678	
438	-51.177411	10.463682	
439	-51.876703	10.848776	
440	-47.367330	10.307694	
441	-50.431597	10.556997	
442	-52.278129	10.803361	
443	-52.002993	10.198197	
444	-52.427994	9.805246	
445	-52.354828	9.759414	
446	-52.297539	10.556450	
447	-53.056723	10.681363	
448	-50.536888	11.605062	
449	-52.490379	11.335755	
450	-53.834699	10.945460	
451	-54.272955	10.953382	
452	-49.843486	10.423364	
453	-47.437192	9.666166	
454	-53.189228	10.419000	
455	-54.854549	10.750249	
456	-54.470285	11.086040	
457	-55.676731	10.814267	
458	-49.184761	10.367834	
459	-53.481038	11.220851	
460	-56.122684	10.928108	
461	-55.868306	11.152270	
462	-57.229667	11.458176	
463	-50.391713	11.222678	
464	-55.760514	12.773358	
465	-49.629377	12.614888	
466	-48.651652	11.764976	
467	-55.962846	12.984938	
468	-58.435919	13.383360	
469	-52.055307	13.269296	
470	-49.635579	12.858354	
471	-49.083725	13.207312	
472	-56.403138	13.770315	
473	-58.867536	14.453790	
474	-59.390336	14.401579	
475	-52.710258	13.648601	
476	-50.884552	13.513034	
477	-57.872519	14.689839	
478	-59.569527	15.425686	
479	-60.809148	16.086833	
480	-53.737733	14.099006	
481	-60.107997	16.593419	
482	-61.303609	17.311781	
483	-60.810975	16.939426	
484	-55.061571	15.010874	
485	-48.697828	14.964306	
486	-58.940576	16.686121	
487	-56.361093	16.053120	
488	-53.013185	15.793396	
489	-60.303995	18.172916	
490	-61.569398	18.526485	
491	-61.503125	18.646328	
492	-63.035921	19.440052	
493	-55.667313	19.453145	
494	-59.737989	19.871633	
495	-64.151836	21.220635	
496	-53.438345	18.743913	
497	-59.447534	19.807113	
498	-63.009072	21.394573	
499	-61.577929	21.505058	
500	-63.387294	23.579785	
501	-52.530435	20.244982	
502	-58.355467	20.810942	
503	-62.962122	23.806887	
504	-55.010074	20.465092	
505	-51.646901	20.082315	
506	-58.588438	23.551592	
507	-60.609446	24.445092	
508	-59.390359	24.635190	
509	-59.243280	24.462452	
510	-58.960202	25.197570	
511	-58.734105	25.682717	
512	-57.957954	24.881361	
513	-58.053794	25.336463	
514	-54.687714	26.783702	
515	-55.798080	26.148515	
516	-56.985092	26.420493	
517	-53.750019	27.886783	
518	-54.187227	26.740506	
519	-55.135675	27.361980	
520	-51.376921	29.105191	
521	-56.051767	28.426212	
522	-54.519451	28.280256	
523	-49.132625	29.935397	
524	-51.877836	29.788842	
525	-43.614217	26.729331	
526	-39.616963	27.957759	
527	-41.518399	27.063528	
528	-38.915145	28.313278	
529	-38.569499	26.393222	
530	-45.096304	31.480498	
531	-43.787688	32.509812	
532	-43.180014	32.546990	
533	-42.347205	32.523510	
534	-39.671953	32.635991	
535	-40.348807	32.605890	
536	-41.232785	31.579776	
537	-42.449656	30.237285	
538	-39.523558	31.801028	
539	-36.211736	32.964333	
540	-35.804771	33.029477	
541	-35.677543	32.990986	
542	-34.480296	33.319598	
543	-35.149342	31.813814	
544	-35.091880	31.005816	
545	-35.000229	30.225124	
546	-35.530283	27.836729	
547	-32.339027	28.310435	
548	-31.718942	30.632752	
549	-31.440531	28.630658	
550	-31.890542	27.526036	
551	-33.586504	26.989724	
552	-31.483734	28.023859	
553	-30.208150	28.557987	
554	-30.183902	27.963830	
555	-30.050488	27.794672	
556	-29.372003	27.374310	
557	-30.604177	25.694452	
558	-27.112022	26.748416	
559	-26.775895	26.686527	
560	-27.529093	26.027813	
561	-26.758929	25.836722	
562	-26.812751	26.075730	
563	-26.810262	25.085591	
564	-26.103030	25.287739	
565	-25.569507	25.818427	
566	-25.717224	25.281933	
567	-23.986630	24.200124	
568	-24.230724	24.621400	
569	-24.518139	24.076651	
570	-23.742311	24.228805	
571	-23.827620	23.839829	
572	-23.972415	23.624044	
573	-21.928751	23.636909	
574	-24.668020	19.610733	
575	-23.391016	22.615020	
576	-21.747787	23.090475	
577	-22.332942	23.268309	
578	-20.289972	23.479433	
579	-23.562500	19.256076	
580	-24.416480	18.524892	
581	-24.274273	18.310810	
582	-24.259212	17.730415	
583	-24.606820	18.224422	
584	-24.836610	18.423582	
585	-25.039702	17.826612	
586	-25.421334	18.031521	
587	-24.598731	17.807496	
588	-25.240428	17.582507	
589	-26.415605	18.051089	
590	-26.430938	18.594578	
591	-26.533833	18.094494	
592	-27.290719	18.197372	
593	-27.752463	19.325680	
594	-26.604312	19.181213	
595	-28.157216	19.285162	
596	-29.149788	19.448834	
597	-27.417273	18.563353	
598	-29.352391	19.497566	
599	-29.664305	19.533958	
600	-30.945907	20.358924	
601	-27.994573	18.494899	
602	-34.753223	21.706380	
603	-34.323122	21.474659	
604	-29.783783	18.794596	
605	-31.099875	19.510431	
606	-38.262206	21.960919	
607	-34.673174	20.272286	
608	-32.771798	19.360235	
609	-33.415577	19.868415	
610	-34.057603	18.954802	
611	-34.762411	18.920578	
612	-35.297822	19.913774	
613	-35.446539	19.583822	
614	-38.118456	20.197746	
615	-25.778544	15.378266	
616	-18.684697	12.477226	
617	-40.257691	21.134389	
618	-44.031975	22.395101	
619	-34.587716	20.449842	
620	-39.755004	22.028747	
621	-38.821685	21.991581	
622	-32.398088	20.049815	
623	-31.538548	19.406128	
624	-39.397942	22.151518	
625	-40.386070	22.595321	
626	-35.377150	20.396386	
627	-36.369104	19.823339	
628	-37.607380	19.161487	
629	-30.687200	16.400016	
630	-28.432769	14.557434	
631	-36.774612	16.169226	
632	-37.166394	15.469242	
633	-32.611287	13.317709	
634	-30.106929	12.243561	
635	-40.865356	14.791992	
636	-38.826561	14.765453	
637	-42.827135	15.681092	
638	-39.303071	15.718463	
639	-41.187249	16.010381	
640	-40.428958	16.169740	
641	-40.194534	16.863857	
642	-32.221193	14.516131	
643	-39.399958	17.489569	
644	-44.509171	18.837808	
645	-32.109092	15.464509	
646	-36.797555	16.723985	
647	-31.960163	15.114678	
648	-37.027557	15.919098	
649	-39.411853	16.346876	
650	-45.225476	16.605201	
651	-41.645403	15.358715	
652	-45.594596	15.618307	
653	-34.776455	13.067074	
654	-43.449842	14.619217	
655	-43.413156	15.366969	
656	-45.752929	15.827600	
657	-37.024918	13.582039	
658	-41.747222	14.714801	
659	-49.028848	15.767320	
660	-38.755040	12.914424	
661	-43.513333	18.115741	
662	-47.037466	16.582794	
663	-38.853265	13.885180	
664	-44.129149	14.722848	
665	-47.929045	17.111444	
666	-47.326412	17.127356	
667	-44.669833	17.341325	
668	-47.442822	14.005720	
669	-48.360572	16.596642	
670	-50.385053	17.517573	
671	-49.194481	16.482968	
672	-53.971999	12.627180	
673	-51.753386	13.034106	
674	-51.361420	11.820867	
675	-50.865988	11.661347	
676	-53.654620	10.769825	
677	-49.876897	14.394121	
678	-53.403870	12.356412	
679	-50.718409	13.554454	
680	-53.427630	12.551832	
681	-50.484188	14.436245	
682	-54.664058	12.514170	
683	-52.721253	13.821857	
684	-51.685303	12.537781	
685	-56.148481	12.388300	
686	-55.000239	12.363317	
687	-54.629167	12.078511	
688	-53.436745	11.856566	
689	NaN	NaN	
690	NaN	NaN	
691	NaN	NaN	
692	NaN	NaN	
693	NaN	NaN	
694	NaN	NaN	
695	NaN	NaN	
696	NaN	NaN	
697	NaN	NaN	
698	NaN	NaN	
699	NaN	NaN	
700	-55.925830	11.263447	
701	-50.902083	15.507399	
702	-54.502831	14.282299	
703	-51.561941	14.193172	
704	-49.023932	15.757540	
705	-52.101334	16.068362	
706	-52.558544	16.860976	
707	-54.441604	13.301642	
708	-52.603082	15.336420	
709	-50.813572	15.049108	
710	-58.437092	11.904233	
711	-55.554783	12.242510	
712	-52.773477	12.684742	
713	-53.765814	13.329246	
714	-53.023087	13.031184	
715	-51.427320	14.627764	
716	-52.269329	14.682237	
717	-53.594446	13.527429	
718	-56.660341	14.461973	
719	-56.069238	14.472045	
720	-58.207985	13.429265	
721	-53.666451	13.229932	
722	-54.121344	13.959620	
723	-54.482051	13.616769	
724	-57.634148	13.413428	
725	-54.677825	13.417697	
726	-53.699750	14.125938	
727	-53.691201	15.353818	
728	-56.608130	14.577394	
729	-58.868419	14.813122	
730	-56.743223	16.002261	
731	-57.102911	14.319188	
732	-59.104622	15.359511	
733	-59.675193	15.443046	
734	-60.091115	16.549654	
735	-60.601460	15.918915	
736	-61.687651	15.454977	
737	-61.357374	16.955629	
738	-67.037193	18.557912	
739	-62.965623	17.007383	
740	-65.621236	17.689898	
741	-68.400185	22.511480	
742	-46.303991	17.173358	
743	-53.211997	15.203636	
744	-50.249206	15.240903	
745	-57.423269	16.673823	
746	-55.564155	15.710735	
747	-54.307161	16.848771	
748	-50.149013	15.464198	
749	-60.111617	16.619241	
750	-57.689739	17.052513	
751	-50.159659	15.884629	
752	-54.048477	15.300986	
753	-53.460654	16.462651	
754	-50.335107	14.791747	
755	-51.155490	16.481197	
756	-48.848043	16.405714	
757	-49.758326	17.216428	
758	-51.797526	18.226009	
759	-50.188619	17.339715	
760	-49.268112	18.585436	
761	-49.134725	18.535608	
762	-48.283970	18.894715	
763	-52.262692	21.021870	
764	-54.690471	22.364577	
765	-49.132036	20.826450	
766	-48.184079	21.082067	
767	-47.800600	21.460179	
768	-45.911497	21.427504	
769	-47.382979	21.730287	
770	-46.464841	23.502953	
771	-46.226460	24.443936	
772	-45.448252	24.202928	
773	-44.277500	24.568055	
774	-45.212350	24.893416	
775	-41.561467	23.768828	
776	-48.890074	27.096922	
777	-43.877555	25.282519	
778	-40.700126	24.720806	
779	-40.011413	24.712252	
780	-38.711690	24.564118	
781	-39.406299	24.582736	
782	-41.298361	25.586165	
783	-38.060205	24.190551	
784	-48.898600	30.046616	
785	-40.492132	26.385798	
786	-44.196222	29.516862	
787	-46.359575	30.560727	
788	-36.871700	26.592636	
789	-34.198749	25.442798	
790	-40.378462	26.306645	
791	-33.797169	26.422922	
792	-35.937180	26.332400	
793	-33.598519	24.730934	
794	-32.966689	25.496035	
795	-35.854702	25.996634	
796	-39.381564	29.546489	
797	-39.260196	32.161676	
798	-31.229304	26.153937	
799	-27.738593	23.104067	
800	-38.316818	27.897505	
801	-29.765886	22.793375	
802	-33.483292	29.581998	
803	-30.518013	25.857885	
804	-32.932584	24.695958	
805	-27.868376	23.633725	
806	-24.512323	22.540216	
807	-24.783003	21.726787	
808	-25.688198	22.103798	
809	-23.964769	21.681845	
810	-24.468551	22.486998	
811	-16.058910	19.956437	
812	-20.980080	21.167227	
813	-27.544048	25.203984	
814	-25.865622	22.918838	
815	-24.416211	22.557596	
816	-20.944500	20.929844	
817	-20.998874	19.150664	
818	-21.690570	16.742281	
819	-29.129503	28.407801	
820	-14.056429	20.247936	
821	-16.711945	18.930041	
822	-20.368976	20.250838	
823	-17.722307	20.403792	
824	-23.902706	24.466203	
825	-18.118504	19.761802	
826	-23.342119	20.883077	
827	-20.343318	22.820279	
828	-19.446037	20.698547	
829	-18.109413	20.201902	
830	-32.089214	16.356176	
831	-29.207245	17.788773	
832	-15.257743	20.060909	
833	-14.353501	19.462715	
834	-19.810883	20.105714	
835	-19.468812	20.040297	
836	-19.935276	19.682754	
837	-17.070367	18.847757	
838	-18.557902	20.853855	
839	-20.584712	20.173381	
840	-20.547288	19.305277	
841	-21.547237	19.792084	
842	-15.612084	18.653796	
843	-24.428868	21.887468	
844	-26.905867	22.456648	
845	-27.071578	22.759049	
846	-27.743635	22.969165	
847	-29.572233	23.582861	
848	-32.224373	24.298392	
849	-31.190062	25.081304	
850	-30.097815	25.305924	
851	-30.012322	25.423734	
852	-30.491630	24.830376	
853	-30.929802	24.677000	
854	-31.264088	22.471459	
855	-32.997356	23.600125	
856	-24.316734	21.181443	
857	-24.808706	21.331925	
858	-14.638646	17.159361	
859	-28.595257	23.063937	
860	-35.146365	24.435051	
861	-34.104756	23.328550	
862	-34.770839	23.848809	
863	-35.802537	24.618812	
864	-39.791291	19.891514	
865	NaN	NaN	
866	-34.521176	24.354935	
867	-18.720372	17.726478	
868	-35.225561	25.520586	
869	NaN	NaN	
870	-39.819601	20.354363	
871	-37.569512	24.668457	
872	-38.078933	24.303505	
873	-37.958052	24.410317	
874	-38.242696	25.876519	
875	-38.525148	25.345617	
876	-37.904653	26.614180	
877	-38.752549	25.713576	
878	-39.013236	25.895174	
879	-35.294053	25.132327	
880	-36.208320	24.751474	
881	-36.106137	24.455069	
882	-35.071799	23.939684	
883	-35.084293	23.131549	
884	-33.759507	22.390919	
885	-45.232163	17.809568	
886	-43.338649	19.341825	
887	NaN	NaN	
888	-16.889845	25.632517	
889	-40.072795	22.711339	
890	-41.197628	21.185001	
891	-39.254627	21.861718	
892	-46.238283	15.671187	
893	-24.061195	22.469105	
894	-28.619934	20.597854	
895	-33.738635	19.632437	
896	NaN	NaN	
897	-44.129701	21.299112	
898	NaN	NaN	
899	NaN	NaN	
900	-43.853806	17.065954	
901	-44.898722	17.322737	
902	-44.715492	17.441322	
903	-44.826113	14.421959	
904	-42.177335	22.597485	
905	-45.053033	24.690532	
906	-45.899403	21.659362	
907	-26.266620	22.131707	
908	-47.580422	12.550108	
909	-43.687519	13.783147	
910	-43.952484	16.604533	
911	-48.453824	17.845009	
912	-45.707647	14.993378	
913	-45.248419	14.292206	
914	-45.757833	13.350345	
915	-45.303281	13.803713	
916	-46.161516	15.695265	
917	-47.013260	14.547186	
918	-42.678841	17.919498	
919	-43.379193	18.904179	
920	-40.606983	20.314787	
921	-48.549634	14.398696	
922	-48.721493	15.442896	
923	-48.536414	15.488651	
924	-49.059290	14.225149	
925	-50.611418	17.574959	
926	-51.062103	17.732224	
927	NaN	NaN	
928	-48.762300	12.817341	
929	-51.414324	16.445445	
930	-51.235113	16.746305	
931	-52.735266	18.856595	
932	-52.087199	14.124011	
933	-52.534929	14.027835	
934	-52.758456	14.408756	
935	-53.606459	13.964214	
936	-54.011671	13.380962	
937	-54.001724	12.691287	
938	-52.679413	12.235947	
939	-52.967655	13.319278	
940	-55.152640	12.997642	
941	-54.492717	13.028849	
942	-55.108979	13.468011	
943	-54.983589	13.743678	
944	-54.309079	15.365587	
945	-54.636689	18.516541	
946	-53.976848	15.440533	
947	-54.045043	15.845934	
948	-54.708253	14.952140	
949	-54.851471	12.221571	
950	-56.884303	11.605143	
951	-56.810701	12.186769	
952	-56.053864	11.730302	
953	-57.747231	15.266904	
954	-57.899632	14.414692	
955	-57.994853	12.802544	
956	-58.661663	13.171680	
957	-58.037821	14.802963	
958	-58.304409	15.536942	
959	-58.811029	16.339097	
960	-58.764311	15.189511	
961	-59.559374	15.476679	
962	-58.451947	15.010460	
963	-57.512412	15.077459	
964	-58.056516	14.463485	
965	NaN	NaN	
966	NaN	NaN	
967	NaN	NaN	
968	NaN	NaN	
969	NaN	NaN	
970	NaN	NaN	
971	NaN	NaN	
972	NaN	NaN	
973	NaN	NaN	
974	NaN	NaN	
975	NaN	NaN	
976	NaN	NaN	
977	NaN	NaN	
978	NaN	NaN	
979	NaN	NaN	
980	NaN	NaN	
981	NaN	NaN	
982	NaN	NaN	
983	NaN	NaN	
984	NaN	NaN	
985	NaN	NaN	
986	NaN	NaN	
987	NaN	NaN	
988	NaN	NaN	
989	NaN	NaN	
990	NaN	NaN	
991	NaN	NaN	
992	NaN	NaN	
993	NaN	NaN	
994	NaN	NaN	
995	NaN	NaN	
996	NaN	NaN	
997	NaN	NaN	
998	NaN	NaN	
999	NaN	NaN	
1000	NaN	NaN	
1001	NaN	NaN	
1002	NaN	NaN	
1003	NaN	NaN	
1004	NaN	NaN	
1005	NaN	NaN	
1006	NaN	NaN	
1007	NaN	NaN	
1008	NaN	NaN	
1009	NaN	NaN	
1010	NaN	NaN	
1011	NaN	NaN	
1012	NaN	NaN	
1013	NaN	NaN	
1014	NaN	NaN	
1015	NaN	NaN	
1016	NaN	NaN	
1017	NaN	NaN	
1018	NaN	NaN	
1019	NaN	NaN	
1020	NaN	NaN	
1021	NaN	NaN	
1022	NaN	NaN	
1023	NaN	NaN	
1024	NaN	NaN	
1025	NaN	NaN	
1026	NaN	NaN	
1027	NaN	NaN	
1028	NaN	NaN	
1029	-54.372612	26.576823	
1030	-54.675320	27.236232	
1031	-52.807473	27.022084	
1032	-52.941616	29.529258	
1033	-52.443121	30.534402	
1034	-51.308601	27.693134	
1035	-50.289400	26.831275	
1036	-47.484490	26.091301	
1037	-49.071877	27.699175	
1038	-48.509697	28.363270	
1039	-49.339276	31.776915	
1040	-48.741520	31.597885	
1041	-45.474853	27.978911	
1042	-39.579316	19.104428	
1043	-44.833003	26.399129	
1044	-38.382763	29.083239	
1045	-37.905556	27.241540	
1046	NaN	NaN	
1047	NaN	NaN	
1048	NaN	NaN	
1049	NaN	NaN	
1050	NaN	NaN	
1051	NaN	NaN	
1052	NaN	NaN	
1053	NaN	NaN	
1054	-42.731636	26.314862	
1055	NaN	NaN	
1056	NaN	NaN	
1057	NaN	NaN	
1058	NaN	NaN	
1059	NaN	NaN	
1060	NaN	NaN	
1061	NaN	NaN	
1062	NaN	NaN	
1063	NaN	NaN	
1064	NaN	NaN	
1065	NaN	NaN	
1066	NaN	NaN	
1067	NaN	NaN	
1068	NaN	NaN	
1069	NaN	NaN	
1070	NaN	NaN	
1071	NaN	NaN	
1072	NaN	NaN	
1073	NaN	NaN	
1074	NaN	NaN	
1075	NaN	NaN	
1076	NaN	NaN	
1077	NaN	NaN	
1078	NaN	NaN	
1079	NaN	NaN	
1080	NaN	NaN	
1081	NaN	NaN	
1082	NaN	NaN	
1083	NaN	NaN	
1084	NaN	NaN	
1085	NaN	NaN	
1086	NaN	NaN	
1087	NaN	NaN	
1088	NaN	NaN	
1089	NaN	NaN	
1090	NaN	NaN	
1091	NaN	NaN	
1092	NaN	NaN	
1093	NaN	NaN	
1094	NaN	NaN	
1095	NaN	NaN	
1096	NaN	NaN	
1097	NaN	NaN	
1098	NaN	NaN	
1099	NaN	NaN	
1100	NaN	NaN	
1101	NaN	NaN	
1102	NaN	NaN	
1103	NaN	NaN	
1104	NaN	NaN	
1105	NaN	NaN	
1106	NaN	NaN	
1107	NaN	NaN	
1108	NaN	NaN	
1109	NaN	NaN	
1110	NaN	NaN	
1111	NaN	NaN	
1112	NaN	NaN	
1113	NaN	NaN	
1114	NaN	NaN	
1115	NaN	NaN	
1116	NaN	NaN	
1117	NaN	NaN	
1118	NaN	NaN	
1119	NaN	NaN	
1120	NaN	NaN	
1121	NaN	NaN	
1122	NaN	NaN	
1123	NaN	NaN	
1124	NaN	NaN	
1125	NaN	NaN	
1126	NaN	NaN	
1127	NaN	NaN	
1128	NaN	NaN	
1129	NaN	NaN	
1130	NaN	NaN	
1131	NaN	NaN	
1132	NaN	NaN	
1133	NaN	NaN	
1134	NaN	NaN	
1135	NaN	NaN	
1136	NaN	NaN	
1137	NaN	NaN	
1138	NaN	NaN	
1139	NaN	NaN	
1140	NaN	NaN	
1141	NaN	NaN	
1142	NaN	NaN	
1143	NaN	NaN	
1144	NaN	NaN	
1145	NaN	NaN	
1146	NaN	NaN	
1147	NaN	NaN	
1148	NaN	NaN	
1149	NaN	NaN	
1150	NaN	NaN	
1151	NaN	NaN	
1152	NaN	NaN	
1153	NaN	NaN	
1154	NaN	NaN	
1155	NaN	NaN	
1156	NaN	NaN	
1157	NaN	NaN	
1158	NaN	NaN	
1159	NaN	NaN	
1160	NaN	NaN	
1161	NaN	NaN	
1162	NaN	NaN	
1163	NaN	NaN	
1164	NaN	NaN	
1165	NaN	NaN	
1166	NaN	NaN	
1167	NaN	NaN	
1168	NaN	NaN	
1169	NaN	NaN	
1170	NaN	NaN	
1171	NaN	NaN	
1172	NaN	NaN	
1173	NaN	NaN	
1174	NaN	NaN	
1175	NaN	NaN	
1176	NaN	NaN	
1177	NaN	NaN	
1178	NaN	NaN	
1179	NaN	NaN	
1180	NaN	NaN	
1181	NaN	NaN	
1182	NaN	NaN	
1183	NaN	NaN	
1184	NaN	NaN	
1185	NaN	NaN	
1186	NaN	NaN	
1187	NaN	NaN	
1188	NaN	NaN	
1189	NaN	NaN	
1190	NaN	NaN	
1191	NaN	NaN	
1192	NaN	NaN	
1193	NaN	NaN	
1194	NaN	NaN	
1195	NaN	NaN	
1196	NaN	NaN	
1197	NaN	NaN	
1198	NaN	NaN	
1199	NaN	NaN	
1200	NaN	NaN	
1201	NaN	NaN	
1202	NaN	NaN	
1203	NaN	NaN	
1204	NaN	NaN	
1205	NaN	NaN	
1206	NaN	NaN	
1207	NaN	NaN	
1208	NaN	NaN	
1209	NaN	NaN	
1210	NaN	NaN	
1211	NaN	NaN	
1212	NaN	NaN	
1213	NaN	NaN	
1214	NaN	NaN	
1215	NaN	NaN	
1216	NaN	NaN	
1217	NaN	NaN	
1218	NaN	NaN	
1219	NaN	NaN	
1220	NaN	NaN	
1221	NaN	NaN	
1222	NaN	NaN	
1223	NaN	NaN	
1224	NaN	NaN	
1225	NaN	NaN	
1226	NaN	NaN	
1227	NaN	NaN	
1228	NaN	NaN	
1229	NaN	NaN	
1230	NaN	NaN	
1231	NaN	NaN	
1232	NaN	NaN	
1233	NaN	NaN	
1234	NaN	NaN	
1235	NaN	NaN	
1236	NaN	NaN	
1237	NaN	NaN	
1238	NaN	NaN	
1239	NaN	NaN	
1240	NaN	NaN	
1241	NaN	NaN	
1242	NaN	NaN	
1243	NaN	NaN	
1244	NaN	NaN	
1245	NaN	NaN	
1246	NaN	NaN	
1247	NaN	NaN	
1248	NaN	NaN	
1249	NaN	NaN	
1250	NaN	NaN	
1251	NaN	NaN	
