Athlete_Engineering	// User ID
11-2-2021	// Evaluation date
P013_Walk5	30-1-2021	12:34:42:792	// Source file name and timestamp
250.000	// Sampling rate
5.856	// Data capture period



Sample #	Right_Leg_Flexion	Right_Leg_Abduction	
0	-93.740046	-150.800947	
1	-94.156334	-154.905085	
2	-95.986876	-171.862775	
3	-95.391235	-168.918669	
4	-93.536422	-156.293497	
5	-94.443496	-163.312360	
6	-95.451725	-164.169762	
7	-93.530495	-149.451775	
8	-93.813689	-152.716132	
9	-93.572489	-150.558514	
10	-94.115087	-155.092519	
11	-95.712634	-170.553523	
12	-95.725512	-169.787355	
13	-95.118188	-166.999903	
14	-93.918403	-159.474949	
15	-96.014192	-171.165433	
16	-95.855890	-170.218784	
17	-95.806718	-171.126472	
18	-94.034045	-161.531165	
19	-92.886081	-143.949668	
20	-94.143903	-156.953044	
21	-91.965512	-130.848511	
22	-92.942680	-143.226321	
23	-94.544189	-159.897078	
24	-94.485492	-164.563398	
25	-94.463865	-164.434994	
26	-94.489516	-163.911231	
27	-94.360297	-163.347109	
28	-94.430986	-165.163978	
29	-94.631556	-164.672625	
30	-94.277517	-164.340390	
31	-91.619887	-133.794212	
32	-92.140003	-141.952330	
33	-92.147738	-142.889137	
34	-92.629965	-156.535934	
35	-93.883351	-164.336780	
36	-92.246588	-152.719794	
37	-93.777454	-161.619271	
38	-92.686185	-161.381365	
39	-92.314031	-151.006934	
40	-94.959519	-169.251497	
41	-90.858968	-122.510009	
42	-91.586128	-137.606729	
43	-91.109625	-128.992762	
44	-91.892365	-143.713897	
45	-93.660645	-151.231929	
46	-93.334382	-150.126136	
47	-93.411000	-151.474502	
48	-93.703718	-158.945821	
49	-93.832049	-158.497518	
50	-93.858591	-158.558537	
51	-93.690885	-160.012231	
52	-93.728102	-160.944226	
53	-93.971831	-161.551593	
54	-93.242980	-157.809783	
55	-90.853279	-121.639839	
56	-91.266569	-132.493734	
57	-91.115906	-129.170317	
58	-91.874906	-142.204668	
59	-92.860697	-150.048104	
60	-90.484765	-105.139341	
61	-91.092457	-127.068059	
62	-90.992967	-119.354009	
63	-91.328079	-127.750358	
64	-93.228510	-163.158701	
65	-92.374785	-153.607851	
66	-91.770841	-141.380993	
67	-92.761658	-153.760840	
68	-90.772414	-111.593069	
69	-91.145291	-126.423513	
70	-91.476046	-136.029044	
71	-93.352513	-164.418738	
72	-92.325404	-146.417204	
73	-91.076552	-121.174865	
74	-93.555926	-161.026435	
75	-95.355177	-168.020084	
76	-95.065636	-161.578444	
77	-94.774466	-161.956508	
78	-95.224760	-165.780093	
79	-95.400810	-167.333514	
80	-94.983380	-163.782281	
81	-93.741158	-155.029356	
82	-95.121481	-167.860771	
83	-95.404571	-165.428359	
84	-95.122804	-163.481389	
85	-94.007371	-156.488636	
86	-95.434518	-165.539772	
87	-93.532892	-151.453870	
88	-92.853484	-146.824649	
89	-92.266198	-131.687801	
90	-93.377625	-146.653855	
91	-91.601847	-121.230212	
92	-93.909460	-158.206713	
93	-93.477612	-154.763300	
94	-93.422862	-153.603786	
95	-93.552033	-153.447488	
96	-93.172066	-151.251812	
97	-91.164778	-125.963942	
98	-91.508217	-131.248303	
99	-91.587309	-133.216718	
100	-91.775932	-129.613507	
101	-93.543947	-150.917739	
102	-93.452090	-152.643355	
103	-89.557180	-78.885388	
104	-89.342568	-74.990751	
105	-88.476971	-54.845888	
106	-92.408557	-149.582190	
107	-91.556661	-132.274362	
108	-91.440444	-127.611894	
109	-91.395817	-134.647554	
110	-91.292650	-132.436361	
111	-91.264941	-132.722181	
112	-91.651492	-140.947122	
113	-91.504074	-140.138814	
114	-92.677489	-151.227344	
115	-93.956395	-158.551010	
116	-91.713512	-137.441227	
117	-92.171762	-137.600604	
118	-92.170033	-137.022203	
119	-92.080807	-141.645940	
120	-92.287002	-144.017315	
121	-89.241619	-70.128191	
122	-86.781352	-33.112937	
123	-89.980804	-89.449144	
124	-85.808709	-32.705972	
125	-90.152451	-93.440199	
126	-87.090935	-36.711213	
127	-91.840811	-147.233599	
128	-91.606741	-140.571832	
129	-94.236369	-158.460504	
130	-92.703136	-144.713971	
131	-91.092308	-128.673203	
132	-90.611599	-106.554101	
133	-88.654646	-68.355221	
134	-87.301814	-49.377848	
135	-86.361579	-30.176725	
136	-92.204900	-141.170265	
137	-93.409514	-149.856588	
138	-92.633755	-143.150476	
139	-91.536794	-126.896658	
140	-93.050279	-148.207512	
141	-89.393065	-74.340235	
142	-86.257837	-37.453497	
143	-85.739579	-33.829807	
144	-82.969871	-22.358534	
145	-83.123661	-24.211751	
146	-83.018953	-23.921334	
147	-82.053900	-21.706466	
148	-83.759215	-31.878865	
149	-90.397724	-96.771882	
150	-89.171281	-73.940362	
151	-84.363208	-30.110879	
152	-84.570822	-29.545496	
153	-84.506857	-30.009155	
154	-85.986557	-40.326775	
155	-86.032805	-38.613142	
156	-88.184417	-52.520599	
157	-93.641946	-152.480181	
158	-91.652878	-126.061826	
159	-86.754309	-41.038800	
160	-84.604492	-28.798760	
161	-83.667711	-24.993369	
162	-83.841266	-29.060922	
163	-83.097547	-24.833887	
164	-84.248623	-33.263364	
165	-90.861923	-103.398747	
166	-85.613264	-41.361385	
167	-82.090075	-24.833665	
168	-83.204410	-31.881483	
169	-82.855609	-30.748037	
170	-83.771904	-32.906350	
171	-84.234831	-26.921595	
172	-86.127021	-41.664938	
173	-90.864930	-101.610746	
174	-85.389178	-39.484119	
175	-83.559389	-22.653251	
176	-83.495323	-25.494609	
177	-83.562160	-24.747656	
178	-86.083244	-39.596116	
179	-84.890614	-32.373449	
180	-84.614536	-33.274792	
181	-83.768055	-29.482283	
182	-85.075010	-36.551754	
183	-85.750175	-38.517150	
184	-85.114675	-34.134668	
185	-86.950928	-46.376076	
186	-89.842867	-86.743707	
187	-81.308509	-19.856557	
188	-83.332278	-24.250353	
189	-84.646987	-28.046612	
190	-81.620866	-20.444061	
191	-83.154007	-30.707490	
192	-82.940193	-26.140558	
193	-82.953659	-26.563408	
194	-81.953510	-21.951398	
195	-79.875523	-16.799190	
196	-81.605273	-22.688332	
197	-80.861611	-26.697578	
198	-80.911084	-27.884628	
199	-80.867770	-26.709815	
200	-80.581113	-25.783639	
201	-80.623973	-26.695126	
202	-80.372234	-25.886399	
203	-79.746549	-24.773291	
204	-85.892517	-49.002944	
205	-86.212918	-52.076770	
206	-83.208169	-34.996637	
207	-82.147030	-30.316366	
208	-81.458773	-27.307826	
209	-85.480174	-45.194343	
210	-78.587866	-23.009564	
211	-80.411928	-26.751372	
212	-79.795496	-22.748615	
213	-80.133795	-22.494622	
214	-79.738054	-21.572861	
215	-80.783998	-24.226748	
216	-83.324522	-35.704333	
217	-84.460045	-43.863765	
218	-84.458169	-42.055458	
219	-86.904112	-55.367797	
220	-81.510095	-29.099762	
221	-78.112267	-21.396355	
222	-81.570027	-28.967660	
223	-85.469007	-42.874488	
224	-79.214014	-22.224894	
225	-77.755063	-19.870454	
226	-78.839631	-22.113269	
227	-85.219991	-45.679935	
228	-84.273127	-38.660246	
229	-76.733378	-18.407175	
230	-79.015870	-22.932870	
231	-81.719171	-31.201405	
232	-81.702205	-29.862138	
233	-83.810716	-36.736949	
234	-84.002120	-33.984164	
235	-82.316136	-30.388234	
236	-79.158531	-21.026797	
237	-79.197574	-22.564466	
238	-79.228634	-21.657697	
239	-80.359538	-24.413637	
240	-86.213446	-45.776124	
241	-82.152611	-29.103316	
242	-84.294356	-37.274982	
243	-83.175833	-34.898116	
244	-83.727956	-37.202988	
245	-83.227251	-37.374369	
246	-84.179147	-39.217373	
247	-79.570619	-21.927890	
248	-85.474768	-45.295871	
249	-82.199354	-31.145413	
250	-81.427183	-26.057626	
251	-82.922639	-32.894385	
252	-80.788956	-24.571181	
253	-83.155427	-32.136686	
254	-84.571458	-36.860086	
255	-83.955864	-35.106734	
256	-82.468225	-28.830786	
257	-83.776974	-33.483714	
258	-85.855010	-43.110290	
259	-83.727858	-32.179180	
260	-85.496139	-35.975865	
261	-84.691181	-33.146820	
262	-84.549385	-31.944005	
263	-85.441614	-34.742880	
264	-84.527915	-30.809552	
265	-82.883836	-27.189934	
266	-83.895768	-27.233979	
267	-84.900690	-31.780698	
268	-83.867895	-25.550724	
269	-83.363196	-20.180338	
270	-80.882598	-15.105024	
271	-80.754103	-15.683695	
272	-85.114630	-30.113490	
273	-81.768937	-14.419494	
274	-83.311704	-17.751973	
275	-83.623780	-19.363606	
276	-78.196623	-7.415999	
277	-84.106639	-22.566893	
278	-81.646297	-10.040748	
279	-83.121947	-16.627929	
280	-83.228800	-20.843643	
281	-81.914443	-12.380689	
282	-85.822875	-20.259597	
283	-83.599018	-6.750472	
284	-87.649012	-45.656132	
285	-85.994626	-39.143475	
286	-82.998543	-16.071183	
287	-85.346224	-25.906702	
288	-84.307366	-14.806889	
289	-84.927549	-20.527877	
290	-83.950926	-15.903285	
291	-85.319064	-32.736400	
292	-86.865330	-29.179156	
293	-87.797482	-28.980394	
294	-87.048200	-31.744569	
295	-93.355285	-162.189620	
296	-86.675393	-46.465955	
297	-87.461243	-48.513814	
298	-87.055842	-22.943423	
299	-81.817238	-5.629931	
300	-82.868593	-7.460992	
301	-85.575213	-15.140839	
302	-87.042304	-34.906759	
303	-84.823663	-12.504390	
304	-83.549498	-9.539821	
305	-87.253758	-30.882053	
306	-87.461967	-34.944329	
307	-86.492263	-19.729873	
308	-86.213569	-15.311540	
309	-86.017420	-15.144206	
310	-83.494672	-7.487293	
311	-87.288655	-42.555995	
312	-85.065753	2.141309	
313	-85.191540	1.452143	
314	-84.424349	-10.014115	
315	-88.844738	-54.571085	
316	-86.027915	-15.465954	
317	-83.890409	-2.977562	
318	-87.295150	-16.490194	
319	-86.619071	-4.125955	
320	-93.236176	179.952805	
321	-88.262750	-15.428128	
322	-83.241342	-3.415088	
323	-88.954836	-50.552508	
324	-92.238527	162.516635	
325	-92.067724	-178.295176	
326	-91.990469	-166.145691	
327	-90.072378	-111.695139	
328	-89.054187	3.832949	
329	-89.080450	12.680119	
330	-91.334099	-159.082582	
331	-90.700351	-127.695601	
332	-90.296006	166.614056	
333	-87.600593	-3.895275	
334	-91.097865	171.862119	
335	-91.949391	168.476325	
336	-92.701535	159.874110	
337	-91.575800	176.048432	
338	-88.560844	0.250538	
339	-91.545070	155.136228	
340	-92.359077	163.908984	
341	-93.091525	175.717765	
342	-88.942088	-28.616974	
343	-92.566250	169.791709	
344	-88.849660	5.702866	
345	-92.997109	162.217533	
346	-90.738564	118.097317	
347	-90.968475	123.260435	
348	-90.262952	98.490036	
349	-86.384771	22.816345	
350	-90.140605	102.552515	
351	-89.770967	77.955279	
352	-90.104028	96.565046	
353	-89.610400	76.325574	
354	-89.973873	88.787077	
355	-88.322187	29.950961	
356	-87.160812	39.041625	
357	-84.358311	20.338736	
358	-89.307710	72.575502	
359	-86.658327	24.409583	
360	-85.392010	20.373294	
361	-81.598464	13.681048	
362	-82.745633	15.205706	
363	-85.516191	24.970038	
364	-83.015394	16.489143	
365	-81.222358	17.353172	
366	-83.808419	24.225084	
367	-80.785248	17.958166	
368	-76.969539	14.299783	
369	-77.090965	17.327364	
370	-78.400054	10.396466	
371	-76.864920	13.081515	
372	-74.524952	15.449201	
373	-79.727678	13.267054	
374	-76.644186	12.719995	
375	-73.965449	9.917842	
376	-75.798197	13.063943	
377	-72.105658	10.813401	
378	-75.298797	8.140940	
379	-75.643495	6.763540	
380	-73.200524	8.333012	
381	-68.969165	11.931575	
382	-71.438848	5.841063	
383	-66.124094	8.709540	
384	-67.197326	10.496713	
385	-70.842540	5.974395	
386	-67.787429	7.764935	
387	-64.570508	10.049998	
388	-68.429088	5.799199	
389	-67.869846	5.077659	
390	-66.438787	7.072424	
391	-62.875036	8.847752	
392	-66.495004	0.983332	
393	-65.524242	3.710188	
394	-63.251000	4.192507	
395	-58.806858	5.694116	
396	-59.271764	3.930696	
397	-58.213102	4.673467	
398	-60.485756	2.596927	
399	-62.284142	-0.098297	
400	-56.207364	4.082312	
401	-61.576792	-2.093415	
402	-60.243881	-3.821724	
403	-57.988687	-0.229952	
404	-59.170382	-2.026033	
405	-56.425583	-1.313376	
406	-49.271011	7.239122	
407	-59.124164	0.942733	
408	-55.011267	4.705105	
409	-55.016236	1.674340	
410	-59.817428	-2.780318	
411	-57.979837	-1.493172	
412	-48.582988	7.015492	
413	-48.384025	7.777064	
414	-52.394602	4.094664	
415	-51.621883	1.862366	
416	-52.022763	2.264116	
417	-49.215435	2.417460	
418	-48.777415	1.254226	
419	-50.338478	2.025754	
420	-49.067544	1.848616	
421	-49.250737	2.400349	
422	-47.600808	2.761180	
423	-43.004774	7.996600	
424	-41.955000	5.709893	
425	-38.488501	3.774332	
426	-48.005543	0.590886	
427	-44.944750	2.094938	
428	-45.372305	3.919835	
429	-43.091995	6.006987	
430	-45.429066	1.811446	
431	-45.480334	1.776976	
432	-45.477428	1.439965	
433	-42.351051	5.927994	
434	-45.880011	1.453074	
435	-45.996891	2.586720	
436	-45.899992	0.972207	
437	-44.442158	1.914835	
438	-46.013815	2.515680	
439	-47.181898	0.587464	
440	-46.258704	1.453055	
441	-46.284934	2.114483	
442	-46.605146	1.173825	
443	-47.094545	2.795923	
444	-47.432101	1.128807	
445	-48.599389	-0.360854	
446	-47.420939	1.668654	
447	-44.334097	5.881624	
448	-49.231151	1.352133	
449	-49.251455	0.870710	
450	-49.063097	1.620186	
451	-45.752533	7.417714	
452	-47.752062	4.547953	
453	-52.365935	-1.134636	
454	-51.550980	1.319086	
455	-52.659885	1.324823	
456	-52.791054	1.741621	
457	-49.722677	8.133716	
458	-53.036728	4.297981	
459	-56.360937	0.863137	
460	-53.042716	6.132161	
461	-58.073020	-0.507093	
462	-55.779613	1.666287	
463	-55.822978	0.961829	
464	-57.194595	3.794657	
465	-55.009795	5.801419	
466	-60.070311	-0.531707	
467	-55.909915	3.213933	
468	-54.181170	7.381213	
469	-57.843665	1.256775	
470	-57.506061	1.683810	
471	-59.062443	0.239814	
472	-59.566458	-0.392976	
473	-58.593011	1.424430	
474	-55.085186	5.049670	
475	-60.547845	-2.829554	
476	-59.357168	-1.179052	
477	-61.789234	-5.894060	
478	-59.794769	-4.028559	
479	-60.676564	-6.151380	
480	-62.268294	-9.341206	
481	-61.864197	-8.762090	
482	-62.250911	-9.247925	
483	-63.632610	-10.733417	
484	-61.113512	-7.198709	
485	-61.584774	-8.597771	
486	-63.377700	-10.651849	
487	-63.634345	-10.289441	
488	-63.952188	-10.951353	
489	-64.361746	-12.509362	
490	-64.136924	-12.604870	
491	-64.130482	-15.252009	
492	-63.978738	-16.583729	
493	-63.559393	-17.051047	
494	-64.066179	-18.028395	
495	-61.966337	-14.169395	
496	-60.578437	-13.938335	
497	-58.883816	-11.468563	
498	-56.430913	-9.442034	
499	-56.987129	-11.111220	
500	-55.710123	-9.879835	
501	-55.955282	-9.313820	
502	-55.640335	-9.802104	
503	-56.377137	-9.388224	
504	-55.476926	-9.380846	
505	-57.704641	-11.537477	
506	-68.201616	-23.323837	
507	-66.368229	-21.730128	
508	-59.156181	-14.365532	
509	-60.132884	-16.081452	
510	-62.174142	-18.074761	
511	-61.837862	-16.725980	
512	-61.933470	-15.407502	
513	-66.535286	-20.947552	
514	-66.952187	-19.889867	
515	-69.179074	-23.815126	
516	-66.187244	-18.942824	
517	-67.138383	-20.016932	
518	-66.675827	-18.463806	
519	-66.368318	-20.714334	
520	-68.034610	-23.289078	
521	-65.880522	-22.932640	
522	-62.585603	-22.048494	
523	-69.188766	-26.031078	
524	-65.756714	-20.977337	
525	-64.746942	-17.610245	
526	-68.969372	-25.339730	
527	-63.873066	-18.449522	
528	-70.419179	-26.298744	
529	-70.557976	-25.916463	
530	-71.119402	-25.083701	
531	-71.531145	-28.373206	
532	-71.245116	-32.002194	
533	-72.191705	-26.530329	
534	-72.949710	-29.258882	
535	-73.814431	-29.630249	
536	-76.512380	-37.967323	
537	-73.738458	-29.072207	
538	-74.900157	-31.822104	
539	-75.266749	-31.206878	
540	-78.532193	-40.619623	
541	-73.722801	-27.313168	
542	-69.243784	-19.208949	
543	-69.418106	-20.439912	
544	-69.727311	-20.861455	
545	-70.976639	-22.152293	
546	-76.406727	-29.402747	
547	-76.184948	-30.728811	
548	-73.554807	-23.833932	
549	-71.364696	-20.070054	
550	-78.569550	-36.963336	
551	-69.382134	-22.678745	
552	-71.702798	-24.917819	
553	-76.481436	-30.279795	
554	-73.279611	-27.077092	
555	-69.161172	-16.893762	
556	-64.661962	-15.247067	
557	-64.957304	-17.361041	
558	-71.348845	-23.456844	
559	-81.257436	-43.521223	
560	-79.010989	-38.433218	
561	-78.610776	-32.932814	
562	-79.163871	-35.371120	
563	-74.725047	-23.542752	
564	-74.315386	-21.962133	
565	-81.204035	-40.669137	
566	-80.319721	-36.743331	
567	-79.644724	-30.282674	
568	-80.534583	-34.617421	
569	-81.517326	-36.285618	
570	-81.717419	-33.198499	
571	-80.874507	-30.701507	
572	-80.680446	-34.601198	
573	-80.910014	-34.284188	
574	-84.375033	-43.268472	
575	-80.556293	-31.647704	
576	-77.479511	-22.865345	
577	-86.368206	-61.316216	
578	-79.627828	-34.455896	
579	-78.306064	-29.761756	
580	-82.536950	-44.041511	
581	-77.496147	-29.542261	
582	-84.384916	-55.298822	
583	-77.974626	-30.351888	
584	-79.401122	-34.615618	
585	-81.413734	-41.852241	
586	-86.239260	-64.522317	
587	-85.742036	-58.984022	
588	-86.481452	-61.789209	
589	-83.781423	-48.012929	
590	-81.008226	-37.405322	
591	-85.987421	-63.611902	
592	-82.402365	-44.274186	
593	-87.146696	-68.342302	
594	-79.828761	-33.645553	
595	-83.174793	-45.992510	
596	-89.217246	-82.566564	
597	-88.984311	-81.841390	
598	-89.223453	-84.412652	
599	-86.656999	-67.503756	
600	-90.275493	-93.088612	
601	-90.652585	-94.719695	
602	-90.345091	-91.957089	
603	-90.758832	-97.332383	
604	-92.055681	-108.588595	
605	-91.972161	-106.666365	
606	-92.455407	-108.663236	
607	-92.754996	-111.934975	
608	-91.703090	-105.247603	
609	-91.141184	-100.423929	
610	-91.872051	-108.261245	
611	-93.368906	-116.822176	
612	-91.510940	-102.996778	
613	-87.946461	-74.889925	
614	-94.256164	-119.173004	
615	-86.858596	-69.339112	
616	-89.558159	-86.494838	
617	-92.278048	-109.384543	
618	-89.380478	-85.366095	
619	-92.685236	-115.016691	
620	-92.140212	-110.870372	
621	-94.933198	-130.561017	
622	-93.799276	-123.130446	
623	-93.028554	-119.892524	
624	-93.327142	-118.542175	
625	-94.621083	-128.959204	
626	-92.207756	-114.099564	
627	-88.807877	-77.488061	
628	-87.891545	-70.012669	
629	-82.631532	-41.099357	
630	-89.776674	-86.727095	
631	-93.577872	-130.618026	
632	-88.471023	-74.172152	
633	-88.041964	-57.572410	
634	-87.823695	-55.393138	
635	-93.486734	-135.167492	
636	-92.484369	-130.370146	
637	-89.900087	-88.135517	
638	-84.680525	-26.377567	
639	-83.807876	-20.866128	
640	-81.195452	-23.470164	
641	-91.011638	-107.783763	
642	-88.230583	-56.864101	
643	-85.544347	-22.749620	
644	-81.506001	-11.329437	
645	-84.147846	-13.161869	
646	-85.270117	-10.636077	
647	-80.842737	-4.001728	
648	-85.246673	-8.080770	
649	-80.522603	-2.638039	
650	-86.226360	-4.028265	
651	-80.539182	1.157352	
652	-71.633233	1.321331	
653	-72.609687	-0.288231	
654	-71.520552	1.828397	
655	-76.904562	2.101361	
656	-74.666669	5.730235	
657	-72.382630	4.161680	
658	-67.747167	1.563534	
659	-75.668257	-5.346546	
660	-69.986424	2.029371	
661	-70.153596	0.560868	
662	-77.102057	-3.123939	
663	-68.623431	0.101261	
664	-72.266881	0.404978	
665	-66.668658	1.194335	
666	-72.416969	3.292060	
667	-73.796534	3.127409	
668	-64.024479	4.294819	
669	-65.699272	-0.402204	
670	-63.732290	6.609669	
671	-63.944403	2.202110	
672	-63.238740	3.480125	
673	-64.414299	-2.148003	
674	-66.034574	-19.014174	
675	-64.749302	-9.833877	
676	-61.367168	11.528972	
677	-60.356183	0.773339	
678	-62.234523	1.640836	
679	-50.357302	2.557600	
680	-54.831704	-0.097541	
681	-58.671398	-5.850304	
682	-52.014982	1.907100	
683	-60.481148	-7.308899	
684	-51.390253	4.444846	
685	-52.654634	1.031855	
686	-54.222605	1.892831	
687	-29.830511	10.790734	
688	-44.587751	5.390437	
689	-47.196880	2.746297	
690	-54.197499	7.102136	
691	-58.486985	22.370172	
692	-52.716334	10.975453	
693	-53.234347	16.702040	
694	-52.584604	9.283487	
695	-54.834030	16.651116	
696	-49.984379	12.640016	
697	-57.350422	11.475319	
698	-53.046027	13.818023	
699	-50.912722	10.046422	
700	-58.113846	11.228373	
701	-53.644264	11.776990	
702	-57.922002	3.002474	
703	-56.022185	13.950562	
704	-53.673906	13.149440	
705	-50.185202	10.870968	
706	-56.592395	0.802117	
707	-57.911185	-1.255334	
708	-49.566604	9.863672	
709	-53.036945	6.139910	
710	-53.959078	4.693714	
711	-49.490491	9.580537	
712	-48.464266	9.130423	
713	-48.361762	9.803139	
714	-45.787591	13.193583	
715	-52.853958	6.316752	
716	-51.811426	7.133412	
717	-48.712362	7.564278	
718	-47.860086	11.641083	
719	-46.934459	13.564417	
720	-50.416491	7.653501	
721	-50.809153	10.943481	
722	-54.726752	12.283762	
723	-50.926695	9.444705	
724	-56.073559	12.891426	
725	-53.100126	11.586129	
726	-56.800035	12.204220	
727	-54.721498	12.056461	
728	-53.885192	10.013823	
729	-58.344049	9.284687	
730	-53.910866	10.222406	
731	-57.231317	11.202390	
732	-46.099464	0.427611	
733	-50.294458	1.949351	
734	-56.736051	12.282408	
735	-61.735796	13.167606	
736	-60.369253	12.755089	
737	-57.642193	12.125385	
738	-58.196510	17.884919	
739	-54.525048	12.998676	
740	-60.710537	9.428913	
741	-61.470867	8.879243	
742	-59.726845	12.620819	
743	-60.252943	9.875799	
744	-59.447565	10.912006	
745	-61.351875	13.157001	
746	-60.929923	10.980305	
747	-59.403289	14.439907	
748	-57.925510	11.062491	
749	-50.746186	6.844379	
750	-60.725383	12.799657	
751	-54.437487	8.538016	
752	-53.203568	7.558334	
753	-57.505715	7.013380	
754	-50.900579	7.618862	
755	-67.406377	7.221836	
756	-60.655295	6.240075	
757	-45.859663	8.933285	
758	-49.722429	10.692917	
759	-60.750157	9.624744	
760	-60.506721	7.892946	
761	-65.736097	3.358714	
762	-63.112612	4.429326	
763	-65.001936	1.670828	
764	-65.815474	-1.971503	
765	-62.878980	3.265707	
766	-63.866774	2.252865	
767	-62.961345	-1.707507	
768	-63.636590	-1.305753	
769	-63.367307	-2.805017	
770	-65.553821	-5.326232	
771	-70.600475	-7.377563	
772	-67.289538	-8.814713	
773	-67.783986	-11.719717	
774	-67.503434	-9.518479	
775	-67.828520	-11.892001	
776	-67.285705	-11.031871	
777	-66.479962	-11.159032	
778	-65.960004	-13.379024	
779	-66.534060	-12.947210	
780	-66.160587	-15.585825	
781	-63.778659	-12.856465	
782	-62.658651	-5.028277	
783	-65.050511	-14.146654	
784	-64.595556	-14.345916	
785	-65.466885	-13.109852	
786	-65.722722	-13.860128	
787	-66.226240	-14.182417	
788	-66.488179	-13.237011	
789	-66.877887	-10.991654	
790	-67.156190	-13.968534	
791	-67.560543	-16.936482	
792	-67.744724	-18.971637	
793	-67.662458	-19.441043	
794	-69.136137	-18.777284	
795	-69.775280	-19.451102	
796	-68.679321	-15.135125	
797	-71.564593	-18.138971	
798	-71.626792	-26.696926	
799	-42.924178	-19.222016	
800	-71.691167	-6.710494	
801	-69.176021	-18.401142	
802	-67.692532	-16.304218	
803	-68.641755	-15.381325	
804	-67.894662	-13.276800	
805	-69.824649	-17.400500	
806	-72.729113	-26.259546	
807	-70.131278	-20.169839	
808	-74.752803	-29.686271	
809	-60.714427	-14.044762	
810	-41.327932	-12.848266	
811	-76.950550	-32.112851	
812	-72.162725	-24.625997	
813	-75.231804	-30.605355	
814	-73.591000	-25.514722	
815	-74.962836	-28.593308	
816	-75.371702	-29.131106	
817	-75.788816	-29.995518	
818	-76.599786	-29.947976	
819	-76.871103	-30.239199	
820	-77.382231	-32.148771	
821	-77.104340	-24.736764	
822	-62.863291	-14.566701	
823	-74.828250	-12.189090	
824	-77.271454	-29.589178	
825	-77.343257	-28.926334	
826	-78.393465	-30.830651	
827	-78.975841	-32.464370	
828	-79.196525	-31.909254	
829	-80.483187	-34.445002	
830	-79.269529	-32.738300	
831	-80.401478	-30.167983	
832	-79.628133	-31.190998	
833	-79.703634	-37.930825	
834	-79.097445	-28.013269	
835	-74.798963	-9.685016	
836	-81.655962	-45.235088	
837	-78.638847	-32.067654	
838	-73.828644	-24.749755	
839	-83.116554	-48.906898	
840	-81.827480	-36.989751	
841	-82.036114	-45.511371	
842	-81.221151	-41.034653	
843	-82.859770	-48.096764	
844	-82.722099	-39.974672	
845	-82.616860	-47.828532	
846	-82.557875	-47.777546	
847	-81.957128	-40.688246	
848	-82.737259	-41.875540	
849	-83.439448	-47.971597	
850	-83.752429	-47.826084	
851	-82.971448	-45.054794	
852	-83.165961	-44.391659	
853	-83.362467	-45.428851	
854	-84.210134	-53.481672	
855	-84.357483	-49.752118	
856	-84.761182	-50.654543	
857	-84.591414	-51.671849	
858	-85.184263	-54.985977	
859	-84.882888	-52.364510	
860	-85.203200	-52.937133	
861	-86.281612	-59.325105	
862	-86.582600	-53.397798	
863	-86.840427	-52.698946	
864	-87.351684	-62.485118	
865	-88.508634	-71.798901	
866	-88.059000	-65.413020	
867	-88.186798	-72.999224	
868	-90.552728	-95.053625	
869	-94.349331	-130.257041	
870	-87.557561	-72.775793	
871	-89.004339	-81.307083	
872	-89.558773	-86.141178	
873	-90.246646	-92.179567	
874	-92.104106	-104.736499	
875	-94.167881	-112.844498	
876	-90.598332	-94.776314	
877	-92.176910	-107.959645	
878	-95.308123	-130.195583	
879	-92.070537	-111.966361	
880	-92.881089	-116.011044	
881	-92.572498	-113.256978	
882	-92.324956	-118.953360	
883	-92.268198	-113.877165	
884	-92.151963	-120.976539	
885	-93.400945	-123.790415	
886	-93.801951	-140.166246	
887	-92.576628	-115.229283	
888	-92.465272	-121.693668	
889	-92.396812	-136.447466	
890	-94.053059	-134.870148	
891	-94.733862	-120.303284	
892	-94.873195	-119.987497	
893	-94.381403	-121.226688	
894	-91.844094	-110.735033	
895	-94.454756	-125.663360	
896	-94.827169	-124.228214	
897	-95.244896	-122.415883	
898	-95.512857	-129.931130	
899	-93.311875	-127.178055	
900	-93.954821	-124.943645	
901	-95.764491	-130.653977	
902	-95.841051	-124.928057	
903	-95.475542	-122.477638	
904	-95.899183	-128.824938	
905	-95.077687	-132.389047	
906	-96.623586	-137.375324	
907	-95.957244	-131.646060	
908	-96.217161	-134.295053	
909	-95.832829	-135.555679	
910	-95.238579	-130.726721	
911	-95.395421	-125.951242	
912	-95.201544	-128.023157	
913	-94.033942	-130.162720	
914	-94.545786	-141.972381	
915	-93.359741	-130.663401	
916	-95.178343	-134.095641	
917	-93.453870	-143.739549	
918	-92.682963	-128.061196	
919	-93.966982	-139.923105	
920	-94.158163	-131.687792	
921	-92.688472	-129.143160	
922	-93.205233	-119.769039	
923	-93.370908	-126.555919	
924	-92.707448	-121.506481	
925	-92.902757	-117.044993	
926	-92.463299	-124.488727	
927	-91.070701	-106.027268	
928	-90.776980	-100.278408	
929	-90.432410	-97.899984	
930	-89.907509	-88.383182	
931	-89.004440	-72.990126	
932	-88.740178	-65.782945	
933	-88.520178	-57.661648	
934	-87.935717	-7.813671	
935	-86.928039	-32.991683	
936	-85.679656	-27.177010	
937	-85.382311	-15.144601	
938	-85.840080	-17.671242	
939	-84.333954	-2.721791	
940	-84.080035	1.040629	
941	-84.002980	0.340314	
942	-82.525841	5.657129	
943	-80.878590	10.891824	
944	-79.279997	27.026531	
945	-79.264525	24.029257	
946	-78.973176	5.017852	
947	-78.055807	6.252066	
948	-77.589750	12.097883	
949	-77.627749	4.558350	
950	-78.117134	7.407138	
951	-74.369021	6.011100	
952	-76.411762	9.574148	
953	-75.428840	11.693915	
954	-74.453831	7.268436	
955	-75.532246	7.646827	
956	-73.846388	5.302892	
957	-72.919027	1.975636	
958	-72.547613	4.217889	
959	-70.220030	10.955913	
960	-70.677427	9.604702	
961	-69.511791	8.736134	
962	-54.444397	13.097085	
963	-61.452610	11.118355	
964	-70.306992	2.581179	
965	-67.548910	4.536181	
966	-66.820316	6.027070	
967	-67.968178	1.707590	
968	-66.018697	0.449430	
969	-65.877777	-0.337564	
970	-65.306245	1.253864	
971	-63.444775	5.914150	
972	-59.643142	7.466365	
973	-60.228691	4.793247	
974	-62.803833	1.742176	
975	-60.686073	3.086067	
976	-59.590467	4.562205	
977	-61.496610	5.309146	
978	-61.283516	3.340559	
979	-59.719188	1.302197	
980	NaN	NaN	
981	-57.816982	5.001677	
982	-54.516661	7.758396	
983	-50.431113	10.152109	
984	-50.250507	8.988844	
985	-51.092963	9.408393	
986	-53.886015	9.089129	
987	-51.539532	7.636560	
988	-53.795920	5.788471	
989	-53.796634	4.891808	
990	-48.410458	9.422335	
991	-56.506804	5.533304	
992	-56.670607	4.786020	
993	-55.408794	2.737552	
994	-54.001897	5.397652	
995	-50.305543	7.359259	
996	-50.841955	6.994347	
997	-48.650279	7.153177	
998	-50.336448	7.484866	
999	-47.946733	9.017584	
1000	-49.915473	7.881536	
1001	-52.620738	6.562383	
1002	NaN	NaN	
1003	NaN	NaN	
1004	NaN	NaN	
1005	NaN	NaN	
1006	NaN	NaN	
1007	NaN	NaN	
1008	NaN	NaN	
1009	NaN	NaN	
1010	NaN	NaN	
1011	NaN	NaN	
1012	NaN	NaN	
1013	NaN	NaN	
1014	NaN	NaN	
1015	NaN	NaN	
1016	-53.200652	9.686070	
1017	-49.500649	11.707077	
1018	NaN	NaN	
1019	-54.415559	4.638755	
1020	-54.473878	10.743367	
1021	-57.413015	11.881828	
1022	-62.225497	7.624305	
1023	-64.214411	9.554805	
1024	-63.882420	14.269886	
1025	-66.397696	4.371925	
1026	-77.238713	-6.855311	
1027	-65.623526	11.029043	
1028	NaN	NaN	
1029	-65.386971	9.842028	
1030	-66.163665	13.407616	
1031	NaN	NaN	
1032	-66.691577	6.689260	
1033	-65.725020	10.139879	
1034	-59.793449	12.152419	
1035	NaN	NaN	
1036	NaN	NaN	
1037	NaN	NaN	
1038	NaN	NaN	
1039	NaN	NaN	
1040	NaN	NaN	
1041	NaN	NaN	
1042	NaN	NaN	
1043	NaN	NaN	
1044	NaN	NaN	
1045	NaN	NaN	
1046	NaN	NaN	
1047	NaN	NaN	
1048	NaN	NaN	
1049	NaN	NaN	
1050	NaN	NaN	
1051	NaN	NaN	
1052	NaN	NaN	
1053	NaN	NaN	
1054	NaN	NaN	
1055	NaN	NaN	
1056	NaN	NaN	
1057	NaN	NaN	
1058	NaN	NaN	
1059	NaN	NaN	
1060	NaN	NaN	
1061	NaN	NaN	
1062	NaN	NaN	
1063	NaN	NaN	
1064	NaN	NaN	
1065	NaN	NaN	
1066	NaN	NaN	
1067	NaN	NaN	
1068	NaN	NaN	
1069	NaN	NaN	
1070	NaN	NaN	
1071	NaN	NaN	
1072	NaN	NaN	
1073	NaN	NaN	
1074	NaN	NaN	
1075	NaN	NaN	
1076	NaN	NaN	
1077	NaN	NaN	
1078	NaN	NaN	
1079	NaN	NaN	
1080	NaN	NaN	
1081	NaN	NaN	
1082	NaN	NaN	
1083	NaN	NaN	
1084	NaN	NaN	
1085	NaN	NaN	
1086	NaN	NaN	
1087	NaN	NaN	
1088	NaN	NaN	
1089	NaN	NaN	
1090	NaN	NaN	
1091	NaN	NaN	
1092	NaN	NaN	
1093	NaN	NaN	
1094	NaN	NaN	
1095	NaN	NaN	
1096	NaN	NaN	
1097	NaN	NaN	
1098	NaN	NaN	
1099	NaN	NaN	
1100	NaN	NaN	
1101	NaN	NaN	
1102	NaN	NaN	
1103	NaN	NaN	
1104	NaN	NaN	
1105	NaN	NaN	
1106	NaN	NaN	
1107	NaN	NaN	
1108	NaN	NaN	
1109	NaN	NaN	
1110	NaN	NaN	
1111	NaN	NaN	
1112	NaN	NaN	
1113	NaN	NaN	
1114	NaN	NaN	
1115	NaN	NaN	
1116	NaN	NaN	
1117	NaN	NaN	
1118	NaN	NaN	
1119	NaN	NaN	
1120	NaN	NaN	
1121	NaN	NaN	
1122	NaN	NaN	
1123	NaN	NaN	
1124	NaN	NaN	
1125	NaN	NaN	
1126	NaN	NaN	
1127	NaN	NaN	
1128	NaN	NaN	
1129	NaN	NaN	
1130	NaN	NaN	
1131	NaN	NaN	
1132	NaN	NaN	
1133	NaN	NaN	
1134	NaN	NaN	
1135	NaN	NaN	
1136	NaN	NaN	
1137	NaN	NaN	
1138	NaN	NaN	
1139	NaN	NaN	
1140	NaN	NaN	
1141	NaN	NaN	
1142	NaN	NaN	
1143	NaN	NaN	
1144	NaN	NaN	
1145	NaN	NaN	
1146	NaN	NaN	
1147	NaN	NaN	
1148	NaN	NaN	
1149	NaN	NaN	
1150	91.187573	-90.446823	
1151	90.506110	-90.190009	
1152	111.886770	-98.097821	
1153	110.822790	-97.909361	
1154	111.935579	-98.450617	
1155	111.154893	-95.436668	
1156	120.757788	-100.929093	
1157	97.641540	-93.277142	
1158	96.603067	-92.790015	
1159	84.788489	-87.813593	
1160	NaN	NaN	
1161	NaN	NaN	
1162	NaN	NaN	
1163	NaN	NaN	
1164	NaN	NaN	
1165	NaN	NaN	
1166	NaN	NaN	
1167	NaN	NaN	
1168	NaN	NaN	
1169	NaN	NaN	
1170	NaN	NaN	
1171	NaN	NaN	
1172	NaN	NaN	
1173	NaN	NaN	
1174	NaN	NaN	
1175	NaN	NaN	
1176	NaN	NaN	
1177	NaN	NaN	
1178	NaN	NaN	
1179	NaN	NaN	
1180	NaN	NaN	
1181	NaN	NaN	
1182	NaN	NaN	
1183	NaN	NaN	
1184	NaN	NaN	
1185	NaN	NaN	
1186	NaN	NaN	
1187	NaN	NaN	
1188	NaN	NaN	
1189	NaN	NaN	
1190	NaN	NaN	
1191	NaN	NaN	
1192	NaN	NaN	
1193	NaN	NaN	
1194	NaN	NaN	
1195	NaN	NaN	
1196	NaN	NaN	
1197	NaN	NaN	
1198	NaN	NaN	
1199	NaN	NaN	
1200	NaN	NaN	
1201	NaN	NaN	
1202	NaN	NaN	
1203	NaN	NaN	
1204	NaN	NaN	
1205	NaN	NaN	
1206	NaN	NaN	
1207	NaN	NaN	
1208	NaN	NaN	
1209	NaN	NaN	
1210	NaN	NaN	
1211	NaN	NaN	
1212	NaN	NaN	
1213	NaN	NaN	
1214	NaN	NaN	
1215	NaN	NaN	
1216	NaN	NaN	
1217	NaN	NaN	
1218	NaN	NaN	
1219	NaN	NaN	
1220	NaN	NaN	
1221	NaN	NaN	
1222	NaN	NaN	
1223	NaN	NaN	
1224	NaN	NaN	
1225	NaN	NaN	
1226	NaN	NaN	
1227	NaN	NaN	
1228	NaN	NaN	
1229	NaN	NaN	
1230	NaN	NaN	
1231	NaN	NaN	
1232	NaN	NaN	
1233	NaN	NaN	
1234	NaN	NaN	
1235	NaN	NaN	
1236	NaN	NaN	
1237	NaN	NaN	
1238	NaN	NaN	
1239	NaN	NaN	
1240	NaN	NaN	
1241	NaN	NaN	
1242	NaN	NaN	
1243	NaN	NaN	
1244	NaN	NaN	
1245	NaN	NaN	
1246	NaN	NaN	
1247	NaN	NaN	
1248	NaN	NaN	
1249	NaN	NaN	
1250	NaN	NaN	
1251	NaN	NaN	
1252	NaN	NaN	
1253	NaN	NaN	
1254	NaN	NaN	
1255	NaN	NaN	
1256	NaN	NaN	
1257	NaN	NaN	
1258	NaN	NaN	
1259	NaN	NaN	
1260	NaN	NaN	
1261	NaN	NaN	
1262	NaN	NaN	
1263	NaN	NaN	
1264	NaN	NaN	
1265	NaN	NaN	
1266	NaN	NaN	
1267	NaN	NaN	
1268	NaN	NaN	
1269	NaN	NaN	
1270	NaN	NaN	
1271	NaN	NaN	
1272	NaN	NaN	
1273	NaN	NaN	
1274	NaN	NaN	
1275	NaN	NaN	
1276	NaN	NaN	
1277	NaN	NaN	
1278	NaN	NaN	
1279	NaN	NaN	
1280	NaN	NaN	
1281	NaN	NaN	
1282	NaN	NaN	
1283	NaN	NaN	
1284	NaN	NaN	
1285	NaN	NaN	
1286	NaN	NaN	
1287	NaN	NaN	
1288	NaN	NaN	
1289	NaN	NaN	
1290	NaN	NaN	
1291	NaN	NaN	
1292	NaN	NaN	
1293	NaN	NaN	
1294	NaN	NaN	
1295	NaN	NaN	
1296	NaN	NaN	
1297	NaN	NaN	
1298	NaN	NaN	
1299	NaN	NaN	
1300	NaN	NaN	
1301	NaN	NaN	
1302	NaN	NaN	
1303	NaN	NaN	
1304	NaN	NaN	
1305	NaN	NaN	
1306	NaN	NaN	
1307	NaN	NaN	
1308	NaN	NaN	
1309	NaN	NaN	
1310	NaN	NaN	
1311	NaN	NaN	
1312	NaN	NaN	
1313	NaN	NaN	
1314	NaN	NaN	
1315	NaN	NaN	
1316	NaN	NaN	
1317	NaN	NaN	
1318	NaN	NaN	
1319	NaN	NaN	
1320	NaN	NaN	
1321	NaN	NaN	
1322	NaN	NaN	
1323	NaN	NaN	
1324	NaN	NaN	
1325	NaN	NaN	
1326	NaN	NaN	
1327	NaN	NaN	
1328	NaN	NaN	
1329	NaN	NaN	
1330	NaN	NaN	
1331	NaN	NaN	
1332	NaN	NaN	
1333	NaN	NaN	
1334	NaN	NaN	
1335	NaN	NaN	
1336	NaN	NaN	
1337	NaN	NaN	
1338	NaN	NaN	
1339	NaN	NaN	
1340	NaN	NaN	
1341	NaN	NaN	
1342	NaN	NaN	
1343	NaN	NaN	
1344	NaN	NaN	
1345	NaN	NaN	
1346	NaN	NaN	
1347	NaN	NaN	
1348	NaN	NaN	
1349	NaN	NaN	
1350	NaN	NaN	
1351	NaN	NaN	
1352	NaN	NaN	
1353	NaN	NaN	
1354	NaN	NaN	
1355	NaN	NaN	
1356	NaN	NaN	
1357	NaN	NaN	
1358	NaN	NaN	
1359	NaN	NaN	
1360	NaN	NaN	
1361	NaN	NaN	
1362	NaN	NaN	
1363	NaN	NaN	
1364	NaN	NaN	
1365	NaN	NaN	
1366	NaN	NaN	
1367	NaN	NaN	
1368	NaN	NaN	
1369	NaN	NaN	
1370	NaN	NaN	
1371	NaN	NaN	
1372	NaN	NaN	
1373	NaN	NaN	
1374	NaN	NaN	
1375	NaN	NaN	
1376	NaN	NaN	
1377	NaN	NaN	
1378	NaN	NaN	
1379	NaN	NaN	
1380	NaN	NaN	
1381	NaN	NaN	
1382	NaN	NaN	
1383	NaN	NaN	
1384	NaN	NaN	
1385	NaN	NaN	
1386	NaN	NaN	
1387	NaN	NaN	
1388	NaN	NaN	
1389	NaN	NaN	
1390	NaN	NaN	
1391	NaN	NaN	
1392	NaN	NaN	
1393	NaN	NaN	
1394	NaN	NaN	
1395	NaN	NaN	
1396	NaN	NaN	
1397	NaN	NaN	
1398	NaN	NaN	
1399	NaN	NaN	
1400	NaN	NaN	
1401	NaN	NaN	
1402	NaN	NaN	
1403	NaN	NaN	
1404	NaN	NaN	
1405	NaN	NaN	
1406	NaN	NaN	
1407	NaN	NaN	
1408	NaN	NaN	
1409	NaN	NaN	
1410	NaN	NaN	
1411	NaN	NaN	
1412	NaN	NaN	
1413	NaN	NaN	
1414	NaN	NaN	
1415	NaN	NaN	
1416	NaN	NaN	
1417	NaN	NaN	
1418	NaN	NaN	
1419	NaN	NaN	
1420	NaN	NaN	
1421	NaN	NaN	
1422	NaN	NaN	
1423	NaN	NaN	
1424	NaN	NaN	
1425	NaN	NaN	
1426	NaN	NaN	
1427	NaN	NaN	
1428	NaN	NaN	
1429	NaN	NaN	
1430	NaN	NaN	
1431	NaN	NaN	
1432	NaN	NaN	
1433	NaN	NaN	
1434	NaN	NaN	
1435	NaN	NaN	
1436	NaN	NaN	
1437	NaN	NaN	
1438	NaN	NaN	
1439	NaN	NaN	
1440	NaN	NaN	
1441	NaN	NaN	
1442	NaN	NaN	
1443	NaN	NaN	
1444	NaN	NaN	
1445	NaN	NaN	
1446	NaN	NaN	
1447	NaN	NaN	
1448	NaN	NaN	
1449	NaN	NaN	
1450	NaN	NaN	
1451	NaN	NaN	
1452	NaN	NaN	
1453	NaN	NaN	
1454	NaN	NaN	
1455	NaN	NaN	
1456	NaN	NaN	
1457	NaN	NaN	
1458	NaN	NaN	
1459	NaN	NaN	
1460	NaN	NaN	
1461	NaN	NaN	
1462	NaN	NaN	
1463	NaN	NaN	
1464	NaN	NaN	
