Athlete_Engineering	// User ID
11-2-2021	// Evaluation date
P013_Walk2	30-1-2021	12:36:39:383	// Source file name and timestamp
250.000	// Sampling rate
5.392	// Data capture period



Sample #	Right_Leg_Flexion	Right_Leg_Abduction	
0	-92.232113	-157.893714	
1	-92.192592	-156.398888	
2	-92.193482	-154.129450	
3	-92.225719	-155.793555	
4	-92.112769	-151.107532	
5	-92.322233	-151.298366	
6	-92.077341	-151.522909	
7	-92.158811	-153.090774	
8	-92.236634	-157.153815	
9	-92.302986	-152.657074	
10	-92.416716	-151.303862	
11	-92.334356	-153.763209	
12	-92.882579	-155.517852	
13	-94.200970	-164.318858	
14	-91.911502	-150.161761	
15	-91.930157	-152.860141	
16	-92.694553	-156.506507	
17	-94.733330	-164.017384	
18	-94.490829	-165.675296	
19	-94.035309	-167.055171	
20	-91.673006	-150.845221	
21	-91.992553	-149.883564	
22	-91.919578	-149.900268	
23	-92.012070	-150.292174	
24	-92.082684	-155.357985	
25	-92.037097	-155.641222	
26	-92.011299	-151.676443	
27	-92.359490	-161.740061	
28	-93.375333	-168.635980	
29	-92.370437	-155.405797	
30	-94.123198	-171.035254	
31	-94.357466	-168.033226	
32	-93.426366	-171.602608	
33	-91.816462	-154.334986	
34	-91.838335	-154.681875	
35	-92.306084	-161.661523	
36	-93.517898	-175.152353	
37	-91.613258	-150.436950	
38	-92.410521	-163.722064	
39	-93.769832	-178.505679	
40	-93.853844	-177.209303	
41	-93.784804	-179.146826	
42	-93.740876	-177.785880	
43	-93.552154	-177.652218	
44	-93.712716	179.894380	
45	-93.446983	-176.113734	
46	-92.594930	-168.726169	
47	-93.548550	-175.191129	
48	-92.220258	-164.475024	
49	-94.085957	-178.573556	
50	-93.907980	-178.340043	
51	-93.639794	-176.240091	
52	-93.952371	-172.675375	
53	-93.749538	-178.672018	
54	-93.666280	-176.614876	
55	-94.520148	-178.339108	
56	-96.265842	-178.972500	
57	-93.109293	-176.342762	
58	-92.293005	-165.009771	
59	-94.228734	179.031297	
60	-93.704865	-176.998310	
61	-93.603835	-176.861066	
62	-93.531991	-178.033478	
63	-93.531490	-179.340654	
64	-93.580677	-176.350897	
65	-92.989931	-176.439616	
66	-91.984476	-172.447488	
67	-94.023335	177.433708	
68	-93.073354	179.039412	
69	-91.448717	-166.355252	
70	-92.173240	-177.604050	
71	-93.866821	171.010472	
72	-93.208506	175.668919	
73	-91.705477	-176.492820	
74	-92.023634	-175.018509	
75	-91.782269	-178.656902	
76	-92.247936	175.317237	
77	-93.671970	170.525544	
78	-93.321932	168.733735	
79	-93.882873	173.471055	
80	-93.937938	179.034800	
81	-91.431656	173.483449	
82	-92.331318	172.713387	
83	-93.651550	166.969998	
84	-93.551791	170.269960	
85	-93.604170	174.631762	
86	-93.583367	171.748289	
87	-93.519841	176.679731	
88	-93.718979	175.781517	
89	-93.095384	173.515201	
90	-91.943860	-177.051430	
91	-93.405198	165.398482	
92	-93.640054	171.720186	
93	-93.981044	177.399415	
94	-92.687611	165.947664	
95	-91.855866	171.752669	
96	-92.706302	168.049049	
97	-91.009759	177.100563	
98	-91.869821	168.555422	
99	-92.623804	168.613222	
100	-91.071956	163.776669	
101	-93.702614	167.599891	
102	-94.874067	171.749840	
103	-92.073511	157.683130	
104	-92.075270	155.157638	
105	-92.878036	159.991029	
106	-94.725108	165.948495	
107	-92.178639	147.785422	
108	-92.454178	148.408075	
109	-92.303604	151.390329	
110	-92.276621	151.757109	
111	-91.754465	148.819211	
112	-91.609874	149.288742	
113	-91.682043	151.342076	
114	-91.492044	149.890721	
115	-92.227324	164.754107	
116	-93.622219	173.659007	
117	-91.501284	150.135272	
118	-91.630128	149.740470	
119	-91.410462	147.721449	
120	-91.353536	144.789727	
121	-91.439812	150.030819	
122	-91.935827	159.101353	
123	-91.248892	159.859791	
124	-89.794079	35.276698	
125	-91.267750	149.327304	
126	-90.629228	133.094935	
127	-90.814890	133.818504	
128	-90.795374	135.972430	
129	-90.388692	110.456165	
130	-90.677791	120.408506	
131	-90.553662	122.286116	
132	-90.525342	132.772894	
133	-90.368437	135.070462	
134	-90.144169	110.120598	
135	-89.912142	81.407982	
136	-90.200978	107.533238	
137	-90.118432	112.441105	
138	-89.572278	12.739321	
139	-90.102175	-99.068193	
140	-88.937371	6.559869	
141	-88.905653	6.104946	
142	-89.142123	3.171738	
143	-89.102255	26.353987	
144	-88.680985	15.209047	
145	-88.239339	-1.463653	
146	-87.661768	-4.592334	
147	-87.516394	-8.963941	
148	-87.061620	-9.584509	
149	-86.647862	-3.560300	
150	-86.350759	-6.972990	
151	-86.528902	-4.767483	
152	-84.988641	-1.492898	
153	-78.799430	-1.908265	
154	-78.671695	-3.256336	
155	-79.825221	-1.305527	
156	-85.169464	-9.066236	
157	-82.273670	-8.306211	
158	-79.289720	-6.813680	
159	-82.949884	-4.100966	
160	-76.349410	-0.734046	
161	-77.949483	-3.446527	
162	-78.751393	-3.098894	
163	-75.612107	-2.887884	
164	-75.354454	-1.349234	
165	-74.489331	-0.582691	
166	-73.977112	-0.478215	
167	-72.383399	-3.661568	
168	-74.141090	-4.180177	
169	-80.714689	-3.613372	
170	-78.346896	3.551545	
171	-72.680353	2.408423	
172	-69.966938	2.974810	
173	-72.570526	4.125209	
174	-70.638750	2.289702	
175	-68.127388	1.181400	
176	-70.263635	3.748625	
177	-69.154357	3.483972	
178	-65.400821	3.302773	
179	-65.725597	4.393414	
180	-67.419903	6.195205	
181	-66.277050	6.421784	
182	-65.903796	4.379251	
183	-64.577774	6.043766	
184	-66.105664	5.221887	
185	-68.312328	3.351497	
186	-62.377460	6.829136	
187	-62.315085	6.868111	
188	-61.604600	6.760802	
189	-59.075086	6.267229	
190	-61.050026	7.546501	
191	-59.966769	7.116270	
192	-59.614069	7.373962	
193	-58.075488	7.221594	
194	-55.355718	5.456516	
195	-55.113723	5.692209	
196	-54.454092	5.569431	
197	-53.624065	6.236775	
198	-54.795938	6.609060	
199	-56.599686	7.149130	
200	-52.277193	4.823441	
201	-54.283724	4.862141	
202	-54.637684	6.648941	
203	-50.765263	5.121637	
204	-52.435869	4.857576	
205	-54.177710	5.726600	
206	-51.049031	6.141543	
207	-52.922807	7.006677	
208	-50.215902	5.880538	
209	-52.809691	6.089008	
210	-48.852010	5.527226	
211	-51.755658	7.163042	
212	-51.276025	5.807319	
213	-50.113015	5.179806	
214	-47.668318	4.285584	
215	-50.202316	5.624001	
216	-49.813409	5.399708	
217	-49.064053	6.217428	
218	-50.044744	5.105457	
219	-49.184738	4.246332	
220	-46.110776	3.951788	
221	-49.498572	5.058431	
222	-48.329101	5.046507	
223	-48.179380	5.254256	
224	-48.265162	4.540739	
225	-46.881379	4.684363	
226	-44.696946	3.595204	
227	-47.847239	5.082348	
228	-46.122219	4.255412	
229	-45.365429	2.456737	
230	-47.895432	4.954719	
231	-46.217610	4.656174	
232	-43.479019	2.514968	
233	-43.838864	3.664052	
234	-47.465830	3.782026	
235	-49.093312	2.265837	
236	-45.266851	3.763091	
237	-41.394787	1.628040	
238	-48.003291	4.209441	
239	-44.458428	4.620026	
240	-41.600584	2.985620	
241	-43.327969	3.556274	
242	-46.353900	5.204969	
243	-46.450832	4.653328	
244	-47.043567	4.373741	
245	-46.373010	4.620847	
246	-47.268939	3.315433	
247	-46.624028	4.870167	
248	-45.713122	4.432218	
249	-42.815801	3.946904	
250	-48.663872	4.099290	
251	-49.528796	1.566150	
252	-46.096904	5.746597	
253	-47.556626	3.690139	
254	-49.526109	1.960686	
255	-47.492889	5.282105	
256	-47.227153	4.553155	
257	-46.618756	3.555905	
258	-50.561036	2.975411	
259	-46.206490	4.829202	
260	-47.533441	5.129015	
261	-46.952070	5.327934	
262	-48.986490	8.004310	
263	-48.372046	7.338085	
264	-46.969439	4.478737	
265	-49.647112	2.762919	
266	-49.803084	2.501155	
267	-47.933954	7.135842	
268	-55.031583	4.413196	
269	-52.657444	4.657880	
270	-53.036369	8.628965	
271	-54.160006	7.003249	
272	-58.880080	2.137470	
273	-57.594167	2.794627	
274	-55.565396	5.411822	
275	-54.719717	7.042244	
276	-55.091579	6.046853	
277	-55.004919	5.260280	
278	-55.230222	3.896777	
279	-51.485883	4.409388	
280	-57.115246	5.076555	
281	-59.642018	-0.879359	
282	-59.687133	-0.911773	
283	-60.976808	-1.602675	
284	-58.754804	0.904198	
285	-55.500840	5.303870	
286	-56.951371	2.889636	
287	-60.404293	-1.810577	
288	-60.320580	-0.948460	
289	-60.295492	-0.651631	
290	-60.335198	-1.706891	
291	-60.043631	-1.287896	
292	-56.387752	3.253445	
293	-55.917700	1.118867	
294	-59.243546	-3.088257	
295	-60.242072	-5.217644	
296	-53.922109	-0.743105	
297	-54.676562	-2.180251	
298	-56.646077	-1.844392	
299	-61.023847	-9.978186	
300	-66.098174	-17.232760	
301	-63.423485	-14.996618	
302	-62.185570	-16.531502	
303	-68.626661	-20.669893	
304	-60.200111	-16.562064	
305	-70.722635	-24.449350	
306	-68.915548	-20.541926	
307	-66.814407	-19.788082	
308	-58.043309	-14.606053	
309	-57.446372	-8.713174	
310	-66.660615	-19.438167	
311	-56.798571	-9.725363	
312	-53.745951	-8.164403	
313	-54.835082	-7.218126	
314	-54.229157	-9.590978	
315	-55.976474	-15.348899	
316	-63.718920	-15.932084	
317	-63.492495	-16.644022	
318	-59.058956	-11.724004	
319	-59.835213	-12.361716	
320	-71.615644	-25.732549	
321	-71.977948	-26.188387	
322	-61.789416	-14.453598	
323	-63.010404	-16.011522	
324	-70.212752	-27.007779	
325	-64.598686	-22.612706	
326	-70.725978	-28.150680	
327	-72.160914	-29.171656	
328	-61.778090	-20.155434	
329	-66.447181	-23.545698	
330	-66.451211	-22.229623	
331	-64.653838	-23.489280	
332	-62.933138	-16.449600	
333	-58.740351	-16.675197	
334	-59.368679	-16.068726	
335	-58.622173	-16.461944	
336	-61.569265	-17.908403	
337	-76.218251	-35.544342	
338	-63.487140	-22.226727	
339	-65.769372	-23.395119	
340	-64.166914	-21.461970	
341	-66.330877	-23.294565	
342	-58.950706	-15.214319	
343	-57.795027	-13.671158	
344	-79.569986	-40.368385	
345	-67.367254	-24.033361	
346	-71.028925	-25.156172	
347	-74.883681	-33.726117	
348	-70.171367	-23.102309	
349	-70.505803	-25.529916	
350	-67.357214	-24.043725	
351	-71.220351	-27.032514	
352	-67.032431	-24.537765	
353	-66.161239	-21.728743	
354	-75.921964	-35.778917	
355	-68.222588	-25.675662	
356	-64.506799	-20.755675	
357	-71.382724	-28.605760	
358	-69.197814	-22.495816	
359	-71.069543	-27.848142	
360	-73.107408	-30.013206	
361	-74.998518	-31.811756	
362	-72.578610	-27.016510	
363	-77.447730	-37.864004	
364	-62.123791	-16.274080	
365	-63.956598	-15.971504	
366	-74.244796	-27.648191	
367	-72.085815	-25.152439	
368	-71.331128	-25.355329	
369	-69.830704	-25.592996	
370	-70.025808	-26.242612	
371	-69.544914	-21.434100	
372	-69.931471	-22.304263	
373	-71.437599	-22.758449	
374	-75.738063	-31.156946	
375	-71.161176	-24.260387	
376	-71.220627	-24.580219	
377	-72.518362	-25.197620	
378	-77.326305	-30.749564	
379	-77.328566	-30.625296	
380	-77.416520	-28.821835	
381	-77.149876	-32.284612	
382	-77.638538	-26.868222	
383	-77.563754	-26.088893	
384	-78.159730	-28.709366	
385	-78.641234	-28.850861	
386	-78.679422	-28.096942	
387	-79.444158	-29.570138	
388	-78.544933	-26.020783	
389	-78.144785	-25.518116	
390	-79.616132	-28.415525	
391	-77.754515	-23.533742	
392	-79.066757	-24.967353	
393	-81.004253	-32.557457	
394	-80.421857	-30.248694	
395	-81.504944	-34.307870	
396	-81.120884	-30.828004	
397	-81.584204	-34.748926	
398	-80.088467	-26.225094	
399	-82.094562	-34.021026	
400	-81.671159	-34.090734	
401	-80.596336	-28.797526	
402	-81.833102	-32.210975	
403	-82.192273	-33.019320	
404	-82.718833	-35.519291	
405	-81.358711	-31.686240	
406	-82.122746	-31.989975	
407	-83.590524	-37.664897	
408	-82.321513	-29.711218	
409	-84.153379	-41.024363	
410	-84.605555	-43.805164	
411	-83.414626	-37.243611	
412	-85.789390	-56.817718	
413	-85.884200	-51.808661	
414	-85.027664	-47.549286	
415	-85.628788	-53.372615	
416	-83.942958	-38.037624	
417	-86.969900	-58.941415	
418	-86.369673	-55.962614	
419	-87.040983	-60.737765	
420	-87.699413	-66.014356	
421	-86.887864	-59.677365	
422	-87.262058	-61.343256	
423	-88.259888	-69.927919	
424	-88.064850	-68.357470	
425	-87.812332	-63.046094	
426	-88.770085	-74.889705	
427	-88.356560	-70.757813	
428	-89.431282	-83.064548	
429	-90.413927	-94.702731	
430	-89.593718	-85.518464	
431	-89.218206	-81.163634	
432	-89.663583	-86.040721	
433	-89.894501	-88.957883	
434	-89.468006	-84.359191	
435	-90.391423	-94.002217	
436	-89.914436	-89.183746	
437	-91.772421	-108.748904	
438	-90.402548	-93.733001	
439	-85.980784	-58.357955	
440	-92.177123	-114.252444	
441	-91.746330	-109.122216	
442	-90.030515	-90.356178	
443	-85.162368	-49.146590	
444	-84.695604	-46.356497	
445	-87.161466	-64.702812	
446	-92.019231	-112.282049	
447	-86.360226	-55.647024	
448	-91.856322	-111.294797	
449	-86.380323	-58.426973	
450	-93.393344	-131.349309	
451	-90.693679	-97.818883	
452	-86.087797	-55.950588	
453	-91.971056	-114.943136	
454	-88.592780	-74.557639	
455	-85.746539	-49.682321	
456	-92.063400	-120.714409	
457	-86.780989	-51.267313	
458	-95.339286	-155.595917	
459	-94.150677	-132.762210	
460	-86.175090	-46.415062	
461	-90.895241	-99.128579	
462	-88.954563	-79.454645	
463	-90.129846	-91.462785	
464	-93.632011	-148.756125	
465	-96.324088	-148.888918	
466	-96.311605	-149.981839	
467	-95.358385	-150.242305	
468	-90.220617	-93.990580	
469	-90.027684	-90.326699	
470	-92.564796	-131.536430	
471	-85.586869	-34.105684	
472	-94.216888	-138.690073	
473	-83.696514	-21.498962	
474	-81.937363	-10.956008	
475	-83.782070	-12.241132	
476	-93.713565	-147.258331	
477	-90.755165	-113.593479	
478	-87.673858	-43.794873	
479	-80.980326	-7.524145	
480	-82.053356	-20.496911	
481	-82.435275	-16.839748	
482	-76.040994	0.451901	
483	-74.695122	-2.075640	
484	-73.152982	3.875808	
485	-75.447033	0.355957	
486	-77.663936	3.133630	
487	-78.638920	-2.677461	
488	-84.502086	-16.439795	
489	-82.189299	-8.199846	
490	-75.001994	3.798137	
491	-73.606107	4.147639	
492	-69.635297	1.894316	
493	-70.793153	4.703850	
494	-73.437012	6.930868	
495	-73.011889	3.827236	
496	-70.401542	-0.970437	
497	-65.584576	5.615126	
498	-71.076008	6.150299	
499	-69.132010	5.205222	
500	-62.109069	4.034952	
501	-63.969164	0.844999	
502	-68.290467	-2.893550	
503	-65.838412	8.353196	
504	-65.669421	5.695137	
505	-64.808446	6.793212	
506	-65.694722	4.353918	
507	-66.948040	1.155392	
508	-63.659310	4.605552	
509	-63.925678	4.225187	
510	-64.398115	0.466290	
511	-66.010298	-1.571787	
512	-61.284809	3.312816	
513	-59.714560	6.049871	
514	-60.371442	5.474026	
515	-59.308259	5.865004	
516	-58.973492	6.819874	
517	-58.775137	6.898077	
518	-58.640600	6.539140	
519	-54.716198	6.079506	
520	-48.804105	3.611462	
521	-58.586450	7.667728	
522	-57.189582	6.393141	
523	-60.117552	1.993928	
524	-54.541741	9.610212	
525	-54.393919	10.032849	
526	-52.877849	9.664431	
527	-47.875997	10.577117	
528	-53.864631	8.879038	
529	-56.267407	3.552761	
530	-53.233680	9.699820	
531	-51.939185	10.244968	
532	-51.970637	6.850816	
533	-56.303220	0.589458	
534	-49.674716	8.555517	
535	-47.882086	8.993611	
536	-52.969230	6.046093	
537	-56.181781	-3.008924	
538	-50.455772	7.554855	
539	-49.773406	8.919321	
540	-50.355877	10.420763	
541	-50.736741	7.541192	
542	-51.306204	7.470900	
543	-50.811735	7.080923	
544	-48.486088	6.935199	
545	-51.114120	7.132654	
546	-46.236860	-3.038884	
547	NaN	NaN	
548	-35.666928	7.521944	
549	-45.615197	4.371691	
550	-50.664113	6.984925	
551	-50.608684	6.014106	
552	-52.818943	5.469823	
553	-55.874112	3.197249	
554	-57.839302	-1.471401	
555	-43.812532	6.158998	
556	-50.115228	2.393668	
557	-61.652344	-1.257309	
558	-53.595953	6.024897	
559	-40.790426	8.593781	
560	-45.662206	9.918910	
561	-46.345673	9.563645	
562	-56.036292	-5.411234	
563	-55.374535	-5.080236	
564	-57.405840	-5.536988	
565	-58.142047	-9.261687	
566	-56.683968	-8.639327	
567	-58.629248	-8.739906	
568	-55.234430	4.702069	
569	-47.605601	6.040622	
570	-57.727678	6.679157	
571	-61.375815	11.131494	
572	-58.128712	7.807829	
573	-51.851961	8.279303	
574	-63.026167	13.011404	
575	-58.571797	6.487834	
576	-52.961726	8.522719	
577	-61.194277	17.206468	
578	-58.814385	0.957430	
579	-52.970821	6.885160	
580	-57.212925	4.217832	
581	-64.118117	3.125059	
582	-66.905310	-6.052016	
583	-59.212022	-4.279770	
584	-63.063887	-9.222033	
585	-55.978153	0.819935	
586	-56.149012	0.773294	
587	-56.973047	-0.308164	
588	-57.996838	-5.137084	
589	-60.684523	-9.766875	
590	-58.590036	-9.753423	
591	-55.045972	-1.733486	
592	-57.762800	-11.018132	
593	-64.637307	-17.079206	
594	-59.237768	-13.640307	
595	-58.244594	-11.999040	
596	-59.135690	-9.652282	
597	-68.702482	-15.860343	
598	-66.942281	-17.212894	
599	-67.682299	-18.926250	
600	-67.369478	-16.251843	
601	-66.886909	-16.227945	
602	-67.086071	-14.591657	
603	-67.553097	-12.807498	
604	-67.043075	-14.030605	
605	-66.489480	-20.533029	
606	-65.463865	-18.287188	
607	-61.625287	-10.936679	
608	-62.386836	-12.082680	
609	-59.200640	-7.767170	
610	-67.168037	-11.139953	
611	-66.504424	-10.300909	
612	-67.280483	-14.305066	
613	-69.284982	-18.426923	
614	-69.349786	-23.178978	
615	-73.219793	-22.355603	
616	-71.058177	-2.897492	
617	-68.046714	-5.415800	
618	-67.482719	-5.277958	
619	-67.207298	-17.625836	
620	-71.007868	-20.132143	
621	-70.152420	-20.022741	
622	-66.961555	-14.345025	
623	-70.106931	-21.634686	
624	-62.886954	-15.960256	
625	-63.812520	-14.983490	
626	-73.217213	-23.900762	
627	-66.474458	-17.742919	
628	-56.453263	-14.109044	
629	-62.921453	-16.304583	
630	-63.335107	-16.263203	
631	-64.483166	-16.669811	
632	-66.294289	-18.111112	
633	-63.273206	-12.896935	
634	-66.668948	-13.433248	
635	-69.771938	-19.117765	
636	-68.168415	-19.390336	
637	-65.946579	-18.521877	
638	-67.455311	-20.407613	
639	-63.747713	-12.869162	
640	-66.212205	-16.060999	
641	-65.011217	-11.681839	
642	-67.902042	-15.929730	
643	-70.647035	-20.001768	
644	-68.937293	-17.236392	
645	-66.418048	-14.859189	
646	-65.805082	-12.244361	
647	-64.610499	-11.745572	
648	-68.684615	-17.773410	
649	-65.429289	-12.208271	
650	-63.940498	-11.959286	
651	12.223742	-44.145424	
652	-51.893981	-20.324427	
653	-82.728895	-40.775799	
654	-78.839879	-30.840660	
655	-75.046846	-20.556205	
656	-75.095605	-22.788948	
657	-77.088342	-24.955845	
658	-77.004729	-25.116398	
659	-78.542295	-27.273625	
660	-82.451743	-39.572529	
661	-80.902963	-36.416561	
662	-76.967269	-24.839392	
663	-79.091099	-31.032142	
664	-84.248040	-48.008268	
665	-82.267004	-38.084819	
666	-78.010958	-23.910090	
667	-85.885683	-51.708919	
668	NaN	NaN	
669	-72.068112	-20.321293	
670	-81.077509	-32.263610	
671	-85.602581	-54.456890	
672	-85.354813	-52.974133	
673	-78.039779	-26.241222	
674	-75.775320	-22.891678	
675	-89.272225	-82.702969	
676	-85.674396	-49.032170	
677	-80.668855	-29.806123	
678	-84.891299	-51.567188	
679	-87.000479	-60.914641	
680	-87.053245	-64.145747	
681	-85.539764	-42.840214	
682	-79.363769	-24.082325	
683	-84.822174	-44.822324	
684	-82.327196	-27.379107	
685	-82.549604	-29.742629	
686	-84.460989	-45.798894	
687	-89.441701	-84.264639	
688	-89.462425	-85.708773	
689	-89.831268	-88.650230	
690	-90.440584	-93.507514	
691	-89.106406	-83.451449	
692	-91.529754	-102.726902	
693	-91.558309	-103.025924	
694	-91.961567	-106.537123	
695	-92.070619	-106.945795	
696	-95.531850	-131.135616	
697	-97.141449	-142.059561	
698	-84.663697	-57.292350	
699	-86.633883	-63.985091	
700	-90.892180	-97.434031	
701	-88.263468	-78.076804	
702	-93.758259	-119.853813	
703	-93.772976	-117.381844	
704	-93.135861	-113.549121	
705	-95.313750	-128.484337	
706	-90.000818	-90.008222	
707	-86.311493	-59.014911	
708	-98.809880	-136.464298	
709	-95.512562	-126.944776	
710	-95.979397	-127.376900	
711	-90.232147	-92.480045	
712	-88.104485	-69.914047	
713	-92.843997	-113.202039	
714	-86.671467	-59.106166	
715	-95.139268	-127.550583	
716	-92.811053	-113.175632	
717	-87.768391	-70.301902	
718	-99.253306	-146.261399	
719	-100.215074	-157.723687	
720	-87.234128	-62.938415	
721	-93.546303	-117.874817	
722	-83.963994	-53.096191	
723	-88.608327	-79.641228	
724	-90.070115	-90.810483	
725	-89.748241	-88.142602	
726	-91.892436	-103.903085	
727	-92.103780	-107.841971	
728	-85.983458	-62.899743	
729	-84.912531	-49.225097	
730	-78.022861	-24.767004	
731	-77.850667	-23.680965	
732	-83.358700	-29.073220	
733	-86.978308	-42.706301	
734	-81.194699	-21.494325	
735	-91.095399	-153.955373	
736	-84.237016	24.849533	
737	-80.535783	-21.171439	
738	-88.932391	-57.438452	
739	-88.192046	-60.454050	
740	-87.402305	-49.071242	
741	-87.325150	-15.015835	
742	-79.545843	16.699664	
743	-77.648837	-9.535466	
744	-87.378138	-28.054057	
745	-84.230857	-10.697886	
746	-86.675510	-18.487925	
747	-77.789194	-3.491014	
748	-80.112430	-0.974927	
749	-82.749647	-4.823242	
750	-80.955278	5.652839	
751	-79.375058	4.548123	
752	-79.386568	6.978288	
753	-79.536897	13.198670	
754	-78.115088	8.636276	
755	-76.316672	5.572671	
756	-71.725349	9.383950	
757	-71.594004	7.744242	
758	-75.316764	11.849434	
759	-73.476928	13.971023	
760	-73.802658	6.247883	
761	-75.571124	9.614926	
762	-62.958769	6.218586	
763	-71.982195	4.459488	
764	-70.835949	5.103436	
765	-71.915670	2.383002	
766	-72.684540	-1.382369	
767	-67.844817	4.605655	
768	-67.462021	1.791182	
769	-68.342942	0.429778	
770	-66.518964	1.358105	
771	-62.916754	3.768721	
772	-65.965257	-1.363397	
773	-63.761116	-2.781371	
774	NaN	NaN	
775	NaN	NaN	
776	NaN	NaN	
777	NaN	NaN	
778	NaN	NaN	
779	NaN	NaN	
780	NaN	NaN	
781	NaN	NaN	
782	-65.596930	-1.070674	
783	-65.432060	0.783542	
784	-66.286287	-2.303772	
785	-65.504154	3.080116	
786	-60.403599	9.010965	
787	-60.027148	3.250280	
788	-59.388252	3.430118	
789	-59.501052	3.441058	
790	-60.392480	4.411717	
791	-62.011528	1.745426	
792	-58.510671	7.836813	
793	-60.673483	6.884965	
794	-63.113816	11.750293	
795	-59.059296	5.716610	
796	-65.557760	19.578240	
797	-60.585810	13.510944	
798	-58.640008	13.048843	
799	-59.966151	15.330380	
800	-59.066888	11.338156	
801	-59.943075	3.026183	
802	-56.945491	4.443115	
803	-60.539235	1.697879	
804	-56.668082	5.888028	
805	-56.635528	9.575956	
806	-56.181408	3.483501	
807	-56.957038	7.905747	
808	-57.313217	10.958143	
809	-57.729261	7.053409	
810	-59.008534	9.912824	
811	-60.163062	15.742892	
812	-59.399818	16.159450	
813	-58.864866	14.379370	
814	-58.626477	11.282867	
815	-58.118963	11.160362	
816	-58.633109	10.494164	
817	-59.077903	9.498904	
818	-59.684397	8.992165	
819	-59.933341	10.308170	
820	-60.303873	11.076637	
821	-60.659647	11.262073	
822	-60.892698	8.333257	
823	-62.266905	12.049596	
824	-61.955958	6.574529	
825	-61.694607	9.968601	
826	-64.639133	9.394905	
827	-65.062444	7.680001	
828	-65.308924	11.582064	
829	-66.161863	11.312109	
830	-66.205822	13.379425	
831	-66.796672	11.754145	
832	-66.401830	10.906828	
833	-70.644317	20.331674	
834	-71.075149	20.114025	
835	-67.441695	8.163135	
836	-67.798940	8.371038	
837	-68.571007	10.119826	
838	-68.352738	12.132634	
839	-66.777124	2.013493	
840	-65.709946	0.393692	
841	-65.687563	-1.331507	
842	-66.496205	2.476385	
843	-66.386267	-0.588044	
844	-65.886433	-0.993461	
845	-66.845263	1.652860	
846	-66.525726	0.731722	
847	-67.303063	10.603759	
848	-65.387646	-0.750804	
849	-66.911688	2.861308	
850	-66.058393	-0.502606	
851	-65.279593	-2.579515	
852	-65.566213	0.542680	
853	-65.513514	-0.690559	
854	-65.125434	-0.087406	
855	-64.777921	-2.394549	
856	-65.747872	-0.156968	
857	-64.746179	-1.466011	
858	-66.257624	-1.949400	
859	-65.830060	-3.038204	
860	-65.398647	-1.572705	
861	-66.885437	-1.178210	
862	-68.362244	1.259781	
863	-69.126728	1.145049	
864	-69.631059	-9.114120	
865	-66.051869	-6.812014	
866	-67.278641	-4.991206	
867	-68.758038	-0.169470	
868	-67.158011	-9.913263	
869	NaN	NaN	
870	NaN	NaN	
871	NaN	NaN	
872	NaN	NaN	
873	NaN	NaN	
874	NaN	NaN	
875	NaN	NaN	
876	NaN	NaN	
877	NaN	NaN	
878	NaN	NaN	
879	NaN	NaN	
880	NaN	NaN	
881	NaN	NaN	
882	NaN	NaN	
883	NaN	NaN	
884	NaN	NaN	
885	NaN	NaN	
886	NaN	NaN	
887	NaN	NaN	
888	NaN	NaN	
889	NaN	NaN	
890	NaN	NaN	
891	NaN	NaN	
892	NaN	NaN	
893	NaN	NaN	
894	NaN	NaN	
895	NaN	NaN	
896	NaN	NaN	
897	NaN	NaN	
898	-68.226953	-11.927231	
899	-68.022512	-9.723354	
900	-68.451373	-7.626577	
901	NaN	NaN	
902	-67.816754	-9.854992	
903	-69.816128	-8.811820	
904	-71.541481	-3.368065	
905	-70.267440	-11.738607	
906	NaN	NaN	
907	NaN	NaN	
908	NaN	NaN	
909	NaN	NaN	
910	NaN	NaN	
911	NaN	NaN	
912	NaN	NaN	
913	NaN	NaN	
914	NaN	NaN	
915	NaN	NaN	
916	NaN	NaN	
917	NaN	NaN	
918	NaN	NaN	
919	NaN	NaN	
920	-75.801046	-2.919347	
921	-72.376758	-4.120710	
922	-74.269617	5.678392	
923	-76.161162	14.342230	
924	-72.501277	4.232980	
925	-75.929982	-19.533911	
926	-77.121659	-2.810946	
927	NaN	NaN	
928	NaN	NaN	
929	NaN	NaN	
930	NaN	NaN	
931	NaN	NaN	
932	NaN	NaN	
933	NaN	NaN	
934	NaN	NaN	
935	-78.825306	5.196110	
936	-79.291487	12.044798	
937	-78.136795	3.979820	
938	-75.788081	9.545275	
939	-77.124476	3.152172	
940	-76.301074	-20.995510	
941	NaN	NaN	
942	NaN	NaN	
943	NaN	NaN	
944	NaN	NaN	
945	NaN	NaN	
946	NaN	NaN	
947	NaN	NaN	
948	NaN	NaN	
949	NaN	NaN	
950	NaN	NaN	
951	NaN	NaN	
952	NaN	NaN	
953	NaN	NaN	
954	NaN	NaN	
955	NaN	NaN	
956	NaN	NaN	
957	NaN	NaN	
958	NaN	NaN	
959	NaN	NaN	
960	NaN	NaN	
961	NaN	NaN	
962	NaN	NaN	
963	NaN	NaN	
964	NaN	NaN	
965	-77.559352	-16.990711	
966	-86.676643	-59.138412	
967	-87.966221	-42.151947	
968	-78.961154	-16.204923	
969	-82.130781	-25.972980	
970	NaN	NaN	
971	NaN	NaN	
972	NaN	NaN	
973	NaN	NaN	
974	NaN	NaN	
975	NaN	NaN	
976	-82.436235	-34.168527	
977	-81.658492	-27.977291	
978	-80.905143	-21.304204	
979	-79.323570	-33.208975	
980	-78.384662	-43.893340	
981	-81.216591	-23.998393	
982	-76.739514	-59.475606	
983	-112.095771	-98.158058	
984	-98.263761	-94.499651	
985	-78.849561	57.698333	
986	NaN	NaN	
987	NaN	NaN	
988	-77.868501	51.747394	
989	NaN	NaN	
990	NaN	NaN	
991	NaN	NaN	
992	NaN	NaN	
993	132.176274	117.062283	
994	-56.924616	70.322847	
995	NaN	NaN	
996	NaN	NaN	
997	NaN	NaN	
998	NaN	NaN	
999	NaN	NaN	
1000	NaN	NaN	
1001	NaN	NaN	
1002	NaN	NaN	
1003	NaN	NaN	
1004	NaN	NaN	
1005	NaN	NaN	
1006	NaN	NaN	
1007	NaN	NaN	
1008	NaN	NaN	
1009	NaN	NaN	
1010	NaN	NaN	
1011	NaN	NaN	
1012	NaN	NaN	
1013	NaN	NaN	
1014	NaN	NaN	
1015	NaN	NaN	
1016	NaN	NaN	
1017	NaN	NaN	
1018	NaN	NaN	
1019	NaN	NaN	
1020	NaN	NaN	
1021	NaN	NaN	
1022	NaN	NaN	
1023	NaN	NaN	
1024	NaN	NaN	
1025	NaN	NaN	
1026	NaN	NaN	
1027	NaN	NaN	
1028	NaN	NaN	
1029	NaN	NaN	
1030	NaN	NaN	
1031	NaN	NaN	
1032	NaN	NaN	
1033	NaN	NaN	
1034	NaN	NaN	
1035	NaN	NaN	
1036	NaN	NaN	
1037	NaN	NaN	
1038	NaN	NaN	
1039	NaN	NaN	
1040	NaN	NaN	
1041	NaN	NaN	
1042	NaN	NaN	
1043	NaN	NaN	
1044	NaN	NaN	
1045	NaN	NaN	
1046	NaN	NaN	
1047	NaN	NaN	
1048	NaN	NaN	
1049	NaN	NaN	
1050	NaN	NaN	
1051	NaN	NaN	
1052	NaN	NaN	
1053	NaN	NaN	
1054	NaN	NaN	
1055	NaN	NaN	
1056	NaN	NaN	
1057	NaN	NaN	
1058	NaN	NaN	
1059	NaN	NaN	
1060	NaN	NaN	
1061	NaN	NaN	
1062	NaN	NaN	
1063	NaN	NaN	
1064	NaN	NaN	
1065	NaN	NaN	
1066	NaN	NaN	
1067	NaN	NaN	
1068	NaN	NaN	
1069	NaN	NaN	
1070	NaN	NaN	
1071	NaN	NaN	
1072	NaN	NaN	
1073	NaN	NaN	
1074	NaN	NaN	
1075	NaN	NaN	
1076	NaN	NaN	
1077	NaN	NaN	
1078	NaN	NaN	
1079	NaN	NaN	
1080	NaN	NaN	
1081	NaN	NaN	
1082	NaN	NaN	
1083	NaN	NaN	
1084	NaN	NaN	
1085	NaN	NaN	
1086	NaN	NaN	
1087	NaN	NaN	
1088	NaN	NaN	
1089	NaN	NaN	
1090	NaN	NaN	
1091	NaN	NaN	
1092	NaN	NaN	
1093	NaN	NaN	
1094	NaN	NaN	
1095	NaN	NaN	
1096	NaN	NaN	
1097	NaN	NaN	
1098	NaN	NaN	
1099	NaN	NaN	
1100	NaN	NaN	
1101	NaN	NaN	
1102	NaN	NaN	
1103	NaN	NaN	
1104	NaN	NaN	
1105	NaN	NaN	
1106	NaN	NaN	
1107	NaN	NaN	
1108	NaN	NaN	
1109	NaN	NaN	
1110	NaN	NaN	
1111	NaN	NaN	
1112	NaN	NaN	
1113	NaN	NaN	
1114	NaN	NaN	
1115	NaN	NaN	
1116	NaN	NaN	
1117	NaN	NaN	
1118	NaN	NaN	
1119	NaN	NaN	
1120	NaN	NaN	
1121	NaN	NaN	
1122	NaN	NaN	
1123	NaN	NaN	
1124	NaN	NaN	
1125	NaN	NaN	
1126	NaN	NaN	
1127	NaN	NaN	
1128	NaN	NaN	
1129	NaN	NaN	
1130	NaN	NaN	
1131	NaN	NaN	
1132	NaN	NaN	
1133	NaN	NaN	
1134	NaN	NaN	
1135	NaN	NaN	
1136	NaN	NaN	
1137	NaN	NaN	
1138	NaN	NaN	
1139	NaN	NaN	
1140	NaN	NaN	
1141	NaN	NaN	
1142	NaN	NaN	
1143	NaN	NaN	
1144	NaN	NaN	
1145	NaN	NaN	
1146	NaN	NaN	
1147	NaN	NaN	
1148	NaN	NaN	
1149	NaN	NaN	
1150	NaN	NaN	
1151	NaN	NaN	
1152	NaN	NaN	
1153	NaN	NaN	
1154	NaN	NaN	
1155	NaN	NaN	
1156	NaN	NaN	
1157	NaN	NaN	
1158	NaN	NaN	
1159	NaN	NaN	
1160	NaN	NaN	
1161	NaN	NaN	
1162	NaN	NaN	
1163	NaN	NaN	
1164	NaN	NaN	
1165	NaN	NaN	
1166	NaN	NaN	
1167	NaN	NaN	
1168	NaN	NaN	
1169	NaN	NaN	
1170	NaN	NaN	
1171	NaN	NaN	
1172	NaN	NaN	
1173	NaN	NaN	
1174	NaN	NaN	
1175	NaN	NaN	
1176	NaN	NaN	
1177	NaN	NaN	
1178	NaN	NaN	
1179	NaN	NaN	
1180	NaN	NaN	
1181	NaN	NaN	
1182	NaN	NaN	
1183	NaN	NaN	
1184	NaN	NaN	
1185	NaN	NaN	
1186	NaN	NaN	
1187	NaN	NaN	
1188	NaN	NaN	
1189	NaN	NaN	
1190	NaN	NaN	
1191	NaN	NaN	
1192	NaN	NaN	
1193	NaN	NaN	
1194	NaN	NaN	
1195	NaN	NaN	
1196	NaN	NaN	
1197	NaN	NaN	
1198	NaN	NaN	
1199	NaN	NaN	
1200	NaN	NaN	
1201	NaN	NaN	
1202	NaN	NaN	
1203	NaN	NaN	
1204	NaN	NaN	
1205	NaN	NaN	
1206	NaN	NaN	
1207	NaN	NaN	
1208	NaN	NaN	
1209	NaN	NaN	
1210	NaN	NaN	
1211	NaN	NaN	
1212	NaN	NaN	
1213	NaN	NaN	
1214	NaN	NaN	
1215	NaN	NaN	
1216	NaN	NaN	
1217	NaN	NaN	
1218	NaN	NaN	
1219	NaN	NaN	
1220	NaN	NaN	
1221	NaN	NaN	
1222	NaN	NaN	
1223	NaN	NaN	
1224	NaN	NaN	
1225	NaN	NaN	
1226	NaN	NaN	
1227	NaN	NaN	
1228	NaN	NaN	
1229	NaN	NaN	
1230	NaN	NaN	
1231	NaN	NaN	
1232	NaN	NaN	
1233	NaN	NaN	
1234	NaN	NaN	
1235	NaN	NaN	
1236	NaN	NaN	
1237	NaN	NaN	
1238	NaN	NaN	
1239	NaN	NaN	
1240	NaN	NaN	
1241	NaN	NaN	
1242	-19.741839	80.135607	
1243	-5.891389	74.792498	
1244	-5.044943	75.152412	
1245	-16.118686	80.970164	
1246	-15.128718	80.638218	
1247	-35.346555	84.174919	
1248	-37.140444	84.372538	
1249	-34.772963	84.126367	
1250	-14.993858	81.006177	
1251	-36.518905	84.103335	
1252	-38.559543	84.071254	
1253	-14.982979	80.725041	
1254	-14.664138	80.708610	
1255	-12.566539	81.051946	
1256	-10.893485	80.411280	
1257	-19.259162	81.533203	
1258	-19.466845	81.751632	
1259	-22.566134	81.637852	
1260	-15.014761	80.952308	
1261	-8.648222	81.177740	
1262	-19.395080	81.182611	
1263	-20.936443	82.210030	
1264	-42.589645	85.104925	
1265	-41.648044	84.638746	
1266	-18.183269	81.816696	
1267	NaN	NaN	
1268	NaN	NaN	
1269	NaN	NaN	
1270	NaN	NaN	
1271	NaN	NaN	
1272	NaN	NaN	
1273	NaN	NaN	
1274	NaN	NaN	
1275	NaN	NaN	
1276	NaN	NaN	
1277	NaN	NaN	
1278	NaN	NaN	
1279	NaN	NaN	
1280	NaN	NaN	
1281	NaN	NaN	
1282	NaN	NaN	
1283	NaN	NaN	
1284	NaN	NaN	
1285	NaN	NaN	
1286	NaN	NaN	
1287	NaN	NaN	
1288	NaN	NaN	
1289	NaN	NaN	
1290	-34.763831	80.828061	
1291	-19.481103	76.080111	
1292	-19.934288	76.485059	
1293	NaN	NaN	
1294	NaN	NaN	
1295	NaN	NaN	
1296	NaN	NaN	
1297	NaN	NaN	
1298	NaN	NaN	
1299	NaN	NaN	
1300	NaN	NaN	
1301	-29.460311	80.199789	
1302	-49.009334	82.610562	
1303	-48.093412	82.264648	
1304	-47.294177	82.087753	
1305	-47.058216	81.445423	
1306	-49.835988	82.047357	
1307	-44.597757	81.585771	
1308	-47.452876	82.071477	
1309	-32.978824	78.700490	
1310	-34.135580	78.129126	
1311	-49.410608	81.983588	
1312	-48.893650	81.796092	
1313	-50.236255	81.830045	
1314	-59.143030	83.517978	
1315	-48.320442	80.861063	
1316	-51.902487	81.336185	
1317	-50.926000	81.211271	
1318	-50.792895	81.263211	
1319	-50.136590	81.331018	
1320	-69.697785	85.532301	
1321	-68.465901	84.740270	
1322	-51.916665	80.971410	
1323	-52.303420	81.029773	
1324	-50.284822	80.705423	
1325	-66.514575	84.346815	
1326	-70.169490	85.317613	
1327	-33.069853	73.701518	
1328	-33.128019	73.411842	
1329	-33.439289	73.497365	
1330	-33.344804	73.746951	
1331	-32.542446	73.716553	
1332	-30.552728	72.362584	
1333	-31.909645	72.695516	
1334	-32.509110	74.121152	
1335	-33.693086	74.057412	
1336	-34.434158	76.315635	
1337	-35.329432	75.538094	
1338	-35.493131	75.307963	
1339	-34.831239	75.216167	
1340	-33.915918	74.922511	
1341	-35.015098	74.798753	
1342	-32.769634	73.931736	
1343	-30.255377	72.897789	
1344	-36.896535	75.046038	
1345	NaN	NaN	
1346	NaN	NaN	
1347	NaN	NaN	
1348	NaN	NaN	
