Athlete_Engineering	// User ID
11-2-2021	// Evaluation date
P013_Walk3	30-1-2021	12:33:30:982	// Source file name and timestamp
250.000	// Sampling rate
5.799	// Data capture period



Sample #	Right_Leg_Flexion	Right_Leg_Abduction	
0	-92.304885	-159.166023	
1	-90.999470	-134.488351	
2	-90.351139	-106.440627	
3	-90.598811	-115.520854	
4	-92.522067	-161.812530	
5	-92.978228	-166.307000	
6	-92.958117	-165.207206	
7	-92.364181	-166.335933	
8	-92.141935	-166.568257	
9	-92.247234	-171.530914	
10	-90.389977	-139.290051	
11	-90.657035	-138.579160	
12	-92.584804	-170.831331	
13	-92.900144	-171.384902	
14	-91.609296	-151.952258	
15	-92.430590	-164.654618	
16	-91.015091	-138.363189	
17	-91.150104	-139.119065	
18	-91.936049	-156.970286	
19	-92.747405	-170.936638	
20	-92.203437	-163.369115	
21	-90.012843	-90.576525	
22	-92.250815	-160.094724	
23	-92.884097	-166.948800	
24	-92.002133	-156.533691	
25	-92.247486	-160.605005	
26	-92.145441	-164.786294	
27	-92.011248	-162.660352	
28	-92.263917	-160.199466	
29	-91.300118	-148.825104	
30	-91.347273	-147.488470	
31	-92.631161	-162.195949	
32	-92.350750	-160.354795	
33	-92.382663	-161.848110	
34	-92.508837	-161.211555	
35	-91.548984	-156.193432	
36	-92.604724	-167.200112	
37	-93.417206	-163.978362	
38	-93.588616	-164.211298	
39	-92.481196	-167.408314	
40	-92.399215	-164.168595	
41	-94.625724	-170.136706	
42	-92.656234	-168.908637	
43	-92.022097	-161.501494	
44	-92.799851	-165.196067	
45	-92.437832	-160.204836	
46	-92.183126	-162.853062	
47	-90.149467	-106.684936	
48	-91.465812	-155.554329	
49	-91.657982	-158.931751	
50	-89.494590	-51.964849	
51	-89.459430	-47.516415	
52	-91.147355	-146.871032	
53	-91.122229	-145.346541	
54	-89.448890	-51.921426	
55	-88.694126	-23.248725	
56	-90.274793	-115.075599	
57	-92.233290	-160.511907	
58	-91.902671	-160.223196	
59	-92.060802	-162.605282	
60	-91.588761	-155.936053	
61	-91.442625	-153.412514	
62	-91.414011	-152.039683	
63	-91.426126	-151.828485	
64	-91.500303	-155.193187	
65	-91.373987	-151.919934	
66	-91.747786	-159.035599	
67	-90.845475	-133.343205	
68	-89.791564	-79.277728	
69	-89.969388	-88.280971	
70	-89.837676	-80.915269	
71	-89.838954	-80.198325	
72	-89.381303	-61.817534	
73	-89.214440	-58.050583	
74	-89.357514	-57.350131	
75	-90.035394	-92.152023	
76	-90.827062	-134.170640	
77	-89.549596	-60.916776	
78	-90.190175	-102.882481	
79	-90.682712	-122.345500	
80	-90.807139	-126.906688	
81	-89.671354	-62.052289	
82	-89.797561	-72.610569	
83	-90.689339	-132.014831	
84	-88.825470	-30.416317	
85	-89.244924	-44.222335	
86	-88.887874	-33.471951	
87	-88.713434	-26.167448	
88	-88.595347	-22.561459	
89	-90.292907	-114.097725	
90	-91.770691	-160.690620	
91	-91.590301	-155.815676	
92	-91.139603	-154.524514	
93	-90.883342	-149.696585	
94	-91.283762	-160.704637	
95	-91.915375	-165.279524	
96	-91.426840	-158.620866	
97	-90.825042	-157.255573	
98	-91.526605	-156.417475	
99	-91.224779	-154.320850	
100	-91.205376	-157.667527	
101	-90.706272	-125.447184	
102	-89.535383	-69.877484	
103	-90.700324	-129.771894	
104	-90.996107	-134.157337	
105	-89.324057	-55.732376	
106	-87.688967	-24.885030	
107	-87.862633	-19.889153	
108	-86.866879	-32.134382	
109	-85.752340	-41.734863	
110	-85.591907	-36.937259	
111	-87.015607	-47.780861	
112	-88.739429	-68.872177	
113	-88.143119	-59.707035	
114	-89.766091	-85.805811	
115	-91.113825	-107.610452	
116	-91.097298	-108.701668	
117	-90.349387	-96.561666	
118	-89.659509	-84.460046	
119	-89.797797	-86.326473	
120	-89.387399	-77.742784	
121	-88.146306	-58.614565	
122	-87.196282	-46.476321	
123	-87.324332	-47.925445	
124	-87.169395	-47.674867	
125	-86.859766	-45.431962	
126	-87.228184	-49.552149	
127	-86.422292	-45.453269	
128	-84.927659	-36.589105	
129	-87.263676	-52.885774	
130	-89.442668	-81.230700	
131	-87.050199	-51.708989	
132	-87.895901	-61.125000	
133	-90.651272	-99.687814	
134	-88.941293	-74.119425	
135	-88.270907	-64.852892	
136	-89.232892	-78.479936	
137	-89.215495	-78.354256	
138	-89.209556	-78.249952	
139	-89.696476	-85.235482	
140	-87.711120	-58.419238	
141	-85.507857	-41.221511	
142	-86.637158	-50.769223	
143	-86.930112	-53.360895	
144	-87.067327	-53.917801	
145	-85.986118	-44.925322	
146	-85.146966	-38.556256	
147	-88.623645	-68.483123	
148	-91.501755	-115.588107	
149	-90.956091	-106.115015	
150	-89.728661	-85.601439	
151	-88.414669	-67.895080	
152	-88.444822	-69.381433	
153	-89.358447	-80.776958	
154	-89.431936	-81.507194	
155	-89.481990	-82.674030	
156	-87.741030	-62.053908	
157	-84.493316	-38.968179	
158	-84.389644	-40.425234	
159	-88.108203	-67.096863	
160	-90.470590	-96.824098	
161	-88.457667	-67.963612	
162	-90.256768	-94.541961	
163	-92.084699	-125.004249	
164	-89.606985	-83.416919	
165	-88.421653	-63.524398	
166	-88.437829	-66.640480	
167	-89.126325	-77.915513	
168	-89.316978	-80.375510	
169	-89.574360	-84.413477	
170	-89.332896	-81.433757	
171	-90.119201	-91.594059	
172	-90.684467	-99.981010	
173	-90.016265	-90.249620	
174	-91.228678	-108.955597	
175	-91.904909	-118.352620	
176	-88.724907	-72.620892	
177	-86.913183	-53.754680	
178	-87.766360	-60.902770	
179	-86.838848	-53.486264	
180	-87.340189	-60.589996	
181	-88.299101	-71.090267	
182	-87.813882	-65.617305	
183	-87.931317	-65.827070	
184	-87.970176	-65.629966	
185	-87.777128	-62.815847	
186	-85.880427	-47.886070	
187	-85.974862	-49.469278	
188	-86.064122	-50.986506	
189	-85.546091	-45.530882	
190	-87.620506	-59.468089	
191	NaN	NaN	
192	NaN	NaN	
193	NaN	NaN	
194	NaN	NaN	
195	NaN	NaN	
196	NaN	NaN	
197	NaN	NaN	
198	NaN	NaN	
199	NaN	NaN	
200	NaN	NaN	
201	NaN	NaN	
202	NaN	NaN	
203	NaN	NaN	
204	NaN	NaN	
205	NaN	NaN	
206	NaN	NaN	
207	NaN	NaN	
208	NaN	NaN	
209	NaN	NaN	
210	NaN	NaN	
211	NaN	NaN	
212	NaN	NaN	
213	NaN	NaN	
214	NaN	NaN	
215	NaN	NaN	
216	NaN	NaN	
217	NaN	NaN	
218	NaN	NaN	
219	NaN	NaN	
220	NaN	NaN	
221	NaN	NaN	
222	NaN	NaN	
223	NaN	NaN	
224	NaN	NaN	
225	NaN	NaN	
226	NaN	NaN	
227	NaN	NaN	
228	NaN	NaN	
229	NaN	NaN	
230	NaN	NaN	
231	NaN	NaN	
232	NaN	NaN	
233	NaN	NaN	
234	NaN	NaN	
235	NaN	NaN	
236	NaN	NaN	
237	NaN	NaN	
238	NaN	NaN	
239	NaN	NaN	
240	NaN	NaN	
241	NaN	NaN	
242	NaN	NaN	
243	NaN	NaN	
244	NaN	NaN	
245	NaN	NaN	
246	NaN	NaN	
247	NaN	NaN	
248	NaN	NaN	
249	NaN	NaN	
250	-86.788172	-45.327729	
251	-84.647464	-29.534194	
252	-84.806453	-31.632611	
253	-85.961721	-39.837361	
254	-85.970707	-40.253743	
255	-85.716391	-38.126174	
256	-85.806448	-38.053939	
257	-86.261464	-39.282996	
258	-86.073340	-39.355761	
259	-86.521638	-43.318110	
260	-86.058217	-38.090505	
261	-85.907007	-33.099864	
262	-85.658270	-31.604104	
263	-85.922973	-35.826620	
264	-86.250741	-39.015239	
265	-85.389730	-30.499163	
266	-86.497449	-27.419470	
267	-87.115803	-23.311516	
268	-86.035385	-23.679530	
269	-86.274777	-25.332654	
270	-86.178070	-29.515219	
271	-84.576627	-20.302104	
272	-85.279025	-21.321665	
273	-87.192900	-32.893416	
274	-86.291586	-19.807551	
275	-86.002847	-23.596081	
276	-86.604411	-22.337083	
277	-87.030488	-19.939133	
278	-85.633162	-11.581562	
279	-85.012991	-8.993975	
280	-87.635150	-23.085148	
281	-83.588282	-10.103032	
282	-83.003295	-7.499006	
283	-85.145982	-10.552516	
284	-85.894839	-10.332163	
285	-85.925841	-8.598503	
286	-85.466331	-8.411368	
287	-87.159300	-9.715565	
288	-87.117408	-5.735285	
289	-87.520990	-8.221698	
290	-86.778217	-7.761738	
291	-87.650667	-7.293775	
292	-87.843284	-15.560112	
293	-87.279182	-13.083604	
294	-87.508416	-16.777310	
295	-87.326793	-5.978409	
296	-86.537694	-8.467153	
297	-87.156605	-26.034105	
298	-88.113257	-32.647979	
299	-87.803984	-36.310052	
300	-87.557235	-30.454826	
301	-88.727382	-45.969275	
302	-88.852194	-30.096438	
303	-90.174765	-108.424364	
304	-89.003920	12.470689	
305	-86.339106	18.145583	
306	-89.742680	28.904708	
307	-87.455395	10.001724	
308	-86.283829	5.988287	
309	-90.439354	159.443996	
310	-88.718214	14.341525	
311	-88.199011	-0.922189	
312	-90.030989	93.102683	
313	-88.574393	25.485209	
314	-88.922130	-36.247074	
315	-88.802737	-30.238380	
316	-84.813532	6.163161	
317	-87.568904	-3.733752	
318	-88.979189	24.116812	
319	-87.344430	-3.092119	
320	-89.096244	-49.368338	
321	-88.944558	-0.350209	
322	-90.657745	-152.787955	
323	-90.394126	-130.248217	
324	-89.410388	40.228672	
325	-91.329235	173.639024	
326	-91.434094	-166.632559	
327	-90.807052	157.188751	
328	-90.224025	115.575310	
329	-90.713147	136.902637	
330	-92.063907	164.688121	
331	-90.823140	176.001033	
332	-90.814284	138.410571	
333	-92.144210	145.233567	
334	-92.172206	146.176122	
335	-92.594199	149.740997	
336	-92.443890	144.088162	
337	-92.553069	147.518903	
338	-92.817405	153.179575	
339	-91.290698	122.421600	
340	-90.773118	106.219846	
341	-91.320892	120.147758	
342	-90.584672	103.728282	
343	-91.122302	114.747468	
344	-91.234449	116.573737	
345	-90.258577	95.248534	
346	-89.498611	76.830578	
347	-89.066485	58.453522	
348	-89.588408	79.591630	
349	-89.666537	82.653569	
350	-89.181737	69.116089	
351	-88.578768	68.082668	
352	-88.416774	62.016719	
353	-86.885495	40.447870	
354	-86.166216	46.167353	
355	-87.520410	55.200659	
356	-87.305061	46.594844	
357	-86.089278	36.877493	
358	-84.689212	31.852966	
359	-85.871927	36.223039	
360	-85.174308	34.182923	
361	-82.790234	25.504322	
362	-82.197329	25.220435	
363	-81.103257	24.280290	
364	-80.015688	19.390266	
365	-79.609234	16.992991	
366	-79.153543	16.958749	
367	-78.084327	16.599016	
368	-78.012561	15.803756	
369	-77.538947	14.119719	
370	-77.113480	11.874196	
371	-76.510032	9.973879	
372	-75.804341	8.529299	
373	-74.950449	9.257677	
374	-73.544224	8.923807	
375	-72.719443	6.945284	
376	-71.874331	6.845738	
377	-71.225134	5.996719	
378	-70.919555	6.313260	
379	-70.281797	6.455111	
380	-69.092619	5.769865	
381	-68.547669	5.744458	
382	-68.318964	4.420715	
383	-66.002282	5.419607	
384	-66.189023	5.776668	
385	-67.215285	1.419396	
386	-66.068266	0.443086	
387	-66.033469	0.307054	
388	-64.904527	-0.575100	
389	-64.540216	-0.920684	
390	-64.384527	-1.310423	
391	-63.234603	-1.054471	
392	-62.325225	-1.826093	
393	-61.818203	-1.093546	
394	-60.383155	-1.034815	
395	-60.056542	-1.444958	
396	-59.441697	-0.894652	
397	-58.851167	0.245685	
398	-61.019601	-1.498534	
399	-59.094278	-1.135496	
400	-57.195056	0.890688	
401	-56.769977	-0.209235	
402	-59.428986	-2.104199	
403	-54.160335	4.305627	
404	-50.864389	3.542967	
405	-56.216978	-0.876922	
406	-52.794314	1.522298	
407	-50.997999	2.211102	
408	-52.563089	3.712840	
409	-54.548093	0.445725	
410	-55.612825	-2.262240	
411	-52.297138	-0.421498	
412	-51.803880	0.914848	
413	-50.113908	1.563586	
414	-50.288936	1.005444	
415	-49.678317	1.203613	
416	-45.751183	3.328648	
417	-50.392093	-1.179292	
418	-48.907495	-0.488458	
419	-48.367302	-0.152013	
420	-47.937259	0.923067	
421	-45.396162	2.470699	
422	-47.941823	-1.197287	
423	-49.469632	-1.522596	
424	-43.419766	3.306722	
425	-42.799350	4.634533	
426	-48.462703	-0.070124	
427	-47.801859	-0.793053	
428	-43.022967	4.728491	
429	-43.916620	4.386984	
430	-47.718757	0.132995	
431	-42.463629	5.608390	
432	-41.542746	7.550648	
433	-42.599568	6.773448	
434	-41.259161	9.137463	
435	-44.296737	6.552389	
436	-48.271815	1.316868	
437	-48.346452	0.296822	
438	-47.488701	2.240267	
439	-48.584067	1.939246	
440	-48.357159	2.172316	
441	-48.593464	2.348482	
442	-48.059829	4.225967	
443	-45.437530	8.968181	
444	-47.404446	4.601142	
445	-48.133399	3.931959	
446	-48.248308	7.228196	
447	-48.293495	5.976942	
448	-46.040071	8.633598	
449	-51.132273	4.777284	
450	-51.564764	4.950438	
451	-48.079521	11.065445	
452	-53.020119	6.423208	
453	-54.555732	3.021999	
454	-56.247529	0.923389	
455	-54.689152	4.892603	
456	-49.054111	10.744204	
457	-55.275217	4.188431	
458	-58.953905	-0.184381	
459	-55.326692	0.370565	
460	-58.764452	1.757596	
461	-58.740082	4.393245	
462	-60.515721	2.416518	
463	-56.362307	6.229128	
464	-55.187501	5.066784	
465	-59.378109	-0.704923	
466	-57.896330	0.409231	
467	-54.033296	5.638472	
468	-54.411146	6.203572	
469	-58.320106	1.252870	
470	-57.744917	0.091662	
471	-60.122012	-2.346672	
472	-56.604185	2.255139	
473	-53.435522	7.758754	
474	-59.111901	0.583260	
475	-60.328537	-3.299474	
476	-63.784541	-6.460974	
477	-65.228091	-7.047611	
478	-62.778637	-5.175175	
479	-63.243543	-9.275062	
480	-61.598286	-8.793181	
481	-62.375394	-9.677588	
482	-65.266952	-13.104711	
483	-61.740212	-5.958156	
484	-58.678218	-3.746082	
485	-63.347358	-12.782674	
486	-65.565730	-13.485960	
487	-64.634753	-13.044191	
488	-63.533220	-12.199029	
489	-62.231088	-10.880577	
490	-62.574777	-12.555119	
491	-62.679762	-12.829522	
492	-62.090382	-12.109178	
493	-58.536379	-7.159810	
494	-58.074786	-7.115952	
495	-61.679862	-12.094488	
496	-61.944499	-11.681438	
497	-62.141256	-12.295458	
498	-60.420627	-9.765835	
499	-60.657087	-8.921552	
500	-62.702358	-10.922302	
501	-61.616005	-9.012148	
502	-61.695029	-8.245734	
503	-62.033737	-9.721307	
504	-61.981988	-10.707032	
505	-62.458371	-11.878007	
506	-60.050599	-9.247245	
507	-61.193032	-8.671524	
508	-65.849594	-15.261821	
509	-62.545091	-9.916143	
510	-64.999301	-14.637081	
511	-70.433550	-24.658503	
512	-68.068215	-17.207200	
513	-66.835476	-14.004712	
514	-68.144224	-15.468790	
515	-63.075625	-13.682622	
516	-60.940436	-10.710558	
517	-68.202572	-17.000278	
518	-70.637756	-25.601425	
519	-62.484686	-14.427103	
520	-56.535208	-12.616519	
521	-68.053834	-22.567990	
522	-71.802138	-24.188966	
523	-67.527833	-18.886680	
524	-62.509490	-10.994285	
525	-66.622352	-16.044795	
526	-71.803410	-24.133887	
527	-72.323780	-25.876377	
528	-72.998985	-26.095184	
529	-73.490770	-27.002222	
530	-75.495367	-30.316058	
531	-71.607931	-25.236618	
532	-67.945680	-18.165792	
533	-67.053316	-17.855680	
534	-53.603785	-8.995524	
535	-69.882332	-23.030932	
536	-71.632621	-22.295777	
537	-59.624015	-8.588301	
538	-71.348581	-22.264726	
539	-73.727146	-23.474851	
540	-68.697597	-14.819610	
541	-70.383612	-18.117364	
542	-69.595080	-15.280796	
543	-72.480139	-19.108745	
544	-77.170905	-29.870750	
545	-76.062111	-25.939785	
546	-74.834665	-22.260888	
547	-76.102799	-27.716435	
548	-72.603060	-19.066019	
549	-69.417842	-13.883406	
550	-75.367178	-26.408729	
551	-73.540329	-20.859744	
552	-73.749905	-20.305248	
553	-76.761621	-27.512902	
554	-70.599467	-14.794442	
555	-74.321254	-18.134793	
556	-77.653069	-26.168930	
557	-76.363220	-23.974210	
558	-76.432820	-26.371423	
559	-77.801908	-27.092546	
560	-78.995466	-28.607176	
561	-78.010146	-27.963719	
562	-78.238064	-26.764504	
563	-77.951100	-26.724494	
564	-82.030278	-39.659402	
565	-79.467096	-29.914701	
566	-76.218727	-20.274282	
567	-80.344787	-31.486591	
568	-77.855206	-25.221137	
569	-73.768905	-13.733948	
570	-78.343632	-20.984657	
571	-78.897704	-25.110763	
572	-77.854450	-25.159175	
573	-81.755543	-36.293747	
574	-81.983145	-31.981123	
575	-82.239010	-36.276040	
576	-84.291569	-49.216709	
577	-80.299013	-29.823090	
578	-74.847976	-18.773748	
579	-81.713734	-37.448734	
580	-80.392835	-33.066737	
581	-82.137610	-38.832036	
582	-77.201462	-23.605026	
583	-79.907708	-32.455159	
584	-85.606651	-57.784086	
585	-77.822581	-26.327840	
586	-82.123408	-41.755502	
587	-83.508905	-49.869528	
588	-84.048234	-50.967819	
589	-87.119730	-64.954161	
590	-83.332196	-42.862890	
591	-84.519226	-47.818258	
592	-80.249026	-28.704045	
593	-79.131883	-25.912579	
594	-87.486808	-64.941138	
595	-87.223785	-61.585391	
596	-85.094555	-41.563701	
597	-83.295220	-36.823047	
598	-86.567372	-57.713113	
599	-89.175376	-79.532049	
600	-85.081155	-43.149632	
601	-83.152579	-34.175504	
602	-81.198843	-28.443695	
603	-83.691695	-29.490750	
604	-91.752276	-143.455834	
605	-90.035459	-90.652244	
606	-91.424577	-110.269513	
607	-82.806426	-33.075884	
608	-87.699293	-62.589395	
609	-92.603826	-124.047735	
610	-87.229294	-62.467357	
611	-87.184389	-60.555309	
612	-88.769413	-75.009347	
613	-86.988736	-64.887368	
614	-83.954374	-41.917754	
615	-83.298559	-35.391952	
616	-91.349684	-103.309898	
617	-89.934933	-89.192485	
618	-87.576942	-66.300719	
619	-86.976477	-61.625732	
620	-84.009331	-36.587125	
621	-84.255873	-39.411718	
622	-93.203791	-125.741621	
623	-91.624530	-111.348380	
624	-84.643689	-40.102771	
625	-90.630912	-98.622614	
626	-90.290526	-96.060052	
627	-76.870066	-20.558094	
628	-85.036534	-32.982817	
629	-90.692138	-108.604848	
630	-90.349101	-97.154572	
631	-84.348954	-25.375755	
632	-81.482234	-15.702601	
633	-83.901691	-21.189576	
634	-82.864522	-15.034816	
635	-81.337760	-12.364699	
636	-85.560147	-22.169287	
637	-88.387066	-56.057958	
638	-87.052225	-36.622050	
639	-83.065008	-14.753801	
640	-78.461531	-8.464575	
641	-83.131033	-9.784245	
642	-79.828042	-9.067429	
643	-79.329539	-8.119849	
644	-80.234123	-3.694449	
645	-73.512451	-1.746914	
646	-77.838583	-0.498128	
647	-76.344675	-0.595035	
648	-73.575308	-2.010994	
649	-72.342756	-0.335465	
650	-75.220187	1.976393	
651	-71.436082	3.635144	
652	-63.810766	1.867774	
653	-72.344920	0.759563	
654	-65.993103	2.990330	
655	-62.528104	1.423616	
656	-66.297949	0.043496	
657	-64.280326	-1.235350	
658	-64.203272	-0.233854	
659	-62.565965	1.569677	
660	-61.174374	-0.006825	
661	-58.839628	2.720306	
662	-57.814059	0.852711	
663	-60.993602	-0.383197	
664	-65.135112	20.907285	
665	-66.713638	14.538178	
666	-66.084809	1.090171	
667	-59.718614	9.153652	
668	-59.537550	4.642884	
669	-59.776942	2.705237	
670	-58.907659	6.552566	
671	-59.788578	6.973095	
672	-59.261246	2.082816	
673	-56.186069	16.234469	
674	-64.319925	25.601948	
675	-55.302890	-3.640933	
676	-57.517897	1.056410	
677	-66.218960	1.658851	
678	-64.250327	-43.935105	
679	-60.723810	-44.551365	
680	-60.633097	-43.651155	
681	-62.779222	-43.144828	
682	-54.530431	-43.545576	
683	-53.749006	-39.215227	
684	-67.226677	-17.797509	
685	-58.509638	-42.523230	
686	-58.031229	-35.708575	
687	-60.566774	-36.725286	
688	-60.389916	-45.681685	
689	-58.300404	-35.174388	
690	-56.993463	-36.328384	
691	-60.829380	-38.748045	
692	-58.385659	-46.393529	
693	-55.169038	-47.745637	
694	-53.840508	-41.592324	
695	-56.870467	-37.685484	
696	-57.397873	-41.510120	
697	-53.718038	-37.555609	
698	-58.684931	-38.006474	
699	-57.551564	-42.663836	
700	-46.159253	-35.386727	
701	-45.929826	-33.431464	
702	-55.781219	-45.610860	
703	-56.695570	-50.403719	
704	-55.973809	-49.180231	
705	-56.408350	-48.105831	
706	-45.078798	-33.501639	
707	-50.124288	-38.981819	
708	-60.143007	-19.744639	
709	-56.782871	-46.995639	
710	-56.179057	-45.444834	
711	-57.103715	-43.811087	
712	-57.779370	-47.777650	
713	-51.605426	-39.856158	
714	-50.278146	-38.138800	
715	-56.512803	-42.031807	
716	-57.202361	-43.543213	
717	-57.029336	-41.520505	
718	-55.804862	-39.994448	
719	-57.155503	-38.165050	
720	-55.989755	-38.017324	
721	-55.727072	-38.477008	
722	-59.387961	-38.609993	
723	-57.604423	-40.584906	
724	-57.633368	-40.857026	
725	-48.587128	-28.244517	
726	-68.105567	22.478345	
727	-56.679557	-37.926976	
728	-57.970222	-41.641034	
729	-58.739736	-41.391017	
730	-58.634778	-40.705173	
731	-60.095845	-41.461370	
732	-61.076877	-41.301275	
733	-61.856257	-39.974018	
734	-60.311528	-35.836910	
735	-59.186858	-35.517600	
736	-59.046880	-36.985888	
737	-64.615950	-34.780143	
738	-64.370272	-37.138876	
739	-58.872372	-38.345414	
740	-63.315265	-30.725482	
741	-65.618794	-30.305513	
742	-59.275265	-43.830981	
743	-59.766873	-40.560172	
744	-62.617170	-40.817582	
745	-62.314039	-45.112963	
746	-59.656308	-46.773382	
747	-68.832473	27.037527	
748	-72.853599	4.638714	
749	-68.235334	-39.418964	
750	-73.916806	-41.949527	
751	-73.376857	-51.771887	
752	-76.186010	-62.473910	
753	-69.789838	-46.593512	
754	-76.540337	-46.838030	
755	-72.305986	-11.428156	
756	-75.256910	-52.096047	
757	-71.391541	-52.709282	
758	-79.125228	-62.663151	
759	-71.818735	-49.868628	
760	-72.525825	-48.168237	
761	-78.571648	-45.874563	
762	-77.124910	-55.219689	
763	-73.295507	-40.829556	
764	-69.332139	-7.493508	
765	-69.681629	-12.358098	
766	-59.042483	-53.411695	
767	-62.505436	-55.471600	
768	-72.530525	-48.758258	
769	-75.548233	-44.823745	
770	-76.195321	-41.511723	
771	-76.983778	-23.902254	
772	-77.290701	-28.797247	
773	-76.643060	-9.253812	
774	-75.722249	-12.721957	
775	-76.795868	-37.125867	
776	-77.314944	-42.989650	
777	-76.698947	-48.468170	
778	-75.504318	-57.885392	
779	-74.897298	-48.712708	
780	-76.854281	-56.156190	
781	-79.515573	-63.152991	
782	-82.667153	-72.203703	
783	-75.454226	-53.722766	
784	-75.634672	-34.375370	
785	-78.057586	-53.083070	
786	-66.191454	4.180385	
787	-66.026690	-2.256715	
788	-79.400286	-60.304744	
789	-72.389096	-49.632723	
790	-79.983524	-65.550428	
791	-81.983915	-36.273781	
792	-79.699781	-49.613905	
793	-80.178397	-66.025530	
794	-81.094794	-56.882454	
795	-65.956818	-13.317197	
796	-65.910842	-1.942300	
797	-83.213390	-66.669172	
798	-85.580903	-78.972538	
799	-88.765821	-87.348183	
800	-85.881483	-77.072944	
801	-87.600123	-81.577335	
802	-88.353136	-85.073767	
803	-87.008357	-82.604952	
804	-82.918486	-73.367956	
805	-80.499555	-55.839460	
806	-79.958535	-57.409069	
807	-79.664877	-61.360887	
808	-88.723214	35.576118	
809	-88.536084	-82.128409	
810	-90.319187	93.325757	
811	-86.503027	64.676470	
812	-96.880998	-101.331036	
813	-91.276017	-93.681348	
814	-92.612472	-96.776794	
815	-90.475066	-91.676198	
816	-89.794273	-89.509119	
817	-90.174945	-90.508195	
818	-91.352772	-93.323669	
819	-90.874579	-92.212980	
820	-92.629198	-100.576684	
821	-91.419609	-92.689391	
822	-94.320604	-101.919346	
823	-94.257504	-104.284944	
824	-96.013478	-103.177235	
825	-94.193180	-98.283852	
826	-92.977309	-97.758793	
827	-90.376152	-91.163483	
828	-94.041879	-98.443238	
829	-97.803194	-105.161908	
830	-96.736576	-112.206332	
831	-96.009537	-122.018989	
832	-95.991518	-114.749632	
833	-98.891515	-117.636199	
834	-97.909543	-114.622496	
835	-97.210746	-109.884239	
836	-97.706855	-119.218938	
837	-97.726267	-119.086065	
838	-100.419433	-121.119969	
839	-101.029139	-139.870037	
840	-96.669527	-110.256058	
841	-100.752787	-128.800802	
842	-98.143836	-131.790667	
843	-89.012962	-87.741200	
844	-97.014393	-117.551498	
845	-101.498923	-152.568727	
846	-103.441770	-127.691233	
847	-102.526982	-177.719263	
848	-104.713851	-120.870178	
849	-95.186519	-99.255632	
850	-101.668113	150.609738	
851	-102.475555	-120.846943	
852	-99.819518	-125.111554	
853	-104.450962	-142.698942	
854	-100.054970	-108.405022	
855	-101.743292	-128.860346	
856	-105.560505	-162.930442	
857	-98.693623	-112.585162	
858	-102.108655	-120.298499	
859	-99.582232	-111.549715	
860	-93.314816	-96.110180	
861	-105.675271	-130.125575	
862	-104.330772	-133.806137	
863	-101.511045	-117.533442	
864	-94.686331	-97.738438	
865	-104.279171	-140.069090	
866	-107.858621	-161.752484	
867	-102.020753	-114.636690	
868	-108.302203	-146.799853	
869	-107.847050	-137.028756	
870	-106.328883	-126.849759	
871	-108.158165	-138.181728	
872	-105.055885	-129.487922	
873	-105.090322	-137.206393	
874	-107.045514	-178.381055	
875	-39.086801	-34.895150	
876	-39.353056	-35.349256	
877	-38.560039	-34.321575	
878	-107.393267	-152.267684	
879	-107.452822	-153.302035	
880	-105.235998	-127.571100	
881	-108.615452	-142.759474	
882	-109.048055	-156.638918	
883	-107.869859	-135.756195	
884	-108.121595	-134.624921	
885	-105.475622	-174.578812	
886	-107.819541	167.360710	
887	-109.267314	168.512080	
888	-108.113419	-165.582497	
889	-98.665833	-106.656764	
890	-104.776489	-136.272180	
891	-106.166292	-141.174281	
892	-103.426705	-126.167762	
893	-105.367605	-147.563726	
894	-103.117621	-135.310059	
895	-103.297036	-137.098800	
896	-103.647056	-130.023312	
897	-101.542764	-120.695834	
898	-100.907192	-127.471973	
899	-102.761542	-130.675148	
900	-100.978084	-115.996223	
901	-100.768664	-129.756036	
902	-90.583292	-92.352952	
903	-90.900226	-93.022422	
904	-103.444634	-149.852272	
905	-104.759962	-162.148298	
906	-104.856949	-168.212989	
907	-94.446839	-97.485446	
908	-91.167298	-91.725681	
909	-96.420132	-116.974331	
910	-97.402717	-120.122802	
911	-88.987929	85.378927	
912	-89.909885	89.606998	
913	-89.923067	-89.423657	
914	NaN	NaN	
915	NaN	NaN	
916	NaN	NaN	
917	NaN	NaN	
918	NaN	NaN	
919	-93.308604	-103.957043	
920	-95.067628	134.201795	
921	-93.628987	120.122930	
922	NaN	NaN	
923	NaN	NaN	
924	NaN	NaN	
925	NaN	NaN	
926	NaN	NaN	
927	NaN	NaN	
928	NaN	NaN	
929	-86.478511	-5.236203	
930	-88.637625	-68.799008	
931	-87.821973	-70.314769	
932	-82.766843	-32.940460	
933	-82.536310	-55.462074	
934	-85.930001	-35.125243	
935	-65.621328	-64.482888	
936	-66.886868	-63.240795	
937	-80.968217	-37.427612	
938	-78.558597	-34.050300	
939	-79.945130	-53.168469	
940	-80.202259	-44.449866	
941	-78.348845	-10.910475	
942	-77.359746	-30.477971	
943	-76.874220	-41.526131	
944	-73.986476	-41.061451	
945	-75.237156	-51.897458	
946	-75.411634	-49.917837	
947	-76.147193	-74.410971	
948	-74.848627	-72.086820	
949	-71.517842	-48.704590	
950	-72.897686	-37.922153	
951	-73.303727	-22.493661	
952	-70.918081	-36.674398	
953	-69.539952	-50.336914	
954	-69.976485	-37.429564	
955	-70.579391	-11.585084	
956	-70.392487	-21.726953	
957	-69.482773	-37.085686	
958	-69.802005	-29.170600	
959	-68.143557	-25.266627	
960	-66.941014	-34.228820	
961	-67.890837	-28.144008	
962	-67.631239	-32.646039	
963	-68.519756	-24.759902	
964	-66.151736	2.785758	
965	-55.293394	-18.000204	
966	-65.102058	-31.106160	
967	-64.629627	-37.139534	
968	-53.711732	-32.192640	
969	-64.345182	-44.141631	
970	-66.061688	-24.832441	
971	-66.042836	-13.580805	
972	-53.858094	-20.869186	
973	-49.567575	-40.135929	
974	-51.338735	-41.577374	
975	-64.258407	-12.123796	
976	-60.217330	15.134716	
977	-63.668351	-44.909103	
978	-61.697987	-38.365773	
979	-67.670310	7.404752	
980	-64.459248	-26.077988	
981	-64.974281	-17.973143	
982	-63.816167	-12.614279	
983	-64.921403	-10.458816	
984	-98.633632	-99.636340	
985	-100.766980	-101.983457	
986	-98.197924	-99.331778	
987	-49.651976	-34.860452	
988	-50.287302	-36.451569	
989	-65.803046	-14.338527	
990	-62.924616	-13.070575	
991	-96.764035	-96.919095	
992	-97.910875	-97.197338	
993	-50.530934	-40.237672	
994	-55.978573	-21.325084	
995	-51.497500	10.640896	
996	NaN	NaN	
997	-60.120398	4.077972	
998	-55.110594	24.175964	
999	NaN	NaN	
1000	NaN	NaN	
1001	-57.891541	-43.907914	
1002	-72.040928	-10.003240	
1003	-60.592606	-45.806330	
1004	-61.090476	-45.402193	
1005	-70.072875	11.913317	
1006	-47.809229	41.251333	
1007	NaN	NaN	
1008	NaN	NaN	
1009	NaN	NaN	
1010	NaN	NaN	
1011	NaN	NaN	
1012	NaN	NaN	
1013	NaN	NaN	
1014	NaN	NaN	
1015	NaN	NaN	
1016	NaN	NaN	
1017	NaN	NaN	
1018	NaN	NaN	
1019	NaN	NaN	
1020	NaN	NaN	
1021	NaN	NaN	
1022	NaN	NaN	
1023	NaN	NaN	
1024	NaN	NaN	
1025	NaN	NaN	
1026	NaN	NaN	
1027	NaN	NaN	
1028	NaN	NaN	
1029	NaN	NaN	
1030	NaN	NaN	
1031	NaN	NaN	
1032	NaN	NaN	
1033	NaN	NaN	
1034	-78.853176	78.340175	
1035	-81.933311	80.985905	
1036	-82.109759	81.237253	
1037	-79.853463	78.263627	
1038	-78.871708	77.192622	
1039	-77.653089	75.677379	
1040	-76.128212	73.386832	
1041	-75.434749	73.689967	
1042	-73.452675	69.166897	
1043	-76.445834	70.727120	
1044	-74.428534	68.491420	
1045	-77.289482	71.838480	
1046	-77.339953	71.687750	
1047	-74.935632	68.008157	
1048	-73.718860	66.795779	
1049	-72.480322	65.899524	
1050	-74.067769	67.708359	
1051	NaN	NaN	
1052	-68.308915	61.527606	
1053	-69.132660	62.192374	
1054	-68.748975	61.038065	
1055	-67.106787	59.478371	
1056	-61.290074	48.472818	
1057	-60.483082	47.472910	
1058	-64.709559	57.590240	
1059	-71.004089	63.724273	
1060	-70.952113	64.181415	
1061	-66.384914	59.400812	
1062	-67.847954	60.770262	
1063	NaN	NaN	
1064	NaN	NaN	
1065	NaN	NaN	
1066	NaN	NaN	
1067	NaN	NaN	
1068	NaN	NaN	
1069	NaN	NaN	
1070	NaN	NaN	
1071	NaN	NaN	
1072	NaN	NaN	
1073	NaN	NaN	
1074	NaN	NaN	
1075	NaN	NaN	
1076	NaN	NaN	
1077	NaN	NaN	
1078	NaN	NaN	
1079	NaN	NaN	
1080	NaN	NaN	
1081	NaN	NaN	
1082	NaN	NaN	
1083	NaN	NaN	
1084	NaN	NaN	
1085	NaN	NaN	
1086	NaN	NaN	
1087	NaN	NaN	
1088	NaN	NaN	
1089	NaN	NaN	
1090	NaN	NaN	
1091	NaN	NaN	
1092	NaN	NaN	
1093	NaN	NaN	
1094	NaN	NaN	
1095	NaN	NaN	
1096	NaN	NaN	
1097	NaN	NaN	
1098	NaN	NaN	
1099	NaN	NaN	
1100	NaN	NaN	
1101	NaN	NaN	
1102	NaN	NaN	
1103	NaN	NaN	
1104	NaN	NaN	
1105	NaN	NaN	
1106	NaN	NaN	
1107	NaN	NaN	
1108	-138.755757	-101.777621	
1109	-14.746415	-29.919194	
1110	NaN	NaN	
1111	NaN	NaN	
1112	NaN	NaN	
1113	NaN	NaN	
1114	NaN	NaN	
1115	NaN	NaN	
1116	NaN	NaN	
1117	NaN	NaN	
1118	NaN	NaN	
1119	NaN	NaN	
1120	NaN	NaN	
1121	NaN	NaN	
1122	NaN	NaN	
1123	NaN	NaN	
1124	NaN	NaN	
1125	NaN	NaN	
1126	NaN	NaN	
1127	NaN	NaN	
1128	NaN	NaN	
1129	NaN	NaN	
1130	NaN	NaN	
1131	NaN	NaN	
1132	NaN	NaN	
1133	NaN	NaN	
1134	NaN	NaN	
1135	NaN	NaN	
1136	NaN	NaN	
1137	NaN	NaN	
1138	NaN	NaN	
1139	NaN	NaN	
1140	NaN	NaN	
1141	NaN	NaN	
1142	NaN	NaN	
1143	NaN	NaN	
1144	NaN	NaN	
1145	NaN	NaN	
1146	NaN	NaN	
1147	NaN	NaN	
1148	NaN	NaN	
1149	NaN	NaN	
1150	NaN	NaN	
1151	NaN	NaN	
1152	NaN	NaN	
1153	NaN	NaN	
1154	NaN	NaN	
1155	NaN	NaN	
1156	NaN	NaN	
1157	NaN	NaN	
1158	NaN	NaN	
1159	NaN	NaN	
1160	NaN	NaN	
1161	NaN	NaN	
1162	NaN	NaN	
1163	NaN	NaN	
1164	NaN	NaN	
1165	NaN	NaN	
1166	NaN	NaN	
1167	NaN	NaN	
1168	NaN	NaN	
1169	NaN	NaN	
1170	NaN	NaN	
1171	NaN	NaN	
1172	NaN	NaN	
1173	NaN	NaN	
1174	NaN	NaN	
1175	NaN	NaN	
1176	NaN	NaN	
1177	NaN	NaN	
1178	NaN	NaN	
1179	NaN	NaN	
1180	NaN	NaN	
1181	NaN	NaN	
1182	NaN	NaN	
1183	NaN	NaN	
1184	NaN	NaN	
1185	NaN	NaN	
1186	NaN	NaN	
1187	NaN	NaN	
1188	NaN	NaN	
1189	NaN	NaN	
1190	NaN	NaN	
1191	NaN	NaN	
1192	NaN	NaN	
1193	NaN	NaN	
1194	NaN	NaN	
1195	NaN	NaN	
1196	NaN	NaN	
1197	NaN	NaN	
1198	NaN	NaN	
1199	NaN	NaN	
1200	NaN	NaN	
1201	NaN	NaN	
1202	NaN	NaN	
1203	NaN	NaN	
1204	NaN	NaN	
1205	NaN	NaN	
1206	NaN	NaN	
1207	NaN	NaN	
1208	NaN	NaN	
1209	NaN	NaN	
1210	NaN	NaN	
1211	NaN	NaN	
1212	NaN	NaN	
1213	NaN	NaN	
1214	NaN	NaN	
1215	NaN	NaN	
1216	NaN	NaN	
1217	NaN	NaN	
1218	NaN	NaN	
1219	NaN	NaN	
1220	NaN	NaN	
1221	NaN	NaN	
1222	NaN	NaN	
1223	NaN	NaN	
1224	NaN	NaN	
1225	NaN	NaN	
1226	NaN	NaN	
1227	NaN	NaN	
1228	NaN	NaN	
1229	NaN	NaN	
1230	NaN	NaN	
1231	NaN	NaN	
1232	NaN	NaN	
1233	NaN	NaN	
1234	NaN	NaN	
1235	NaN	NaN	
1236	NaN	NaN	
1237	NaN	NaN	
1238	NaN	NaN	
1239	NaN	NaN	
1240	NaN	NaN	
1241	NaN	NaN	
1242	NaN	NaN	
1243	NaN	NaN	
1244	NaN	NaN	
1245	NaN	NaN	
1246	NaN	NaN	
1247	NaN	NaN	
1248	NaN	NaN	
1249	NaN	NaN	
1250	NaN	NaN	
1251	NaN	NaN	
1252	NaN	NaN	
1253	NaN	NaN	
1254	NaN	NaN	
1255	NaN	NaN	
1256	NaN	NaN	
1257	NaN	NaN	
1258	NaN	NaN	
1259	NaN	NaN	
1260	NaN	NaN	
1261	NaN	NaN	
1262	NaN	NaN	
1263	NaN	NaN	
1264	NaN	NaN	
1265	NaN	NaN	
1266	NaN	NaN	
1267	NaN	NaN	
1268	NaN	NaN	
1269	NaN	NaN	
1270	NaN	NaN	
1271	NaN	NaN	
1272	NaN	NaN	
1273	NaN	NaN	
1274	NaN	NaN	
1275	NaN	NaN	
1276	NaN	NaN	
1277	NaN	NaN	
1278	NaN	NaN	
1279	NaN	NaN	
1280	NaN	NaN	
1281	NaN	NaN	
1282	NaN	NaN	
1283	NaN	NaN	
1284	NaN	NaN	
1285	NaN	NaN	
1286	NaN	NaN	
1287	NaN	NaN	
1288	NaN	NaN	
1289	NaN	NaN	
1290	NaN	NaN	
1291	NaN	NaN	
1292	NaN	NaN	
1293	NaN	NaN	
1294	NaN	NaN	
1295	NaN	NaN	
1296	NaN	NaN	
1297	NaN	NaN	
1298	NaN	NaN	
1299	NaN	NaN	
1300	NaN	NaN	
1301	NaN	NaN	
1302	NaN	NaN	
1303	NaN	NaN	
1304	NaN	NaN	
1305	NaN	NaN	
1306	NaN	NaN	
1307	NaN	NaN	
1308	NaN	NaN	
1309	NaN	NaN	
1310	NaN	NaN	
1311	NaN	NaN	
1312	NaN	NaN	
1313	NaN	NaN	
1314	NaN	NaN	
1315	NaN	NaN	
1316	NaN	NaN	
1317	NaN	NaN	
1318	NaN	NaN	
1319	NaN	NaN	
1320	NaN	NaN	
1321	NaN	NaN	
1322	NaN	NaN	
1323	NaN	NaN	
1324	NaN	NaN	
1325	NaN	NaN	
1326	NaN	NaN	
1327	NaN	NaN	
1328	NaN	NaN	
1329	NaN	NaN	
1330	NaN	NaN	
1331	NaN	NaN	
1332	NaN	NaN	
1333	NaN	NaN	
1334	NaN	NaN	
1335	NaN	NaN	
1336	NaN	NaN	
1337	NaN	NaN	
1338	NaN	NaN	
1339	NaN	NaN	
1340	NaN	NaN	
1341	NaN	NaN	
1342	NaN	NaN	
1343	NaN	NaN	
1344	NaN	NaN	
1345	NaN	NaN	
1346	NaN	NaN	
1347	NaN	NaN	
1348	NaN	NaN	
1349	NaN	NaN	
1350	NaN	NaN	
1351	NaN	NaN	
1352	NaN	NaN	
1353	NaN	NaN	
1354	NaN	NaN	
1355	NaN	NaN	
1356	NaN	NaN	
1357	NaN	NaN	
1358	NaN	NaN	
1359	NaN	NaN	
1360	NaN	NaN	
1361	NaN	NaN	
1362	NaN	NaN	
1363	NaN	NaN	
1364	NaN	NaN	
1365	NaN	NaN	
1366	NaN	NaN	
1367	NaN	NaN	
1368	NaN	NaN	
1369	NaN	NaN	
1370	NaN	NaN	
1371	NaN	NaN	
1372	NaN	NaN	
1373	NaN	NaN	
1374	NaN	NaN	
1375	NaN	NaN	
1376	NaN	NaN	
1377	NaN	NaN	
1378	NaN	NaN	
1379	NaN	NaN	
1380	NaN	NaN	
1381	NaN	NaN	
1382	NaN	NaN	
1383	NaN	NaN	
1384	NaN	NaN	
1385	NaN	NaN	
1386	NaN	NaN	
1387	NaN	NaN	
1388	NaN	NaN	
1389	NaN	NaN	
1390	NaN	NaN	
1391	NaN	NaN	
1392	NaN	NaN	
1393	NaN	NaN	
1394	NaN	NaN	
1395	NaN	NaN	
1396	NaN	NaN	
1397	NaN	NaN	
1398	NaN	NaN	
1399	NaN	NaN	
1400	NaN	NaN	
1401	NaN	NaN	
1402	NaN	NaN	
1403	NaN	NaN	
1404	NaN	NaN	
1405	NaN	NaN	
1406	NaN	NaN	
1407	NaN	NaN	
1408	NaN	NaN	
1409	NaN	NaN	
1410	NaN	NaN	
1411	NaN	NaN	
1412	NaN	NaN	
1413	NaN	NaN	
1414	NaN	NaN	
1415	NaN	NaN	
1416	NaN	NaN	
1417	NaN	NaN	
1418	NaN	NaN	
1419	NaN	NaN	
1420	NaN	NaN	
1421	NaN	NaN	
1422	NaN	NaN	
1423	NaN	NaN	
1424	NaN	NaN	
1425	NaN	NaN	
1426	NaN	NaN	
1427	NaN	NaN	
1428	NaN	NaN	
1429	NaN	NaN	
1430	NaN	NaN	
1431	NaN	NaN	
1432	NaN	NaN	
1433	NaN	NaN	
1434	NaN	NaN	
1435	NaN	NaN	
1436	NaN	NaN	
1437	NaN	NaN	
1438	NaN	NaN	
1439	NaN	NaN	
1440	NaN	NaN	
1441	NaN	NaN	
1442	NaN	NaN	
1443	NaN	NaN	
1444	NaN	NaN	
1445	NaN	NaN	
1446	NaN	NaN	
1447	NaN	NaN	
1448	NaN	NaN	
1449	NaN	NaN	
