Athlete_Engineering	// User ID
11-2-2021	// Evaluation date
P014_Flex	30-1-2021	13:56:17:545	// Source file name and timestamp
250.000	// Sampling rate
8.117	// Data capture period



Sample #	Right_Leg_Flexion	Right_Leg_Abduction	
0	-91.579630	95.884329	
1	-91.355888	94.180812	
2	-91.867773	95.712534	
3	-91.760069	95.334708	
4	-92.523465	97.685334	
5	-93.746426	99.067504	
6	-92.505902	96.793627	
7	-92.243027	95.812503	
8	-91.807995	96.676242	
9	-91.958898	95.925404	
10	-91.738061	95.212176	
11	-91.353984	94.171055	
12	-91.860814	95.952740	
13	-92.711652	98.105686	
14	-93.168283	98.827402	
15	-92.315357	98.223562	
16	-91.750924	97.476479	
17	-92.861489	97.404870	
18	-93.151711	97.954478	
19	-91.309879	94.362935	
20	-91.830753	94.280600	
21	-91.703746	94.051509	
22	-90.746745	92.827007	
23	-90.533465	92.071014	
24	-90.258414	90.918346	
25	-92.008035	95.239759	
26	-91.713477	94.093585	
27	-91.225804	93.133196	
28	-91.463529	93.836142	
29	-92.046105	95.067025	
30	-91.776211	94.359929	
31	-92.038154	94.910812	
32	-92.908807	96.981096	
33	-92.295829	95.608690	
34	-91.637051	93.944137	
35	-92.192257	95.391012	
36	-91.524861	94.511803	
37	-92.587637	96.720163	
38	-93.302111	97.691121	
39	-92.937099	97.095417	
40	-92.209007	95.565163	
41	-91.885729	94.660965	
42	-92.465388	95.953272	
43	-92.042864	95.178255	
44	-90.196905	90.557214	
45	-91.056803	92.765450	
46	-92.292970	95.637793	
47	-91.339705	93.683349	
48	-91.604864	93.766669	
49	-90.860771	92.094414	
50	-89.349554	87.548891	
51	-88.556512	83.814352	
52	-91.439487	93.751378	
53	-91.052755	92.856508	
54	-91.329304	93.724987	
55	-91.824842	94.873137	
56	-92.396862	95.728908	
57	-91.421619	93.825472	
58	-90.791647	92.071413	
59	-91.152820	93.110981	
60	-91.430607	94.137743	
61	-91.263977	93.544468	
62	-89.828762	89.498580	
63	-89.381561	88.207601	
64	-90.476658	91.363041	
65	-90.825654	92.205634	
66	-89.965488	89.901065	
67	-91.326800	93.630170	
68	-90.797617	92.155732	
69	-90.713746	92.089456	
70	-91.162603	93.433834	
71	-91.197159	93.508968	
72	-90.758590	91.740483	
73	-90.207947	90.468656	
74	-91.072399	93.114073	
75	-91.544662	94.177344	
76	-92.144186	95.019644	
77	-90.465410	91.272468	
78	-90.896421	92.281610	
79	-92.176810	94.753641	
80	-90.925858	92.176204	
81	-89.647555	89.041747	
82	-90.790563	92.073120	
83	-90.901649	92.294239	
84	-91.573560	94.061696	
85	-91.548982	94.216268	
86	-90.781209	91.675228	
87	-91.006521	92.347920	
88	-90.585772	91.376053	
89	-90.405153	91.042558	
90	-89.696631	89.220338	
91	-89.571279	88.939418	
92	-90.176840	90.394800	
93	-89.987064	89.968823	
94	-90.551107	91.193873	
95	-90.288916	90.672078	
96	-90.420141	91.028072	
97	-89.428939	88.730145	
98	-90.296177	90.684796	
99	-90.919909	92.190457	
100	-90.925301	92.134939	
101	-91.432335	93.204297	
102	-91.365649	93.128427	
103	-90.958051	92.466022	
104	-90.691243	91.783620	
105	-92.514466	95.407246	
106	-91.413993	93.619780	
107	-88.798782	85.107994	
108	-92.690627	95.506996	
109	-91.331385	92.928518	
110	-90.406370	90.881546	
111	-91.905874	93.973926	
112	-91.077418	92.403156	
113	-90.206051	90.500800	
114	-90.448901	91.007958	
115	-89.877997	89.723798	
116	-88.138229	83.792269	
117	-87.563640	82.163004	
118	-88.733442	86.181413	
119	-89.928370	89.834395	
120	-89.424899	88.672249	
121	-89.025894	87.639278	
122	-87.536660	82.182785	
123	-90.286507	90.603455	
124	-89.940295	89.850519	
125	-88.212412	83.835545	
126	-89.023613	86.744885	
127	-88.058624	83.254269	
128	-87.934167	83.265039	
129	-87.414553	82.434548	
130	-87.633503	83.201818	
131	-88.068274	84.469318	
132	-88.624102	85.904557	
133	-89.435571	88.392399	
134	-89.577757	89.085766	
135	-89.602957	89.199351	
136	-89.983492	89.966491	
137	-89.362411	88.603263	
138	-87.562566	82.600084	
139	-87.716349	83.402251	
140	-87.507435	82.782815	
141	-87.324565	82.186554	
142	-86.932043	80.830785	
143	-86.881126	80.804048	
144	-87.420415	82.448900	
145	-87.148616	81.784229	
146	-86.735614	80.769469	
147	-86.933828	81.178470	
148	-86.654302	81.276672	
149	-87.863573	85.661159	
150	-87.013531	83.152313	
151	-86.060729	80.508308	
152	-87.263911	83.715622	
153	-87.639270	84.747060	
154	-87.457863	84.201323	
155	-86.124445	76.770143	
156	-85.285169	73.927738	
157	-86.494922	81.226865	
158	-87.081829	84.150594	
159	-86.029774	80.602633	
160	-85.707794	79.408811	
161	-83.226698	65.543341	
162	-86.102868	80.269602	
163	-86.191038	81.626205	
164	-85.253944	76.512972	
165	-85.198547	77.276776	
166	-85.776950	80.476771	
167	-85.084847	78.453364	
168	-84.513131	75.517042	
169	-85.656832	81.226251	
170	-84.981198	78.165283	
171	-85.008976	77.134848	
172	-85.720708	81.307914	
173	-84.154706	73.482554	
174	-84.906493	76.229344	
175	-84.213432	73.058261	
176	-85.234107	75.073218	
177	-87.343217	83.840860	
178	-84.808802	75.779169	
179	-83.612829	68.176235	
180	-84.712032	74.256806	
181	-86.604892	82.223209	
182	-83.213281	66.329137	
183	-83.925489	71.820412	
184	-84.621319	75.384391	
185	-83.846171	70.724110	
186	-85.390908	78.574367	
187	-84.223073	74.936040	
188	-84.749448	76.442655	
189	-84.676201	76.691358	
190	-87.661338	84.929740	
191	-84.965369	77.727011	
192	-82.169553	62.366744	
193	-82.247085	65.174725	
194	-83.601259	72.929359	
195	-86.405943	81.844124	
196	-83.228510	73.051771	
197	-81.008501	59.943286	
198	-81.195937	64.814242	
199	-84.992658	79.707026	
200	-82.995340	73.538432	
201	-80.621252	61.060297	
202	-83.100003	73.998515	
203	-83.592880	74.906186	
204	-81.123294	61.827303	
205	-83.254683	74.213805	
206	-83.719778	76.790591	
207	-82.625730	74.721236	
208	-81.760123	68.114226	
209	-81.891444	68.805880	
210	-81.787605	71.507194	
211	-80.861598	64.217184	
212	-82.669167	74.929665	
213	-81.130439	67.997876	
214	-80.653837	65.290014	
215	-82.249433	75.098016	
216	-82.923767	74.259355	
217	-81.682446	72.971446	
218	-80.737796	66.330773	
219	-81.001554	65.503985	
220	-81.669431	71.368045	
221	-81.032994	70.922459	
222	-80.843037	70.735692	
223	-81.998546	74.355911	
224	-80.797774	67.751977	
225	-78.948389	61.562582	
226	-82.074018	75.319996	
227	-80.595839	67.648844	
228	-78.165464	52.519641	
229	-78.479353	55.068475	
230	-78.054545	54.571041	
231	-78.591889	56.459483	
232	-77.970297	54.784968	
233	-77.777233	54.328378	
234	-77.937287	55.187568	
235	-78.030040	56.739254	
236	-77.843903	55.876559	
237	-78.495896	54.794246	
238	-77.915827	53.709228	
239	-78.131368	54.521681	
240	-77.568488	53.857900	
241	-77.633534	54.372893	
242	-77.995769	54.350049	
243	-78.102949	55.011189	
244	-77.864426	54.508494	
245	-77.315310	53.197049	
246	-77.212894	53.293090	
247	-77.083494	52.586664	
248	-77.854426	55.141891	
249	-78.048911	56.125473	
250	-77.745957	55.102860	
251	-77.791270	55.683037	
252	-77.905794	56.705446	
253	-77.982283	56.866519	
254	-78.078328	57.498476	
255	-78.015839	57.900346	
256	-78.103866	58.506473	
257	-78.185027	58.391088	
258	-77.588624	57.479620	
259	-77.696991	57.682447	
260	-78.180904	57.914513	
261	-78.122335	58.100983	
262	-78.192160	58.868374	
263	-77.871930	58.640159	
264	-78.162472	59.578756	
265	-78.260603	59.994613	
266	-78.178315	59.811707	
267	-78.559819	60.717274	
268	-78.597100	60.955770	
269	-78.510172	60.829799	
270	-78.650964	61.307774	
271	-78.719619	61.241453	
272	-78.410303	60.509067	
273	-78.553820	60.659476	
274	-78.698812	61.391172	
275	-78.655462	62.446886	
276	-78.393616	62.525461	
277	-78.767130	63.531154	
278	-79.630109	65.331554	
279	-79.333573	65.061958	
280	-79.489474	65.202268	
281	-79.544286	65.589562	
282	-79.711377	66.080472	
283	-79.539387	65.484388	
284	-80.103696	66.557661	
285	-80.217851	67.206680	
286	-80.293109	67.184841	
287	-80.703379	68.349155	
288	-80.603111	68.044702	
289	-80.059633	66.915751	
290	-80.640368	68.509564	
291	-80.105811	67.380778	
292	-80.512866	68.203516	
293	-79.979029	67.381915	
294	-81.070482	69.808550	
295	-81.472183	70.964566	
296	-81.020612	70.224550	
297	-80.374009	69.027643	
298	-81.357207	70.846816	
299	-81.608566	71.244434	
300	-81.672018	71.354635	
301	-82.134279	72.666098	
302	-82.396818	73.335064	
303	-82.844044	74.416549	
304	-82.743392	74.650546	
305	-83.475150	75.989840	
306	-83.566916	76.336429	
307	-83.220007	75.825678	
308	-83.368146	76.290499	
309	-83.143956	76.527923	
310	-84.198744	79.172759	
311	-84.333462	79.415096	
312	-84.314204	79.394240	
313	-83.840189	78.582943	
314	-83.864973	78.609009	
315	-82.556797	76.439082	
316	-80.146442	72.645238	
317	-83.037223	77.550756	
318	-82.608297	76.776760	
319	-83.643571	78.557092	
320	-83.615836	78.471857	
321	-84.050660	79.365176	
322	-84.457825	80.163893	
323	-84.367869	79.952414	
324	-85.777938	82.388990	
325	-84.867802	80.845153	
326	-85.504887	82.099118	
327	-86.077604	83.242244	
328	-85.793717	82.503281	
329	-85.955770	82.971714	
330	-86.504382	83.875854	
331	-86.386305	83.517954	
332	-86.368026	83.602507	
333	-86.883674	84.504185	
334	-86.717775	83.591933	
335	-86.374676	83.602183	
336	-86.307640	83.427199	
337	-86.862077	84.371902	
338	-87.472827	85.297252	
339	-87.107388	84.753822	
340	-86.808685	84.348726	
341	-86.875132	84.413045	
342	-87.048941	84.665775	
343	-87.023638	84.655133	
344	-86.649836	83.994083	
345	-87.194115	84.998652	
346	-87.036336	84.627010	
347	-86.836405	84.105556	
348	-86.829453	83.741139	
349	-87.126220	84.754149	
350	-86.950767	84.438559	
351	-86.717849	83.968706	
352	-86.439890	83.003139	
353	-86.739098	83.696025	
354	-87.068680	84.457744	
355	-86.651130	83.787828	
356	-86.763422	84.040530	
357	-86.727623	84.005064	
358	-86.338178	83.253241	
359	-86.306891	83.206633	
360	-86.072642	82.735771	
361	-85.936445	82.420580	
362	-85.628956	81.821656	
363	-85.578938	81.692262	
364	-85.375478	81.214246	
365	-85.763402	82.026596	
366	-85.809270	82.141940	
367	-85.398088	81.406789	
368	-85.667769	81.677043	
369	-85.431165	80.562874	
370	-85.016828	80.054714	
371	-85.990106	82.383847	
372	-84.877315	80.198341	
373	-84.843290	80.305893	
374	-84.816388	80.280389	
375	-84.135340	78.020079	
376	-84.978428	80.846448	
377	-84.636585	79.721394	
378	-84.618623	79.976719	
379	-84.259130	78.990002	
380	-84.124351	79.045174	
381	-83.979206	78.176944	
382	-84.114916	78.636211	
383	-83.756376	78.151628	
384	-83.244915	76.716136	
385	-84.092873	78.792640	
386	-83.785139	78.201498	
387	-83.845988	78.090185	
388	-83.146252	76.469494	
389	-83.070496	76.068513	
390	-83.379117	75.912717	
391	-86.574540	84.567267	
392	-85.048334	82.196036	
393	-83.802615	79.315007	
394	-82.235520	75.030707	
395	-83.287558	78.408794	
396	-81.424594	71.117209	
397	-84.134732	79.898416	
398	-82.964980	78.376912	
399	-82.530720	76.435843	
400	-81.038283	68.698414	
401	-81.601841	72.389431	
402	-81.469305	71.407113	
403	-80.862343	68.271345	
404	-81.473139	70.090355	
405	-81.482767	72.103175	
406	-81.686127	72.515535	
407	-82.040758	73.683736	
408	-83.346927	78.583784	
409	-82.672817	76.785555	
410	-80.433663	68.209370	
411	-80.893145	69.796812	
412	-80.436432	68.619798	
413	-79.782375	67.396296	
414	-79.786849	67.288205	
415	-79.957510	67.570380	
416	-80.513052	68.468431	
417	-80.014233	67.452897	
418	-79.658562	66.439473	
419	-80.518717	67.945802	
420	-80.148055	67.106601	
421	-80.366661	67.217709	
422	-80.574557	67.480848	
423	-80.191741	66.580913	
424	-80.213473	66.634194	
425	-80.132070	66.707472	
426	-80.387823	67.473026	
427	-80.665318	68.118724	
428	-80.476902	67.277643	
429	-80.514158	64.365383	
430	-80.474691	65.545349	
431	-80.838817	69.108646	
432	-80.188753	66.536563	
433	-80.300100	64.124905	
434	-79.646323	62.994241	
435	-79.702259	63.386163	
436	-79.164279	63.054717	
437	-79.887314	64.001231	
438	-80.028738	63.790123	
439	-80.269105	64.537506	
440	-80.238186	64.863299	
441	-80.506498	66.273072	
442	-80.560208	66.310095	
443	-79.253831	61.220863	
444	-80.342574	64.378832	
445	-79.384704	61.122008	
446	-79.175789	60.140528	
447	-79.297651	60.892904	
448	-78.892874	59.135408	
449	-79.318678	60.840333	
450	-79.450699	61.354713	
451	-79.644168	63.553410	
452	-81.796681	71.697770	
453	-79.052311	58.329234	
454	-79.732421	62.173365	
455	-82.623520	73.204302	
456	-80.418136	65.941647	
457	-77.924960	52.079748	
458	-82.541900	73.785007	
459	-82.271864	72.951472	
460	-83.172387	74.355731	
461	-80.461600	63.617032	
462	-83.238140	75.295182	
463	-78.851395	57.952526	
464	-82.543199	73.228642	
465	-80.912460	67.077944	
466	-79.854772	60.660117	
467	-84.300712	78.231179	
468	-83.389845	75.400682	
469	-80.100187	64.806197	
470	-79.518450	57.635844	
471	-79.800708	59.443794	
472	-79.338174	58.135075	
473	-82.076327	70.703040	
474	-81.392545	68.920651	
475	-80.686536	66.112075	
476	-79.014270	53.641213	
477	-79.798381	60.344880	
478	-83.528408	75.520780	
479	-80.404017	61.883269	
480	-79.592775	56.862852	
481	-82.089672	69.974739	
482	-82.080524	68.898623	
483	-82.510400	70.600651	
484	-81.749764	66.376914	
485	-80.944036	60.713450	
486	-84.098937	76.194652	
487	-84.238695	76.220871	
488	-83.180684	72.388666	
489	-80.202800	55.082581	
490	-80.777783	57.837532	
491	-80.591347	56.811599	
492	-79.682605	52.134619	
493	-80.043318	51.919222	
494	-81.431754	59.071778	
495	-83.937176	73.207191	
496	-84.689641	75.623667	
497	-80.924655	53.185541	
498	-82.077134	61.087128	
499	-84.234059	73.333198	
500	-84.560625	73.975827	
501	-83.639524	69.249368	
502	-81.971363	57.994433	
503	-85.802756	77.909639	
504	-85.742633	76.937303	
505	-84.230495	71.222628	
506	-83.562223	65.454220	
507	-82.258385	54.364549	
508	-82.447042	55.867748	
509	-83.483139	60.880124	
510	-82.884364	59.122440	
511	-82.740837	60.111619	
512	-82.754145	60.555589	
513	-82.412010	59.432273	
514	-83.368944	65.462315	
515	-84.626735	76.609179	
516	-83.973645	69.342995	
517	-82.503482	62.188250	
518	-84.618272	73.772905	
519	-83.364125	64.628664	
520	-84.858101	75.139802	
521	-84.399723	66.215034	
522	-88.311156	85.393002	
523	-85.484408	74.190839	
524	-86.825269	80.077784	
525	-85.828419	75.700350	
526	-84.546653	66.414074	
527	-84.934809	67.613799	
528	-85.568235	72.247598	
529	-90.052116	90.146668	
530	-85.896029	72.973999	
531	-85.694413	72.286954	
532	-88.673967	86.000376	
533	-84.588054	65.467829	
534	-85.662910	75.163965	
535	-86.491095	77.404940	
536	-87.208657	80.603604	
537	-86.503423	77.280218	
538	-86.313607	76.786808	
539	-87.739499	84.189633	
540	-86.303456	77.548057	
541	-85.526726	59.807207	
542	-91.823646	95.373906	
543	-86.329571	69.185110	
544	-87.653523	78.869652	
545	-90.116654	90.420354	
546	-90.038713	90.149909	
547	-88.525268	84.794024	
548	-88.122150	83.324909	
549	-88.093507	84.143272	
550	-86.983582	78.673208	
551	-88.733781	86.510202	
552	-89.745353	89.353364	
553	-88.926647	86.908029	
554	-89.374097	88.208654	
555	-88.767259	85.642829	
556	-87.196879	75.464042	
557	-91.257057	93.264179	
558	-88.869289	86.166462	
559	-89.824062	89.409558	
560	-90.742754	92.170116	
561	-90.553939	91.590483	
562	-90.643910	91.837136	
563	-90.536339	91.515993	
564	-90.899946	92.662340	
565	-91.555339	94.105992	
566	-91.822741	94.804033	
567	-91.789093	94.743466	
568	-90.974727	92.504240	
569	-91.900694	94.938938	
570	-91.478491	93.951042	
571	-91.295800	93.801559	
572	-90.775983	93.503663	
573	-91.522236	96.293890	
574	-92.576537	97.124320	
575	-92.002136	95.350695	
576	-92.563352	96.294773	
577	-91.465425	93.908089	
578	-89.981319	89.929262	
579	-89.715059	88.671652	
580	-92.136603	95.599701	
581	-89.310600	86.282038	
582	-91.993535	94.743995	
583	-91.732297	94.499405	
584	-91.944975	95.610365	
585	-92.433661	97.795931	
586	-92.823554	96.869619	
587	-92.656919	95.859181	
588	-92.320640	96.111162	
589	-92.508042	96.595449	
590	-92.680953	97.246508	
591	-94.425349	102.018931	
592	-93.963136	100.157103	
593	-93.242483	99.020307	
594	-93.207897	99.543392	
595	-93.224211	99.108056	
596	-92.910375	97.642215	
597	-93.036872	98.030009	
598	-92.545694	98.126901	
599	-92.137642	98.747762	
600	-91.594565	96.203166	
601	-92.014035	98.260351	
602	-91.816297	97.310959	
603	-91.534021	96.159949	
604	-91.496724	95.802177	
605	-91.347481	95.334439	
606	-91.451680	95.109069	
607	-92.646310	97.042324	
608	-91.844045	96.102647	
609	-91.444338	94.644880	
610	-91.671824	95.380618	
611	-91.882775	96.322451	
612	-90.919634	93.309880	
613	-91.398104	94.315524	
614	-90.422808	91.629217	
615	-90.537070	91.845819	
616	-91.794100	95.333353	
617	-90.301138	91.128446	
618	-90.762446	92.754557	
619	-91.054816	93.877121	
620	-90.578506	92.141495	
621	-91.108668	93.919495	
622	-92.345487	96.971809	
623	-92.406287	96.615364	
624	-92.458791	97.475141	
625	-91.768158	96.043070	
626	-92.219638	96.610971	
627	-91.934875	96.301522	
628	-92.029078	97.003608	
629	-92.964539	98.150125	
630	-91.458520	94.571769	
631	-91.760826	95.367383	
632	-92.547053	97.160979	
633	-92.188993	96.328439	
634	-91.870866	95.389845	
635	-91.843931	95.866643	
636	-90.891084	93.367788	
637	-92.970848	98.495401	
638	-92.622052	97.538376	
639	-91.946084	96.017378	
640	-90.447167	91.873297	
641	-91.201669	94.425004	
642	-93.763505	100.149113	
643	-92.973732	98.374587	
644	-90.956888	93.907788	
645	-91.416186	95.417140	
646	-90.873314	93.324970	
647	-90.784562	92.841145	
648	-90.147573	90.564835	
649	-90.363534	91.422920	
650	-90.353173	91.372176	
651	-90.444387	91.746608	
652	-89.687262	88.803293	
653	-89.952709	89.819689	
654	-90.501817	91.944339	
655	-90.748991	92.924244	
656	-90.281722	91.078220	
657	-89.803703	89.240065	
658	-89.322027	87.410489	
659	-89.829523	89.360678	
660	-90.262116	90.970083	
661	-89.898449	89.619915	
662	-90.235087	90.874405	
663	-90.986515	93.846782	
664	-90.832482	93.154260	
665	-90.807559	93.025369	
666	-90.932997	93.484259	
667	-90.983213	93.792098	
668	-91.099386	94.234594	
669	-90.726769	92.725191	
670	-90.478307	91.820270	
671	-90.907904	93.516496	
672	-91.066119	94.194006	
673	-90.456935	91.717868	
674	-90.685019	92.607833	
675	-90.934631	93.515035	
676	-90.287384	91.067245	
677	-90.683484	92.516905	
678	-90.749489	92.884952	
679	-91.078170	94.026505	
680	-90.537053	92.005633	
681	-91.087478	94.161092	
682	-90.685054	92.613188	
683	-91.537782	95.766243	
684	-90.797086	93.177752	
685	-90.702633	93.066502	
686	-91.239571	94.486156	
687	-90.584155	92.360605	
688	-90.662697	92.967830	
689	-90.551391	92.052961	
690	-91.012253	93.997825	
691	-89.778466	88.983213	
692	-89.800603	89.153446	
693	-90.289122	91.045342	
694	-89.818361	89.287503	
695	-89.349600	87.252513	
696	-89.527356	88.343034	
697	-89.453116	87.993289	
698	-89.461356	88.039497	
699	-89.259910	87.331062	
700	-90.390872	91.447802	
701	-90.874283	93.195546	
702	-91.218665	94.547693	
703	-91.451448	95.428719	
704	-91.018917	93.428605	
705	-91.985295	95.143765	
706	-92.393045	97.525273	
707	-90.637923	92.405098	
708	-90.333328	91.214451	
709	-89.881140	89.557701	
710	-89.343190	87.529645	
711	-89.664124	88.758016	
712	-90.216638	90.800759	
713	-90.574854	92.176217	
714	-90.962319	93.641848	
715	-90.993478	93.658020	
716	-90.105119	90.373057	
717	-89.289252	87.279905	
718	-89.550699	88.299684	
719	-89.944445	89.788894	
720	-89.980140	89.923676	
721	-90.228947	90.890373	
722	-89.765439	89.106219	
723	-89.213992	87.002281	
724	-88.437317	84.136823	
725	-87.841373	82.066132	
726	-88.377979	83.862699	
727	-88.672506	85.089395	
728	-88.515285	84.412949	
729	-88.581526	84.402661	
730	-88.085116	82.961302	
731	-87.921185	82.355670	
732	-88.101495	83.039026	
733	-88.618914	85.089953	
734	-88.755396	85.546025	
735	-88.487371	84.675949	
736	-88.531778	84.667800	
737	-88.082769	82.918834	
738	-87.959679	82.342218	
739	-87.183336	79.817540	
740	-86.812022	78.745742	
741	-87.942161	82.383244	
742	-87.983125	82.392238	
743	-87.767399	82.559042	
744	-89.829924	89.632195	
745	-87.792303	83.428402	
746	-87.658401	81.833097	
747	-89.316316	88.356209	
748	-88.887461	87.086493	
749	-89.028883	87.497032	
750	-88.548106	86.258481	
751	-89.259670	88.348669	
752	-89.467463	88.766642	
753	-89.301750	88.311719	
754	-89.564658	88.956813	
755	-88.818315	86.969408	
756	-87.612278	83.123240	
757	-88.855624	87.168005	
758	-87.072578	81.478450	
759	-86.837051	81.045382	
760	-87.842470	84.000744	
761	-87.913181	84.089926	
762	-89.290456	88.141499	
763	-87.815238	83.737521	
764	-89.288266	88.242443	
765	-88.639460	86.526675	
766	-87.605626	83.449666	
767	-88.424498	86.026467	
768	-89.319793	88.267820	
769	-85.957130	74.366976	
770	-85.956004	74.217525	
771	-84.663982	68.264462	
772	-80.873219	52.691419	
773	-89.541582	88.893256	
774	-85.748391	77.031922	
775	-87.099693	81.798921	
776	-87.961162	84.578264	
777	-86.786184	80.028390	
778	-88.143323	84.663520	
779	-88.694214	86.836482	
780	-87.148025	84.028193	
781	-87.171584	84.034356	
782	-86.907333	83.364292	
783	-85.707868	79.704854	
784	-85.484995	79.508233	
785	-84.902350	79.507007	
786	-84.761148	79.619779	
787	-85.671566	80.675439	
788	-84.785638	77.016602	
789	-84.739221	77.534378	
790	-84.084626	77.613068	
791	-83.780337	75.915939	
792	-84.070259	76.238806	
793	-82.260527	66.084776	
794	-83.291894	71.994363	
795	-84.281126	78.230478	
796	-83.240158	73.949963	
797	-83.566840	73.728363	
798	-82.093493	64.294796	
799	-82.168121	64.538301	
800	-84.287629	79.197460	
801	-82.222003	68.162023	
802	-81.729314	66.366752	
803	-82.137289	72.285183	
804	-80.328062	67.436247	
805	-80.925968	71.303520	
806	-80.662836	68.028454	
807	-79.760637	61.317361	
808	-82.469364	75.133314	
809	-81.664997	71.817018	
810	-82.331613	73.398308	
811	-83.530675	77.162515	
812	-81.537299	70.741962	
813	-80.027818	63.141417	
814	-82.002416	73.613089	
815	-79.303826	56.884432	
816	-80.054181	64.570492	
817	-80.641083	70.628283	
818	-79.173011	60.193037	
819	-82.137548	73.768224	
820	-81.143482	71.097540	
821	-81.152553	71.113740	
822	-81.560681	72.322304	
823	-80.690961	69.684187	
824	-81.404058	71.935275	
825	-79.461984	64.934033	
826	-76.728032	51.547671	
827	-81.965916	73.872337	
828	-79.276576	65.251196	
829	-76.226333	45.964978	
830	-77.186309	54.126635	
831	-81.492210	72.565441	
832	-79.854198	68.421774	
833	-80.565946	70.104949	
834	-80.240596	69.149168	
835	-80.605521	70.946808	
836	-79.299488	65.908025	
837	-76.221127	49.297536	
838	-76.051820	51.048868	
839	-75.886541	49.966137	
840	-75.892280	49.171954	
841	-76.008701	51.784933	
842	-77.298858	60.129987	
843	-76.277032	56.885671	
844	-76.391111	55.920286	
845	-76.580551	56.058590	
846	-76.365229	56.037819	
847	-75.813351	54.935932	
848	-75.984998	54.987181	
849	-75.368197	53.633331	
850	-74.740535	52.432522	
851	-74.899239	51.044535	
852	-74.964739	52.025045	
853	-75.424120	54.962587	
854	-75.058583	54.089041	
855	-75.238814	54.227733	
856	-74.885210	53.418647	
857	-74.811895	53.736274	
858	-74.804464	53.385418	
859	-74.673390	52.436353	
860	-75.300298	55.714224	
861	-75.183000	55.338410	
862	-74.648068	53.967298	
863	-74.871231	54.019846	
864	-75.412907	56.155148	
865	-75.236985	54.359068	
866	-75.889087	57.633503	
867	-76.054763	57.256265	
868	-76.008279	57.507083	
869	-76.342759	58.184207	
870	-76.175062	56.821688	
871	-76.132641	56.974547	
872	-75.767421	56.416926	
873	-76.404319	58.336562	
874	-76.287106	59.111116	
875	-76.246996	59.134529	
876	-76.301023	58.749123	
877	-76.262428	57.825434	
878	-75.670677	57.145457	
879	-76.021824	58.385208	
880	-75.189326	57.131565	
881	-75.549699	57.600622	
882	-75.791063	57.736228	
883	-75.517609	57.567997	
884	-75.726798	58.029499	
885	-75.896180	58.577763	
886	-76.335131	60.121450	
887	-75.319123	60.086615	
888	-74.755688	60.507699	
889	-75.360335	61.127376	
890	-76.156794	59.615435	
891	-76.102281	59.235889	
892	-76.247259	60.328304	
893	-76.575621	61.122692	
894	-76.516337	61.188397	
895	-76.522827	61.438838	
896	-76.563967	60.950439	
897	-77.409577	64.852336	
898	-80.852343	75.687625	
899	-80.967774	75.128544	
900	-81.693823	76.582533	
901	-80.933083	75.624400	
902	-80.856419	75.504857	
903	-82.161061	77.529155	
904	-82.654874	78.327870	
905	-82.889129	78.830286	
906	-83.393895	79.522951	
907	-82.799954	78.450798	
908	-81.307920	75.270854	
909	-82.282167	77.597454	
910	-82.687544	78.683435	
911	-81.860929	77.047691	
912	-82.674838	79.033572	
913	-83.278419	80.224683	
914	-82.691986	78.736773	
915	-79.630400	71.475168	
916	-80.820181	75.336072	
917	-82.240634	77.622801	
918	-81.294265	75.084949	
919	-81.469958	75.389639	
920	-81.733485	76.387653	
921	-81.043238	74.221814	
922	-83.711355	80.714468	
923	-80.429493	72.008743	
924	-80.590642	72.638947	
925	-80.861747	73.428494	
926	-79.806269	71.656541	
927	-80.175894	72.208881	
928	-80.467983	72.176669	
929	-80.164971	72.379190	
930	-80.245789	73.503279	
931	-80.316377	71.620502	
932	-80.383645	72.089681	
933	-81.244571	75.288854	
934	-81.870099	77.255730	
935	-80.080659	71.708658	
936	-80.814787	73.859474	
937	-80.419444	72.942928	
938	-80.629194	73.028809	
939	-79.732524	70.952527	
940	-79.864816	71.980955	
941	-79.778220	71.306779	
942	-78.669316	68.369460	
943	-78.813365	68.119603	
944	-79.318270	66.927610	
945	-79.749694	69.134596	
946	-79.360395	69.906086	
947	-79.784891	70.328778	
948	-79.877081	70.799630	
949	-79.280465	69.674630	
950	-79.405203	69.771525	
951	-79.234456	69.228765	
952	-79.307124	69.538131	
953	-79.460856	69.759885	
954	-79.916049	71.653861	
955	-79.207276	68.351055	
956	-79.555650	68.889443	
957	-79.711957	69.225108	
958	-79.093559	67.481203	
959	-78.569876	64.892929	
960	-79.062315	68.495424	
961	-79.331443	69.589769	
962	-79.510844	68.443196	
963	-79.390424	70.442898	
964	-79.091025	68.928332	
965	-78.623009	66.780672	
966	-79.221112	67.623458	
967	-78.796083	66.949435	
968	-79.521670	70.482786	
969	-79.314180	69.138898	
970	-79.151156	67.650931	
971	-78.986685	68.985602	
972	-78.375568	64.948464	
973	-78.534690	65.550611	
974	-78.532465	65.296135	
975	-78.423273	65.248451	
976	-77.913919	64.329760	
977	-77.625865	64.374055	
978	-77.698901	64.189302	
979	-77.238212	63.026318	
980	-77.519096	63.386255	
981	-77.376344	63.325948	
982	-78.109157	64.934321	
983	-77.398363	63.623763	
984	-77.369821	63.590245	
985	-77.508056	63.874950	
986	-77.326577	63.606647	
987	-77.510008	64.093626	
988	-77.334058	64.225289	
989	-76.522644	62.308889	
990	-76.765841	62.542184	
991	-76.678642	62.334254	
992	-77.571242	63.800055	
993	-77.410250	63.645351	
994	-76.699289	63.086455	
995	-77.189303	63.538561	
996	-76.235218	61.915470	
997	-76.486266	62.458087	
998	-76.700603	62.487304	
999	-76.867542	62.186573	
1000	-76.297887	61.015854	
1001	-76.317682	61.105946	
1002	-76.392495	61.427382	
1003	-76.846858	61.941718	
1004	-76.980033	62.040290	
1005	-76.579850	61.255260	
1006	-76.437544	61.280666	
1007	-76.116077	60.529277	
1008	-77.119627	62.080861	
1009	-77.259050	62.591564	
1010	-77.233951	62.213299	
1011	-77.824815	62.991440	
1012	-76.786054	61.203899	
1013	-76.863456	60.782917	
1014	-76.511722	59.994434	
1015	-76.419132	60.005801	
1016	-76.287076	58.910312	
1017	-76.535569	58.771593	
1018	-75.845897	58.041088	
1019	-75.211249	57.611460	
1020	-76.038936	60.234637	
1021	-78.509433	69.856777	
1022	-77.385479	66.318908	
1023	-75.370932	57.899058	
1024	-76.145073	59.937300	
1025	-75.820389	59.313625	
1026	-76.007430	58.894782	
1027	-75.966581	60.403753	
1028	-77.784599	67.985876	
1029	-77.451129	65.923571	
1030	-76.700698	61.469002	
1031	-77.606596	64.527227	
1032	-76.004469	57.296145	
1033	-76.986717	61.621103	
1034	-78.584236	67.812732	
1035	-77.261107	60.285145	
1036	-77.942667	65.041762	
1037	-77.205571	61.926587	
1038	-80.363915	72.968916	
1039	-78.169184	66.116932	
1040	-77.995659	65.379128	
1041	-77.835476	64.731262	
1042	-79.507162	70.751142	
1043	-78.279918	65.906969	
1044	-79.727470	71.809025	
1045	-79.752936	71.717704	
1046	-78.925981	69.214793	
1047	-76.788121	60.805050	
1048	-76.849201	59.767891	
1049	-76.283945	59.292178	
1050	-77.019599	59.213062	
1051	-82.058693	75.576262	
1052	-81.459901	74.355387	
1053	-80.273569	70.546686	
1054	-76.474660	54.581384	
1055	-79.159291	66.379644	
1056	-80.033377	69.226077	
1057	-76.749033	55.730736	
1058	-79.168834	67.782056	
1059	-79.457073	66.350648	
1060	-79.335288	66.763675	
1061	-81.028377	71.651326	
1062	-79.855601	66.542504	
1063	-81.081371	73.284905	
1064	-80.124764	70.059323	
1065	-79.528246	66.443294	
1066	-79.579943	65.746154	
1067	-78.748627	62.935343	
1068	-81.650118	73.352955	
1069	-81.523632	72.090883	
1070	-81.317010	70.927889	
1071	-82.615675	74.506618	
1072	-81.078992	70.438585	
1073	-80.327948	66.956460	
1074	-81.297990	71.303441	
1075	-80.551757	67.137028	
1076	-82.811413	74.044520	
1077	-79.723147	61.576229	
1078	-81.139116	67.448533	
1079	-82.013092	70.476839	
1080	-78.457601	52.387254	
1081	-81.686666	69.325439	
1082	-81.131972	67.568367	
1083	-83.276171	74.679007	
1084	-83.048645	74.273848	
1085	-82.638898	71.847662	
1086	-80.061089	63.707043	
1087	-80.232655	67.433071	
1088	-79.327343	59.432309	
1089	-81.824761	70.142133	
1090	-80.884847	70.698317	
1091	-79.930012	66.618794	
1092	-79.763520	64.411672	
1093	-81.263301	62.621581	
1094	-79.793323	50.509168	
1095	-79.667581	50.215826	
1096	-79.963575	52.424444	
1097	-81.920547	65.490239	
1098	-82.347047	65.975452	
1099	-82.998184	69.126847	
1100	-82.884905	69.197995	
1101	-85.015695	76.950528	
1102	-81.408531	56.067792	
1103	-81.537644	56.761722	
1104	-82.202908	61.921826	
1105	-83.995172	72.020359	
1106	-85.451118	76.505189	
1107	-87.079225	82.362349	
1108	-87.461547	83.253169	
1109	-87.315679	82.785077	
1110	-84.056977	68.463724	
1111	-83.959732	64.093661	
1112	-86.209367	78.499227	
1113	-87.875906	83.875344	
1114	-86.433769	79.152644	
1115	-83.971956	60.694429	
1116	-84.810107	71.338981	
1117	-86.178590	82.645193	
1118	-85.218880	73.031059	
1119	-84.545428	69.536957	
1120	-83.801840	67.886796	
1121	-85.390726	73.654226	
1122	-84.744679	68.463073	
1123	-85.104730	73.711658	
1124	-87.527110	84.835633	
1125	-86.271208	81.208644	
1126	-85.558217	78.036132	
1127	-86.581298	81.499849	
1128	-85.988181	79.529190	
1129	-86.349264	80.552609	
1130	-87.528003	84.550284	
1131	-87.337305	83.687297	
1132	-87.708793	85.070181	
1133	-88.388341	85.899479	
1134	-88.420123	84.247404	
1135	-88.632180	86.933102	
1136	-88.007245	84.823794	
1137	-88.800045	85.365969	
1138	-90.921833	91.870916	
1139	-89.397573	88.549927	
1140	-88.782291	86.976142	
1141	-89.237524	87.956338	
1142	-88.999237	87.405614	
1143	-89.811038	89.518848	
1144	-89.167655	87.893592	
1145	-88.637162	86.580891	
1146	-89.447224	88.693387	
1147	-90.588126	91.267697	
1148	-89.578450	89.019331	
1149	-88.856438	86.891972	
1150	-90.013037	90.035327	
1151	-89.732169	89.272070	
1152	-90.865409	92.318749	
1153	-92.392818	95.266493	
1154	-91.925196	94.530339	
1155	-91.104266	92.838459	
1156	-91.020209	92.768588	
1157	-92.358240	95.660076	
1158	-91.929874	94.965532	
1159	-91.645038	94.426322	
1160	-92.909090	96.954934	
1161	-90.992395	92.960625	
1162	-91.496559	94.110506	
1163	-93.309705	97.942321	
1164	-91.453942	94.156995	
1165	-91.597054	94.844575	
1166	-91.778485	95.313570	
1167	-91.476984	94.559993	
1168	-92.907769	98.832983	
1169	-92.666762	98.097181	
1170	-91.773882	95.358351	
1171	-91.354553	94.159262	
1172	-91.404681	94.496804	
1173	-91.158524	93.393945	
1174	-92.271380	96.031495	
1175	-91.132590	93.487041	
1176	-90.992709	93.424592	
1177	-89.387128	87.279361	
1178	-91.793655	94.748032	
1179	-91.397753	93.900525	
1180	-89.996421	89.988058	
1181	-90.535589	91.745113	
1182	-91.325817	94.242412	
1183	-90.962830	93.088328	
1184	-91.476960	94.573806	
1185	-90.765588	92.498105	
1186	-91.945364	95.970184	
1187	-91.238569	93.533154	
1188	-89.471520	87.826963	
1189	-90.826597	92.644600	
1190	-90.652272	92.516371	
1191	-91.853963	100.036916	
1192	-92.227111	98.037066	
1193	-92.471415	97.648981	
1194	-92.275529	97.888005	
1195	-91.587188	97.197268	
1196	-90.836921	93.000594	
1197	-91.099786	93.637330	
1198	-89.933811	89.756150	
1199	-90.334043	91.707726	
1200	-90.908091	94.134183	
1201	-90.596508	92.149792	
1202	-90.995498	93.829182	
1203	-91.196275	95.760521	
1204	-91.609324	99.114426	
1205	-91.897670	100.065123	
1206	-92.164079	102.848966	
1207	-92.633451	109.245506	
1208	-91.852528	102.919789	
1209	-90.926018	94.467930	
1210	-90.857525	94.446826	
1211	-90.920608	94.682395	
1212	-90.484887	92.427872	
1213	-90.203375	91.024301	
1214	-90.303900	91.679813	
1215	-92.241508	109.493198	
1216	-91.990460	106.171745	
1217	-91.617998	103.169922	
1218	-91.620894	102.427661	
1219	NaN	NaN	
1220	NaN	NaN	
1221	NaN	NaN	
1222	NaN	NaN	
1223	NaN	NaN	
1224	NaN	NaN	
1225	NaN	NaN	
1226	NaN	NaN	
1227	NaN	NaN	
1228	NaN	NaN	
1229	NaN	NaN	
1230	NaN	NaN	
1231	NaN	NaN	
1232	NaN	NaN	
1233	NaN	NaN	
1234	NaN	NaN	
1235	NaN	NaN	
1236	NaN	NaN	
1237	NaN	NaN	
1238	NaN	NaN	
1239	NaN	NaN	
1240	NaN	NaN	
1241	NaN	NaN	
1242	NaN	NaN	
1243	NaN	NaN	
1244	NaN	NaN	
1245	NaN	NaN	
1246	NaN	NaN	
1247	-90.751180	93.208852	
1248	-90.572721	92.495197	
1249	-90.379947	91.683107	
1250	-90.516040	92.278469	
1251	-90.270610	91.180771	
1252	-90.708820	93.116885	
1253	-90.221808	91.177403	
1254	-90.288445	91.528653	
1255	-90.449119	92.535579	
1256	-90.700076	93.773219	
1257	-90.506541	92.873640	
1258	-90.536329	92.835209	
1259	-90.448027	92.391987	
1260	-90.108536	90.584194	
1261	-90.294695	91.589227	
1262	-90.372604	91.939363	
1263	-90.280707	91.492651	
1264	-89.848111	89.205903	
1265	-90.347722	91.770990	
1266	-90.368589	91.920812	
1267	-90.546878	92.810394	
1268	-90.512755	92.592927	
1269	-90.400065	92.066796	
1270	-90.132415	90.683514	
1271	-89.933977	89.662533	
1272	-90.320712	91.607323	
1273	-90.863226	94.491620	
1274	-90.622648	93.226956	
1275	-90.070706	90.354336	
1276	-90.745707	93.725076	
1277	-91.253287	96.265056	
1278	-91.019446	95.091567	
1279	-91.378800	96.806288	
1280	-91.341575	97.373227	
1281	-92.200943	108.502368	
1282	-91.821897	103.379563	
1283	-91.659212	101.111988	
1284	-90.921996	95.105441	
1285	-91.241069	96.927180	
1286	-91.204779	97.209185	
1287	-91.777218	104.556029	
1288	-91.979169	105.607835	
1289	-91.852505	105.455140	
1290	-91.516660	101.831462	
1291	-91.659956	103.710426	
1292	-92.397286	107.995690	
1293	-91.808678	100.959721	
1294	-91.875127	99.218598	
1295	-92.090794	97.156642	
1296	-91.639695	95.730997	
1297	-91.786148	96.073045	
1298	-91.083608	93.676771	
1299	-90.936165	93.017021	
1300	-90.664442	92.229156	
1301	-89.688073	88.653404	
1302	-90.553260	91.860263	
1303	-89.825003	89.274837	
1304	-90.569092	91.851755	
1305	-90.209136	90.724081	
1306	-90.761951	92.641778	
1307	-91.404967	94.620625	
1308	-91.083725	93.597015	
1309	-91.030990	93.483927	
1310	-91.002925	93.360923	
1311	-91.062923	93.363324	
1312	-92.071209	96.318567	
1313	-92.468106	98.030992	
1314	-91.779510	95.798742	
1315	-91.389634	94.091033	
1316	-90.948680	92.938917	
1317	-91.834643	94.673153	
1318	-90.215047	90.711547	
1319	-91.143413	93.752251	
1320	-90.878150	92.907144	
1321	-91.301775	94.403941	
1322	-90.988823	93.288009	
1323	-90.740301	92.417044	
1324	-91.444110	94.611776	
1325	-90.826824	92.694334	
1326	-90.026545	90.084015	
1327	-90.728649	92.249188	
1328	-92.496134	96.740620	
1329	-92.434121	96.265579	
1330	-91.173192	93.132841	
1331	-90.429791	91.295951	
1332	-91.902583	94.648469	
1333	-89.773286	89.246808	
1334	-90.740826	92.309483	
1335	-91.070528	92.570464	
1336	-90.090920	90.221363	
1337	-90.914823	93.744570	
1338	-90.592940	91.692268	
1339	-91.501249	94.311920	
1340	-91.133486	94.995168	
1341	-90.316666	91.204729	
1342	-89.965341	89.894236	
1343	-90.286364	90.897901	
1344	-91.062489	92.925979	
1345	-91.474760	93.777548	
1346	-91.381742	94.054953	
1347	-90.612515	91.900049	
1348	-90.802447	92.347335	
1349	-91.334033	93.432463	
1350	-90.876847	92.032173	
1351	-90.404927	90.997350	
1352	-89.836579	89.515676	
1353	-90.137254	90.362629	
1354	-90.561139	91.368739	
1355	-89.133964	87.565469	
1356	-91.357510	93.242661	
1357	-90.364895	90.971078	
1358	-89.801596	89.461177	
1359	-90.317564	90.833222	
1360	-90.473460	91.210695	
1361	-89.713609	89.235588	
1362	-90.100380	90.262055	
1363	-90.334769	90.757024	
1364	-89.789186	89.507892	
1365	-89.321020	88.478040	
1366	-89.236458	88.312687	
1367	-89.850059	89.582202	
1368	-89.372753	88.401737	
1369	-88.900238	87.532416	
1370	-88.408923	86.487464	
1371	-89.380369	88.661721	
1372	-89.040434	87.868188	
1373	-88.751085	87.127667	
1374	-89.245413	88.342324	
1375	-88.342900	85.903918	
1376	-89.594776	89.076461	
1377	-88.944667	87.613346	
1378	-88.133815	85.147447	
1379	-87.111724	81.050467	
1380	-87.913901	84.783923	
1381	-87.149473	82.686956	
1382	-88.257108	86.001175	
1383	-88.792165	87.530130	
1384	-88.082155	85.681198	
1385	-87.607819	84.114261	
1386	-88.827068	87.455585	
1387	-87.369850	83.443252	
1388	-86.504590	80.029839	
1389	-88.991518	88.037850	
1390	-87.692374	84.886346	
1391	-86.883420	82.592869	
1392	-88.604674	87.182415	
1393	-88.344463	86.428665	
1394	-87.155450	83.170353	
1395	-86.183119	80.795832	
1396	-86.140000	81.178513	
1397	-86.608441	82.397025	
1398	-85.750473	78.036451	
1399	-87.296626	84.220309	
1400	-85.431513	76.536933	
1401	-84.979992	76.917305	
1402	-86.536087	83.165731	
1403	-85.314682	79.968688	
1404	-84.953491	78.023920	
1405	-85.523935	76.875605	
1406	-86.647600	82.939157	
1407	-86.769192	83.756307	
1408	-86.109291	82.295046	
1409	-85.189723	79.720126	
1410	-83.618424	69.702004	
1411	-84.873881	80.792860	
1412	-84.100424	78.063591	
1413	-84.114667	76.884814	
1414	-83.978583	75.237306	
1415	-83.174778	69.582308	
1416	-83.184134	69.470475	
1417	-83.081447	70.675268	
1418	-83.701391	75.513384	
1419	-83.678106	75.564747	
1420	-83.702530	75.417137	
1421	-83.606589	75.843263	
1422	-82.934982	73.726094	
1423	-81.849228	66.817369	
1424	-82.610636	72.506356	
1425	-83.060293	73.940558	
1426	-83.087115	74.114309	
1427	-81.107223	64.098871	
1428	-81.302234	67.348476	
1429	-83.294589	77.769641	
1430	-81.889151	71.210315	
1431	-79.748568	59.786018	
1432	-82.442958	75.041027	
1433	-80.237833	60.974743	
1434	-80.887887	66.419729	
1435	-82.342065	74.988443	
1436	-82.069513	74.989029	
1437	-81.201311	72.341648	
1438	-80.678045	69.306514	
1439	-80.501372	68.362737	
1440	-77.798133	48.560259	
1441	-79.840104	62.000401	
1442	-80.511082	70.454724	
1443	-78.313263	48.794522	
1444	-79.157547	58.090081	
1445	-80.957867	68.966663	
1446	-80.111437	65.096991	
1447	-79.256233	61.669202	
1448	-78.203567	56.903471	
1449	-80.835865	69.318190	
1450	-77.335656	52.481988	
1451	-79.756851	66.999949	
1452	-80.234634	67.831451	
1453	-80.045018	67.559460	
1454	-76.079261	47.262183	
1455	-77.041619	55.356876	
1456	-81.226184	72.680362	
1457	-78.267047	61.584958	
1458	-77.161207	55.711430	
1459	-79.773295	67.590123	
1460	-76.623453	49.267551	
1461	-78.782839	64.059270	
1462	-79.939471	68.513856	
1463	-78.723249	64.886829	
1464	-79.314503	67.240928	
1465	-78.034320	62.690860	
1466	-75.438559	50.750967	
1467	-79.332596	66.513690	
1468	-75.059097	48.987570	
1469	-80.792932	72.393091	
1470	-77.537462	63.684392	
1471	-74.233216	47.841912	
1472	-74.627861	50.300946	
1473	-75.284985	50.976529	
1474	-74.479282	49.309272	
1475	-74.351215	50.132526	
1476	-74.263929	50.297564	
1477	-74.339014	51.053401	
1478	-74.689091	51.985999	
1479	-75.086733	52.131939	
1480	-75.761493	56.960954	
1481	-79.619603	71.833552	
1482	-78.578082	69.236139	
1483	-79.301766	70.510911	
1484	-79.434048	70.824232	
1485	-79.646891	71.438679	
1486	-79.675635	71.671745	
1487	-79.741235	71.862854	
1488	-79.801917	71.988150	
1489	-79.807981	71.605726	
1490	-80.170507	72.966380	
1491	-78.804749	68.441063	
1492	-77.221447	61.089289	
1493	-79.633867	70.880707	
1494	-76.785485	57.366723	
1495	-76.887638	59.359275	
1496	-77.234934	59.636210	
1497	-76.656107	58.319372	
1498	-76.750603	58.713670	
1499	-76.250777	57.310686	
1500	-76.286875	58.953372	
1501	-77.209283	63.054722	
1502	-77.672818	61.906020	
1503	-77.816114	63.782348	
1504	-78.375539	64.887806	
1505	-78.048590	64.553484	
1506	-78.429180	64.579194	
1507	-78.348064	62.503686	
1508	-78.635246	65.932754	
1509	-78.191290	62.511803	
1510	-79.212131	67.503207	
1511	-79.384862	67.163138	
1512	-79.070544	64.350183	
1513	-78.652778	65.306853	
1514	-79.122104	66.076910	
1515	-78.866998	65.488929	
1516	-79.705406	67.298078	
1517	-79.864644	68.432275	
1518	-79.946690	68.843661	
1519	-79.970496	68.178051	
1520	-79.873082	69.075244	
1521	-80.656923	72.490527	
1522	-80.936697	72.203635	
1523	-80.936634	69.901217	
1524	-81.135887	70.309307	
1525	-80.583976	69.591894	
1526	-81.190559	70.923510	
1527	-81.115746	70.837767	
1528	-80.641370	70.176851	
1529	-81.208865	71.218653	
1530	-81.128053	71.517076	
1531	-81.219000	72.394495	
1532	-82.074295	73.948219	
1533	-81.978657	73.985263	
1534	-81.360116	73.099244	
1535	-81.704357	73.511189	
1536	-81.826305	73.758074	
1537	-82.166038	74.450545	
1538	-81.657869	73.381256	
1539	-81.876497	73.726198	
1540	-82.457033	75.220457	
1541	-82.296533	74.827116	
1542	-82.073279	74.479301	
1543	-82.390438	75.250941	
1544	-82.595579	75.835247	
1545	-82.272325	75.220492	
1546	-82.717620	76.157504	
1547	-82.904015	76.686156	
1548	-83.007925	77.125386	
1549	-82.990435	76.670835	
1550	-83.212097	77.177524	
1551	-82.763957	76.686475	
1552	-83.094248	77.280757	
1553	-83.041927	76.709340	
1554	-83.039509	77.140639	
1555	-82.975262	76.563844	
1556	-83.051985	77.237095	
1557	-82.138730	75.414759	
1558	-82.144602	75.021828	
1559	-82.670428	76.363553	
1560	-83.029721	76.587394	
1561	-82.481501	75.983872	
1562	-82.133429	74.937637	
1563	-82.195113	74.663637	
1564	-82.061118	74.408431	
1565	-82.001276	74.282890	
1566	-81.984921	74.252115	
1567	-81.815329	73.967535	
1568	-81.803053	73.535636	
1569	-82.435284	74.736568	
1570	-81.102218	72.096305	
1571	-81.440488	72.616133	
1572	-81.026215	71.843837	
1573	-81.145030	71.854882	
1574	-81.132872	71.886845	
1575	-81.108677	71.878986	
1576	-81.100346	71.514018	
1577	-80.931305	71.119549	
1578	-80.807985	71.504458	
1579	-81.309456	73.757410	
1580	-81.040894	72.855048	
1581	-80.533663	72.099335	
1582	-81.430042	73.805849	
1583	-80.912699	72.679486	
1584	-80.325149	71.499730	
1585	-80.648934	72.094815	
1586	-81.065873	73.118985	
1587	-81.233042	73.547116	
1588	-80.905726	72.863959	
1589	-80.424916	72.064977	
1590	-80.953807	73.355594	
1591	-80.074600	71.302886	
1592	-80.001748	71.480421	
1593	-80.695994	72.129297	
1594	-80.047684	68.863443	
1595	-80.151894	70.463540	
1596	-80.346660	72.589119	
1597	-79.699067	71.061408	
1598	-78.634085	68.098392	
1599	-78.507533	66.802927	
1600	-80.093663	74.327126	
1601	-79.883747	73.356186	
1602	-80.199082	73.354931	
1603	-80.342144	71.838825	
1604	-79.570156	71.184789	
1605	-79.150436	71.771797	
1606	-78.789361	71.384193	
1607	-79.363031	72.827986	
1608	-79.347098	72.550667	
1609	-78.716175	68.038628	
1610	-81.954047	78.233721	
1611	-80.696794	75.355351	
1612	-79.700740	72.953828	
1613	-80.145267	73.067691	
1614	-78.328457	64.917535	
1615	-77.801249	62.379758	
1616	-78.313888	66.772875	
1617	-78.822116	66.126877	
1618	-78.290271	63.275517	
1619	-78.761869	67.339605	
1620	-78.080817	64.894336	
1621	-77.172421	60.402954	
1622	-78.214004	67.226832	
1623	-79.172621	71.506707	
1624	-80.106760	71.245662	
1625	-81.507286	75.222752	
1626	-79.901061	70.424432	
1627	-79.178837	69.512205	
1628	-77.742902	63.136175	
1629	-76.593051	57.892796	
1630	-77.728823	64.661305	
1631	-78.338213	64.931538	
1632	-78.449611	65.804270	
1633	-78.434174	66.473813	
1634	-79.252070	71.424951	
1635	-78.683291	68.747437	
1636	-77.954354	63.744503	
1637	-78.311152	66.403642	
1638	-79.371241	71.574012	
1639	-79.360503	66.350147	
1640	-77.120875	56.520185	
1641	-77.381966	59.494025	
1642	-79.014818	66.896391	
1643	-78.662172	63.845232	
1644	-78.092487	62.775821	
1645	-78.461577	65.808701	
1646	-81.300998	73.708837	
1647	-79.963338	69.102681	
1648	-80.884839	73.427041	
1649	-80.238025	71.270705	
1650	-78.615404	65.453742	
1651	-79.015835	68.228124	
1652	-80.402850	72.178720	
1653	-78.560636	64.785609	
1654	-79.864921	68.908141	
1655	-81.678197	74.351977	
1656	-80.740100	71.835297	
1657	-78.749935	63.767192	
1658	-80.133939	67.765315	
1659	-81.255162	71.975074	
1660	-78.423909	58.213564	
1661	-81.734795	72.675068	
1662	-82.706648	75.080405	
1663	-81.351824	70.243052	
1664	-83.138014	76.441988	
1665	-81.456339	72.227750	
1666	-79.447906	63.869623	
1667	-79.952387	66.554594	
1668	-81.706598	73.961599	
1669	-80.639222	69.313806	
1670	-82.339400	74.636903	
1671	-79.570169	66.327520	
1672	-78.943791	64.314620	
1673	-79.696059	66.933557	
1674	-78.959087	63.808203	
1675	-80.682409	71.052597	
1676	-80.983736	72.245183	
1677	-80.889025	71.877945	
1678	-81.087292	69.964606	
1679	-79.035857	59.246108	
1680	-78.985755	61.831222	
1681	-80.162855	67.522752	
1682	-80.317522	66.996173	
1683	-81.607717	71.867684	
1684	-79.481448	61.937883	
1685	-79.752747	63.497930	
1686	-81.838779	72.712756	
1687	-80.726037	67.524029	
1688	-81.905032	73.125920	
1689	-81.288737	70.489955	
1690	-81.074517	68.728989	
1691	-81.957208	71.378821	
1692	-80.276310	62.926112	
1693	-83.319717	75.902117	
1694	-82.395031	73.202660	
1695	-82.493261	73.197309	
1696	-80.361345	63.980201	
1697	-79.865185	60.918793	
1698	-82.298719	73.241529	
1699	-81.262091	70.120838	
1700	-81.836916	70.843527	
1701	-82.275608	72.141795	
1702	-82.063070	70.933430	
1703	-79.847789	59.955350	
1704	-81.149349	64.134442	
1705	-83.377542	74.163429	
1706	-81.370823	63.930867	
1707	-80.049304	51.761210	
1708	-82.134531	68.352646	
1709	-82.292907	68.848817	
1710	-80.892400	60.456747	
1711	-81.232926	62.334849	
1712	-81.655091	64.478819	
1713	-80.573222	54.697039	
1714	-84.701508	77.733399	
1715	-83.264676	71.993109	
1716	-82.730651	69.140427	
1717	-84.056777	75.125099	
1718	-82.126681	64.872765	
1719	-82.972482	68.637349	
1720	-84.896652	76.482259	
1721	-83.276177	69.593548	
1722	-85.329605	78.345758	
1723	-85.704538	79.552185	
1724	-84.988547	76.504467	
1725	-83.726238	69.727475	
1726	-86.166390	80.002375	
1727	-84.177920	72.932661	
1728	-85.627156	77.887713	
1729	-84.325715	71.821222	
1730	-86.980446	82.439572	
1731	-85.786924	78.232924	
1732	-84.056536	70.334873	
1733	-84.972486	73.582611	
1734	-84.759476	71.399574	
1735	-84.467021	69.243847	
1736	-87.573808	83.664588	
1737	-86.409213	79.355064	
1738	-85.927385	77.942093	
1739	-85.478571	75.291447	
1740	-82.294484	43.937880	
1741	-88.313341	86.049958	
1742	-85.394746	72.871521	
1743	-85.260628	72.582540	
1744	-87.010527	81.156801	
1745	-87.196909	82.396817	
1746	-87.988423	84.873788	
1747	-86.806405	80.987337	
1748	-88.197658	85.627813	
1749	-87.380319	82.332208	
1750	-86.760024	79.844594	
1751	-86.530270	77.773496	
1752	-86.998626	81.564229	
1753	-87.348380	82.730577	
1754	-89.433962	88.597187	
1755	-88.730381	86.901105	
1756	-88.523258	86.469510	
1757	-89.157660	87.774636	
1758	-88.271739	85.167880	
1759	-89.011412	86.724703	
1760	-89.421359	87.748595	
1761	-91.326665	93.028654	
1762	-90.327775	90.862754	
1763	-90.061800	90.177119	
1764	-90.412868	91.034590	
1765	-89.684014	89.047410	
1766	-90.402573	91.042161	
1767	-89.861411	89.597040	
1768	-90.010859	90.029704	
1769	-89.707981	89.185749	
1770	-89.777498	89.365160	
1771	-90.448369	91.289368	
1772	-89.630865	88.889195	
1773	-89.195486	87.575237	
1774	-88.999737	86.706085	
1775	-90.306300	90.919463	
1776	-91.995012	94.884249	
1777	-91.221597	93.404931	
1778	-90.492694	91.390646	
1779	-89.930726	89.800628	
1780	-89.636219	88.925296	
1781	-90.206904	90.621684	
1782	-90.948631	92.581621	
1783	-92.325443	96.205683	
1784	-90.926715	93.129280	
1785	-90.610131	92.063116	
1786	-90.186316	90.638161	
1787	-90.461296	91.600923	
1788	-90.567098	91.932486	
1789	-89.728621	89.106177	
1790	-90.102116	90.334441	
1791	-90.607423	91.960376	
1792	-90.538492	91.806045	
1793	-90.877537	92.914159	
1794	-91.348789	94.449475	
1795	-90.256159	90.843997	
1796	-89.498294	88.330313	
1797	-89.492229	88.399998	
1798	-90.671417	91.867848	
1799	-89.646392	88.758646	
1800	-90.502640	91.697502	
1801	-91.185656	93.705350	
1802	-91.337913	94.256725	
1803	-91.134903	93.763365	
1804	-90.386810	91.355770	
1805	-89.293746	87.584649	
1806	-89.668051	88.862392	
1807	-90.912799	92.914329	
1808	-90.442407	91.401237	
1809	-90.131968	90.550302	
1810	-91.260262	94.880745	
1811	-90.571638	91.827619	
1812	-87.261444	69.410769	
1813	-90.347138	91.087118	
1814	-89.104635	85.915850	
1815	-89.381488	87.517461	
1816	-90.286690	91.042329	
1817	-91.322031	95.003213	
1818	-90.465128	91.777045	
1819	-90.278254	91.062557	
1820	-90.753812	92.932844	
1821	-90.436184	91.650052	
1822	-90.566813	92.125119	
1823	-89.511308	88.113246	
1824	-89.340130	86.976944	
1825	-89.153366	86.301060	
1826	-89.298734	86.804757	
1827	-89.570842	88.087735	
1828	-89.153725	86.352898	
1829	-89.638945	88.685126	
1830	-90.426983	91.239701	
1831	-89.593190	88.425320	
1832	-90.529235	91.671856	
1833	-89.778908	89.058227	
1834	-89.654227	88.636858	
1835	-89.338829	87.324281	
1836	-89.141111	86.524564	
1837	-88.889399	85.464722	
1838	-88.570371	84.159005	
1839	-88.652634	84.351122	
1840	-88.981728	85.554786	
1841	-89.159031	86.367368	
1842	-89.112560	86.240147	
1843	-88.792330	84.933008	
1844	-88.908881	85.416043	
1845	-89.172219	86.642272	
1846	-89.510801	87.962058	
1847	-89.174981	86.551881	
1848	-89.675522	88.658347	
1849	-89.552417	88.156860	
1850	-89.842028	89.346259	
1851	-89.912698	89.636639	
1852	-89.759044	88.961676	
1853	-89.921457	89.666958	
1854	-90.404420	91.698401	
1855	-90.401970	91.736023	
1856	-90.401426	91.703656	
1857	-90.311609	91.278316	
1858	-90.224580	90.936413	
1859	-89.900171	89.579908	
1860	-89.872149	89.460382	
1861	-89.712072	88.779189	
1862	-89.635875	88.486138	
1863	-89.860211	89.424766	
1864	-89.538823	88.082780	
1865	-89.448139	87.715677	
1866	-89.467031	87.770463	
1867	-89.692527	88.714314	
1868	-89.571184	88.195568	
1869	-89.939643	89.748325	
1870	-89.796355	89.141938	
1871	-90.334919	91.446388	
1872	-90.238602	91.024606	
1873	-89.859533	89.430715	
1874	-89.991741	89.966054	
1875	-90.357610	91.482342	
1876	-89.946368	89.761998	
1877	-90.004300	90.016158	
1878	-91.047621	93.311342	
1879	-89.987950	89.951055	
1880	-91.183689	93.669025	
1881	-89.991330	89.960940	
1882	-90.249038	91.033762	
1883	-90.039441	90.164978	
1884	-90.523222	92.247285	
1885	-90.634541	92.770130	
1886	-90.688356	92.989901	
1887	-90.921058	94.087371	
1888	-91.337415	96.101957	
1889	-90.845393	93.785729	
1890	-91.233739	95.704769	
1891	-90.787356	93.624746	
1892	-91.178262	95.457217	
1893	-91.666056	97.955580	
1894	-91.129001	95.203419	
1895	-91.652471	97.624008	
1896	-91.661464	97.393832	
1897	-91.933167	98.994599	
1898	-91.545099	97.230610	
1899	-91.047518	94.850312	
1900	-90.890539	94.151056	
1901	-90.786647	93.777833	
1902	-91.134485	94.723857	
1903	-92.158578	96.771577	
1904	-90.383729	91.812817	
1905	-90.817250	93.685519	
1906	-90.702905	93.137180	
1907	-91.201379	95.381451	
1908	-91.010889	94.584411	
1909	-91.038451	94.603317	
1910	-91.191991	95.336204	
1911	-91.240707	95.490420	
1912	-91.514109	96.637469	
1913	-91.783210	97.852446	
1914	-91.782835	97.822386	
1915	-91.910880	98.315530	
1916	-91.625020	97.094510	
1917	-92.026774	99.527352	
1918	-92.172320	100.120988	
1919	-91.717740	97.502574	
1920	-91.795422	98.082479	
1921	-92.493500	100.798027	
1922	-92.428335	100.898604	
1923	-92.328164	100.200452	
1924	-92.240580	99.596298	
1925	-92.299087	100.036485	
1926	-92.265831	99.885753	
1927	-91.628994	97.114832	
1928	-91.747564	97.789021	
1929	-91.505158	96.346508	
1930	-91.358941	96.198918	
1931	-92.439909	99.521454	
1932	-93.253869	99.938791	
1933	-91.514992	96.169532	
1934	-93.691974	100.019424	
1935	-92.423838	98.026658	
1936	-91.735032	96.896998	
1937	-92.620119	97.934150	
1938	-91.490699	96.266560	
1939	-93.448487	99.760753	
1940	-92.574437	97.611727	
1941	-93.065751	99.690721	
1942	-91.207495	95.588559	
1943	-91.232766	95.686110	
1944	-90.877582	93.603280	
1945	-92.434267	97.780187	
1946	-91.038501	94.612674	
1947	-92.796617	97.986057	
1948	-92.694064	98.113325	
1949	-92.353520	96.987636	
1950	-92.341095	98.096936	
1951	-90.945910	94.198733	
1952	-92.462189	97.097565	
1953	-93.053779	99.156008	
1954	-92.850709	98.541501	
1955	-92.617507	97.992582	
1956	-92.787207	98.335557	
1957	-92.218541	96.791197	
1958	-92.632039	97.735627	
1959	-92.363671	97.943651	
1960	-91.399103	96.094602	
1961	-93.002875	99.330263	
1962	-90.515957	92.651467	
1963	-92.239333	98.654002	
1964	-93.172733	100.043302	
1965	-91.429334	96.263376	
1966	-93.125803	99.799529	
1967	-90.945634	94.646517	
1968	-91.100969	94.934569	
1969	-91.431658	96.730028	
1970	-91.547048	97.151403	
1971	-91.715401	97.952748	
1972	-91.786672	98.377299	
1973	-91.501815	96.882086	
1974	-91.679904	97.766687	
1975	-91.472493	96.941242	
1976	-92.158210	98.739492	
1977	-92.272426	99.093935	
1978	-92.544498	99.962731	
1979	-92.042492	98.324961	
1980	-92.229826	99.144077	
1981	-92.144925	98.422855	
1982	-93.197465	100.029819	
1983	-94.162576	101.872177	
1984	-92.522243	98.975157	
1985	-91.571984	96.297062	
1986	-92.241426	98.938643	
1987	-91.520853	96.220607	
1988	-92.516536	99.105288	
1989	-93.680077	100.916808	
1990	-91.531504	96.290891	
1991	-92.170892	98.427143	
1992	-92.127538	98.817789	
1993	-92.382176	99.802520	
1994	-91.820143	97.403803	
1995	-91.881613	97.776455	
1996	-92.096440	98.757292	
1997	-92.221133	99.355938	
1998	-91.895664	97.619045	
1999	-91.899384	97.646480	
2000	-91.960166	98.208314	
2001	-92.002886	98.250259	
2002	-91.742801	97.309750	
2003	-91.427101	95.920612	
2004	-92.048402	98.326707	
2005	-91.800062	97.266349	
2006	-91.466688	95.796388	
2007	-91.518340	96.042405	
2008	-91.488424	96.086070	
2009	-91.464731	95.992499	
2010	-91.461723	95.811749	
2011	-91.313481	95.167220	
2012	-91.577484	96.314635	
2013	-91.577153	96.266407	
2014	-91.365057	95.392896	
2015	-91.411780	95.483824	
2016	-92.230646	98.797499	
2017	-91.994188	98.165156	
2018	-92.099020	98.300110	
2019	-91.844469	97.420587	
2020	-91.464369	95.909011	
2021	-91.745814	96.879564	
2022	-91.688691	96.575280	
2023	-91.889431	97.384700	
2024	-92.091745	98.039406	
2025	-91.895298	97.345595	
2026	-91.614382	96.496937	
2027	-91.526452	96.162190	
2028	-91.256648	94.797824	
2029	-91.973675	97.529654	
