Athlete_Engineering	// User ID
11-2-2021	// Evaluation date
P014_Squat	30-1-2021	13:54:52:762	// Source file name and timestamp
250.000	// Sampling rate
8.102	// Data capture period



Sample #	Right_Leg_Flexion	Right_Leg_Abduction	
0	-91.121438	93.461092	
1	-90.551775	92.194641	
2	-90.460366	91.774954	
3	-90.359907	91.294467	
4	-91.261487	93.740092	
5	-91.358117	94.104755	
6	-91.272269	93.821836	
7	-90.828470	92.671757	
8	-90.621780	92.246585	
9	-91.066268	93.279837	
10	-90.580101	92.355096	
11	-90.855265	93.254827	
12	-91.063349	94.132424	
13	-90.823278	93.254649	
14	-90.766607	93.015965	
15	-91.163600	94.557678	
16	-91.372375	95.394885	
17	-91.405445	95.598672	
18	-91.234425	94.959814	
19	-90.892487	93.522079	
20	-91.000173	93.958818	
21	-90.993703	93.956211	
22	-90.794042	93.194669	
23	-90.787537	93.162098	
24	-90.686020	92.707357	
25	-90.635625	92.484333	
26	-90.802018	93.216665	
27	-91.259574	94.983797	
28	-91.438082	95.858800	
29	-91.101156	94.433910	
30	-90.714259	92.925164	
31	-90.750867	92.884659	
32	-91.076603	93.384949	
33	-90.673212	92.133803	
34	-90.809244	92.486392	
35	-90.822939	92.518847	
36	-90.534467	91.650349	
37	-90.694271	92.161032	
38	-90.531602	91.636692	
39	-89.998486	89.995177	
40	-90.320488	91.036019	
41	-89.827263	89.466242	
42	-90.351116	91.090944	
43	-90.388732	91.221285	
44	-91.194666	93.682860	
45	-90.949218	92.886821	
46	-91.321485	94.139989	
47	-91.255024	93.817870	
48	-90.868807	92.717683	
49	-91.732548	95.410066	
50	-91.435110	94.321784	
51	-91.361446	93.932637	
52	-91.573913	94.349792	
53	-91.078775	93.161978	
54	-91.174843	93.419514	
55	-91.335521	94.132679	
56	-90.889820	92.682779	
57	-90.921461	92.420857	
58	-91.164381	93.612015	
59	-90.760832	92.168637	
60	-92.318210	95.750904	
61	-90.316830	91.324027	
62	-90.338050	91.294250	
63	-90.534827	92.182692	
64	-90.135442	90.547903	
65	-90.896737	93.687354	
66	-91.333763	95.374296	
67	-91.249573	94.946336	
68	-91.528483	96.136502	
69	-90.932104	93.626366	
70	-91.233076	94.764421	
71	-91.246657	94.704932	
72	-91.309399	94.945060	
73	-91.377966	95.146766	
74	-90.689349	92.596200	
75	-90.707296	92.696152	
76	-91.249916	94.817761	
77	-90.530469	92.054441	
78	-90.175048	90.684226	
79	-90.368151	91.464463	
80	-90.199832	90.804576	
81	-90.281971	91.126803	
82	-90.328890	91.292622	
83	-90.517041	92.032594	
84	-91.020936	94.025536	
85	-90.750742	92.916241	
86	-91.114434	94.317122	
87	-90.540237	92.058387	
88	-91.023390	93.901095	
89	-91.064221	93.969268	
90	-91.198117	94.412272	
91	-90.472729	91.755745	
92	-91.341068	95.183224	
93	-90.949416	93.582108	
94	-90.620767	92.360265	
95	-91.091836	94.213980	
96	-91.067147	94.105285	
97	-90.115750	90.444745	
98	-90.740576	92.910786	
99	-90.830784	93.244070	
100	-90.967823	93.778261	
101	-91.511643	95.912550	
102	-91.121811	94.380283	
103	-90.927814	93.601587	
104	-90.400891	91.554922	
105	-90.676988	92.574810	
106	-90.329509	91.249614	
107	-90.227441	90.844999	
108	-89.677707	88.808401	
109	-90.183460	90.686381	
110	-90.088344	90.338701	
111	-89.761485	89.095403	
112	-89.963411	89.863992	
113	-90.384660	91.469050	
114	-90.280792	91.060167	
115	-90.434972	91.648531	
116	-90.122648	90.462175	
117	-89.968214	89.898975	
118	-90.589882	91.641860	
119	-89.900919	89.645556	
120	-90.334955	91.347135	
121	-89.786851	89.160117	
122	-89.517460	88.250728	
123	-89.835718	89.401711	
124	-91.010823	94.267324	
125	-90.723487	92.834622	
126	-90.591498	92.318954	
127	-90.133130	90.517327	
128	-90.736172	92.834912	
129	-90.064886	90.248376	
130	-89.565371	88.346968	
131	-90.571111	92.123366	
132	-90.079231	90.296237	
133	-90.767471	92.920774	
134	-89.542646	88.306593	
135	-89.775948	89.185644	
136	-89.564473	88.435226	
137	-90.074633	90.286932	
138	-90.993847	94.265533	
139	-90.757363	93.304095	
140	-90.477480	91.996163	
141	-89.739280	89.020595	
142	-90.682179	92.812453	
143	-89.399556	87.800446	
144	-89.548310	88.298779	
145	-89.483783	88.045324	
146	-89.334456	87.447438	
147	-89.011915	86.209535	
148	-89.083900	86.464200	
149	-89.413683	87.705885	
150	-89.376851	87.571475	
151	-89.394589	87.684012	
152	-89.629275	88.539409	
153	-89.922374	89.668652	
154	-90.199683	90.889982	
155	-88.610591	84.884859	
156	-89.047638	87.434806	
157	-89.609012	88.155859	
158	-89.080846	86.675418	
159	-88.777766	86.595146	
160	-88.197298	82.836848	
161	-87.869013	82.839173	
162	-87.591276	81.025918	
163	-87.515460	80.711657	
164	-88.148855	83.024958	
165	-88.207002	83.340692	
166	-87.718446	81.552866	
167	-87.598824	81.196490	
168	-87.744154	81.638194	
169	-88.061512	82.544351	
170	-87.859650	82.039451	
171	-87.549329	80.913936	
172	-87.215157	79.453434	
173	-87.191960	79.432838	
174	-87.713093	81.570998	
175	-87.028301	79.318774	
176	-86.430958	76.946132	
177	-87.275950	79.952549	
178	-87.243627	79.989510	
179	-86.839611	78.600168	
180	-87.299403	80.009606	
181	-86.668402	77.468183	
182	-86.952526	78.488159	
183	-87.053659	78.825301	
184	-86.788761	77.977048	
185	-86.527526	77.114499	
186	-87.016524	79.084751	
187	-86.702738	77.636850	
188	-86.714508	78.022394	
189	-86.511221	76.975133	
190	-86.369139	76.423499	
191	-86.045421	74.840476	
192	-86.069871	74.620200	
193	-85.819687	73.777258	
194	-85.752698	73.528317	
195	-86.072269	75.127368	
196	-86.825442	78.169492	
197	-86.113258	75.318138	
198	-86.277363	76.094746	
199	-86.192027	75.747137	
200	-85.553887	73.888011	
201	-85.405225	72.930542	
202	-85.184427	71.956256	
203	-85.331600	72.660915	
204	-84.887332	70.947348	
205	-84.812240	70.458146	
206	-84.766319	70.493590	
207	-84.865912	71.124749	
208	-84.597426	69.870525	
209	-86.404679	78.143352	
210	-88.276694	85.409454	
211	-84.537378	69.938163	
212	-84.874861	73.552235	
213	-84.456732	74.592136	
214	-84.534706	75.352957	
215	-86.101445	80.986851	
216	-87.491066	84.719046	
217	-87.736068	85.096496	
218	-87.170730	83.597150	
219	-87.398123	84.392706	
220	-86.691602	82.111487	
221	-85.381702	76.238186	
222	-84.449365	73.780616	
223	-84.953188	75.518811	
224	-84.216127	72.872723	
225	-84.071306	72.691773	
226	-83.877573	72.041864	
227	-83.838570	72.031826	
228	-83.243357	70.674043	
229	-83.547086	71.286129	
230	-83.997782	72.401828	
231	-83.918617	72.550392	
232	-84.016957	72.679078	
233	-84.313718	73.692029	
234	-84.294311	72.575974	
235	-83.596228	66.423505	
236	-83.604898	67.036956	
237	-83.393036	65.915837	
238	-83.224227	65.504382	
239	-83.394010	66.653041	
240	-83.200742	65.474314	
241	-83.653693	66.699371	
242	-82.422523	63.410679	
243	-82.715679	63.911171	
244	-82.786109	64.558649	
245	-82.853450	65.351504	
246	-82.536988	63.799183	
247	-81.474555	62.923325	
248	-81.451973	67.446462	
249	-81.301219	66.725235	
250	-81.162928	65.155938	
251	-80.508470	59.782943	
252	-80.805407	64.820317	
253	-79.929474	54.932305	
254	-79.722654	56.200198	
255	-79.788886	56.039223	
256	-80.236036	57.166664	
257	-80.454851	57.711130	
258	-79.569607	54.891119	
259	-79.875460	58.453251	
260	-79.289755	60.329289	
261	-78.671181	58.376123	
262	-78.017858	57.190480	
263	-76.991109	55.686099	
264	-76.421966	54.575037	
265	-76.006914	54.871773	
266	-77.918814	66.167224	
267	-76.295201	60.618817	
268	-74.681587	52.909483	
269	-75.727826	60.892727	
270	-72.928979	46.455652	
271	-74.481669	50.334760	
272	-73.705329	49.187955	
273	-73.514818	54.376351	
274	-72.964453	49.062811	
275	-71.633441	42.572933	
276	-70.620796	40.017115	
277	-71.113032	47.006279	
278	-68.848179	37.731254	
279	-70.655721	48.519894	
280	-68.133894	38.210828	
281	-70.591031	50.825054	
282	-66.314140	33.101885	
283	-65.809728	33.358418	
284	-66.317061	38.228301	
285	-67.430813	45.743153	
286	-63.732487	33.341523	
287	-65.127283	44.219278	
288	-63.172382	33.450844	
289	-63.138602	34.175794	
290	-63.080531	32.485237	
291	-62.307006	32.480521	
292	-61.979154	32.415864	
293	-61.639930	32.030397	
294	-60.994728	31.573386	
295	-60.896185	32.171558	
296	-60.637806	31.992502	
297	-60.213560	31.449382	
298	-59.678867	30.816347	
299	-59.416456	30.335914	
300	-58.775548	29.378124	
301	-58.261491	29.595748	
302	-58.205785	29.505994	
303	-58.163435	29.800505	
304	-57.826769	30.050282	
305	-57.442438	30.047938	
306	-57.120900	30.243906	
307	-56.916361	30.572234	
308	-56.376762	29.896534	
309	-55.448667	29.376136	
310	-54.494701	28.835185	
311	-54.222211	28.471629	
312	-54.106823	28.747462	
313	-53.732143	28.532055	
314	-53.242678	29.026512	
315	-52.813104	29.519206	
316	-52.146253	29.417941	
317	-52.252960	29.434019	
318	-52.012067	29.342338	
319	-51.364878	29.099037	
320	-50.822998	29.086968	
321	-50.614879	29.532914	
322	-50.668609	29.933945	
323	-50.841040	31.069781	
324	-50.249506	30.454241	
325	-49.753374	29.881204	
326	-48.612024	28.353943	
327	-48.233030	27.661201	
328	-47.156186	27.626277	
329	-47.210540	27.757769	
330	-46.762210	27.547205	
331	-46.411780	27.300972	
332	-45.395894	27.247013	
333	-45.038526	27.332877	
334	-44.828659	27.744501	
335	-44.741932	27.878881	
336	-43.691111	27.398268	
337	-43.541407	27.596351	
338	-42.848943	27.263210	
339	-42.378228	28.543472	
340	-41.805103	29.210263	
341	-40.998991	28.803705	
342	-40.992812	28.785358	
343	-40.709985	28.722755	
344	-39.535429	28.439501	
345	-39.023648	27.799789	
346	-38.967580	27.636735	
347	-38.568027	27.728253	
348	-37.549152	27.243534	
349	-37.683151	27.820937	
350	-37.911081	27.967315	
351	-36.802870	27.938667	
352	-36.377731	28.125362	
353	-36.145578	29.142773	
354	-35.154019	28.512052	
355	-35.019482	28.519811	
356	-34.661941	28.934427	
357	-34.045982	28.113345	
358	-33.970915	27.544326	
359	-33.781524	28.042552	
360	-32.976051	27.657824	
361	-32.238911	27.949741	
362	-31.898288	27.841566	
363	-31.059636	27.706416	
364	-30.514593	27.817637	
365	-30.364777	27.890977	
366	-29.520672	27.687697	
367	-29.305385	28.288606	
368	-28.533756	28.973202	
369	-28.368157	28.273083	
370	-27.688850	28.112472	
371	-26.967398	28.293190	
372	-26.906506	27.940720	
373	-26.099530	27.574121	
374	-26.171867	27.766133	
375	-25.587236	26.327544	
376	-25.677225	27.150202	
377	-24.882261	26.074701	
378	-23.789544	26.270466	
379	-23.536047	25.342281	
380	-23.225136	25.707882	
381	-22.772839	25.553280	
382	-21.974296	25.636255	
383	-22.137643	25.651481	
384	-21.533394	25.202248	
385	-21.483860	26.128866	
386	-20.542101	26.014822	
387	-20.461776	25.792077	
388	-19.857322	26.062885	
389	-19.464596	26.656343	
390	-19.039510	26.848190	
391	-18.634934	26.695720	
392	-18.341158	26.912406	
393	-17.720862	27.443878	
394	-16.631784	27.104507	
395	-16.316009	27.300103	
396	-15.901839	27.940006	
397	-15.691616	28.899749	
398	-15.153222	28.285124	
399	-14.532758	28.436298	
400	-14.619040	28.649115	
401	-14.246989	29.289105	
402	-13.504573	28.799499	
403	-12.936528	28.462528	
404	-12.512426	28.647449	
405	-12.253835	28.278682	
406	-12.175481	28.444103	
407	-12.080497	29.164223	
408	-12.498602	35.723950	
409	-12.720706	36.352895	
410	-10.305213	28.814373	
411	-9.986736	29.415298	
412	-8.903666	29.215484	
413	-8.668468	29.206945	
414	-8.351637	29.229656	
415	-8.144171	29.174690	
416	-7.499702	28.943667	
417	-6.865915	29.737166	
418	-6.722956	30.254549	
419	-6.186461	29.820071	
420	-5.359999	29.965338	
421	-4.667581	30.605379	
422	-4.621386	30.307051	
423	-4.006159	30.233968	
424	-3.969469	30.390438	
425	-3.617693	30.595947	
426	-3.362323	30.547556	
427	-2.441943	30.413436	
428	-2.410084	30.257219	
429	-1.349214	30.201336	
430	-1.016482	31.509250	
431	-0.690340	29.638493	
432	-1.028136	24.945392	
433	0.378315	32.736583	
434	-0.136088	29.200980	
435	0.055490	26.125343	
436	0.993748	30.514174	
437	0.790899	26.308899	
438	2.645258	33.214878	
439	3.011415	31.683930	
440	3.418640	32.312447	
441	3.673044	31.913185	
442	4.134189	32.272423	
443	4.678902	31.849440	
444	5.204587	33.224018	
445	5.196116	31.695876	
446	4.297689	25.462870	
447	4.936457	25.596406	
448	6.094015	26.252870	
449	6.310671	26.919727	
450	6.520170	26.354083	
451	7.078260	27.004686	
452	6.939030	26.411480	
453	6.678540	27.388704	
454	8.114296	27.401873	
455	7.988004	25.700667	
456	8.380200	26.815664	
457	9.700328	28.552776	
458	10.798352	32.274271	
459	9.500103	28.444947	
460	11.689596	33.554219	
461	10.656264	27.551395	
462	11.005774	27.624811	
463	11.531597	26.808162	
464	11.596961	27.741318	
465	11.831119	28.799457	
466	12.644039	29.044195	
467	11.980621	27.855584	
468	12.693105	28.444834	
469	12.624326	28.128384	
470	12.458965	28.594544	
471	13.109590	28.054986	
472	13.442147	27.797294	
473	13.819521	29.329464	
474	13.599511	28.918877	
475	13.046322	29.090892	
476	13.858019	29.775044	
477	13.917172	28.886192	
478	14.138211	29.650532	
479	14.034167	28.734051	
480	14.115847	27.590276	
481	15.210042	30.004930	
482	16.190776	35.862972	
483	16.402801	35.566234	
484	15.765453	34.468063	
485	14.240967	28.515503	
486	14.843892	29.843694	
487	15.532375	33.389225	
488	14.754059	28.909740	
489	15.030074	33.002252	
490	13.013836	25.865864	
491	13.081842	27.299018	
492	12.886788	26.937576	
493	13.451610	28.294176	
494	13.524410	26.935730	
495	12.643861	26.152812	
496	12.362553	27.389740	
497	12.268313	26.321142	
498	13.264905	28.210315	
499	13.956834	33.631009	
500	13.637679	32.082829	
501	13.906637	33.149477	
502	13.405613	34.212314	
503	12.759826	33.492689	
504	13.128410	32.791945	
505	12.414759	33.252550	
506	12.307372	30.972232	
507	10.206601	25.514413	
508	10.394502	27.757533	
509	11.851995	33.429431	
510	11.019213	32.338639	
511	11.280645	32.585612	
512	10.698252	32.356429	
513	10.630537	32.664145	
514	10.000837	33.046820	
515	9.346950	31.478378	
516	9.096669	31.723306	
517	8.394037	32.931175	
518	8.315522	31.829770	
519	8.351669	31.578651	
520	7.848831	31.628593	
521	7.392246	31.574452	
522	7.161299	32.284899	
523	6.987484	31.326526	
524	5.971449	29.775792	
525	6.203680	30.616698	
526	5.634078	31.102672	
527	4.554872	28.990556	
528	3.734276	23.572573	
529	3.754236	25.938269	
530	4.313418	31.358407	
531	3.420011	28.120399	
532	2.889042	24.999178	
533	3.081006	29.972628	
534	2.510035	28.180811	
535	1.470343	27.984557	
536	1.354084	28.562328	
537	0.638899	28.217027	
538	0.523380	28.640274	
539	0.108181	28.428920	
540	-0.435792	28.614996	
541	-0.954546	28.469486	
542	-1.885965	28.876292	
543	-2.660365	28.640843	
544	-3.021313	28.391190	
545	-3.477112	28.904417	
546	-3.856317	28.864838	
547	-4.384653	28.317502	
548	-4.819146	29.034860	
549	-5.172679	28.854173	
550	-5.935295	29.024752	
551	-6.385052	28.559712	
552	-6.920230	28.701115	
553	-7.397938	28.489683	
554	-7.808313	28.647337	
555	-8.410385	28.797582	
556	-8.890838	28.940997	
557	-9.512524	28.809920	
558	-10.045160	28.771834	
559	-10.628056	28.310062	
560	-11.143171	28.789674	
561	-11.869703	28.895035	
562	-12.824286	28.257958	
563	-12.953608	28.512260	
564	-13.542676	28.126070	
565	-14.375824	28.216307	
566	-14.901606	28.461397	
567	-15.552958	28.192791	
568	-16.053690	27.586922	
569	-16.761969	28.029327	
570	-17.605447	27.684469	
571	-18.030098	27.552172	
572	-18.821940	27.209684	
573	-19.923080	27.678661	
574	-20.043723	27.296475	
575	-20.458249	26.334787	
576	-21.086229	26.439226	
577	-21.311130	27.294487	
578	-23.059407	24.901431	
579	-23.176262	21.369466	
580	-23.769139	26.213794	
581	-24.662460	25.496744	
582	-25.247912	26.075941	
583	-25.638516	26.570601	
584	-26.297270	26.566253	
585	-26.868080	26.943344	
586	-27.738639	26.366880	
587	-28.107620	26.160630	
588	-28.920367	27.127265	
589	-29.753514	26.620334	
590	-30.728808	26.771653	
591	-30.954951	27.095165	
592	-32.563832	27.630761	
593	-33.187929	27.521368	
594	-33.183349	27.250780	
595	-33.714325	27.460390	
596	-34.643934	27.039507	
597	-34.960299	27.371759	
598	-35.657947	26.600838	
599	-36.291166	25.996325	
600	-37.452394	26.840770	
601	-37.931427	27.383571	
602	-38.021817	27.540549	
603	-39.233819	28.002325	
604	-40.287025	28.364146	
605	-40.607133	27.843593	
606	-41.460153	27.068366	
607	-42.072157	26.243683	
608	-42.439997	26.323222	
609	-43.311575	27.704459	
610	-44.181327	28.570818	
611	-44.661538	28.860958	
612	-44.785444	28.970225	
613	-45.400270	30.268983	
614	-45.620011	29.443935	
615	-47.636434	31.908096	
616	-50.813492	37.328957	
617	-48.272695	29.870756	
618	-49.398004	29.942467	
619	-50.313563	32.127610	
620	-52.175626	40.014463	
621	-52.751216	37.846594	
622	-51.511906	29.945104	
623	-52.699779	29.310764	
624	-53.311953	30.828619	
625	-53.696218	28.820828	
626	-53.588642	17.793313	
627	-54.043608	18.050975	
628	-54.576929	18.875818	
629	-55.505589	19.943819	
630	-57.489221	33.895734	
631	-58.219927	38.711006	
632	-57.625546	24.964420	
633	-57.531847	18.181149	
634	-58.916605	28.444389	
635	-59.696979	30.702448	
636	-61.981115	42.176535	
637	-63.563366	44.126789	
638	-62.661557	37.289416	
639	-62.569470	25.213209	
640	-65.220172	46.115611	
641	-64.705776	41.467862	
642	-66.367071	41.410702	
643	-65.116270	31.657223	
644	-67.725287	45.215788	
645	-67.690346	40.572356	
646	-67.623457	27.926662	
647	-68.770364	33.519817	
648	-70.234852	46.611255	
649	-70.416920	44.358986	
650	-71.414383	43.198949	
651	-72.628811	45.326929	
652	-73.758766	47.393991	
653	-73.587938	44.154014	
654	-74.150020	40.390176	
655	-77.451776	55.365553	
656	-75.121266	40.014034	
657	-79.902165	60.585666	
658	-79.093310	59.659858	
659	-77.434937	51.569605	
660	-77.224639	41.386091	
661	-79.237442	54.168144	
662	-79.882768	53.962455	
663	-80.374680	54.565647	
664	-81.278226	58.726611	
665	-81.727023	59.515277	
666	-82.636947	63.808296	
667	-82.893563	62.348638	
668	-84.349656	66.817416	
669	-83.710591	46.934165	
670	-85.657780	72.493599	
671	-84.904588	63.099349	
672	-86.984278	78.907340	
673	-87.166178	79.155586	
674	-87.702618	81.219872	
675	-88.520607	84.267150	
676	-88.673623	84.619555	
677	-90.560288	92.534744	
678	-92.687486	99.816710	
679	-90.762514	94.160791	
680	-90.606685	93.406046	
681	-90.781497	94.608299	
682	-91.195476	97.357561	
683	-92.536719	112.102345	
684	-92.926802	108.740394	
685	NaN	NaN	
686	-93.245376	111.808870	
687	-94.263766	112.950194	
688	-94.339048	113.546718	
689	-94.527563	115.912909	
690	-94.923910	120.788456	
691	-94.951960	114.636464	
692	-95.803526	119.787688	
693	-96.974089	125.508753	
694	-97.295600	127.921936	
695	-96.669566	121.832510	
696	-97.007667	122.424771	
697	-97.489741	123.927826	
698	-98.161486	125.511973	
699	-97.947240	125.793181	
700	-98.636216	127.527406	
701	-99.183533	129.973948	
702	-98.984816	126.097118	
703	-99.010576	120.132794	
704	-98.654587	120.527393	
705	-98.871802	120.395289	
706	-98.609397	118.447956	
707	-97.968253	117.739226	
708	-97.282906	119.619422	
709	-98.101714	117.833943	
710	-98.384615	126.784453	
711	-97.734627	119.074090	
712	-98.444300	118.174169	
713	-98.635037	129.140872	
714	-97.497737	118.849003	
715	-97.500568	116.802761	
716	-97.229579	119.776028	
717	-97.419745	115.399177	
718	-97.186455	119.997296	
719	-97.588403	115.775457	
720	-96.986226	122.380193	
721	-97.315866	121.392552	
722	-97.377263	122.118674	
723	-97.346825	122.265257	
724	-97.176971	122.464323	
725	-96.749401	121.450650	
726	-97.103518	122.517251	
727	-97.423476	123.270209	
728	-97.676266	123.629617	
729	-97.429075	122.882177	
730	-97.248152	121.404357	
731	-96.813151	120.000001	
732	-97.151538	120.910512	
733	-97.144931	118.704074	
734	-97.454836	115.649333	
735	-98.122709	117.268386	
736	-98.119034	117.535775	
737	-98.515873	119.868548	
738	-98.550362	120.034294	
739	-98.398954	117.547320	
740	-97.776378	118.183111	
741	-97.727787	126.368164	
742	-97.476538	124.562177	
743	-96.994836	123.784335	
744	-96.360248	120.886644	
745	-96.577185	122.888048	
746	-95.969791	117.831645	
747	-96.406594	121.495761	
748	-96.072010	118.550955	
749	-96.498474	121.100592	
750	-95.845028	118.696798	
751	-96.636336	121.039371	
752	-97.511577	126.561716	
753	-96.452721	120.971102	
754	-97.195455	124.566029	
755	-98.650072	132.796374	
756	-98.582993	132.071611	
757	-98.701593	127.616639	
758	-97.569882	119.160495	
759	-99.591127	129.440125	
760	-98.283545	124.223552	
761	-99.224261	128.775544	
762	-98.280064	125.850835	
763	-98.020250	125.238092	
764	-98.394917	126.950620	
765	-97.928142	125.571332	
766	-97.645199	123.803603	
767	-97.580971	124.143479	
768	-97.021106	121.171678	
769	-97.053271	122.580444	
770	-97.074789	120.889527	
771	-97.453869	116.347060	
772	-97.204756	116.833835	
773	-97.620593	117.543061	
774	-97.213848	115.362049	
775	-97.024677	114.832499	
776	-97.322596	116.306731	
777	-97.153039	115.286974	
778	-96.829259	113.917278	
779	-96.623322	113.915929	
780	-96.451457	113.537595	
781	-96.450729	113.376025	
782	-96.476254	114.215434	
783	-96.379079	113.368642	
784	-96.016910	112.281510	
785	-96.374559	112.412890	
786	-96.333253	112.142378	
787	-95.797842	111.824610	
788	-95.490940	109.889001	
789	-95.484766	110.190716	
790	-95.971891	111.646833	
791	-95.300814	109.125613	
792	-95.157668	108.662876	
793	-95.345605	109.494719	
794	-95.339430	109.106052	
795	-95.324876	109.158947	
796	-95.716135	110.226612	
797	-95.712842	109.804861	
798	-95.022970	107.875208	
799	-95.087982	110.012590	
800	-94.102186	111.293682	
801	-93.864415	105.808319	
802	-93.597429	103.484445	
803	-93.362072	102.816638	
804	-93.091317	101.459462	
805	-92.822318	102.027090	
806	-91.873070	97.761784	
807	-91.285705	95.888661	
808	-91.701508	97.518919	
809	-91.293013	95.986680	
810	-91.218022	95.186891	
811	-90.758126	92.931747	
812	-89.209564	85.576527	
813	-90.102548	90.380112	
814	-89.864043	89.446531	
815	-89.419827	87.660755	
816	-88.614761	84.376677	
817	-88.876901	85.308845	
818	-86.967271	75.533749	
819	-86.570534	73.872148	
820	-87.339805	80.348146	
821	-86.207522	76.683797	
822	-85.955672	75.945814	
823	-86.028491	75.383992	
824	-84.463546	69.329164	
825	-84.943349	73.987677	
826	-86.179442	80.485517	
827	-82.804277	64.745610	
828	-82.666918	65.935384	
829	-81.954192	64.161533	
830	-81.513344	63.824392	
831	-80.224251	54.886234	
832	-78.817075	41.952118	
833	-79.639200	58.218237	
834	-78.952778	55.229032	
835	-77.962518	54.865996	
836	-76.740873	50.281492	
837	-75.411383	46.497230	
838	-75.504490	51.119880	
839	-76.154694	59.217581	
840	-73.194214	42.107044	
841	-72.118162	36.463320	
842	-72.173008	44.988938	
843	-70.946239	43.653901	
844	-70.302219	43.434871	
845	-69.944481	44.764090	
846	-68.643374	41.159080	
847	-67.854923	42.100943	
848	-67.608105	42.846948	
849	-67.100170	42.174099	
850	-65.860706	39.309462	
851	-65.661386	40.595642	
852	-65.351537	43.396963	
853	-65.675721	41.167110	
854	-62.630415	34.416793	
855	-64.764961	51.254562	
856	-61.502803	38.691684	
857	-61.182486	36.228142	
858	-60.018685	29.639163	
859	-59.077576	30.624398	
860	-58.545043	30.957940	
861	-57.714371	31.154915	
862	-57.256852	30.834048	
863	-56.528841	30.920870	
864	-55.718042	30.404640	
865	-54.911903	30.104355	
866	-54.523592	30.411442	
867	-53.261695	29.265077	
868	-52.604440	29.403956	
869	-51.940065	29.556568	
870	-51.665781	30.365931	
871	-50.905003	30.619732	
872	-49.468234	29.092767	
873	-49.588023	31.664932	
874	-49.337136	34.619610	
875	-46.701868	28.759829	
876	-46.549753	29.834421	
877	-46.248951	31.263879	
878	-47.146727	34.765980	
879	-44.066804	28.863046	
880	-44.099398	28.629521	
881	-43.517274	29.516556	
882	-42.408569	29.552044	
883	-41.807322	29.706168	
884	-41.925954	30.284849	
885	-40.732464	30.448814	
886	-41.159625	30.873499	
887	-40.336546	31.294069	
888	-39.003304	30.604330	
889	-38.921450	31.672571	
890	-38.178744	31.601187	
891	-37.894635	32.585101	
892	-36.940611	32.256736	
893	-36.032701	30.997107	
894	-35.463626	31.443435	
895	-34.972642	32.141223	
896	-34.157863	31.881060	
897	-33.543636	31.859426	
898	-33.007580	31.062961	
899	-32.315039	31.842627	
900	-30.973689	30.708654	
901	-30.872927	30.313226	
902	-30.469195	31.701691	
903	-29.939092	31.661271	
904	-29.915584	31.631042	
905	-28.975968	30.896417	
906	-27.596809	31.447611	
907	-27.266253	30.929299	
908	-27.219911	31.367136	
909	-26.382656	29.937903	
910	-26.166516	29.928453	
911	-25.122229	30.360369	
912	-24.813200	30.010678	
913	-24.605221	30.908760	
914	-23.623119	30.099130	
915	-23.128961	29.170055	
916	-23.189994	28.825070	
917	-22.521326	29.530788	
918	-22.402212	29.162604	
919	-21.904160	29.135505	
920	-21.325060	28.652108	
921	-21.543033	29.237182	
922	-21.214865	29.623574	
923	-20.650253	29.602128	
924	-19.956069	29.588948	
925	-19.807556	29.345183	
926	-19.561318	30.406049	
927	-18.422660	29.731728	
928	-18.326759	30.049295	
929	-17.370677	29.757706	
930	-16.887752	30.088408	
931	-16.077294	30.119700	
932	-16.008886	30.594251	
933	-15.670471	30.376614	
934	-15.015605	30.275400	
935	-14.840388	30.629288	
936	-14.027942	30.598183	
937	-13.156084	30.697086	
938	-13.080638	30.620343	
939	-12.653290	30.110745	
940	-12.358779	29.788313	
941	-11.385413	30.033644	
942	-11.157052	29.859433	
943	-10.846447	29.518322	
944	-10.361838	29.225077	
945	-10.086921	28.990154	
946	-10.061091	29.292784	
947	-9.422137	29.021129	
948	-9.204018	28.902404	
949	-9.130137	29.475802	
950	-8.261187	29.285360	
951	-7.611104	28.599202	
952	-6.748172	28.529459	
953	-6.079072	30.315907	
954	-6.177334	30.080867	
955	-4.943522	29.634628	
956	-4.707823	30.186016	
957	-3.850797	30.337623	
958	-3.434107	29.909738	
959	-3.244479	30.126053	
960	-2.837622	30.343907	
961	-2.159357	30.715108	
962	-1.679203	31.100195	
963	-1.297274	30.852256	
964	-0.704316	30.968598	
965	-0.669616	30.342218	
966	-0.149559	30.936465	
967	0.863055	30.641090	
968	1.117402	31.519727	
969	1.147924	30.954722	
970	1.598730	30.008770	
971	2.062102	31.394707	
972	2.992259	33.050863	
973	2.979273	31.820099	
974	3.527320	31.952031	
975	3.911294	32.353680	
976	4.136923	32.569298	
977	4.936340	31.734682	
978	5.145889	31.616878	
979	5.361716	32.146676	
980	5.639132	32.373809	
981	6.568603	32.726016	
982	6.771933	32.428242	
983	6.795122	32.931445	
984	7.801589	32.905172	
985	8.549284	34.072692	
986	8.807998	34.550411	
987	8.784540	34.336648	
988	9.629591	35.040120	
989	10.324558	35.044086	
990	10.381604	35.918953	
991	11.208555	35.914956	
992	11.169745	36.192727	
993	11.397108	35.844622	
994	12.078997	35.380530	
995	12.969228	35.963211	
996	12.909534	35.812254	
997	12.472776	35.689121	
998	13.429091	36.385497	
999	13.127394	36.089093	
1000	13.826991	36.673402	
1001	14.419270	36.075458	
1002	14.245537	35.836578	
1003	14.461386	35.904842	
1004	14.184609	36.235457	
1005	14.731221	36.434581	
1006	14.675403	36.216569	
1007	14.581117	36.393516	
1008	15.288928	36.976902	
1009	15.997674	37.552058	
1010	16.364460	37.732482	
1011	16.386726	37.686566	
1012	16.216718	37.668063	
1013	16.338798	37.855359	
1014	16.883545	37.908686	
1015	16.911617	37.768920	
1016	17.084436	37.315610	
1017	17.705903	37.089353	
1018	16.296759	37.537087	
1019	17.145848	37.785413	
1020	16.847229	37.922290	
1021	16.564150	37.338535	
1022	16.478692	37.152722	
1023	15.864965	37.633175	
1024	16.170964	37.216138	
1025	16.060720	37.209355	
1026	16.481302	37.023855	
1027	16.171238	37.193614	
1028	15.976999	37.409361	
1029	16.257396	37.338921	
1030	16.542730	37.826620	
1031	15.819079	37.431780	
1032	15.883936	37.522873	
1033	15.979560	37.542116	
1034	15.592447	37.452139	
1035	15.742385	36.890145	
1036	15.481174	36.807685	
1037	15.137317	36.628206	
1038	14.702071	36.338460	
1039	14.952436	36.540778	
1040	14.899487	36.502953	
1041	14.497847	36.726520	
1042	14.695707	36.146024	
1043	14.847041	35.778877	
1044	13.470867	35.601839	
1045	13.648728	35.675461	
1046	12.816641	35.536402	
1047	12.134831	34.736920	
1048	12.820437	34.759850	
1049	12.448765	34.709278	
1050	11.296333	34.864363	
1051	11.500723	35.095812	
1052	10.402711	35.154818	
1053	11.600975	35.742508	
1054	10.500829	34.643368	
1055	9.774433	34.246149	
1056	10.015660	34.966989	
1057	9.580426	34.736617	
1058	8.899324	33.997244	
1059	8.358096	33.819419	
1060	7.991466	32.931349	
1061	7.426260	32.340571	
1062	7.462030	33.381281	
1063	7.243673	32.704485	
1064	6.424571	32.888980	
1065	6.023222	33.133705	
1066	6.003402	32.276788	
1067	5.320156	31.584114	
1068	4.425634	31.162909	
1069	3.309754	31.440148	
1070	4.302502	30.900937	
1071	3.615112	31.381998	
1072	3.031230	31.234005	
1073	2.199108	30.673749	
1074	2.427790	30.111317	
1075	1.563215	30.507390	
1076	1.290061	30.537870	
1077	0.582955	30.413572	
1078	-0.159296	30.473233	
1079	0.008322	29.840993	
1080	-0.410645	30.287476	
1081	-1.473326	30.728789	
1082	-2.127650	28.619640	
1083	-3.372669	25.168255	
1084	-2.730522	30.838556	
1085	-3.778958	29.462251	
1086	-4.355542	29.639185	
1087	-4.483519	29.144646	
1088	-5.483472	29.181267	
1089	-5.924715	28.735805	
1090	-6.816204	28.664219	
1091	-7.750457	28.331633	
1092	-7.989252	28.156291	
1093	-8.662227	27.876763	
1094	-8.875683	28.059839	
1095	-9.373728	28.429150	
1096	-9.824112	28.156402	
1097	-10.901492	27.513400	
1098	-11.082038	28.148850	
1099	-11.846956	27.759395	
1100	-12.607759	27.658964	
1101	-13.191783	27.948952	
1102	-13.767488	27.254235	
1103	-14.487101	27.209574	
1104	-15.171289	26.547262	
1105	-16.420592	27.732492	
1106	-17.050816	27.504408	
1107	-18.220139	27.546648	
1108	-18.216044	27.649438	
1109	-18.845957	27.268938	
1110	-19.735384	26.950499	
1111	-20.389757	26.756228	
1112	-21.356109	27.146496	
1113	-21.797573	26.674385	
1114	-22.797421	27.218504	
1115	-23.982951	27.570521	
1116	-24.756157	27.185266	
1117	-25.387812	26.939355	
1118	-26.054055	26.784621	
1119	-27.055135	26.184811	
1120	-28.179854	27.653021	
1121	-28.582345	25.257425	
1122	-29.376760	19.405988	
1123	-29.856209	20.153966	
1124	-30.804710	22.367443	
1125	-31.729370	27.438529	
1126	-32.293806	20.599089	
1127	-33.597510	20.883294	
1128	-34.789638	24.978750	
1129	-35.030684	29.409460	
1130	-36.715793	24.420964	
1131	-38.289589	26.301147	
1132	-37.283347	19.704226	
1133	-38.171021	24.073705	
1134	-39.396846	32.048057	
1135	-40.296481	28.883123	
1136	-40.915897	18.645404	
1137	-41.459832	22.350230	
1138	-42.148595	32.467288	
1139	-43.339367	28.297049	
1140	-43.987589	22.671099	
1141	-45.000667	21.354685	
1142	-46.076850	22.175323	
1143	-47.198607	33.351666	
1144	-48.356188	31.236669	
1145	-48.777060	31.274911	
1146	-49.291428	32.040204	
1147	-50.271847	31.285078	
1148	-51.133073	31.955926	
1149	-52.490133	32.288201	
1150	-53.102170	31.788031	
1151	-53.569617	31.368256	
1152	-54.560289	31.935742	
1153	-55.068886	33.349158	
1154	-56.569940	38.734807	
1155	-57.199843	38.542513	
1156	-58.629125	39.854045	
1157	-59.176210	40.173281	
1158	-59.440995	38.222141	
1159	-60.376721	32.870542	
1160	-61.098773	35.235762	
1161	-62.334902	41.716269	
1162	-62.374655	40.873508	
1163	-64.144048	43.051599	
1164	-64.399900	42.459944	
1165	-65.083812	43.194546	
1166	-66.731424	44.853477	
1167	-68.164540	46.702250	
1168	-69.323326	46.882369	
1169	-67.474955	35.194031	
1170	-67.518894	31.502816	
1171	-70.684208	47.207202	
1172	-71.255649	47.023291	
1173	-72.048637	46.017681	
1174	-72.613395	45.926204	
1175	-72.803204	46.199022	
1176	-73.905316	43.157499	
1177	-76.234822	52.863377	
1178	-76.151949	49.064520	
1179	-77.641981	57.185198	
1180	-78.526421	60.539243	
1181	-81.250587	69.328841	
1182	-80.589514	64.893230	
1183	-82.077953	67.927112	
1184	-83.226966	71.650650	
1185	-82.015172	66.270459	
1186	-82.200578	55.469095	
1187	-82.452141	62.725799	
1188	-82.977883	63.163286	
1189	-84.206037	65.181133	
1190	-80.859860	57.108412	
1191	-82.059174	57.284354	
1192	-83.648279	61.629206	
1193	-84.966888	63.228886	
1194	-86.041143	67.839597	
1195	-85.986241	65.904795	
1196	-85.489070	66.056526	
1197	-86.169238	69.795388	
1198	-87.080107	73.079812	
1199	-88.370385	79.887209	
1200	-89.490017	87.332157	
1201	-90.193596	91.019081	
1202	-90.807690	94.393064	
1203	-90.280470	91.673489	
1204	-90.605567	93.112676	
1205	-92.152877	98.308417	
1206	-91.831803	97.945612	
1207	-92.405240	102.438033	
1208	-93.809888	104.675257	
1209	-94.678241	108.853419	
1210	-94.340733	109.525297	
1211	-94.326642	112.417529	
1212	-94.964985	110.873365	
1213	-95.214985	114.967406	
1214	-95.903426	113.474787	
1215	-96.493681	123.346913	
1216	-96.582222	119.264138	
1217	-97.125704	117.236369	
1218	-96.538595	118.877365	
1219	-97.650270	116.748104	
1220	-97.217161	116.509034	
1221	-96.890192	114.405787	
1222	-96.745742	114.582394	
1223	-96.212537	112.670463	
1224	-96.376007	113.006081	
1225	-96.100725	110.717159	
1226	-95.629994	110.496103	
1227	-96.657717	121.547309	
1228	-96.373611	116.856890	
1229	-96.793605	113.038761	
1230	-96.487328	112.780483	
1231	-97.011873	114.783951	
1232	-96.959849	114.564317	
1233	-97.083244	114.743052	
1234	-97.404543	115.781402	
1235	-97.173541	114.462065	
1236	-97.614154	117.904069	
1237	-97.556999	126.359279	
1238	-96.746471	117.785123	
1239	-97.440153	116.210413	
1240	-97.779135	127.066802	
1241	-97.406368	119.629482	
1242	-97.207578	115.157880	
1243	-97.788355	125.592757	
1244	-97.407083	121.766949	
1245	-96.993263	117.764538	
1246	-97.564573	115.233917	
1247	-97.791253	117.044573	
1248	-97.610028	116.245426	
1249	-97.212565	115.411811	
1250	-97.156676	114.903902	
1251	-97.780632	117.110859	
1252	-97.720230	117.399995	
1253	-97.842675	116.200482	
1254	-97.492802	117.816337	
1255	-97.411756	126.718464	
1256	-97.107848	123.188343	
1257	-97.258339	125.217607	
1258	-96.946308	123.388483	
1259	-96.824781	120.686257	
1260	-96.695104	121.955441	
1261	-97.055210	125.583223	
1262	-96.985868	125.758949	
1263	-96.764887	125.882860	
1264	-96.671084	122.441337	
1265	-96.817752	123.966135	
1266	-97.614012	128.199892	
1267	-97.706439	127.874010	
1268	-97.414209	125.484268	
1269	-96.951934	120.542846	
1270	-96.508118	117.234934	
1271	-98.763561	128.866663	
1272	-97.130095	121.246087	
1273	-97.068680	121.131555	
1274	-96.551766	118.534619	
1275	-96.743238	119.221090	
1276	-97.027124	120.597329	
1277	-96.927271	120.358281	
1278	-97.228199	121.557081	
1279	-97.327199	121.968912	
1280	-97.041350	120.597818	
1281	-97.670115	126.037714	
1282	-97.090058	130.912937	
1283	-97.333900	128.070424	
1284	-97.430368	123.535337	
1285	-97.048303	121.751789	
1286	-97.040198	119.845092	
1287	-96.888994	119.332279	
1288	-96.958713	119.227342	
1289	-96.846755	118.740878	
1290	-97.057565	120.198362	
1291	-96.432252	115.834564	
1292	-95.899527	109.600835	
1293	-95.922448	109.950568	
1294	-95.856045	109.593400	
1295	-95.429394	108.346204	
1296	-94.968084	106.930556	
1297	-95.145959	107.520981	
1298	-94.946114	106.997490	
1299	-94.785527	105.283192	
1300	-95.139216	103.268417	
1301	-93.755965	104.144421	
1302	-93.887726	104.832136	
1303	-92.959439	100.569059	
1304	-93.599692	101.896191	
1305	-93.280626	101.583734	
1306	-91.317270	96.278400	
1307	-92.638323	98.665103	
1308	-92.152780	97.959699	
1309	-91.095124	94.517792	
1310	-91.087895	93.822148	
1311	-90.207300	90.705800	
1312	-89.941936	89.805345	
1313	-89.413678	87.990717	
1314	-88.746823	85.734667	
1315	-88.096512	84.059470	
1316	-88.102392	83.698517	
1317	-87.935109	82.330170	
1318	-88.178710	84.998013	
1319	-86.958504	80.899812	
1320	-87.727569	82.823959	
1321	-88.101010	85.391349	
1322	-86.205026	78.744079	
1323	-86.035013	77.970022	
1324	-85.300748	76.414194	
1325	-84.714794	74.315872	
1326	-84.387383	73.519789	
1327	-83.805304	71.641523	
1328	-82.331106	62.664788	
1329	-81.472782	62.773336	
1330	-81.687613	68.483434	
1331	-81.687687	67.334836	
1332	-80.781837	62.940794	
1333	-79.619883	55.882425	
1334	-78.120126	47.069910	
1335	-77.445790	39.196104	
1336	-78.501961	60.822345	
1337	-77.525367	56.372338	
1338	-77.003250	53.189503	
1339	-75.956042	43.173008	
1340	-77.189294	55.798351	
1341	-76.249892	54.196672	
1342	-74.956190	55.020564	
1343	-73.565086	49.057870	
1344	-73.088401	47.441269	
1345	-71.756745	40.209074	
1346	-72.471437	48.754024	
1347	-71.474760	46.862686	
1348	-71.123121	48.376961	
1349	-70.774229	47.277768	
1350	-69.491689	45.471953	
1351	-68.735056	45.465954	
1352	-67.789385	44.124809	
1353	-67.380129	43.694745	
1354	-66.952905	43.677447	
1355	-65.738441	41.380288	
1356	-64.974232	40.517042	
1357	-63.716825	39.662621	
1358	-64.681358	42.356360	
1359	-63.571626	40.886336	
1360	-62.320466	39.965488	
1361	-61.748186	39.030137	
1362	-61.440824	37.588249	
1363	-60.274842	32.259441	
1364	-59.745173	31.898299	
1365	-58.973139	33.612801	
1366	-59.051413	37.840643	
1367	-58.028328	31.488324	
1368	-57.266948	30.802724	
1369	-57.690534	33.332528	
1370	-57.802051	38.513425	
1371	-57.032425	36.984114	
1372	-56.880517	37.825006	
1373	-54.307398	33.096367	
1374	-56.355630	40.716926	
1375	-55.124743	38.815882	
1376	-53.762570	36.083324	
1377	-51.949288	31.754244	
1378	-52.495848	38.027436	
1379	-52.361275	38.509183	
1380	-51.690761	40.613340	
1381	-50.201485	43.661963	
1382	-50.171132	39.465139	
1383	-47.064742	32.508053	
1384	-48.488860	40.630960	
1385	-46.811278	37.467904	
1386	-45.308476	32.803449	
1387	-44.733439	32.148773	
1388	-44.329826	33.002928	
1389	-43.440684	31.844543	
1390	-43.030908	32.490644	
1391	-42.858529	31.819207	
1392	-42.200724	32.502481	
1393	-42.863042	35.664807	
1394	-41.145025	32.261065	
1395	-42.340536	37.250587	
1396	-39.686983	31.672507	
1397	-39.256779	31.820562	
1398	-38.369232	31.804907	
1399	-37.807485	32.362757	
1400	-37.715058	32.306325	
1401	-36.456872	31.919206	
1402	-36.023895	32.552889	
1403	-36.071655	32.717712	
1404	-34.412330	32.326154	
1405	-34.151924	32.744662	
1406	-33.751521	32.787019	
1407	-32.120822	32.360991	
1408	-31.560781	31.887741	
1409	-31.485681	32.256764	
1410	-30.786658	31.862829	
1411	-30.546923	32.281386	
1412	-30.204025	31.505267	
1413	-29.439946	30.367069	
1414	-28.627912	31.043337	
1415	-28.451057	30.905538	
1416	-27.472257	30.135949	
1417	-27.094782	30.453703	
1418	-26.990878	30.618856	
1419	-26.763224	30.701189	
1420	-26.004569	30.546792	
1421	-25.602509	30.736757	
1422	-24.571181	30.260441	
1423	-24.170812	30.268492	
1424	-24.041296	29.962861	
1425	-23.411397	30.361816	
1426	-22.725809	31.048918	
1427	-22.462239	31.646736	
1428	-21.873194	31.381384	
1429	-21.146989	31.150828	
1430	-20.877527	31.573005	
1431	-19.535725	31.365595	
1432	-18.807885	31.691975	
1433	-18.228230	31.970157	
1434	-17.654795	31.444426	
1435	-17.100617	31.529401	
1436	-16.545220	31.828146	
1437	-15.890426	31.165121	
1438	-15.595307	31.379441	
1439	-15.105134	31.164424	
1440	-14.854058	30.963568	
1441	-14.581025	30.978202	
1442	-14.232518	31.652951	
1443	-13.348544	30.788000	
1444	-13.461865	30.733826	
1445	-12.305646	30.462078	
1446	-11.561818	30.303845	
1447	-11.448997	30.516172	
1448	-10.562049	30.201225	
1449	-9.787855	30.544558	
1450	-9.806874	29.872857	
1451	-8.778101	29.810370	
1452	-8.748240	29.805097	
1453	-7.772567	29.500210	
1454	-7.154303	30.044239	
1455	-6.536489	29.259159	
1456	-5.448475	29.140447	
1457	-4.539413	29.217849	
1458	-4.713603	30.120302	
1459	-3.828256	29.442524	
1460	-3.318147	29.197792	
1461	-2.260305	29.840965	
1462	-1.897141	30.395673	
1463	-1.453738	30.675263	
1464	-0.878071	31.161136	
1465	-0.524065	31.354189	
1466	0.485347	30.884804	
1467	0.913869	31.383748	
1468	1.643981	31.679330	
1469	1.643309	31.617736	
1470	2.446871	32.479507	
1471	3.310303	32.535851	
1472	3.543511	32.598258	
1473	4.540390	32.898485	
1474	4.750619	32.949304	
1475	5.362426	33.017247	
1476	4.920058	33.647509	
1477	6.126320	34.004610	
1478	6.834394	33.202899	
1479	7.338380	33.512989	
1480	7.643863	33.629872	
1481	7.115693	32.961935	
1482	8.007075	33.481349	
1483	8.604132	34.045156	
1484	9.971798	33.730659	
1485	10.252794	33.767344	
1486	10.904860	34.857470	
1487	11.115089	33.844840	
1488	10.940919	33.931593	
1489	11.737469	34.559579	
1490	12.298332	34.803573	
1491	12.303799	33.961068	
1492	12.705670	34.516054	
1493	12.757927	34.884264	
1494	13.431962	34.519173	
1495	13.625052	34.806445	
1496	14.515596	34.930159	
1497	14.560952	35.045259	
1498	15.550682	35.570447	
1499	15.487416	35.698303	
1500	15.912530	36.716040	
1501	16.562245	35.569874	
1502	17.478067	37.375959	
1503	17.329930	36.658848	
1504	18.320550	36.480490	
1505	18.989124	37.118800	
1506	17.998834	36.391531	
1507	18.942106	37.259599	
1508	18.765442	37.731532	
1509	18.933356	36.410694	
1510	19.711386	37.565600	
1511	19.822750	36.623828	
1512	20.229139	36.989577	
1513	21.533385	37.576825	
1514	21.254496	38.535929	
1515	20.985656	36.949282	
1516	21.476971	37.332873	
1517	21.895053	37.507172	
1518	21.074422	36.853292	
1519	21.078684	36.279961	
1520	22.461661	36.991106	
1521	22.197366	38.174733	
1522	22.869070	38.188018	
1523	22.443011	37.401980	
1524	22.403750	37.741936	
1525	21.923734	38.203867	
1526	22.011048	37.569451	
1527	22.304532	36.624448	
1528	23.272062	38.113950	
1529	23.509267	38.592250	
1530	23.239817	37.657387	
1531	23.765797	38.048642	
1532	22.883512	38.252525	
1533	22.712024	38.056138	
1534	23.025244	37.855714	
1535	23.028922	37.453474	
1536	22.293657	37.338472	
1537	21.309079	36.518791	
1538	22.202724	38.229070	
1539	22.237707	38.062884	
1540	22.374167	37.489974	
1541	21.712376	37.681042	
1542	21.968257	38.659560	
1543	22.215791	37.794171	
1544	21.526182	37.461656	
1545	21.795337	36.889253	
1546	21.612230	36.854264	
1547	20.779727	36.541596	
1548	21.216652	37.240735	
1549	21.731477	37.257213	
1550	20.958586	36.561516	
1551	20.183171	35.781419	
1552	20.211731	35.975247	
1553	20.348674	37.262355	
1554	20.287926	38.838215	
1555	20.358231	38.499443	
1556	20.038575	37.579736	
1557	19.662952	37.429088	
1558	19.561926	38.119632	
1559	18.048483	34.663667	
1560	16.302796	32.558157	
1561	17.447733	38.751413	
1562	18.102357	35.191026	
1563	15.445775	37.883496	
1564	17.853400	34.521793	
1565	17.009996	35.078334	
1566	16.867336	35.359393	
1567	16.231712	36.019238	
1568	16.532767	35.899942	
1569	16.261807	34.539012	
1570	15.369388	34.339366	
1571	15.494352	35.136321	
1572	14.939960	35.681173	
1573	14.243024	34.271661	
1574	13.168116	33.903305	
1575	12.907294	33.092616	
1576	13.563925	33.841460	
1577	12.036229	33.124173	
1578	11.444883	32.917107	
1579	11.681437	34.282240	
1580	11.296776	33.566181	
1581	11.060710	32.490475	
1582	10.355736	32.236942	
1583	9.130506	31.685798	
1584	9.324406	31.995103	
1585	9.046554	31.471780	
1586	8.539344	31.252575	
1587	8.284795	31.215488	
1588	7.943194	31.241973	
1589	7.610640	30.616990	
1590	6.543984	30.633720	
1591	6.425730	31.346242	
1592	6.446613	32.025649	
1593	5.410026	30.541387	
1594	5.244825	31.338876	
1595	5.021966	30.963110	
1596	4.088852	31.691926	
1597	3.909402	30.592669	
1598	3.058236	30.086496	
1599	2.388376	30.213444	
1600	2.098632	30.525205	
1601	1.565007	30.373741	
1602	0.907251	30.617173	
1603	0.861969	30.019444	
1604	0.345132	29.340552	
1605	0.034180	29.289006	
1606	-0.733898	28.930812	
1607	-1.146252	29.052349	
1608	-1.632647	29.197083	
1609	-2.544151	29.080744	
1610	-2.936584	28.694272	
1611	-3.304076	29.006595	
1612	-4.061740	28.448615	
1613	-4.720351	28.798546	
1614	-4.648482	28.306940	
1615	-5.675410	27.911160	
1616	-6.445611	27.743213	
1617	-6.985131	27.635760	
1618	-7.794395	27.960820	
1619	-8.349106	27.673744	
1620	-8.608864	27.620940	
1621	-9.354051	26.871707	
1622	-9.523342	26.975623	
1623	-10.622562	27.009186	
1624	-11.306977	26.981159	
1625	-11.589066	27.596989	
1626	-12.119066	26.907234	
1627	-13.171841	27.317663	
1628	-13.524292	26.964455	
1629	-14.248016	26.077602	
1630	-14.611543	26.185041	
1631	-15.340360	26.415288	
1632	-16.051138	25.553781	
1633	-16.652249	25.770174	
1634	-16.810016	26.147088	
1635	-18.208171	25.754767	
1636	-18.828449	25.232809	
1637	-19.251203	26.274658	
1638	-20.271154	25.287706	
1639	-21.155892	25.299985	
1640	-21.821353	24.527442	
1641	-22.555638	25.055193	
1642	-23.018420	25.656646	
1643	-24.142714	26.702073	
1644	-26.235325	32.320643	
1645	-27.569169	31.505730	
1646	-26.874580	26.957416	
1647	-27.746298	26.593538	
1648	-28.147798	26.227885	
1649	-28.507588	26.226625	
1650	-29.669463	27.409841	
1651	-29.770184	28.947235	
1652	-30.361989	27.916510	
1653	-31.796333	28.249167	
1654	-32.687119	29.578764	
1655	-33.041136	27.081016	
1656	-33.890489	20.056924	
1657	-34.294726	17.896218	
1658	-35.801052	22.830056	
1659	-36.363948	27.366223	
1660	-37.411677	19.302370	
1661	-38.155206	24.537218	
1662	-39.110511	30.284943	
1663	-39.415225	30.144385	
1664	-40.757840	32.220540	
1665	-41.677026	30.699339	
1666	-42.219659	30.254830	
1667	-43.126380	30.691108	
1668	-43.354537	31.243660	
1669	-44.446461	30.068130	
1670	-45.694175	31.004449	
1671	-46.574723	29.909289	
1672	-46.731072	31.611826	
1673	-47.917462	34.927287	
1674	-48.650437	30.334521	
1675	-49.276293	30.526763	
1676	-49.774589	29.906121	
1677	-50.459756	29.014738	
1678	-51.493102	33.442289	
1679	-52.983939	34.306736	
1680	-52.067170	19.332310	
1681	-53.552467	29.181096	
1682	-54.211711	25.401124	
1683	-56.314587	34.943437	
1684	-57.973441	37.112007	
1685	-59.382754	41.331572	
1686	-60.587427	44.737516	
1687	-59.389324	39.983001	
1688	-62.569588	46.943068	
1689	-61.834835	42.330118	
1690	-62.051915	39.554919	
1691	-64.944023	46.212164	
1692	-64.250114	43.773006	
1693	-65.993520	51.917363	
1694	-67.877962	52.259059	
1695	-69.048860	52.179452	
1696	-68.570095	52.946428	
1697	-71.915204	51.907014	
1698	-70.192180	47.173756	
1699	-69.176726	33.965278	
1700	-72.894765	44.986907	
1701	-69.610222	36.550076	
1702	-66.411628	42.831919	
1703	-67.850196	49.386128	
1704	-63.381586	51.004676	
1705	-64.440208	51.238340	
1706	-72.639865	49.921553	
1707	NaN	NaN	
1708	NaN	NaN	
1709	NaN	NaN	
1710	NaN	NaN	
1711	NaN	NaN	
1712	NaN	NaN	
1713	-79.232822	42.844696	
1714	-79.454879	48.222603	
1715	-79.747847	48.758407	
1716	-80.236249	51.583413	
1717	-81.230450	51.809457	
1718	-80.628239	49.163626	
1719	-83.248227	58.905976	
1720	-83.597957	59.721562	
1721	-84.209362	62.050546	
1722	-85.137598	71.767298	
1723	-86.326033	76.333554	
1724	-85.990555	74.737046	
1725	-86.884815	78.068821	
1726	-87.222165	78.750961	
1727	-87.164913	78.939494	
1728	-88.207962	83.197994	
1729	-88.701748	85.182196	
1730	-89.323983	87.429426	
1731	-89.514612	88.086421	
1732	-90.321948	91.266180	
1733	-90.788393	93.158601	
1734	-91.492754	95.841031	
1735	-92.326868	99.421253	
1736	-92.079880	102.493969	
1737	-91.812827	98.697306	
1738	-92.238647	99.157643	
1739	-93.038646	104.632903	
1740	-93.337699	103.035968	
1741	-93.942809	109.149198	
1742	-93.322432	102.004698	
1743	-94.066587	105.770616	
1744	-94.818933	108.024976	
1745	-94.577537	108.284251	
1746	-94.569212	111.471384	
1747	-94.437824	105.865641	
1748	-95.147527	109.124401	
1749	-95.831670	110.521134	
1750	-95.439214	110.700451	
1751	-95.351092	109.778557	
1752	-95.796167	110.586730	
1753	-95.765914	111.508754	
1754	-95.859576	112.042761	
1755	-96.392726	114.195138	
1756	-96.197895	112.709100	
1757	-96.290822	114.113540	
1758	-96.662883	120.169333	
1759	-96.632191	118.693006	
1760	-96.639380	118.622583	
1761	-96.879777	120.509327	
1762	-96.740813	118.737841	
1763	-96.889720	116.750673	
1764	-97.283863	124.444147	
1765	-97.032510	122.879554	
1766	-96.833322	123.395555	
1767	-97.115794	123.625334	
1768	-97.097601	122.540687	
1769	-96.897396	121.130911	
1770	-97.064428	124.067161	
1771	-97.091467	124.483333	
1772	-97.384271	124.549115	
1773	-97.170389	125.732103	
1774	-97.104117	126.784463	
1775	-96.397972	120.604973	
1776	-95.727625	116.916617	
1777	-96.522520	122.460556	
1778	-96.799113	124.707191	
1779	-96.625502	122.301260	
1780	-94.841757	108.284762	
1781	-96.163815	115.633044	
1782	-96.638967	117.354312	
1783	-97.882547	126.566684	
1784	-97.091010	120.356395	
1785	-98.011372	125.200251	
1786	-97.722994	125.528139	
1787	-97.792178	124.153770	
1788	-98.001731	125.554843	
1789	-98.025673	125.530663	
1790	-97.957425	125.317183	
1791	-97.749920	124.050163	
1792	-97.827763	124.044317	
1793	-97.968831	124.820956	
1794	-97.812037	124.202369	
1795	-98.027087	125.093792	
1796	-98.438787	126.414854	
1797	-98.237943	125.850964	
1798	-98.570343	126.418268	
1799	-99.480525	128.051528	
1800	-99.235553	127.381321	
1801	-98.921191	128.299137	
1802	-97.745527	127.188140	
1803	-98.274860	128.918845	
1804	-98.214792	126.350464	
1805	-99.553064	121.508258	
1806	-98.808518	119.359302	
1807	-99.290412	122.288430	
1808	-98.883052	120.535675	
1809	-98.436150	119.154474	
1810	-98.764506	120.613207	
1811	-98.745525	120.420865	
1812	-99.155217	121.008040	
1813	-99.137334	121.124560	
1814	-99.045400	121.948893	
1815	-99.149655	121.089803	
1816	-99.350823	120.572752	
1817	-99.443149	120.386974	
1818	-99.493483	119.628705	
1819	-99.958734	117.903500	
1820	-100.589408	116.282062	
1821	-98.258171	125.272395	
1822	-98.003931	132.019395	
1823	-99.038455	123.767970	
1824	-99.610185	123.454430	
1825	-99.030737	119.918349	
1826	-98.240820	122.088463	
1827	-98.809896	121.958110	
1828	-98.663884	119.177046	
1829	-98.842749	118.123869	
1830	-98.157014	116.813414	
1831	-98.122415	117.224318	
1832	-98.151013	118.312618	
1833	-97.936849	118.418715	
1834	-97.901183	116.862325	
1835	-98.496402	118.652741	
1836	-98.407691	117.912830	
1837	-98.504694	119.157132	
1838	-98.508518	122.086074	
1839	-98.909819	123.298240	
1840	-99.021147	123.594111	
1841	-99.140974	124.609374	
1842	-98.958372	123.466738	
1843	-98.833294	122.568289	
1844	-98.668533	121.938224	
1845	-98.896237	123.818652	
1846	-99.241804	125.094192	
1847	-99.757407	121.621267	
1848	-99.244608	121.488055	
1849	-99.366261	122.498485	
1850	-99.494424	121.762673	
1851	-99.306633	121.513501	
1852	-99.474193	121.615339	
1853	-99.582823	124.051515	
1854	-99.867169	128.963206	
1855	-99.405025	122.251884	
1856	-99.471789	129.513813	
1857	-99.298929	127.352354	
1858	-99.303745	127.619419	
1859	-99.363870	127.834315	
1860	-99.674239	128.593106	
1861	-99.494467	127.918112	
1862	-99.041632	125.524152	
1863	-99.359884	127.873899	
1864	-99.200063	126.654764	
1865	-99.264575	127.528143	
1866	-99.402996	128.168153	
1867	-99.637758	128.457336	
1868	-99.506021	128.629517	
1869	-99.537724	128.504880	
1870	-99.146022	127.089059	
1871	-99.281500	127.833823	
1872	-99.918634	131.088948	
1873	-99.533763	129.006261	
1874	-99.508955	129.186219	
1875	-99.548368	128.984399	
1876	-99.760054	129.071827	
1877	-99.467824	128.234352	
1878	-99.900827	129.940110	
1879	-99.677334	129.561534	
1880	-99.532042	129.155858	
1881	-99.496364	129.764674	
1882	-99.963506	130.705350	
1883	-99.682533	130.167922	
1884	-99.824748	130.602621	
1885	-99.567144	129.500280	
1886	-99.609590	129.780786	
1887	-99.784327	130.492556	
1888	-99.487212	128.346915	
1889	-99.358514	129.142254	
1890	-99.342573	127.022416	
1891	-99.347826	120.952435	
1892	-99.569608	121.537866	
1893	-99.162880	120.124103	
1894	-99.263110	123.005326	
1895	-99.543393	129.657290	
1896	-99.457122	127.613772	
1897	-99.459708	127.884857	
1898	-99.493552	127.772754	
1899	-99.108270	127.071915	
1900	-99.855209	128.948444	
1901	-99.563696	127.969510	
1902	-99.495384	127.424752	
1903	-100.192621	129.827501	
1904	-99.737697	127.831805	
1905	-99.979077	127.854689	
1906	-99.986512	129.115642	
1907	-99.870862	128.555279	
1908	-99.925166	128.752873	
1909	-99.816353	128.630327	
1910	-99.904526	128.278457	
1911	-100.150900	129.292880	
1912	-99.744468	127.857761	
1913	-99.830352	128.655454	
1914	-99.979155	127.117570	
1915	-100.285346	123.142919	
1916	-100.555911	124.035872	
1917	-100.992787	125.612411	
1918	-100.509590	124.307916	
1919	-100.922828	125.622573	
1920	-100.917983	125.944502	
1921	-100.644584	124.414204	
1922	-100.734896	124.537120	
1923	-100.560117	124.559670	
1924	-100.730246	124.905026	
1925	-101.019220	125.695440	
1926	-100.917122	125.746607	
1927	-100.719573	127.448632	
1928	-100.752168	131.620651	
1929	-100.844192	125.595700	
1930	-101.024775	126.745462	
1931	-101.003470	126.500051	
1932	-100.731190	127.717890	
1933	-100.542153	131.815233	
1934	-100.836285	126.540132	
1935	-100.941046	128.163899	
1936	-100.141613	122.417131	
1937	-100.349530	126.100525	
1938	-100.364638	130.417835	
1939	-100.410189	132.167898	
1940	-100.487089	127.680853	
1941	-100.499510	126.917450	
1942	-100.120204	128.091824	
1943	-100.385404	129.171286	
1944	-99.943494	127.949135	
1945	-100.600920	128.223714	
1946	-100.500723	127.790100	
1947	-100.385051	128.397656	
1948	-100.087301	127.254641	
1949	-100.449131	125.264491	
1950	-100.776602	123.790730	
1951	-101.258209	124.349616	
1952	-100.699930	127.135250	
1953	-100.286525	130.772550	
1954	-100.219382	129.168401	
1955	-100.219345	128.979562	
1956	-100.472372	133.272864	
1957	-100.172551	129.440317	
1958	-101.285848	123.314597	
1959	-101.868777	123.230875	
1960	-99.532272	129.906502	
1961	-101.398031	127.140010	
1962	-101.522545	130.226806	
1963	-101.412426	133.679198	
1964	-101.782244	129.269183	
1965	-101.034318	128.214700	
1966	-101.477090	135.023788	
1967	-101.243480	132.829291	
1968	-101.618915	134.628321	
1969	-101.964612	135.734407	
1970	-101.795190	135.027659	
1971	-101.517722	135.720214	
1972	-101.536001	135.284638	
1973	-101.098566	133.337705	
1974	-101.153106	134.029001	
1975	-101.425894	134.951165	
1976	-100.920953	132.767090	
1977	-100.993209	133.290412	
1978	-100.582291	132.774657	
1979	-100.880432	133.690626	
1980	-100.643018	133.349467	
1981	-100.841099	134.118129	
1982	-101.029442	134.301156	
1983	-100.393764	132.792503	
1984	-100.435468	132.807160	
1985	-100.504143	133.129230	
1986	-100.388158	132.905133	
1987	-100.332259	132.927213	
1988	-100.301627	132.395286	
1989	-100.213991	132.260025	
1990	-100.432253	133.262312	
1991	-100.819062	134.789425	
1992	-100.458252	133.563535	
1993	-100.199939	132.384903	
1994	-100.497603	132.816271	
1995	-100.182778	132.402880	
1996	-100.149967	132.336827	
1997	-99.684539	130.684601	
1998	-100.256854	132.190426	
1999	-100.376097	133.076813	
2000	-100.363308	133.123461	
2001	-100.350093	132.928685	
2002	-100.229051	132.849866	
2003	-100.426282	132.960006	
2004	-100.417364	132.398997	
2005	-100.458210	133.209612	
2006	-100.302421	132.659451	
2007	-100.210277	132.132700	
2008	-100.145404	131.999623	
2009	-100.094231	131.919843	
2010	-100.365489	132.837426	
2011	-100.136345	132.189541	
2012	-100.118570	131.628023	
2013	-100.076653	132.005376	
2014	-100.104233	132.220090	
2015	-100.440251	133.852557	
2016	-100.023303	131.659049	
2017	-99.869002	130.989099	
2018	-100.039487	131.913135	
2019	-99.966761	131.618295	
2020	-99.902041	131.918634	
2021	-99.937969	131.566593	
2022	-99.884365	131.229620	
2023	-99.851784	131.143866	
2024	-99.725938	131.275765	
2025	-99.915796	131.418449	
