Athlete_Engineering	// User ID
11-2-2021	// Evaluation date
P014_Walk1	30-1-2021	14:00:27:545	// Source file name and timestamp
250.000	// Sampling rate
6.678	// Data capture period



Sample #	Right_Leg_Flexion	Right_Leg_Abduction	
0	-95.859026	109.655874	
1	-95.943242	110.414378	
2	-95.815734	110.921783	
3	-95.834863	110.226292	
4	-95.882763	111.584711	
5	-96.686379	114.308930	
6	-96.482796	113.971913	
7	-96.711035	114.783524	
8	-96.691011	114.929390	
9	-96.698348	114.811912	
10	-96.747643	114.244925	
11	-96.848367	114.261787	
12	-96.875023	115.525601	
13	-96.829301	115.703579	
14	-96.920700	116.067068	
15	-96.686720	115.150521	
16	-96.875632	115.996634	
17	-96.979905	116.550566	
18	-96.998046	116.127183	
19	-96.931173	116.205216	
20	-96.682332	114.999772	
21	-96.727610	115.355665	
22	-96.756861	115.391578	
23	-96.833749	115.846274	
24	-97.120860	115.960022	
25	-97.203218	114.243729	
26	-96.859250	115.623225	
27	-97.146027	116.455315	
28	-97.220584	115.823039	
29	-97.095429	113.823181	
30	-97.192787	116.288187	
31	-97.115462	115.901298	
32	-97.530445	117.442111	
33	-98.282302	119.348448	
34	-97.757668	117.930350	
35	-97.010434	114.823510	
36	-97.414154	115.505836	
37	-97.350313	115.394465	
38	-97.033981	115.432723	
39	-97.370317	116.532570	
40	-97.115711	115.524358	
41	-97.483593	116.503343	
42	-98.100731	118.605927	
43	-97.361089	116.200650	
44	-98.432537	119.191986	
45	-98.266704	118.349709	
46	-97.530317	116.768015	
47	-98.361562	118.178072	
48	-97.249108	114.617627	
49	-97.775509	115.030729	
50	-98.308601	118.179387	
51	-96.982643	113.947079	
52	-97.189540	114.841439	
53	-97.801054	117.859865	
54	-98.189195	119.011769	
55	-98.182481	118.403164	
56	-98.145079	119.146839	
57	-98.166766	117.786230	
58	-98.363228	118.523576	
59	-98.153399	117.699202	
60	-97.798085	116.808314	
61	-97.889924	117.562875	
62	-97.547110	115.731165	
63	-97.156221	115.782106	
64	-98.361808	118.424616	
65	-98.021282	118.991626	
66	-96.991941	115.225626	
67	-97.102336	115.392108	
68	-97.389220	116.050708	
69	-96.623802	113.943958	
70	-97.092301	116.043331	
71	-97.013803	115.743404	
72	-97.042741	115.601249	
73	-96.766918	114.316811	
74	-96.507564	113.546201	
75	-97.140075	116.121078	
76	-96.957306	115.276900	
77	-96.167214	111.795394	
78	-96.244883	111.064859	
79	-97.256448	115.452532	
80	-97.158627	113.613635	
81	-97.009903	115.148636	
82	-95.953864	110.720870	
83	-95.875827	110.645966	
84	-96.528294	112.412759	
85	-97.285370	115.167382	
86	-95.698030	109.816811	
87	-96.029570	110.438676	
88	-95.915410	110.843498	
89	-95.698312	110.194868	
90	-95.722609	110.108254	
91	-95.750015	110.144708	
92	-95.489396	109.521198	
93	-95.567243	109.667428	
94	-95.323409	109.084518	
95	-94.968902	107.512240	
96	-93.861768	103.706277	
97	-95.321309	108.980439	
98	-95.103782	108.211779	
99	-95.132902	108.016826	
100	-95.142927	108.228307	
101	-94.779839	106.960244	
102	-94.123294	104.663520	
103	-95.270354	108.459179	
104	-95.068252	107.905613	
105	-94.804247	107.121764	
106	-95.544644	109.370734	
107	-96.879032	113.612443	
108	-95.298241	108.565408	
109	-95.682563	109.817855	
110	-96.532415	112.957591	
111	-96.464009	112.607409	
112	-96.415369	112.580686	
113	-96.694029	113.328099	
114	-96.209219	111.695627	
115	-95.100254	107.911128	
116	-96.448082	111.952787	
117	-95.350020	107.448698	
118	-96.354583	110.648575	
119	-96.501830	111.400457	
120	-96.434786	111.042835	
121	-96.610059	111.155660	
122	-96.839581	111.676826	
123	-96.388255	110.508354	
124	-96.548025	111.015350	
125	-96.712023	111.182803	
126	-96.822150	111.352990	
127	-96.629347	110.605453	
128	-96.689286	110.743311	
129	-96.402613	110.151536	
130	-96.516567	110.696745	
131	-97.278668	111.936828	
132	-97.330317	112.015579	
133	-97.457436	112.566217	
134	-97.047352	111.788827	
135	-95.373265	106.696747	
136	-94.946432	106.098326	
137	-94.521676	104.094634	
138	-93.913935	102.452634	
139	-94.878280	106.161544	
140	-94.833449	105.928185	
141	-94.825704	105.736574	
142	-96.056149	108.462204	
143	-96.768420	110.439951	
144	-95.849731	108.439583	
145	-96.221652	109.391152	
146	-96.156529	109.208848	
147	-95.516104	107.723995	
148	-95.671057	108.017918	
149	-95.945469	108.688508	
150	-95.503305	107.404373	
151	-96.763358	111.236702	
152	-96.265513	110.861236	
153	-96.376578	110.995147	
154	-96.954543	111.595940	
155	-97.219061	112.642229	
156	-96.844445	111.539798	
157	-96.712312	111.410818	
158	-96.598704	111.016473	
159	-96.595627	110.878318	
160	-96.006313	109.117452	
161	-93.868856	102.906651	
162	-93.730310	102.815080	
163	-92.986828	100.171695	
164	-93.634185	101.915603	
165	-93.278468	100.625665	
166	-95.238863	106.557957	
167	-94.645818	104.660734	
168	-94.249207	104.652524	
169	-93.931825	103.071507	
170	-92.743275	98.713201	
171	-93.225470	100.366144	
172	-94.066245	102.780415	
173	-94.296113	103.374224	
174	-95.757343	108.144827	
175	-95.683828	107.968181	
176	-95.522074	107.721397	
177	-94.593017	105.450447	
178	-94.754977	105.615324	
179	-94.450845	104.932313	
180	-94.850387	105.571734	
181	-95.336701	106.729353	
182	-95.238945	105.870573	
183	-95.529904	106.577394	
184	-95.680468	107.175904	
185	-95.288870	106.473858	
186	-95.066427	105.602769	
187	-93.730454	101.493499	
188	-92.507889	97.897719	
189	-93.515944	100.759150	
190	-94.942591	104.768335	
191	-94.922911	104.701621	
192	-94.599694	103.850955	
193	-94.025285	101.939808	
194	-91.752583	95.127898	
195	-92.871171	98.229121	
196	-92.927854	98.544940	
197	-93.120106	99.083082	
198	-93.210146	99.401342	
199	-91.736151	95.032003	
200	-92.396081	96.913108	
201	-91.481893	94.311354	
202	-91.723091	94.920771	
203	-91.702101	94.740274	
204	-91.400488	94.028867	
205	-92.031620	95.665910	
206	-90.744836	92.062236	
207	-90.841827	92.312521	
208	-90.707939	91.905290	
209	-90.838134	92.235336	
210	-90.304250	90.818522	
211	-89.666754	89.109691	
212	-90.259770	90.676692	
213	-90.270750	90.713127	
214	-89.859016	89.633247	
215	-89.040095	87.556415	
216	-88.308440	85.671222	
217	-88.018076	84.972973	
218	-87.964906	84.925103	
219	-88.250798	85.595871	
220	-87.788429	84.464840	
221	-86.797625	82.621529	
222	-85.336006	79.403068	
223	-85.205534	79.166096	
224	-84.934663	79.193790	
225	-84.187897	77.048099	
226	-84.378865	77.710213	
227	-84.996377	79.029837	
228	-84.446907	77.564390	
229	-84.093970	75.610341	
230	-83.163359	73.845038	
231	-82.318233	72.035434	
232	-81.073976	69.875844	
233	-81.750310	70.920492	
234	-81.727520	70.178880	
235	-81.630545	70.133456	
236	-81.370230	69.989719	
237	-80.680021	68.766422	
238	-80.280176	67.485247	
239	-79.190620	66.034242	
240	-78.249980	62.900970	
241	-78.224367	63.097498	
242	-78.960252	63.753929	
243	-77.328812	61.720933	
244	-76.763015	60.007212	
245	-75.564307	56.799456	
246	-76.865448	58.743565	
247	-76.927992	59.332197	
248	-77.292036	60.459775	
249	-76.379028	58.931401	
250	-74.905567	55.783945	
251	-77.042261	59.087076	
252	-76.708719	59.206899	
253	-76.229789	58.890168	
254	-75.985918	58.525389	
255	-74.953262	56.837630	
256	-75.013504	56.895103	
257	-77.007877	58.963370	
258	-74.800834	55.366965	
259	-76.085517	55.987322	
260	-75.230060	55.483076	
261	-75.198610	53.941046	
262	-75.146799	54.624879	
263	-73.005485	51.092750	
264	-74.034821	52.634529	
265	-74.445567	54.167819	
266	-74.152768	53.256207	
267	-72.982943	50.766747	
268	-73.333238	52.320100	
269	-73.864551	52.460632	
270	-74.006754	51.945293	
271	-74.037659	51.505156	
272	-72.699367	51.911791	
273	-73.304550	51.636079	
274	-74.276502	53.450703	
275	-74.532897	52.018149	
276	-71.694186	48.044578	
277	-71.771082	47.457635	
278	-71.065161	46.917459	
279	-72.353617	48.831604	
280	NaN	NaN	
281	-71.897741	45.435537	
282	-71.704149	46.184990	
283	-70.416461	45.558311	
284	-71.445037	46.809843	
285	-70.665154	46.082746	
286	-72.011539	48.093654	
287	-70.637597	45.534611	
288	-70.031945	44.984985	
289	-71.008807	45.630272	
290	-69.497264	42.808700	
291	-71.285148	46.271847	
292	-68.989235	41.705814	
293	-69.805290	42.250211	
294	-68.534657	40.516858	
295	-68.583894	41.304877	
296	-68.685045	41.689445	
297	-69.721348	42.590892	
298	-69.362507	40.649760	
299	-70.569495	43.754899	
300	-67.537634	39.551510	
301	-67.746985	39.619715	
302	-67.247880	38.972671	
303	-68.589186	39.931223	
304	-68.488974	40.667584	
305	-67.457558	38.510105	
306	-68.074287	38.682877	
307	-67.399550	39.732956	
308	-69.243868	41.397193	
309	-66.726924	37.824912	
310	-68.218046	38.922668	
311	-70.351222	41.567219	
312	-67.727094	38.646259	
313	-69.011828	39.578611	
314	-66.383072	36.913226	
315	-67.390381	37.319286	
316	-68.996390	39.275090	
317	-68.084738	37.522332	
318	-68.108629	36.989167	
319	-68.186028	36.177404	
320	-67.093213	36.547957	
321	-67.305696	36.283024	
322	-68.083575	36.498490	
323	-69.979237	38.280370	
324	-68.628693	37.325333	
325	-68.931344	38.337896	
326	-69.667213	36.766811	
327	-69.248558	39.206274	
328	-69.316186	38.384402	
329	-68.362741	36.987720	
330	-70.737087	38.618747	
331	-69.837679	39.400585	
332	-69.581000	38.277880	
333	-69.579829	38.748555	
334	-70.900548	40.214329	
335	-71.107465	39.218330	
336	-71.617580	41.111254	
337	-70.827817	41.151374	
338	-69.858309	39.925167	
339	-70.326306	40.344272	
340	-70.934657	40.482162	
341	-70.729514	40.786805	
342	-70.350226	39.514242	
343	-69.191935	37.602228	
344	-71.641560	39.272830	
345	-71.640385	40.207689	
346	-72.438339	42.530431	
347	-72.387496	42.729296	
348	-71.836851	42.259006	
349	-71.022629	42.212039	
350	-71.571259	43.134593	
351	-72.952565	45.095900	
352	-74.607623	47.214682	
353	-73.062372	46.276430	
354	-72.576954	45.866385	
355	-74.064578	49.632995	
356	-74.106122	49.920306	
357	-74.444279	49.268216	
358	-75.584115	52.531697	
359	-76.831335	53.668145	
360	-75.124859	52.230114	
361	-75.091590	52.635470	
362	-76.244376	52.837489	
363	-77.337048	52.011889	
364	-76.278132	51.114541	
365	-76.007519	50.410451	
366	-77.509283	52.298685	
367	-77.142602	53.176615	
368	-77.748497	58.382493	
369	-78.526787	57.258874	
370	-75.529540	50.658463	
371	-77.726348	56.295313	
372	-76.168521	53.974139	
373	-76.916934	53.974894	
374	-77.550989	54.629191	
375	-76.813976	54.062695	
376	-78.342524	56.522626	
377	-78.040325	55.426823	
378	-78.881647	56.309527	
379	-78.872982	55.966068	
380	-79.172411	56.155382	
381	-79.591314	56.519598	
382	-79.090976	55.468871	
383	-77.206630	52.252305	
384	-78.766116	57.088656	
385	-79.999728	59.358904	
386	-79.461986	59.145802	
387	-80.135183	59.824013	
388	-81.375327	62.130049	
389	-81.242206	61.794529	
390	-80.641975	61.468675	
391	-81.766216	63.699050	
392	-81.077616	62.232036	
393	-82.272954	64.339195	
394	-81.055879	61.322899	
395	-83.737447	68.439663	
396	-81.879566	62.868094	
397	-82.267170	62.423940	
398	-84.131327	67.953125	
399	-82.232884	63.423046	
400	-83.313445	66.465146	
401	-83.376537	66.484309	
402	-82.456654	63.157173	
403	-85.061661	71.515378	
404	-85.327468	71.568556	
405	-86.788131	76.739083	
406	-87.224158	78.258397	
407	-87.332721	79.111287	
408	-86.443665	75.628689	
409	-88.178623	82.581412	
410	-85.800879	73.912849	
411	-85.430971	72.758782	
412	-86.603056	76.017266	
413	-84.990799	70.991876	
414	-87.402893	79.602281	
415	-87.252197	78.661072	
416	-87.601876	80.070171	
417	-86.783201	76.550305	
418	-86.780247	76.821509	
419	-88.071530	82.453188	
420	-88.040642	82.359444	
421	-88.132125	82.745301	
422	-88.022761	82.341988	
423	-88.450961	83.935129	
424	-88.399531	83.516630	
425	-88.567373	84.121881	
426	-88.607126	84.345704	
427	-88.320717	83.299933	
428	-88.850732	85.282176	
429	-87.854889	81.272170	
430	-87.154232	78.626127	
431	-88.738268	84.951244	
432	-86.770545	77.518046	
433	-89.489192	88.020906	
434	-88.305941	83.577833	
435	-90.092488	90.358235	
436	-91.591798	96.280754	
437	-89.110709	86.593237	
438	-90.279521	91.064450	
439	-89.974461	89.901673	
440	-92.005361	98.042902	
441	-88.658120	84.641499	
442	-90.803020	93.227856	
443	-93.177929	103.162799	
444	-93.956325	106.202766	
445	-92.801281	102.256529	
446	-90.770960	93.340219	
447	-94.046766	107.558323	
448	-93.832623	106.494620	
449	-93.376939	104.630103	
450	-91.391822	95.935284	
451	-94.216732	108.958789	
452	-94.957387	111.078063	
453	-94.806395	110.082014	
454	-94.931707	110.743931	
455	-95.150380	112.115048	
456	-95.242544	112.854822	
457	-94.907487	112.057579	
458	-92.739891	103.343062	
459	-95.323032	114.241729	
460	-94.963867	112.869896	
461	-93.222454	105.218252	
462	-95.815204	115.692786	
463	-95.967667	116.434229	
464	-96.062418	116.560079	
465	-96.892141	119.942506	
466	-96.099582	117.086680	
467	-93.924094	108.536377	
468	-95.115058	112.924125	
469	-97.105976	121.135624	
470	-97.285239	122.389940	
471	-97.187539	122.657569	
472	-97.461803	123.693708	
473	-97.847703	123.491533	
474	-97.963483	125.531867	
475	-98.254937	126.444807	
476	-98.193842	126.649501	
477	-98.728366	128.121830	
478	-98.757049	127.533574	
479	-98.820535	129.757884	
480	-99.277717	130.047278	
481	-99.734403	132.843895	
482	-99.026853	130.695376	
483	-99.156294	130.919128	
484	-100.279046	134.931576	
485	-100.819928	136.583397	
486	-98.760674	130.634108	
487	-96.554889	120.289436	
488	-101.523889	142.148695	
489	-100.712166	138.787376	
490	-100.827781	139.459311	
491	-101.813990	140.986996	
492	-102.213799	141.925388	
493	-101.098862	138.979839	
494	-101.576555	141.209611	
495	-99.291890	134.139033	
496	-101.966953	141.732946	
497	-102.091906	143.435851	
498	-103.171502	145.078772	
499	-102.752230	144.009551	
500	-102.858395	146.607323	
501	-103.021154	145.721356	
502	-103.712795	147.407766	
503	-103.318719	145.345955	
504	-102.580955	146.375086	
505	-102.442122	142.957874	
506	-101.984373	141.906105	
507	-103.801414	147.357445	
508	-103.475496	145.516068	
509	-102.329359	144.260052	
510	-104.003815	149.263985	
511	-103.840530	148.106230	
512	-103.760531	148.043307	
513	-103.431592	147.595719	
514	-103.420482	149.152155	
515	-101.839203	144.344609	
516	-99.942710	134.742202	
517	-104.403347	149.806921	
518	-100.784661	138.911172	
519	-103.450570	145.858678	
520	-108.552748	148.959441	
521	-108.435611	149.664225	
522	-108.928937	151.233031	
523	-106.120680	146.477065	
524	-102.776211	143.312932	
525	-104.750401	146.608872	
526	-101.946881	138.983403	
527	-103.105157	142.459326	
528	-102.306933	139.166628	
529	-102.585791	139.010213	
530	-102.741088	137.487764	
531	-102.824847	136.681213	
532	-107.912742	144.023566	
533	-108.396834	144.844311	
534	-105.669180	138.521157	
535	-105.320093	137.989159	
536	-100.598030	129.483404	
537	-101.368250	131.648649	
538	-102.198542	132.371625	
539	-101.420314	130.474835	
540	-101.066626	129.320398	
541	-101.044209	128.983162	
542	-101.834583	130.172582	
543	-101.113528	128.210771	
544	-94.348243	105.902357	
545	-96.227019	111.618455	
546	-95.246531	107.925817	
547	-97.692997	113.959660	
548	-97.162247	111.276151	
549	-96.019926	107.720199	
550	-101.423202	118.958272	
551	-97.777004	112.293111	
552	-96.099114	107.845883	
553	-88.674142	86.256302	
554	-98.168538	113.159367	
555	-92.153743	95.991973	
556	-94.291115	101.845139	
557	-95.052598	103.726010	
558	-86.402214	80.294927	
559	-93.474866	99.595590	
560	-87.246440	82.717400	
561	-90.115779	90.311822	
562	-93.011928	97.946567	
563	-88.826566	86.860077	
564	-92.645240	96.834501	
565	-93.238972	98.317809	
566	-87.549061	84.030096	
567	-87.288844	83.286039	
568	-87.570820	84.130199	
569	-89.473974	88.739495	
570	-84.471914	77.483731	
571	-85.245412	79.060055	
572	-86.771145	82.298929	
573	-83.304099	75.481990	
574	-84.309532	77.819718	
575	-87.240313	83.625907	
576	-84.696229	78.167248	
577	-83.180542	74.578283	
578	-87.111218	82.906712	
579	-85.049794	78.193950	
580	-83.908245	75.692917	
581	-79.690962	67.944707	
582	-82.862754	73.768768	
583	-82.474229	72.412095	
584	-80.013451	68.332866	
585	-82.581864	72.453627	
586	-77.584424	63.955964	
587	-78.110488	65.046794	
588	-78.289935	65.435972	
589	-82.235836	70.923810	
590	-82.106243	70.817465	
591	-82.202598	70.751965	
592	-80.941647	68.341850	
593	-76.835762	62.438651	
594	-77.851184	63.160935	
595	-81.171716	68.195249	
596	-80.805606	67.931025	
597	-78.658640	64.585749	
598	-76.282605	60.455714	
599	-76.192410	59.985164	
600	-77.854934	61.858083	
601	-80.278576	64.916775	
602	-75.321878	58.878852	
603	-75.770253	58.858086	
604	-74.856252	56.447920	
605	-74.334735	56.122666	
606	-76.677491	58.682267	
607	-83.475919	70.102075	
608	-78.282095	59.814441	
609	-75.631065	56.037710	
610	-78.501428	59.035772	
611	-74.365503	54.330181	
612	-76.942812	58.329036	
613	-73.595497	53.032213	
614	-78.963517	60.676248	
615	-77.974668	59.252436	
616	-71.834057	51.115212	
617	-74.421840	52.053450	
618	-77.202536	54.600858	
619	-73.413901	51.416584	
620	-77.451839	56.162061	
621	-77.864795	54.943113	
622	-78.121778	56.060350	
623	-77.590129	53.250255	
624	-78.756179	55.669502	
625	-81.354121	61.368533	
626	-76.762605	51.206410	
627	-77.361708	52.169790	
628	-76.671643	48.137554	
629	-75.118796	46.976706	
630	-72.062867	46.185046	
631	-79.295387	54.482762	
632	-76.552551	51.648385	
633	-77.432742	52.901927	
634	-77.113426	50.752034	
635	-75.680623	48.457927	
636	-76.270788	50.223527	
637	-77.009127	50.852804	
638	-78.899992	55.329116	
639	-71.682018	48.460929	
640	-77.035965	53.009466	
641	-73.572128	49.386113	
642	-76.029320	52.858889	
643	-75.977461	50.590251	
644	-75.001678	50.939071	
645	-77.613776	55.520369	
646	-72.905071	48.570962	
647	-76.581250	52.437960	
648	-75.782384	51.967698	
649	-72.976976	49.114014	
650	-73.656221	48.232075	
651	-75.764802	51.474502	
652	-75.354959	50.288698	
653	-78.619170	53.530011	
654	-76.653944	52.684015	
655	-77.188587	52.997912	
656	-78.204181	54.784010	
657	-73.755057	47.893815	
658	-82.096817	61.413768	
659	-73.250870	46.198524	
660	-75.151968	49.527807	
661	-76.145218	50.356871	
662	-76.084097	50.984946	
663	-75.556236	50.362903	
664	-75.794363	50.994000	
665	-81.575417	62.011869	
666	-74.666373	47.635329	
667	-76.332159	51.120145	
668	-80.179636	59.064943	
669	-76.896442	50.504442	
670	-79.655584	58.576446	
671	-73.445093	49.915568	
672	-75.240746	46.829373	
673	-76.407739	48.428319	
674	-75.148872	46.345609	
675	-69.200931	43.333006	
676	-76.653405	47.789696	
677	-75.068917	46.785995	
678	-75.982806	47.380926	
679	-74.433312	45.709986	
680	-71.497739	46.068161	
681	-77.161219	49.744368	
682	-75.721518	46.532449	
683	-75.231323	48.152650	
684	-74.589402	49.271172	
685	-80.386206	58.302197	
686	-77.726759	53.688586	
687	-80.705176	61.145663	
688	-72.144937	46.723237	
689	-84.146810	70.937696	
690	-77.051910	55.076100	
691	-76.704006	55.257554	
692	-78.741686	58.825152	
693	-78.771079	59.557780	
694	-79.506821	60.434567	
695	-78.890911	59.076288	
696	-79.675724	60.125526	
697	-80.512055	62.308190	
698	-79.887592	61.447093	
699	-80.585006	61.451105	
700	-80.676896	63.140092	
701	-79.896395	60.025110	
702	-80.143637	60.724943	
703	-80.561000	61.436903	
704	-81.091113	62.435000	
705	-81.653575	62.179966	
706	-81.169571	60.039584	
707	-81.865339	63.133544	
708	-82.438505	65.021260	
709	-81.978617	62.042294	
710	-80.378248	56.105715	
711	-78.625164	56.738478	
712	-85.600893	73.781620	
713	-85.282191	73.418657	
714	-79.644431	58.890497	
715	-86.573578	76.445924	
716	-87.132584	78.976375	
717	-85.206042	72.018847	
718	-85.971166	74.616306	
719	-86.734285	77.371064	
720	-85.281300	73.592730	
721	-83.866800	67.427070	
722	-90.429986	91.923306	
723	-83.903518	67.836745	
724	-84.228301	68.813010	
725	-84.794800	70.211510	
726	-92.909677	102.644949	
727	-88.245556	82.173851	
728	-88.838913	84.251774	
729	-90.121191	90.632911	
730	-89.695195	88.417131	
731	-90.826232	93.919680	
732	-90.901815	94.428905	
733	-90.669312	93.341873	
734	-85.581766	69.890592	
735	-90.213249	91.055831	
736	-83.845513	75.280936	
737	-88.423138	84.579353	
738	-86.172677	74.760066	
739	-87.202813	78.335626	
740	-88.335861	82.945802	
741	-87.684898	80.668623	
742	-86.743187	77.545749	
743	-88.904081	85.513979	
744	-92.761004	102.321633	
745	-86.947156	77.355383	
746	-87.994503	81.658390	
747	-94.731839	111.498114	
748	-92.465140	100.813744	
749	-86.680882	76.308944	
750	-88.171733	82.725884	
751	-95.017924	109.632925	
752	-91.234138	95.539557	
753	-88.179020	82.728201	
754	-93.091448	102.818539	
755	-93.899192	105.272060	
756	-92.438436	100.155925	
757	-88.732652	84.610155	
758	-89.301137	87.393673	
759	-89.691139	88.782429	
760	-92.818161	101.750490	
761	-97.412088	118.751793	
762	-88.670327	84.335842	
763	-89.311273	87.095474	
764	-87.390616	79.463539	
765	-90.813260	93.425353	
766	-90.438127	91.741489	
767	-90.271785	91.169388	
768	-89.701873	88.707247	
769	-90.759321	93.299135	
770	-91.326225	95.472623	
771	-95.238539	111.980094	
772	-96.353077	117.475735	
773	-90.979727	94.357075	
774	-92.274042	100.265042	
775	-91.595897	96.651420	
776	-92.206007	99.846971	
777	-91.902495	98.475231	
778	-94.034331	108.364601	
779	-99.340060	128.242124	
780	-97.030079	120.782590	
781	-95.023820	113.722000	
782	-94.920753	112.722453	
783	-92.614417	102.392323	
784	-93.238952	105.005569	
785	-93.378846	106.094157	
786	-93.136801	105.014605	
787	-95.209844	115.132750	
788	-98.682600	126.688486	
789	-93.484057	107.324850	
790	-99.102402	134.799575	
791	-100.692369	133.784219	
792	-101.995291	143.889941	
793	-92.225201	101.843019	
794	-94.515616	112.144080	
795	-88.914573	84.675903	
796	-91.609814	98.017176	
797	-100.838615	133.163681	
798	-100.689086	134.515761	
799	-103.167473	142.888171	
800	-100.637873	138.357403	
801	-96.453232	125.919330	
802	-98.556400	132.188641	
803	-97.956072	129.802349	
804	-101.164747	141.679742	
805	-105.255678	146.500353	
806	-99.124779	137.738122	
807	-105.084309	146.769630	
808	-102.358400	142.012595	
809	-96.817347	126.055946	
810	-102.009878	141.774694	
811	-109.479532	151.211612	
812	-102.203992	145.725127	
813	-100.639755	141.242955	
814	-102.514642	147.228845	
815	-104.541746	154.581877	
816	-108.456897	151.557186	
817	-98.724910	136.070184	
818	-104.989388	151.436002	
819	-100.887064	137.249847	
820	152.404487	-121.124932	
821	-98.735819	142.166885	
822	-101.538760	144.767408	
823	-111.574503	151.050756	
824	-107.312110	149.759704	
825	-97.866817	128.832527	
826	-103.125603	149.241126	
827	-103.192938	148.145298	
828	-104.064794	152.375261	
829	-99.744727	141.413984	
830	-105.472940	150.363867	
831	-102.592828	149.143310	
832	-102.643859	162.969050	
833	-95.743467	137.078432	
834	-102.065805	144.956889	
835	-109.054992	151.297709	
836	-98.840519	139.728472	
837	-104.014876	148.369329	
838	-103.667717	146.014474	
839	-101.628032	140.947002	
840	-101.812389	141.544938	
841	-104.066156	150.915916	
842	-103.371966	151.053078	
843	-106.437403	153.091516	
844	-101.426631	146.494764	
845	-100.798506	141.902650	
846	-100.795107	141.122951	
847	-100.140817	135.600929	
848	-103.981681	142.353628	
849	-102.458372	141.552439	
850	-99.447850	131.000628	
851	-105.584613	143.313424	
852	-107.646575	140.330129	
853	-100.957461	126.233484	
854	-94.892059	108.868442	
855	-94.378419	105.411352	
856	-95.945958	110.999728	
857	-98.070162	116.551601	
858	-90.187533	90.579519	
859	-98.165605	115.602272	
860	-99.501936	118.313289	
861	-98.703495	113.136778	
862	-95.485237	106.016736	
863	-88.625617	85.989713	
864	-87.390101	82.807024	
865	-91.375975	93.968480	
866	-91.106045	93.164629	
867	-97.730533	111.413087	
868	-95.020945	105.427536	
869	-99.200651	115.684061	
870	-86.518020	79.788169	
871	-80.133166	64.445521	
872	-86.917167	81.711383	
873	-79.773637	65.964963	
874	-77.334936	57.102411	
875	-80.142388	52.222364	
876	-79.035684	51.580034	
877	-80.567784	63.843672	
878	-105.396799	113.249963	
879	-77.856639	39.090814	
880	-81.506911	62.269163	
881	-97.406051	113.028465	
882	-87.539365	81.156215	
883	-74.360113	34.102385	
884	-77.634321	43.945214	
885	-74.777666	36.430999	
886	-73.424184	30.068596	
887	-92.740939	100.122879	
888	-80.875309	47.722253	
889	-73.153615	29.338159	
890	-71.527342	29.274670	
891	-73.019260	21.718515	
892	-74.049672	24.963555	
893	-89.498799	88.502900	
894	-96.588754	132.297802	
895	-81.020573	-39.477841	
896	NaN	NaN	
897	-91.440417	97.900021	
898	-80.023078	42.919434	
899	-88.476766	83.006790	
900	NaN	NaN	
901	-91.289263	93.798684	
902	-94.306665	102.861841	
903	-87.811500	81.155767	
904	-93.041055	101.015555	
905	-70.848833	11.615790	
906	-75.064057	21.029421	
907	-87.675218	82.634057	
908	-80.690647	43.062397	
909	-72.888334	7.020520	
910	-73.505953	10.852948	
911	-84.127597	62.229287	
912	-82.037180	57.482625	
913	-88.138777	85.042418	
914	-89.425037	87.844525	
915	-84.558755	71.838687	
916	-98.214827	118.564481	
917	-90.391943	91.306937	
918	-81.181580	57.345475	
919	-87.566694	80.896014	
920	-86.941458	77.720645	
921	-81.345298	40.317325	
922	-83.542424	55.183583	
923	-85.601102	71.560118	
924	-79.094453	25.156455	
925	-84.682456	75.520363	
926	-80.255324	72.956237	
927	-77.848164	9.460037	
928	-82.823689	57.848351	
929	-82.796171	49.423038	
930	-85.774118	75.423433	
931	-80.074995	-13.531959	
932	-80.091238	48.927401	
933	-89.607834	89.310398	
934	-82.808482	-38.404772	
935	-79.182409	-0.876068	
936	-83.352640	52.875994	
937	-82.507634	33.825326	
938	-80.425406	15.255274	
939	-83.419105	38.267576	
940	-81.993824	27.976357	
941	-83.707446	52.715566	
942	-79.025283	-3.763013	
943	-77.083173	10.332294	
944	-88.078843	83.381263	
945	-77.315013	3.398316	
946	-87.859999	79.935074	
947	-80.975039	20.408582	
948	-85.848170	72.878287	
949	-83.254889	39.622832	
950	-83.320643	39.775280	
951	-82.953057	46.404986	
952	-83.891831	39.273294	
953	-83.422934	40.182905	
954	-81.711874	4.945616	
955	-85.059047	40.897270	
956	-85.901372	64.648896	
957	-78.609011	-4.010736	
958	-92.324629	93.866560	
959	-85.724102	83.815943	
960	-82.007207	44.078646	
961	-85.059557	64.802808	
962	-85.240558	-35.920114	
963	57.988952	82.537868	
964	-89.100179	89.309281	
965	-79.874037	-44.188203	
966	-85.764039	70.857005	
967	-84.198026	54.000143	
968	-86.200156	71.817447	
969	-82.038277	28.164641	
970	-75.566194	-6.486320	
971	-80.357173	1.093237	
972	-75.209494	-23.278910	
973	-79.074701	61.080593	
974	-84.288589	47.933322	
975	-80.401105	57.932788	
976	-75.801345	-12.748792	
977	-80.576732	66.927604	
978	-80.825770	65.439358	
979	-81.528109	63.156664	
980	-86.750389	-28.248024	
981	-84.733639	-10.842761	
982	-79.326110	29.239873	
983	-66.244331	35.713042	
984	-86.710321	-4.103469	
985	-77.210599	-4.641153	
986	-75.958634	17.887172	
987	-69.927588	22.690040	
988	-91.183418	105.270616	
989	-87.551795	83.555440	
990	-91.165791	97.686909	
991	-93.418316	108.092304	
992	-92.233209	98.831160	
993	-80.227098	18.945084	
994	-79.954045	19.404023	
995	-80.514965	31.935729	
996	-86.448279	63.098109	
997	-78.493471	27.500506	
998	-91.189905	97.169265	
999	-80.012087	34.270096	
1000	-85.253022	48.413050	
1001	-82.655154	31.144802	
1002	-97.008200	121.625933	
1003	-64.422465	47.390417	
1004	-86.527961	4.876167	
1005	-89.266026	-63.712459	
1006	-91.341106	94.873185	
1007	-96.278430	125.173109	
1008	-96.243482	120.224318	
1009	-86.099287	85.922473	
1010	-91.981700	92.433530	
1011	-65.522097	-52.522008	
1012	-67.200302	-54.874611	
1013	-83.316103	38.848968	
1014	-90.259220	91.709256	
1015	-82.284704	50.472430	
1016	-85.443234	43.568221	
1017	-75.985797	23.571712	
1018	-98.160722	137.686565	
1019	-97.447305	145.277884	
1020	-103.419566	175.849691	
1021	-79.562036	55.299392	
1022	-96.888599	99.203117	
1023	-81.812852	40.728061	
1024	-96.638937	123.282359	
1025	-95.671751	134.291939	
1026	-101.229065	139.931766	
1027	-98.074174	143.813855	
1028	-100.429262	150.963023	
1029	-65.113441	59.825642	
1030	-65.437664	61.195058	
1031	-89.183281	-86.791810	
1032	-87.034341	-79.226547	
1033	-100.190387	-164.336187	
1034	-94.422196	-105.274806	
1035	-85.019978	-74.622420	
1036	-101.692105	-160.729882	
1037	-96.668534	126.049595	
1038	-96.724086	155.009812	
1039	-101.245579	176.069266	
1040	-90.472403	-91.401551	
1041	-90.734345	-92.231866	
1042	-90.018616	-90.058394	
1043	-90.209588	-90.648394	
1044	-97.810687	-155.809781	
1045	-99.772839	-160.952197	
1046	-106.276453	158.323124	
1047	-108.227839	147.363075	
1048	-108.680554	153.362790	
1049	-106.103959	151.676390	
1050	-102.303660	167.609975	
1051	-106.864338	155.559447	
1052	-93.213451	131.434580	
1053	-105.115435	158.828890	
1054	-104.068335	161.944525	
1055	-103.083963	159.278443	
1056	-100.358654	172.348356	
1057	-105.039452	158.432868	
1058	-85.465684	35.470809	
1059	-88.865260	87.024755	
1060	-94.262472	109.396761	
1061	-94.876473	109.734663	
1062	-93.767845	105.419901	
1063	-93.852412	109.313745	
1064	-94.445263	109.296420	
1065	-94.276083	107.719103	
1066	-95.826984	114.838715	
1067	-94.915788	111.391116	
1068	-94.984970	111.982149	
1069	-95.394364	112.376152	
1070	-95.258997	109.437033	
1071	-95.896845	112.987559	
1072	-95.465082	114.115410	
1073	-95.963432	113.713901	
1074	-95.825772	115.188908	
1075	-95.503365	114.282822	
1076	-96.358881	117.848090	
1077	-97.175975	118.686366	
1078	-95.554881	115.740601	
1079	-96.442012	120.458483	
1080	-96.330289	118.869860	
1081	-96.939509	117.988365	
1082	-97.825262	124.290715	
1083	-97.393420	119.897140	
1084	-97.783717	120.984978	
1085	-97.806916	117.878677	
1086	-98.510541	126.843341	
1087	-97.198515	119.561617	
1088	-97.667557	124.391867	
1089	-99.156064	129.371800	
1090	-99.446952	130.184549	
1091	-98.696132	128.791118	
1092	-98.580573	127.097884	
1093	-98.872447	127.302980	
1094	-98.979047	128.221354	
1095	-99.094492	128.078962	
1096	-98.993709	129.315346	
1097	-99.284090	128.647292	
1098	-99.675088	128.853537	
1099	-100.948830	132.783984	
1100	-100.563387	131.705447	
1101	-100.276188	130.775100	
1102	-101.027286	134.235752	
1103	-101.071016	136.095186	
1104	-101.126365	135.824222	
1105	-101.170688	134.771006	
1106	-101.553702	134.036883	
1107	-102.115766	140.213416	
1108	-102.728161	141.351710	
1109	-103.002446	140.416288	
1110	-102.943018	140.994235	
1111	-102.706440	139.332904	
1112	-101.507938	134.711050	
1113	-103.755897	141.331724	
1114	-104.958261	146.063828	
1115	-103.367071	142.087902	
1116	-103.821650	143.381058	
1117	-103.631464	141.977718	
1118	-103.731348	142.974238	
1119	-105.059919	145.985544	
1120	-103.853782	142.053127	
1121	-104.430862	143.647330	
1122	-102.683962	139.553981	
1123	-102.248220	139.448645	
1124	-102.965236	141.700312	
1125	-102.619204	139.186199	
1126	-103.154863	140.340754	
1127	-104.310815	147.304714	
1128	-103.409544	142.144009	
1129	-103.585850	140.793275	
1130	-104.633982	146.581323	
1131	-105.753341	151.791409	
1132	-103.878811	138.618640	
1133	-103.010038	135.584227	
1134	-102.988683	145.311535	
1135	-104.320184	146.407362	
1136	-105.125045	148.133671	
1137	-102.118237	139.134667	
1138	-104.470909	152.378069	
1139	-104.909411	150.115625	
1140	-105.438446	150.175045	
1141	-103.786881	148.097113	
1142	-103.455360	141.010160	
1143	-103.264865	146.052352	
1144	-103.099290	144.705584	
1145	-102.755565	144.404494	
1146	-102.530519	141.343465	
1147	-98.727802	122.609610	
1148	-100.535586	131.222240	
1149	-101.107081	136.607478	
1150	-102.619231	141.783301	
1151	-101.942415	138.195931	
1152	-100.096436	130.293584	
1153	-101.434843	133.892885	
1154	-101.743412	136.060051	
1155	-100.434246	128.998167	
1156	-97.952230	116.450182	
1157	-98.693159	121.033560	
1158	-99.667906	124.553580	
1159	-97.500425	115.761190	
1160	-96.683413	112.785868	
1161	-95.194392	108.285531	
1162	-95.903396	109.953744	
1163	-94.987328	107.370657	
1164	-95.331271	107.589019	
1165	-93.470656	100.883789	
1166	-90.939932	92.619916	
1167	-93.841714	102.248186	
1168	-91.793265	95.952994	
1169	-90.118969	90.351123	
1170	-88.318993	85.774929	
1171	-92.809861	97.286637	
1172	-90.711119	92.109204	
1173	-90.779008	92.230315	
1174	-88.829571	87.215963	
1175	-89.371047	88.455346	
1176	-87.275792	81.881413	
1177	-86.364491	80.436816	
1178	NaN	NaN	
1179	NaN	NaN	
1180	NaN	NaN	
1181	NaN	NaN	
1182	NaN	NaN	
1183	NaN	NaN	
1184	NaN	NaN	
1185	NaN	NaN	
1186	NaN	NaN	
1187	NaN	NaN	
1188	NaN	NaN	
1189	NaN	NaN	
1190	NaN	NaN	
1191	NaN	NaN	
1192	NaN	NaN	
1193	NaN	NaN	
1194	NaN	NaN	
1195	NaN	NaN	
1196	NaN	NaN	
1197	NaN	NaN	
1198	NaN	NaN	
1199	NaN	NaN	
1200	NaN	NaN	
1201	NaN	NaN	
1202	NaN	NaN	
1203	NaN	NaN	
1204	NaN	NaN	
1205	NaN	NaN	
1206	NaN	NaN	
1207	NaN	NaN	
1208	NaN	NaN	
1209	NaN	NaN	
1210	NaN	NaN	
1211	NaN	NaN	
1212	NaN	NaN	
1213	NaN	NaN	
1214	NaN	NaN	
1215	NaN	NaN	
1216	NaN	NaN	
1217	NaN	NaN	
1218	NaN	NaN	
1219	NaN	NaN	
1220	NaN	NaN	
1221	NaN	NaN	
1222	NaN	NaN	
1223	NaN	NaN	
1224	NaN	NaN	
1225	NaN	NaN	
1226	NaN	NaN	
1227	NaN	NaN	
1228	NaN	NaN	
1229	NaN	NaN	
1230	NaN	NaN	
1231	NaN	NaN	
1232	NaN	NaN	
1233	NaN	NaN	
1234	NaN	NaN	
1235	NaN	NaN	
1236	NaN	NaN	
1237	NaN	NaN	
1238	NaN	NaN	
1239	NaN	NaN	
1240	NaN	NaN	
1241	NaN	NaN	
1242	NaN	NaN	
1243	NaN	NaN	
1244	NaN	NaN	
1245	NaN	NaN	
1246	NaN	NaN	
1247	NaN	NaN	
1248	NaN	NaN	
1249	NaN	NaN	
1250	NaN	NaN	
1251	NaN	NaN	
1252	NaN	NaN	
1253	NaN	NaN	
1254	NaN	NaN	
1255	NaN	NaN	
1256	NaN	NaN	
1257	NaN	NaN	
1258	NaN	NaN	
1259	NaN	NaN	
1260	NaN	NaN	
1261	NaN	NaN	
1262	NaN	NaN	
1263	NaN	NaN	
1264	NaN	NaN	
1265	NaN	NaN	
1266	NaN	NaN	
1267	NaN	NaN	
1268	NaN	NaN	
1269	NaN	NaN	
1270	NaN	NaN	
1271	NaN	NaN	
1272	NaN	NaN	
1273	NaN	NaN	
1274	NaN	NaN	
1275	NaN	NaN	
1276	NaN	NaN	
1277	NaN	NaN	
1278	NaN	NaN	
1279	NaN	NaN	
1280	NaN	NaN	
1281	NaN	NaN	
1282	NaN	NaN	
1283	NaN	NaN	
1284	NaN	NaN	
1285	NaN	NaN	
1286	NaN	NaN	
1287	NaN	NaN	
1288	NaN	NaN	
1289	NaN	NaN	
1290	NaN	NaN	
1291	NaN	NaN	
1292	90.208363	-90.046530	
1293	89.485845	-89.886044	
1294	88.836528	-89.707335	
1295	88.697418	-89.680772	
1296	89.044012	-89.761232	
1297	90.496173	-90.124215	
1298	51.410979	-78.866967	
1299	50.988515	-79.788733	
1300	101.662297	-94.124893	
1301	99.971420	-93.692405	
1302	86.794776	-89.103271	
1303	87.313199	-89.265585	
1304	87.986672	-89.434984	
1305	88.776338	-89.675550	
1306	93.237804	-90.947709	
1307	95.169686	-91.492228	
1308	96.040757	-91.759508	
1309	94.314320	-91.197732	
1310	95.666536	-91.509503	
1311	96.815523	-91.798067	
1312	96.216566	-91.600434	
1313	99.005678	-92.225905	
1314	96.261968	-91.586857	
1315	95.324344	-91.341659	
1316	98.214523	-92.037913	
1317	95.504275	-91.302715	
1318	94.636150	-91.075418	
1319	101.858916	-92.915259	
1320	111.070436	-97.636379	
1321	NaN	NaN	
1322	NaN	NaN	
1323	NaN	NaN	
1324	NaN	NaN	
1325	NaN	NaN	
1326	NaN	NaN	
1327	NaN	NaN	
1328	NaN	NaN	
1329	NaN	NaN	
1330	NaN	NaN	
1331	NaN	NaN	
1332	NaN	NaN	
1333	NaN	NaN	
1334	NaN	NaN	
1335	NaN	NaN	
1336	NaN	NaN	
1337	NaN	NaN	
1338	NaN	NaN	
1339	NaN	NaN	
1340	NaN	NaN	
1341	NaN	NaN	
1342	NaN	NaN	
1343	NaN	NaN	
1344	NaN	NaN	
1345	NaN	NaN	
1346	NaN	NaN	
1347	NaN	NaN	
1348	NaN	NaN	
1349	NaN	NaN	
1350	NaN	NaN	
1351	NaN	NaN	
1352	NaN	NaN	
1353	NaN	NaN	
1354	NaN	NaN	
1355	NaN	NaN	
1356	NaN	NaN	
1357	NaN	NaN	
1358	NaN	NaN	
1359	NaN	NaN	
1360	NaN	NaN	
1361	NaN	NaN	
1362	NaN	NaN	
1363	NaN	NaN	
1364	NaN	NaN	
1365	NaN	NaN	
1366	NaN	NaN	
1367	NaN	NaN	
1368	NaN	NaN	
1369	NaN	NaN	
1370	NaN	NaN	
1371	NaN	NaN	
1372	NaN	NaN	
1373	NaN	NaN	
1374	NaN	NaN	
1375	NaN	NaN	
1376	NaN	NaN	
1377	NaN	NaN	
1378	NaN	NaN	
1379	NaN	NaN	
1380	NaN	NaN	
1381	NaN	NaN	
1382	NaN	NaN	
1383	NaN	NaN	
1384	NaN	NaN	
1385	NaN	NaN	
1386	NaN	NaN	
1387	NaN	NaN	
1388	NaN	NaN	
1389	NaN	NaN	
1390	NaN	NaN	
1391	NaN	NaN	
1392	NaN	NaN	
1393	NaN	NaN	
1394	NaN	NaN	
1395	NaN	NaN	
1396	NaN	NaN	
1397	NaN	NaN	
1398	NaN	NaN	
1399	NaN	NaN	
1400	NaN	NaN	
1401	NaN	NaN	
1402	NaN	NaN	
1403	-90.437701	90.466552	
1404	NaN	NaN	
1405	NaN	NaN	
1406	NaN	NaN	
1407	NaN	NaN	
1408	NaN	NaN	
1409	NaN	NaN	
1410	NaN	NaN	
1411	NaN	NaN	
1412	NaN	NaN	
1413	NaN	NaN	
1414	NaN	NaN	
1415	NaN	NaN	
1416	NaN	NaN	
1417	NaN	NaN	
1418	NaN	NaN	
1419	NaN	NaN	
1420	NaN	NaN	
1421	NaN	NaN	
1422	NaN	NaN	
1423	NaN	NaN	
1424	NaN	NaN	
1425	NaN	NaN	
1426	NaN	NaN	
1427	NaN	NaN	
1428	NaN	NaN	
1429	NaN	NaN	
1430	NaN	NaN	
1431	NaN	NaN	
1432	NaN	NaN	
1433	NaN	NaN	
1434	NaN	NaN	
1435	NaN	NaN	
1436	NaN	NaN	
1437	NaN	NaN	
1438	NaN	NaN	
1439	NaN	NaN	
1440	NaN	NaN	
1441	NaN	NaN	
1442	NaN	NaN	
1443	NaN	NaN	
1444	NaN	NaN	
1445	NaN	NaN	
1446	NaN	NaN	
1447	NaN	NaN	
1448	NaN	NaN	
1449	NaN	NaN	
1450	NaN	NaN	
1451	NaN	NaN	
1452	NaN	NaN	
1453	NaN	NaN	
1454	NaN	NaN	
1455	NaN	NaN	
1456	NaN	NaN	
1457	NaN	NaN	
1458	NaN	NaN	
1459	NaN	NaN	
1460	NaN	NaN	
1461	NaN	NaN	
1462	NaN	NaN	
1463	NaN	NaN	
1464	NaN	NaN	
1465	NaN	NaN	
1466	NaN	NaN	
1467	NaN	NaN	
1468	NaN	NaN	
1469	NaN	NaN	
1470	NaN	NaN	
1471	NaN	NaN	
1472	NaN	NaN	
1473	NaN	NaN	
1474	NaN	NaN	
1475	NaN	NaN	
1476	NaN	NaN	
1477	NaN	NaN	
1478	NaN	NaN	
1479	NaN	NaN	
1480	NaN	NaN	
1481	NaN	NaN	
1482	NaN	NaN	
1483	NaN	NaN	
1484	NaN	NaN	
1485	NaN	NaN	
1486	NaN	NaN	
1487	NaN	NaN	
1488	NaN	NaN	
1489	NaN	NaN	
1490	NaN	NaN	
1491	NaN	NaN	
1492	NaN	NaN	
1493	NaN	NaN	
1494	NaN	NaN	
1495	NaN	NaN	
1496	NaN	NaN	
1497	NaN	NaN	
1498	NaN	NaN	
1499	NaN	NaN	
1500	NaN	NaN	
1501	NaN	NaN	
1502	NaN	NaN	
1503	NaN	NaN	
1504	NaN	NaN	
1505	NaN	NaN	
1506	NaN	NaN	
1507	NaN	NaN	
1508	NaN	NaN	
1509	NaN	NaN	
1510	NaN	NaN	
1511	NaN	NaN	
1512	NaN	NaN	
1513	NaN	NaN	
1514	NaN	NaN	
1515	NaN	NaN	
1516	NaN	NaN	
1517	NaN	NaN	
1518	NaN	NaN	
1519	NaN	NaN	
1520	NaN	NaN	
1521	NaN	NaN	
1522	NaN	NaN	
1523	NaN	NaN	
1524	NaN	NaN	
1525	NaN	NaN	
1526	NaN	NaN	
1527	NaN	NaN	
1528	NaN	NaN	
1529	NaN	NaN	
1530	NaN	NaN	
1531	NaN	NaN	
1532	NaN	NaN	
1533	NaN	NaN	
1534	NaN	NaN	
1535	NaN	NaN	
1536	NaN	NaN	
1537	NaN	NaN	
1538	NaN	NaN	
1539	NaN	NaN	
1540	NaN	NaN	
1541	NaN	NaN	
1542	NaN	NaN	
1543	NaN	NaN	
1544	NaN	NaN	
1545	NaN	NaN	
1546	NaN	NaN	
1547	NaN	NaN	
1548	NaN	NaN	
1549	NaN	NaN	
1550	NaN	NaN	
1551	NaN	NaN	
1552	NaN	NaN	
1553	NaN	NaN	
1554	NaN	NaN	
1555	NaN	NaN	
1556	NaN	NaN	
1557	NaN	NaN	
1558	NaN	NaN	
1559	NaN	NaN	
1560	NaN	NaN	
1561	NaN	NaN	
1562	NaN	NaN	
1563	NaN	NaN	
1564	NaN	NaN	
1565	NaN	NaN	
1566	NaN	NaN	
1567	NaN	NaN	
1568	NaN	NaN	
1569	NaN	NaN	
1570	NaN	NaN	
1571	NaN	NaN	
1572	NaN	NaN	
1573	NaN	NaN	
1574	NaN	NaN	
1575	NaN	NaN	
1576	NaN	NaN	
1577	NaN	NaN	
1578	NaN	NaN	
1579	NaN	NaN	
1580	NaN	NaN	
1581	NaN	NaN	
1582	NaN	NaN	
1583	NaN	NaN	
1584	NaN	NaN	
1585	NaN	NaN	
1586	NaN	NaN	
1587	NaN	NaN	
1588	NaN	NaN	
1589	NaN	NaN	
1590	NaN	NaN	
1591	NaN	NaN	
1592	NaN	NaN	
1593	NaN	NaN	
1594	NaN	NaN	
1595	NaN	NaN	
1596	NaN	NaN	
1597	NaN	NaN	
1598	NaN	NaN	
1599	NaN	NaN	
1600	NaN	NaN	
1601	NaN	NaN	
1602	NaN	NaN	
1603	NaN	NaN	
1604	NaN	NaN	
1605	NaN	NaN	
1606	NaN	NaN	
1607	NaN	NaN	
1608	NaN	NaN	
1609	NaN	NaN	
1610	NaN	NaN	
1611	NaN	NaN	
1612	NaN	NaN	
1613	NaN	NaN	
1614	NaN	NaN	
1615	NaN	NaN	
1616	NaN	NaN	
1617	NaN	NaN	
1618	NaN	NaN	
1619	NaN	NaN	
1620	NaN	NaN	
1621	NaN	NaN	
1622	NaN	NaN	
1623	NaN	NaN	
1624	NaN	NaN	
1625	NaN	NaN	
1626	NaN	NaN	
1627	NaN	NaN	
1628	NaN	NaN	
1629	NaN	NaN	
1630	NaN	NaN	
1631	NaN	NaN	
1632	NaN	NaN	
1633	NaN	NaN	
1634	NaN	NaN	
1635	NaN	NaN	
1636	NaN	NaN	
1637	NaN	NaN	
1638	NaN	NaN	
1639	NaN	NaN	
1640	NaN	NaN	
1641	NaN	NaN	
1642	NaN	NaN	
1643	NaN	NaN	
1644	NaN	NaN	
1645	NaN	NaN	
1646	NaN	NaN	
1647	NaN	NaN	
1648	NaN	NaN	
1649	NaN	NaN	
1650	NaN	NaN	
1651	NaN	NaN	
1652	NaN	NaN	
1653	NaN	NaN	
1654	NaN	NaN	
1655	NaN	NaN	
1656	NaN	NaN	
1657	NaN	NaN	
1658	NaN	NaN	
1659	NaN	NaN	
1660	NaN	NaN	
1661	NaN	NaN	
1662	NaN	NaN	
1663	NaN	NaN	
1664	NaN	NaN	
1665	NaN	NaN	
1666	NaN	NaN	
1667	NaN	NaN	
1668	NaN	NaN	
1669	NaN	NaN	
