Athlete_Engineering	// User ID
11-2-2021	// Evaluation date
P014_Walk6	30-1-2021	14:03:22:095	// Source file name and timestamp
250.000	// Sampling rate
5.767	// Data capture period



Sample #	Right_Leg_Flexion	Right_Leg_Abduction	
0	-98.776099	132.763546	
1	-98.850804	128.814440	
2	-98.497427	129.300021	
3	-99.272397	131.652913	
4	-99.124569	131.417381	
5	-99.170915	131.124593	
6	-99.091076	133.762935	
7	-99.211095	134.565380	
8	-99.154997	131.469207	
9	-98.568541	131.313975	
10	-102.111766	141.157556	
11	-98.619594	131.636177	
12	-99.095708	131.585472	
13	-102.044619	141.590740	
14	-101.821575	141.767097	
15	-102.147482	144.395585	
16	-101.742082	142.079320	
17	-101.150373	141.040842	
18	-101.925344	141.019491	
19	-98.552759	132.887001	
20	-99.158313	130.793895	
21	-98.638834	129.547906	
22	-102.007931	140.657759	
23	-102.256545	142.455906	
24	-101.904475	141.957275	
25	-98.589693	126.798139	
26	-99.256902	133.214794	
27	-99.266155	130.816422	
28	-98.868102	132.752292	
29	-98.745058	132.265036	
30	-98.502579	132.463083	
31	-98.518360	130.244387	
32	-98.637902	130.996602	
33	-98.692319	130.850885	
34	-98.650647	130.820549	
35	-98.299555	131.674794	
36	-98.274009	130.532846	
37	-98.445732	132.588511	
38	-98.531090	132.233468	
39	-98.360724	129.900737	
40	-98.237256	130.368988	
41	-98.423023	132.405037	
42	-98.419038	132.579172	
43	-98.224488	130.354133	
44	-98.298974	126.933052	
45	-98.285660	132.382478	
46	-98.197302	130.590741	
47	-98.373173	128.178102	
48	-98.260778	129.020518	
49	-98.168708	126.473432	
50	-98.062019	129.856862	
51	-98.107240	132.704095	
52	-97.971840	131.281710	
53	-97.999111	131.338040	
54	-98.097482	130.005164	
55	-98.197887	129.934790	
56	-98.044821	129.585656	
57	-98.200112	127.921630	
58	-97.979184	126.651662	
59	-98.066391	128.357432	
60	-97.966595	128.167572	
61	-97.763894	126.927000	
62	-97.680603	126.424367	
63	-97.599238	126.428117	
64	-97.593960	125.850884	
65	-97.709105	124.386445	
66	-97.733924	125.033900	
67	-97.432531	125.625873	
68	-97.478553	124.136648	
69	-97.158029	125.478255	
70	-97.220309	123.745111	
71	-97.219484	124.177719	
72	-97.263746	123.210429	
73	-97.130428	122.801074	
74	-97.197877	121.165902	
75	-97.119358	122.478610	
76	-97.288710	125.013796	
77	-97.111689	122.207786	
78	-96.938063	122.690205	
79	-96.977616	121.990647	
80	-97.040929	120.349447	
81	-96.950808	122.446897	
82	-96.971874	122.755970	
83	-96.906404	119.508758	
84	-96.792876	123.395894	
85	-96.506430	120.907002	
86	-96.648858	122.228620	
87	-96.761190	122.925085	
88	-97.098786	121.185608	
89	-96.654361	121.421811	
90	-96.663015	122.693175	
91	-96.479495	123.026958	
92	-96.461208	122.515686	
93	-96.471370	123.264965	
94	-96.527206	123.085662	
95	-96.368776	122.426393	
96	-96.234104	122.183841	
97	-96.167203	121.424901	
98	-96.103268	120.690580	
99	-95.945605	120.710713	
100	-96.195581	122.856037	
101	-96.180365	122.936386	
102	-96.152781	122.019099	
103	-96.264591	117.965057	
104	-96.045114	121.033096	
105	-95.993241	119.967118	
106	-95.927227	118.949142	
107	-96.254523	118.001146	
108	-95.928318	118.483767	
109	-95.754456	118.181140	
110	-95.872237	119.023370	
111	-95.941332	119.224929	
112	-96.434450	117.361798	
113	-95.983075	119.586227	
114	-95.761842	118.172147	
115	-95.660757	117.895512	
116	-95.507743	123.912190	
117	-95.541270	121.066763	
118	-95.319095	120.407085	
119	-95.457294	121.383155	
120	-95.312968	121.221736	
121	-95.474601	120.413592	
122	-95.562596	119.735862	
123	-95.329023	118.040478	
124	-95.563014	120.617587	
125	-95.339436	117.202271	
126	-95.282249	118.818573	
127	-95.192973	116.846557	
128	-95.421794	119.572526	
129	-95.336567	117.693090	
130	-95.197358	118.202492	
131	-95.022466	115.509607	
132	-94.810307	113.371884	
133	-94.696708	112.769042	
134	-94.930672	115.284396	
135	-94.490159	114.209454	
136	-94.406332	113.622726	
137	-94.908717	114.378109	
138	-94.493548	114.471877	
139	-94.899860	117.332605	
140	-94.721800	117.085343	
141	-94.449479	115.585001	
142	-94.869962	114.828993	
143	-94.980725	115.341735	
144	-95.190845	116.382756	
145	-94.588019	115.867122	
146	-94.768671	115.669749	
147	-94.594452	115.029812	
148	-94.726406	113.611536	
149	-94.433040	118.185196	
150	-94.019362	112.419149	
151	-94.372723	114.407164	
152	-94.429927	113.334947	
153	-94.327063	111.350290	
154	-94.413535	111.309513	
155	-94.405247	111.701604	
156	-94.428026	111.136394	
157	-94.291369	111.758145	
158	-94.076634	111.328097	
159	-93.956149	110.647733	
160	-93.907206	110.817370	
161	-93.924209	110.819837	
162	-93.965029	110.363502	
163	-93.751731	109.303123	
164	-93.624398	107.802300	
165	-93.259014	107.654694	
166	-93.272887	107.313490	
167	-93.570347	108.780845	
168	-93.505282	108.255594	
169	-93.278854	107.719364	
170	-92.689931	104.459713	
171	-92.778532	105.853468	
172	-92.629275	104.801723	
173	-92.792680	104.203585	
174	-92.370887	102.221807	
175	-92.043380	100.589006	
176	-91.787043	100.105513	
177	-91.527502	98.685997	
178	-91.258176	97.078839	
179	-92.053754	100.583412	
180	-91.809474	100.204590	
181	-90.946743	95.214649	
182	-91.242671	96.452578	
183	-91.021993	95.458707	
184	-90.763040	94.221157	
185	-90.017859	90.093843	
186	-89.935715	89.658926	
187	-91.337327	96.214304	
188	-91.049520	95.368817	
189	-91.115334	95.252284	
190	-90.748054	93.505933	
191	-90.100584	90.529097	
192	-90.218548	90.951738	
193	-90.004212	90.018439	
194	-89.815668	89.182628	
195	-89.230786	86.509943	
196	-89.034872	84.959915	
197	-88.484744	81.753784	
198	-88.134456	81.175281	
199	-87.931765	74.801657	
200	-87.692755	79.010110	
201	-87.304181	78.228495	
202	-87.843908	80.604810	
203	-87.168584	78.247964	
204	-87.016696	78.113859	
205	-86.886155	77.587668	
206	-86.512912	76.110875	
207	-86.304170	75.261651	
208	-85.707845	73.399961	
209	-85.422849	72.147303	
210	-85.232983	71.560688	
211	-85.046376	64.079611	
212	-84.783037	72.652030	
213	-84.409170	69.808646	
214	-84.062380	68.373926	
215	-84.208329	69.025295	
216	-83.846034	67.683128	
217	-83.415719	66.732524	
218	-83.091857	68.194227	
219	-82.542317	64.882193	
220	-83.121710	68.336970	
221	-82.566847	63.886881	
222	-82.022943	64.423354	
223	-81.923141	62.549303	
224	-81.086986	63.090062	
225	-80.796143	61.220450	
226	-81.119036	64.960568	
227	-80.566921	63.015410	
228	-80.337523	63.113889	
229	-80.189427	62.312130	
230	-80.003694	61.386195	
231	-79.829197	59.799944	
232	-79.531625	57.491847	
233	-80.186918	59.585560	
234	-79.517598	59.290123	
235	-79.283083	58.813672	
236	-78.977504	58.429173	
237	-78.306990	54.009359	
238	-79.027277	58.787001	
239	-78.880200	56.529793	
240	-79.136480	57.889389	
241	-78.725283	57.265060	
242	-78.374833	56.375237	
243	-78.270530	55.591298	
244	-78.334222	55.864414	
245	-79.069594	52.854857	
246	-79.021104	53.900852	
247	-78.717937	51.769363	
248	-78.529350	47.095458	
249	NaN	NaN	
250	-77.292767	54.354254	
251	-76.587812	49.075023	
252	-77.950416	46.965110	
253	-76.343366	48.811732	
254	-76.195250	48.788453	
255	-76.075707	48.238866	
256	-75.731857	48.771376	
257	-75.539555	48.010454	
258	-76.403722	50.412771	
259	-75.479915	47.425038	
260	-75.404071	47.845311	
261	-75.733407	46.629436	
262	-75.347197	45.240330	
263	-74.449522	49.945836	
264	-74.998282	44.803706	
265	-74.986553	43.507307	
266	-75.289293	43.142196	
267	-74.912874	44.935627	
268	-74.705448	43.760672	
269	-74.958362	44.887299	
270	-74.366215	44.728238	
271	-74.408169	43.821438	
272	-73.889217	44.401355	
273	-72.699182	47.816417	
274	-73.932706	44.402175	
275	-74.247297	43.166939	
276	-74.002789	42.223046	
277	-74.043080	42.694063	
278	-73.693099	40.766676	
279	-72.720085	46.842036	
280	-74.064450	40.073083	
281	-74.028533	40.907769	
282	-72.610552	46.432510	
283	-73.885446	40.965030	
284	-73.684908	42.570918	
285	-72.131745	46.976588	
286	-73.520166	41.592095	
287	-73.253925	40.612470	
288	-73.723349	41.059206	
289	-73.151093	39.917162	
290	-73.111611	40.446712	
291	-73.403585	42.001022	
292	-72.814000	40.917415	
293	-73.174729	41.427504	
294	-73.055707	38.745049	
295	-72.845293	38.848432	
296	-71.478017	52.213624	
297	-71.771464	45.535549	
298	-73.559242	39.421806	
299	-71.817708	46.943508	
300	-71.944659	45.388347	
301	-71.669145	46.297003	
302	-71.356381	44.598051	
303	-69.511208	31.994581	
304	-72.341993	35.782863	
305	-71.707966	44.829737	
306	-71.515470	46.644684	
307	-71.256607	42.050308	
308	-73.709136	35.141769	
309	-70.844038	42.555230	
310	-73.313765	32.592120	
311	-71.901921	48.546148	
312	-71.579571	46.161097	
313	-73.531008	32.368956	
314	-71.739491	43.827677	
315	-73.923458	33.785318	
316	-76.422654	39.202763	
317	-76.686779	36.794491	
318	-77.555355	35.984834	
319	-77.284453	36.238564	
320	-78.078899	34.464373	
321	-77.528230	36.705228	
322	-78.145553	36.230339	
323	-78.719207	35.748646	
324	-77.725861	33.057103	
325	-78.369326	36.072729	
326	-79.009956	39.278941	
327	-78.021522	36.951432	
328	-76.611968	31.182231	
329	-79.454254	37.881118	
330	-79.184142	36.553794	
331	-79.652585	42.272119	
332	-77.762784	34.656706	
333	-79.327830	40.605434	
334	-78.895403	33.331764	
335	-78.383316	35.639064	
336	-80.939581	44.491138	
337	-78.386255	38.539197	
338	-80.153319	41.798668	
339	-78.047406	56.013420	
340	-79.545123	44.184169	
341	-80.086245	45.600257	
342	-81.367654	51.661048	
343	-80.742895	47.426404	
344	-80.906645	47.361508	
345	-80.656152	46.493633	
346	-81.319064	51.316192	
347	-80.989782	49.626661	
348	-82.046363	52.515689	
349	-81.836103	51.686476	
350	-81.415013	53.431722	
351	-82.152965	52.301139	
352	-81.993984	50.615678	
353	-83.929833	60.115190	
354	-81.091198	61.263519	
355	-81.383776	60.949584	
356	-81.769687	65.503938	
357	-81.211990	65.505221	
358	-85.627745	61.629497	
359	-84.434357	57.666596	
360	-83.052829	68.933228	
361	-84.836532	62.064538	
362	-85.607099	65.851487	
363	-85.450145	66.346371	
364	-85.092974	65.214320	
365	-83.011215	74.575212	
366	-85.800779	77.936282	
367	-87.219954	74.990161	
368	-86.504965	71.275125	
369	-86.552834	72.083922	
370	-86.746165	71.602496	
371	-87.386081	81.084067	
372	-88.148323	84.470794	
373	-88.002289	77.053354	
374	-87.557677	73.030749	
375	-87.988604	73.312619	
376	-88.428019	77.077291	
377	-89.457522	86.429416	
378	-89.853626	88.643306	
379	-88.659445	85.144775	
380	-88.878446	85.187766	
381	-88.549953	85.010535	
382	-88.553403	83.365192	
383	-88.651877	84.230687	
384	-89.378432	87.580526	
385	-91.164393	94.049820	
386	-92.241955	99.796409	
387	-91.277426	95.124141	
388	-92.544194	98.541981	
389	-90.899848	93.882236	
390	-92.927113	100.589484	
391	-93.931075	102.837792	
392	-91.683579	105.537892	
393	-92.181098	110.267415	
394	-91.590952	96.281859	
395	-92.704767	117.827458	
396	-92.134186	102.521304	
397	-93.763203	122.721157	
398	-92.806010	115.347869	
399	-94.268913	133.713903	
400	-93.166115	120.473015	
401	-95.331597	135.591184	
402	-94.889009	128.839633	
403	-95.312671	134.102074	
404	-94.682004	132.504461	
405	-95.553025	139.109108	
406	-95.711265	137.350636	
407	-96.121964	138.492960	
408	-95.765589	139.650146	
409	-96.182560	143.886176	
410	-97.410230	146.541486	
411	-96.074923	141.195457	
412	-94.771187	133.152948	
413	-96.353274	143.284253	
414	-96.344604	139.201911	
415	-96.081346	137.034399	
416	-96.870761	143.256831	
417	-96.105825	128.243148	
418	-97.239408	149.499150	
419	-96.872832	146.375971	
420	-97.197005	150.588006	
421	-97.015818	147.295817	
422	-97.011264	133.616670	
423	-97.107015	135.854776	
424	-96.967788	143.528903	
425	-97.331688	150.158735	
426	-97.144400	150.191237	
427	-97.338813	149.300369	
428	-97.424125	146.897814	
429	-97.124880	134.992192	
430	-97.751911	144.688618	
431	-97.924696	155.182634	
432	-97.950953	151.131654	
433	-98.512092	154.597384	
434	-98.445846	152.183514	
435	-98.679623	151.337795	
436	-98.498206	151.796047	
437	-98.983785	156.662154	
438	-98.761856	155.396988	
439	-98.991088	156.913023	
440	-99.063105	158.103465	
441	-99.460611	155.964624	
442	-99.472856	158.180288	
443	-99.928338	156.647940	
444	-99.742689	155.875968	
445	-100.249579	159.944936	
446	-100.383242	158.063911	
447	-100.486246	162.782263	
448	-100.735185	164.123756	
449	-100.836865	161.415452	
450	-100.930523	160.997988	
451	-101.486505	160.534496	
452	-101.837344	159.904741	
453	-101.673004	163.460559	
454	-102.276483	165.023306	
455	-101.844889	166.431953	
456	-102.721053	163.694635	
457	-103.086471	161.586318	
458	-103.022084	163.737271	
459	-103.880988	165.390605	
460	-104.081648	168.433357	
461	-103.710249	166.477262	
462	-104.546472	168.577587	
463	-104.317197	168.553052	
464	-104.515032	166.347680	
465	-104.994079	166.795962	
466	-105.408387	170.539598	
467	-105.854465	173.294910	
468	-106.177219	171.657353	
469	-105.864341	170.128522	
470	-106.379682	172.294365	
471	-106.417295	169.578748	
472	-106.600757	172.772410	
473	-106.902109	173.445578	
474	-106.713121	172.938389	
475	-106.429860	176.347051	
476	-106.316070	175.261033	
477	-106.121840	174.450849	
478	-106.418871	173.615121	
479	-106.794692	178.298786	
480	-106.784056	175.352300	
481	-106.827413	176.926760	
482	-107.168507	178.127687	
483	-107.645841	177.144321	
484	-106.941104	178.084818	
485	-107.420551	177.310218	
486	-107.788887	176.320753	
487	-108.005695	176.443954	
488	-107.805219	175.519785	
489	-107.994561	176.600527	
490	-108.124725	177.419030	
491	-109.430050	177.876253	
492	-106.984094	175.683823	
493	-108.504024	176.433172	
494	-108.682576	178.278544	
495	-108.641236	179.017867	
496	-108.356208	178.806569	
497	-108.736463	176.830369	
498	-109.080962	177.568296	
499	-109.565212	177.157018	
500	-109.631105	176.209843	
501	-109.382671	176.048095	
502	-109.528979	174.738519	
503	-108.624405	175.902532	
504	-109.715579	174.989962	
505	-108.794558	174.130768	
506	-108.788916	171.122584	
507	-108.699644	172.146635	
508	-107.380666	168.869774	
509	-109.103406	171.822551	
510	-108.209298	170.485858	
511	-107.741660	170.587051	
512	-107.263149	169.923890	
513	-107.188120	168.440860	
514	-106.342636	168.157583	
515	-106.568566	167.636518	
516	-106.845546	168.037414	
517	-104.265403	162.862413	
518	-106.195188	167.151699	
519	-106.326490	164.921324	
520	-105.621357	163.478195	
521	-104.504999	162.103142	
522	-104.364047	161.860553	
523	-103.693557	161.912264	
524	-102.981020	161.737797	
525	-101.900634	156.627413	
526	-102.347678	156.019862	
527	-102.378113	154.349412	
528	-101.680758	150.972902	
529	-101.156221	147.405750	
530	-101.422767	147.025519	
531	-100.889465	147.163665	
532	-100.734869	142.172403	
533	-100.137050	140.821164	
534	-99.916874	140.250787	
535	-99.328167	136.799195	
536	-98.852413	135.248856	
537	-98.452603	133.389360	
538	-97.948001	132.850610	
539	-97.100587	131.933887	
540	-96.410030	129.430627	
541	-95.625374	127.908374	
542	-95.009445	124.183283	
543	-94.292038	123.592140	
544	-93.671870	119.420266	
545	-92.914930	116.337328	
546	-91.699101	105.815544	
547	-90.982202	100.440821	
548	-90.943882	100.025468	
549	-90.104087	91.086266	
550	-89.464015	84.555128	
551	-89.809781	88.137628	
552	-89.262010	82.965659	
553	-88.752288	78.627656	
554	-88.873313	80.684578	
555	-88.286270	76.621240	
556	-87.553069	72.114717	
557	-86.985056	69.994216	
558	-85.314528	60.830488	
559	-86.638128	68.867279	
560	-86.273790	67.196099	
561	-85.713475	65.348388	
562	-85.232078	62.160961	
563	-85.130969	61.084096	
564	-84.865515	60.769207	
565	-84.108129	56.729184	
566	-83.640211	55.208029	
567	-83.812882	53.981225	
568	-83.746305	56.139717	
569	-83.173806	52.101553	
570	-82.377850	49.368084	
571	-82.506588	45.714473	
572	-82.259686	44.773401	
573	-81.922200	39.609822	
574	-82.118634	36.979250	
575	-81.592688	43.581167	
576	-81.501015	39.511737	
577	-81.283122	41.970272	
578	-81.246432	43.490874	
579	-81.342935	44.963788	
580	-80.043952	38.221883	
581	-80.270084	39.205627	
582	-80.183018	33.167737	
583	-79.653206	36.650510	
584	-79.378113	35.011130	
585	-79.586716	34.486853	
586	-79.619990	32.339588	
587	-79.051993	35.009427	
588	-78.907646	34.034108	
589	-79.117246	34.612055	
590	-78.796179	34.047961	
591	-78.607231	34.295107	
592	-78.325155	36.635084	
593	-78.615160	31.690290	
594	-77.995663	33.281044	
595	-77.817338	34.529655	
596	-77.935637	35.147719	
597	-77.896659	34.198135	
598	-77.367164	33.734562	
599	-77.753665	34.511860	
600	-77.953230	33.294629	
601	-77.812175	31.558615	
602	-77.773656	32.573632	
603	-77.756235	32.200524	
604	-77.327772	29.051263	
605	-77.673931	35.031730	
606	-77.835291	36.050436	
607	-78.381085	40.613133	
608	-78.443787	39.200390	
609	-78.135861	34.468716	
610	-78.112220	33.856649	
611	-78.221110	35.950064	
612	-78.566326	36.198218	
613	-78.225304	38.215529	
614	-78.367866	37.628494	
615	-78.135913	37.752445	
616	-78.248339	38.975215	
617	-77.963467	38.838066	
618	-78.291081	40.433188	
619	-77.947714	39.261728	
620	-77.677876	38.540028	
621	-77.522628	39.009282	
622	-77.352537	37.656367	
623	-77.434939	38.183921	
624	-77.426813	38.579440	
625	-76.962866	37.355025	
626	-77.121534	37.413609	
627	-77.157990	37.240649	
628	-77.119191	35.714173	
629	-76.662892	36.272548	
630	-76.726158	35.723456	
631	-76.522398	36.299578	
632	-76.490836	34.814989	
633	-76.233284	35.855391	
634	-75.910363	36.695599	
635	-75.541164	36.106848	
636	-75.924303	36.391194	
637	-75.922341	36.412118	
638	-75.417932	34.988283	
639	-75.097384	33.219072	
640	-74.830401	33.783796	
641	-74.785734	32.019680	
642	-74.475284	31.693798	
643	-74.327348	31.989506	
644	-73.896722	29.247441	
645	-73.786000	29.783785	
646	-73.669810	28.690256	
647	-73.378848	29.063881	
648	-73.947680	28.683101	
649	-73.823483	28.169101	
650	-73.907219	27.227440	
651	-73.538715	28.556765	
652	-74.049820	27.747372	
653	-74.110151	28.217665	
654	-74.171306	27.877520	
655	-74.241805	28.144752	
656	-74.570459	28.088133	
657	-74.795880	28.379014	
658	-74.984671	28.821710	
659	-75.246735	30.124324	
660	-75.834538	31.161585	
661	-76.408903	32.545919	
662	-76.903058	33.353268	
663	-77.283325	33.799227	
664	-77.813373	35.728324	
665	-77.424082	31.694591	
666	-78.405014	37.988633	
667	-78.747407	36.110561	
668	-79.573875	36.931744	
669	-79.553804	38.009001	
670	-80.061230	40.630187	
671	-80.105651	37.107151	
672	-81.325073	40.206325	
673	-81.226749	40.715130	
674	-81.365396	44.913451	
675	-81.806733	47.816787	
676	-81.626420	46.918783	
677	-81.881983	48.146127	
678	-82.162824	48.425464	
679	-82.332520	46.920050	
680	-82.251803	49.255726	
681	-82.157408	48.354921	
682	-82.274874	48.094103	
683	-81.721738	47.094620	
684	-81.951956	45.287688	
685	-82.635686	48.498265	
686	-82.722313	49.728811	
687	-83.093656	53.058610	
688	-83.917973	55.031086	
689	-84.161630	57.069344	
690	-83.868498	55.780471	
691	-84.316921	57.556794	
692	-84.122506	57.353003	
693	-84.745720	61.531025	
694	-85.202750	63.010295	
695	-85.529533	65.803124	
696	-86.163498	69.119651	
697	-86.933682	72.438695	
698	-87.266784	73.600970	
699	-87.464112	76.351226	
700	-88.042784	78.276562	
701	-88.713224	82.231328	
702	-89.286008	85.515368	
703	-89.469014	86.540801	
704	-89.498473	86.635454	
705	-89.880486	89.157437	
706	-90.157813	91.227384	
707	-90.500647	94.639053	
708	-90.901516	99.144667	
709	-90.519228	95.366049	
710	-91.355302	104.718614	
711	-90.980993	100.089110	
712	-91.307367	104.640368	
713	-91.992774	115.039265	
714	-92.920249	129.844965	
715	-92.892971	122.600409	
716	-92.712039	124.670551	
717	-92.910356	127.839304	
718	-93.209978	131.984965	
719	-93.263232	131.822214	
720	-93.977778	135.195786	
721	-93.774353	138.241491	
722	-94.376302	141.902518	
723	-94.435544	145.148164	
724	-94.279537	142.898609	
725	-94.833870	147.346496	
726	-94.973316	149.550343	
727	-95.015868	147.741613	
728	-95.015336	147.546219	
729	-95.189377	147.934266	
730	-94.729487	142.468091	
731	-94.875027	144.720549	
732	-94.782443	142.720390	
733	-94.942482	145.205490	
734	-95.078626	145.303921	
735	-95.558513	148.369222	
736	-95.914765	148.626183	
737	-95.544073	147.603908	
738	-95.672012	149.947480	
739	-96.012828	150.170502	
740	-96.118267	148.933061	
741	-96.639270	150.801322	
742	-96.523557	152.653632	
743	-96.982785	152.779501	
744	-96.784176	151.324871	
745	-97.318607	156.983059	
746	-97.188302	155.058136	
747	-97.629951	157.280530	
748	-97.403222	154.053517	
749	-97.818261	156.366760	
750	-98.228069	159.703969	
751	-98.418511	158.101971	
752	-98.105021	159.974962	
753	-98.514840	161.264308	
754	-98.918668	164.690014	
755	-99.175156	162.559398	
756	-99.262763	162.613806	
757	-99.555087	164.380914	
758	-99.891362	165.643836	
759	-99.976758	167.262046	
760	-100.131913	168.940335	
761	-100.226637	167.692168	
762	-100.272018	169.372793	
763	-100.315441	168.844647	
764	-100.745597	172.287861	
765	-100.988237	172.476837	
766	-101.123214	169.527003	
767	-101.104533	171.400334	
768	-101.349666	170.680760	
769	-101.573369	171.301851	
770	-101.518316	169.715966	
771	-101.971365	171.898987	
772	-102.220979	171.722918	
773	-102.345840	172.061610	
774	-102.853759	172.647815	
775	-102.992127	172.687092	
776	-103.418807	172.932189	
777	-103.536994	174.713140	
778	-103.673322	172.990431	
779	-104.152952	173.513421	
780	-104.647583	174.332883	
781	-104.498205	173.085989	
782	-104.707122	174.094196	
783	-105.236743	173.233230	
784	-105.589457	173.760844	
785	-105.780722	173.085519	
786	-105.953637	174.109987	
787	-106.295825	173.649124	
788	-106.821917	173.876114	
789	-106.827962	174.336408	
790	-107.035968	174.308370	
791	-107.020594	175.505560	
792	-107.681636	174.901416	
793	-107.729066	176.382367	
794	-107.841451	175.621418	
795	-107.961424	174.745078	
796	-108.023902	176.342669	
797	-108.358065	175.669184	
798	-108.384278	175.896470	
799	-108.365806	177.419358	
800	-108.393783	176.192359	
801	-108.414398	178.772223	
802	-108.687029	-179.299177	
803	-108.818627	178.757305	
804	-108.964517	178.643911	
805	-109.424211	179.378447	
806	-109.445338	179.171481	
807	-109.470421	179.865009	
808	-109.317739	-179.665197	
809	-109.574254	179.980650	
810	-109.534411	-178.987868	
811	-109.563651	-179.315975	
812	-109.786119	-178.701674	
813	-109.835715	-178.272679	
814	-110.438909	-178.712654	
815	-110.736475	-178.684224	
816	-110.636589	179.820873	
817	-110.472722	-179.996248	
818	-110.599017	-179.896720	
819	-110.501686	-177.145388	
820	-111.074728	-178.518354	
821	-110.651548	-178.137935	
822	-110.921856	179.797334	
823	-110.766106	-179.693039	
824	-110.915721	-179.277882	
825	-110.673107	-178.486020	
826	-110.584696	-179.738608	
827	-110.504094	179.323349	
828	-110.252936	179.119051	
829	-109.568430	-179.810276	
830	-108.901866	179.870447	
831	-108.991476	176.351311	
832	-108.543941	175.020399	
833	-108.152366	175.478516	
834	-107.820489	171.526955	
835	-107.233982	174.361492	
836	-106.860815	174.913233	
837	-106.354766	172.956973	
838	-105.863745	172.534872	
839	-104.801283	172.320534	
840	-104.899906	172.152570	
841	-105.117500	172.301817	
842	-104.811093	171.137654	
843	-104.515588	171.095737	
844	-104.171730	169.048906	
845	-104.035565	164.943958	
846	-103.290079	163.553204	
847	-102.982088	159.708087	
848	-102.030750	157.211675	
849	-101.320398	153.912553	
850	-101.098174	154.196770	
851	-100.823088	147.043879	
852	-100.249000	148.669552	
853	-99.492262	143.403348	
854	-98.998747	142.110164	
855	-98.606783	138.294926	
856	-97.843999	136.501170	
857	-98.360331	138.359574	
858	-97.375168	133.988336	
859	-96.507061	129.833020	
860	-96.266045	129.340991	
861	-95.024221	125.354030	
862	-94.941776	128.007943	
863	-93.642789	120.839751	
864	-92.778583	121.226353	
865	-92.021074	112.615356	
866	-91.052831	102.439460	
867	-90.572513	97.628116	
868	-89.986415	89.809074	
869	-89.483867	83.582719	
870	-89.299325	79.951729	
871	-88.851268	73.102264	
872	-87.993503	67.566232	
873	-87.948693	66.845210	
874	-87.618385	66.598281	
875	-87.465606	66.808135	
876	-87.634146	70.467219	
877	-86.485205	62.471831	
878	-86.311576	63.544157	
879	-86.153045	64.721735	
880	-85.638131	62.276543	
881	-85.619782	64.022545	
882	-85.051362	62.339573	
883	-84.470782	59.780837	
884	-83.803373	56.623153	
885	-83.931058	58.376046	
886	-83.952382	60.171545	
887	-83.134232	55.089436	
888	-82.805107	54.138128	
889	-82.105887	51.116423	
890	-81.938533	50.356114	
891	-82.334231	53.203877	
892	-81.578901	46.307559	
893	-81.127843	47.551383	
894	-80.822408	44.094248	
895	-80.074730	39.805872	
896	-79.965500	39.033782	
897	-79.527947	36.214437	
898	-80.346095	38.751025	
899	-79.092021	33.141508	
900	-79.029041	32.374444	
901	-79.160730	33.271405	
902	-78.781474	28.179329	
903	-78.467339	32.385065	
904	-78.828963	32.669751	
905	-78.091618	29.656897	
906	-78.501240	29.796205	
907	-78.145955	28.887451	
908	-78.190289	25.785962	
909	-77.816651	25.105793	
910	-78.123456	24.268390	
911	-78.521194	30.745029	
912	-78.069415	30.273821	
913	-77.537520	29.187765	
914	-77.899737	32.370001	
915	-77.256687	29.679458	
916	-77.289336	28.215821	
917	-76.882808	28.597791	
918	-77.177734	31.481650	
919	-77.711108	32.766773	
920	-76.672134	30.153019	
921	-77.025237	31.498612	
922	-76.713705	31.507207	
923	-76.696553	32.497297	
924	-75.995935	29.576043	
925	-76.539480	31.492222	
926	-77.051399	33.073370	
927	-76.648146	33.600160	
928	-76.457730	33.236842	
929	-75.960203	30.475670	
930	-76.606200	30.658828	
931	-75.942257	28.536431	
932	-76.024817	28.959810	
933	-76.110193	28.229095	
934	-76.279906	28.258813	
935	-76.378759	28.251377	
936	-76.176303	28.496891	
937	-76.337201	28.896512	
938	-76.194058	27.242091	
939	-76.161648	26.227014	
940	-76.454371	27.078473	
941	-76.344932	27.114065	
942	-76.214054	25.938684	
943	-75.871853	27.939153	
944	-76.331112	27.745965	
945	-76.077025	30.415986	
946	-76.141329	27.712694	
947	-76.596833	31.707293	
948	-76.080017	27.452574	
949	-76.526035	28.056800	
950	-76.185239	26.743276	
951	-76.416064	31.031350	
952	-75.968055	30.270779	
953	-75.726425	31.507246	
954	-75.010730	28.748957	
955	-75.811031	31.270116	
956	-75.410695	30.363631	
957	-74.220404	27.923462	
958	-74.136924	27.559758	
959	-75.374237	28.978950	
960	-75.158093	30.238350	
961	-73.380164	25.440710	
962	-73.679467	26.349285	
963	-73.369073	25.575403	
964	-73.343758	24.445475	
965	-73.081366	22.558999	
966	-73.229242	21.869122	
967	-72.570027	22.185829	
968	-73.528804	24.310755	
969	-73.206995	23.047182	
970	-72.864090	22.626759	
971	-73.473922	22.633771	
972	-73.335001	22.306485	
973	-73.562114	22.344607	
974	-73.768344	23.390681	
975	-73.701403	23.432190	
976	-74.576038	25.023933	
977	-73.753212	22.719673	
978	-73.825463	21.925384	
979	-74.681423	23.373314	
980	-74.098472	21.682430	
981	-74.635163	23.306916	
982	-75.326576	23.766868	
983	-75.331349	23.027983	
984	-75.585862	28.244266	
985	-76.706431	28.718546	
986	-77.044284	30.740385	
987	-77.156530	29.960502	
988	-78.141278	31.876990	
989	-78.353891	32.155211	
990	-78.552599	32.626932	
991	-78.649363	32.477570	
992	-79.239257	34.467284	
993	-78.767109	33.287577	
994	-78.734801	31.383590	
995	-78.832178	33.716080	
996	-79.309152	36.674573	
997	-79.634921	37.980951	
998	-79.777925	37.638993	
999	-80.367027	39.892750	
1000	-80.072228	39.370008	
1001	-80.498125	39.866849	
1002	-81.291450	43.069735	
1003	-81.253768	46.923318	
1004	-81.431251	43.300801	
1005	-81.731650	43.863118	
1006	-81.375296	44.391499	
1007	-81.178227	43.559302	
1008	-82.106811	47.740899	
1009	-82.192578	47.079990	
1010	-82.686321	49.058394	
1011	-82.604407	54.586848	
1012	-82.820690	54.375236	
1013	-82.359890	54.595437	
1014	-84.133194	57.968032	
1015	-84.115313	57.496866	
1016	-84.349920	58.492852	
1017	-84.651029	62.792362	
1018	-85.715315	65.229706	
1019	-85.527496	66.903158	
1020	-86.486233	68.971040	
1021	-87.370035	74.203678	
1022	-88.890808	83.048549	
1023	-87.864618	76.846353	
1024	-88.691899	81.859900	
1025	-88.709474	81.161604	
1026	-89.974486	89.814764	
1027	-89.499918	86.197450	
1028	-89.773781	88.274167	
1029	-90.329806	92.681189	
1030	-91.399360	101.855176	
1031	-91.181462	99.136129	
1032	-91.124733	99.075114	
1033	-91.267986	101.677196	
1034	-91.989590	108.311055	
1035	-92.798004	114.934230	
1036	-91.311724	102.447455	
1037	-92.309094	119.179844	
1038	-93.044505	120.756215	
1039	-92.686623	118.282423	
1040	-93.221003	122.641228	
1041	-94.694505	134.376759	
1042	-93.167036	123.139592	
1043	-94.390996	134.125803	
1044	-94.611348	130.413410	
1045	-94.234507	132.050955	
1046	-94.515040	133.696098	
1047	-95.494192	136.067931	
1048	-95.059317	137.150527	
1049	-95.344445	141.813174	
1050	-95.551033	139.048723	
1051	-96.569339	143.709927	
1052	-95.865824	140.504491	
1053	-96.166183	142.901613	
1054	-96.094584	144.864335	
1055	-95.474947	137.802795	
1056	-96.400029	141.490990	
1057	-95.927620	143.092539	
1058	-95.780695	138.270595	
1059	-96.084207	140.878502	
1060	-96.421471	143.467247	
1061	-95.835873	136.181964	
1062	-97.447872	143.940673	
1063	-96.920849	144.036725	
1064	-96.235698	140.779723	
1065	-97.137269	138.936984	
1066	-97.690877	140.898053	
1067	-96.655805	142.921096	
1068	-96.860401	-171.832912	
1069	-96.980361	154.187968	
1070	-98.779558	141.760268	
1071	-97.524187	146.312089	
1072	-98.481772	164.431264	
1073	-97.846699	152.888430	
1074	-98.218311	136.026225	
1075	-97.912455	152.789761	
1076	-97.860562	162.046507	
1077	-97.154381	161.982748	
1078	NaN	NaN	
1079	NaN	NaN	
1080	NaN	NaN	
1081	NaN	NaN	
1082	-97.907585	149.235476	
1083	-99.567081	162.182994	
1084	-98.918057	166.629986	
1085	-98.337685	163.993019	
1086	-99.126564	166.116856	
1087	-99.301943	161.229364	
1088	-98.368140	161.271105	
1089	-100.167885	155.560705	
1090	-98.378751	144.578519	
1091	-97.950216	160.472088	
1092	-99.928647	162.757333	
1093	-98.477007	164.320310	
1094	-99.782931	154.704930	
1095	-100.807220	159.771552	
1096	-100.544362	161.477467	
1097	-100.120498	156.486752	
1098	-99.940862	161.853534	
1099	-100.214192	163.167096	
1100	-100.613301	162.129269	
1101	-101.642854	165.914128	
1102	-101.659201	164.745864	
1103	-102.489668	167.850155	
1104	-99.854683	166.705639	
1105	-102.987848	166.062410	
1106	-100.467400	167.294479	
1107	-102.568240	167.520229	
1108	-102.392419	168.247223	
1109	-101.887764	171.315439	
1110	-104.814337	168.916180	
1111	-104.861284	167.045152	
1112	-104.902660	171.078017	
1113	-104.119959	169.976269	
1114	-102.928359	169.867634	
1115	-103.975987	172.520138	
1116	-103.939801	171.563778	
1117	-106.446998	172.211224	
1118	-105.475336	173.653775	
1119	-104.622949	170.602804	
1120	-107.159631	172.965274	
1121	-103.544894	172.800936	
1122	-105.305328	174.465215	
1123	-106.874539	173.483191	
1124	-105.628915	176.709312	
1125	-107.591434	176.986270	
1126	-106.213070	177.859401	
1127	-106.245365	179.157812	
1128	-106.452382	179.720984	
1129	-104.176910	-179.389502	
1130	-108.907747	-179.561365	
1131	-105.167644	-177.759609	
1132	-108.331181	177.986387	
1133	-111.055141	174.426584	
1134	-108.789836	172.779335	
1135	-108.456530	177.419647	
1136	-106.244585	-178.356406	
1137	-104.217930	-176.049426	
1138	-108.794770	178.816871	
1139	-108.545067	-177.339271	
1140	-108.879185	179.920744	
1141	-107.768049	-177.919527	
1142	-108.511882	-177.475332	
1143	-107.825207	-177.719370	
1144	-106.213325	-173.885702	
1145	-110.485575	-174.574999	
1146	-108.528866	-177.468006	
1147	-109.164944	-179.611576	
1148	-110.381558	-179.584149	
1149	-109.196016	-178.128517	
1150	-109.639606	-176.997452	
1151	-109.715682	-177.914950	
1152	-109.911050	-178.028988	
1153	-109.457903	178.838564	
1154	-110.145147	175.808826	
1155	-109.563139	178.077916	
1156	-108.899529	176.265161	
1157	-111.741209	171.541739	
1158	-109.515006	-179.213999	
1159	-108.129020	177.342783	
1160	-107.343798	175.247584	
1161	-107.353321	174.372247	
1162	-107.198185	175.914921	
1163	-106.719638	173.985566	
1164	-106.795210	172.998361	
1165	-106.643597	172.247405	
1166	-106.412515	172.368828	
1167	-108.532789	177.641222	
1168	-105.878201	173.753177	
1169	-107.238237	171.954723	
1170	-108.304810	165.204601	
1171	-105.076930	171.198481	
1172	-107.713386	174.154116	
1173	-103.824759	170.519421	
1174	-103.623058	171.697226	
1175	-102.390692	164.666360	
1176	-102.511946	166.243442	
1177	-104.415390	169.482453	
1178	-101.652138	156.971732	
1179	-101.667085	157.776028	
1180	-102.315937	157.706664	
1181	-101.712906	154.153514	
1182	-101.198647	152.252516	
1183	-100.442590	150.599957	
1184	-102.035712	145.419715	
1185	-100.278500	143.269109	
1186	-102.279049	149.603391	
1187	-99.114695	140.827864	
1188	-98.215379	138.076084	
1189	-97.873212	144.609915	
1190	-97.430931	139.703488	
1191	-96.777561	135.517139	
1192	-94.462399	123.921818	
1193	-94.318717	127.208687	
1194	-97.441736	139.195704	
1195	-96.684992	143.080051	
1196	-92.456732	122.249607	
1197	-91.877324	119.201531	
1198	-91.644706	115.911664	
1199	-90.408931	98.737517	
1200	-90.620533	135.762127	
1201	-87.098046	45.967482	
1202	-89.840252	86.531873	
1203	-89.455741	79.310559	
1204	-90.203074	93.657368	
1205	-88.965661	73.026165	
1206	-88.400074	68.321169	
1207	-87.752509	64.087738	
1208	-85.015342	42.179929	
1209	-85.461779	41.714845	
1210	-85.818061	58.505079	
1211	NaN	NaN	
1212	-83.712953	21.820621	
1213	-86.995959	77.069725	
1214	NaN	NaN	
1215	NaN	NaN	
1216	NaN	NaN	
1217	NaN	NaN	
1218	NaN	NaN	
1219	NaN	NaN	
1220	NaN	NaN	
1221	NaN	NaN	
1222	NaN	NaN	
1223	NaN	NaN	
1224	NaN	NaN	
1225	NaN	NaN	
1226	NaN	NaN	
1227	NaN	NaN	
1228	NaN	NaN	
1229	NaN	NaN	
1230	NaN	NaN	
1231	NaN	NaN	
1232	NaN	NaN	
1233	NaN	NaN	
1234	NaN	NaN	
1235	NaN	NaN	
1236	NaN	NaN	
1237	NaN	NaN	
1238	NaN	NaN	
1239	NaN	NaN	
1240	NaN	NaN	
1241	NaN	NaN	
1242	NaN	NaN	
1243	NaN	NaN	
1244	NaN	NaN	
1245	NaN	NaN	
1246	NaN	NaN	
1247	NaN	NaN	
1248	NaN	NaN	
1249	NaN	NaN	
1250	NaN	NaN	
1251	NaN	NaN	
1252	NaN	NaN	
1253	NaN	NaN	
1254	NaN	NaN	
1255	NaN	NaN	
1256	NaN	NaN	
1257	NaN	NaN	
1258	NaN	NaN	
1259	NaN	NaN	
1260	NaN	NaN	
1261	NaN	NaN	
1262	NaN	NaN	
1263	NaN	NaN	
1264	NaN	NaN	
1265	NaN	NaN	
1266	NaN	NaN	
1267	NaN	NaN	
1268	NaN	NaN	
1269	NaN	NaN	
1270	NaN	NaN	
1271	NaN	NaN	
1272	NaN	NaN	
1273	NaN	NaN	
1274	NaN	NaN	
1275	NaN	NaN	
1276	NaN	NaN	
1277	NaN	NaN	
1278	NaN	NaN	
1279	NaN	NaN	
1280	NaN	NaN	
1281	NaN	NaN	
1282	NaN	NaN	
1283	NaN	NaN	
1284	NaN	NaN	
1285	NaN	NaN	
1286	NaN	NaN	
1287	NaN	NaN	
1288	NaN	NaN	
1289	NaN	NaN	
1290	NaN	NaN	
1291	NaN	NaN	
1292	NaN	NaN	
1293	NaN	NaN	
1294	NaN	NaN	
1295	NaN	NaN	
1296	NaN	NaN	
1297	NaN	NaN	
1298	NaN	NaN	
1299	NaN	NaN	
1300	NaN	NaN	
1301	NaN	NaN	
1302	NaN	NaN	
1303	NaN	NaN	
1304	NaN	NaN	
1305	NaN	NaN	
1306	NaN	NaN	
1307	NaN	NaN	
1308	NaN	NaN	
1309	NaN	NaN	
1310	NaN	NaN	
1311	NaN	NaN	
1312	NaN	NaN	
1313	NaN	NaN	
1314	NaN	NaN	
1315	NaN	NaN	
1316	NaN	NaN	
1317	NaN	NaN	
1318	NaN	NaN	
1319	NaN	NaN	
1320	NaN	NaN	
1321	NaN	NaN	
1322	NaN	NaN	
1323	NaN	NaN	
1324	NaN	NaN	
1325	NaN	NaN	
1326	NaN	NaN	
1327	NaN	NaN	
1328	NaN	NaN	
1329	NaN	NaN	
1330	NaN	NaN	
1331	NaN	NaN	
1332	NaN	NaN	
1333	NaN	NaN	
1334	NaN	NaN	
1335	NaN	NaN	
1336	NaN	NaN	
1337	NaN	NaN	
1338	NaN	NaN	
1339	NaN	NaN	
1340	NaN	NaN	
1341	NaN	NaN	
1342	NaN	NaN	
1343	NaN	NaN	
1344	NaN	NaN	
1345	NaN	NaN	
1346	NaN	NaN	
1347	NaN	NaN	
1348	NaN	NaN	
1349	NaN	NaN	
1350	NaN	NaN	
1351	NaN	NaN	
1352	NaN	NaN	
1353	NaN	NaN	
1354	NaN	NaN	
1355	NaN	NaN	
1356	NaN	NaN	
1357	NaN	NaN	
1358	NaN	NaN	
1359	NaN	NaN	
1360	NaN	NaN	
1361	NaN	NaN	
1362	NaN	NaN	
1363	NaN	NaN	
1364	NaN	NaN	
1365	NaN	NaN	
1366	NaN	NaN	
1367	NaN	NaN	
1368	NaN	NaN	
1369	NaN	NaN	
1370	NaN	NaN	
1371	NaN	NaN	
1372	NaN	NaN	
1373	NaN	NaN	
1374	NaN	NaN	
1375	NaN	NaN	
1376	NaN	NaN	
1377	NaN	NaN	
1378	NaN	NaN	
1379	NaN	NaN	
1380	NaN	NaN	
1381	NaN	NaN	
1382	NaN	NaN	
1383	NaN	NaN	
1384	NaN	NaN	
1385	NaN	NaN	
1386	NaN	NaN	
1387	NaN	NaN	
1388	NaN	NaN	
1389	NaN	NaN	
1390	NaN	NaN	
1391	NaN	NaN	
1392	NaN	NaN	
1393	NaN	NaN	
1394	NaN	NaN	
1395	NaN	NaN	
1396	NaN	NaN	
1397	NaN	NaN	
1398	NaN	NaN	
1399	NaN	NaN	
1400	NaN	NaN	
1401	NaN	NaN	
1402	NaN	NaN	
1403	NaN	NaN	
1404	NaN	NaN	
1405	NaN	NaN	
1406	NaN	NaN	
1407	NaN	NaN	
1408	NaN	NaN	
1409	NaN	NaN	
1410	NaN	NaN	
1411	NaN	NaN	
1412	NaN	NaN	
1413	NaN	NaN	
1414	NaN	NaN	
1415	NaN	NaN	
1416	NaN	NaN	
1417	NaN	NaN	
1418	NaN	NaN	
1419	NaN	NaN	
1420	NaN	NaN	
1421	NaN	NaN	
1422	NaN	NaN	
1423	NaN	NaN	
1424	NaN	NaN	
1425	NaN	NaN	
1426	NaN	NaN	
1427	NaN	NaN	
1428	NaN	NaN	
1429	NaN	NaN	
1430	NaN	NaN	
1431	NaN	NaN	
1432	NaN	NaN	
1433	NaN	NaN	
1434	NaN	NaN	
1435	NaN	NaN	
1436	NaN	NaN	
1437	NaN	NaN	
1438	NaN	NaN	
1439	NaN	NaN	
1440	NaN	NaN	
1441	NaN	NaN	
