Athlete_Engineering	// User ID
11-2-2021	// Evaluation date
P014_Walk2	30-1-2021	14:01:00:580	// Source file name and timestamp
250.000	// Sampling rate
6.450	// Data capture period



Sample #	Right_Leg_Flexion	Right_Leg_Abduction	
0	-96.619022	112.771873	
1	-96.547401	112.898601	
2	-96.540956	113.146681	
3	-96.634233	112.477931	
4	-96.788245	113.608573	
5	-96.821313	113.598269	
6	-96.543053	112.195633	
7	-96.707364	113.019917	
8	-96.396452	112.382770	
9	-96.539254	112.429618	
10	-95.668712	109.560143	
11	-96.376972	112.100436	
12	-95.662773	109.755079	
13	-96.176326	111.679096	
14	-96.098341	111.361366	
15	-95.433285	109.225615	
16	-95.622017	109.571969	
17	-95.964138	110.864171	
18	-96.326092	112.767579	
19	-96.250239	111.888181	
20	-96.315389	111.842890	
21	-96.269087	111.711399	
22	-96.230159	113.163009	
23	-96.034912	112.342083	
24	-96.011740	110.689596	
25	-95.908237	110.268736	
26	-95.835749	110.123005	
27	-95.881229	111.246971	
28	-95.792539	109.470495	
29	-95.535703	108.844050	
30	-95.486792	108.989747	
31	-95.675760	108.208001	
32	-95.587401	108.228497	
33	-95.405094	107.723588	
34	-95.606328	108.495745	
35	-95.563558	108.400944	
36	-95.544923	108.259672	
37	-95.611035	108.596502	
38	-95.619392	108.842953	
39	-95.680702	108.821786	
40	-95.671465	108.988497	
41	-95.713138	109.357269	
42	-95.715159	109.534556	
43	-95.881186	110.239606	
44	-95.962525	109.947081	
45	-95.929925	110.215048	
46	-95.960509	109.829459	
47	-95.915752	110.671601	
48	-96.014098	110.573019	
49	-95.948525	110.670575	
50	-95.836431	111.819337	
51	-95.834485	110.536997	
52	-95.833013	110.750865	
53	-95.797223	112.264620	
54	-95.803227	110.815572	
55	-95.913894	112.453642	
56	-95.817739	112.227172	
57	-95.775088	112.219826	
58	-95.851358	112.392305	
59	-95.731131	112.018139	
60	-95.505814	111.436603	
61	-95.469663	111.664137	
62	-95.384811	111.425647	
63	-95.397237	111.260932	
64	-96.072800	110.073997	
65	-95.379218	110.101944	
66	-95.464182	110.065114	
67	-95.433461	109.778749	
68	-96.376174	109.469794	
69	-95.341165	109.358444	
70	-96.291325	108.869534	
71	-96.329562	109.021889	
72	-96.049285	107.583205	
73	-96.004070	107.826993	
74	-95.901862	107.346704	
75	-95.792767	107.101740	
76	-95.919892	109.190642	
77	-95.953861	109.254328	
78	-95.921209	109.110778	
79	-95.800725	108.982718	
80	-95.809559	108.843486	
81	-95.684339	107.684093	
82	-95.334728	106.729357	
83	-95.583769	108.286879	
84	-95.511658	107.471424	
85	-95.533761	107.273370	
86	-95.396071	107.449621	
87	-95.397304	107.127365	
88	-95.450580	107.355863	
89	-95.665123	108.639197	
90	-95.256921	107.561767	
91	-94.835717	105.675831	
92	-94.768782	104.300476	
93	-94.324334	103.084445	
94	-94.561098	105.249083	
95	-94.425161	104.029475	
96	-94.602557	103.671066	
97	-91.339032	93.826459	
98	-91.890095	95.604050	
99	-91.778802	95.180947	
100	-92.533429	97.454334	
101	-92.007886	95.554495	
102	-94.492147	102.637841	
103	-94.201941	102.254904	
104	-94.494833	102.878142	
105	-94.064742	101.506066	
106	-95.025426	104.408821	
107	-94.523539	103.208974	
108	-95.006556	104.322681	
109	-94.873812	103.698905	
110	-94.665933	103.113285	
111	-94.768604	103.893516	
112	-94.772399	103.411504	
113	-94.781841	102.477762	
114	-94.895201	103.324182	
115	-94.706675	103.073367	
116	-94.385140	102.423213	
117	-92.475856	96.693712	
118	-92.609774	97.141819	
119	-92.299278	95.910953	
120	-92.527004	97.712125	
121	-94.449715	103.023317	
122	-94.551752	103.226350	
123	-92.062853	95.836659	
124	-92.253512	96.569322	
125	-92.631806	97.953164	
126	-92.450106	96.808976	
127	-92.432519	96.763255	
128	-92.225823	96.033564	
129	-94.622081	103.094055	
130	-94.316637	102.129780	
131	-93.907371	100.937853	
132	-92.065462	95.762391	
133	-92.174880	96.105658	
134	-91.996071	95.541806	
135	-92.081317	96.091237	
136	-91.033278	93.147719	
137	-91.949721	95.162311	
138	-91.594169	94.156322	
139	-91.523355	94.000769	
140	-94.057594	101.460510	
141	-93.952236	100.889458	
142	-93.325907	99.228156	
143	-91.694767	94.637845	
144	-91.559016	94.304501	
145	-91.381201	93.809334	
146	-91.480456	94.130347	
147	-91.588059	94.631718	
148	-91.552442	94.358412	
149	-91.563831	94.383656	
150	-91.576263	94.446243	
151	-91.398099	93.847370	
152	-91.123477	93.459407	
153	-91.456075	94.170235	
154	-93.272977	99.974755	
155	-91.482734	94.791557	
156	-92.877856	97.034431	
157	-92.735443	97.179710	
158	-92.764696	97.182350	
159	-91.912854	95.523573	
160	-91.024330	93.254453	
161	-89.487092	88.480129	
162	-89.869805	89.623415	
163	-89.746908	89.292043	
164	-91.713198	94.930356	
165	-90.887734	92.558787	
166	-88.800633	86.414056	
167	-90.166076	90.537998	
168	-88.620781	85.463497	
169	-90.671480	92.240899	
170	-89.645126	88.807146	
171	-89.667489	88.826067	
172	-89.592307	88.531314	
173	-91.031300	93.054746	
174	-90.868357	92.512886	
175	-90.279638	90.940241	
176	-90.612501	91.599057	
177	-88.282217	85.629477	
178	-88.352915	85.856823	
179	-88.107588	85.222373	
180	-89.441908	88.509191	
181	-87.913831	84.713505	
182	-87.023638	83.614009	
183	-86.403840	82.349370	
184	-86.962664	82.602120	
185	-87.408369	83.632657	
186	-86.582585	78.614365	
187	-86.364977	77.973160	
188	-85.885001	76.249277	
189	-86.375437	77.691830	
190	-85.590444	75.499888	
191	-85.536187	74.908110	
192	-85.381497	74.849184	
193	-85.252166	74.805592	
194	-85.058669	74.183478	
195	-84.829052	73.293871	
196	-85.360901	75.892748	
197	-85.780000	76.432434	
198	-83.706902	71.876695	
199	-83.868763	74.228017	
200	-83.465055	73.663361	
201	-82.933222	72.792941	
202	-82.824227	71.582088	
203	-82.294078	70.928277	
204	-82.091412	71.132540	
205	-81.378936	69.340949	
206	-80.871138	67.766847	
207	-80.518160	66.797956	
208	-80.021407	66.082686	
209	-80.009081	64.516162	
210	-79.390611	62.992838	
211	-81.690358	68.906862	
212	-81.243302	67.748361	
213	-80.308928	67.184480	
214	-80.010514	68.443255	
215	-79.881236	66.716582	
216	-79.522443	66.434586	
217	-79.078343	64.965064	
218	-78.782815	66.486960	
219	-77.968506	64.572731	
220	-77.947443	64.848104	
221	-77.619248	63.179703	
222	-77.435981	64.788767	
223	-74.421792	59.187244	
224	-76.310529	63.251290	
225	-75.343281	62.581210	
226	-75.130963	61.614933	
227	-75.512584	59.486401	
228	-75.654433	61.690433	
229	-74.888013	60.089650	
230	-74.530356	60.703894	
231	NaN	NaN	
232	NaN	NaN	
233	NaN	NaN	
234	NaN	NaN	
235	NaN	NaN	
236	NaN	NaN	
237	NaN	NaN	
238	NaN	NaN	
239	NaN	NaN	
240	NaN	NaN	
241	NaN	NaN	
242	NaN	NaN	
243	NaN	NaN	
244	NaN	NaN	
245	NaN	NaN	
246	NaN	NaN	
247	NaN	NaN	
248	NaN	NaN	
249	NaN	NaN	
250	NaN	NaN	
251	NaN	NaN	
252	NaN	NaN	
253	NaN	NaN	
254	NaN	NaN	
255	NaN	NaN	
256	NaN	NaN	
257	NaN	NaN	
258	NaN	NaN	
259	NaN	NaN	
260	NaN	NaN	
261	-68.853507	44.092754	
262	-70.253538	46.675185	
263	-69.327320	45.485623	
264	-69.185061	44.160633	
265	-69.994806	45.080068	
266	-68.801720	46.043276	
267	-70.287981	45.859699	
268	-67.345486	42.585570	
269	-69.302666	45.855038	
270	-68.957691	45.008223	
271	-69.086096	50.271600	
272	-66.975065	44.212437	
273	-66.528799	46.342298	
274	-66.588344	45.432504	
275	-67.991383	43.155617	
276	-68.502031	43.821045	
277	-68.824815	49.301913	
278	-67.387895	46.161421	
279	-66.892764	43.341150	
280	-68.748006	43.328498	
281	-68.165152	42.751928	
282	-68.710599	44.047340	
283	-68.735100	42.966042	
284	-68.383455	42.148746	
285	-68.174547	42.480745	
286	-67.917838	41.356456	
287	-68.152120	42.046499	
288	-67.871134	42.321941	
289	-67.772843	42.359786	
290	-67.894294	41.855850	
291	-67.473152	41.114634	
292	-68.100904	40.990339	
293	-68.307251	43.181200	
294	-67.983477	41.997683	
295	-67.779518	40.802061	
296	-67.692432	40.715071	
297	-68.149450	39.993695	
298	-68.222145	39.653071	
299	-68.064120	38.654896	
300	-67.729118	38.859531	
301	-67.797071	39.649804	
302	-68.114020	40.342621	
303	-68.498933	39.083881	
304	-68.056629	38.263036	
305	-68.033764	39.229466	
306	-68.234988	39.567694	
307	-68.088582	38.693647	
308	-68.707474	38.074569	
309	-68.566490	37.767930	
310	-68.836775	35.298842	
311	-68.621458	34.813167	
312	-68.692225	36.940038	
313	-68.677333	36.514347	
314	-68.978268	37.646231	
315	-68.148499	37.151564	
316	-68.738387	37.168114	
317	-68.820483	26.935899	
318	-68.752727	36.731492	
319	-68.773621	33.461995	
320	-68.850994	35.871541	
321	-68.973669	32.182421	
322	-69.031515	31.790560	
323	-69.133605	35.215647	
324	-68.968382	28.475257	
325	-69.397925	35.084453	
326	-69.155100	31.213977	
327	-69.539772	34.222160	
328	-69.757129	32.075140	
329	-69.999041	31.629051	
330	-70.336163	33.579684	
331	-70.029915	32.241538	
332	-73.700480	38.592883	
333	-70.952444	33.945844	
334	-71.520127	24.484594	
335	-74.729971	32.245773	
336	-73.327132	44.570793	
337	-74.831565	46.789118	
338	-75.170128	48.575954	
339	-75.183834	42.978902	
340	-75.704247	50.118217	
341	-76.454136	49.553859	
342	-76.732354	53.312330	
343	-76.831465	48.885024	
344	-76.491528	50.420691	
345	-76.825570	52.718279	
346	-76.931049	52.422582	
347	-76.736918	51.965983	
348	-76.956311	53.524279	
349	-74.801240	48.082000	
350	-78.090617	54.365155	
351	-78.250732	48.595709	
352	-78.738966	48.691357	
353	-78.447682	53.610987	
354	-78.891759	53.210511	
355	-78.483427	48.551309	
356	-78.820135	55.072990	
357	-75.801212	46.882350	
358	-75.834934	48.939315	
359	-77.802052	53.941632	
360	-81.481202	60.398815	
361	-80.373861	56.689275	
362	-77.334080	50.861228	
363	-77.936182	51.449771	
364	-80.954317	59.123307	
365	-80.466569	57.086925	
366	-78.502503	54.429815	
367	-79.548871	53.168823	
368	-79.156280	54.874917	
369	-79.161030	56.567887	
370	-80.013005	55.897460	
371	-80.783987	56.268866	
372	-80.315432	58.640252	
373	-80.680522	59.407581	
374	-81.464895	62.272658	
375	-80.518419	59.452533	
376	-81.105739	61.885210	
377	-81.882544	61.026928	
378	-81.329215	61.602805	
379	-83.229110	66.588978	
380	-82.724831	65.294626	
381	-82.671586	64.872021	
382	-82.397457	64.808209	
383	-83.262251	64.828240	
384	-84.919594	71.106804	
385	-83.350107	67.372349	
386	-83.233689	66.212688	
387	-84.110253	68.812029	
388	-83.829391	67.891475	
389	-84.232747	67.997548	
390	-84.462552	65.744798	
391	-84.526184	68.791313	
392	-85.739276	73.824490	
393	-83.903142	71.708400	
394	-85.335681	75.024627	
395	-87.985307	82.347752	
396	-88.442214	84.364092	
397	-85.155837	72.490304	
398	-87.242200	80.181956	
399	-87.094683	79.412636	
400	-87.351949	81.486166	
401	-90.075210	90.287279	
402	NaN	NaN	
403	-87.830019	79.730712	
404	-88.209921	85.846915	
405	-87.637020	82.878338	
406	-89.454040	88.742769	
407	-87.184513	80.602228	
408	-89.762891	89.121092	
409	-88.238573	83.801045	
410	-88.762654	86.790420	
411	-88.393238	84.064624	
412	-90.466607	91.600477	
413	-89.574366	88.545469	
414	-92.235530	97.917496	
415	-91.145630	94.106459	
416	-90.731213	92.656666	
417	-90.902674	93.345521	
418	-92.270758	98.640993	
419	-91.372059	95.167175	
420	-91.054699	94.003356	
421	-92.318028	98.393745	
422	-90.402410	91.473941	
423	-93.359982	103.149286	
424	-92.945926	101.300090	
425	-91.403850	95.040539	
426	-92.853215	100.710103	
427	-93.136887	101.673081	
428	-92.879092	101.654008	
429	-93.336659	103.166065	
430	-93.700768	104.360781	
431	-92.003361	97.738882	
432	-93.913751	105.625501	
433	-93.891568	104.887280	
434	-93.512227	104.446423	
435	-95.142903	110.850533	
436	-94.591961	108.466299	
437	-93.961365	105.940507	
438	-94.096111	107.222218	
439	-95.250180	112.761769	
440	-93.980224	106.933526	
441	-94.242352	107.739514	
442	-94.533117	109.577256	
443	-94.288332	108.324217	
444	-95.006271	111.639794	
445	-95.012772	110.580586	
446	-94.642930	109.543011	
447	-94.976535	110.275883	
448	-95.491398	112.755297	
449	-95.696976	113.830691	
450	-94.938355	111.249943	
451	-96.412164	116.791870	
452	-96.311304	117.255332	
453	-96.359157	116.272998	
454	-96.922379	119.283897	
455	-97.528426	122.164524	
456	-97.141619	120.450703	
457	-97.010707	119.338788	
458	-97.888077	122.103534	
459	-97.589902	120.876380	
460	-97.754588	121.746195	
461	-98.534299	125.377386	
462	-98.516510	125.887132	
463	-98.035560	127.266849	
464	-98.669613	126.407668	
465	-98.899964	128.972346	
466	-98.703727	127.597732	
467	-99.181806	129.117837	
468	-99.923331	128.582320	
469	-100.105550	130.785013	
470	-99.783793	129.514901	
471	-100.079118	130.278193	
472	-100.698917	132.912902	
473	-99.572686	128.475069	
474	-99.924010	130.651670	
475	-100.989012	135.382423	
476	-100.530812	132.420272	
477	-101.302105	139.432424	
478	-101.168668	136.777552	
479	-101.217536	136.203260	
480	-101.953229	138.219693	
481	-101.785648	139.884147	
482	-101.985699	139.236425	
483	-101.666463	136.850604	
484	-103.064909	140.717773	
485	-102.191169	140.429449	
486	-102.212472	141.842859	
487	-102.224776	142.142555	
488	-102.133817	140.095238	
489	-103.230105	143.080544	
490	-102.856007	143.711664	
491	-102.911909	143.560532	
492	-102.643677	143.413203	
493	-102.463314	143.765876	
494	-103.455496	145.168888	
495	-103.257150	143.912121	
496	-103.253879	146.260433	
497	-104.048911	144.672847	
498	-104.059218	148.563046	
499	-104.041595	145.903896	
500	-103.915421	144.957537	
501	-103.883305	147.751646	
502	-103.494629	146.020141	
503	-104.183906	144.851368	
504	-104.496685	146.306212	
505	-104.659039	147.007140	
506	-104.884646	146.728601	
507	-104.674281	147.045135	
508	-104.506747	144.125391	
509	-104.568634	145.430472	
510	-104.711576	144.416644	
511	-104.789082	145.941248	
512	-105.479505	147.348410	
513	-104.838346	145.280730	
514	-105.093790	145.481682	
515	-104.837889	144.554326	
516	-105.427679	143.228851	
517	-105.299770	144.360310	
518	-105.166890	142.531584	
519	-105.088518	139.821916	
520	-104.185129	139.942295	
521	-103.817909	138.165837	
522	-103.528528	137.691193	
523	-103.450687	138.626406	
524	-103.848310	137.949190	
525	-103.260990	135.986740	
526	-102.792532	134.304763	
527	-102.757482	133.705828	
528	-102.546567	132.783654	
529	-102.330194	131.775150	
530	-102.501132	132.589089	
531	-102.598719	132.261130	
532	-102.202145	131.549502	
533	-102.061436	130.349897	
534	-102.348898	130.329149	
535	-101.794752	128.320632	
536	-101.453402	126.881835	
537	-100.576013	124.045361	
538	-100.762725	124.221083	
539	-99.881936	120.735354	
540	-99.450370	118.457223	
541	-99.182649	116.665191	
542	-98.053030	114.326048	
543	-97.675524	112.244302	
544	-97.949052	112.560087	
545	-97.587379	111.028627	
546	-96.429740	108.218824	
547	-96.473841	107.981447	
548	-95.561770	105.906647	
549	-95.195168	105.085893	
550	-94.635254	103.305654	
551	-94.218152	101.894391	
552	-93.868644	100.867684	
553	-93.005020	98.348364	
554	-92.658340	97.427066	
555	-91.293477	93.639365	
556	-90.907567	92.545614	
557	-90.824426	92.301337	
558	-89.956060	89.877073	
559	-88.994450	87.291122	
560	-88.269315	85.333678	
561	-88.162459	85.126282	
562	-87.725045	83.893818	
563	-86.755590	81.360818	
564	-86.187229	80.332233	
565	-85.855737	79.445648	
566	-85.352698	78.265946	
567	-84.319044	75.593580	
568	-84.082751	75.222754	
569	-83.238866	73.379222	
570	-82.792318	72.297078	
571	-82.198735	71.114086	
572	-81.926305	70.614631	
573	-81.535808	69.519813	
574	-81.210810	68.780777	
575	-80.861462	67.597107	
576	-80.821607	68.062284	
577	-79.812298	66.062960	
578	-79.987065	66.306843	
579	-79.413873	65.079608	
580	-79.509183	65.072776	
581	-79.131162	64.287961	
582	-78.862761	63.525257	
583	-79.352371	65.248362	
584	-78.956011	63.564213	
585	-78.896104	63.630969	
586	-78.632010	62.348282	
587	-78.253297	61.815891	
588	-78.448175	62.890628	
589	-78.295872	61.436032	
590	-77.938672	60.510277	
591	-78.023677	61.838167	
592	-77.948333	61.589219	
593	-77.525456	60.324315	
594	-76.850742	58.319039	
595	-77.144048	58.151581	
596	-77.206850	57.252239	
597	-76.941790	56.752749	
598	-76.447541	55.370817	
599	-76.661882	55.635308	
600	-76.547022	55.166083	
601	-76.083237	52.720053	
602	-76.156067	53.161534	
603	-76.296637	52.941991	
604	-75.586499	50.541658	
605	-75.444287	48.939152	
606	-74.782326	50.150838	
607	-74.796832	49.034162	
608	-74.742222	48.365303	
609	-74.548286	47.113450	
610	-74.303493	44.942794	
611	-73.872731	43.349630	
612	-74.721677	46.512057	
613	-74.617196	46.298474	
614	-74.184225	49.402473	
615	-74.163346	51.326754	
616	-74.654700	47.809985	
617	-74.818653	48.920927	
618	-74.354779	50.496299	
619	-74.403616	48.261133	
620	-74.467770	50.953098	
621	-73.873644	50.733862	
622	-73.488275	49.279798	
623	-73.701600	49.025747	
624	-73.223457	48.389786	
625	-73.161005	46.744968	
626	-73.315472	47.820192	
627	-73.720327	47.743170	
628	-73.551500	47.871434	
629	-73.368317	46.838041	
630	-73.241854	46.480396	
631	-73.297242	45.916441	
632	-73.436030	46.490180	
633	-73.658010	46.112324	
634	-73.730218	46.651358	
635	-73.279595	46.133606	
636	-73.078630	47.491389	
637	-73.347795	47.043286	
638	-73.722892	45.841175	
639	-74.059750	46.482244	
640	-73.803149	46.494322	
641	-73.664877	46.408853	
642	-73.910682	45.418033	
643	-73.691821	44.936848	
644	-73.806384	44.788534	
645	-73.656921	44.529536	
646	-73.471366	44.693340	
647	-73.154020	43.232409	
648	-72.981195	43.049160	
649	-72.670758	43.521524	
650	-72.884440	43.486852	
651	-72.318020	42.900833	
652	-72.960650	43.568203	
653	-72.631084	43.911213	
654	-72.603162	44.052481	
655	-72.474007	43.174918	
656	-72.318951	43.102652	
657	-71.998519	42.579666	
658	-71.727431	41.821109	
659	-71.246284	40.583744	
660	-71.041335	40.778735	
661	-71.068265	40.246999	
662	-70.759140	38.872656	
663	-70.423855	38.347703	
664	-70.623282	37.838653	
665	-70.072331	37.648679	
666	-70.172756	36.375273	
667	-69.884400	37.408252	
668	-69.878713	36.749335	
669	-70.165520	36.651168	
670	-70.151429	37.622441	
671	-70.429935	37.317093	
672	-70.572299	38.145259	
673	-70.628980	38.274950	
674	-70.962590	37.415740	
675	-71.386424	38.616092	
676	-71.833424	40.672124	
677	-72.428637	41.787089	
678	-72.917370	41.249046	
679	-73.258683	42.906935	
680	-73.656477	44.184403	
681	-73.872634	43.991384	
682	-73.969943	45.769945	
683	-74.533649	45.221578	
684	-75.270146	48.038214	
685	-75.485659	47.934869	
686	-76.181866	50.121770	
687	-76.390512	50.217052	
688	-76.638321	50.934154	
689	-76.607525	51.080786	
690	-76.694933	51.297476	
691	-77.059357	52.104457	
692	-76.843518	52.113939	
693	-77.040240	52.034728	
694	-76.677378	51.272697	
695	-76.827941	50.622201	
696	-76.830823	51.098743	
697	-76.743551	50.236096	
698	-76.838163	50.751848	
699	-77.115452	51.346442	
700	-77.611980	53.831648	
701	-78.087842	54.649081	
702	-78.402039	55.554216	
703	-79.120343	56.674994	
704	-79.160406	58.289750	
705	-79.439721	58.861750	
706	-79.789084	60.517882	
707	-80.040990	60.285443	
708	-80.191543	61.770706	
709	-80.392764	61.977176	
710	-80.674222	62.031338	
711	-81.037989	62.899648	
712	-81.516678	62.767328	
713	-81.742472	64.111221	
714	-82.786288	65.951189	
715	-82.919390	66.001973	
716	-83.461887	67.753634	
717	-84.176853	69.525772	
718	-84.294976	68.865921	
719	-84.746517	70.335612	
720	-84.683802	70.080210	
721	-85.170788	71.337856	
722	-85.360459	71.992997	
723	-85.903910	73.568124	
724	-86.020198	71.774279	
725	-86.333331	75.112177	
726	-86.302250	71.197534	
727	-87.569885	78.605784	
728	-87.654123	78.928953	
729	-87.883125	79.818235	
730	-87.274978	76.417533	
731	-88.233049	83.547271	
732	-88.176597	83.033054	
733	-88.495789	84.000566	
734	-88.948986	84.327660	
735	-89.223856	85.871246	
736	-88.511092	81.754692	
737	-88.680293	82.351994	
738	-89.604733	87.791156	
739	-89.455484	87.290631	
740	-89.765028	88.742620	
741	-90.391319	92.089090	
742	-90.497845	92.484861	
743	-90.941916	94.704815	
744	-91.111697	95.441178	
745	-91.628231	97.580268	
746	-91.882589	99.255873	
747	-91.395184	96.724876	
748	-91.422528	96.772800	
749	-91.920820	99.303449	
750	-92.556277	102.195298	
751	-92.616420	102.655902	
752	-92.599370	103.116676	
753	-92.420058	102.175811	
754	-93.007947	105.220810	
755	-93.141098	105.666964	
756	-93.328619	106.666181	
757	-93.624191	107.753726	
758	-93.446106	107.763520	
759	-93.809708	108.269420	
760	-94.025755	109.500530	
761	-94.562561	112.631199	
762	-94.933500	112.905571	
763	-94.519490	112.702275	
764	-94.593543	112.653138	
765	-94.865179	113.718845	
766	-94.821224	113.113827	
767	-95.212242	115.943605	
768	-95.411436	115.621858	
769	-95.769739	117.658966	
770	-95.614989	116.250041	
771	-96.037323	117.623076	
772	-96.063565	117.798383	
773	-96.367796	118.446328	
774	-96.248639	119.376007	
775	-96.544694	120.974456	
776	-96.754615	120.546637	
777	-96.769584	123.165421	
778	-97.109745	122.875929	
779	-97.261524	124.632046	
780	-97.338029	126.000768	
781	-97.484635	125.487461	
782	-97.486803	126.009393	
783	-97.754838	125.985966	
784	-97.697062	125.462481	
785	-98.237878	126.138191	
786	-98.295379	129.102345	
787	-98.616583	128.537887	
788	-98.482192	128.549840	
789	-98.442700	129.414117	
790	-99.023773	132.109239	
791	-99.029971	133.011077	
792	-98.946355	131.651495	
793	-99.380380	132.924645	
794	-99.226976	133.987562	
795	-99.762157	135.936118	
796	-99.873377	136.718824	
797	-99.992881	137.821884	
798	-100.452540	137.964085	
799	-100.633461	139.415009	
800	-100.847374	139.906629	
801	-100.912621	140.763557	
802	-101.269029	141.306762	
803	-101.487837	142.366262	
804	-101.802650	143.496738	
805	-101.812012	144.838901	
806	-102.074338	145.615852	
807	-102.483707	145.828498	
808	-102.625035	145.716821	
809	-102.401191	145.801676	
810	-102.815080	145.980428	
811	-103.277254	146.337066	
812	-103.490714	148.859988	
813	-103.669615	147.671703	
814	-103.795816	148.608894	
815	-104.155292	149.199576	
816	-103.908021	149.369497	
817	-104.385445	149.257204	
818	-104.723917	150.221939	
819	-104.499240	150.111838	
820	-104.827822	151.919280	
821	-105.022000	150.735628	
822	-105.017645	150.368187	
823	-105.054458	149.422227	
824	-104.677015	149.948888	
825	-104.996328	151.939392	
826	-105.487473	151.054836	
827	-105.433006	151.071023	
828	-105.772030	152.034958	
829	-105.516627	151.986858	
830	-106.123074	150.889293	
831	-106.241492	151.982172	
832	-106.438715	151.942327	
833	-106.595766	151.224484	
834	-106.742253	152.863279	
835	-106.595191	152.876161	
836	-106.687745	151.966886	
837	-106.823794	152.141983	
838	-107.217819	151.962971	
839	-107.548330	152.689140	
840	-107.796957	153.451526	
841	-107.754816	152.446999	
842	-107.668272	152.688196	
843	-107.449367	152.767900	
844	-107.841313	152.148351	
845	-108.062384	152.404918	
846	-108.041309	151.673355	
847	-107.899573	150.991786	
848	-107.516063	149.018500	
849	-107.041919	148.380888	
850	-106.772267	147.476133	
851	-106.277735	145.613830	
852	-105.880293	145.063222	
853	-105.636151	143.578648	
854	-105.430509	143.645274	
855	-104.895284	141.836804	
856	-104.447853	140.192283	
857	-105.119517	140.139412	
858	-105.174465	139.515320	
859	-105.338808	139.411509	
860	-105.461156	139.488302	
861	-105.414312	138.011866	
862	-104.711405	137.968758	
863	-104.594736	137.486311	
864	-103.440290	135.693991	
865	-103.086811	133.722549	
866	-102.710148	132.924045	
867	-102.582561	131.144718	
868	-101.809157	127.875656	
869	-101.353329	125.861701	
870	-101.076172	125.292682	
871	-100.513814	123.360973	
872	-99.508382	120.121035	
873	-99.767021	120.159320	
874	-99.261534	117.920161	
875	-98.701296	115.821809	
876	-98.690477	115.440874	
877	-98.330428	114.150558	
878	-96.815101	109.712888	
879	-97.403867	111.499918	
880	-96.572802	108.983312	
881	-95.764084	106.669569	
882	-95.326254	105.012365	
883	-94.269328	101.572100	
884	-93.858819	100.988984	
885	-93.447661	99.540012	
886	-92.344365	96.455967	
887	-91.534481	94.226226	
888	-91.171781	93.166607	
889	-90.067910	90.183361	
890	-90.140278	90.376360	
891	-89.128896	87.684165	
892	-88.352886	85.715889	
893	-87.383181	83.124167	
894	-86.919899	81.865395	
895	-86.725199	81.512824	
896	-85.765702	79.027110	
897	-85.109140	76.861428	
898	-84.259538	74.720754	
899	-84.037001	74.195607	
900	-83.805724	73.479852	
901	-83.013141	71.941482	
902	-82.122585	69.910505	
903	-81.793820	69.471284	
904	-81.485800	69.709095	
905	-80.196212	65.011596	
906	-79.986329	64.955937	
907	-79.949808	64.938105	
908	-79.327252	63.040028	
909	-79.292666	63.626269	
910	-78.507593	61.547874	
911	-78.774044	62.269613	
912	-78.223081	60.671736	
913	-78.339644	60.372902	
914	-77.711735	59.052238	
915	-77.172601	58.444435	
916	-77.496651	57.976787	
917	-77.584053	58.173164	
918	-76.977506	57.218916	
919	-76.758829	56.948591	
920	-77.067155	57.084098	
921	-76.371978	55.947876	
922	-76.340770	55.915577	
923	-75.872929	54.458803	
924	-75.765904	54.403749	
925	-75.573095	54.678741	
926	-75.145919	53.140652	
927	-74.688248	52.739243	
928	-74.799151	52.176308	
929	-74.523163	52.628841	
930	-74.365508	51.068861	
931	-73.505415	50.372964	
932	-73.308847	50.240096	
933	-72.865160	47.542050	
934	-73.005107	46.774640	
935	-72.710873	48.506459	
936	-72.001314	45.205535	
937	-72.364547	47.173654	
938	-72.191195	46.323658	
939	-71.986722	45.464941	
940	-72.063468	45.300293	
941	-71.831443	44.416645	
942	-72.064776	46.688788	
943	-71.998182	46.389696	
944	-71.667454	45.052985	
945	-71.624780	43.093349	
946	-71.513663	43.036070	
947	-71.740890	44.335783	
948	-71.704112	43.598071	
949	-71.711686	45.729640	
950	-71.684102	44.037565	
951	-71.398822	43.778684	
952	-71.400305	43.683683	
953	-72.053061	44.634871	
954	-71.905088	45.459883	
955	-72.291554	45.827943	
956	-71.965545	45.408552	
957	-72.519947	45.330388	
958	-72.324969	46.338371	
959	-72.406552	45.881695	
960	-72.501852	46.803433	
961	-73.201816	47.624725	
962	-72.879172	47.245291	
963	-73.122280	47.647144	
964	-73.293710	47.979574	
965	-73.400508	47.894866	
966	-73.386782	48.273127	
967	-73.589583	48.377902	
968	-73.789753	48.788065	
969	-74.361176	48.412025	
970	-74.851734	48.889592	
971	-73.929878	48.209108	
972	-73.979163	48.211557	
973	-74.341091	48.527154	
974	-74.291113	49.134746	
975	-73.601755	48.088938	
976	-73.628644	48.921396	
977	-74.248370	49.501683	
978	-73.334573	47.067927	
979	-72.664823	44.960532	
980	-72.822661	45.135047	
981	-72.629428	44.326673	
982	-72.384457	44.046329	
983	-71.916622	41.053188	
984	-71.265082	39.885542	
985	-71.498805	39.376845	
986	-71.762129	38.900596	
987	-71.122993	38.240345	
988	-71.460082	38.292761	
989	-72.572138	40.605742	
990	-72.458002	40.690443	
991	-72.023334	40.489742	
992	-73.255919	43.588871	
993	-73.165444	43.217792	
994	-73.478867	43.983509	
995	-74.511076	45.733625	
996	-75.893459	48.682426	
997	-75.374411	48.171292	
998	-75.797181	49.210177	
999	-76.362623	50.478360	
1000	-76.653013	50.895998	
1001	-76.783644	50.785903	
1002	-77.207154	51.684310	
1003	-77.728451	54.061908	
1004	-77.876229	53.250139	
1005	-77.655156	53.548239	
1006	-78.009475	54.548934	
1007	-78.745182	56.301061	
1008	-79.515576	58.446481	
1009	-78.645235	56.843530	
1010	-79.011050	58.490901	
1011	-78.919262	55.914860	
1012	-79.220763	57.057123	
1013	-78.704599	55.465690	
1014	-79.372008	58.234030	
1015	-79.326929	57.306522	
1016	-79.507412	57.601780	
1017	-79.633423	57.613082	
1018	-79.496275	57.917262	
1019	-80.084781	61.055600	
1020	-80.428840	60.241893	
1021	-80.602876	60.909707	
1022	-80.595884	61.916012	
1023	-81.344795	62.960293	
1024	-81.471422	64.294641	
1025	-81.125792	63.581022	
1026	-81.296957	64.060105	
1027	-81.861407	66.433435	
1028	-83.132901	69.940390	
1029	-82.955191	69.439173	
1030	-83.005083	69.204591	
1031	-82.784220	67.484857	
1032	-83.588209	70.374379	
1033	-84.391018	72.188689	
1034	-85.154922	74.636453	
1035	-84.565056	71.870447	
1036	-85.325808	74.381671	
1037	-84.896360	72.079357	
1038	-85.615576	73.692612	
1039	-86.314537	75.596371	
1040	-86.131277	75.285832	
1041	-86.269179	75.836166	
1042	-86.136517	74.914102	
1043	-86.603623	76.425706	
1044	-87.240320	78.673554	
1045	-87.706018	80.140005	
1046	-86.540876	75.127578	
1047	-88.276721	82.265811	
1048	-88.389427	82.328303	
1049	-89.086700	85.770507	
1050	-89.281530	86.804924	
1051	-90.286235	91.330234	
1052	-90.432669	92.019281	
1053	-91.342971	96.034458	
1054	-91.436776	96.679715	
1055	-91.674676	97.543536	
1056	-92.153715	99.457728	
1057	-92.426718	100.496703	
1058	-92.411465	100.474509	
1059	-92.707367	102.115643	
1060	-92.913453	102.859776	
1061	-93.603494	105.854609	
1062	-92.854856	102.260058	
1063	-93.594186	105.247754	
1064	-94.317032	108.590763	
1065	-93.543247	105.159371	
1066	-93.393020	104.459165	
1067	-94.724736	109.215591	
1068	-94.922034	110.452132	
1069	-93.932421	106.303913	
1070	-94.097791	106.944002	
1071	-94.591123	109.077671	
1072	-94.288893	107.565428	
1073	-94.909539	109.316770	
1074	-95.189185	110.963398	
1075	-94.946542	109.913233	
1076	-95.455814	112.133771	
1077	-95.669168	112.555327	
1078	-94.785440	109.862450	
1079	-96.116664	114.749491	
1080	-95.523027	112.661118	
1081	-94.717327	108.538175	
1082	-96.414872	114.021717	
1083	-96.307338	115.323785	
1084	-95.793125	113.005154	
1085	-96.404940	115.108361	
1086	-96.483578	115.297776	
1087	-95.375394	112.767274	
1088	-95.893667	114.146907	
1089	-96.679243	115.195334	
1090	-95.929289	112.831275	
1091	-96.582965	115.568759	
1092	-96.986272	117.735705	
1093	-96.566947	116.048903	
1094	-97.643113	119.762511	
1095	-98.151970	121.359725	
1096	-96.976977	117.478519	
1097	-98.347924	121.899877	
1098	-98.263577	120.881339	
1099	-96.937865	116.892574	
1100	-98.942046	124.137487	
1101	-97.574939	120.912689	
1102	-97.961010	120.940465	
1103	-98.727094	124.818586	
1104	-98.845066	125.461597	
1105	-97.997685	120.490557	
1106	-98.927503	125.331953	
1107	-98.311306	123.815215	
1108	-97.824159	120.151128	
1109	-99.689055	126.108374	
1110	-99.261032	125.414225	
1111	-99.287317	126.271059	
1112	-99.334042	126.031259	
1113	-100.077673	128.975821	
1114	-100.133350	128.518469	
1115	-100.146935	129.338605	
1116	-100.817137	131.630597	
1117	-100.576971	131.398621	
1118	-101.713138	131.936267	
1119	-102.172233	135.222542	
1120	-102.027259	134.824812	
1121	-101.503445	135.659566	
1122	-101.626933	134.968116	
1123	-102.987984	137.571451	
1124	-102.094534	135.503354	
1125	-103.803884	139.801299	
1126	-103.482739	139.398719	
1127	-102.984788	138.826763	
1128	-103.678927	141.694290	
1129	-103.226213	140.951203	
1130	-103.625804	141.243390	
1131	-104.416011	141.303276	
1132	-103.990966	142.685895	
1133	-104.167672	142.675057	
1134	-104.757844	144.761348	
1135	-104.752001	143.936007	
1136	-105.037592	145.689815	
1137	-102.794652	137.539095	
1138	-104.673579	143.936121	
1139	-102.812361	140.965392	
1140	-104.353562	144.970763	
1141	-104.334695	144.099586	
1142	-103.454585	142.439033	
1143	-105.027108	145.995842	
1144	-104.188790	143.547009	
1145	-105.050068	148.583508	
1146	-106.767017	150.474874	
1147	-106.559163	149.101783	
1148	-106.264925	150.021795	
1149	-105.930140	149.567877	
1150	-106.457426	150.421234	
1151	-107.544221	151.057445	
1152	-107.221572	152.674289	
1153	-106.574505	150.346355	
1154	-107.520656	153.897866	
1155	-105.341952	147.912432	
1156	-105.581741	149.809966	
1157	-106.068228	149.583587	
1158	-105.586514	147.020389	
1159	-106.282598	150.351905	
1160	-105.978097	148.882146	
1161	-106.407038	148.654987	
1162	-104.978033	147.205597	
1163	-104.497796	145.633587	
1164	-106.242044	147.056920	
1165	-104.608925	143.953582	
1166	-105.041095	145.447149	
1167	-104.555865	142.483506	
1168	-103.752454	142.614008	
1169	-103.676926	142.106009	
1170	-103.068120	138.544225	
1171	-102.917220	139.371420	
1172	-103.186955	138.925662	
1173	-103.200071	137.230384	
1174	-102.008930	135.947953	
1175	-103.144708	137.152550	
1176	-103.082656	136.227252	
1177	-102.417123	135.084860	
1178	-101.880125	131.310084	
1179	-101.134905	130.873108	
1180	-100.789145	128.421950	
1181	-101.545978	129.986176	
1182	-99.783890	123.575361	
1183	-99.253567	121.968801	
1184	-98.357785	117.873073	
1185	-98.336131	116.885189	
1186	-100.674109	121.021113	
1187	-98.173928	114.899936	
1188	-95.753748	108.461572	
1189	-95.074103	107.589465	
1190	-95.835681	106.687762	
1191	-96.317848	108.851218	
1192	-95.487097	106.054077	
1193	-94.279684	102.898100	
1194	-94.399981	102.710080	
1195	-95.888309	107.646645	
1196	-92.660930	97.353128	
1197	-92.163878	96.039080	
1198	-90.601068	91.570913	
1199	-89.691216	89.132580	
1200	-88.482128	86.052475	
1201	-88.670777	86.503093	
1202	-87.863161	84.439853	
1203	-90.963152	92.308640	
1204	-85.542647	78.632639	
1205	-85.552056	79.194684	
1206	-84.346161	76.582201	
1207	-84.396249	76.478269	
1208	-84.993290	78.290634	
1209	-84.932221	78.544000	
1210	-83.239155	74.469036	
1211	-82.638617	72.388730	
1212	-81.940343	70.594883	
1213	-80.975167	66.858006	
1214	-80.793835	68.339852	
1215	-79.718654	66.736915	
1216	-82.090616	71.552398	
1217	-80.284886	67.973978	
1218	-79.555702	66.234683	
1219	-81.779328	69.664604	
1220	-78.689658	64.190811	
1221	-78.512108	63.732267	
1222	-81.522779	69.265734	
1223	-76.613458	59.175458	
1224	-76.899973	58.712060	
1225	-80.492377	67.546488	
1226	-77.479218	60.683954	
1227	-78.011767	61.723584	
1228	-76.382655	57.179945	
1229	-77.285880	63.674531	
1230	-80.517444	73.617656	
1231	-77.445099	64.641972	
1232	NaN	NaN	
1233	-79.035548	61.356874	
1234	-78.880125	61.296131	
1235	-78.325736	59.032188	
1236	-76.199739	55.616974	
1237	-75.424340	54.546637	
1238	-76.060006	56.576735	
1239	-78.061692	59.702218	
1240	-77.778587	59.590344	
1241	-73.398039	52.121485	
1242	-75.236992	53.680979	
1243	-76.374513	56.095986	
1244	-79.183054	61.681363	
1245	-77.201747	56.401134	
1246	-74.756043	52.009216	
1247	-74.346140	49.811046	
1248	-75.342934	49.085439	
1249	-76.085732	52.226335	
1250	-75.463544	50.512020	
1251	-74.548179	49.632157	
1252	-76.419834	52.544274	
1253	-74.970404	49.061027	
1254	-81.457872	64.410787	
1255	-76.557289	50.610678	
1256	-77.098252	51.005017	
1257	-77.874021	52.440665	
1258	-75.090855	49.537822	
1259	-77.588157	52.146425	
1260	-81.049421	62.681736	
1261	NaN	NaN	
1262	-75.725293	54.562002	
1263	-77.301172	60.894744	
1264	NaN	NaN	
1265	NaN	NaN	
1266	NaN	NaN	
1267	NaN	NaN	
1268	NaN	NaN	
1269	NaN	NaN	
1270	NaN	NaN	
1271	NaN	NaN	
1272	NaN	NaN	
1273	NaN	NaN	
1274	NaN	NaN	
1275	NaN	NaN	
1276	NaN	NaN	
1277	NaN	NaN	
1278	NaN	NaN	
1279	NaN	NaN	
1280	NaN	NaN	
1281	NaN	NaN	
1282	NaN	NaN	
1283	NaN	NaN	
1284	NaN	NaN	
1285	NaN	NaN	
1286	NaN	NaN	
1287	NaN	NaN	
1288	NaN	NaN	
1289	NaN	NaN	
1290	NaN	NaN	
1291	NaN	NaN	
1292	NaN	NaN	
1293	NaN	NaN	
1294	NaN	NaN	
1295	NaN	NaN	
1296	NaN	NaN	
1297	NaN	NaN	
1298	NaN	NaN	
1299	NaN	NaN	
1300	NaN	NaN	
1301	NaN	NaN	
1302	NaN	NaN	
1303	NaN	NaN	
1304	NaN	NaN	
1305	NaN	NaN	
1306	NaN	NaN	
1307	NaN	NaN	
1308	NaN	NaN	
1309	NaN	NaN	
1310	NaN	NaN	
1311	NaN	NaN	
1312	NaN	NaN	
1313	NaN	NaN	
1314	NaN	NaN	
1315	NaN	NaN	
1316	NaN	NaN	
1317	NaN	NaN	
1318	NaN	NaN	
1319	NaN	NaN	
1320	NaN	NaN	
1321	NaN	NaN	
1322	NaN	NaN	
1323	NaN	NaN	
1324	NaN	NaN	
1325	NaN	NaN	
1326	NaN	NaN	
1327	NaN	NaN	
1328	NaN	NaN	
1329	NaN	NaN	
1330	NaN	NaN	
1331	NaN	NaN	
1332	NaN	NaN	
1333	NaN	NaN	
1334	NaN	NaN	
1335	NaN	NaN	
1336	NaN	NaN	
1337	NaN	NaN	
1338	NaN	NaN	
1339	NaN	NaN	
1340	NaN	NaN	
1341	NaN	NaN	
1342	NaN	NaN	
1343	NaN	NaN	
1344	NaN	NaN	
1345	NaN	NaN	
1346	NaN	NaN	
1347	NaN	NaN	
1348	NaN	NaN	
1349	NaN	NaN	
1350	NaN	NaN	
1351	NaN	NaN	
1352	NaN	NaN	
1353	NaN	NaN	
1354	NaN	NaN	
1355	NaN	NaN	
1356	NaN	NaN	
1357	NaN	NaN	
1358	NaN	NaN	
1359	NaN	NaN	
1360	NaN	NaN	
1361	NaN	NaN	
1362	NaN	NaN	
1363	NaN	NaN	
1364	NaN	NaN	
1365	NaN	NaN	
1366	NaN	NaN	
1367	NaN	NaN	
1368	NaN	NaN	
1369	NaN	NaN	
1370	NaN	NaN	
1371	NaN	NaN	
1372	NaN	NaN	
1373	NaN	NaN	
1374	NaN	NaN	
1375	NaN	NaN	
1376	NaN	NaN	
1377	NaN	NaN	
1378	NaN	NaN	
1379	NaN	NaN	
1380	NaN	NaN	
1381	NaN	NaN	
1382	NaN	NaN	
1383	NaN	NaN	
1384	NaN	NaN	
1385	NaN	NaN	
1386	NaN	NaN	
1387	NaN	NaN	
1388	NaN	NaN	
1389	NaN	NaN	
1390	NaN	NaN	
1391	NaN	NaN	
1392	NaN	NaN	
1393	NaN	NaN	
1394	NaN	NaN	
1395	NaN	NaN	
1396	NaN	NaN	
1397	NaN	NaN	
1398	NaN	NaN	
1399	NaN	NaN	
1400	NaN	NaN	
1401	NaN	NaN	
1402	NaN	NaN	
1403	NaN	NaN	
1404	NaN	NaN	
1405	NaN	NaN	
1406	NaN	NaN	
1407	NaN	NaN	
1408	NaN	NaN	
1409	NaN	NaN	
1410	NaN	NaN	
1411	NaN	NaN	
1412	NaN	NaN	
1413	NaN	NaN	
1414	NaN	NaN	
1415	NaN	NaN	
1416	NaN	NaN	
1417	NaN	NaN	
1418	NaN	NaN	
1419	NaN	NaN	
1420	NaN	NaN	
1421	NaN	NaN	
1422	NaN	NaN	
1423	NaN	NaN	
1424	NaN	NaN	
1425	NaN	NaN	
1426	NaN	NaN	
1427	NaN	NaN	
1428	NaN	NaN	
1429	NaN	NaN	
1430	NaN	NaN	
1431	NaN	NaN	
1432	NaN	NaN	
1433	NaN	NaN	
1434	NaN	NaN	
1435	NaN	NaN	
1436	NaN	NaN	
1437	NaN	NaN	
1438	NaN	NaN	
1439	NaN	NaN	
1440	NaN	NaN	
1441	NaN	NaN	
1442	NaN	NaN	
1443	NaN	NaN	
1444	NaN	NaN	
1445	NaN	NaN	
1446	NaN	NaN	
1447	NaN	NaN	
1448	NaN	NaN	
1449	NaN	NaN	
1450	NaN	NaN	
1451	NaN	NaN	
1452	NaN	NaN	
1453	NaN	NaN	
1454	NaN	NaN	
1455	NaN	NaN	
1456	NaN	NaN	
1457	NaN	NaN	
1458	NaN	NaN	
1459	NaN	NaN	
1460	NaN	NaN	
1461	NaN	NaN	
1462	NaN	NaN	
1463	NaN	NaN	
1464	NaN	NaN	
1465	NaN	NaN	
1466	NaN	NaN	
1467	NaN	NaN	
1468	NaN	NaN	
1469	NaN	NaN	
1470	NaN	NaN	
1471	NaN	NaN	
1472	NaN	NaN	
1473	NaN	NaN	
1474	NaN	NaN	
1475	NaN	NaN	
1476	NaN	NaN	
1477	NaN	NaN	
1478	NaN	NaN	
1479	NaN	NaN	
1480	NaN	NaN	
1481	NaN	NaN	
1482	NaN	NaN	
1483	NaN	NaN	
1484	NaN	NaN	
1485	NaN	NaN	
1486	NaN	NaN	
1487	NaN	NaN	
1488	NaN	NaN	
1489	NaN	NaN	
1490	NaN	NaN	
1491	NaN	NaN	
1492	NaN	NaN	
1493	NaN	NaN	
1494	NaN	NaN	
1495	NaN	NaN	
1496	NaN	NaN	
1497	NaN	NaN	
1498	NaN	NaN	
1499	NaN	NaN	
1500	NaN	NaN	
1501	NaN	NaN	
1502	NaN	NaN	
1503	NaN	NaN	
1504	NaN	NaN	
1505	NaN	NaN	
1506	NaN	NaN	
1507	NaN	NaN	
1508	NaN	NaN	
1509	NaN	NaN	
1510	NaN	NaN	
1511	NaN	NaN	
1512	NaN	NaN	
1513	NaN	NaN	
1514	NaN	NaN	
1515	NaN	NaN	
1516	NaN	NaN	
1517	NaN	NaN	
1518	NaN	NaN	
1519	NaN	NaN	
1520	NaN	NaN	
1521	NaN	NaN	
1522	NaN	NaN	
1523	NaN	NaN	
1524	NaN	NaN	
1525	NaN	NaN	
1526	NaN	NaN	
1527	NaN	NaN	
1528	NaN	NaN	
1529	NaN	NaN	
1530	NaN	NaN	
1531	NaN	NaN	
1532	NaN	NaN	
1533	NaN	NaN	
1534	NaN	NaN	
1535	NaN	NaN	
1536	NaN	NaN	
1537	NaN	NaN	
1538	NaN	NaN	
1539	NaN	NaN	
1540	NaN	NaN	
1541	NaN	NaN	
1542	NaN	NaN	
1543	NaN	NaN	
1544	NaN	NaN	
1545	NaN	NaN	
1546	NaN	NaN	
1547	NaN	NaN	
1548	NaN	NaN	
1549	NaN	NaN	
1550	NaN	NaN	
1551	NaN	NaN	
1552	NaN	NaN	
1553	NaN	NaN	
1554	NaN	NaN	
1555	NaN	NaN	
1556	NaN	NaN	
1557	NaN	NaN	
1558	NaN	NaN	
1559	NaN	NaN	
1560	NaN	NaN	
1561	NaN	NaN	
1562	NaN	NaN	
1563	NaN	NaN	
1564	NaN	NaN	
1565	NaN	NaN	
1566	NaN	NaN	
1567	NaN	NaN	
1568	NaN	NaN	
1569	NaN	NaN	
1570	NaN	NaN	
1571	NaN	NaN	
1572	NaN	NaN	
1573	NaN	NaN	
1574	NaN	NaN	
1575	NaN	NaN	
1576	NaN	NaN	
1577	NaN	NaN	
1578	NaN	NaN	
1579	NaN	NaN	
1580	NaN	NaN	
1581	NaN	NaN	
1582	NaN	NaN	
1583	NaN	NaN	
1584	NaN	NaN	
1585	NaN	NaN	
1586	NaN	NaN	
1587	NaN	NaN	
1588	NaN	NaN	
1589	NaN	NaN	
1590	NaN	NaN	
1591	NaN	NaN	
1592	NaN	NaN	
1593	NaN	NaN	
1594	NaN	NaN	
1595	NaN	NaN	
1596	NaN	NaN	
1597	NaN	NaN	
1598	NaN	NaN	
1599	NaN	NaN	
1600	NaN	NaN	
1601	NaN	NaN	
1602	NaN	NaN	
1603	NaN	NaN	
1604	NaN	NaN	
1605	NaN	NaN	
1606	NaN	NaN	
1607	NaN	NaN	
1608	NaN	NaN	
1609	NaN	NaN	
1610	NaN	NaN	
1611	NaN	NaN	
1612	NaN	NaN	
