Athlete_Engineering	// User ID
11-2-2021	// Evaluation date
P015_Walk5	30-1-2021	14:20:11:139	// Source file name and timestamp
250.000	// Sampling rate
4.739	// Data capture period



Sample #	Right_Leg_Flexion	Right_Leg_Abduction	
0	-73.028380	-0.993652	
1	-73.173100	-1.330128	
2	-73.123743	-0.799596	
3	-73.008388	-0.664222	
4	-73.180503	-0.794359	
5	-73.153271	-0.975544	
6	-73.186537	-1.423484	
7	-73.086047	-0.894506	
8	-73.001433	-0.850464	
9	-73.028539	0.000943	
10	-72.920550	-0.035304	
11	-72.930027	0.297387	
12	-72.970009	0.140313	
13	-72.988847	0.439504	
14	-72.976820	0.048952	
15	-73.081341	0.109907	
16	-73.088669	0.052894	
17	-73.043989	0.380125	
18	-73.102853	0.118570	
19	-73.068931	0.433767	
20	-73.038330	0.253239	
21	-73.046542	0.152451	
22	-73.054972	0.778470	
23	-73.031241	0.469504	
24	-72.975624	1.112098	
25	-73.003912	1.341409	
26	-73.019437	1.526955	
27	-72.954991	1.991804	
28	-72.998741	1.601334	
29	-72.967388	1.505473	
30	-72.952665	1.796175	
31	-72.944932	1.186268	
32	-72.941834	1.621472	
33	-73.005155	2.253820	
34	-72.993725	1.636566	
35	-72.967713	2.082138	
36	-72.887810	1.959885	
37	-72.783605	1.827118	
38	-72.777819	0.984664	
39	-72.767963	0.916387	
40	-72.753758	1.959352	
41	-72.877011	0.152295	
42	-72.872947	0.076359	
43	-72.863164	0.609110	
44	-72.835732	0.508827	
45	-72.718670	0.384179	
46	-72.667681	0.869869	
47	-72.810254	0.915713	
48	-72.822349	0.418044	
49	-72.870375	0.505219	
50	-72.804967	0.706103	
51	-72.813571	0.373013	
52	-72.750567	0.226399	
53	-72.716063	0.253540	
54	-72.720590	-0.184181	
55	-72.831681	-0.648870	
56	-72.859471	-0.904276	
57	-72.905109	0.049927	
58	-72.821575	0.466817	
59	-72.912162	-0.628725	
60	-72.848314	-0.129034	
61	-72.810102	-0.371611	
62	-72.794467	-0.830119	
63	-72.835041	-0.699856	
64	-72.866787	-0.795415	
65	-72.877427	-0.756056	
66	-72.917093	-1.014364	
67	-72.786496	-0.881660	
68	-72.675029	-0.303151	
69	-72.825609	-1.234183	
70	-72.710382	-0.814266	
71	-72.681965	-0.601976	
72	-72.711897	-0.210565	
73	-72.821883	-0.511201	
74	-72.721480	-0.807676	
75	-72.813131	-0.837741	
76	-72.773555	-0.504333	
77	-72.678019	-0.444244	
78	-73.333643	0.503398	
79	-73.041718	-0.135767	
80	-72.730134	0.439739	
81	-72.824856	-0.636560	
82	-72.943618	0.535872	
83	-72.958953	0.590286	
84	-73.019988	0.062071	
85	-73.073200	-0.504536	
86	-72.890812	-0.871433	
87	-72.771079	-0.664005	
88	-73.268988	-0.399108	
89	-73.176196	-0.268615	
90	-73.124008	-0.073054	
91	-73.262351	-0.104500	
92	-73.319835	0.311819	
93	-73.312861	1.352407	
94	-73.290411	1.226781	
95	-73.242885	0.682049	
96	-73.271424	1.408840	
97	-73.256175	1.884680	
98	-73.382364	1.215089	
99	-73.365035	1.215942	
100	-73.307465	0.473459	
101	-73.336198	0.035013	
102	-73.249403	0.605127	
103	-73.264203	0.490212	
104	-73.124450	0.440907	
105	-73.107977	1.313609	
106	-73.161551	0.836175	
107	-73.201397	0.287140	
108	-73.091102	0.561238	
109	-73.110228	1.070482	
110	-73.081708	1.469832	
111	-73.054585	1.100452	
112	-73.078219	1.409948	
113	-73.061003	2.035566	
114	-73.049505	2.295727	
115	-73.085223	2.624836	
116	-73.050335	3.147004	
117	-73.076512	3.050505	
118	-73.147619	2.498225	
119	-73.043334	3.462736	
120	-73.036688	2.868988	
121	-72.968228	2.627406	
122	-73.034552	2.760555	
123	-73.079875	3.688184	
124	-73.087546	3.106721	
125	-73.146282	2.884656	
126	-73.077081	2.715216	
127	-72.996216	2.213964	
128	-72.904128	2.373922	
129	-72.923689	2.640783	
130	-72.728838	2.697447	
131	-72.701536	2.728569	
132	-72.777365	1.702400	
133	-72.670912	2.484701	
134	-72.641609	2.277776	
135	-72.795837	1.807845	
136	-72.811064	1.413081	
137	-72.682590	2.032404	
138	-72.730910	2.506384	
139	-72.767809	2.589601	
140	-72.751374	2.458192	
141	-72.638647	2.665068	
142	-72.620728	3.030667	
143	-72.809174	2.989069	
144	-72.869161	3.156300	
145	-72.830374	1.947902	
146	-72.928380	1.981436	
147	-72.911327	2.315020	
148	-72.851828	2.303258	
149	-72.796355	2.429693	
150	-72.943720	1.822955	
151	-72.840610	2.324086	
152	-72.877842	2.058145	
153	-72.850497	2.184716	
154	-72.890897	2.278949	
155	-72.796295	2.331542	
156	-72.730171	3.363918	
157	-72.650087	2.881429	
158	-72.690214	2.523152	
159	-72.814045	3.221846	
160	-72.919886	3.737589	
161	-73.042484	4.315790	
162	-73.112268	4.729610	
163	-73.228269	4.754253	
164	-73.387444	4.826410	
165	-73.435941	5.528311	
166	-73.552367	5.825974	
167	-73.524360	5.746473	
168	-73.651292	5.967935	
169	-73.622509	5.879132	
170	-74.144595	6.316212	
171	-73.750112	6.686113	
172	-73.568242	6.455536	
173	-73.652915	6.092932	
174	-73.643045	5.480149	
175	-73.724313	5.792179	
176	-73.801300	6.383249	
177	-73.875581	6.969433	
178	-73.796137	8.004463	
179	-74.459369	7.866411	
180	-73.952451	8.338225	
181	-73.719357	7.322212	
182	-74.027120	7.492261	
183	-73.985759	7.910172	
184	-73.995911	7.843022	
185	-73.991159	8.588672	
186	-73.979613	8.992864	
187	-74.242969	9.242256	
188	-73.982987	8.244692	
189	-73.739557	7.770597	
190	-73.595001	6.813482	
191	-73.438370	7.674558	
192	-73.397645	7.541128	
193	-73.571361	7.040937	
194	-73.586860	7.591200	
195	-73.337081	8.458014	
196	-73.254629	7.889523	
197	-73.680077	8.579562	
198	-73.757882	9.956709	
199	-73.362241	10.781806	
200	-72.802949	9.119419	
201	-72.546629	9.014806	
202	-72.310838	9.606943	
203	-72.001367	10.140992	
204	-71.709629	9.766674	
205	-71.279071	10.007998	
206	-71.329857	9.624846	
207	-71.339624	10.296873	
208	-71.248029	11.519359	
209	-70.474238	11.728666	
210	-69.744761	11.459308	
211	-70.011006	11.880982	
212	-69.745986	10.948338	
213	-69.488435	11.092482	
214	-69.189581	10.543150	
215	-68.824173	12.544423	
216	-68.414831	12.219759	
217	-67.977356	11.580202	
218	-67.735617	12.267663	
219	-67.142606	11.974980	
220	-66.570808	12.849366	
221	-66.097874	13.286344	
222	-65.758571	12.902321	
223	-65.240710	12.313715	
224	-64.646379	12.382643	
225	-64.178988	12.686679	
226	-63.368160	12.666162	
227	-62.713781	13.520432	
228	-62.274705	12.579418	
229	-61.844828	13.081803	
230	-61.143342	14.115716	
231	-60.370292	14.100758	
232	-59.670260	13.833843	
233	-58.861692	13.426138	
234	-58.245569	13.905473	
235	-57.777630	13.570797	
236	-57.266306	13.356905	
237	-56.764742	13.449437	
238	-56.161074	13.149277	
239	-55.510528	12.286528	
240	-55.063842	12.896118	
241	-54.409596	12.425985	
242	-53.936389	12.534270	
243	-53.390533	12.229901	
244	-52.764520	11.430881	
245	-52.275635	11.391403	
246	-51.948926	10.571645	
247	-51.401395	12.142406	
248	-51.112725	11.137757	
249	-50.853439	9.590646	
250	-49.730539	10.110473	
251	-50.324318	9.544376	
252	-49.486512	9.118335	
253	-49.336982	8.613414	
254	-48.682839	8.921074	
255	-48.299026	8.221735	
256	-47.793291	8.381159	
257	-47.367042	7.961070	
258	-47.737857	7.232533	
259	-47.503368	6.699745	
260	-46.690609	6.914515	
261	-46.026708	6.778661	
262	-46.196466	6.452530	
263	-45.546383	6.976586	
264	-45.132858	6.515782	
265	-45.040781	6.613587	
266	-44.649864	5.772362	
267	-44.453061	5.907230	
268	-44.083115	5.668014	
269	-43.589984	6.044354	
270	-43.437640	5.535396	
271	-43.361818	5.326018	
272	-42.753327	5.210121	
273	-42.566623	5.524626	
274	-41.934203	5.725076	
275	-41.983597	4.533475	
276	-41.909877	3.863882	
277	-41.663937	3.874317	
278	-42.292595	2.389190	
279	-41.510487	3.512044	
280	-40.969595	2.781124	
281	-40.764941	3.492988	
282	-40.423142	4.042626	
283	-39.996987	3.979069	
284	-40.748921	3.288278	
285	-39.874100	3.910622	
286	-40.389640	2.639227	
287	-39.469140	3.590869	
288	-39.991427	2.520236	
289	-39.452558	3.162207	
290	-39.142642	3.291296	
291	-38.654955	3.516653	
292	-39.408671	2.438469	
293	-39.481186	2.654391	
294	-38.580955	3.124260	
295	-38.417991	3.385419	
296	-38.338778	2.918473	
297	-38.250762	3.045708	
298	-38.078675	2.541813	
299	-38.746331	2.173178	
300	-38.051390	2.829634	
301	-38.781874	1.953143	
302	-39.228688	1.839355	
303	-38.905413	2.336964	
304	-38.916668	1.672182	
305	-37.808982	2.813835	
306	-37.338950	3.229801	
307	-37.484242	3.107782	
308	-37.406813	3.177294	
309	-37.735034	3.210367	
310	-37.423892	3.589402	
311	-37.510664	3.422303	
312	-37.276606	3.488466	
313	-38.348958	2.469178	
314	-38.316548	1.924820	
315	-38.310061	2.075775	
316	-37.899676	1.850865	
317	-38.116862	2.125426	
318	-36.754574	2.979352	
319	-37.285841	2.829475	
320	-37.689582	2.137830	
321	-38.495664	2.792420	
322	-38.682866	2.851991	
323	-38.742646	2.879767	
324	-39.045416	3.806964	
325	-37.312742	2.866548	
326	-36.623059	2.792122	
327	-37.018001	2.683233	
328	-36.410139	2.467703	
329	-37.651409	3.165886	
330	-37.240973	5.271253	
331	-37.860332	4.137213	
332	-36.429786	3.248896	
333	-36.139464	2.940520	
334	-35.281913	2.816866	
335	-36.550398	2.985380	
336	-37.935440	3.625315	
337	-35.974743	2.633474	
338	-34.780095	2.255255	
339	-36.663116	3.130868	
340	-37.334039	3.829369	
341	-37.915725	3.501272	
342	-36.983821	2.627932	
343	-36.766047	2.867487	
344	-37.322641	2.896602	
345	-36.641281	3.042246	
346	-37.268391	2.460944	
347	-35.203763	4.386259	
348	-36.464328	3.256073	
349	-34.874054	1.733428	
350	-35.961221	1.562216	
351	-36.989428	2.702255	
352	-35.321735	1.220366	
353	-34.089105	1.318867	
354	-35.354514	2.052661	
355	-34.797702	1.307428	
356	-36.805086	2.246163	
357	-36.972917	2.992765	
358	-37.097888	2.617790	
359	-37.540258	3.091995	
360	-38.071568	2.430075	
361	-38.484770	3.027080	
362	-36.213347	1.918858	
363	-38.531578	2.998715	
364	-37.138162	1.836892	
365	-39.186139	1.169555	
366	-39.905196	2.230001	
367	-40.140990	2.189161	
368	-38.461908	0.511590	
369	-38.109025	-0.767551	
370	-38.774864	-1.170802	
371	-38.104280	-1.143877	
372	-41.103186	-1.209310	
373	-40.754104	-2.831441	
374	-39.624488	-2.328194	
375	-39.940694	-3.052982	
376	-43.255510	-3.056522	
377	-39.447089	-0.895937	
378	-38.010070	-0.935861	
379	-38.557170	-0.289913	
380	-38.853811	0.042334	
381	-38.743486	0.367860	
382	-38.598222	0.974044	
383	-38.915932	1.196883	
384	-38.536394	1.447476	
385	-40.819655	3.774877	
386	-39.062452	3.709488	
387	-38.659477	3.130617	
388	-38.811695	3.238739	
389	-38.598769	3.771149	
390	-38.814416	3.985867	
391	-39.499449	3.577783	
392	-39.852621	3.040011	
393	-43.858051	3.538454	
394	-45.392203	3.188981	
395	-44.051209	0.981207	
396	-43.688789	0.368613	
397	-45.473216	-0.301460	
398	-46.590333	-0.730911	
399	-47.247874	-1.462834	
400	-43.920294	-3.091466	
401	-47.661374	-3.404990	
402	-45.863114	-4.810662	
403	-47.402291	-5.469867	
404	-49.259505	-6.247492	
405	-49.091625	-6.686394	
406	-46.800241	-6.857292	
407	-45.496095	-7.331422	
408	-48.802568	-6.392353	
409	-49.419031	-7.308144	
410	-50.623120	-6.605913	
411	-47.241212	-6.207174	
412	-45.785368	-6.832665	
413	-50.638012	-5.112259	
414	-51.978494	-4.363372	
415	-51.778228	-3.814266	
416	-51.214615	-3.496333	
417	-52.131407	-2.948166	
418	-49.791169	-3.313113	
419	-48.349463	-3.642214	
420	-53.128217	-2.634462	
421	-50.046775	-4.322951	
422	-48.513920	-4.727420	
423	-49.489558	-2.134775	
424	-50.519008	-2.183696	
425	-50.816344	-3.910012	
426	-55.005219	-3.107459	
427	-57.140888	-2.870373	
428	-51.430607	-3.796797	
429	-54.640266	-1.953765	
430	-57.334761	-2.147352	
431	-57.982256	-1.945374	
432	-57.479835	-1.707316	
433	-58.430777	-1.097509	
434	-58.938362	-2.204305	
435	-57.996464	-2.287091	
436	-57.810826	-2.602985	
437	-58.864272	-3.144452	
438	-55.555388	-4.029517	
439	-54.931391	-2.957290	
440	-59.918968	-2.965775	
441	-59.307049	-3.560901	
442	-60.082947	-3.539106	
443	-61.627671	-7.067088	
444	-59.127250	-5.342137	
445	-57.981610	-3.868362	
446	-61.198857	-5.086841	
447	-63.798858	-4.985163	
448	-62.704332	-5.200933	
449	-65.009145	-5.267735	
450	-61.999076	-4.307312	
451	-60.148269	-3.673307	
452	-61.209938	-3.970921	
453	-64.601009	-3.756660	
454	-64.416981	-3.483678	
455	-70.723670	-8.034405	
456	-69.691107	-4.448297	
457	-66.221184	-4.195801	
458	-66.521987	-4.716259	
459	-66.913313	-2.962587	
460	-68.169077	-3.521183	
461	-72.510955	-7.722549	
462	-73.642834	-5.559157	
463	-70.694494	-3.942078	
464	-67.917209	-0.763519	
465	-69.540366	-2.227913	
466	-68.788882	-0.788637	
467	-72.902613	-3.519907	
468	-71.438655	-3.125874	
469	-74.242924	-4.792064	
470	-76.126705	-2.433684	
471	-74.992705	-1.389936	
472	-74.863069	-0.005304	
473	-73.978692	-0.256133	
474	-75.641619	-1.036255	
475	-77.166193	-1.739351	
476	-75.983326	0.241552	
477	-75.648045	0.330524	
478	-75.572723	0.414163	
479	-75.905348	2.346340	
480	-78.033134	0.459415	
481	-77.447398	0.814042	
482	-76.750089	2.582408	
483	-77.500664	1.785581	
484	-79.177777	-0.828270	
485	-79.443739	-0.243360	
486	-80.109152	-0.868879	
487	-79.327103	-0.535265	
488	-78.418704	1.172948	
489	-79.697344	0.117894	
490	-79.175312	1.367929	
491	-81.124898	-0.865530	
492	-82.138885	-5.844103	
493	-81.855654	-1.691036	
494	-80.548418	-2.807205	
495	-84.007036	-9.273460	
496	-77.873617	1.097875	
497	-82.088208	-3.203945	
498	-84.970320	-11.795170	
499	-84.884835	-11.068600	
500	-84.686086	-10.258978	
501	-85.512552	-16.054973	
502	-85.718462	-15.418214	
503	-85.996581	-17.213080	
504	-80.545885	-3.369910	
505	-85.230693	-15.142041	
506	-87.660021	-35.519123	
507	-84.570302	-14.686316	
508	-86.108152	-24.574454	
509	-87.510403	-40.838377	
510	-81.752922	-8.991554	
511	-82.429690	-8.309055	
512	-83.228173	-10.926732	
513	-81.143364	-6.022718	
514	-79.596720	-4.035692	
515	-79.894082	-6.224886	
516	-85.433559	-22.381116	
517	-81.283187	-9.197767	
518	-86.418727	-30.524612	
519	-81.740911	-10.423797	
520	-80.934017	-8.039226	
521	-81.049050	-8.789808	
522	-81.418901	-8.979390	
523	-80.929285	-9.439519	
524	-86.086104	-32.814756	
525	-88.457394	-41.909081	
526	-81.829929	-6.312681	
527	-86.671049	-37.168670	
528	-88.085666	-56.317619	
529	-86.389699	-30.410246	
530	-88.189467	-56.373031	
531	-82.138421	-12.089328	
532	-86.739495	-33.075693	
533	-81.973817	-8.890922	
534	-86.740795	-37.396139	
535	-83.224472	-10.121284	
536	-86.852015	-31.978688	
537	-89.671574	-82.524114	
538	-87.584047	-35.463813	
539	-82.819610	-5.928565	
540	-80.786218	0.247341	
541	-86.667015	-17.780813	
542	-83.099027	0.519014	
543	-80.424708	3.969185	
544	-84.535664	1.490969	
545	-80.439059	7.342696	
546	-83.798525	7.041332	
547	-83.548332	11.333313	
548	-82.982517	11.849251	
549	-83.352114	14.505071	
550	-82.058614	12.192263	
551	-81.176679	14.696403	
552	-82.424722	14.964139	
553	-81.657333	17.778094	
554	-76.668257	13.890462	
555	-74.879011	14.726413	
556	-77.165578	19.145294	
557	-77.851864	18.966033	
558	-73.471732	16.597272	
559	-75.952102	19.349676	
560	-72.001276	16.550859	
561	-74.659998	20.502878	
562	-71.573063	18.960761	
563	-73.158713	18.723608	
564	-69.964880	16.458727	
565	-70.222264	18.444341	
566	-69.499381	20.263301	
567	-71.721763	20.255451	
568	-71.859017	19.660872	
569	-70.514515	20.043804	
570	-67.169727	20.557388	
571	-63.999172	16.261486	
572	-68.616231	20.308125	
573	-64.833362	21.147625	
574	-68.058254	19.547130	
575	-68.354774	19.394173	
576	-66.371569	18.512852	
577	-66.969507	20.001026	
578	-65.647709	19.503734	
579	-64.193284	18.970534	
580	-63.489038	18.460588	
581	-64.015165	18.043492	
582	-62.824619	17.970842	
583	-61.802075	16.955311	
584	-61.029964	17.003466	
585	-60.696477	16.515394	
586	-60.084683	15.074680	
587	-59.766987	15.576488	
588	-56.227307	11.477431	
589	-50.248812	12.290116	
590	-51.988979	10.461476	
591	-57.825266	11.398193	
592	-57.827687	11.231569	
593	-54.278756	13.840312	
594	-48.707866	12.035854	
595	-45.911743	9.034717	
596	-51.166106	12.636308	
597	-47.612367	9.100578	
598	-49.222407	11.116485	
599	-51.065771	7.210632	
600	-39.695628	3.700967	
601	-41.318754	7.054753	
602	-54.420555	9.119576	
603	-46.372129	7.367893	
604	-48.229930	10.150357	
605	-49.208095	10.861808	
606	-44.757514	8.021115	
607	-45.799861	4.361337	
608	-55.381424	7.359727	
609	-38.391870	-1.173856	
610	-42.695515	0.544123	
611	-53.453900	4.913910	
612	-48.665777	3.468474	
613	-46.309563	1.112561	
614	-52.344453	4.187842	
615	-47.564787	1.550867	
616	-52.379108	3.058937	
617	-48.477836	7.451699	
618	-51.612022	5.726139	
619	-52.185225	4.211977	
620	-52.116817	4.012423	
621	-51.692957	4.844322	
622	-51.355924	4.055824	
623	-51.767754	4.285009	
624	-52.573737	5.182919	
625	-46.899852	9.062411	
626	-49.811005	7.088257	
627	-52.951379	5.856662	
628	-51.721531	4.546458	
629	-47.273163	8.292572	
630	-45.147236	10.051661	
631	-48.826308	5.507089	
632	-51.492504	4.223592	
633	-49.872423	4.464913	
634	-52.134425	3.244501	
635	-51.367024	3.632875	
636	-51.899196	2.913101	
637	-51.550232	3.224388	
638	-52.255472	1.826144	
639	-51.354216	1.643375	
640	-51.592659	1.921381	
641	-50.630446	1.885944	
642	-50.821512	1.803026	
643	-51.334052	2.309026	
644	-50.299111	1.947579	
645	-50.820398	2.611846	
646	-49.684235	2.607775	
647	-50.496069	1.829523	
648	-49.342818	2.698212	
649	-49.122699	3.201437	
650	-49.690332	3.221433	
651	-49.127160	2.435422	
652	-49.517725	2.614469	
653	-49.746238	2.072739	
654	-43.729508	6.071266	
655	-41.342994	9.369794	
656	-51.540268	-0.072484	
657	-46.427093	3.843724	
658	-41.850486	9.047306	
659	-41.141885	9.062296	
660	-54.544972	-0.696292	
661	-48.920093	6.559578	
662	-43.309708	12.083656	
663	-47.791473	-4.537673	
664	-46.854454	5.129840	
665	-50.562086	9.782721	
666	-45.216309	10.799066	
667	-51.820196	2.276054	
668	-56.882057	-3.602002	
669	-47.737570	7.442403	
670	-51.403718	-1.244276	
671	-47.195795	9.660063	
672	-49.699240	8.171930	
673	-45.148253	9.234922	
674	-47.415990	10.097243	
675	-41.063352	9.912904	
676	-47.285973	4.969283	
677	-47.247888	11.630524	
678	-49.099577	9.078347	
679	-49.031841	6.059861	
680	-55.105036	8.822488	
681	-44.471034	10.820114	
682	-49.139733	7.361819	
683	-54.003961	5.876077	
684	-48.516478	10.756654	
685	-56.937561	4.063905	
686	-58.422334	-6.118273	
687	-48.084123	15.307784	
688	-48.228207	16.274190	
689	-53.386659	16.030177	
690	-52.071683	7.431372	
691	-46.964760	6.529593	
692	-58.861716	-3.583545	
693	-54.014147	5.937209	
694	-55.254340	0.385646	
695	-51.753218	2.944256	
696	-50.627368	2.436874	
697	-48.773124	1.953321	
698	-46.184254	3.095007	
699	-45.765251	9.185100	
700	-46.694894	4.370948	
701	-60.342031	-6.020661	
702	-53.621696	-6.006325	
703	-42.527137	4.599804	
704	-43.776891	2.596987	
705	-40.884027	3.363599	
706	-46.720759	-6.334543	
707	-44.433446	1.184449	
708	-52.362730	-5.122285	
709	-46.036704	1.321188	
710	-51.621557	-2.380718	
711	-55.578645	-5.461103	
712	-45.727174	3.597151	
713	-43.456871	4.938935	
714	-43.553916	5.902956	
715	-55.285986	-5.759755	
716	-50.987059	0.431973	
717	-49.785084	1.078118	
718	-47.749790	1.808598	
719	-49.653339	-0.004176	
720	-52.916423	-2.941304	
721	-53.124810	-3.172226	
722	-60.053232	-10.530190	
723	-63.286939	-15.249654	
724	-53.389587	-6.218289	
725	-51.488960	-5.091343	
726	-51.429896	-4.777622	
727	-52.532041	-7.262611	
728	-49.569167	-4.211355	
729	-52.108991	-5.263349	
730	-52.302773	-3.791076	
731	-63.131283	-13.883659	
732	-59.575903	-9.160497	
733	-54.032355	-5.560544	
734	-54.686091	-5.202973	
735	-55.413967	-6.135779	
736	-55.671786	-4.416143	
737	-57.758330	-5.126461	
738	-51.815360	-1.372353	
739	-64.561224	-11.432436	
740	-57.232151	-4.678499	
741	-52.320681	-0.967980	
742	-56.501017	-3.672452	
743	-57.544775	-2.510032	
744	-58.728703	-2.128034	
745	-58.999267	-0.948726	
746	-58.472579	-0.802183	
747	-58.916132	-1.917053	
748	-61.307633	-0.160548	
749	-61.311068	-2.310733	
750	-60.619830	-3.132638	
751	-62.768397	-1.501222	
752	-68.708044	-7.640951	
753	-55.344631	1.168445	
754	-58.482637	-0.312094	
755	-56.508989	-3.884694	
756	-63.720778	-7.136487	
757	-59.309003	-3.469085	
758	-50.776056	-2.230436	
759	-55.724039	-4.944193	
760	-54.625613	2.900780	
761	-60.706305	-2.613256	
762	-69.695629	-8.824434	
763	-65.428006	-5.350297	
764	-54.858353	-5.030360	
765	-61.724264	0.411431	
766	-66.489678	1.215220	
767	-64.990096	6.183579	
768	-66.792512	5.171828	
769	-68.443679	2.289243	
770	-67.823891	3.570151	
771	-68.069725	5.472015	
772	-70.686564	-4.067121	
773	-70.264017	-4.875866	
774	-53.071940	-3.038026	
775	-57.699390	-2.465411	
776	-69.388011	-6.874187	
777	-70.027338	2.446956	
778	-70.329464	5.232424	
779	-61.964410	-4.041275	
780	-70.747509	-7.622718	
781	-75.540766	-11.625290	
782	-72.731384	-8.757300	
783	-73.863050	-10.177792	
784	-74.835213	-8.691986	
785	-77.301495	-12.578794	
786	-65.503430	-4.533678	
787	-70.529957	-5.274396	
788	-76.488196	-10.264503	
789	-76.540989	-6.958444	
790	-66.288101	-0.639185	
791	-62.799965	-0.400438	
792	-74.744156	-2.895483	
793	-78.690445	-9.354066	
794	-76.273831	-4.010045	
795	-77.408854	-5.580270	
796	-78.649385	-6.425628	
797	-79.678872	-8.673953	
798	-77.705708	-3.425995	
799	-78.397472	-2.532245	
800	-79.761582	-7.135482	
801	-80.466495	-7.791957	
802	-81.219820	-9.566789	
803	-80.961378	-3.875065	
804	-81.230453	-8.763416	
805	-81.808731	-9.746735	
806	-83.020889	-7.016305	
807	-82.738313	-5.851484	
808	-82.374471	-3.193780	
809	-82.005698	-3.349787	
810	-83.220730	-12.878444	
811	-82.356488	-16.198864	
812	-86.503162	-27.391671	
813	-63.783356	2.176707	
814	-75.716068	-0.392606	
815	-85.486198	13.370669	
816	-79.640234	17.036211	
817	-73.567939	2.258286	
818	-72.829896	-1.677508	
819	-73.872912	-1.038018	
820	-85.624724	-21.169427	
821	-85.384898	-12.502512	
822	-84.734585	0.675955	
823	-85.142573	-48.602417	
824	-83.374282	-21.391064	
825	-84.504302	-10.739477	
826	-85.660156	-21.135086	
827	-85.613768	-25.658702	
828	-85.384134	-17.460288	
829	-86.306229	-34.708750	
830	-87.671458	-54.616843	
831	-87.826472	-56.675050	
832	-86.264902	-37.404147	
833	-86.983744	-44.494117	
834	-85.746428	-28.738789	
835	-86.913166	-45.081509	
836	-87.534448	-50.993908	
837	-85.559075	-24.931255	
838	-83.007987	-20.442885	
839	-83.352837	-22.091807	
840	-86.601802	-44.357961	
841	-88.741685	-65.182985	
842	-88.899922	-71.123661	
843	-88.748379	-70.104557	
844	-87.609726	-53.770698	
845	-87.722747	-50.527296	
846	-88.514685	-64.831607	
847	-87.387370	-44.095760	
848	-87.356410	-46.105422	
849	-88.179606	-61.698256	
850	-84.017144	6.526347	
851	-95.734719	-110.855131	
852	-87.980411	-77.793926	
853	-88.684783	-23.775722	
854	-88.136203	-39.494499	
855	-88.193076	-37.471077	
856	-87.347258	-7.202415	
857	-87.225889	3.192220	
858	-87.658789	-4.722884	
859	-87.654887	-15.467083	
860	-86.634839	7.227747	
861	-86.271990	11.482157	
862	-88.220779	-40.243250	
863	-85.869128	8.431979	
864	-84.847474	18.314068	
865	-84.716097	27.522201	
866	-83.973513	22.356331	
867	-84.316203	23.725261	
868	-83.919523	24.428254	
869	-83.882154	28.994472	
870	-83.847676	24.961685	
871	-81.658195	23.592339	
872	-81.572999	23.126432	
873	-80.629176	23.756725	
874	-80.497947	21.646968	
875	-78.356302	21.051255	
876	-78.374540	23.402836	
877	-79.315670	18.442093	
878	-78.478577	21.072075	
879	-76.694622	21.770437	
880	-76.168916	21.480770	
881	-75.493710	19.720929	
882	-76.353740	19.647929	
883	-74.664908	21.556539	
884	-73.977967	22.234144	
885	-73.106971	22.978292	
886	-71.386430	23.205346	
887	-72.421156	24.750590	
888	-71.188517	26.535747	
889	-70.517864	22.895537	
890	-70.124658	18.972488	
891	-69.616279	21.799802	
892	-69.026658	19.444714	
893	-68.166767	20.561506	
894	-66.337587	19.969875	
895	-65.649488	19.634434	
896	-66.163144	21.833070	
897	-65.790817	19.012580	
898	-65.377833	17.801312	
899	-64.336698	19.123486	
900	-64.177926	18.905951	
901	-60.592592	17.930886	
902	-58.638729	16.596633	
903	-58.398734	17.979176	
904	-57.109573	16.567536	
905	-57.372297	15.936434	
906	-56.664995	15.473921	
907	-57.329881	18.004376	
908	-59.527744	13.708258	
909	-58.120403	16.608903	
910	-53.386746	23.687288	
911	-54.117187	19.718753	
912	-57.471355	13.098359	
913	-54.837020	14.623789	
914	-52.497141	14.515778	
915	-52.400010	12.918122	
916	-52.179906	13.025028	
917	-55.303230	12.019493	
918	-56.204049	10.671328	
919	-56.220612	10.986603	
920	-52.854121	10.504667	
921	-52.212710	9.466369	
922	-52.799355	10.524609	
923	-48.600603	17.585331	
924	-51.726114	12.909016	
925	-55.027193	6.002093	
926	-54.821128	6.281994	
927	-53.336504	9.146440	
928	-50.014624	10.688033	
929	-49.023663	8.927038	
930	-49.170901	8.422222	
931	-51.586442	7.056005	
932	-50.556783	7.941240	
933	-51.971481	7.625719	
934	-51.258406	7.128946	
935	-51.326499	8.118018	
936	-51.451380	7.994222	
937	-51.126498	8.096938	
938	-48.504113	8.272556	
939	-46.727226	8.756681	
940	-49.480115	8.711212	
941	-47.696600	8.512100	
942	-47.278113	9.205520	
943	-48.430258	10.120075	
944	-49.480846	10.298698	
945	-49.320678	10.599075	
946	-49.340998	10.325696	
947	-49.764752	11.872712	
948	-50.272668	10.393996	
949	-47.757796	6.895575	
950	-46.069888	15.043181	
951	-46.283588	12.927543	
952	-47.897646	8.463555	
953	-46.756690	8.346807	
954	-48.659939	10.086434	
955	-48.515596	9.656462	
956	-48.361327	7.060790	
957	-50.766316	6.803502	
958	-46.916269	6.636221	
959	-48.372101	7.897471	
960	-47.636581	7.495553	
961	-48.561666	8.166856	
962	-44.820428	5.204331	
963	-44.766772	5.490664	
964	-46.779272	6.965477	
965	-48.850016	6.067374	
966	-49.457675	6.338935	
967	-49.068512	6.443650	
968	-48.549179	6.342618	
969	-47.257069	7.928524	
970	-48.044217	7.532291	
971	-48.932229	7.342727	
972	-48.232126	8.322949	
973	-42.735278	7.304841	
974	-38.898193	22.274383	
975	-40.896794	24.663500	
976	-44.704040	14.698559	
977	-47.821053	11.076987	
978	-47.291262	12.138112	
979	-45.693184	13.828788	
980	-44.334479	9.142792	
981	-45.880237	10.598289	
982	-47.080603	9.427105	
983	-43.749073	10.429958	
984	-43.002221	9.501224	
985	-44.941201	10.119998	
986	-43.700396	9.549050	
987	-44.980272	9.233604	
988	-41.976693	13.225784	
989	-63.140698	-0.539921	
990	-51.037737	8.842670	
991	-40.503763	14.774728	
992	-44.169300	12.919852	
993	-42.670134	14.674115	
994	-43.090448	14.460685	
995	NaN	NaN	
996	NaN	NaN	
997	NaN	NaN	
998	NaN	NaN	
999	NaN	NaN	
1000	NaN	NaN	
1001	NaN	NaN	
1002	NaN	NaN	
1003	NaN	NaN	
1004	NaN	NaN	
1005	NaN	NaN	
1006	NaN	NaN	
1007	NaN	NaN	
1008	NaN	NaN	
1009	NaN	NaN	
1010	NaN	NaN	
1011	NaN	NaN	
1012	NaN	NaN	
1013	NaN	NaN	
1014	NaN	NaN	
1015	NaN	NaN	
1016	NaN	NaN	
1017	NaN	NaN	
1018	NaN	NaN	
1019	NaN	NaN	
1020	NaN	NaN	
1021	NaN	NaN	
1022	NaN	NaN	
1023	NaN	NaN	
1024	NaN	NaN	
1025	NaN	NaN	
1026	NaN	NaN	
1027	NaN	NaN	
1028	NaN	NaN	
1029	NaN	NaN	
1030	NaN	NaN	
1031	NaN	NaN	
1032	NaN	NaN	
1033	NaN	NaN	
1034	NaN	NaN	
1035	NaN	NaN	
1036	NaN	NaN	
1037	NaN	NaN	
1038	NaN	NaN	
1039	NaN	NaN	
1040	NaN	NaN	
1041	NaN	NaN	
1042	NaN	NaN	
1043	NaN	NaN	
1044	NaN	NaN	
1045	NaN	NaN	
1046	NaN	NaN	
1047	NaN	NaN	
1048	NaN	NaN	
1049	NaN	NaN	
1050	NaN	NaN	
1051	NaN	NaN	
1052	NaN	NaN	
1053	NaN	NaN	
1054	NaN	NaN	
1055	NaN	NaN	
1056	NaN	NaN	
1057	NaN	NaN	
1058	NaN	NaN	
1059	NaN	NaN	
1060	NaN	NaN	
1061	NaN	NaN	
1062	NaN	NaN	
1063	NaN	NaN	
1064	NaN	NaN	
1065	NaN	NaN	
1066	NaN	NaN	
1067	NaN	NaN	
1068	NaN	NaN	
1069	NaN	NaN	
1070	NaN	NaN	
1071	NaN	NaN	
1072	NaN	NaN	
1073	NaN	NaN	
1074	NaN	NaN	
1075	NaN	NaN	
1076	NaN	NaN	
1077	NaN	NaN	
1078	NaN	NaN	
1079	NaN	NaN	
1080	NaN	NaN	
1081	NaN	NaN	
1082	NaN	NaN	
1083	NaN	NaN	
1084	NaN	NaN	
1085	NaN	NaN	
1086	NaN	NaN	
1087	NaN	NaN	
1088	NaN	NaN	
1089	NaN	NaN	
1090	NaN	NaN	
1091	NaN	NaN	
1092	NaN	NaN	
1093	NaN	NaN	
1094	NaN	NaN	
1095	NaN	NaN	
1096	NaN	NaN	
1097	NaN	NaN	
1098	NaN	NaN	
1099	NaN	NaN	
1100	NaN	NaN	
1101	NaN	NaN	
1102	NaN	NaN	
1103	NaN	NaN	
1104	NaN	NaN	
1105	NaN	NaN	
1106	NaN	NaN	
1107	NaN	NaN	
1108	NaN	NaN	
1109	NaN	NaN	
1110	NaN	NaN	
1111	NaN	NaN	
1112	NaN	NaN	
1113	NaN	NaN	
1114	NaN	NaN	
1115	NaN	NaN	
1116	NaN	NaN	
1117	NaN	NaN	
1118	NaN	NaN	
1119	NaN	NaN	
1120	NaN	NaN	
1121	NaN	NaN	
1122	NaN	NaN	
1123	NaN	NaN	
1124	NaN	NaN	
1125	NaN	NaN	
1126	NaN	NaN	
1127	NaN	NaN	
1128	NaN	NaN	
1129	NaN	NaN	
1130	NaN	NaN	
1131	NaN	NaN	
1132	NaN	NaN	
1133	NaN	NaN	
1134	NaN	NaN	
1135	NaN	NaN	
1136	NaN	NaN	
1137	NaN	NaN	
1138	NaN	NaN	
1139	NaN	NaN	
1140	NaN	NaN	
1141	NaN	NaN	
1142	NaN	NaN	
1143	NaN	NaN	
1144	NaN	NaN	
1145	NaN	NaN	
1146	NaN	NaN	
1147	NaN	NaN	
1148	NaN	NaN	
1149	NaN	NaN	
1150	NaN	NaN	
1151	NaN	NaN	
1152	NaN	NaN	
1153	NaN	NaN	
1154	NaN	NaN	
1155	NaN	NaN	
1156	NaN	NaN	
1157	NaN	NaN	
1158	NaN	NaN	
1159	NaN	NaN	
1160	NaN	NaN	
1161	NaN	NaN	
1162	NaN	NaN	
1163	NaN	NaN	
1164	NaN	NaN	
1165	NaN	NaN	
1166	NaN	NaN	
1167	NaN	NaN	
1168	NaN	NaN	
1169	NaN	NaN	
1170	NaN	NaN	
1171	NaN	NaN	
1172	NaN	NaN	
1173	NaN	NaN	
1174	NaN	NaN	
1175	NaN	NaN	
1176	NaN	NaN	
1177	NaN	NaN	
1178	NaN	NaN	
1179	NaN	NaN	
1180	NaN	NaN	
1181	NaN	NaN	
1182	NaN	NaN	
1183	NaN	NaN	
1184	NaN	NaN	
