Athlete_Engineering	// User ID
11-2-2021	// Evaluation date
P015_Squat	30-1-2021	14:15:26:244	// Source file name and timestamp
250.000	// Sampling rate
9.152	// Data capture period



Sample #	Right_Leg_Flexion	Right_Leg_Abduction	
0	-70.900268	35.932465	
1	-68.896841	29.425651	
2	-66.572197	28.473324	
3	-67.442472	28.972407	
4	-67.342828	28.952290	
5	-67.349307	29.291857	
6	-67.301817	29.197903	
7	-67.217561	29.041418	
8	-67.284699	28.848025	
9	-67.508110	29.030895	
10	-67.445054	28.660687	
11	-67.373343	28.305569	
12	-67.285784	28.133292	
13	-67.181691	28.879140	
14	-67.043560	29.745665	
15	-66.968234	28.431595	
16	-67.184190	28.757140	
17	-68.017638	29.457951	
18	-67.031317	29.151727	
19	-66.651844	30.179839	
20	-67.410196	30.277144	
21	-67.367538	28.849730	
22	-67.030749	29.169255	
23	-66.720995	29.823988	
24	-67.103390	28.766812	
25	-66.627220	28.570709	
26	-67.026071	29.155927	
27	-67.194773	29.666997	
28	-66.928734	30.012288	
29	-66.991818	29.301957	
30	-66.912890	29.709877	
31	-66.465063	28.436232	
32	-66.499169	29.104771	
33	-66.467948	28.996112	
34	-66.550375	28.716806	
35	-66.628053	28.766967	
36	-66.981539	28.523040	
37	-66.768100	29.102690	
38	-66.570503	29.693218	
39	-66.700519	28.944292	
40	-66.831300	29.210848	
41	-66.362534	29.891278	
42	-66.605605	28.866852	
43	-66.188183	29.416707	
44	-66.237658	29.670601	
45	-66.333516	28.623216	
46	-66.347861	28.637846	
47	-66.543795	28.239077	
48	-66.470176	28.288526	
49	-66.780548	28.263344	
50	-66.223388	27.776433	
51	-66.901338	28.226092	
52	-66.827173	28.294344	
53	-67.021134	28.008661	
54	-66.842397	28.271219	
55	-66.665132	27.785258	
56	-67.206555	28.640301	
57	-67.909738	29.293262	
58	-66.734147	27.867687	
59	-67.308818	28.605050	
60	-69.196298	30.749733	
61	-68.637695	29.337518	
62	-67.228564	28.210119	
63	-67.503786	28.652960	
64	-68.808156	30.421141	
65	-68.919559	30.323915	
66	-68.897380	30.242098	
67	-68.825659	30.531460	
68	-68.721665	30.257960	
69	-68.590302	29.793815	
70	-68.280138	29.524052	
71	-68.356592	29.237252	
72	-69.162634	29.535421	
73	-68.061014	29.637991	
74	-69.153792	30.282648	
75	-68.746933	29.987548	
76	-68.489819	30.636897	
77	-68.851066	29.939772	
78	-68.830492	30.449426	
79	-68.449544	31.161460	
80	-68.692886	30.869836	
81	-68.438624	30.235907	
82	-68.390551	30.003214	
83	-68.495302	29.894265	
84	-67.621910	29.726672	
85	-66.588642	29.443137	
86	-67.484355	29.234409	
87	-66.656466	27.994936	
88	-68.108831	28.786116	
89	-66.686238	28.721737	
90	-66.488855	27.760822	
91	-67.128519	28.471162	
92	-68.110566	29.182544	
93	-66.525877	27.706097	
94	-66.855401	27.657027	
95	-66.859230	27.201810	
96	-66.905498	27.437413	
97	-66.589873	27.135428	
98	-66.917575	28.099683	
99	-67.092954	28.094942	
100	-66.848048	27.439548	
101	-66.530847	27.236212	
102	-66.582837	27.126478	
103	-66.662384	27.069965	
104	-66.959885	28.168652	
105	-66.882966	28.141974	
106	-66.809731	27.364830	
107	-66.634836	27.220891	
108	-66.649166	27.305942	
109	-66.742993	27.455798	
110	-66.540486	27.386904	
111	-66.851401	27.435592	
112	-66.938789	27.894674	
113	-66.845229	27.889578	
114	-66.825621	27.607788	
115	-66.722585	27.440418	
116	-66.754626	27.299721	
117	-66.650812	27.598701	
118	-66.668802	27.044431	
119	-66.834742	27.381678	
120	-66.859610	27.551804	
121	-66.867771	27.512580	
122	-66.832034	27.457294	
123	-66.486562	27.267880	
124	-66.861664	27.699913	
125	-66.912508	27.890581	
126	-66.755449	27.660280	
127	-66.928324	27.781476	
128	-67.152331	28.247705	
129	-66.822979	27.769094	
130	-67.009805	27.592263	
131	-66.652685	27.869916	
132	-67.385560	28.223054	
133	-68.138736	28.977407	
134	-66.701230	27.734315	
135	-66.912959	28.052263	
136	-67.774914	28.764505	
137	-67.287748	27.935881	
138	-67.204742	26.966206	
139	-67.357055	27.669245	
140	-66.603582	27.557978	
141	-67.440469	27.774971	
142	-67.580013	28.812088	
143	-67.539716	28.657634	
144	-67.260866	28.613042	
145	-67.549956	27.612392	
146	-68.647092	27.662258	
147	-66.876815	26.137614	
148	-66.855913	26.396061	
149	-66.779658	25.909834	
150	-67.337343	27.034255	
151	-68.319953	30.703363	
152	-66.030117	26.854220	
153	-66.206709	28.253814	
154	-66.107501	28.942549	
155	-66.388240	27.844898	
156	-66.408461	28.164013	
157	-67.154460	29.106494	
158	-66.901690	29.175110	
159	-66.556368	28.747186	
160	-65.670422	28.837358	
161	-65.641105	28.657119	
162	-66.002139	27.226349	
163	-65.563913	27.324823	
164	-65.676836	27.049642	
165	-64.408184	27.431365	
166	-64.343787	26.827038	
167	-64.325445	26.213831	
168	-64.061988	26.554239	
169	-64.028341	28.343990	
170	-64.144238	27.737499	
171	-64.090299	27.451769	
172	-63.717185	26.471260	
173	-63.005264	25.651970	
174	-63.181954	26.223140	
175	-64.607771	26.476395	
176	-62.913493	24.004434	
177	-62.731365	24.382237	
178	-62.325559	23.735387	
179	-61.561555	23.538932	
180	-62.449431	24.593695	
181	-61.862801	24.678117	
182	-59.081139	23.236729	
183	-59.106106	22.911586	
184	-59.120214	23.227753	
185	-59.313841	22.653039	
186	-59.308320	21.580356	
187	-58.226757	21.174684	
188	-57.184360	21.574541	
189	-56.483762	21.227589	
190	-55.792634	22.223734	
191	-55.134043	21.532056	
192	-53.164411	21.863046	
193	-53.043908	20.926877	
194	-52.964132	20.409666	
195	-52.424527	20.517483	
196	-52.297320	20.215807	
197	-51.201095	20.318808	
198	-50.616091	19.373269	
199	-49.472909	18.493679	
200	-48.991096	18.831411	
201	-47.970463	19.176646	
202	-47.699147	18.517858	
203	-47.208082	18.291146	
204	-46.340537	18.194073	
205	-45.608228	17.359538	
206	-45.169764	17.162816	
207	-44.099661	16.825002	
208	-42.756895	17.338320	
209	-41.930313	17.293142	
210	-40.783891	16.448587	
211	-42.032242	16.323984	
212	-39.991121	17.010694	
213	-39.887795	17.022931	
214	-39.390442	16.511071	
215	-38.687636	15.329575	
216	-37.609460	16.933330	
217	-37.505156	18.122321	
218	-36.284444	17.854413	
219	-35.534077	17.586701	
220	-35.167869	17.544871	
221	-34.827077	18.175645	
222	-33.430313	17.781484	
223	-32.427102	17.005605	
224	-32.090908	17.919843	
225	-30.963385	18.131482	
226	-30.108334	17.754275	
227	-30.351677	17.464603	
228	-29.095487	17.493649	
229	-28.460083	18.079158	
230	-27.803996	18.598891	
231	-26.954116	18.911321	
232	-25.699478	18.774862	
233	-25.201320	18.534192	
234	-24.259191	18.094803	
235	-23.679125	18.909287	
236	-22.923747	19.156681	
237	-22.236328	18.888086	
238	-21.701870	18.943629	
239	-20.806379	18.860593	
240	-20.475485	18.671165	
241	-19.887180	18.713564	
242	-19.184964	19.755623	
243	-18.855852	19.910642	
244	-17.750170	19.334434	
245	-17.409504	18.648456	
246	-16.912726	18.862549	
247	-15.233756	18.866576	
248	-15.973910	19.739237	
249	-15.249561	19.386070	
250	-14.223054	18.670419	
251	-14.463009	19.950636	
252	-12.863356	18.547994	
253	-13.086552	19.713223	
254	-12.113260	19.505007	
255	-10.966705	19.979738	
256	-10.858781	19.554110	
257	-10.099020	19.644983	
258	-9.275720	19.386919	
259	-9.082772	18.830922	
260	-8.141728	19.356689	
261	-7.817780	19.189598	
262	-8.209815	21.640169	
263	-9.904033	26.506594	
264	-6.220531	19.495437	
265	-5.890395	20.471728	
266	-5.892960	20.078282	
267	-4.726245	20.259155	
268	-4.524300	20.220381	
269	-4.469921	20.324924	
270	-3.968670	20.886176	
271	-4.273256	21.224901	
272	-3.618311	21.730831	
273	-2.726864	20.969630	
274	-2.422537	20.846509	
275	-1.721099	20.349633	
276	-1.680472	21.004501	
277	-0.914171	21.072675	
278	-0.336226	21.134250	
279	-0.128170	21.450939	
280	-0.048142	20.755580	
281	0.875584	20.868562	
282	1.546615	20.943175	
283	1.227980	21.201186	
284	1.835080	21.215100	
285	2.547717	21.155027	
286	2.685200	21.754419	
287	2.982879	21.616084	
288	3.112533	21.989528	
289	3.361439	22.306803	
290	4.249967	21.589144	
291	4.478251	22.135602	
292	4.692700	21.696583	
293	5.455294	21.397429	
294	5.727358	20.189978	
295	6.040560	20.656675	
296	7.124106	20.903379	
297	6.558140	21.289309	
298	6.914475	20.996331	
299	7.467151	21.425899	
300	7.665356	21.718049	
301	8.156039	22.145305	
302	8.012799	21.641742	
303	8.553217	21.650462	
304	8.728680	21.770531	
305	9.324077	21.536322	
306	9.679286	22.204080	
307	9.458269	23.321034	
308	10.055701	22.248439	
309	10.111532	22.541212	
310	10.266252	22.370397	
311	10.497372	22.605386	
312	10.876698	23.455407	
313	10.926906	23.075288	
314	11.634198	23.754028	
315	11.942599	24.142474	
316	12.150111	24.161218	
317	12.177809	23.458248	
318	12.774433	23.508235	
319	13.154351	23.626093	
320	13.554886	23.716235	
321	13.124769	24.000112	
322	13.384423	23.569032	
323	13.958449	23.972899	
324	14.143370	23.748058	
325	14.002585	23.879745	
326	14.552586	24.629487	
327	14.287678	24.118823	
328	15.041926	24.262322	
329	15.338783	24.842654	
330	15.533205	24.549056	
331	15.871608	24.781318	
332	15.229082	24.495449	
333	15.838961	24.674294	
334	16.334743	24.344308	
335	16.412911	24.799448	
336	16.893873	25.692194	
337	16.639505	25.190891	
338	16.816828	25.277944	
339	17.170269	25.301319	
340	17.535215	25.125501	
341	17.914872	25.221101	
342	18.653478	24.908190	
343	19.032310	25.492246	
344	18.525777	25.442781	
345	19.614751	25.983521	
346	19.335790	26.743327	
347	19.013559	26.404874	
348	20.046932	26.412437	
349	19.976806	25.994907	
350	19.997677	25.872428	
351	20.446512	26.099886	
352	21.338020	27.006737	
353	21.404496	27.685268	
354	20.951241	26.243210	
355	21.359040	26.558268	
356	21.923277	26.710651	
357	21.882252	26.799284	
358	21.893807	26.104907	
359	22.206482	26.231768	
360	22.400627	26.842832	
361	22.940234	27.412179	
362	23.086654	26.431557	
363	23.055997	26.575273	
364	23.268588	27.346285	
365	23.936681	27.545162	
366	24.118418	26.264734	
367	24.214936	27.160485	
368	24.607351	27.311787	
369	25.064069	27.267176	
370	25.070642	27.187637	
371	25.477871	27.828213	
372	26.059791	28.349230	
373	25.978699	28.148529	
374	26.175433	27.983734	
375	26.786272	28.032603	
376	26.364249	27.329571	
377	26.258830	27.857026	
378	26.922034	27.738868	
379	27.567770	27.226230	
380	28.031041	27.598217	
381	27.717320	27.582037	
382	27.707657	27.578539	
383	28.350732	27.243809	
384	28.776354	27.738508	
385	29.107548	27.617519	
386	28.420181	26.988558	
387	28.793763	27.233180	
388	29.258452	27.469660	
389	29.159520	27.423219	
390	29.704297	28.088695	
391	29.809216	27.900380	
392	29.764384	28.343504	
393	30.925122	29.383197	
394	31.326394	29.578499	
395	31.333872	29.678915	
396	31.454071	28.965131	
397	32.027842	29.314567	
398	32.488566	29.947498	
399	33.246071	29.740817	
400	33.437078	29.727326	
401	33.323953	30.120664	
402	33.199049	29.496183	
403	33.565608	29.066929	
404	34.370220	29.263840	
405	34.355355	29.453341	
406	34.379489	29.521067	
407	34.549527	29.546324	
408	34.915263	29.658351	
409	35.392055	30.761221	
410	35.400451	29.514427	
411	36.045413	30.107622	
412	35.955017	30.478651	
413	36.352662	30.725358	
414	36.529456	30.726872	
415	36.650718	30.476963	
416	37.111815	30.512386	
417	37.142071	31.157735	
418	36.637691	30.282334	
419	37.405193	30.269909	
420	37.397976	30.568286	
421	37.869227	30.794023	
422	38.364066	30.564625	
423	38.440474	31.315215	
424	38.124063	31.362012	
425	38.195396	31.336634	
426	39.098894	31.906704	
427	38.884423	31.184841	
428	39.254516	31.765541	
429	39.300654	31.492812	
430	39.077535	31.317984	
431	39.319038	31.712608	
432	39.370088	31.597652	
433	39.129477	31.085920	
434	39.190724	30.899108	
435	39.711787	30.822995	
436	39.944594	30.828623	
437	39.970254	30.900367	
438	40.204971	31.355115	
439	40.542966	31.144013	
440	40.494960	31.273874	
441	40.037757	30.973118	
442	39.993927	31.165508	
443	40.307929	30.874487	
444	40.060760	30.854203	
445	40.013311	31.085885	
446	39.896689	30.773518	
447	39.733048	30.356470	
448	39.956942	30.612355	
449	39.236564	30.296406	
450	38.929045	29.907535	
451	38.641359	29.468924	
452	38.956294	29.726514	
453	38.987348	30.259786	
454	38.885812	29.441654	
455	38.816769	30.175313	
456	38.695037	29.296894	
457	38.521889	28.678374	
458	37.900102	28.725525	
459	37.264483	27.853253	
460	36.853790	27.597146	
461	37.053526	26.820748	
462	37.080129	27.080628	
463	37.118317	27.019718	
464	36.323052	26.337316	
465	35.754316	26.765681	
466	36.253992	27.356597	
467	36.421267	27.383817	
468	35.663433	27.310409	
469	35.210088	27.288289	
470	35.360411	26.953151	
471	35.246428	26.309898	
472	34.733338	27.076511	
473	34.696040	26.515862	
474	34.735863	26.487498	
475	34.338549	25.452809	
476	33.579584	25.216579	
477	33.240374	25.086299	
478	32.468937	25.159299	
479	32.356153	24.452436	
480	32.075616	24.488960	
481	31.864095	24.568214	
482	31.889099	23.911776	
483	30.531747	23.482022	
484	30.588206	23.941187	
485	30.407366	23.676295	
486	29.626028	22.860916	
487	29.241693	22.789193	
488	29.070061	22.516483	
489	29.028037	23.108394	
490	28.170014	21.821883	
491	27.633974	22.206837	
492	27.698528	22.008019	
493	27.205881	21.960544	
494	27.265032	21.930932	
495	26.667909	21.637198	
496	26.351575	21.471576	
497	25.795115	21.504995	
498	25.570064	21.753062	
499	25.493504	21.839279	
500	24.847762	21.456215	
501	24.541894	21.777666	
502	24.271046	21.458028	
503	23.533572	20.833231	
504	23.386938	21.646236	
505	23.357844	22.337443	
506	22.274630	21.816638	
507	22.585020	22.360762	
508	21.303739	21.696715	
509	21.366187	22.439961	
510	20.531223	21.583802	
511	20.608684	21.683720	
512	19.881387	21.702806	
513	19.137686	22.010355	
514	19.117160	21.444120	
515	18.859331	21.536725	
516	18.214625	20.252118	
517	17.780940	20.508130	
518	17.435934	20.853738	
519	16.342359	19.989904	
520	16.170973	20.783096	
521	15.844976	20.162749	
522	14.874257	20.529635	
523	15.029954	19.864472	
524	14.616364	19.915935	
525	13.629143	19.686324	
526	13.089690	20.013898	
527	13.156446	20.087451	
528	12.352004	18.974828	
529	11.792003	19.298694	
530	11.765973	19.742551	
531	11.357806	20.148814	
532	10.560543	19.689482	
533	10.171916	19.740952	
534	9.661441	19.251736	
535	10.355116	20.064583	
536	9.665422	19.928435	
537	8.301713	18.753700	
538	7.976815	19.668583	
539	7.333825	19.692572	
540	6.418384	19.590318	
541	5.365604	19.178104	
542	5.533201	19.104592	
543	4.750138	18.979189	
544	4.618736	19.505712	
545	4.079392	19.283315	
546	4.006408	19.467374	
547	2.928580	19.021715	
548	1.882290	18.471602	
549	1.562916	19.277028	
550	1.060895	18.966923	
551	0.717536	18.713035	
552	0.073393	19.087695	
553	-0.565983	19.338966	
554	-0.211188	19.565830	
555	-1.038999	18.897136	
556	-2.331783	19.204571	
557	-2.582392	18.710305	
558	-3.164305	18.834573	
559	-3.533131	19.041955	
560	-4.483404	18.930578	
561	-4.440893	18.763134	
562	-5.252302	19.000466	
563	-5.973772	19.389601	
564	-6.570676	19.562533	
565	-7.128860	19.271995	
566	-7.727728	19.426957	
567	-8.272002	19.655558	
568	-8.263865	19.576156	
569	-9.360745	19.464633	
570	-9.599197	19.564513	
571	-10.176617	19.263700	
572	-10.708111	18.830007	
573	-11.129954	18.243057	
574	-12.226500	18.532750	
575	-12.320501	18.592925	
576	-13.263694	18.716146	
577	-13.798779	18.772628	
578	-14.083447	18.687132	
579	-14.901330	19.334338	
580	-15.449807	19.685829	
581	-15.632728	19.731345	
582	-16.618858	20.200784	
583	-17.060730	19.130588	
584	-17.081956	18.204410	
585	-17.582216	18.715821	
586	-17.606471	19.135365	
587	-19.514619	20.222675	
588	-20.476981	20.353450	
589	-20.301709	20.056510	
590	-20.464704	19.399358	
591	-20.849196	19.915651	
592	-21.958736	20.173622	
593	-22.461345	19.995226	
594	-23.436203	19.501610	
595	-23.920991	20.403269	
596	-23.449094	19.817590	
597	-25.263949	19.626086	
598	-20.580680	16.414986	
599	-13.939053	13.110485	
600	-28.103673	19.881005	
601	-25.720162	17.646674	
602	-27.234490	19.463851	
603	-28.236978	19.344714	
604	-29.239042	19.611227	
605	-28.542868	19.118836	
606	-28.360239	19.474583	
607	-29.834409	19.915625	
608	-30.231896	19.735619	
609	-30.592267	19.605637	
610	-31.527405	19.199321	
611	-31.816407	18.120937	
612	-32.626289	18.415808	
613	-33.242656	19.510330	
614	-33.612907	22.037683	
615	-35.450843	25.514009	
616	-33.747318	20.685328	
617	-34.490092	21.198186	
618	-35.721966	20.018975	
619	-35.481061	20.306162	
620	-36.967955	21.840663	
621	-37.269882	21.648301	
622	-37.063061	21.018142	
623	-38.345664	23.238879	
624	-40.861607	26.921775	
625	-39.431295	21.216697	
626	-41.114058	24.133666	
627	-41.687606	23.644376	
628	-41.224185	23.140332	
629	-41.507048	23.123928	
630	-41.605537	22.367265	
631	-42.010030	22.203422	
632	-42.296686	22.230421	
633	-41.987524	22.119561	
634	-43.451189	21.621563	
635	-44.869693	24.890311	
636	-45.768147	25.257819	
637	-47.229132	24.880434	
638	-46.883217	23.638207	
639	-45.914593	22.734273	
640	-46.137338	22.007763	
641	-47.519586	22.471907	
642	-47.445479	22.528711	
643	-48.708035	23.173800	
644	-50.057127	24.388788	
645	-49.578159	24.826198	
646	-51.330286	25.676993	
647	-49.173509	23.728057	
648	-49.315860	23.329318	
649	-50.367795	22.363177	
650	-51.447094	22.767590	
651	-51.462725	23.187128	
652	-51.559447	23.695019	
653	-51.976361	24.124567	
654	-54.414562	25.411450	
655	-53.773362	24.088332	
656	-52.682983	23.183083	
657	-53.973123	23.883464	
658	-54.256744	23.541954	
659	-54.092575	23.433349	
660	-54.513784	24.147625	
661	-55.284203	24.705782	
662	-55.062559	24.402843	
663	-55.645744	24.038078	
664	-56.521154	24.488870	
665	-57.782841	25.083123	
666	-59.647167	26.671105	
667	-57.910066	25.062620	
668	-57.932909	24.803304	
669	-58.509211	25.091267	
670	-58.927942	25.449098	
671	-58.772939	25.957496	
672	-58.642775	25.556524	
673	-57.843753	24.998948	
674	-57.869343	24.526888	
675	-58.748504	24.437263	
676	-59.648912	23.557499	
677	-62.022174	27.607984	
678	-62.682295	27.115744	
679	-62.809800	27.535043	
680	-62.972877	28.043076	
681	-63.565013	28.824681	
682	-63.107130	27.762213	
683	-63.359476	27.356008	
684	-65.545485	29.675079	
685	-63.666891	27.246319	
686	-64.532561	26.917299	
687	-65.561737	26.957455	
688	-64.972706	27.303757	
689	-64.080467	26.126765	
690	-64.801603	27.142411	
691	-65.746882	28.263830	
692	-65.320513	27.924561	
693	-65.502989	27.831737	
694	-65.536372	27.698074	
695	-65.241652	28.547195	
696	-65.985236	29.046217	
697	-65.757953	28.268000	
698	-66.538436	29.074894	
699	-66.599208	28.342400	
700	-66.510309	27.146851	
701	-67.441089	29.803116	
702	-66.991185	28.974195	
703	-67.143679	29.276780	
704	-67.301454	29.660805	
705	-67.265168	29.527689	
706	-67.824172	30.188902	
707	-67.647122	29.531412	
708	-67.450599	29.390045	
709	-67.658015	29.329750	
710	-67.686551	29.502171	
711	-67.873863	29.440853	
712	-69.115982	31.336453	
713	-69.882562	32.262755	
714	-68.039006	30.066066	
715	-68.692234	29.781279	
716	-69.250215	30.462904	
717	-68.939550	30.122237	
718	-69.383360	30.848568	
719	-70.051581	30.757767	
720	-70.244947	31.529914	
721	-70.361054	32.017336	
722	-71.130776	32.901648	
723	-71.940013	31.956047	
724	-72.188942	32.854483	
725	-72.461528	35.253571	
726	-72.174723	35.134183	
727	-71.055619	34.124523	
728	-71.405314	34.585946	
729	-71.256767	35.314998	
730	-71.412675	35.465924	
731	-71.543793	35.096823	
732	-71.392169	35.198726	
733	-71.911622	36.030777	
734	-72.850101	37.757693	
735	-73.697361	39.988570	
736	-73.388151	39.205739	
737	-73.537055	39.471571	
738	-73.620624	39.874085	
739	-72.873535	38.383056	
740	-72.013965	37.269528	
741	-73.376428	39.162703	
742	-72.231210	37.348645	
743	-73.782268	39.628771	
744	-71.970375	35.805049	
745	-72.475736	37.229921	
746	-72.697923	37.130709	
747	-73.309155	37.486064	
748	-73.414099	37.536859	
749	-73.105863	37.150152	
750	-73.033935	36.834500	
751	-73.075787	36.871809	
752	-72.796575	36.438895	
753	-72.897108	36.779853	
754	-72.711235	36.370402	
755	-72.661510	35.668677	
756	-72.528295	35.166342	
757	-72.380200	35.121440	
758	-72.640019	36.296007	
759	-71.892522	34.102172	
760	-70.807401	33.241661	
761	-72.571580	35.624040	
762	-72.163178	34.686087	
763	-72.301900	35.186606	
764	-71.258465	34.450788	
765	-71.193151	33.968950	
766	-71.715939	34.530021	
767	-70.813282	33.769073	
768	-72.542056	35.505326	
769	-72.362020	35.730819	
770	-72.838865	36.599158	
771	-72.596036	36.989046	
772	-72.677657	36.568156	
773	-72.281786	36.253289	
774	-70.511559	34.269269	
775	-71.804314	36.062159	
776	-73.068863	38.143613	
777	-72.692561	37.578102	
778	-71.389700	35.647455	
779	-72.534443	37.313061	
780	-73.328000	38.536616	
781	-72.239007	37.701996	
782	-73.773614	40.571643	
783	-73.326221	38.976552	
784	-73.349409	38.736083	
785	-73.284433	38.089772	
786	-73.359003	38.669371	
787	-73.421210	38.569205	
788	-73.291219	38.158105	
789	-73.427828	39.232394	
790	-73.203543	38.678954	
791	-73.358001	38.322524	
792	-73.121817	37.878174	
793	-73.130773	38.087528	
794	-73.035906	37.783261	
795	-73.024421	38.073985	
796	-73.057139	37.928182	
797	-73.337808	38.993418	
798	-72.880427	37.576429	
799	-73.065342	37.396865	
800	-73.293102	37.687523	
801	-73.538039	38.694126	
802	-73.768941	38.584284	
803	-73.125408	37.298247	
804	-73.215279	37.259848	
805	-73.406620	37.618703	
806	-73.408222	38.007498	
807	-73.268261	37.124868	
808	-73.138269	37.392938	
809	-73.504333	37.923233	
810	-73.303715	37.295559	
811	-72.996952	36.967877	
812	-73.140602	37.076160	
813	-73.611510	38.452003	
814	-73.381529	37.581876	
815	-73.014211	36.470548	
816	-73.224610	37.042284	
817	-73.406986	36.924126	
818	-73.298864	37.379543	
819	-73.326350	37.236844	
820	-73.061565	36.706270	
821	-73.349175	37.386717	
822	-73.100638	36.857386	
823	-73.116928	36.676399	
824	-72.659292	35.580644	
825	-72.063198	34.926875	
826	-70.099585	32.560011	
827	-70.373231	32.086497	
828	-69.916712	30.983912	
829	-70.630964	31.784385	
830	-71.524229	32.491282	
831	-71.239106	32.419543	
832	-70.349658	30.717535	
833	-68.892814	29.679726	
834	-70.497955	30.615166	
835	-70.185269	31.329231	
836	-71.180278	38.141685	
837	-70.461875	35.634689	
838	-68.248078	30.431055	
839	-68.458190	33.894507	
840	-68.615286	29.097153	
841	-68.686193	29.587745	
842	-69.559325	30.621004	
843	-69.151667	29.795896	
844	-67.148253	27.841884	
845	-66.903242	28.330205	
846	-66.418343	27.611309	
847	-66.369927	27.823899	
848	-65.680372	27.345475	
849	-65.677428	27.439815	
850	-65.586963	26.733550	
851	-65.381977	26.241103	
852	-67.022750	28.459769	
853	-65.692814	25.965581	
854	-62.980091	24.455114	
855	-63.034037	24.697156	
856	-63.884019	25.488281	
857	-62.972532	24.603655	
858	-62.675602	24.400569	
859	-60.850896	23.215652	
860	-59.380413	22.664207	
861	-59.361926	22.422903	
862	-59.016239	21.931925	
863	-58.716159	21.015833	
864	-59.088373	25.278262	
865	-61.811009	35.486965	
866	-56.960963	20.877146	
867	-56.463142	22.284381	
868	-56.164146	23.683487	
869	-54.231148	25.314474	
870	-54.623391	26.221511	
871	-53.491628	25.076357	
872	-53.107950	20.972919	
873	-52.655355	21.524504	
874	-51.122908	21.048505	
875	-51.167311	20.881289	
876	-51.098043	21.412555	
877	-49.910618	21.755299	
878	-47.911672	21.058847	
879	-48.149622	20.494582	
880	-47.634601	19.937186	
881	-47.682272	19.777127	
882	-46.396200	20.601073	
883	-46.774822	20.661105	
884	-46.758661	21.128411	
885	-44.523291	20.434602	
886	-45.551783	19.924092	
887	-44.874791	20.532401	
888	-43.309684	20.311100	
889	-44.297561	20.778922	
890	-43.807861	20.835061	
891	-42.811496	20.294893	
892	-42.185033	19.803888	
893	-41.228327	19.851168	
894	-40.635202	19.269309	
895	-40.436450	18.516145	
896	-39.876698	18.624089	
897	-38.661929	19.336453	
898	-38.801487	19.710176	
899	-37.856328	19.546699	
900	-37.299552	19.928473	
901	-37.695966	20.723874	
902	-36.468292	19.815239	
903	-36.325741	20.106560	
904	-34.938792	19.087690	
905	-35.242414	18.547675	
906	-34.880577	18.965383	
907	-33.471900	19.022192	
908	-34.011406	18.737585	
909	-33.172667	19.223001	
910	-32.924534	18.843923	
911	-32.042320	18.563848	
912	-31.989803	19.014790	
913	-32.011793	19.452855	
914	-31.365352	19.793445	
915	-30.611344	20.133715	
916	-30.316873	20.432093	
917	-29.844724	20.810376	
918	-29.106303	20.923492	
919	-28.405850	21.024949	
920	-27.757701	20.716149	
921	-27.048213	20.043256	
922	-26.486463	20.143635	
923	-26.223321	21.040350	
924	-26.146854	20.553407	
925	-25.402455	20.604588	
926	-24.851971	19.639437	
927	-24.473720	19.414183	
928	-24.169254	20.590131	
929	-24.145610	20.213250	
930	-23.278950	20.190719	
931	-23.349179	20.662743	
932	-23.506115	20.747650	
933	-23.222516	20.230792	
934	-22.422499	19.915738	
935	-22.360992	21.358462	
936	-21.462759	20.877873	
937	-21.065712	18.370113	
938	-21.083411	18.799096	
939	-20.014987	17.571837	
940	-19.537725	18.651861	
941	-18.595324	18.251633	
942	-18.045701	20.461097	
943	-18.058588	20.381760	
944	-18.171578	20.459830	
945	-17.809980	22.379560	
946	-17.154676	21.213978	
947	-16.443473	20.787282	
948	-16.338211	21.616775	
949	-16.160208	21.214961	
950	-15.962827	21.775324	
951	-15.794646	22.135574	
952	-14.538410	20.563047	
953	-14.422694	21.033283	
954	-14.277656	21.206490	
955	-13.941045	20.717032	
956	-13.607055	21.690961	
957	-13.957651	23.874371	
958	-13.012185	21.154943	
959	-13.794382	25.657464	
960	-12.908143	21.297135	
961	-11.926122	20.295324	
962	-11.572960	20.241800	
963	-11.042324	20.891791	
964	-10.341662	20.426151	
965	-10.579890	20.499464	
966	-9.812372	20.890095	
967	-10.016720	21.046267	
968	-9.069019	21.472413	
969	-8.351318	21.416923	
970	-8.955085	21.604644	
971	-8.665837	21.357131	
972	-7.838469	21.639000	
973	-7.664619	20.947623	
974	-7.278373	19.268707	
975	-6.935452	20.859515	
976	-6.201169	20.362835	
977	-6.684377	20.236113	
978	-5.913870	21.199086	
979	-6.324729	22.801844	
980	-5.406836	20.806700	
981	-5.194960	21.157941	
982	-4.492700	21.928590	
983	-4.412368	21.453938	
984	-3.959570	21.521595	
985	-3.727469	21.832979	
986	-3.246682	21.871972	
987	-3.157507	22.752104	
988	-2.311963	21.824163	
989	-1.839873	21.529073	
990	-1.465739	22.541685	
991	-1.697172	22.911134	
992	-1.316103	21.736196	
993	-0.604790	21.065445	
994	-0.623343	22.530944	
995	-0.364559	22.079052	
996	0.178237	23.301144	
997	0.014540	22.562642	
998	0.307562	23.033960	
999	1.061209	22.252116	
1000	1.122558	22.816939	
1001	1.312091	22.849025	
1002	1.715954	22.953728	
1003	2.328173	23.609455	
1004	1.962726	23.080333	
1005	2.177241	22.672216	
1006	2.555827	22.652753	
1007	3.457766	22.583966	
1008	3.858546	23.073385	
1009	3.468955	23.709090	
1010	4.003057	23.468095	
1011	4.708211	23.053526	
1012	5.444117	23.802585	
1013	5.367444	24.127131	
1014	5.637305	23.830640	
1015	5.808922	23.691210	
1016	6.428913	23.931276	
1017	6.254274	23.929671	
1018	7.304291	23.727014	
1019	7.194071	23.828566	
1020	6.763198	23.751913	
1021	7.615335	23.858849	
1022	7.960968	24.267130	
1023	7.967555	24.111794	
1024	8.400154	23.888627	
1025	8.576766	24.387807	
1026	8.763091	23.828616	
1027	9.341272	23.795989	
1028	9.565870	24.187109	
1029	9.346280	23.834477	
1030	10.607903	23.276504	
1031	15.539778	20.942402	
1032	15.502050	20.725442	
1033	9.497234	24.349923	
1034	11.069393	24.125378	
1035	11.195770	24.544708	
1036	11.439516	24.726660	
1037	11.771207	24.833936	
1038	12.309171	24.048319	
1039	12.036835	24.473642	
1040	13.067230	24.868947	
1041	12.423263	24.886709	
1042	13.001817	24.785847	
1043	12.890275	25.076439	
1044	13.336051	24.866327	
1045	14.268473	25.296183	
1046	14.044186	25.423307	
1047	14.375919	25.589675	
1048	14.913085	26.521072	
1049	14.811999	26.525510	
1050	15.362865	26.339187	
1051	15.556283	26.617913	
1052	15.905764	26.330951	
1053	16.106270	26.774214	
1054	16.130564	26.863655	
1055	16.337123	26.610730	
1056	16.646799	26.404451	
1057	16.845716	27.031293	
1058	17.065948	27.269789	
1059	17.545288	26.976377	
1060	17.951201	27.696186	
1061	18.661459	27.903125	
1062	18.410064	27.298614	
1063	18.560652	27.819407	
1064	19.254215	28.095822	
1065	19.653198	27.245078	
1066	19.499796	27.174662	
1067	19.931510	27.394930	
1068	19.503744	27.156972	
1069	19.908670	27.503947	
1070	20.307642	26.972026	
1071	20.807582	26.647131	
1072	20.373573	27.118860	
1073	20.920890	27.540355	
1074	21.164368	27.310847	
1075	21.231358	27.445970	
1076	21.923218	29.089302	
1077	22.074564	27.997898	
1078	22.359680	28.280985	
1079	23.336174	28.813893	
1080	22.742438	28.652819	
1081	23.134667	28.617100	
1082	23.074510	28.301204	
1083	23.608027	28.969301	
1084	23.511914	29.808149	
1085	23.885058	28.979574	
1086	23.778064	29.353347	
1087	24.156807	30.213411	
1088	24.633775	29.942191	
1089	24.738018	30.080486	
1090	24.466025	30.434766	
1091	25.448328	31.288972	
1092	25.751769	31.253874	
1093	25.791704	31.226185	
1094	26.239827	30.975667	
1095	26.396473	31.479949	
1096	26.881962	32.196703	
1097	26.934150	31.851398	
1098	27.695177	32.199945	
1099	27.913067	32.157246	
1100	27.317413	31.900272	
1101	28.421088	32.286089	
1102	28.532040	31.994065	
1103	28.622260	32.247602	
1104	29.020734	33.171247	
1105	29.492442	33.255971	
1106	29.298432	32.568422	
1107	29.441387	33.028301	
1108	30.027702	31.949533	
1109	29.886382	32.826746	
1110	30.033202	33.391777	
1111	30.437856	33.329056	
1112	30.197202	32.928873	
1113	30.219185	33.285078	
1114	31.152395	33.502762	
1115	30.567124	33.631177	
1116	31.186870	33.690309	
1117	31.138871	34.883977	
1118	31.648945	34.209567	
1119	31.728187	33.417528	
1120	31.903065	33.984335	
1121	31.706264	34.488009	
1122	32.234979	34.537327	
1123	32.577099	34.425661	
1124	32.727546	34.423541	
1125	32.252460	33.941783	
1126	32.399472	34.687666	
1127	32.668032	34.753145	
1128	32.943819	34.520387	
1129	33.471307	34.805845	
1130	33.924988	35.363904	
1131	33.376546	34.985755	
1132	33.075098	34.517430	
1133	33.525532	34.422367	
1134	33.174582	34.303763	
1135	33.464924	34.608494	
1136	33.487119	34.209229	
1137	33.164385	34.286081	
1138	33.407698	33.946649	
1139	34.002789	34.453243	
1140	33.999004	34.513637	
1141	33.796945	34.104627	
1142	34.225002	34.811309	
1143	33.914185	34.298514	
1144	34.036303	34.601658	
1145	34.477435	35.277289	
1146	34.429945	35.200556	
1147	34.340763	35.147598	
1148	34.520996	35.439640	
1149	34.295565	35.148868	
1150	33.772953	34.486584	
1151	33.816755	34.200832	
1152	34.278890	35.059653	
1153	33.558102	34.192529	
1154	34.327611	34.552903	
1155	34.109986	34.776368	
1156	33.802853	34.500606	
1157	33.719213	33.695226	
1158	33.304318	33.373058	
1159	33.464032	33.289416	
1160	33.341423	32.781499	
1161	33.419407	32.527387	
1162	33.540371	32.775786	
1163	33.298750	32.996992	
1164	33.402791	33.407340	
1165	33.584377	33.504594	
1166	33.643616	33.582361	
1167	33.280280	33.104064	
1168	33.605004	33.416978	
1169	33.258960	33.089348	
1170	33.688692	33.878622	
1171	33.761919	34.533844	
1172	33.050384	33.536412	
1173	32.279526	33.444808	
1174	31.812762	32.833419	
1175	31.873079	33.204410	
1176	32.192797	33.572496	
1177	32.483008	33.714085	
1178	32.730391	33.911002	
1179	31.867397	33.019998	
1180	31.426284	32.543914	
1181	31.197845	32.558736	
1182	31.266033	33.441382	
1183	31.288601	34.049645	
1184	31.319472	32.965707	
1185	30.653499	32.286109	
1186	29.929772	32.743197	
1187	29.909933	32.765895	
1188	30.613615	32.884780	
1189	30.128168	32.494601	
1190	29.980258	32.903341	
1191	28.931088	32.222539	
1192	29.125467	31.759949	
1193	29.081345	30.787678	
1194	29.091571	30.785667	
1195	28.718225	31.446103	
1196	28.489447	31.219960	
1197	28.511198	31.212024	
1198	28.029223	31.826239	
1199	27.697960	31.864428	
1200	27.786831	31.214886	
1201	27.284924	31.380699	
1202	27.534280	31.225817	
1203	26.629707	31.178888	
1204	27.167383	31.154321	
1205	27.068778	30.959271	
1206	26.674952	30.513882	
1207	26.034576	30.611444	
1208	25.729323	30.733521	
1209	25.960859	31.706533	
1210	25.112858	30.659317	
1211	25.248818	31.077920	
1212	24.979914	30.972835	
1213	24.333574	30.401381	
1214	23.630612	29.684397	
1215	24.134486	30.308420	
1216	23.454748	29.972373	
1217	22.864413	29.988056	
1218	22.751434	30.833932	
1219	22.613812	29.539169	
1220	22.132500	29.967884	
1221	21.957486	29.935113	
1222	22.039848	29.527650	
1223	21.350068	29.710191	
1224	21.376486	30.529415	
1225	21.194281	28.930528	
1226	20.526236	29.008719	
1227	19.777106	28.821677	
1228	19.649904	28.762962	
1229	19.804721	29.101347	
1230	19.652551	29.232302	
1231	19.187369	28.969163	
1232	18.829983	29.215188	
1233	18.851438	27.341654	
1234	18.346864	28.262768	
1235	18.024434	27.606580	
1236	17.548220	27.664781	
1237	17.716067	27.801621	
1238	16.626885	26.895592	
1239	16.402457	27.327719	
1240	15.965669	26.665599	
1241	15.206327	26.551231	
1242	15.207237	27.485772	
1243	14.763245	26.549494	
1244	14.272861	26.604988	
1245	14.259882	27.280590	
1246	13.712977	27.364661	
1247	13.617781	27.889514	
1248	13.124770	27.667079	
1249	11.986125	26.789290	
1250	11.712183	27.283787	
1251	11.478368	26.349185	
1252	10.880868	26.553834	
1253	10.807496	25.811122	
1254	9.919941	24.859751	
1255	10.533532	25.682960	
1256	10.028164	25.846543	
1257	9.105152	25.082481	
1258	8.061242	24.671798	
1259	7.832437	25.001871	
1260	7.466763	25.007882	
1261	6.864105	25.045532	
1262	6.544798	24.754474	
1263	6.584957	24.346449	
1264	5.654617	24.871173	
1265	5.571236	24.945903	
1266	5.253213	24.752497	
1267	4.208611	24.808220	
1268	4.443413	24.356449	
1269	3.385103	24.564797	
1270	2.301421	24.844073	
1271	2.555585	23.818281	
1272	1.657873	24.733235	
1273	1.709296	23.765682	
1274	1.053008	24.121807	
1275	0.532821	24.233139	
1276	0.412925	23.752987	
1277	-0.739130	23.104514	
1278	-1.258481	23.544864	
1279	-1.466436	23.744752	
1280	-2.898798	24.246163	
1281	-3.483310	24.505046	
1282	-3.187348	23.433137	
1283	-3.607269	24.096099	
1284	-4.468339	23.916278	
1285	-4.447978	23.457745	
1286	-5.311367	23.383989	
1287	-5.421126	23.401671	
1288	-6.081211	23.609340	
1289	-7.048583	23.005203	
1290	-8.599216	23.428067	
1291	-8.075104	23.122401	
1292	-8.685265	22.525963	
1293	-9.823495	22.441142	
1294	-9.898620	22.296947	
1295	-9.593222	22.510533	
1296	-9.559741	23.412730	
1297	-10.672542	22.289474	
1298	-11.594868	22.310212	
1299	-12.455232	22.963983	
1300	-11.810039	21.949559	
1301	-12.340748	19.058980	
1302	-14.363160	19.603903	
1303	-14.466784	23.176105	
1304	-15.156729	22.607221	
1305	-16.861269	22.836501	
1306	-17.649773	23.641456	
1307	-16.378046	22.959720	
1308	-17.763724	22.364732	
1309	-17.907189	22.089193	
1310	-18.457782	22.378713	
1311	-17.026296	21.972451	
1312	-15.821803	21.230452	
1313	-21.641359	22.074447	
1314	-21.647940	24.590541	
1315	-24.419278	29.428875	
1316	-22.804089	22.157188	
1317	-23.612257	22.619401	
1318	-22.385442	22.675719	
1319	-23.706131	22.200234	
1320	-24.900033	20.981499	
1321	-23.672709	20.659493	
1322	-24.413025	21.988420	
1323	-26.148732	21.764755	
1324	-26.992195	21.021555	
1325	-27.284981	21.961996	
1326	-28.438173	24.904846	
1327	-29.431561	22.162702	
1328	-31.510613	26.727875	
1329	-29.396199	22.236479	
1330	-30.424871	22.091543	
1331	-30.224055	21.325027	
1332	-31.207673	21.349408	
1333	-31.420933	21.001329	
1334	-31.113311	21.031056	
1335	-32.049893	21.813850	
1336	-33.171386	21.679291	
1337	-33.414898	21.337618	
1338	-34.242117	21.485795	
1339	-35.437118	21.242509	
1340	-35.255613	22.679620	
1341	-37.203611	23.805653	
1342	-36.367931	22.653296	
1343	-36.135544	21.508091	
1344	-37.593672	21.371833	
1345	-38.010557	21.651769	
1346	-39.566714	22.432685	
1347	-39.977444	21.859349	
1348	-41.150182	22.280588	
1349	-41.812467	23.746399	
1350	-43.828365	24.468531	
1351	-43.056784	22.662217	
1352	-46.290520	25.197150	
1353	-42.274307	20.642157	
1354	-43.993662	23.774217	
1355	-43.852879	23.407002	
1356	-45.306813	23.078102	
1357	-45.033494	22.345643	
1358	-44.439725	22.245263	
1359	-44.321210	23.767613	
1360	-46.062741	26.298657	
1361	-47.483258	27.701362	
1362	-48.501917	27.057735	
1363	-51.493294	26.643927	
1364	-52.386075	28.965469	
1365	-47.660892	22.487046	
1366	-49.271569	23.609125	
1367	-50.121345	25.044661	
1368	-53.951396	29.581728	
1369	-52.734345	25.169097	
1370	-52.411612	24.208314	
1371	-50.382267	23.027622	
1372	-50.754641	23.020667	
1373	-51.982989	23.184654	
1374	-51.063695	22.522154	
1375	-52.270207	23.289470	
1376	-54.231451	24.063746	
1377	-54.459373	23.692413	
1378	-55.345186	23.380522	
1379	-54.388390	22.371879	
1380	-54.351581	22.722827	
1381	-55.117971	23.215343	
1382	-55.528663	23.069182	
1383	-55.436499	22.933315	
1384	-55.997064	22.686640	
1385	-57.940069	23.877339	
1386	-59.863234	25.437508	
1387	-58.331194	24.118868	
1388	-58.614690	23.883848	
1389	-58.651180	23.650588	
1390	-59.039550	24.040782	
1391	-59.953578	24.517736	
1392	-60.503637	24.656990	
1393	-60.642798	24.791211	
1394	-61.318775	25.045316	
1395	-61.217379	25.075674	
1396	-62.066050	25.882876	
1397	-62.162886	25.456709	
1398	-62.552974	25.519126	
1399	-63.469388	27.304376	
1400	-65.056036	28.424723	
1401	-67.179033	30.484241	
1402	-66.441507	28.547233	
1403	-65.177428	26.200452	
1404	-64.811554	23.969782	
1405	-65.730608	25.951985	
1406	-65.779311	25.884183	
1407	-65.963248	25.989800	
1408	-66.256056	26.040844	
1409	-66.961491	26.337414	
1410	-66.927082	26.451226	
1411	-67.768190	27.361724	
1412	-68.256500	28.445582	
1413	-69.347433	30.484773	
1414	-69.733301	30.331125	
1415	-70.947254	33.068404	
1416	-71.594628	34.254410	
1417	-71.738896	33.800189	
1418	-70.135456	31.946583	
1419	-70.481946	32.346006	
1420	-72.427762	34.324924	
1421	-70.451944	31.389519	
1422	-71.084540	31.938877	
1423	-71.669526	32.777673	
1424	-73.233110	34.896609	
1425	-71.138935	31.534417	
1426	-71.283131	31.635388	
1427	-71.449798	31.958880	
1428	-71.943854	33.429594	
1429	-73.027705	34.899320	
1430	-75.301522	38.378525	
1431	-75.184709	38.978031	
1432	-74.046834	37.679899	
1433	-74.005398	37.860422	
1434	-72.534740	35.277370	
1435	-72.822198	36.414408	
1436	-73.281411	38.652226	
1437	-74.339678	39.934565	
1438	-73.632795	36.673862	
1439	-72.735536	35.971556	
1440	-72.994049	36.004725	
1441	-74.982578	38.648532	
1442	-74.682120	38.320383	
1443	-74.367458	37.516334	
1444	-73.222619	36.501749	
1445	-75.069719	39.849756	
1446	-74.974195	39.370284	
1447	-75.687304	41.028695	
1448	-74.401878	37.830274	
1449	-74.978206	40.425270	
1450	-74.996550	37.586885	
1451	-74.474542	28.799105	
1452	-76.281976	43.310091	
1453	-75.252203	39.140649	
1454	-74.717627	38.705821	
1455	-75.550558	40.357963	
1456	-76.494422	42.607581	
1457	-76.162997	41.729944	
1458	-74.337659	37.019101	
1459	-73.584410	35.529512	
1460	-73.812244	36.392619	
1461	-74.914133	38.469687	
1462	-76.110358	41.652060	
1463	-76.269328	42.517627	
1464	-76.405480	43.874363	
1465	-76.598606	44.467319	
1466	-76.728424	44.575657	
1467	-76.803670	44.374487	
1468	-77.162223	45.543190	
1469	-77.161436	46.275148	
1470	-76.938469	44.987271	
1471	-76.862874	44.199460	
1472	-77.225261	43.908460	
1473	-76.828757	43.093542	
1474	-75.281780	40.644984	
1475	-76.675449	43.452179	
1476	-75.122302	39.606152	
1477	-75.527001	40.818089	
1478	-77.108660	43.993840	
1479	-76.966850	43.454832	
1480	-77.082863	43.393409	
1481	-76.394177	39.291673	
1482	-76.478030	40.428080	
1483	-77.004672	42.789396	
1484	-77.251355	42.352381	
1485	-76.970093	42.614332	
1486	-76.254246	40.964584	
1487	-76.199569	40.972145	
1488	-76.598223	42.002407	
1489	-77.725748	45.831751	
1490	-77.917322	46.773109	
1491	-77.527517	45.664723	
1492	-78.144075	48.230558	
1493	-77.318573	45.460390	
1494	-77.473654	45.838870	
1495	-77.343719	45.679590	
1496	-77.515494	46.215381	
1497	-77.519185	46.892132	
1498	-77.405176	46.931212	
1499	-77.772072	47.664794	
1500	-77.520330	47.366054	
1501	-77.319626	46.763806	
1502	-77.478797	46.901771	
1503	-77.611901	47.800102	
1504	-78.145891	49.076561	
1505	-77.625200	47.546706	
1506	-76.541177	45.221141	
1507	-77.439385	47.450626	
1508	-77.570612	48.004725	
1509	-77.547896	48.346971	
1510	-76.081212	44.288716	
1511	-77.264490	46.851629	
1512	-78.684744	50.776272	
1513	-78.241705	49.902153	
1514	-78.174660	49.290827	
1515	-78.958055	51.505654	
1516	-78.962417	52.115626	
1517	-79.386342	52.993443	
1518	-78.799462	50.879700	
1519	-79.250944	52.228879	
1520	-78.917456	51.070784	
1521	-78.919903	50.859861	
1522	-79.247518	51.427311	
1523	-78.827611	50.553679	
1524	-78.900443	50.677292	
1525	-78.858761	51.006521	
1526	-78.948203	50.673264	
1527	-78.420677	49.543017	
1528	-78.721208	50.170656	
1529	-78.641989	49.239974	
1530	-78.717172	49.640884	
1531	-78.743696	50.029065	
1532	-78.511230	49.585658	
1533	-78.372716	49.146189	
1534	-78.456830	49.202665	
1535	-78.393792	49.162827	
1536	-78.632194	50.759073	
1537	-78.090704	49.256180	
1538	-76.540085	45.223274	
1539	-76.690428	46.334040	
1540	-76.615856	45.436304	
1541	-77.740588	47.603396	
1542	-78.744315	50.864478	
1543	-78.773672	51.206927	
1544	-78.218809	49.552088	
1545	-77.355593	47.388707	
1546	-78.532821	50.020799	
1547	-77.099274	46.295313	
1548	-77.578900	48.267436	
1549	-77.284461	48.034615	
1550	-77.320399	47.383389	
1551	-77.458059	48.141788	
1552	-77.363707	46.913608	
1553	-77.154046	45.488290	
1554	-76.231312	44.457158	
1555	-76.456434	44.743728	
1556	-76.678275	45.352686	
1557	-76.667626	45.395787	
1558	-76.781610	45.041360	
1559	-76.816114	45.320277	
1560	-76.813264	45.386430	
1561	-76.975178	45.385902	
1562	-76.646290	44.827302	
1563	-76.115357	43.957607	
1564	-77.271733	46.195903	
1565	-77.566399	47.684185	
1566	-75.785534	43.281610	
1567	-76.324565	44.401822	
1568	-76.522667	45.395557	
1569	-76.013556	44.233781	
1570	-76.058643	44.311639	
1571	-75.965017	43.288094	
1572	-75.982959	43.778387	
1573	-76.085631	44.550201	
1574	-75.881079	43.336995	
1575	-75.857536	42.949383	
1576	-76.041074	44.411414	
1577	-75.928839	43.971855	
1578	-75.742220	42.833814	
1579	-76.081803	43.421852	
1580	-76.255877	44.007961	
1581	-75.883174	44.001196	
1582	-75.947483	43.684403	
1583	-75.933934	43.725270	
1584	-75.923633	43.804914	
1585	-75.855487	43.765319	
1586	-75.717337	43.241010	
1587	-75.864551	43.919733	
1588	-76.358396	44.794079	
1589	-76.404427	44.901099	
1590	-75.834674	44.226460	
1591	-74.599508	41.093326	
1592	-75.044958	41.973485	
1593	-74.448311	40.439175	
1594	-74.542742	41.536832	
1595	-73.908075	40.939834	
1596	-74.536684	39.584081	
1597	-74.046346	38.952469	
1598	-73.504021	38.389263	
1599	-73.286738	38.510764	
1600	-73.705604	40.326878	
1601	-75.035272	42.200611	
1602	-75.051275	41.920280	
1603	-74.494484	41.362556	
1604	-74.255557	40.645502	
1605	-74.636411	41.663634	
1606	-73.862162	39.977585	
1607	-74.935915	43.504722	
1608	-78.328905	53.152784	
1609	-73.248195	39.875243	
1610	-73.672127	40.684521	
1611	-73.100029	39.781906	
1612	-72.451281	38.969014	
1613	-70.258176	36.562242	
1614	-70.131608	36.028967	
1615	-70.521829	36.145144	
1616	-69.127917	34.170190	
1617	-71.357384	37.460222	
1618	-68.955024	34.339946	
1619	-70.928257	37.925989	
1620	-70.070251	36.179604	
1621	-70.520368	36.734462	
1622	-70.329031	36.666232	
1623	-69.657585	35.147568	
1624	-68.162969	32.470624	
1625	-69.023435	34.459932	
1626	-66.507165	32.436904	
1627	-66.117080	31.379711	
1628	-67.324634	31.890413	
1629	-65.828896	30.232572	
1630	-63.768283	28.531768	
1631	-64.810668	29.231179	
1632	-62.933508	28.348339	
1633	-64.877777	30.017760	
1634	-64.883292	31.452703	
1635	-64.629405	31.141557	
1636	-64.525308	30.431947	
1637	-62.189061	28.022941	
1638	-60.348073	27.046673	
1639	-60.458265	26.752120	
1640	-61.400761	26.302489	
1641	-62.722465	27.688022	
1642	-62.259191	27.166107	
1643	-61.620457	26.041965	
1644	-61.312291	26.010026	
1645	-60.417884	26.063913	
1646	-57.761996	24.157772	
1647	-58.001332	24.245812	
1648	-57.540227	23.547748	
1649	-57.273147	23.843699	
1650	-56.817579	23.303840	
1651	-55.396585	22.973299	
1652	-56.018870	22.719307	
1653	-54.323985	22.299437	
1654	-53.431585	21.798042	
1655	-52.657130	22.668236	
1656	-52.219426	21.742571	
1657	-53.016980	21.264824	
1658	-51.207779	20.542337	
1659	-49.657165	20.683495	
1660	-49.321997	20.849357	
1661	-48.301522	20.406078	
1662	-49.370712	21.011819	
1663	-49.924208	21.221363	
1664	-47.276015	20.381461	
1665	-47.453624	20.604666	
1666	-46.648260	20.583920	
1667	-47.198358	21.697814	
1668	-47.167031	22.799784	
1669	-44.990310	22.130867	
1670	-44.704510	22.408913	
1671	-44.109986	22.197178	
1672	-44.634690	22.603286	
1673	-43.057660	22.524747	
1674	-41.217371	22.321215	
1675	-41.689477	21.964516	
1676	-40.776276	21.595400	
1677	-40.724959	22.464757	
1678	-40.582431	22.933041	
1679	-39.680463	22.303072	
1680	-38.679219	22.787481	
1681	-38.080055	20.996722	
1682	-37.236624	21.310290	
1683	-36.958446	21.448355	
1684	-35.967668	21.809262	
1685	-35.111033	21.813096	
1686	-35.369052	22.662095	
1687	-35.312534	22.788898	
1688	-34.150556	21.160965	
1689	-32.363120	21.743119	
1690	-32.769421	21.336279	
1691	-32.350031	21.078429	
1692	-31.017578	21.956626	
1693	-30.784301	22.728614	
1694	-31.154990	22.275603	
1695	-29.893979	22.395820	
1696	-29.623307	22.824837	
1697	-28.628947	22.050961	
1698	-28.958889	21.165768	
1699	-27.820041	21.831486	
1700	-26.494427	22.309098	
1701	-26.842083	23.634379	
1702	-26.975871	23.802052	
1703	-25.820185	22.516584	
1704	-25.628016	22.962798	
1705	-24.664383	21.934720	
1706	-23.889866	21.908441	
1707	-23.373776	22.012108	
1708	-23.266208	22.283998	
1709	-21.322944	22.381568	
1710	-21.404767	22.159644	
1711	-21.217724	21.757785	
1712	-20.971830	21.447319	
1713	-20.467695	21.925121	
1714	-19.634105	21.932059	
1715	-19.402755	21.479247	
1716	-17.805779	20.944053	
1717	-18.159483	21.523111	
1718	-18.101642	21.898812	
1719	-17.320426	21.939961	
1720	-16.131338	21.660279	
1721	-15.757094	21.857424	
1722	-15.543281	23.298681	
1723	-15.240600	22.535355	
1724	-14.881531	22.020434	
1725	-15.128161	23.285607	
1726	-14.283545	22.783089	
1727	-13.325516	23.164332	
1728	-13.357949	22.767808	
1729	-12.623614	22.618836	
1730	-13.044193	23.249025	
1731	-12.007236	23.596106	
1732	-11.313683	23.063698	
1733	-11.289080	22.523824	
1734	-10.760154	22.486578	
1735	-10.078857	22.951145	
1736	-9.863885	23.398407	
1737	-9.411120	22.566661	
1738	-8.609084	22.963956	
1739	-8.094067	22.919095	
1740	-8.766946	24.001715	
1741	-7.912801	23.757161	
1742	-7.561825	23.691234	
1743	-6.480749	23.866211	
1744	-6.583485	23.499737	
1745	-6.271713	22.340063	
1746	-5.830600	24.161020	
1747	-5.735932	23.269458	
1748	-5.290394	22.731890	
1749	-5.246338	23.112597	
1750	-4.265218	23.177175	
1751	-3.461222	24.165858	
1752	-3.304438	24.425574	
1753	-2.815702	23.722085	
1754	-2.608869	23.877582	
1755	-2.603101	24.227572	
1756	-2.211846	24.627013	
1757	-1.731269	23.947525	
1758	-1.266556	24.359666	
1759	-0.911115	24.570117	
1760	-0.529817	24.382072	
1761	0.122736	24.056920	
1762	0.226401	24.103756	
1763	0.652215	24.247475	
1764	1.508260	24.639099	
1765	1.559590	25.071542	
1766	2.645053	24.506933	
1767	2.830470	25.716416	
1768	2.138550	25.545318	
1769	2.553307	25.626001	
1770	3.591933	25.173232	
1771	3.468016	24.538651	
1772	4.544542	24.527718	
1773	3.667231	24.842930	
1774	4.583889	24.392411	
1775	4.778185	24.716173	
1776	4.908520	24.879970	
1777	5.966553	24.832594	
1778	6.075792	25.501353	
1779	6.731602	25.623653	
1780	6.566032	25.544340	
1781	6.871198	25.452527	
1782	6.728237	25.469547	
1783	6.943294	25.419298	
1784	8.002296	25.404081	
1785	8.005155	25.285105	
1786	8.432347	24.965268	
1787	9.230849	25.857546	
1788	9.161666	26.203709	
1789	9.441373	26.360938	
1790	10.472467	26.520900	
1791	10.463892	25.783993	
1792	10.806507	26.306219	
1793	11.355460	26.315794	
1794	11.966956	26.652873	
1795	12.098499	27.053619	
1796	12.414185	27.153599	
1797	12.603066	26.532697	
1798	12.668381	26.943544	
1799	12.650127	27.051820	
1800	13.376692	25.791108	
1801	13.208466	26.834673	
1802	13.694847	27.388860	
1803	14.044020	27.297313	
1804	14.882944	27.438011	
1805	14.564290	26.728057	
1806	15.240606	27.273304	
1807	15.709992	27.290536	
1808	15.602559	27.525850	
1809	16.567257	27.955510	
1810	16.201140	28.325549	
1811	16.520473	27.499629	
1812	16.701467	27.573964	
1813	17.300694	27.795303	
1814	17.381695	27.500893	
1815	17.948767	27.921062	
1816	18.077026	27.747652	
1817	17.853420	27.973746	
1818	18.632610	28.045369	
1819	18.454766	28.241549	
1820	19.717741	28.995170	
1821	19.668055	28.428963	
1822	20.251387	28.919756	
1823	19.877365	28.766396	
1824	20.166713	28.645922	
1825	20.165405	28.714859	
1826	21.016098	29.459605	
1827	21.405837	29.185204	
1828	22.200132	29.429796	
1829	22.571572	29.154462	
1830	22.441140	29.102707	
1831	22.302315	29.302274	
1832	22.815601	29.386053	
1833	23.520096	29.355774	
1834	23.427200	29.676222	
1835	23.438095	29.244031	
1836	23.517103	29.362886	
1837	24.347111	29.578932	
1838	24.818171	30.162133	
1839	24.811833	30.316087	
1840	25.259350	30.339377	
1841	25.530253	30.694358	
1842	26.092336	30.426892	
1843	26.471537	31.248704	
1844	27.056571	30.838026	
1845	27.030522	31.105716	
1846	26.688381	30.932764	
1847	27.164128	31.405977	
1848	27.427174	31.264246	
1849	28.085445	31.042294	
1850	27.968998	30.604143	
1851	28.307145	31.562718	
1852	29.126605	32.274023	
1853	28.231846	32.907302	
1854	29.216827	32.827997	
1855	29.879964	33.018671	
1856	29.034352	32.421414	
1857	29.434291	32.798115	
1858	29.847949	33.148833	
1859	30.467297	32.466807	
1860	30.620647	33.197798	
1861	30.622385	33.143004	
1862	30.621828	33.540976	
1863	30.828924	34.332876	
1864	31.308238	34.426713	
1865	31.664469	33.926859	
1866	31.097685	33.347640	
1867	32.361894	33.430888	
1868	32.775418	33.609532	
1869	32.289050	33.718530	
1870	31.842398	33.409257	
1871	32.141745	33.449546	
1872	32.475183	33.806276	
1873	32.326080	33.826948	
1874	32.725141	33.836314	
1875	33.284944	35.225271	
1876	33.607984	34.949319	
1877	33.823010	35.198559	
1878	33.634855	34.917575	
1879	33.569447	35.621012	
1880	33.945056	35.556047	
1881	34.097630	35.907921	
1882	33.937104	36.124464	
1883	34.167602	36.057647	
1884	35.150498	36.175474	
1885	34.974678	36.334111	
1886	34.815598	35.692928	
1887	34.502682	35.449525	
1888	34.893310	35.607262	
1889	34.936270	36.115999	
1890	34.784063	35.955994	
1891	35.292701	35.960815	
1892	35.615735	36.048397	
1893	35.960214	36.416179	
1894	35.265043	36.038699	
1895	35.341367	35.638387	
1896	35.078138	35.499444	
1897	35.529234	35.780787	
1898	35.842136	36.039160	
1899	35.496496	36.294325	
1900	36.092765	36.958161	
1901	35.882443	36.585732	
1902	35.848549	36.756447	
1903	36.185883	36.882215	
1904	36.130279	36.878091	
1905	36.093452	36.690171	
1906	36.364756	36.181063	
1907	35.982016	36.166067	
1908	35.741240	36.609299	
1909	35.216199	36.218250	
1910	35.258286	35.927945	
1911	34.993520	35.996603	
1912	34.531867	34.938413	
1913	34.064448	34.507498	
1914	34.221517	34.273004	
1915	34.542554	34.703710	
1916	34.761633	34.799221	
1917	34.272114	34.649684	
1918	34.147837	35.192487	
1919	34.018322	34.963742	
1920	33.846345	34.769324	
1921	34.026700	34.356386	
1922	33.988871	34.995544	
1923	33.426529	34.208874	
1924	33.280467	34.632065	
1925	33.378302	34.938734	
1926	33.421939	34.850939	
1927	33.267857	34.460371	
1928	32.529504	34.505645	
1929	32.549063	34.555647	
1930	32.986236	34.296552	
1931	32.262320	34.262190	
1932	32.550379	34.623623	
1933	32.425737	34.503843	
1934	31.896693	34.748313	
1935	31.384644	33.814517	
1936	31.124947	33.501239	
1937	30.807860	33.202220	
1938	31.360471	33.852749	
1939	30.609419	32.596032	
1940	29.835453	32.067460	
1941	29.558994	32.861036	
1942	30.163228	33.592914	
1943	29.551411	33.087752	
1944	29.806025	33.346295	
1945	29.341579	32.508864	
1946	28.723218	31.817721	
1947	28.465186	31.869374	
1948	27.968824	31.728616	
1949	27.777801	31.879025	
1950	27.795297	32.232676	
1951	27.165705	31.688665	
1952	27.039081	32.050248	
1953	26.484126	31.648530	
1954	26.362459	31.034960	
1955	26.126768	31.268995	
1956	25.686407	30.992461	
1957	25.285299	30.984141	
1958	24.945937	30.431403	
1959	24.593091	29.851439	
1960	24.110955	30.157782	
1961	23.590987	29.694409	
1962	24.070484	29.527706	
1963	22.911292	29.811833	
1964	23.003307	29.836353	
1965	23.246155	29.820612	
1966	22.264497	30.315726	
1967	22.228392	30.072606	
1968	21.791744	29.337219	
1969	21.503594	29.439922	
1970	21.194492	29.084629	
1971	20.902397	29.141195	
1972	20.005750	29.490704	
1973	20.032303	28.929609	
1974	19.785876	28.374767	
1975	18.338598	28.286857	
1976	18.899601	28.332872	
1977	18.329058	28.193735	
1978	18.159698	27.900595	
1979	17.413284	27.774023	
1980	17.772424	27.942529	
1981	17.389056	27.762760	
1982	16.630125	27.098793	
1983	16.119053	26.889675	
1984	15.745770	26.846247	
1985	15.122449	27.262931	
1986	13.904564	26.410154	
1987	13.955874	26.914229	
1988	13.932982	26.908115	
1989	13.833242	26.417797	
1990	13.028053	25.845936	
1991	12.755940	25.255515	
1992	12.762097	25.513915	
1993	11.643150	26.554882	
1994	11.513912	26.173209	
1995	10.823440	26.378292	
1996	10.748115	25.857623	
1997	10.537591	25.475990	
1998	9.592546	25.246864	
1999	9.531314	25.450481	
2000	9.187939	25.107578	
2001	9.131237	25.099489	
2002	7.050822	26.418918	
2003	11.197357	23.015804	
2004	17.008738	20.096359	
2005	5.023053	25.785103	
2006	6.290778	24.502788	
2007	5.717849	24.863863	
2008	5.405715	24.502347	
2009	4.584036	25.247493	
2010	3.722553	24.838932	
2011	3.303053	24.707331	
2012	2.857785	24.449202	
2013	2.377863	24.195296	
2014	2.701162	24.403514	
2015	1.105339	24.402577	
2016	1.368113	24.362451	
2017	1.085465	24.077319	
2018	-0.098045	24.282646	
2019	-0.083951	24.055645	
2020	-0.624576	24.157219	
2021	-1.052474	23.539156	
2022	-1.449525	23.988830	
2023	-1.893602	23.916656	
2024	-2.489258	24.182468	
2025	-3.188037	23.738163	
2026	-3.786604	24.329629	
2027	-4.102713	23.536906	
2028	-4.758158	23.467132	
2029	-4.895698	23.300907	
2030	-5.592896	23.180763	
2031	-5.606493	22.696809	
2032	-6.610074	22.842281	
2033	-7.296496	24.063035	
2034	-7.856627	22.152176	
2035	-8.549421	22.338569	
2036	-11.289429	29.063455	
2037	-9.621676	22.169855	
2038	-9.739257	23.221892	
2039	-10.098495	23.253138	
2040	-10.986825	23.370068	
2041	-11.108019	22.874868	
2042	-11.401199	22.499052	
2043	-11.978263	22.666026	
2044	-12.151310	22.309779	
2045	-12.287733	21.685298	
2046	-13.166270	22.222684	
2047	-13.077312	22.397689	
2048	-15.122263	23.695334	
2049	-15.677940	23.530750	
2050	-16.106709	23.873368	
2051	-16.219969	22.575667	
2052	-16.366110	22.568199	
2053	-16.874383	22.431403	
2054	-16.504177	21.356988	
2055	-16.982670	22.111327	
2056	-17.886969	22.631929	
2057	-18.123056	21.311227	
2058	-19.567348	23.797575	
2059	-22.750483	29.251620	
2060	-20.827767	23.015833	
2061	-20.578037	22.671993	
2062	-21.392617	22.045366	
2063	-21.826049	21.899225	
2064	-22.551839	22.128842	
2065	-22.568069	21.741663	
2066	-22.720548	21.175507	
2067	-23.364485	21.327111	
2068	-23.585448	21.782933	
2069	-23.938224	21.199630	
2070	-24.389075	21.020365	
2071	-24.992398	21.495233	
2072	-25.268966	20.908611	
2073	-26.143618	19.915632	
2074	-26.026328	20.729834	
2075	-26.256434	20.711379	
2076	-27.341519	21.101911	
2077	-27.799040	21.048780	
2078	-28.157938	21.278637	
2079	-28.880967	22.200349	
2080	-29.245556	21.684096	
2081	-29.807701	20.883687	
2082	-30.100095	20.733266	
2083	-30.678336	21.287972	
2084	-31.509462	21.585754	
2085	-32.361818	21.429195	
2086	-31.495657	22.037373	
2087	-32.027939	21.547674	
2088	-33.736375	20.111335	
2089	-34.047854	20.151284	
2090	-35.253863	20.317299	
2091	-35.391542	19.356109	
2092	-35.916763	21.189443	
2093	-36.168746	20.859157	
2094	-36.300808	20.131071	
2095	-36.168019	19.242490	
2096	-36.988818	21.081879	
2097	-38.665299	20.975406	
2098	-38.945279	21.259160	
2099	-39.478427	21.213007	
2100	-39.605125	21.725626	
2101	-39.813757	21.695370	
2102	-41.187962	22.195327	
2103	-42.027252	22.620794	
2104	-41.883099	21.676388	
2105	-43.333891	23.815184	
2106	-42.629164	23.403705	
2107	-43.318036	23.251650	
2108	-43.635501	22.980830	
2109	-43.096173	22.147682	
2110	-44.444268	22.275424	
2111	-45.602358	23.561138	
2112	-46.364030	25.303285	
2113	-45.942957	24.268984	
2114	-45.935347	23.939565	
2115	-46.861474	24.484865	
2116	-47.879070	24.119905	
2117	-47.727617	24.225412	
2118	-48.091003	23.880136	
2119	-48.704936	24.626990	
2120	-49.117779	24.909473	
2121	-49.436631	24.048055	
2122	-50.612599	24.601135	
2123	-49.522883	23.425283	
2124	-50.033697	23.106527	
2125	-50.695688	23.074814	
2126	-52.262077	23.760080	
2127	-51.798663	23.187797	
2128	-53.602222	24.187034	
2129	-53.622879	24.354565	
2130	-54.162657	24.375011	
2131	-52.829266	23.320364	
2132	-54.066907	23.340587	
2133	-55.168496	23.851283	
2134	-54.963561	25.036219	
2135	-56.451558	25.182868	
2136	-56.663474	25.599415	
2137	-56.507307	25.780575	
2138	-57.044643	26.076183	
2139	-57.628936	26.442419	
2140	-57.951902	26.363588	
2141	-58.036276	26.170128	
2142	-59.582235	28.166781	
2143	-61.126161	28.294566	
2144	-60.327895	26.007868	
2145	-60.082607	26.122486	
2146	-60.371365	25.665389	
2147	-61.008470	26.777389	
2148	-60.960025	26.934256	
2149	-61.631261	26.940573	
2150	-61.848509	26.471564	
2151	-61.996317	25.791913	
2152	-62.823910	26.287149	
2153	-63.429742	26.594262	
2154	-63.555667	27.426156	
2155	-65.433069	28.664420	
2156	-65.019930	28.481647	
2157	-66.687798	30.621676	
2158	-65.462442	28.886211	
2159	-65.657496	29.005099	
2160	-65.955481	28.613112	
2161	-65.545156	27.386241	
2162	-66.006322	28.197145	
2163	-66.660743	28.956773	
2164	-66.519398	28.940140	
2165	-67.698066	30.713689	
2166	-68.558265	31.785381	
2167	-68.648656	31.639048	
2168	-68.102775	31.456842	
2169	-68.449334	31.193465	
2170	-68.440412	30.572757	
2171	-67.946296	30.250263	
2172	-67.503200	30.612574	
2173	-67.781415	30.732362	
2174	-67.702948	30.119953	
2175	-67.544369	29.639360	
2176	-66.910286	29.288670	
2177	-67.381708	29.308069	
2178	-68.635182	28.541191	
2179	-69.179599	30.012121	
2180	-69.070352	31.404144	
2181	-69.638087	33.066166	
2182	-70.288990	34.485516	
2183	-70.099919	34.024017	
2184	-69.655701	33.269027	
2185	-69.553727	33.602564	
2186	-69.817128	33.571479	
2187	-69.247649	33.205625	
2188	-67.799670	31.684369	
2189	-68.963676	33.019005	
2190	-69.011685	32.867665	
2191	-70.194516	34.414608	
2192	-70.349673	34.425017	
2193	-70.873276	35.486711	
2194	-71.497819	36.163995	
2195	-71.089482	34.592098	
2196	-69.394352	31.118975	
2197	-69.264872	31.085898	
2198	-70.227677	31.236162	
2199	-70.053689	29.526689	
2200	-70.915856	32.200058	
2201	-70.849906	32.761701	
2202	-72.164706	35.097907	
2203	-72.947613	36.387021	
2204	-72.555160	37.711938	
2205	-73.839413	41.530788	
2206	-72.878369	36.461653	
2207	-73.220608	37.686456	
2208	-73.050233	38.736423	
2209	-73.780152	39.462271	
2210	-74.002712	39.494443	
2211	-73.901100	39.850606	
2212	-73.329487	38.800390	
2213	-73.479309	39.035956	
2214	-73.759450	39.726392	
2215	-74.181718	41.474002	
2216	-73.976396	39.270184	
2217	-72.937531	38.254339	
2218	-72.132568	36.987643	
2219	-73.909537	39.188121	
2220	-71.134188	35.514579	
2221	-73.226362	38.826083	
2222	-74.989485	42.489315	
2223	-74.824523	41.984777	
2224	-74.925539	42.174176	
2225	-74.887053	41.642393	
2226	-75.045730	42.599648	
2227	-75.347493	42.457758	
2228	-74.918540	41.828351	
2229	-73.530094	40.567337	
2230	-73.949535	40.938713	
2231	-74.633670	41.593450	
2232	-75.895755	43.730602	
2233	-75.962439	43.588578	
2234	-74.686054	40.730300	
2235	-74.980337	41.940293	
2236	-76.145539	44.581033	
2237	-75.753228	43.206635	
2238	-75.891793	43.667922	
2239	-76.112045	44.164589	
2240	-76.665903	45.012502	
2241	-77.024511	45.400083	
2242	-76.754254	44.307246	
2243	-75.248165	41.564758	
2244	-74.899946	40.616436	
2245	-75.019989	41.157584	
2246	-74.738292	40.465173	
2247	-75.536078	42.363847	
2248	-76.643625	44.255308	
2249	-76.725739	44.426376	
2250	-76.437615	43.421290	
2251	-76.718048	44.998455	
2252	-76.872684	45.213034	
2253	-77.557454	47.510471	
2254	-77.509639	48.026741	
2255	-76.227330	44.621327	
2256	-77.209388	46.603815	
2257	-79.162284	51.612173	
2258	-78.597156	49.589304	
2259	-78.807734	49.631279	
2260	-78.286838	47.853240	
2261	-77.084081	45.618453	
2262	-77.600900	47.869028	
2263	-78.813766	49.512311	
2264	-79.239958	51.065216	
2265	-79.484419	52.151870	
2266	-79.739378	52.563739	
2267	-79.198200	49.767294	
2268	-78.831424	47.992431	
2269	-79.000095	48.605833	
2270	-79.309457	49.201930	
2271	-79.149095	48.728155	
2272	-79.762438	49.982085	
2273	-80.001289	49.903863	
2274	-79.887716	50.462616	
2275	-79.123790	48.208890	
2276	-78.391313	45.690465	
2277	-79.269668	46.209755	
2278	-77.682923	43.460698	
2279	-78.526679	50.803405	
2280	-79.412789	52.752025	
2281	-80.017989	54.123458	
2282	-80.020964	53.850938	
2283	-80.516899	51.712364	
2284	-80.617624	53.585381	
2285	-80.008544	50.451937	
2286	-80.074113	52.209996	
2287	-80.120563	56.686824	
2288	NaN	NaN	
