Athlete_Engineering	// User ID
11-2-2021	// Evaluation date
P015_Walk6	30-1-2021	14:20:37:594	// Source file name and timestamp
250.000	// Sampling rate
4.328	// Data capture period



Sample #	Right_Leg_Flexion	Right_Leg_Abduction	
0	-68.776631	15.020962	
1	-68.839095	14.918957	
2	-68.942034	14.840753	
3	-68.949564	15.094709	
4	-69.117895	14.505387	
5	-69.122705	15.262910	
6	-69.127937	14.574811	
7	-69.203572	14.359565	
8	-68.715313	16.442350	
9	-69.081710	14.355460	
10	-68.894883	14.687864	
11	-68.905389	15.254809	
12	-69.288566	14.257174	
13	-68.795638	14.641132	
14	-68.825659	14.404696	
15	-68.634649	15.412192	
16	-68.581913	5.161942	
17	-68.730983	6.274630	
18	-69.003820	15.233311	
19	-69.296185	14.343759	
20	-69.273299	14.083056	
21	-69.200948	15.007182	
22	-69.446143	14.829667	
23	-69.379860	14.336854	
24	-69.363727	14.617316	
25	-69.323478	15.073505	
26	-69.537535	13.791927	
27	-69.336065	13.870941	
28	-68.807365	15.492510	
29	-69.241540	15.237016	
30	-69.563417	13.296179	
31	-69.302464	13.844059	
32	-68.945572	15.442035	
33	-69.186390	14.332619	
34	-69.459232	13.688845	
35	-69.199474	15.452936	
36	-68.847723	17.260430	
37	-69.254516	15.766477	
38	-69.036945	14.715670	
39	-70.045525	16.236695	
40	-69.879298	15.814534	
41	-68.187246	14.473841	
42	-69.634678	16.198879	
43	-70.499127	17.005013	
44	-70.333760	17.802064	
45	-70.797415	19.383911	
46	-70.618513	18.149812	
47	-70.231411	18.769655	
48	-70.025355	20.656969	
49	-70.097918	19.257655	
50	-70.140194	19.054793	
51	-70.156273	18.803814	
52	-70.256586	19.765955	
53	-69.462235	20.402491	
54	-68.628320	18.369141	
55	-68.880961	17.369922	
56	-69.481433	16.832463	
57	-69.412946	17.185714	
58	-69.428640	16.953355	
59	-69.497112	17.829505	
60	-69.465082	17.879049	
61	-69.444495	17.995293	
62	-69.629592	16.411146	
63	-69.959047	15.374848	
64	-69.718317	17.300626	
65	-69.412258	19.077505	
66	-69.458218	19.637115	
67	-69.764213	18.667785	
68	-70.068289	17.251024	
69	-69.996860	18.601627	
70	-69.461638	20.144025	
71	-69.567389	18.094588	
72	-69.690718	16.256230	
73	-70.499490	16.312948	
74	-70.672726	13.750952	
75	-69.423578	12.025779	
76	-71.056442	12.683634	
77	-71.922931	13.490697	
78	-71.172543	14.321875	
79	-71.655480	15.059710	
80	-72.018541	15.280515	
81	-71.641438	14.956625	
82	-70.153839	14.619444	
83	-70.389399	15.143840	
84	-70.657897	14.141416	
85	-70.481032	14.406069	
86	-71.080039	16.182143	
87	-70.908928	16.289664	
88	-70.956450	16.804383	
89	-71.105050	17.923068	
90	-70.889636	18.852483	
91	-70.775032	18.801749	
92	-70.194432	17.271188	
93	-70.176858	17.140182	
94	-70.786283	18.464301	
95	-70.611659	19.085405	
96	-70.909196	19.130661	
97	-70.353670	18.911832	
98	-70.231619	19.312942	
99	-70.576971	19.791699	
100	-70.806971	20.580607	
101	-70.895765	19.724334	
102	-71.079015	20.843098	
103	-71.133543	21.228251	
104	-70.904392	19.865640	
105	-71.005180	19.433787	
106	-71.097338	19.364615	
107	-71.049657	20.411029	
108	-71.077979	21.049849	
109	-70.350312	19.417933	
110	-69.643106	18.070624	
111	-70.344524	20.144440	
112	-70.642485	21.343054	
113	-70.474896	19.705726	
114	-70.543069	19.026894	
115	-69.780901	18.926508	
116	-69.514882	19.941294	
117	-70.556221	21.539351	
118	-70.929148	22.089456	
119	-70.654838	21.823087	
120	-70.682293	21.517818	
121	-71.165368	20.229130	
122	-71.816919	20.375802	
123	-71.823540	22.050895	
124	-71.566463	21.996782	
125	-71.212740	21.359386	
126	-71.014039	21.536856	
127	-70.021053	21.025232	
128	-68.896582	20.597950	
129	-70.083999	20.821060	
130	-71.435992	20.639213	
131	-71.579739	19.797107	
132	-71.855411	20.239795	
133	-72.601528	23.224442	
134	-72.321146	22.266739	
135	-71.690081	20.909902	
136	-71.917482	22.206989	
137	-71.943661	22.269664	
138	-72.182869	21.764231	
139	-71.958254	19.788874	
140	-71.930769	23.638731	
141	-72.105071	25.889763	
142	-71.402983	22.784310	
143	-71.085446	23.990025	
144	-71.085703	24.188030	
145	-71.190761	22.354367	
146	-70.708557	22.086743	
147	-70.637799	22.393541	
148	-70.814959	22.950222	
149	-70.139559	22.155025	
150	-70.179779	21.337397	
151	-70.268815	21.542436	
152	-69.803321	21.441428	
153	-70.039755	21.974309	
154	-69.709360	21.571817	
155	-69.386926	20.348240	
156	-69.075142	19.949548	
157	-69.433186	22.337479	
158	-70.043423	22.130193	
159	-69.662030	20.109693	
160	-69.925775	21.563722	
161	-67.546707	18.566480	
162	-64.883928	19.663260	
163	-66.976527	21.460915	
164	-68.832718	21.287131	
165	-66.155622	21.573933	
166	-64.494432	20.774897	
167	-64.247039	20.706595	
168	-62.497510	20.014419	
169	-61.580827	19.966284	
170	-61.422754	17.921561	
171	-61.871358	15.994864	
172	-61.285517	15.873440	
173	-60.356871	15.793296	
174	-60.394989	17.015529	
175	-59.766404	17.148936	
176	-59.201477	15.233734	
177	-58.831322	14.222227	
178	-57.919351	14.536645	
179	-57.546252	14.350556	
180	-57.798754	15.357168	
181	-56.743841	16.279329	
182	-55.445120	15.411128	
183	-56.063014	15.308091	
184	-55.229758	15.100551	
185	-55.924114	14.842435	
186	-55.091815	14.302631	
187	-52.401131	15.359413	
188	-53.736755	15.629506	
189	-52.899146	15.659428	
190	-51.247323	17.228628	
191	-51.891515	15.828866	
192	-51.134289	14.508040	
193	-49.482385	15.987383	
194	-49.197649	14.642360	
195	-49.223125	12.710054	
196	-48.661209	12.549181	
197	-48.326985	11.879369	
198	-47.784992	13.269481	
199	-47.542734	13.976706	
200	-47.120857	13.411610	
201	-47.405347	12.850839	
202	-47.345056	12.289708	
203	-46.357250	12.096803	
204	-46.044712	11.794734	
205	-45.746985	11.318418	
206	-45.740177	11.626612	
207	-45.389966	10.235466	
208	-45.295343	9.282489	
209	-46.340278	9.581992	
210	-45.920482	9.589989	
211	-44.393604	10.899276	
212	-44.451768	10.001214	
213	-44.380494	8.575838	
214	-44.202819	8.139764	
215	-44.154925	7.795504	
216	-44.011855	7.909380	
217	-43.841451	7.828170	
218	-44.157504	6.263949	
219	-43.486425	6.108858	
220	-43.497082	6.411260	
221	-43.670962	6.673787	
222	-43.298975	5.976127	
223	-43.124849	6.842851	
224	-41.967445	8.123566	
225	-41.675925	6.328926	
226	-42.188127	5.324835	
227	-42.055667	5.168839	
228	-41.809979	5.153985	
229	-41.841072	4.398005	
230	-41.711355	4.297180	
231	-41.333509	4.544424	
232	-41.187039	5.360964	
233	-40.680457	5.935010	
234	-40.610536	4.412293	
235	-40.296235	4.011983	
236	-39.774845	4.317133	
237	-39.492483	4.120731	
238	-39.202202	4.229416	
239	-39.413763	4.279270	
240	-39.553049	3.112017	
241	-38.902758	2.784580	
242	-37.950671	3.608952	
243	-37.719893	3.185679	
244	-38.079457	2.347001	
245	-37.659362	3.048185	
246	-37.218945	3.345052	
247	-37.151668	2.741575	
248	-36.651906	3.067177	
249	-36.573453	3.875081	
250	-36.775147	3.069980	
251	-36.385837	1.979704	
252	-35.825794	2.091035	
253	-36.459718	0.877522	
254	-34.507583	4.899043	
255	-34.405832	4.694512	
256	-35.742346	0.701346	
257	-35.985253	1.144439	
258	-36.424876	0.286782	
259	-35.273828	0.903318	
260	-34.886929	1.469941	
261	-34.916232	0.457249	
262	-34.752376	-0.051155	
263	-34.494252	0.554156	
264	-34.425421	0.275508	
265	-34.045943	0.495275	
266	-33.859125	0.508933	
267	-33.561665	0.470980	
268	-33.613385	0.209982	
269	-33.931090	-0.022329	
270	-34.512049	-0.075872	
271	-33.861986	-0.146950	
272	-33.013318	-0.503365	
273	-33.206959	-1.158319	
274	-32.807648	-0.234450	
275	-32.444608	-0.077638	
276	-31.734680	-0.314836	
277	-32.634027	-1.768459	
278	-32.928804	-2.371046	
279	-33.358707	-2.960802	
280	-32.786279	-2.107873	
281	-32.621176	-1.946054	
282	-32.375010	-2.762167	
283	-32.542421	-2.595339	
284	-32.534199	-1.081186	
285	-31.822645	-1.489613	
286	-31.484169	-3.312266	
287	-32.603413	-1.907345	
288	-33.137668	-3.418271	
289	-32.454604	-3.569892	
290	-32.406945	-2.298252	
291	-31.598437	-2.920009	
292	-31.442864	-2.630913	
293	-32.328826	-4.043359	
294	-31.666191	-4.079500	
295	-31.372134	-4.160858	
296	-32.802676	-5.649818	
297	-32.234693	-2.817414	
298	-31.949177	-0.916705	
299	-32.314946	-3.481452	
300	-32.617745	-4.129832	
301	-33.198649	-4.855601	
302	-33.762593	-4.772870	
303	-34.080570	-4.384801	
304	-34.382216	-5.736793	
305	-34.370322	-5.458825	
306	-33.850632	-4.802458	
307	-33.547553	-4.937487	
308	-35.064672	-6.298834	
309	-34.962159	-6.206813	
310	-33.473268	-5.236970	
311	-34.494845	-5.948679	
312	-35.672148	-7.888259	
313	-34.827019	-6.179852	
314	-35.480047	-5.738153	
315	-35.615938	-6.147922	
316	-34.789567	-4.804663	
317	-36.752624	-6.484337	
318	-36.902257	-7.730824	
319	-36.346175	-6.917143	
320	-35.682288	-8.734080	
321	-35.072142	-9.287064	
322	-35.684173	-8.078937	
323	-35.038240	-6.327041	
324	-34.909571	-7.224626	
325	-35.168987	-7.768354	
326	-34.633451	-6.729193	
327	-34.252597	-6.500249	
328	-33.785174	-4.963385	
329	-33.783611	-3.707683	
330	-33.605346	-2.504039	
331	-33.709751	-2.775563	
332	-33.518042	-0.305849	
333	-33.229828	1.898625	
334	-34.820734	-0.456689	
335	-36.539503	-2.919640	
336	-36.922039	-3.569506	
337	-37.316391	-3.701514	
338	-38.090546	-5.061343	
339	-38.718413	-5.875948	
340	-39.010543	-6.979368	
341	-39.735587	-8.523913	
342	-39.667207	-9.123257	
343	-39.494106	-11.057124	
344	-40.291078	-12.896482	
345	-40.203676	-12.336852	
346	-40.320216	-12.094714	
347	-40.368454	-11.646274	
348	-40.560836	-11.684885	
349	-41.426366	-11.061314	
350	-40.648206	-5.961660	
351	-40.956835	-6.487618	
352	-41.713514	-7.487686	
353	-41.752014	-5.714770	
354	-42.241752	-6.295724	
355	-42.327504	-5.605068	
356	-42.604211	-4.626091	
357	-42.640914	-3.738658	
358	-42.843111	-4.334740	
359	-42.735353	-3.888154	
360	-42.707223	-3.500246	
361	-43.574525	-3.073413	
362	-44.088225	-3.642023	
363	-44.403545	-3.100999	
364	-44.968099	-2.188717	
365	-45.365824	-2.937595	
366	-45.481136	-2.915248	
367	-46.470559	-3.575773	
368	-47.065576	-3.653548	
369	-47.362868	-3.555988	
370	-47.766542	-4.417228	
371	-48.918051	-4.580671	
372	-49.463055	-4.245939	
373	-49.882940	-5.081014	
374	-50.446448	-5.741380	
375	-50.107975	-6.942307	
376	-50.702087	-6.113803	
377	-51.118662	-4.670754	
378	-51.553067	-5.786688	
379	-52.277085	-6.128695	
380	-53.110658	-6.014263	
381	-53.581317	-6.342706	
382	-53.738893	-5.743935	
383	-54.220218	-5.040101	
384	-54.649349	-5.330572	
385	-55.028538	-5.215324	
386	-55.526093	-4.302382	
387	-55.914643	-4.499149	
388	-56.527374	-4.850857	
389	-57.184175	-4.621636	
390	-57.438005	-4.684689	
391	-57.884542	-3.997711	
392	-58.630319	-4.170016	
393	-59.055192	-3.658756	
394	-59.071671	-3.379306	
395	-59.392501	-3.768720	
396	-59.680708	-2.556554	
397	-60.035564	-3.284732	
398	-60.514128	-4.035143	
399	-60.814276	-4.158627	
400	-61.527910	-4.415794	
401	-61.808855	-3.699307	
402	-62.254041	-3.751467	
403	-62.720007	-3.277007	
404	-63.146214	-4.278373	
405	-63.653541	-5.155386	
406	-63.942732	-4.236886	
407	-64.048475	-3.818079	
408	-64.415775	-3.825292	
409	-64.927302	-4.516659	
410	-65.594898	-4.462428	
411	-66.093859	-4.314783	
412	-66.086682	-4.480522	
413	-66.297985	-3.952924	
414	-66.956024	-4.109786	
415	-67.289955	-4.100518	
416	-67.308503	-4.899201	
417	-67.685972	-4.801322	
418	-68.175317	-5.416326	
419	-68.787035	-6.464098	
420	-69.070915	-4.370761	
421	-69.348724	-4.119255	
422	-70.065988	-6.546133	
423	-70.472030	-7.054264	
424	-70.666042	-5.750720	
425	-71.238572	-6.653553	
426	-71.706145	-5.989850	
427	-72.151884	-5.939256	
428	-72.571942	-7.126712	
429	-73.097972	-7.757698	
430	-73.926612	-9.156877	
431	-74.540839	-8.825443	
432	-74.907101	-10.693681	
433	-75.665250	-11.083239	
434	-76.311973	-9.503371	
435	-76.652791	-13.087386	
436	-77.129967	-11.698623	
437	-77.889233	-12.245401	
438	-78.471682	-14.848418	
439	-78.669118	-15.721200	
440	-79.077357	-18.246842	
441	-79.501806	-17.781459	
442	-79.902739	-19.495565	
443	-80.329392	-19.774626	
444	-80.566432	-17.861633	
445	-80.843327	-20.211787	
446	-81.564216	-23.669131	
447	-80.937021	-22.955312	
448	-81.136299	-24.401704	
449	-82.224265	-26.356438	
450	-82.264016	-23.687456	
451	-82.811976	-26.885852	
452	-82.885237	-28.289844	
453	-82.826943	-27.064263	
454	-83.174183	-29.337714	
455	-83.489543	-29.034166	
456	-83.428453	-31.851995	
457	-83.470900	-32.972879	
458	-83.910643	-35.417125	
459	-84.013375	-35.749480	
460	-84.149836	-35.175365	
461	-84.510468	-37.198043	
462	-84.453324	-37.446388	
463	-84.886362	-41.506646	
464	-85.088446	-42.494565	
465	-85.055800	-42.332577	
466	-84.991569	-43.279411	
467	-85.253367	-44.341276	
468	-85.825721	-46.371505	
469	-85.705555	-45.977695	
470	-85.443159	-45.889829	
471	-85.528331	-45.886125	
472	-85.994712	-44.578632	
473	-85.861675	-42.986277	
474	-85.734356	-43.437038	
475	-85.394338	-38.740833	
476	-84.660620	-34.313122	
477	-84.073767	-32.666126	
478	-83.731238	-29.922645	
479	-83.326111	-25.896707	
480	-82.760097	-23.251260	
481	-82.454307	-21.886004	
482	-81.884218	-17.754471	
483	-81.495585	-19.102236	
484	-80.243346	-17.117123	
485	-79.777209	-15.594001	
486	-79.249138	-13.995877	
487	-78.837455	-10.136939	
488	-79.108759	-9.601518	
489	-78.139846	-7.991949	
490	-77.579916	-5.759302	
491	-77.213765	-3.904817	
492	-76.510104	-2.846582	
493	-75.767560	-1.617130	
494	-74.965740	0.487088	
495	-74.201108	2.154979	
496	-73.760231	2.916042	
497	-72.902766	2.933661	
498	-72.353086	3.754611	
499	-71.944842	4.625313	
500	-71.191046	3.943617	
501	-70.285861	4.223766	
502	-69.917469	5.841667	
503	-69.735805	6.952772	
504	-69.004565	7.454600	
505	-68.359598	8.082379	
506	-67.712704	7.152914	
507	-66.972457	7.422310	
508	-66.368343	8.280531	
509	-65.761391	8.402952	
510	-64.960428	9.130503	
511	-64.141291	9.290720	
512	-63.613837	8.746454	
513	-62.697196	8.981781	
514	-61.980197	9.608546	
515	-61.548229	9.223786	
516	-60.799866	8.932907	
517	-60.134698	8.777527	
518	-59.574858	8.808334	
519	-58.785498	8.500724	
520	-58.230493	8.206367	
521	-57.776956	8.555630	
522	-56.982001	8.196795	
523	-56.440022	7.668269	
524	-55.930720	8.182632	
525	-55.306268	8.550640	
526	-55.068887	8.459894	
527	-54.915806	7.919517	
528	-53.925413	8.191454	
529	-53.308525	7.768312	
530	-53.278159	7.253637	
531	-52.110133	7.552415	
532	-51.585361	7.071825	
533	-51.612081	7.384221	
534	-50.916978	7.556008	
535	-50.393853	6.490303	
536	-50.539074	6.465096	
537	-50.298839	6.664439	
538	-49.408781	5.639735	
539	-49.359569	5.050223	
540	-49.357295	4.891112	
541	-49.100046	4.253095	
542	-48.892480	3.564735	
543	-48.592546	3.628705	
544	-48.299181	3.346464	
545	-48.291494	2.482310	
546	-48.139127	3.055783	
547	-47.670559	3.272845	
548	-47.585228	2.325300	
549	-47.064070	1.842773	
550	-46.882471	2.099658	
551	-47.011188	2.446038	
552	-46.653139	2.953923	
553	-46.654716	3.771450	
554	-46.526185	3.451726	
555	-46.214104	3.226439	
556	-46.133017	4.256254	
557	-45.610544	4.307363	
558	-45.260415	4.348710	
559	-45.415839	4.709547	
560	-45.070000	4.653640	
561	-45.231849	4.572733	
562	-45.331518	4.528621	
563	-45.000250	4.887301	
564	-45.242765	4.292104	
565	-45.061788	3.294496	
566	-44.912489	3.716823	
567	-45.169271	3.316217	
568	-45.153783	2.583184	
569	-45.205604	1.626313	
570	-45.014501	1.680733	
571	-44.880468	2.181417	
572	-44.660906	1.459205	
573	-44.449968	1.815142	
574	-44.199144	1.406539	
575	-43.821612	1.438364	
576	-43.788297	2.157510	
577	-43.942418	1.295674	
578	-43.607929	0.955560	
579	-43.110731	1.344831	
580	-42.990196	2.303578	
581	-43.354065	1.948241	
582	-43.695287	1.120228	
583	-43.009454	1.252792	
584	-43.102518	0.616098	
585	-43.508822	0.405168	
586	-43.304416	0.443440	
587	-43.511201	0.069632	
588	-43.584968	-0.351699	
589	-43.601712	0.546314	
590	-43.612431	1.101594	
591	-43.547781	0.926140	
592	-43.136762	0.735538	
593	-42.938940	0.939753	
594	-42.925137	1.482778	
595	-42.688822	1.788273	
596	-42.650732	1.546033	
597	-42.182288	1.529937	
598	-42.014851	1.700364	
599	-42.085813	1.835753	
600	-42.013186	1.331384	
601	-41.955698	0.911423	
602	-42.338764	1.169124	
603	-42.447841	1.024647	
604	-41.933847	1.491740	
605	-42.275408	1.293907	
606	-42.242394	1.134783	
607	-42.272527	1.451917	
608	-42.515043	1.380496	
609	-42.560003	2.111520	
610	-42.653977	2.827108	
611	-42.849016	2.613427	
612	-43.780133	2.289987	
613	-43.886764	2.913382	
614	-43.872459	3.334146	
615	-44.534555	2.968959	
616	-44.756763	3.046716	
617	-45.468432	2.394731	
618	-45.903639	0.709782	
619	-45.950544	0.426728	
620	-46.744516	-0.489057	
621	-47.428028	-2.278392	
622	-47.255575	-2.483456	
623	-47.670881	-3.283179	
624	-47.751389	-4.695245	
625	-46.880432	-5.458979	
626	-46.347700	-6.025339	
627	-45.952459	-5.814256	
628	-45.257325	-5.441295	
629	-43.712601	-5.560907	
630	-43.102093	-5.203385	
631	-43.229553	-4.858294	
632	-42.561481	-4.400898	
633	-42.202443	-3.392680	
634	-42.192363	-2.679421	
635	-42.085416	-1.765745	
636	-42.486502	-0.815315	
637	-42.761000	0.250078	
638	-42.984215	2.270278	
639	-43.464629	3.490501	
640	-44.275502	4.084584	
641	-45.033568	3.498789	
642	-45.558812	3.001543	
643	-46.334800	2.874870	
644	-47.104967	1.946073	
645	-47.636467	0.435544	
646	-48.208722	-1.312855	
647	-49.383028	-2.987041	
648	-50.028654	-5.253484	
649	-50.101596	-8.003960	
650	-50.462243	-10.464092	
651	-50.399966	-11.328296	
652	-50.754957	-12.231416	
653	-51.072508	-13.483893	
654	-50.780336	-13.398448	
655	-51.161213	-13.022530	
656	-51.361876	-12.673165	
657	-51.357955	-11.236566	
658	-51.565173	-10.102950	
659	-51.806122	-8.729571	
660	-52.157084	-7.798629	
661	-52.306379	-6.651000	
662	-52.891682	-4.527844	
663	-52.871382	-3.653412	
664	-52.856468	-3.616070	
665	-53.283453	-3.548452	
666	-53.377503	-3.807519	
667	-53.932902	-4.923645	
668	-54.407258	-4.803218	
669	-54.873806	-4.202623	
670	-55.513929	-5.372455	
671	-56.145545	-6.967316	
672	-56.646221	-7.529471	
673	-57.178925	-6.670854	
674	-58.028985	-6.679027	
675	-58.368655	-7.127304	
676	-58.622036	-6.878942	
677	-59.461131	-7.694385	
678	-59.852988	-7.367662	
679	-60.163270	-6.954387	
680	-60.728118	-7.341371	
681	-61.061142	-6.780896	
682	-61.173456	-7.033240	
683	-61.541668	-6.705116	
684	-62.759982	-6.094414	
685	-63.448844	-6.557326	
686	-63.522464	-6.110567	
687	-64.333254	-5.979587	
688	-64.753359	-6.600376	
689	-64.869516	-6.791160	
690	-65.411233	-6.744964	
691	-65.858082	-6.898433	
692	-66.311576	-7.012295	
693	-66.843404	-7.791165	
694	-67.052345	-8.799612	
695	-67.298834	-7.959002	
696	-67.784760	-7.754702	
697	-68.228219	-7.667974	
698	-68.455768	-7.180537	
699	-68.789536	-8.232181	
700	-69.172516	-8.495304	
701	-69.655897	-8.376923	
702	-69.955167	-7.871449	
703	-69.951636	-8.900744	
704	-70.204034	-9.200975	
705	-70.998434	-8.468275	
706	-71.604430	-8.703339	
707	-71.652958	-8.386933	
708	-71.985922	-8.660075	
709	-71.859384	-7.596754	
710	-72.183151	-8.110924	
711	-72.814218	-9.360696	
712	-73.148891	-9.474197	
713	-73.350290	-10.163357	
714	-73.521121	-10.812263	
715	-73.959985	-10.983808	
716	-74.461524	-11.372401	
717	-74.759533	-11.963183	
718	-74.644545	-11.277523	
719	-75.093790	-12.739466	
720	-75.365200	-13.495339	
721	-75.724449	-13.886926	
722	-76.282284	-15.527522	
723	-76.602324	-15.940907	
724	-77.014698	-17.792004	
725	-77.432790	-17.845930	
726	-78.017310	-18.924318	
727	-78.419230	-19.024525	
728	-78.609214	-20.382154	
729	-79.112576	-24.156808	
730	-79.578889	-22.768257	
731	-79.770702	-23.771344	
732	-80.240613	-27.675342	
733	-80.556697	-27.306861	
734	-81.317478	-30.704633	
735	-81.832854	-32.104619	
736	-82.050155	-32.091755	
737	-82.675317	-31.590581	
738	-82.967637	-28.671259	
739	-83.369104	-31.573761	
740	-83.659569	-34.407821	
741	-83.248989	-32.906556	
742	-83.104968	-32.072489	
743	-83.753282	-34.698929	
744	-83.928615	-35.938694	
745	-84.123767	-32.731355	
746	-84.398085	-29.490280	
747	-84.295705	-27.306090	
748	-84.018347	-41.493922	
749	-83.691330	-49.917582	
750	-83.782653	-45.897817	
751	-84.158689	-45.993697	
752	-84.232102	-45.332712	
753	-83.981627	-46.349001	
754	-84.070586	-48.977335	
755	-84.287007	-48.462360	
756	-84.253995	-46.583886	
757	-84.279512	-47.000711	
758	-84.836075	-51.253327	
759	-85.091472	-52.131752	
760	-84.506647	-47.784943	
761	-84.707081	-50.127174	
762	-84.924048	-52.039162	
763	-84.619047	-48.646134	
764	-85.793906	-55.954357	
765	-86.275105	-57.421693	
766	-85.680583	-51.063973	
767	-86.054564	-53.654474	
768	-86.397753	-52.829855	
769	-86.707210	-52.375600	
770	-86.789284	-52.250301	
771	-86.352573	-45.606009	
772	-85.848456	-36.454027	
773	-85.323253	-29.101294	
774	-84.860077	-26.962518	
775	-84.380576	-19.179867	
776	-83.616287	-11.290700	
777	-82.779202	-7.109714	
778	-81.946488	-0.615164	
779	-81.856476	6.184755	
780	-81.518745	5.955867	
781	-80.209281	2.261642	
782	-79.468713	8.076043	
783	-79.281261	10.295521	
784	-78.665565	7.032949	
785	-78.407924	6.878796	
786	-78.377378	8.675923	
787	-77.427126	8.465126	
788	-76.820589	8.549947	
789	-76.297297	10.213202	
790	-75.572815	10.369336	
791	-75.267003	11.397243	
792	-74.941361	12.386385	
793	-73.842402	12.498127	
794	-73.270403	13.814336	
795	-72.854637	13.871218	
796	-71.734652	14.485085	
797	-71.159919	15.067727	
798	-70.480335	15.264369	
799	-69.152983	15.959521	
800	-68.459896	16.513463	
801	-68.223308	17.279987	
802	-68.111837	17.140632	
803	-67.100458	17.544318	
804	-66.157816	16.831866	
805	-65.675456	16.031253	
806	-65.220571	16.856960	
807	-64.761347	15.496307	
808	-63.610631	16.366785	
809	-63.295165	16.346799	
810	-63.045766	15.113931	
811	-62.027146	15.489857	
812	-60.808812	15.645058	
813	-60.163523	16.451825	
814	-60.104119	16.108973	
815	-60.031353	16.525712	
816	-58.514451	14.791556	
817	-59.422332	16.130105	
818	-59.068120	16.654626	
819	-56.965227	15.043379	
820	-56.836013	15.204646	
821	-56.179358	14.728828	
822	-55.604184	13.657355	
823	-56.125711	14.589468	
824	-56.456320	15.273125	
825	-52.394012	10.619089	
826	-52.134882	11.015382	
827	-54.320027	13.550142	
828	-53.246340	11.817957	
829	-52.681900	12.233284	
830	-52.873283	12.302533	
831	-52.615038	11.420380	
832	-51.909409	11.381454	
833	-51.638321	10.479594	
834	-51.160971	9.975032	
835	-51.202436	10.151186	
836	-52.604265	7.755303	
837	-52.942679	7.631810	
838	-51.513988	10.206820	
839	-51.552040	9.444845	
840	-51.406529	10.042983	
841	-52.456542	8.541057	
842	-52.105404	7.664263	
843	-51.235666	8.743131	
844	-52.250775	5.759597	
845	-51.214996	6.235569	
846	-50.538250	5.737590	
847	-50.645689	6.737130	
848	-50.836561	6.077909	
849	-51.137819	6.539902	
850	-50.763605	5.971131	
851	-50.942624	6.391547	
852	-50.526918	5.858150	
853	-50.474748	6.382528	
854	-51.069954	6.631987	
855	-50.940886	6.235689	
856	-50.755217	8.148715	
857	-51.013125	9.636702	
858	-50.805609	9.022810	
859	-50.500677	7.183746	
860	-51.074014	7.540034	
861	-50.354366	7.461707	
862	-49.089922	5.577751	
863	-49.508979	6.290470	
864	-48.799459	5.084213	
865	-49.587995	3.514259	
866	-50.841376	5.004613	
867	-50.675348	3.732372	
868	-53.945353	6.829677	
869	-51.900916	6.404749	
870	-51.217915	3.716834	
871	-52.304210	4.488403	
872	-49.940370	4.009586	
873	-49.608382	5.033579	
874	-49.024647	4.827367	
875	-50.533741	4.781410	
876	-50.681629	5.438190	
877	-48.574349	5.594982	
878	-52.042611	9.570555	
879	-52.760691	9.421995	
880	-50.538982	5.597870	
881	-50.882011	6.437503	
882	-51.016475	8.315445	
883	-50.082625	9.824279	
884	-49.028688	10.010496	
885	-50.078783	10.949998	
886	-48.414409	12.216867	
887	-46.912606	12.249807	
888	-48.669084	11.979536	
889	-46.379920	12.073076	
890	-46.985352	12.554695	
891	-48.971107	13.132149	
892	-47.281251	11.966976	
893	-47.870652	11.697784	
894	-45.023452	12.970423	
895	-43.425130	12.178228	
896	-46.640098	11.477340	
897	-52.319654	16.449921	
898	-45.819206	12.973251	
899	-43.943716	13.010961	
900	-44.948400	13.934032	
901	-41.889859	13.164793	
902	-44.343045	12.122064	
903	-43.325037	13.295666	
904	-42.625448	13.597801	
905	-44.303029	13.374669	
906	-44.958892	14.512373	
907	-47.372566	13.893485	
908	-45.802962	12.735066	
909	-41.423666	12.312056	
910	-43.027760	14.056192	
911	-44.130717	14.383170	
912	-40.666256	17.638234	
913	-42.562547	16.025998	
914	-43.890412	15.061307	
915	-52.552422	16.989862	
916	-57.800425	19.532696	
917	NaN	NaN	
918	NaN	NaN	
919	NaN	NaN	
920	NaN	NaN	
921	NaN	NaN	
922	NaN	NaN	
923	NaN	NaN	
924	NaN	NaN	
925	NaN	NaN	
926	NaN	NaN	
927	NaN	NaN	
928	NaN	NaN	
929	NaN	NaN	
930	NaN	NaN	
931	NaN	NaN	
932	NaN	NaN	
933	NaN	NaN	
934	NaN	NaN	
935	NaN	NaN	
936	NaN	NaN	
937	NaN	NaN	
938	NaN	NaN	
939	88.347270	87.672262	
940	89.026071	88.610424	
941	89.374815	89.089023	
942	89.424429	89.123997	
943	90.385867	90.550669	
944	92.560871	93.673100	
945	93.598936	95.756719	
946	93.082298	94.987083	
947	94.338295	97.027363	
948	97.351150	101.757573	
949	98.048073	102.853058	
950	97.720637	102.704141	
951	97.708238	102.958678	
952	100.154324	106.874238	
953	100.591934	107.073910	
954	99.951415	106.161674	
955	95.499343	99.219856	
956	98.705264	103.680594	
957	100.721116	106.179126	
958	98.422245	103.083268	
959	97.315066	101.268116	
960	92.579980	93.888882	
961	91.654719	92.367525	
962	92.470414	93.768015	
963	90.314936	90.492774	
964	89.018028	88.533105	
965	92.753795	93.897087	
966	93.995709	95.610258	
967	96.300427	98.085805	
968	97.785368	99.607201	
969	97.219261	99.358062	
970	100.133561	102.688235	
971	104.712101	107.823446	
972	100.673515	103.806254	
973	102.700435	105.602156	
974	NaN	NaN	
975	NaN	NaN	
976	NaN	NaN	
977	NaN	NaN	
978	NaN	NaN	
979	NaN	NaN	
980	NaN	NaN	
981	NaN	NaN	
982	NaN	NaN	
983	NaN	NaN	
984	NaN	NaN	
985	NaN	NaN	
986	NaN	NaN	
987	NaN	NaN	
988	NaN	NaN	
989	NaN	NaN	
990	NaN	NaN	
991	NaN	NaN	
992	NaN	NaN	
993	NaN	NaN	
994	NaN	NaN	
995	NaN	NaN	
996	NaN	NaN	
997	NaN	NaN	
998	NaN	NaN	
999	NaN	NaN	
1000	NaN	NaN	
1001	NaN	NaN	
1002	NaN	NaN	
1003	NaN	NaN	
1004	NaN	NaN	
1005	NaN	NaN	
1006	NaN	NaN	
1007	NaN	NaN	
1008	NaN	NaN	
1009	NaN	NaN	
1010	NaN	NaN	
1011	NaN	NaN	
1012	NaN	NaN	
1013	NaN	NaN	
1014	NaN	NaN	
1015	NaN	NaN	
1016	NaN	NaN	
1017	NaN	NaN	
1018	NaN	NaN	
1019	NaN	NaN	
1020	NaN	NaN	
1021	NaN	NaN	
1022	NaN	NaN	
1023	NaN	NaN	
1024	NaN	NaN	
1025	NaN	NaN	
1026	NaN	NaN	
1027	NaN	NaN	
1028	NaN	NaN	
1029	NaN	NaN	
1030	NaN	NaN	
1031	NaN	NaN	
1032	NaN	NaN	
1033	NaN	NaN	
1034	NaN	NaN	
1035	NaN	NaN	
1036	NaN	NaN	
1037	NaN	NaN	
1038	NaN	NaN	
1039	NaN	NaN	
1040	NaN	NaN	
1041	NaN	NaN	
1042	NaN	NaN	
1043	NaN	NaN	
1044	NaN	NaN	
1045	NaN	NaN	
1046	NaN	NaN	
1047	NaN	NaN	
1048	NaN	NaN	
1049	NaN	NaN	
1050	NaN	NaN	
1051	NaN	NaN	
1052	NaN	NaN	
1053	NaN	NaN	
1054	NaN	NaN	
1055	NaN	NaN	
1056	NaN	NaN	
1057	NaN	NaN	
1058	NaN	NaN	
1059	NaN	NaN	
1060	NaN	NaN	
1061	NaN	NaN	
1062	NaN	NaN	
1063	NaN	NaN	
1064	NaN	NaN	
1065	NaN	NaN	
1066	NaN	NaN	
1067	NaN	NaN	
1068	NaN	NaN	
1069	NaN	NaN	
1070	NaN	NaN	
1071	NaN	NaN	
1072	NaN	NaN	
1073	NaN	NaN	
1074	NaN	NaN	
1075	NaN	NaN	
1076	NaN	NaN	
1077	NaN	NaN	
1078	NaN	NaN	
1079	NaN	NaN	
1080	NaN	NaN	
1081	NaN	NaN	
1082	NaN	NaN	
