Athlete_Engineering	// User ID
11-2-2021	// Evaluation date
P016_Flex	30-1-2021	14:32:31:896	// Source file name and timestamp
250.000	// Sampling rate
7.776	// Data capture period



Sample #	Right_Leg_Flexion	Right_Leg_Abduction	
0	-5.904193	-1.619757	
1	-5.901882	-1.606759	
2	-5.899243	-1.596468	
3	-5.897497	-1.590173	
4	-5.897698	-1.587869	
5	-5.900238	-1.588631	
6	-5.904690	-1.591921	
7	-5.910233	-1.597833	
8	-5.915879	-1.606637	
9	-5.920516	-1.618213	
10	-5.923291	-1.631678	
11	-5.923964	-1.645303	
12	-5.922999	-1.656349	
13	-5.921356	-1.661809	
14	-5.920017	-1.660476	
15	-5.919805	-1.653624	
16	-5.921377	-1.643186	
17	-5.925039	-1.629963	
18	-5.930649	-1.613683	
19	-5.937646	-1.594342	
20	-5.945128	-1.573534	
21	-5.952185	-1.554905	
22	-5.958369	-1.542773	
23	-5.963900	-1.539176	
24	-5.969324	-1.542660	
25	-5.975076	-1.549998	
26	-5.981477	-1.557831	
27	-5.988764	-1.563136	
28	-5.996920	-1.564095	
29	-6.005715	-1.560709	
30	-6.014873	-1.553814	
31	-6.023912	-1.544396	
32	-6.032184	-1.534324	
33	-6.039305	-1.526406	
34	-6.044938	-1.523063	
35	-6.048244	-1.525145	
36	-6.048470	-1.531623	
37	-6.046023	-1.539779	
38	-6.042148	-1.545903	
39	-6.037810	-1.546671	
40	-6.033552	-1.539814	
41	-6.029991	-1.523621	
42	-6.027619	-1.497688	
43	-6.026330	-1.464643	
44	-6.025749	-1.429393	
45	-6.025782	-1.396149	
46	-6.026484	-1.367292	
47	-6.027888	-1.344309	
48	-6.030408	-1.327781	
49	-6.035084	-1.317193	
50	-6.043036	-1.311680	
51	-6.054606	-1.309980	
52	-6.069049	-1.310069	
53	-6.084956	-1.310324	
54	-6.100906	-1.311265	
55	-6.115965	-1.315282	
56	-6.129632	-1.324005	
57	-6.141294	-1.336489	
58	-6.149900	-1.350362	
59	-6.154455	-1.363530	
60	-6.154994	-1.374018	
61	-6.153076	-1.379229	
62	-6.151145	-1.376762	
63	-6.151444	-1.366674	
64	-6.155539	-1.352443	
65	-6.164152	-1.338803	
66	-6.176707	-1.328609	
67	-6.191436	-1.321931	
68	-6.206379	-1.317934	
69	-6.220009	-1.316751	
70	-6.231010	-1.318929	
71	-6.238088	-1.324021	
72	-6.240139	-1.330088	
73	-6.236515	-1.334319	
74	-6.227389	-1.334711	
75	-6.214170	-1.331679	
76	-6.199471	-1.328054	
77	-6.186444	-1.326681	
78	-6.178048	-1.327795	
79	-6.176460	-1.329769	
80	-6.182362	-1.331162	
81	-6.194584	-1.330560	
82	-6.210757	-1.326228	
83	-6.228470	-1.317239	
84	-6.245935	-1.304679	
85	-6.261802	-1.291879	
86	-6.275026	-1.282979	
87	-6.285188	-1.280444	
88	-6.292481	-1.284088	
89	-6.297531	-1.292224	
90	-6.302011	-1.302279	
91	-6.308900	-1.310746	
92	-6.320931	-1.314989	
93	-6.338773	-1.315257	
94	-6.360797	-1.313753	
95	-6.383974	-1.312761	
96	-6.405105	-1.314114	
97	-6.422008	-1.318624	
98	-6.434116	-1.325380	
99	-6.442373	-1.332212	
100	-6.448474	-1.337125	
101	-6.453535	-1.340056	
102	-6.457151	-1.343666	
103	-6.457251	-1.352199	
104	-6.450518	-1.369925	
105	-6.433575	-1.400100	
106	-6.404503	-1.443828	
107	-6.363758	-1.499512	
108	-6.314525	-1.563271	
109	-6.262437	-1.629360	
110	-6.213920	-1.691729	
111	-6.173918	-1.747416	
112	-6.144699	-1.798222	
113	-6.126186	-1.848408	
114	-6.117548	-1.901107	
115	-6.118734	-1.956452	
116	-6.130246	-2.012418	
117	-6.151727	-2.067226	
118	-6.181049	-2.120622	
119	-6.214194	-2.173262	
120	-6.245214	-2.225211	
121	-6.266978	-2.274257	
122	-6.273649	-2.315870	
123	-6.263115	-2.345392	
124	-6.237682	-2.360103	
125	-6.202991	-2.360234	
126	-6.165351	-2.348941	
127	-6.129383	-2.330157	
128	-6.097627	-2.306465	
129	-6.071403	-2.279697	
130	-6.052094	-2.252054	
131	-6.041695	-2.225935	
132	-6.041915	-2.203713	
133	-6.053871	-2.187629	
134	-6.079658	-2.179343	
135	-6.123349	-2.179939	
136	-6.189613	-2.191016	
137	-6.281708	-2.216132	
138	-6.399859	-2.261330	
139	-6.539699	-2.333493	
140	-6.692010	-2.436143	
141	-6.843610	-2.564469	
142	-6.977689	-2.703049	
143	-7.076124	-2.829471	
144	-7.125216	-2.922826	
145	-7.119846	-2.970523	
146	-7.063253	-2.969248	
147	-6.964609	-2.922711	
148	-6.835823	-2.838970	
149	-6.688316	-2.727619	
150	-6.531123	-2.597320	
151	-6.370735	-2.454484	
152	-6.211565	-2.303293	
153	-6.056029	-2.146536	
154	-5.904614	-1.986487	
155	-5.756912	-1.825212	
156	-5.612928	-1.664492	
157	-5.473027	-1.506130	
158	-5.336976	-1.352529	
159	-5.203834	-1.206439	
160	-5.072902	-1.069954	
161	-4.944039	-0.944151	
162	-4.816818	-0.829565	
163	-4.690215	-0.726338	
164	-4.563075	-0.633764	
165	-4.434315	-0.550074	
166	-4.303115	-0.473263	
167	-4.169247	-0.402508	
168	-4.033139	-0.338060	
169	-3.895926	-0.279233	
170	-3.759389	-0.223215	
171	-3.625120	-0.166168	
172	-3.493419	-0.104804	
173	-3.363317	-0.036879	
174	-3.233404	0.038974	
175	-3.102229	0.123340	
176	-2.968190	0.215924	
177	-2.829397	0.315415	
178	-2.684069	0.419729	
179	-2.531637	0.526993	
180	-2.373686	0.636668	
181	-2.213319	0.749571	
182	-2.053316	0.866770	
183	-1.894996	0.988291	
184	-1.738307	1.112654	
185	-1.582551	1.237644	
186	-1.427300	1.361175	
187	-1.272722	1.481373	
188	-1.119346	1.596352	
189	-0.967903	1.704359	
190	-0.818779	1.804025	
191	-0.670896	1.894230	
192	-0.521630	1.973947	
193	-0.368298	2.042470	
194	-0.209328	2.099505	
195	-0.044347	2.144955	
196	0.125773	2.179003	
197	0.299042	2.202416	
198	0.473129	2.216518	
199	0.645913	2.223150	
200	0.815326	2.224801	
201	0.979403	2.224574	
202	1.137007	2.225986	
203	1.288799	2.232434	
204	1.437684	2.246207	
205	1.588201	2.267913	
206	1.745134	2.296744	
207	1.912232	2.330884	
208	2.091460	2.367822	
209	2.282713	2.404772	
210	2.483998	2.439051	
211	2.691778	2.468326	
212	2.901442	2.490724	
213	3.108337	2.504909	
214	3.309034	2.510679	
215	3.501931	2.509680	
216	3.687168	2.504941	
217	3.866385	2.499481	
218	4.042565	2.495096	
219	4.219721	2.491661	
220	4.401951	2.487568	
221	4.592218	2.481285	
222	4.791713	2.472449	
223	5.000147	2.461612	
224	5.216726	2.449557	
225	5.440994	2.436930	
226	5.672557	2.424104	
227	5.910335	2.410916	
228	6.152897	2.396464	
229	6.399320	2.379624	
230	6.649132	2.360054	
231	6.901493	2.338679	
232	7.154361	2.317278	
233	7.404693	2.297794	
234	7.650020	2.281838	
235	7.889998	2.270010	
236	8.126754	2.261513	
237	8.363842	2.254708	
238	8.604122	2.247394	
239	8.847936	2.236459	
240	9.093298	2.218593	
241	9.338199	2.192186	
242	9.582922	2.158388	
243	9.830063	2.120201	
244	10.082631	2.080795	
245	10.342434	2.042798	
246	10.609966	2.008316	
247	10.884928	1.978443	
248	11.166183	1.952616	
249	11.451896	1.928766	
250	11.740906	1.904062	
251	12.033797	1.876178	
252	12.331903	1.844859	
253	12.635224	1.812401	
254	12.941776	1.782166	
255	13.249349	1.756207	
256	13.557143	1.734503	
257	13.864916	1.716852	
258	14.172042	1.704661	
259	14.478782	1.699797	
260	14.787049	1.702197	
261	15.098891	1.709430	
262	15.415477	1.718133	
263	15.738297	1.725503	
264	16.070577	1.730349	
265	16.416040	1.734277	
266	16.775800	1.742303	
267	17.147037	1.762349	
268	17.525055	1.804576	
269	17.907926	1.878895	
270	18.299914	1.990758	
271	18.709272	2.140945	
272	19.142903	2.329391	
273	19.603545	2.556496	
274	20.090467	2.821109	
275	20.601597	3.119543	
276	21.135163	3.446452	
277	21.690592	3.795000	
278	22.268631	4.156274	
279	22.869968	4.520347	
280	23.493427	4.878477	
281	24.135133	5.224189	
282	24.788652	5.553363	
283	25.445525	5.865002	
284	26.096195	6.162680	
285	26.732594	6.453432	
286	27.351382	6.743446	
287	27.954794	7.035803	
288	28.549274	7.331774	
289	29.143517	7.631390	
290	29.745872	7.933264	
291	30.361802	8.235761	
292	30.993654	8.537486	
293	31.642445	8.835980	
294	32.309135	9.126504	
295	32.995022	9.401720	
296	33.702066	9.652906	
297	34.431580	9.873656	
298	35.181838	10.063348	
299	35.948734	10.226364	
300	36.728834	10.369023	
301	37.520828	10.498451	
302	38.324986	10.622309	
303	39.141742	10.747833	
304	39.970724	10.881685	
305	40.811188	11.030174	
306	41.662432	11.198000	
307	42.523517	11.386090	
308	43.393284	11.589984	
309	44.270355	11.799449	
310	45.152440	11.999939	
311	46.035269	12.175392	
312	46.911422	12.309964	
313	47.769979	12.388176	
314	48.598009	12.395251	
315	49.383304	12.318631	
316	50.117191	12.150804	
317	50.797797	11.893003	
318	51.434869	11.559324	
319	52.052807	11.179484	
320	52.684481	10.793147	
321	53.357148	10.436128	
322	54.083528	10.131897	
323	54.865043	9.892653	
324	55.699486	9.722462	
325	56.583888	9.619627	
326	57.512973	9.578652	
327	58.477247	9.591135	
328	59.462150	9.646170	
329	60.450186	9.730527	
330	61.425928	9.828646	
331	62.380217	9.925278	
332	63.311153	10.011087	
333	64.220949	10.084584	
334	65.110645	10.147519	
335	65.977556	10.200689	
336	66.817162	10.245698	
337	67.626862	10.288894	
338	68.408523	10.341781	
339	69.168635	10.417671	
340	69.915954	10.527597	
341	70.657414	10.677574	
342	71.395522	10.866736	
343	72.129303	11.084897	
344	72.856535	11.312350	
345	73.575131	11.527018	
346	74.283868	11.714109	
347	74.982123	11.867926	
348	75.669677	11.988007	
349	76.348036	12.078825	
350	77.020466	12.151027	
351	77.689485	12.217482	
352	78.356034	12.288670	
353	79.020916	12.373610	
354	79.683804	12.480768	
355	80.341397	12.614188	
356	80.989814	12.769549	
357	81.628223	12.934125	
358	82.258886	13.090185	
359	82.884292	13.220449	
360	83.504315	13.314928	
361	84.116126	13.376879	
362	84.716829	13.424019	
363	85.305720	13.482938	
364	85.884545	13.576887	
365	86.456897	13.713087	
366	87.027450	13.881033	
367	87.600660	14.062695	
368	88.179353	14.242501	
369	88.764060	14.410897	
370	89.353025	14.563544	
371	89.942619	14.697807	
372	90.528518	14.810197	
373	91.107256	14.899078	
374	91.677773	14.971432	
375	92.242634	15.045968	
376	92.806754	15.144678	
377	93.373438	15.278299	
378	93.941527	15.440168	
379	94.506171	15.610564	
380	95.061444	15.765302	
381	95.602123	15.887394	
382	96.124635	15.975862	
383	96.628243	16.042767	
384	97.115979	16.103562	
385	97.594184	16.171896	
386	98.071147	16.259075	
387	98.555853	16.374299	
388	99.056601	16.525702	
389	99.579036	16.719685	
390	100.123596	16.955375	
391	100.684213	17.220196	
392	101.250718	17.494461	
393	101.813098	17.760969	
394	102.363626	18.010442	
395	102.896483	18.240519	
396	103.406994	18.452280	
397	103.891776	18.648188	
398	104.350048	18.830830	
399	104.785029	19.001216	
400	105.203297	19.159622	
401	105.612319	19.309598	
402	106.018839	19.459983	
403	106.428676	19.622340	
404	106.846200	19.805723	
405	107.272861	20.011344	
406	107.706203	20.230267	
407	108.140332	20.446107	
408	108.566656	20.640687	
409	108.974738	20.799176	
410	109.354847	20.913168	
411	109.701777	20.981380	
412	110.016871	21.008029	
413	110.306318	21.000696	
414	110.577325	20.970327	
415	110.835182	20.932073	
416	111.082213	20.902163	
417	111.317717	20.891654	
418	111.538254	20.903462	
419	111.738635	20.934866	
420	111.913439	20.980380	
421	112.058551	21.031620	
422	112.172694	21.078173	
423	112.258150	21.110576	
424	112.319810	21.121730	
425	112.363070	21.106662	
426	112.391555	21.063188	
427	112.406008	20.993876	
428	112.405009	20.905781	
429	112.386510	20.806260	
430	112.349034	20.699049	
431	112.292833	20.583824	
432	112.221009	20.457945	
433	112.138656	20.317926	
434	112.049964	20.160376	
435	111.956126	19.982873	
436	111.855421	19.785032	
437	111.744811	19.571060	
438	111.621828	19.352060	
439	111.485732	19.144493	
440	111.338014	18.965533	
441	111.182177	18.828724	
442	111.022631	18.744266	
443	110.863734	18.724641	
444	110.708892	18.786863	
445	110.559332	18.946166	
446	110.414684	19.209791	
447	110.275399	19.576283	
448	110.143234	20.034266	
449	110.019083	20.556929	
450	109.901330	21.093382	
451	109.787178	21.562926	
452	109.675802	21.872029	
453	109.567296	21.961419	
454	109.457246	21.840857	
455	109.336274	21.570946	
456	109.195204	21.219885	
457	109.028309	20.839271	
458	108.833529	20.460884	
459	108.612684	20.099475	
460	108.371572	19.756013	
461	108.117726	19.422232	
462	107.857064	19.087291	
463	107.592803	18.744420	
464	107.326568	18.394589	
465	107.059871	18.047189	
466	106.794930	17.718153	
467	106.533666	17.425312	
468	106.275203	17.183264	
469	106.014960	17.000754	
470	105.747392	16.879699	
471	105.469851	16.813146	
472	105.183747	16.784856	
473	104.892935	16.774076	
474	104.601160	16.761342	
475	104.309634	16.730957	
476	104.016669	16.671321	
477	103.720036	16.574724	
478	103.419451	16.437480	
479	103.117070	16.260094	
480	102.815966	16.046082	
481	102.517532	15.800642	
482	102.220174	15.530401	
483	101.921162	15.243365	
484	101.620117	14.949330	
485	101.320179	14.660896	
486	101.025487	14.392424	
487	100.737594	14.155627	
488	100.453697	13.955669	
489	100.167432	13.791244	
490	99.870283	13.656292	
491	99.552513	13.541173	
492	99.205606	13.434017	
493	98.825759	13.321258	
494	98.415533	13.187722	
495	97.982964	13.019198	
496	97.538999	12.806588	
497	97.094536	12.548102	
498	96.658791	12.248868	
499	96.238974	11.919047	
500	95.839201	11.571373	
501	95.457590	11.220234	
502	95.083906	10.884848	
503	94.701405	10.593440	
504	94.294057	10.379933	
505	93.855942	10.269659	
506	93.393706	10.263078	
507	92.917699	10.333541	
508	92.433079	10.444361	
509	91.940886	10.568252	
510	91.443403	10.689541	
511	90.945558	10.795373	
512	90.452177	10.873431	
513	89.965578	10.915025	
514	89.485051	10.916223	
515	89.006150	10.877355	
516	88.520675	10.799882	
517	88.019721	10.681709	
518	87.497655	10.517629	
519	86.953916	10.307351	
520	86.393096	10.062361	
521	85.823752	9.801624	
522	85.255418	9.541360	
523	84.695239	9.291360	
524	84.145704	9.058279	
525	83.604037	8.848062	
526	83.063841	8.664995	
527	82.517453	8.511381	
528	81.956774	8.388954	
529	81.373478	8.298588	
530	80.760344	8.238889	
531	80.112657	8.206199	
532	79.427480	8.195690	
533	78.702959	8.203518	
534	77.941062	8.227954	
535	77.149555	8.266918	
536	76.339059	8.315756	
537	75.518690	8.368674	
538	74.694121	8.420391	
539	73.868641	8.465096	
540	73.045139	8.495615	
541	72.226183	8.505255	
542	71.412543	8.488254	
543	70.602073	8.436076	
544	69.790109	8.335471	
545	68.971464	8.172499	
546	68.141948	7.938871	
547	67.299184	7.636697	
548	66.444340	7.279406	
549	65.581841	6.887925	
550	64.715947	6.486004	
551	63.849315	6.098530	
552	62.983010	5.750349	
553	62.113952	5.462349	
554	61.234780	5.247425	
555	60.339688	5.109640	
556	59.428014	5.044247	
557	58.500090	5.035867	
558	57.551370	5.054739	
559	56.572299	5.059348	
560	55.555444	5.018622	
561	54.501621	4.934490	
562	53.417297	4.832495	
563	52.310622	4.737409	
564	51.192439	4.665301	
565	50.076052	4.626308	
566	48.972843	4.625198	
567	47.888578	4.661685	
568	46.822884	4.731919	
569	45.769843	4.830038	
570	44.719358	4.951225	
571	43.661610	5.094336	
572	42.592924	5.260491	
573	41.517101	5.449883	
574	40.441147	5.660845	
575	39.371122	5.890893	
576	38.312000	6.136089	
577	37.269187	6.389000	
578	36.247242	6.639602	
579	35.246649	6.878885	
580	34.263943	7.103181	
581	33.295172	7.317951	
582	32.338821	7.535409	
583	31.397651	7.766381	
584	30.478772	8.016470	
585	29.591090	8.287612	
586	28.742139	8.577640	
587	27.934733	8.877079	
588	27.163621	9.166714	
589	26.414664	9.416105	
590	25.667983	9.584896	
591	24.905152	9.635798	
592	24.116718	9.555053	
593	23.304315	9.361235	
594	22.478123	9.100470	
595	21.653088	8.835431	
596	20.844359	8.629170	
597	20.063269	8.532301	
598	19.315697	8.580109	
599	18.602951	8.793346	
600	17.924536	9.176571	
601	17.280984	9.713238	
602	16.674516	10.360731	
603	16.107573	11.056123	
604	15.581285	11.736526	
605	15.095323	12.357213	
606	14.648901	12.895047	
607	14.241204	13.344521	
608	13.870562	13.713280	
609	13.533648	14.016542	
610	13.225835	14.270236	
611	12.942116	14.484463	
612	12.677800	14.659563	
613	12.429399	14.786555	
614	12.195284	14.851681	
615	11.974677	14.841719	
616	11.765602	14.746766	
617	11.563786	14.561380	
618	11.363746	14.285721	
619	11.161202	13.926475	
620	10.954442	13.498613	
621	10.743908	13.028856	
622	10.531301	12.559920	
623	10.319421	12.151524	
624	10.112505	11.868927	
625	9.915269	11.759535	
626	9.730724	11.836319	
627	9.558785	12.078380	
628	9.396356	12.439569	
629	9.238581	12.856141	
630	9.080721	13.251990	
631	8.919903	13.547988	
632	8.756376	13.681954	
633	8.592488	13.630073	
634	8.429325	13.415153	
635	8.265267	13.093120	
636	8.097248	12.720767	
637	7.920792	12.330053	
638	7.728944	11.930476	
639	7.513103	11.525144	
640	7.266521	11.117474	
641	6.989696	10.713050	
642	6.693803	10.323976	
643	6.395580	9.964936	
644	6.105167	9.641349	
645	5.819236	9.345607	
646	5.526033	9.064588	
647	5.214910	8.788106	
648	4.882076	8.513087	
649	4.531294	8.245335	
650	4.170939	7.998188	
651	3.809232	7.784910	
652	3.450825	7.609654	
653	3.096871	7.465919	
654	2.746433	7.341408	
655	2.396705	7.223446	
656	2.043935	7.104079	
657	1.686864	6.983331	
658	1.329330	6.868031	
659	0.978768	6.768919	
660	0.642712	6.698680	
661	0.326584	6.669670	
662	0.033095	6.690900	
663	-0.237526	6.764665	
664	-0.488009	6.882558	
665	-0.725873	7.023026	
666	-0.963361	7.155385	
667	-1.213575	7.249456	
668	-1.486757	7.282155	
669	-1.789542	7.239088	
670	-2.124973	7.118612	
671	-2.492497	6.936083	
672	-2.888595	6.718328	
673	-3.306602	6.491893	
674	-3.735578	6.274587	
675	-4.161362	6.072887	
676	-4.571110	5.885213	
677	-4.957553	5.706785	
678	-5.319700	5.531551	
679	-5.660936	5.353762	
680	-5.986505	5.170482	
681	-6.301792	4.981993	
682	-6.611451	4.790254	
683	-6.919118	4.597953	
684	-7.228047	4.409220	
685	-7.540620	4.231971	
686	-7.855131	4.078267	
687	-8.163671	3.958436	
688	-8.455620	3.875351	
689	-8.725329	3.827208	
690	-8.976702	3.813752	
691	-9.217485	3.835250	
692	-9.448339	3.884385	
693	-9.660540	3.944119	
694	-9.843710	3.995458	
695	-9.991219	4.022672	
696	-10.094482	4.009316	
697	-10.135427	3.933950	
698	-10.094164	3.779490	
699	-9.965919	3.553495	
700	-9.768018	3.298459	
701	-9.533509	3.077762	
702	-9.297498	2.942373	
703	-9.084893	2.905223	
704	-8.906933	2.945005	
705	-8.765032	3.027522	
706	-8.656175	3.121744	
707	-8.576397	3.204879	
708	-8.522092	3.261767	
709	-8.490605	3.282833	
710	-8.481098	3.263238	
711	-8.494637	3.203701	
712	-8.532168	3.111382	
713	-8.592041	3.001040	
714	-8.669238	2.897039	
715	-8.754014	2.832877	
716	-8.828344	2.842006	
717	-8.866134	2.937717	
718	-8.842851	3.099321	
719	-8.749102	3.287069	
720	-8.596361	3.469357	
721	-8.410658	3.630552	
722	-8.220560	3.762966	
723	-8.048436	3.861448	
724	-7.908716	3.922692	
725	-7.810005	3.944569	
726	-7.756703	3.926184	
727	-7.749541	3.869288	
728	-7.785987	3.779300	
729	-7.860381	3.665237	
730	-7.963799	3.538651	
731	-8.084514	3.411978	
732	-8.209546	3.296577	
733	-8.327037	3.200757	
734	-8.428451	3.129089	
735	-8.509525	3.083306	
736	-8.569825	3.063290	
737	-8.611486	3.067482	
738	-8.637837	3.092736	
739	-8.652412	3.133991	
740	-8.658632	3.184600	
741	-8.659771	3.237668	
742	-8.658789	3.287973	
743	-8.658533	3.333170	
744	-8.662425	3.373257	
745	-8.674180	3.409252	
746	-8.696125	3.442385	
747	-8.727782	3.473517	
748	-8.766054	3.502272	
749	-8.806519	3.526414	
750	-8.844717	3.542472	
751	-8.876666	3.547319	
752	-8.898596	3.539289	
753	-8.906943	3.518457	
754	-8.899268	3.486474	
755	-8.874976	3.446018	
756	-8.835075	3.400020	
757	-8.781575	3.351347	
758	-8.717150	3.303289	
759	-8.645131	3.260133	
760	-8.569134	3.226408	
761	-8.492213	3.204557	
762	-8.416353	3.193431	
763	-8.342719	3.189509	
764	-8.272300	3.189034	
765	-8.206247	3.188444	
766	-8.145652	3.184284	
767	-8.091152	3.175071	
768	-8.042557	3.163336	
769	-7.998924	3.154510	
770	-7.959360	3.153775	
771	-7.923536	3.164083	
772	-7.891185	3.186196	
773	-7.861210	3.219606	
774	-7.831124	3.262853	
775	-7.797002	3.312827	
776	-7.754098	3.364056	
777	-7.697987	3.409388	
778	-7.625635	3.442210	
779	-7.536200	3.459097	
780	-7.431527	3.461857	
781	-7.315773	3.456934	
782	-7.193953	3.451071	
783	-7.070415	3.447420	
784	-6.948447	3.446000	
785	-6.830962	3.445980	
786	-6.720794	3.446846	
787	-6.619369	3.448040	
788	-6.524899	3.447400	
789	-6.432800	3.441150	
790	-6.337934	3.426801	
791	-6.236108	3.405782	
792	-6.124433	3.382839	
793	-6.001632	3.363382	
794	-5.868712	3.351881	
795	-5.729110	3.351584	
796	-5.587537	3.363385	
797	-5.448510	3.384126	
798	-5.315508	3.407065	
799	-5.190937	3.425027	
800	-5.077023	3.433855	
801	-4.976520	3.433771	
802	-4.891563	3.428553	
803	-4.821650	3.424272	
804	-4.762992	3.428973	
805	-4.708370	3.451934	
806	-4.645710	3.498540	
807	-4.558165	3.562276	
808	-4.429384	3.625452	
809	-4.251195	3.672566	
810	-4.027314	3.702853	
811	-3.770508	3.730269	
812	-3.495367	3.771959	
813	-3.211462	3.836080	
814	-2.921463	3.920792	
815	-2.624339	4.022504	
816	-2.319137	4.140918	
817	-2.005830	4.276711	
818	-1.684726	4.427544	
819	-1.357236	4.586033	
820	-1.027601	4.739778	
821	-0.702999	4.873748	
822	-0.390990	4.974628	
823	-0.096612	5.034814	
824	0.178372	5.053706	
825	0.434724	5.035891	
826	0.675295	4.988125	
827	0.904959	4.917523	
828	1.130039	4.831682	
829	1.357346	4.739678	
830	1.593277	4.652387	
831	1.842665	4.580867	
832	2.107922	4.533373	
833	2.389690	4.513196	
834	2.688308	4.518634	
835	3.004283	4.545321	
836	3.337525	4.589831	
837	3.686612	4.651758	
838	4.049373	4.733132	
839	4.424515	4.836849	
840	4.811758	4.966013	
841	5.209490	5.125159	
842	5.613190	5.322559	
843	6.016872	5.570118	
844	6.416010	5.879470	
845	6.810098	6.258304	
846	7.204316	6.710019	
847	7.608671	7.236294	
848	8.032914	7.838617	
849	8.480899	8.510636	
850	8.949649	9.223844	
851	9.432546	9.926091	
852	9.922928	10.560771	
853	10.416150	11.087559	
854	10.910097	11.488674	
855	11.404304	11.765247	
856	11.898733	11.931380	
857	12.393617	12.007788	
858	12.889672	12.015815	
859	13.388277	11.973347	
860	13.891633	11.893968	
861	14.402048	11.788273	
862	14.920937	11.665341	
863	15.448307	11.533681	
864	15.982100	11.400896	
865	16.517733	11.271381	
866	17.049278	11.142969	
867	17.571243	11.005630	
868	18.079356	10.844799	
869	18.571783	10.647126	
870	19.050276	10.405229	
871	19.518744	10.121239	
872	19.980584	9.809841	
873	20.437676	9.498884	
874	20.890866	9.221561	
875	21.340221	9.002565	
876	21.785462	8.853262	
877	22.227200	8.777705	
878	22.666732	8.776817	
879	23.104381	8.847767	
880	23.540309	8.982628	
881	23.977379	9.167779	
882	24.421762	9.384786	
883	24.881480	9.612709	
884	25.365315	9.831118	
885	25.881729	10.022989	
886	26.437196	10.177098	
887	27.034039	10.290881	
888	27.667444	10.374228	
889	28.324775	10.450273	
890	28.992191	10.545080	
891	29.663458	10.667280	
892	30.340772	10.797701	
893	31.030733	10.904256	
894	31.741244	10.965639	
895	32.476727	10.978877	
896	33.233997	10.951798	
897	34.003802	10.893749	
898	34.776405	10.809512	
899	35.546787	10.697763	
900	36.314886	10.554214	
901	37.082024	10.376881	
902	37.849948	10.170500	
903	38.622556	9.948602	
904	39.405300	9.733341	
905	40.202593	9.554595	
906	41.016888	9.445774	
907	41.849932	9.427323	
908	42.704219	9.487335	
909	43.582855	9.587727	
910	44.488270	9.691389	
911	45.420459	9.777716	
912	46.375037	9.839450	
913	47.343788	9.874967	
914	48.317819	9.884681	
915	49.291015	9.872089	
916	50.263629	9.845012	
917	51.242254	9.813700	
918	52.233451	9.787409	
919	53.238339	9.772718	
920	54.253734	9.774403	
921	55.275869	9.795579	
922	56.302439	9.834539	
923	57.331852	9.882951	
924	58.360096	9.928906	
925	59.379377	9.960717	
926	60.382445	9.970524	
927	61.367985	9.958819	
928	62.340110	9.934452	
929	63.303710	9.909079	
930	64.261322	9.893137	
931	65.212762	9.893975	
932	66.156086	9.913098	
933	67.088526	9.946097	
934	68.007834	9.988159	
935	68.915336	10.040718	
936	69.817236	10.111347	
937	70.721037	10.207342	
938	71.631663	10.331396	
939	72.550995	10.481795	
940	73.478045	10.654798	
941	74.408184	10.846613	
942	75.334001	11.052440	
943	76.249075	11.265138	
944	77.151559	11.477198	
945	78.043970	11.685150	
946	78.929703	11.892100	
947	79.809416	12.105057	
948	80.679751	12.328976	
949	81.534946	12.562678	
950	82.369666	12.800351	
951	83.181210	13.036223	
952	83.970188	13.265647	
953	84.739669	13.482111	
954	85.493884	13.675434	
955	86.236760	13.832968	
956	86.970265	13.943749	
957	87.694302	14.005090	
958	88.408973	14.027259	
959	89.116158	14.031831	
960	89.818155	14.044495	
961	90.516357	14.086526	
962	91.212514	14.170092	
963	91.909497	14.298973	
964	92.609293	14.470321	
965	93.310818	14.674659	
966	94.009771	14.896579	
967	94.699799	15.119003	
968	95.373841	15.329721	
969	96.025739	15.524770	
970	96.651773	15.706626	
971	97.250952	15.880584	
972	97.824417	16.051100	
973	98.374901	16.218532	
974	98.906267	16.378740	
975	99.423768	16.527333	
976	99.934799	16.664984	
977	100.447385	16.798697	
978	100.966613	16.938873	
979	101.493027	17.094306	
980	102.024363	17.267788	
981	102.558843	17.456342	
982	103.097433	17.654684	
983	103.643281	17.856070	
984	104.199689	18.051403	
985	104.768143	18.230860	
986	105.346231	18.385924	
987	105.926507	18.509881	
988	106.498499	18.601204	
989	107.052934	18.668178	
990	107.583163	18.724222	
991	108.082395	18.777123	
992	108.542411	18.828046	
993	108.956825	18.878761	
994	109.326013	18.934207	
995	109.659490	18.999819	
996	109.971855	19.077719	
997	110.274401	19.164164	
998	110.570959	19.251278	
999	110.860153	19.329799	
1000	111.138631	19.390071	
1001	111.402757	19.425329	
1002	111.649620	19.436502	
1003	111.877475	19.433539	
1004	112.086021	19.431904	
1005	112.276900	19.446508	
1006	112.453280	19.487099	
1007	112.618105	19.556549	
1008	112.772119	19.651118	
1009	112.913299	19.762687	
1010	113.038480	19.883246	
1011	113.145831	20.010423	
1012	113.236019	20.148435	
1013	113.310714	20.301969	
1014	113.369867	20.470941	
1015	113.410417	20.650733	
1016	113.426608	20.832423	
1017	113.411613	21.001042	
1018	113.360958	21.137777	
1019	113.276338	21.228838	
1020	113.166347	21.272554	
1021	113.042914	21.276831	
1022	112.916760	21.252824	
1023	112.795277	21.212483	
1024	112.682898	21.169172	
1025	112.581973	21.138124	
1026	112.492517	21.132733	
1027	112.410770	21.153753	
1028	112.328226	21.180649	
1029	112.234701	21.183275	
1030	112.124384	21.144678	
1031	111.997516	21.064762	
1032	111.857147	20.949959	
1033	111.707139	20.811061	
1034	111.552138	20.663967	
1035	111.396246	20.524275	
1036	111.240345	20.400922	
1037	111.081774	20.295201	
1038	110.917821	20.205711	
1039	110.748990	20.133775	
1040	110.578417	20.082950	
1041	110.408707	20.053709	
1042	110.240255	20.041169	
1043	110.072660	20.039210	
1044	109.906150	20.044828	
1045	109.741703	20.057713	
1046	109.581544	20.077735	
1047	109.429366	20.103671	
1048	109.289613	20.133670	
1049	109.166165	20.166557	
1050	109.060285	20.201886	
1051	108.969734	20.238348	
1052	108.890589	20.272435	
1053	108.819075	20.297992	
1054	108.751546	20.306772	
1055	108.684510	20.290822	
1056	108.615524	20.245292	
1057	108.543228	20.168776	
1058	108.466077	20.061902	
1059	108.381988	19.927646	
1060	108.289570	19.772452	
1061	108.189251	19.605266	
1062	108.083732	19.435858	
1063	107.977613	19.272570	
1064	107.875516	19.118943	
1065	107.780035	18.972175	
1066	107.691368	18.824717	
1067	107.608020	18.667796	
1068	107.527254	18.495334	
1069	107.445351	18.306386	
1070	107.358108	18.105300	
1071	107.261132	17.899026	
1072	107.150582	17.692800	
1073	107.024606	17.488358	
1074	106.883046	17.285341	
1075	106.725058	17.082423	
1076	106.547798	16.877724	
1077	106.347228	16.670355	
1078	106.119541	16.461817	
1079	105.862431	16.254570	
1080	105.576467	16.049555	
1081	105.265846	15.846593	
1082	104.937234	15.646132	
1083	104.597231	15.448255	
1084	104.250512	15.250918	
1085	103.899823	15.052126	
1086	103.546270	14.853093	
1087	103.187841	14.655585	
1088	102.818457	14.456201	
1089	102.431041	14.245638	
1090	102.021711	14.012428	
1091	101.589845	13.746622	
1092	101.136264	13.445029	
1093	100.663637	13.117191	
1094	100.176175	12.784396	
1095	99.676512	12.470402	
1096	99.163707	12.191726	
1097	98.634340	11.953957	
1098	98.084440	11.753090	
1099	97.511117	11.577329	
1100	96.914018	11.408893	
1101	96.295338	11.227690	
1102	95.658544	11.017122	
1103	95.007808	10.770411	
1104	94.347285	10.492747	
1105	93.679016	10.196983	
1106	93.001326	9.896940	
1107	92.309358	9.602707	
1108	91.597416	9.318278	
1109	90.861593	9.041297	
1110	90.101817	8.767004	
1111	89.322972	8.493781	
1112	88.533220	8.222689	
1113	87.739982	7.952410	
1114	86.947320	7.677761	
1115	86.155802	7.393324	
1116	85.362699	7.098034	
1117	84.561972	6.795811	
1118	83.745457	6.492138	
1119	82.905118	6.192121	
1120	82.034668	5.900778	
1121	81.130705	5.621887	
1122	80.193967	5.356928	
1123	79.228207	5.107322	
1124	78.235878	4.876132	
1125	77.214966	4.665669	
1126	76.160845	4.477328	
1127	75.072081	4.316329	
1128	73.955480	4.193177	
1129	72.825060	4.118096	
1130	71.694670	4.093356	
1131	70.571610	4.109069	
1132	69.455935	4.142161	
1133	68.342180	4.155765	
1134	67.220731	4.102379	
1135	66.080628	3.937113	
1136	64.915773	3.642313	
1137	63.728875	3.243216	
1138	62.527048	2.791341	
1139	61.316137	2.335240	
1140	60.100090	1.909698	
1141	58.881333	1.539080	
1142	57.659632	1.240055	
1143	56.431924	1.020662	
1144	55.195200	0.879348	
1145	53.949901	0.807584	
1146	52.700574	0.793025	
1147	51.454382	0.820211	
1148	50.217952	0.871752	
1149	48.993994	0.931123	
1150	47.781350	0.984465	
1151	46.576783	1.021405	
1152	45.373593	1.037040	
1153	44.161193	1.033711	
1154	42.932917	1.020831	
1155	41.693155	1.016936	
1156	40.453432	1.053841	
1157	39.227199	1.171361	
1158	38.029464	1.399776	
1159	36.873865	1.745317	
1160	35.768086	2.187220	
1161	34.713496	2.684378	
1162	33.707743	3.192442	
1163	32.747442	3.681453	
1164	31.830111	4.139388	
1165	30.954604	4.565293	
1166	30.119700	4.962083	
1167	29.321710	5.332133	
1168	28.553342	5.676134	
1169	27.804830	5.993590	
1170	27.066162	6.283260	
1171	26.328991	6.544553	
1172	25.587137	6.779893	
1173	24.837065	6.996585	
1174	24.080370	7.206257	
1175	23.324843	7.420770	
1176	22.580920	7.647663	
1177	21.857221	7.888808	
1178	21.158439	8.142400	
1179	20.485724	8.405869	
1180	19.839804	8.676584	
1181	19.223996	8.949791	
1182	18.643122	9.217239	
1183	18.100914	9.468817	
1184	17.599419	9.694988	
1185	17.138322	9.887545	
1186	16.714430	10.038764	
1187	16.323777	10.141440	
1188	15.963486	10.193424	
1189	15.631433	10.203865	
1190	15.325434	10.191187	
1191	15.041822	10.171207	
1192	14.773692	10.147747	
1193	14.511518	10.116400	
1194	14.246920	10.078374	
1195	13.975341	10.047780	
1196	13.693842	10.038215	
1197	13.398194	10.045372	
1198	13.084367	10.052933	
1199	12.752144	10.050411	
1200	12.407060	10.037948	
1201	12.058840	10.020795	
1202	11.716764	10.003709	
1203	11.385442	9.986965	
1204	11.063671	9.964972	
1205	10.746555	9.927523	
1206	10.429762	9.862410	
1207	10.113682	9.759050	
1208	9.804554	9.613844	
1209	9.510677	9.434673	
1210	9.235139	9.236641	
1211	8.970652	9.032396	
1212	8.702758	8.830032	
1213	8.419577	8.636866	
1214	8.118694	8.461029	
1215	7.807309	8.312007	
1216	7.498650	8.201480	
1217	7.205933	8.142494	
1218	6.936577	8.147493	
1219	6.691944	8.226798	
1220	6.470846	8.386696	
1221	6.270940	8.626057	
1222	6.087424	8.931050	
1223	5.911213	9.266708	
1224	5.727928	9.570672	
1225	5.519940	9.764407	
1226	5.272734	9.783367	
1227	4.981565	9.603070	
1228	4.653629	9.247223	
1229	4.305462	8.787527	
1230	3.957469	8.333815	
1231	3.627370	7.992444	
1232	3.324919	7.807585	
1233	3.050470	7.748959	
1234	2.797973	7.762371	
1235	2.558956	7.814158	
1236	2.324058	7.884049	
1237	2.083795	7.947860	
1238	1.830799	7.987387	
1239	1.562007	8.007869	
1240	1.278682	8.040944	
1241	0.984554	8.130265	
1242	0.683717	8.305090	
1243	0.378856	8.554569	
1244	0.070603	8.815190	
1245	-0.239915	8.990999	
1246	-0.546994	9.009612	
1247	-0.840641	8.860737	
1248	-1.112319	8.582873	
1249	-1.360476	8.238585	
1250	-1.591169	7.904824	
1251	-1.814204	7.657538	
1252	-2.038721	7.545778	
1253	-2.270648	7.575173	
1254	-2.511768	7.707819	
1255	-2.760850	7.882226	
1256	-3.015910	8.054254	
1257	-3.275408	8.216571	
1258	-3.538850	8.366101	
1259	-3.806943	8.474004	
1260	-4.080359	8.503746	
1261	-4.358195	8.444224	
1262	-4.637288	8.320066	
1263	-4.912392	8.173128	
1264	-5.177663	8.029900	
1265	-5.429558	7.887741	
1266	-5.668756	7.732245	
1267	-5.899043	7.557903	
1268	-6.124937	7.370243	
1269	-6.350303	7.178722	
1270	-6.577988	6.993862	
1271	-6.809748	6.828151	
1272	-7.045962	6.694845	
1273	-7.285049	6.605788	
1274	-7.523332	6.571189	
1275	-7.755962	6.597922	
1276	-7.977785	6.685580	
1277	-8.183703	6.824626	
1278	-8.369578	6.999428	
1279	-8.533425	7.194567	
1280	-8.675994	7.398986	
1281	-8.801126	7.605924	
1282	-8.915524	7.811794	
1283	-9.025953	8.014695	
1284	-9.134982	8.212263	
1285	-9.240051	8.401224	
1286	-9.336596	8.578595	
1287	-9.421052	8.741878	
1288	-9.491297	8.888262	
1289	-9.545874	9.014459	
1290	-9.583788	9.117293	
1291	-9.605068	9.194385	
1292	-9.611499	9.244822	
1293	-9.607020	9.270140	
1294	-9.596937	9.275076	
1295	-9.585661	9.266002	
1296	-9.574329	9.247127	
1297	-9.561101	9.218991	
1298	-9.544345	9.180898	
1299	-9.524965	9.133084	
1300	-9.506250	9.076986	
1301	-9.492887	9.015913	
1302	-9.489933	8.955744	
1303	-9.501880	8.903573	
1304	-9.531583	8.865268	
1305	-9.578806	8.844344	
1306	-9.640181	8.842347	
1307	-9.711441	8.859162	
1308	-9.789568	8.892298	
1309	-9.873466	8.936475	
1310	-9.963759	8.985361	
1311	-10.061814	9.034002	
1312	-10.168394	9.078964	
1313	-10.282581	9.117450	
1314	-10.401402	9.148381	
1315	-10.520838	9.173663	
1316	-10.637726	9.196397	
1317	-10.750680	9.218059	
1318	-10.859832	9.238552	
1319	-10.966537	9.258180	
1320	-11.072669	9.278203	
1321	-11.179369	9.299542	
1322	-11.286475	9.321888	
1323	-11.392759	9.344045	
1324	-11.496226	9.364474	
1325	-11.594656	9.381774	
1326	-11.686437	9.395374	
1327	-11.770571	9.405547	
1328	-11.845949	9.412352	
1329	-11.911575	9.414801	
1330	-11.967707	9.410738	
1331	-12.016434	9.397308	
1332	-12.060887	9.372795	
1333	-12.103484	9.338876	
1334	-12.145267	9.300572	
1335	-12.186615	9.263641	
1336	-12.226882	9.232127	
1337	-12.263592	9.208136	
1338	-12.293596	9.193070	
1339	-12.315059	9.188704	
1340	-12.328383	9.197531	
1341	-12.336099	9.221602	
1342	-12.342286	9.260163	
1343	-12.351809	9.308708	
1344	-12.369229	9.360625	
1345	-12.397306	9.409563	
1346	-12.436114	9.450520	
1347	-12.483709	9.479543	
1348	-12.537673	9.493236	
1349	-12.595780	9.488826	
1350	-12.655533	9.464694	
1351	-12.714319	9.420942	
1352	-12.769964	9.359843	
1353	-12.820100	9.285987	
1354	-12.861487	9.205874	
1355	-12.890845	9.127203	
1356	-12.906059	9.058012	
1357	-12.906220	9.005861	
1358	-12.890952	8.977275	
1359	-12.860474	8.977116	
1360	-12.816152	9.008203	
1361	-12.760755	9.071687	
1362	-12.698304	9.167148	
1363	-12.633138	9.291749	
1364	-12.568989	9.439539	
1365	-12.509149	9.601117	
1366	-12.456827	9.762745	
1367	-12.414904	9.906032	
1368	-12.385367	10.011091	
1369	-12.368750	10.063310	
1370	-12.363812	10.059675	
1371	-12.367675	10.010766	
1372	-12.376438	9.937133	
1373	-12.385747	9.861573	
1374	-12.391026	9.802527	
1375	-12.388150	9.772446	
1376	-12.374504	9.779206	
1377	-12.348999	9.827740	
1378	-12.311220	9.921745	
1379	-12.260850	10.064769	
1380	-12.197270	10.259641	
1381	-12.119325	10.505685	
1382	-12.026277	10.793122	
1383	-11.918913	11.099277	
1384	-11.798546	11.393448	
1385	-11.665641	11.646343	
1386	-11.521419	11.834655	
1387	-11.370508	11.940837	
1388	-11.219929	11.954866	
1389	-11.074518	11.881819	
1390	-10.934097	11.747058	
1391	-10.795161	11.587128	
1392	-10.653667	11.436769	
1393	-10.506675	11.323636	
1394	-10.353128	11.264533	
1395	-10.192073	11.270254	
1396	-10.019916	11.357091	
1397	-9.831627	11.539137	
1398	-9.624119	11.807875	
1399	-9.396268	12.130225	
1400	-9.146621	12.465723	
1401	-8.872947	12.779997	
1402	-8.573724	13.045508	
1403	-8.249098	13.238372	
1404	-7.900027	13.338731	
1405	-7.526188	13.334520	
1406	-7.124606	13.225074	
1407	-6.690780	13.024716	
1408	-6.220828	12.767698	
1409	-5.712356	12.502580	
1410	-5.164684	12.271265	
1411	-4.578825	12.093922	
1412	-3.956818	11.971969	
1413	-3.301137	11.897956	
1414	-2.614454	11.862944	
1415	-1.899381	11.860382	
1416	-1.158734	11.887734	
1417	-0.396720	11.947626	
1418	0.380257	12.047793	
1419	1.163756	12.197148	
1420	1.943855	12.398109	
1421	2.710478	12.637107	
1422	3.455393	12.877522	
1423	4.173802	13.068522	
1424	4.865534	13.173431	
1425	5.534828	13.188539	
1426	6.187111	13.126698	
1427	6.825641	12.990161	
1428	7.451411	12.770724	
1429	8.064406	12.468636	
1430	8.664207	12.103625	
1431	9.250879	11.713588	
1432	9.826486	11.339122	
1433	10.395541	11.000258	
1434	10.963344	10.693910	
1435	11.533311	10.416888	
1436	12.104336	10.180948	
1437	12.669915	10.006212	
1438	13.221542	9.906828	
1439	13.754312	9.877469	
1440	14.269518	9.891991	
1441	14.773158	9.918852	
1442	15.273182	9.935621	
1443	15.777134	9.931444	
1444	16.289521	9.903982	
1445	16.810911	9.855847	
1446	17.341315	9.790616	
1447	17.883909	9.708989	
1448	18.443573	9.607038	
1449	19.021231	9.478112	
1450	19.610594	9.316915	
1451	20.202159	9.123934	
1452	20.789764	8.911084	
1453	21.372134	8.707871	
1454	21.950784	8.561824	
1455	22.528893	8.525557	
1456	23.109726	8.632910	
1457	23.692295	8.881573	
1458	24.269223	9.238722	
1459	24.833102	9.662063	
1460	25.385336	10.113062	
1461	25.936336	10.558054	
1462	26.497732	10.969097	
1463	27.076489	11.324988	
1464	27.676491	11.608260	
1465	28.302005	11.802966	
1466	28.955502	11.897278	
1467	29.633343	11.887951	
1468	30.326400	11.781803	
1469	31.025221	11.593976	
1470	31.726119	11.347870	
1471	32.434025	11.076220	
1472	33.158306	10.814438	
1473	33.905265	10.585842	
1474	34.675447	10.393738	
1475	35.465967	10.230305	
1476	36.272923	10.090714	
1477	37.093614	9.975589	
1478	37.929007	9.883901	
1479	38.782782	9.808598	
1480	39.657347	9.737560	
1481	40.552963	9.656200	
1482	41.470538	9.551147	
1483	42.412517	9.415098	
1484	43.379947	9.250199	
1485	44.368940	9.066918	
1486	45.370343	8.878928	
1487	46.373534	8.698383	
1488	47.371586	8.534447	
1489	48.363787	8.393891	
1490	49.354354	8.281027	
1491	50.349388	8.195739	
1492	51.354276	8.131276	
1493	52.372308	8.074821	
1494	53.404514	8.012220	
1495	54.449446	7.933753	
1496	55.502122	7.835658	
1497	56.554845	7.719168	
1498	57.601214	7.593756	
1499	58.638932	7.480479	
1500	59.668647	7.405663	
1501	60.691680	7.388898	
1502	61.709568	7.436551	
1503	62.724993	7.543346	
1504	63.741572	7.697124	
1505	64.761250	7.881796	
1506	65.782206	8.077677	
1507	66.799965	8.262879	
1508	67.810371	8.420167	
1509	68.812296	8.543917	
1510	69.807849	8.638475	
1511	70.799740	8.711716	
1512	71.789922	8.771739	
1513	72.780728	8.827733	
1514	73.774326	8.890340	
1515	74.769595	8.967293	
1516	75.760780	9.057989	
1517	76.740357	9.153427	
1518	77.703411	9.242486	
1519	78.649934	9.320249	
1520	79.584432	9.392197	
1521	80.513744	9.471451	
1522	81.443467	9.571917	
1523	82.374843	9.702427	
1524	83.304538	9.864732	
1525	84.226347	10.054650	
1526	85.132626	10.264610	
1527	86.015948	10.486357	
1528	86.871553	10.712485	
1529	87.699606	10.936804	
1530	88.505431	11.154956	
1531	89.297112	11.364369	
1532	90.083376	11.562434	
1533	90.872702	11.746588	
1534	91.670485	11.916371	
1535	92.475542	12.072465	
1536	93.280917	12.214886	
1537	94.078703	12.343233	
1538	94.864045	12.457108	
1539	95.635316	12.558324	
1540	96.392114	12.654771	
1541	97.134839	12.761458	
1542	97.865811	12.896729	
1543	98.588094	13.074390	
1544	99.301348	13.295995	
1545	99.999671	13.550518	
1546	100.674781	13.822594	
1547	101.321342	14.100298	
1548	101.939408	14.376382	
1549	102.533285	14.648050	
1550	103.109322	14.918039	
1551	103.674033	15.192781	
1552	104.232389	15.477350	
1553	104.786603	15.772878	
1554	105.335984	16.078795	
1555	105.876988	16.394060	
1556	106.403122	16.714098	
1557	106.906861	17.029019	
1558	107.383586	17.327405	
1559	107.833602	17.603069	
1560	108.260547	17.857404	
1561	108.668896	18.094162	
1562	109.063052	18.314999	
1563	109.447368	18.520645	
1564	109.824964	18.711457	
1565	110.195534	18.885318	
1566	110.555221	19.037543	
1567	110.899312	19.164348	
1568	111.224554	19.266829	
1569	111.529606	19.352892	
1570	111.814593	19.436641	
1571	112.080464	19.534832	
1572	112.328490	19.660761	
1573	112.559587	19.817911	
1574	112.773270	19.996503	
1575	112.967355	20.176724	
1576	113.139006	20.338022	
1577	113.285796	20.465327	
1578	113.405516	20.547516	
1579	113.495449	20.575323	
1580	113.552685	20.542385	
1581	113.575394	20.445386	
1582	113.563537	20.285050	
1583	113.519295	20.072140	
1584	113.447213	19.831067	
1585	113.352721	19.592074	
1586	113.240837	19.379846	
1587	113.117267	19.210439	
1588	112.989381	19.093942	
1589	112.864786	19.035776	
1590	112.749169	19.036299	
1591	112.645110	19.090738	
1592	112.551396	19.189856	
1593	112.462889	19.321387	
1594	112.372208	19.472169	
1595	112.272714	19.629663	
1596	112.160400	19.782504	
1597	112.034216	19.921702	
1598	111.895483	20.041189	
1599	111.746581	20.136335	
1600	111.589992	20.203613	
1601	111.428497	20.241823	
1602	111.265960	20.251765	
1603	111.107731	20.234472	
1604	110.959747	20.190152	
1605	110.826194	20.118848	
1606	110.707636	20.022700	
1607	110.602131	19.907812	
1608	110.507983	19.783482	
1609	110.424248	19.660444	
1610	110.349370	19.550412	
1611	110.281316	19.465659	
1612	110.219038	19.417577	
1613	110.162914	19.414668	
1614	110.114322	19.460499	
1615	110.075305	19.552245	
1616	110.047578	19.679489	
1617	110.030961	19.824071	
1618	110.023312	19.964109	
1619	110.022299	20.081002	
1620	110.026393	20.161942	
1621	110.033884	20.196946	
1622	110.041949	20.177598	
1623	110.047215	20.099170	
1624	110.046803	19.962042	
1625	110.038932	19.771888	
1626	110.023195	19.539905	
1627	110.000480	19.281985	
1628	109.972519	19.017138	
1629	109.941156	18.765428	
1630	109.907103	18.543638	
1631	109.869516	18.361987	
1632	109.827504	18.224898	
1633	109.781653	18.131570	
1634	109.733681	18.075072	
1635	109.684492	18.043361	
1636	109.632402	18.021920	
1637	109.574113	17.997095	
1638	109.507492	17.959635	
1639	109.432346	17.904840	
1640	109.349534	17.829483	
1641	109.260366	17.730290	
1642	109.165707	17.605772	
1643	109.065481	17.459758	
1644	108.959902	17.301656	
1645	108.850824	17.140638	
1646	108.741153	16.979678	
1647	108.632369	16.815179	
1648	108.522020	16.641160	
1649	108.403772	16.453934	
1650	108.269892	16.252708	
1651	108.113388	16.037132	
1652	107.929679	15.807964	
1653	107.717776	15.569828	
1654	107.477789	15.328158	
1655	107.206679	15.081727	
1656	106.898551	14.821002	
1657	106.549064	14.534159	
1658	106.158870	14.214491	
1659	105.733307	13.864757	
1660	105.279334	13.497450	
1661	104.803895	13.132282	
1662	104.314954	12.791093	
1663	103.821164	12.491412	
1664	103.329349	12.242670	
1665	102.842671	12.043975	
1666	102.359364	11.881685	
1667	101.872068	11.731360	
1668	101.370314	11.566096	
1669	100.845388	11.366056	
1670	100.293215	11.123376	
1671	99.713012	10.841068	
1672	99.103493	10.528228	
1673	98.460526	10.195597	
1674	97.778583	9.854105	
1675	97.054231	9.514457	
1676	96.287938	9.186010	
1677	95.483612	8.877281	
1678	94.647700	8.597805	
1679	93.787265	8.355981	
1680	92.907561	8.153735	
1681	92.012126	7.984669	
1682	91.104664	7.835779	
1683	90.189423	7.690008	
1684	89.269853	7.531586	
1685	88.347532	7.353761	
1686	87.421111	7.160192	
1687	86.485322	6.957027	
1688	85.533358	6.746515	
1689	84.561544	6.528155	
1690	83.570159	6.302504	
1691	82.559491	6.072388	
1692	81.526248	5.840395	
1693	80.463976	5.606285	
1694	79.366625	5.367725	
1695	78.232387	5.124191	
1696	77.065267	4.881070	
1697	75.874099	4.649929	
1698	74.669809	4.443949	
1699	73.460929	4.273169	
1700	72.250018	4.144655	
1701	71.034302	4.064036	
1702	69.809686	4.032940	
1703	68.575274	4.044999	
1704	67.335109	4.085288	
1705	66.096589	4.133613	
1706	64.868073	4.169345	
1707	63.656165	4.176672	
1708	62.463476	4.149235	
1709	61.288817	4.090657	
1710	60.128202	4.009319	
1711	58.975006	3.911544	
1712	57.821273	3.797882	
1713	56.662055	3.664970	
1714	55.500163	3.511686	
1715	54.345797	3.341262	
1716	53.209862	3.156787	
1717	52.097711	2.959620	
1718	51.009348	2.754658	
1719	49.943038	2.554104	
1720	48.897140	2.373598	
1721	47.870498	2.225272	
1722	46.863264	2.115061	
1723	45.877096	2.045249	
1724	44.913325	2.016872	
1725	43.970028	2.027412	
1726	43.040288	2.068083	
1727	42.114551	2.127861	
1728	41.186197	2.200963	
1729	40.253010	2.289763	
1730	39.313044	2.403315	
1731	38.362837	2.554937	
1732	37.399576	2.756999	
1733	36.421719	3.013616	
1734	35.428991	3.317762	
1735	34.425098	3.654346	
1736	33.418978	4.005310	
1737	32.421099	4.352085	
1738	31.437217	4.672584	
1739	30.462892	4.939627	
1740	29.486282	5.131063	
1741	28.501917	5.244296	
1742	27.521077	5.298866	
1743	26.565511	5.324513	
1744	25.651236	5.344274	
1745	24.779042	5.362783	
1746	23.938515	5.367038	
1747	23.120435	5.343106	
1748	22.326073	5.293300	
1749	21.563900	5.231613	
1750	20.839495	5.167938	
1751	20.150735	5.106556	
1752	19.491482	5.059820	
1753	18.857100	5.056976	
1754	18.244929	5.134876	
1755	17.652034	5.323852	
1756	17.074693	5.644230	
1757	16.510268	6.105671	
1758	15.960021	6.703443	
1759	15.430772	7.420207	
1760	14.932892	8.227946	
1761	14.474014	9.078882	
1762	14.054700	9.902639	
1763	13.671007	10.625684	
1764	13.318709	11.193389	
1765	12.993808	11.577057	
1766	12.690391	11.772964	
1767	12.399307	11.798790	
1768	12.109460	11.687178	
1769	11.810560	11.479402	
1770	11.495901	11.220374	
1771	11.163651	10.954534	
1772	10.814904	10.722903	
1773	10.451241	10.559580	
1774	10.075769	10.486777	
1775	9.694843	10.511978	
1776	9.316780	10.630067	
1777	8.950271	10.826901	
1778	8.604269	11.082041	
1779	8.286710	11.373701	
1780	8.002432	11.684755	
1781	7.752809	12.005764	
1782	7.536536	12.335123	
1783	7.350715	12.675986	
1784	7.192076	13.029275	
1785	7.056496	13.387083	
1786	6.935754	13.731941	
1787	6.814669	14.040584	
1788	6.672534	14.285269	
1789	6.488803	14.432746	
1790	6.251461	14.450826	
1791	5.965426	14.322102	
1792	5.652565	14.052961	
1793	5.340174	13.677500	
1794	5.048597	13.260039	
1795	4.785453	12.880043	
1796	4.545218	12.593294	
1797	4.314123	12.404246	
1798	4.077159	12.265857	
1799	3.821194	12.093328	
1800	3.535645	11.801324	
1801	3.214960	11.356479	
1802	2.860970	10.802258	
1803	2.481078	10.234541	
1804	2.083742	9.743315	
1805	1.676331	9.367234	
1806	1.265786	9.096271	
1807	0.859365	8.905091	
1808	0.464802	8.776907	
1809	0.089997	8.698288	
1810	-0.258021	8.640931	
1811	-0.575035	8.563605	
1812	-0.861654	8.435643	
1813	-1.123198	8.249941	
1814	-1.367472	8.016703	
1815	-1.602972	7.755089	
1816	-1.837628	7.488654	
1817	-2.076891	7.239814	
1818	-2.322406	7.023506	
1819	-2.572667	6.845170	
1820	-2.824431	6.704390	
1821	-3.073491	6.598586	
1822	-3.315349	6.522581	
1823	-3.546348	6.467007	
1824	-3.764563	6.419470	
1825	-3.969622	6.368376	
1826	-4.161988	6.306530	
1827	-4.343248	6.232319	
1828	-4.516694	6.148765	
1829	-4.686429	6.061812	
1830	-4.856122	5.978782	
1831	-5.028786	5.907206	
1832	-5.206259	5.853958	
1833	-5.387949	5.824105	
1834	-5.570974	5.818738	
1835	-5.752124	5.833020	
1836	-5.929085	5.855795	
1837	-6.099911	5.870580	
1838	-6.262600	5.859103	
1839	-6.415765	5.808019	
1840	-6.559267	5.714608	
1841	-6.693725	5.587343	
1842	-6.819600	5.442822	
1843	-6.937066	5.301261	
1844	-7.046227	5.180588	
1845	-7.146734	5.092529	
1846	-7.237326	5.042983	
1847	-7.315591	5.032433	
1848	-7.377898	5.055211	
1849	-7.420148	5.102368	
1850	-7.438925	5.167063	
1851	-7.432350	5.246303	
1852	-7.401121	5.338772	
1853	-7.348586	5.442243	
1854	-7.278789	5.551655	
1855	-7.194394	5.658339	
1856	-7.096568	5.751643	
1857	-6.986285	5.822114	
1858	-6.865253	5.863459	
1859	-6.736085	5.872925	
1860	-6.602250	5.851499	
1861	-6.467736	5.803213	
1862	-6.336179	5.733143	
1863	-6.209715	5.646133	
1864	-6.088947	5.547173	
1865	-5.974106	5.441681	
1866	-5.865549	5.334996	
1867	-5.763255	5.232704	
1868	-5.666557	5.141514	
1869	-5.574821	5.068814	
1870	-5.488665	5.021076	
1871	-5.410102	5.002661	
1872	-5.341102	5.015767	
1873	-5.282602	5.061089	
1874	-5.235046	5.138576	
1875	-5.199008	5.248107	
1876	-5.174809	5.389208	
1877	-5.161114	5.558966	
1878	-5.153849	5.749543	
1879	-5.147241	5.947467	
1880	-5.136202	6.135462	
1881	-5.117780	6.297083	
1882	-5.091069	6.422606	
1883	-5.056701	6.511837	
1884	-5.016655	6.572098	
1885	-4.973608	6.614020	
1886	-4.929623	6.647335	
1887	-4.885502	6.677791	
1888	-4.841588	6.706814	
1889	-4.798637	6.733433	
1890	-4.757655	6.756066	
1891	-4.719725	6.773356	
1892	-4.686344	6.784678	
1893	-4.659417	6.790245	
1894	-4.640870	6.790700	
1895	-4.632076	6.786539	
1896	-4.633130	6.777508	
1897	-4.642483	6.762491	
1898	-4.657307	6.740427	
1899	-4.674254	6.711476	
1900	-4.690353	6.677869	
1901	-4.703775	6.644879	
1902	-4.713661	6.620273	
1903	-4.719233	6.609675	
1904	-4.719445	6.611615	
1905	-4.713405	6.619012	
1906	-4.701047	6.625042	
1907	-4.683407	6.626240	
1908	-4.662038	6.621704	
1909	-4.638186	6.611796	
1910	-4.612604	6.598229	
1911	-4.585884	6.584746	
1912	-4.558674	6.576713	
1913	-4.531793	6.579848	
1914	-4.506335	6.599215	
1915	-4.483404	6.638653	
1916	-4.464244	6.700825	
1917	-4.450732	6.787116	
1918	-4.444621	6.896062	
1919	-4.446260	7.021513	
1920	-4.455140	7.153575	
1921	-4.805716	7.086598	
1922	-4.842997	7.205230	
1923	-4.894197	7.302433	
1924	-4.958573	7.375338	
1925	-5.032325	7.422335	
1926	-5.108713	7.442186	
1927	-5.179336	7.432953	
1928	-5.235699	7.392378	
1929	-5.271223	7.320280	
1930	-5.283176	7.220889	
1931	-5.273061	7.103190	
1932	-5.245478	6.978739	
1933	-5.206157	6.858375	
1934	-5.159992	6.750251	
1935	-5.110659	6.659789	
1936	-5.061661	6.590774	
1937	-5.016583	6.545892	
1938	-4.977730	6.525646	
1939	-4.945048	6.527336	
1940	-4.916685	6.544753	
1941	-4.889701	6.566773	
1942	-4.860299	6.577740	
1943	-4.825247	6.564670	
1944	-4.784240	6.526714	
