Athlete_Engineering	// User ID
11-2-2021	// Evaluation date
P016_Walk5	30-1-2021	14:36:36:478	// Source file name and timestamp
250.000	// Sampling rate
5.067	// Data capture period



Sample #	Right_Leg_Flexion	Right_Leg_Abduction	
0	-11.041985	12.252619	
1	-11.009478	12.210404	
2	-10.968237	12.169575	
3	-10.917769	12.129066	
4	-10.859404	12.089393	
5	-10.795670	12.051779	
6	-10.730681	12.018414	
7	-10.670482	11.993644	
8	-10.621660	11.982932	
9	-10.589159	11.989530	
10	-10.575125	12.012474	
11	-10.579195	12.047897	
12	-10.599333	12.091210	
13	-10.631704	12.137271	
14	-10.669831	12.179214	
15	-10.705431	12.209544	
16	-10.731737	12.224897	
17	-10.746542	12.230238	
18	-10.751712	12.236929	
19	-10.750113	12.255480	
20	-10.743586	12.290007	
21	-10.732717	12.337838	
22	-10.716816	12.391186	
23	-10.693350	12.438652	
24	-10.657282	12.467579	
25	-10.602049	12.469190	
26	-10.523467	12.444964	
27	-10.423257	12.407549	
28	-10.307734	12.374264	
29	-10.183625	12.360237	
30	-10.055851	12.375398	
31	-9.927670	12.423283	
32	-9.800910	12.500391	
33	-9.675304	12.596920	
34	-9.548077	12.699772	
35	-9.414829	12.796615	
36	-9.271127	12.878462	
37	-9.114017	12.940423	
38	-8.942580	12.981778	
39	-8.757281	13.005899	
40	-8.558811	13.019031	
41	-8.346682	13.027053	
42	-8.118215	13.032553	
43	-7.869397	13.034628	
44	-7.597171	13.030335	
45	-7.301190	13.016581	
46	-6.984283	12.992489	
47	-6.651127	12.960435	
48	-6.305197	12.924747	
49	-5.946901	12.889810	
50	-5.575049	12.857820	
51	-5.189632	12.827006	
52	-4.792439	12.792981	
53	-4.383980	12.751734	
54	-3.960936	12.701179	
55	-3.518670	12.641142	
56	-3.054917	12.572593	
57	-2.569320	12.496733	
58	-2.060723	12.413927	
59	-1.526419	12.322849	
60	-0.963219	12.221205	
61	-0.368707	12.107904	
62	0.257038	11.984759	
63	0.910996	11.855159	
64	1.589413	11.720084	
65	2.289143	11.575904	
66	3.006650	11.416495	
67	3.737437	11.236497	
68	4.477540	11.032436	
69	5.226686	10.802428	
70	5.990647	10.546355	
71	6.779876	10.266685	
72	7.604809	9.967961	
73	8.471555	9.655124	
74	9.380896	9.334430	
75	10.330206	9.015746	
76	11.316133	8.711007	
77	12.335714	8.430893	
78	13.385220	8.184061	
79	14.459132	7.976876	
80	15.551298	7.812342	
81	16.656953	7.689259	
82	17.774090	7.601002	
83	18.903564	7.535942	
84	20.047913	7.480723	
85	21.210100	7.422441	
86	22.392129	7.349523	
87	23.592786	7.253947	
88	24.806509	7.132592	
89	26.025103	6.986273	
90	27.240622	6.818721	
91	28.447166	6.636308	
92	29.640864	6.448190	
93	30.819173	6.267060	
94	31.981108	6.108960	
95	33.127622	5.990240	
96	34.260417	5.923505	
97	35.380311	5.915255	
98	36.486891	5.965300	
99	37.578659	6.067296	
100	38.653053	6.209962	
101	39.707372	6.379768	
102	40.740594	6.565801	
103	41.754208	6.762832	
104	42.750707	6.969527	
105	43.730939	7.185265	
106	44.692912	7.407835	
107	45.633121	7.630899	
108	46.548287	7.842142	
109	47.434713	8.024387	
110	48.286447	8.160140	
111	49.096282	8.236288	
112	49.858963	8.245866	
113	50.571471	8.188845	
114	51.230942	8.073505	
115	51.834837	7.915494	
116	52.381608	7.732891	
117	52.869185	7.540164	
118	53.294161	7.344981	
119	53.653311	7.149266	
120	53.945470	6.953456	
121	54.172115	6.760615	
122	54.336619	6.575885	
123	54.443748	6.402529	
124	54.499863	6.240906	
125	54.511932	6.091094	
126	54.485338	5.954142	
127	54.423113	5.829498	
128	54.327133	5.711117	
129	54.199124	5.586665	
130	54.040546	5.442178	
131	53.851749	5.271419	
132	53.631142	5.082735	
133	53.375422	4.893821	
134	53.080530	4.719295	
135	52.742693	4.565158	
136	52.359220	4.430972	
137	51.929324	4.312316	
138	51.454884	4.202569	
139	50.939190	4.094681	
140	50.383976	3.982085	
141	49.788529	3.861179	
142	49.151770	3.735168	
143	48.474518	3.614405	
144	47.760611	3.512119	
145	47.017545	3.437870	
146	46.255245	3.391700	
147	45.481611	3.362588	
148	44.698571	3.332628	
149	43.902784	3.285120	
150	43.089225	3.211522	
151	42.253461	3.113543	
152	41.391194	3.001571	
153	40.496966	2.890520	
154	39.565182	2.793976	
155	38.593490	2.720024	
156	37.584467	2.670864	
157	36.543142	2.645927	
158	35.473012	2.647258	
159	34.374761	2.682508	
160	33.247798	2.762091	
161	32.092122	2.894463	
162	30.907989	3.084093	
163	29.694549	3.331138	
164	28.449980	3.630593	
165	27.172729	3.972598	
166	25.861824	4.346300	
167	24.516658	4.743575	
168	23.137847	5.159283	
169	21.728956	5.591133	
170	20.297260	6.039825	
171	18.852738	6.506162	
172	17.406178	6.987737	
173	15.967352	7.478929	
174	14.544300	7.971947	
175	13.144277	8.458732	
176	11.774091	8.935827	
177	10.437907	9.408181	
178	9.136065	9.885610	
179	7.867884	10.375455	
180	6.634333	10.880003	
181	5.437222	11.397903	
182	4.277303	11.925214	
183	3.154158	12.455916	
184	2.067123	12.982094	
185	1.016156	13.493239	
186	0.003294	13.975360	
187	-0.967544	14.413192	
188	-1.893135	14.794489	
189	-2.771224	15.110600	
190	-3.598500	15.354907	
191	-4.371160	15.524165	
192	-5.086715	15.619941	
193	-5.743477	15.646759	
194	-6.339675	15.610184	
195	-6.873995	15.517444	
196	-7.344527	15.377620	
197	-7.746032	15.200348	
198	-8.071045	14.996678	
199	-8.314223	14.780999	
200	-8.473802	14.569194	
201	-8.549875	14.374333	
202	-8.543060	14.205611	
203	-8.456237	14.071997	
204	-8.297973	13.984228	
205	-8.082366	13.950667	
206	-7.825850	13.973105	
207	-7.545732	14.047833	
208	-7.260840	14.168799	
209	-6.991917	14.329757	
210	-6.759532	14.524338	
211	-6.579395	14.743845	
212	-6.458665	14.976547	
213	-6.395890	15.210214	
214	-6.383858	15.434783	
215	-6.412525	15.642784	
216	-6.468933	15.827464	
217	-6.535421	15.982636	
218	-6.589322	16.106594	
219	-6.604155	16.205267	
220	-6.551693	16.290050	
221	-6.406004	16.373128	
222	-6.149084	16.465608	
223	-5.774151	16.576587	
224	-5.284423	16.708910	
225	-4.689837	16.852821	
226	-4.005052	16.982413	
227	-3.247905	17.060359	
228	-2.436168	17.048316	
229	-1.585199	16.915728	
230	-0.708495	16.645383	
231	0.180225	16.236168	
232	1.065082	15.703036	
233	1.927027	15.075226	
234	2.743087	14.394268	
235	3.486521	13.710576	
236	4.129796	13.076262	
237	4.650059	12.537737	
238	5.035115	12.131776	
239	5.286671	11.882982	
240	5.418568	11.800059	
241	5.451769	11.871232	
242	5.408074	12.063869	
243	5.303840	12.333392	
244	5.147201	12.637035	
245	4.940626	12.943165	
246	4.686736	13.233027	
247	4.393551	13.497323	
248	4.075342	13.731032	
249	3.749851	13.929382	
250	3.436341	14.086444	
251	3.154875	14.196081	
252	2.923338	14.253595	
253	2.752786	14.255555	
254	2.645893	14.197669	
255	2.599685	14.075043	
256	2.608417	13.887443	
257	2.663800	13.643752	
258	2.754589	13.359879	
259	2.867502	13.053463	
260	2.988411	12.739883	
261	3.103091	12.430201	
262	3.198284	12.132041	
263	3.263146	11.852526	
264	3.291081	11.599596	
265	3.282355	11.381436	
266	3.245228	11.206839	
267	3.192431	11.085236	
268	3.135293	11.023326	
269	3.079775	11.020091	
270	3.024958	11.063744	
271	2.964094	11.133000	
272	2.888779	11.203500	
273	2.793795	11.256018	
274	2.678995	11.280387	
275	2.547471	11.272603	
276	2.402190	11.229293	
277	2.244063	11.145620	
278	2.072537	11.017194	
279	1.887028	10.842638	
280	1.687714	10.624987	
281	1.476413	10.372124	
282	1.257639	10.096448	
283	1.038212	9.813943	
284	0.824431	9.542359	
285	0.618419	9.297993	
286	0.417942	9.093120	
287	0.221152	8.935419	
288	0.030445	8.827345	
289	-0.149278	8.765709	
290	-0.314113	8.743264	
291	-0.462456	8.750987	
292	-0.595810	8.779470	
293	-0.719508	8.819485	
294	-0.841209	8.862533	
295	-0.967838	8.901865	
296	-1.103339	8.932929	
297	-1.247163	8.952863	
298	-1.393688	8.960076	
299	-1.534742	8.954124	
300	-1.663792	8.935365	
301	-1.778084	8.904613	
302	-1.879112	8.863451	
303	-1.972444	8.814785	
304	-2.065293	8.762449	
305	-2.162798	8.710288	
306	-2.266062	8.661955	
307	-2.373070	8.621534	
308	-2.481715	8.594066	
309	-2.591983	8.585381	
310	-2.706113	8.601063	
311	-2.828017	8.644489	
312	-2.961906	8.715122	
313	-3.110548	8.808287	
314	-3.273545	8.916665	
315	-3.445429	9.033240	
316	-3.615648	9.154034	
317	-3.771971	9.278648	
318	-3.904766	9.408941	
319	-4.008429	9.547603	
320	-4.081315	9.696517	
321	-4.126741	9.854543	
322	-4.152895	10.016689	
323	-4.170026	10.175513	
324	-4.186025	10.323083	
325	-4.204079	10.451718	
326	-4.226115	10.553787	
327	-4.257561	10.622679	
328	-4.306620	10.655187	
329	-4.379736	10.653102	
330	-4.478877	10.622423	
331	-4.601957	10.570691	
332	-4.743495	10.504781	
333	-4.894236	10.430688	
334	-5.041971	10.353724	
335	-5.174540	10.277626	
336	-5.283409	10.203890	
337	-5.365916	10.132954	
338	-5.425054	10.066904	
339	-5.467305	10.011112	
340	-5.499478	9.972090	
341	-5.526075	9.953444	
342	-5.549249	9.954505	
343	-5.570642	9.971944	
344	-5.591819	10.001712	
345	-5.612377	10.040111	
346	-5.628773	10.084113	
347	-5.635905	10.131825	
348	-5.629587	10.183639	
349	-5.607765	10.242922	
350	-5.569919	10.315369	
351	-5.515279	10.407728	
352	-5.441840	10.526935	
353	-5.346982	10.679846	
354	-5.228547	10.872040	
355	-5.085911	11.104704	
356	-4.921436	11.371847	
357	-4.741192	11.660690	
358	-4.553687	11.954951	
359	-4.367763	12.238587	
360	-4.190639	12.498354	
361	-4.025788	12.724800	
362	-3.871348	12.912434	
363	-3.720657	13.060169	
364	-3.565507	13.170943	
365	-3.399321	13.248913	
366	-3.217740	13.296964	
367	-3.018256	13.318034	
368	-2.799680	13.318486	
369	-2.561039	13.308977	
370	-2.301572	13.300578	
371	-2.021363	13.299436	
372	-1.720766	13.306259	
373	-1.399526	13.319682	
374	-1.056945	13.336810	
375	-0.692644	13.351099	
376	-0.307564	13.353085	
377	0.094835	13.334378	
378	0.508625	13.290826	
379	0.927564	13.222733	
380	1.347438	13.132611	
381	1.767198	13.022771	
382	2.188775	12.895338	
383	2.615209	12.753405	
384	3.048261	12.600583	
385	3.487923	12.439771	
386	3.934392	12.272694	
387	4.389888	12.100346	
388	4.857981	11.924393	
389	5.341979	11.747624	
390	5.845455	11.572010	
391	6.373456	11.397507	
392	6.930799	11.223404	
393	7.519551	11.049697	
394	8.140143	10.877114	
395	8.795357	10.705715	
396	9.491798	10.532791	
397	10.235663	10.353278	
398	11.028147	10.163600	
399	11.866737	9.964835	
400	12.749380	9.761604	
401	13.675221	9.559009	
402	14.641773	9.361657	
403	15.642995	9.174265	
404	16.671215	9.002755	
405	17.720591	8.855676	
406	18.787759	8.742744	
407	19.870116	8.668983	
408	20.965421	8.630234	
409	22.072875	8.616981	
410	23.193307	8.624109	
411	24.328466	8.655128	
412	25.480535	8.716387	
413	26.651297	8.810442	
414	27.841210	8.934209	
415	29.049243	9.079469	
416	30.273381	9.236312	
417	31.510987	9.398415	
418	32.758405	9.564045	
419	34.010893	9.733037	
420	35.263613	9.906118	
421	36.511699	10.085138	
422	37.749014	10.270143	
423	38.967712	10.458185	
424	40.159378	10.646138	
425	41.317119	10.832445	
426	42.437159	11.015974	
427	43.518278	11.194142	
428	44.559918	11.361622	
429	45.561799	11.510427	
430	46.525425	11.631988	
431	47.455175	11.719999	
432	48.358085	11.771213	
433	49.243077	11.783413	
434	50.120167	11.754792	
435	50.998318	11.686916	
436	51.880408	11.586604	
437	52.758328	11.464224	
438	53.613620	11.330030	
439	54.424608	11.190248	
440	55.174948	11.047388	
441	55.857478	10.906019	
442	56.472778	10.775590	
443	57.026576	10.665447	
444	57.527676	10.579746	
445	57.984092	10.518003	
446	58.398264	10.476320	
447	58.766894	10.445925	
448	59.085218	10.413875	
449	59.349725	10.368944	
450	59.558363	10.308388	
451	59.710651	10.239660	
452	59.807521	10.175669	
453	59.850599	10.128037	
454	59.841903	10.103659	
455	59.783439	10.105342	
456	59.675380	10.133471	
457	59.514891	10.184868	
458	59.298237	10.248765	
459	59.024287	10.305589	
460	58.695749	10.333153	
461	58.317457	10.315446	
462	57.893828	10.246208	
463	57.427762	10.128620	
464	56.921383	9.975707	
465	56.376284	9.808286	
466	55.791696	9.647551	
467	55.162482	9.507758	
468	54.478156	9.394995	
469	53.724304	9.311767	
470	52.888164	9.260483	
471	51.964751	9.240012	
472	50.958231	9.240439	
473	49.877765	9.245072	
474	48.731662	9.238756	
475	47.525011	9.212223	
476	46.262874	9.161333	
477	44.954780	9.089311	
478	43.612562	9.008260	
479	42.243024	8.933970	
480	40.846193	8.879879	
481	39.421459	8.854689	
482	37.973088	8.862535	
483	36.508321	8.904781	
484	35.031029	8.981802	
485	33.539550	9.093353	
486	32.030083	9.238841	
487	30.499719	9.418080	
488	28.947104	9.629621	
489	27.372017	9.866666	
490	25.774648	10.116673	
491	24.156029	10.366492	
492	22.519288	10.607454	
493	20.869826	10.836800	
494	19.213988	11.055947	
495	17.557696	11.267709	
496	15.906125	11.475837	
497	14.263576	11.686831	
498	12.633990	11.910142	
499	11.021562	12.154695	
500	9.429312	12.424071	
501	7.858008	12.714908	
502	6.307921	13.020167	
503	4.780980	13.334588	
504	3.281815	13.658209	
505	1.817806	13.995792	
506	0.397836	14.354014	
507	-0.968867	14.736987	
508	-2.272784	15.139951	
509	-3.504237	15.547308	
510	-4.654521	15.938040	
511	-5.716994	16.292469	
512	-6.686341	16.595692	
513	-7.556222	16.837518	
514	-8.318734	17.010536	
515	-8.967990	17.108064	
516	-9.503515	17.123304	
517	-9.928040	17.051074	
518	-10.243590	16.891434	
519	-10.451895	16.651840	
520	-10.555464	16.346528	
521	-10.555407	15.994818	
522	-10.450900	15.618901	
523	-10.242320	15.241856	
524	-9.932686	14.886672	
525	-9.525958	14.575754	
526	-9.026731	14.329923	
527	-8.442587	14.164230	
528	-7.785679	14.082110	
529	-7.073609	14.074400	
530	-6.331038	14.124678	
531	-5.589163	14.215296	
532	-4.881448	14.329503	
533	-4.237233	14.451179	
534	-3.676099	14.564171	
535	-3.206318	14.651208	
536	-2.826839	14.693947	
537	-2.528844	14.676570	
538	-2.295960	14.592227	
539	-2.105088	14.447204	
540	-1.929229	14.258532	
541	-1.742230	14.047283	
542	-1.522967	13.834960	
543	-1.257308	13.645277	
544	-0.938621	13.505356	
545	-0.567229	13.441782	
546	-0.148632	13.473049	
547	0.309695	13.604032	
548	0.800893	13.827580	
549	1.318403	14.130270	
550	1.854928	14.493781	
551	2.402508	14.891446	
552	2.952131	15.286594	
553	3.492854	15.636856	
554	4.011804	15.904280	
555	4.495649	16.064839	
556	4.932685	16.110526	
557	5.314167	16.044467	
558	5.634747	15.875596	
559	5.891623	15.617639	
560	6.082408	15.288826	
561	6.205443	14.908703	
562	6.264698	14.496311	
563	6.272531	14.071744	
564	6.245308	13.653594	
565	6.198072	13.251108	
566	6.142305	12.860497	
567	6.084383	12.468805	
568	6.025875	12.064356	
569	5.966639	11.647847	
570	5.907652	11.234412	
571	5.852069	10.849338	
572	5.804301	10.521929	
573	5.766963	10.275910	
574	5.737441	10.122510	
575	5.706882	10.062015	
576	5.664308	10.090493	
577	5.603438	10.204603	
578	5.525522	10.398682	
579	5.437486	10.659983	
580	5.348785	10.969185	
581	5.267171	11.301380	
582	5.195310	11.628228	
583	5.131041	11.925367	
584	5.069522	12.177818	
585	5.005624	12.379225	
586	4.936745	12.528969	
587	4.864220	12.628499	
588	4.791896	12.677584	
589	4.723450	12.673705	
590	4.660457	12.614859	
591	4.601444	12.502965	
592	4.541641	12.346805	
593	4.473899	12.162157	
594	4.390646	11.966323	
595	4.286004	11.771809	
596	4.157172	11.585486	
597	4.004023	11.411490	
598	3.827542	11.253300	
599	3.628618	11.114519	
600	3.407629	10.999928	
601	3.165119	10.916839	
602	2.902660	10.874825	
603	2.621952	10.882402	
604	2.323357	10.942836	
605	2.007448	11.051758	
606	1.678657	11.196860	
607	1.346350	11.360198	
608	1.022636	11.522769	
609	0.718503	11.667927	
610	0.438941	11.781487	
611	0.179746	11.850767	
612	-0.071244	11.865896	
613	-0.328432	11.822867	
614	-0.601951	11.723618	
615	-0.894023	11.573505	
616	-1.198817	11.381937	
617	-1.505003	11.164382	
618	-1.799168	10.939657	
619	-2.069822	10.724589	
620	-2.311854	10.531336	
621	-2.528263	10.367391	
622	-2.728551	10.235353	
623	-2.925652	10.131541	
624	-3.132299	10.046223	
625	-3.358051	9.967521	
626	-3.608381	9.885638	
627	-3.884556	9.794084	
628	-4.181694	9.689828	
629	-4.487504	9.574384	
630	-4.786349	9.455328	
631	-5.065725	9.345863	
632	-5.318947	9.260522	
633	-5.543768	9.210315	
634	-5.741040	9.200930	
635	-5.915518	9.233156	
636	-6.076607	9.303651	
637	-6.235735	9.406335	
638	-6.400587	9.535230	
639	-6.570613	9.686082	
640	-6.737335	9.856161	
641	-6.887753	10.044741	
642	-7.008629	10.251477	
643	-7.091577	10.471373	
644	-7.136112	10.693751	
645	-7.147743	10.907478	
646	-7.134053	11.104782	
647	-7.102089	11.280385	
648	-7.057085	11.430193	
649	-7.002807	11.552324	
650	-6.942768	11.649752	
651	-6.879885	11.732549	
652	-6.815299	11.817240	
653	-6.749262	11.921596	
654	-6.683135	12.056005	
655	-6.618717	12.217896	
656	-6.555338	12.395729	
657	-6.488604	12.577141	
658	-6.411304	12.752165	
659	-6.314900	12.913931	
660	-6.191409	13.059522	
661	-6.035329	13.188060	
662	-5.844325	13.298111	
663	-5.618728	13.386680	
664	-5.361740	13.449734	
665	-5.079971	13.485787	
666	-4.781895	13.500002	
667	-4.475360	13.503940	
668	-4.166393	13.511041	
669	-3.858950	13.531630	
670	-3.554901	13.570316	
671	-3.253462	13.625315	
672	-2.950357	13.689626	
673	-2.639262	13.755114	
674	-2.315328	13.816205	
675	-1.976804	13.869545	
676	-1.623454	13.911431	
677	-1.255089	13.936227	
678	-0.872671	13.937160	
679	-0.479067	13.909044	
680	-0.077007	13.850393	
681	0.333160	13.762903	
682	0.753718	13.649769	
683	1.188372	13.514930	
684	1.640019	13.362702	
685	2.108265	13.197662	
686	2.589241	13.025802	
687	3.078813	12.855252	
688	3.575140	12.694198	
689	4.078666	12.547699	
690	4.592382	12.416562	
691	5.121141	12.298006	
692	5.669064	12.184932	
693	6.239399	12.063387	
694	6.837041	11.911047	
695	7.470157	11.697080	
696	8.150325	11.383632	
697	8.890389	10.929339	
698	9.699701	10.294533	
699	10.579715	9.454067	
700	11.521841	8.419297	
701	12.508154	7.247073	
702	13.516261	6.023112	
703	14.525809	4.851170	
704	15.522858	3.853224	
705	16.501703	3.146106	
706	17.463983	2.807731	
707	18.416695	2.862519	
708	19.371250	3.278107	
709	20.342298	3.967381	
710	21.345814	4.805417	
711	22.397359	5.663834	
712	23.509076	6.446159	
713	24.685662	7.101810	
714	25.922887	7.616896	
715	27.209088	7.997256	
716	28.528279	8.255992	
717	29.863921	8.408499	
718	31.200841	8.472031	
719	32.525536	8.467029	
720	33.827148	8.416974	
721	35.098084	8.345692	
722	36.333501	8.276778	
723	37.531064	8.234524	
724	38.690791	8.240481	
725	39.813816	8.306890	
726	40.901039	8.433886	
727	41.953861	8.613095	
728	42.976119	8.831955	
729	43.974227	9.074328	
730	44.955050	9.320782	
731	45.923630	9.551891	
732	46.882772	9.752292	
733	47.833634	9.910704	
734	48.775334	10.016100	
735	49.704611	10.056522	
736	50.617277	10.023598	
737	51.510710	9.918892	
738	52.384673	9.755986	
739	53.239069	9.556161	
740	54.071241	9.342540	
741	54.875933	9.136544	
742	55.647529	8.955646	
743	56.382243	8.812407	
744	57.079410	8.715122	
745	57.742140	8.668354	
746	58.375997	8.672061	
747	58.984317	8.720295	
748	59.562221	8.801696	
749	60.093990	8.901975	
750	60.555128	9.006132	
751	60.916156	9.100348	
752	61.147553	9.175092	
753	61.226568	9.227750	
754	61.144522	9.261318	
755	60.909083	9.279045	
756	60.535213	9.280479	
757	60.038275	9.262792	
758	59.441815	9.223205	
759	58.780229	9.158449	
760	58.087368	9.064402	
761	57.388634	8.938652	
762	56.700761	8.784405	
763	56.032733	8.611260	
764	55.387141	8.431125	
765	54.761903	8.256788	
766	54.150550	8.104044	
767	53.540957	7.988294	
768	52.915537	7.918842	
769	52.254538	7.897876	
770	51.539673	7.921282	
771	50.756534	7.980078	
772	49.896250	8.062923	
773	48.954053	8.156553	
774	47.924519	8.243523	
775	46.799856	8.303066	
776	45.574027	8.319237	
777	44.247584	8.287902	
778	42.828514	8.215019	
779	41.329253	8.115213	
780	39.762470	8.012450	
781	38.137881	7.932723	
782	36.461614	7.894829	
783	34.737380	7.909847	
784	32.967005	7.983957	
785	31.151033	8.118815	
786	29.290907	8.312093	
787	27.391405	8.558329	
788	25.462154	8.848064	
789	23.517293	9.167431	
790	21.572952	9.499945	
791	19.644034	9.829106	
792	17.741996	10.140390	
793	15.874477	10.422545	
794	14.045633	10.669179	
795	12.256374	10.879864	
796	10.505619	11.060108	
797	8.792120	11.222234	
798	7.115051	11.386963	
799	5.473384	11.581041	
800	3.865438	11.828231	
801	2.288918	12.139712	
802	0.742662	12.513478	
803	-0.769412	12.940438	
804	-2.236493	13.405649	
805	-3.643889	13.886099	
806	-4.979282	14.356601	
807	-6.236838	14.799816	
808	-7.415239	15.207070	
809	-8.515131	15.572588	
810	-9.538321	15.889259	
811	-10.485516	16.145062	
812	-11.354919	16.323255	
813	-12.142325	16.409423	
814	-12.839781	16.395785	
815	-13.434111	16.278435	
816	-13.909042	16.056530	
817	-14.251826	15.735549	
818	-14.459297	15.329364	
819	-14.537196	14.859775	
820	-14.495295	14.354429	
821	-14.344815	13.844328	
822	-14.097819	13.360286	
823	-13.766339	12.927738	
824	-13.361653	12.563744	
825	-12.892855	12.277803	
826	-12.365639	12.073443	
827	-11.784211	11.949714	
828	-11.153933	11.903400	
829	-10.480577	11.932315	
830	-9.767938	12.037083	
831	-9.017578	12.217982	
832	-8.230668	12.471322	
833	-7.410264	12.789173	
834	-6.563935	13.158060	
835	-5.705391	13.557149	
836	-4.853929	13.960306	
837	-4.033443	14.340365	
838	-3.270639	14.672644	
839	-2.591545	14.937037	
840	-2.018545	15.119520	
841	-1.568233	15.213375	
842	-1.248897	15.219580	
843	-1.058337	15.147385	
844	-0.982998	15.014620	
845	-0.998399	14.845440	
846	-1.071487	14.665903	
847	-1.165881	14.499099	
848	-1.247434	14.361587	
849	-1.286171	14.264213	
850	-1.256549	14.216708	
851	-1.140433	14.229586	
852	-0.930606	14.311409	
853	-0.629966	14.466111	
854	-0.247927	14.691735	
855	0.202443	14.979966	
856	0.706138	15.316842	
857	1.247031	15.682471	
858	1.808629	16.049900	
859	2.375631	16.386475	
860	2.935211	16.657291	
861	3.477338	16.828855	
862	3.994556	16.872843	
863	4.481240	16.770670	
864	4.932632	16.517519	
865	5.345175	16.122123	
866	5.717983	15.603933	
867	6.051746	14.991685	
868	6.343996	14.320610	
869	6.586846	13.626916	
870	6.771060	12.943671	
871	6.890442	12.298947	
872	6.941777	11.714960	
873	6.924478	11.207521	
874	6.841869	10.784505	
875	6.701353	10.444935	
876	6.513570	10.181467	
877	6.290420	9.986353	
878	6.041989	9.857377	
879	5.776776	9.796543	
880	5.505626	9.800292	
881	5.243079	9.852865	
882	5.003510	9.931208	
883	4.796071	10.014635	
884	4.622476	10.090461	
885	4.478593	10.153598	
886	4.357841	10.202313	
887	4.253415	10.235248	
888	4.158834	10.251322	
889	4.067764	10.249730	
890	3.973791	10.230108	
891	3.871400	10.193699	
892	3.757420	10.144537	
893	3.631010	10.089759	
894	3.492981	10.038117	
895	3.346039	9.996581	
896	3.195131	9.966404	
897	3.046234	9.942158	
898	2.904387	9.914792	
899	2.772635	9.873553	
900	2.651330	9.806049	
901	2.537871	9.701488	
902	2.428062	9.556898	
903	2.317405	9.381586	
904	2.199170	9.197129	
905	2.059703	9.034630	
906	1.877949	8.929875	
907	1.638525	8.909612	
908	1.350020	8.973666	
909	1.043562	9.096330	
910	0.751879	9.247443	
911	0.494367	9.407649	
912	0.276726	9.569921	
913	0.096018	9.734869	
914	-0.054830	9.904468	
915	-0.183628	10.078768	
916	-0.296530	10.255507	
917	-0.398081	10.427058	
918	-0.493530	10.576285	
919	-0.589264	10.682425	
920	-0.691039	10.735187	
921	-0.804940	10.736353	
922	-0.938883	10.690780	
923	-1.098914	10.606567	
924	-1.284547	10.498211	
925	-1.489559	10.381289	
926	-1.705284	10.265889	
927	-1.921308	10.155606	
928	-2.125648	10.050214	
929	-2.307224	9.949040	
930	-2.458167	9.852636	
931	-2.574726	9.761756	
932	-2.657852	9.676175	
933	-2.712714	9.594933	
934	-2.747527	9.516563	
935	-2.772899	9.438708	
936	-2.800272	9.358581	
937	-2.838905	9.275100	
938	-2.893980	9.192266	
939	-2.968162	9.123236	
940	-3.063703	9.088647	
941	-3.180842	9.102589	
942	-3.315124	9.160686	
943	-3.458327	9.246588	
944	-3.601209	9.345268	
945	-3.734698	9.449241	
946	-3.850349	9.558898	
947	-3.940342	9.679799	
948	-3.997587	9.818025	
949	-4.019032	9.975137	
950	-4.008005	10.145677	
951	-3.968815	10.316965	
952	-3.898946	10.465381	
953	-3.788177	10.547388	
954	-3.624187	10.497715	
955	-3.399405	10.249646	
956	-3.117831	9.766224	
957	-2.801047	9.056751	
958	-2.486547	8.172822	
959	-2.213420	7.190039	
960	-2.005453	6.183512	
961	-1.864129	5.209402	
962	-1.772197	4.299559	
963	-1.703743	3.467182	
964	-1.635111	2.714562	
965	-1.550285	2.036447	
966	-1.439913	1.421542	
967	-1.298922	0.854790	
968	-1.124646	0.320261	
969	-0.912816	-0.193830	
970	-0.653855	-0.689542	
971	-0.335050	-1.159253	
972	0.053338	-1.591268	
973	0.513331	-1.974257	
974	1.038577	-2.298970	
975	1.618632	-2.560278	
976	2.245615	-2.758643	
977	2.920089	-2.899132	
978	3.651511	-2.989540	
979	4.449254	-3.038806	
980	5.317858	-3.056424	
981	6.262511	-3.051916	
982	7.286377	-3.032636	
983	8.384532	-3.003702	
984	9.548853	-2.969865	
985	10.774346	-2.934358	
986	12.053430	-2.895723	
987	13.360523	-2.845652	
988	14.655473	-2.772254	
989	15.914162	-2.667604	
990	17.147147	-2.529880	
991	18.380651	-2.357026	
992	19.626588	-2.140876	
993	20.883872	-1.870752	
994	22.161351	-1.541211	
995	23.479897	-1.152056	
996	24.857235	-0.701239	
997	26.303004	-0.180722	
998	27.821958	0.421617	
999	29.415253	1.118608	
1000	31.079372	1.920630	
1001	32.803807	2.832267	
1002	34.571763	3.849756	
1003	36.366473	4.958352	
1004	38.178322	6.128392	
1005	40.006212	7.311434	
1006	41.854084	8.441902	
1007	43.730197	9.450621	
1008	45.650423	10.284887	
1009	47.639318	10.919372	
1010	49.726363	11.355912	
1011	51.938899	11.622521	
1012	54.293838	11.772038	
1013	56.791645	11.875420	
1014	59.416573	12.009397	
1015	62.142807	12.241979	
1016	64.940735	12.623024	
1017	67.780045	13.183601	
1018	70.630077	13.940250	
1019	73.458626	14.898390	
1020	76.231114	16.052933	
1021	78.911091	17.388339	
1022	81.462915	18.879964	
1023	83.856270	20.496559	
1024	86.071218	22.203317	
1025	88.103002	23.965696	
1026	89.962394	25.754817	
1027	91.670898	27.554569	
1028	93.256743	29.365436	
1029	94.750674	31.198241	
1030	96.178172	33.066282	
1031	97.553626	34.987015	
1032	98.880001	36.983035	
1033	100.150328	39.075378	
1034	101.349763	41.278288	
1035	102.459198	43.597083	
1036	103.459300	46.028616	
1037	104.336871	48.569033	
1038	105.094159	51.215770	
1039	105.749360	53.949591	
1040	106.322533	56.718629	
1041	106.825168	59.452402	
1042	107.264466	62.097506	
1043	107.649731	64.645637	
1044	107.990573	67.128923	
1045	108.287939	69.575685	
1046	108.529109	71.972545	
1047	108.695856	74.281206	
1048	108.775643	76.473553	
1049	108.765727	78.539365	
1050	108.673870	80.478671	
1051	108.516528	82.296542	
1052	108.312813	84.000401	
1053	108.078569	85.598714	
1054	107.824280	87.101485	
1055	107.555692	88.519326	
1056	107.274804	89.859345	
1057	106.979887	91.122695	
1058	106.664841	92.305960	
1059	106.320039	93.403273	
1060	105.936637	94.411635	
1061	105.510416	95.338712	
1062	105.039624	96.201696	
1063	104.520680	97.018657	
1064	103.948931	97.802752	
1065	103.325479	98.557780	
1066	102.664257	99.273547	
1067	101.992403	99.924229	
1068	101.345092	100.468114	
1069	100.759667	100.850481	
1070	100.270195	101.014622	
1071	99.901707	100.915278	
1072	99.660636	100.529744	
1073	99.508823	99.875290	
1074	99.275198	98.984954	
1075	98.188067	97.073857	
1076	85.910716	71.259458	
1077	64.982399	-0.808070	
1078	66.073338	2.262050	
1079	64.733037	5.291506	
1080	62.456473	6.858080	
1081	60.018582	7.518212	
1082	57.879539	7.817870	
1083	56.239929	8.106296	
1084	55.084605	8.534509	
1085	54.301025	9.117925	
1086	53.789963	9.783603	
1087	53.491328	10.407209	
1088	53.339058	10.857228	
1089	53.204841	11.051421	
1090	52.904115	10.994560	
1091	52.282611	10.764947	
1092	51.288749	10.466100	
1093	49.969839	10.186404	
1094	48.426606	9.981592	
1095	46.760720	9.873176	
1096	45.047868	9.857507	
1097	43.340695	9.915733	
1098	41.672263	10.020627	
1099	40.055721	10.144504	
1100	38.487786	10.267757	
1101	36.953659	10.385505	
1102	35.432313	10.509416	
1103	33.904735	10.660783	
1104	32.362659	10.858297	
1105	30.809215	11.110977	
1106	29.252325	11.419555	
1107	27.699528	11.779790	
1108	26.155868	12.183319	
1109	24.622971	12.618355	
1110	23.099564	13.072629	
1111	21.582977	13.536706	
1112	20.071150	14.005224	
1113	18.564832	14.476359	
1114	17.069333	14.950740	
1115	15.596854	15.429450	
1116	14.169693	15.909870	
1117	12.822173	16.380662	
1118	11.599568	16.820718	
1119	10.552616	17.203828	
1120	9.727168	17.503384	
1121	9.147786	17.691516	
1122	8.790724	17.736676	
1123	8.557889	17.607519	
1124	8.292736	17.278620	
1125	7.848253	16.726465	
1126	7.146369	15.920876	
1127	6.187222	14.827895	
1128	5.030091	13.427812	
1129	3.770321	11.739515	
1130	2.522224	9.836116	
1131	1.418134	7.839056	
1132	0.640797	5.890720	
1133	0.554731	4.084669	
1134	2.197165	2.370443	
1135	8.441887	0.842588	
1136	NaN	NaN	
1137	NaN	NaN	
1138	NaN	NaN	
1139	NaN	NaN	
1140	NaN	NaN	
1141	NaN	NaN	
1142	NaN	NaN	
1143	NaN	NaN	
1144	NaN	NaN	
1145	NaN	NaN	
1146	NaN	NaN	
1147	NaN	NaN	
1148	NaN	NaN	
1149	NaN	NaN	
1150	NaN	NaN	
1151	NaN	NaN	
1152	NaN	NaN	
1153	NaN	NaN	
1154	NaN	NaN	
1155	NaN	NaN	
1156	NaN	NaN	
1157	NaN	NaN	
1158	NaN	NaN	
1159	NaN	NaN	
1160	NaN	NaN	
1161	NaN	NaN	
1162	NaN	NaN	
1163	NaN	NaN	
1164	NaN	NaN	
1165	NaN	NaN	
1166	NaN	NaN	
1167	NaN	NaN	
1168	NaN	NaN	
1169	NaN	NaN	
1170	NaN	NaN	
1171	NaN	NaN	
1172	NaN	NaN	
1173	NaN	NaN	
1174	NaN	NaN	
1175	NaN	NaN	
1176	NaN	NaN	
1177	NaN	NaN	
1178	NaN	NaN	
1179	NaN	NaN	
1180	NaN	NaN	
1181	NaN	NaN	
1182	NaN	NaN	
1183	NaN	NaN	
1184	NaN	NaN	
1185	NaN	NaN	
1186	NaN	NaN	
1187	NaN	NaN	
1188	NaN	NaN	
1189	NaN	NaN	
1190	NaN	NaN	
1191	NaN	NaN	
1192	NaN	NaN	
1193	NaN	NaN	
1194	NaN	NaN	
1195	NaN	NaN	
1196	NaN	NaN	
1197	NaN	NaN	
1198	NaN	NaN	
1199	NaN	NaN	
1200	NaN	NaN	
1201	NaN	NaN	
1202	NaN	NaN	
1203	NaN	NaN	
1204	NaN	NaN	
1205	NaN	NaN	
1206	NaN	NaN	
1207	NaN	NaN	
1208	NaN	NaN	
1209	NaN	NaN	
1210	NaN	NaN	
1211	NaN	NaN	
1212	NaN	NaN	
1213	NaN	NaN	
1214	NaN	NaN	
1215	NaN	NaN	
1216	NaN	NaN	
1217	NaN	NaN	
1218	NaN	NaN	
1219	NaN	NaN	
1220	NaN	NaN	
1221	NaN	NaN	
1222	NaN	NaN	
1223	NaN	NaN	
1224	NaN	NaN	
1225	NaN	NaN	
1226	NaN	NaN	
1227	NaN	NaN	
1228	NaN	NaN	
1229	NaN	NaN	
1230	NaN	NaN	
1231	NaN	NaN	
1232	NaN	NaN	
1233	NaN	NaN	
1234	NaN	NaN	
1235	NaN	NaN	
1236	NaN	NaN	
1237	NaN	NaN	
1238	NaN	NaN	
1239	NaN	NaN	
1240	NaN	NaN	
1241	NaN	NaN	
1242	NaN	NaN	
1243	NaN	NaN	
1244	NaN	NaN	
1245	NaN	NaN	
1246	NaN	NaN	
1247	NaN	NaN	
1248	NaN	NaN	
1249	NaN	NaN	
1250	NaN	NaN	
1251	NaN	NaN	
1252	NaN	NaN	
1253	NaN	NaN	
1254	NaN	NaN	
1255	NaN	NaN	
1256	NaN	NaN	
1257	NaN	NaN	
1258	NaN	NaN	
1259	NaN	NaN	
1260	NaN	NaN	
1261	NaN	NaN	
1262	NaN	NaN	
1263	NaN	NaN	
1264	NaN	NaN	
1265	NaN	NaN	
1266	NaN	NaN	
