Athlete_Engineering	// User ID
11-2-2021	// Evaluation date
P016_Walk2	30-1-2021	14:34:34:789	// Source file name and timestamp
250.000	// Sampling rate
5.583	// Data capture period



Sample #	Right_Leg_Flexion	Right_Leg_Abduction	
0	-12.632841	5.027449	
1	-12.638672	5.012193	
2	-12.651853	4.977521	
3	-12.671483	4.926699	
4	-12.693745	4.864585	
5	-12.710486	4.792925	
6	-12.710283	4.707414	
7	-12.683010	4.599708	
8	-12.623930	4.462144	
9	-12.535148	4.291683	
10	-12.425069	4.091695	
11	-12.305256	3.871606	
12	-12.185827	3.644526	
13	-12.072843	3.424173	
14	-11.968568	3.223339	
15	-11.873148	3.053801	
16	-11.786716	2.926680	
17	-11.710638	2.853339	
18	-11.646667	2.844834	
19	-11.595611	2.907996	
20	-11.557530	3.041901	
21	-11.532870	3.238624	
22	-11.523226	3.486662	
23	-11.530619	3.774700	
24	-11.555605	4.095527	
25	-11.597143	4.448425	
26	-11.654936	4.836980	
27	-11.730197	5.261414	
28	-11.822590	5.709658	
29	-11.926972	6.156107	
30	-12.033295	6.568307	
31	-12.128602	6.912246	
32	-12.200503	7.157533	
33	-12.240921	7.284816	
34	-12.246871	7.287437	
35	-12.219074	7.168171	
36	-12.161396	6.938318	
37	-12.081371	6.618795	
38	-11.990786	6.240999	
39	-11.903736	5.844556	
40	-11.831519	5.467183	
41	-11.779330	5.133909	
42	-11.747582	4.858733	
43	-11.734078	4.652244	
44	-11.734514	4.518676	
45	-11.742237	4.445226	
46	-11.748116	4.403084	
47	-11.741993	4.363243	
48	-11.715425	4.309048	
49	-11.664080	4.236937	
50	-11.589251	4.151665	
51	-11.496592	4.060909	
52	-11.393062	3.971597	
53	-11.285799	3.889447	
54	-11.181456	3.819385	
55	-11.084359	3.765247	
56	-10.996421	3.729893	
57	-10.918827	3.715391	
58	-10.852668	3.722576	
59	-10.798756	3.751083	
60	-10.757799	3.800187	
61	-10.730550	3.868980	
62	-10.718444	3.955891	
63	-10.725190	4.058675	
64	-10.756741	4.175052	
65	-10.817753	4.305575	
66	-10.907412	4.456163	
67	-11.018851	4.634058	
68	-11.142301	4.843140	
69	-11.268511	5.084507	
70	-11.389140	5.353796	
71	-11.495534	5.635345	
72	-11.579757	5.903861	
73	-11.637808	6.134608	
74	-11.672215	6.316270	
75	-11.692284	6.459235	
76	-11.711462	6.592319	
77	-11.741837	6.746947	
78	-11.787722	6.936073	
79	-11.843155	7.143473	
80	-11.896338	7.335052	
81	-11.936704	7.480487	
82	-11.957976	7.563464	
83	-11.957502	7.579102	
84	-11.935908	7.531335	
85	-11.896567	7.431964	
86	-11.843237	7.295916	
87	-11.778115	7.135945	
88	-11.701784	6.961901	
89	-11.614219	6.782632	
90	-11.516434	6.607243	
91	-11.411587	6.444799	
92	-11.303804	6.303123	
93	-11.195082	6.184409	
94	-11.082665	6.076713	
95	-10.959877	5.953434	
96	-10.820612	5.788815	
97	-10.663103	5.574565	
98	-10.490922	5.324128	
99	-10.312898	5.066924	
100	-10.141014	4.836638	
101	-9.986697	4.661038	
102	-9.859446	4.560944	
103	-9.767227	4.553605	
104	-9.715142	4.653264	
105	-9.703226	4.869004	
106	-9.725527	5.199701	
107	-9.769627	5.623529	
108	-9.816343	6.088098	
109	-9.842574	6.517304	
110	-9.827882	6.837095	
111	-9.760633	6.999187	
112	-9.639917	6.987813	
113	-9.472668	6.814144	
114	-9.269221	6.508127	
115	-9.041431	6.114009	
116	-8.801348	5.684443	
117	-8.558101	5.267841	
118	-8.316124	4.898777	
119	-8.075558	4.596552	
120	-7.833453	4.366245	
121	-7.585101	4.201402	
122	-7.324489	4.088240	
123	-7.044855	4.008592	
124	-6.741043	3.940787	
125	-6.412936	3.859894	
126	-6.067260	3.741312	
127	-5.716160	3.569354	
128	-5.373256	3.345750	
129	-5.047562	3.092951	
130	-4.739104	2.848680	
131	-4.442428	2.650501	
132	-4.154566	2.523390	
133	-3.877828	2.480811	
134	-3.616642	2.529674	
135	-3.375126	2.672131	
136	-3.157153	2.904899	
137	-2.964241	3.214310	
138	-2.790019	3.570750	
139	-2.618648	3.935211	
140	-2.433366	4.284739	
141	-2.227697	4.635327	
142	-2.002831	5.019779	
143	-1.750473	5.426720	
144	-1.447384	5.786226	
145	-1.070288	6.024666	
146	-0.605174	6.104605	
147	-0.046031	6.019794	
148	0.603832	5.778990	
149	1.331410	5.396722	
150	2.116261	4.899807	
151	2.926862	4.351801	
152	3.718265	3.862263	
153	4.444651	3.547471	
154	5.078369	3.464420	
155	5.620154	3.577092	
156	6.098080	3.782563	
157	6.558090	3.963504	
158	7.049610	4.026222	
159	7.611916	3.915039	
160	8.265523	3.614502	
161	9.008448	3.152707	
162	9.817642	2.602811	
163	10.658846	2.063627	
164	11.505908	1.608736	
165	12.353519	1.246264	
166	13.204820	0.943666	
167	14.053492	0.677639	
168	14.883748	0.454831	
169	15.680451	0.309465	
170	16.443425	0.270470	
171	17.197859	0.319065	
172	17.981592	0.401545	
173	18.819613	0.477662	
174	19.712005	0.546075	
175	20.637156	0.644233	
176	21.561190	0.831516	
177	22.449426	1.161517	
178	23.278905	1.655590	
179	24.050054	2.286308	
180	24.787721	2.988004	
181	25.525951	3.693445	
182	26.289669	4.356507	
183	27.086001	4.945307	
184	27.905292	5.431167	
185	28.728672	5.787176	
186	29.538921	5.992966	
187	30.331272	6.041788	
188	31.118033	5.939718	
189	31.923610	5.688918	
190	32.777918	5.265710	
191	33.715308	4.609409	
192	34.772593	3.624121	
193	35.965691	2.197208	
194	37.218861	0.280230	
195	38.299711	-1.918749	
196	38.987486	-3.890819	
197	39.344352	-5.250258	
198	39.565335	-5.985080	
199	39.737499	-6.262707	
200	39.849182	-6.275130	
201	39.876934	-6.191278	
202	39.825481	-6.132568	
203	39.720737	-6.165170	
204	39.591105	-6.309041	
205	39.457072	-6.549868	
206	39.329605	-6.846934	
207	39.211974	-7.139979	
208	39.100611	-7.357530	
209	38.982923	-7.425185	
210	38.833907	-7.273282	
211	38.613668	-6.844863	
212	38.266058	-6.104881	
213	37.724774	-5.054533	
214	36.938388	-3.752934	
215	35.908881	-2.323391	
216	34.705171	-0.910786	
217	33.427981	0.381417	
218	32.164354	1.511420	
219	30.970938	2.478251	
220	29.878699	3.297910	
221	28.900366	3.989495	
222	28.035137	4.568523	
223	27.269718	5.045793	
224	26.578006	5.428454	
225	25.926862	5.719983	
226	25.286274	5.921597	
227	24.634272	6.038910	
228	23.956828	6.090022	
229	23.248214	6.106004	
230	22.510596	6.121703	
231	21.750967	6.165235	
232	20.977323	6.253580	
233	20.195622	6.392716	
234	19.408287	6.579432	
235	18.614729	6.804555	
236	17.812609	7.055811	
237	16.999495	7.320767	
238	16.175387	7.590720	
239	15.343236	7.861762	
240	14.506340	8.132909	
241	13.666519	8.405646	
242	12.824329	8.684891	
243	11.979020	8.979087	
244	11.128919	9.299280	
245	10.273375	9.657370	
246	9.413896	10.061690	
247	8.553270	10.509470	
248	7.694307	10.983158	
249	6.839211	11.457380	
250	5.989503	11.910969	
251	5.146380	12.333481	
252	4.311181	12.723141	
253	3.485332	13.081007	
254	2.669658	13.407674	
255	1.864643	13.703299	
256	1.071892	13.968129	
257	0.294368	14.203426	
258	-0.465080	14.412021	
259	-1.205281	14.596311	
260	-1.926943	14.755829	
261	-2.630818	14.887325	
262	-3.316150	14.985844	
263	-3.981604	15.045297	
264	-4.626009	15.059448	
265	-5.246409	15.023480	
266	-5.836651	14.934544	
267	-6.389395	14.790818	
268	-6.898663	14.592461	
269	-7.360774	14.346241	
270	-7.774512	14.066846	
271	-8.140278	13.770430	
272	-8.458236	13.469732	
273	-8.727673	13.176610	
274	-8.948671	12.905103	
275	-9.123210	12.670030	
276	-9.253909	12.482097	
277	-9.342567	12.344390	
278	-9.388814	12.253305	
279	-9.389456	12.199280	
280	-9.341334	12.168000	
281	-9.244749	12.146791	
282	-9.101788	12.128086	
283	-8.912041	12.104624	
284	-8.672414	12.068237	
285	-8.381860	12.016609	
286	-8.045922	11.956162	
287	-7.677959	11.899755	
288	-7.297586	11.866580	
289	-6.924446	11.875682	
290	-6.569748	11.929622	
291	-6.236658	12.010519	
292	-5.929142	12.096036	
293	-5.658262	12.177661	
294	-5.443402	12.269165	
295	-5.307008	12.398491	
296	-5.261595	12.589044	
297	-5.298791	12.847189	
298	-5.391901	13.154558	
299	-5.510055	13.469364	
300	-5.627067	13.747079	
301	-5.718180	13.960470	
302	-5.761573	14.110023	
303	-5.747441	14.232711	
304	-5.676253	14.386504	
305	-5.546034	14.606651	
306	-5.347915	14.888502	
307	-5.073211	15.210209	
308	-4.718872	15.548941	
309	-4.287491	15.878172	
310	-3.786345	16.163152	
311	-3.226005	16.364555	
312	-2.618056	16.450356	
313	-1.973452	16.405641	
314	-1.301233	16.233230	
315	-0.609316	15.947743	
316	0.093031	15.568452	
317	0.797099	15.117401	
318	1.497924	14.621414	
319	2.191265	14.108639	
320	2.869051	13.601007	
321	3.519507	13.112299	
322	4.129838	12.652642	
323	4.688814	12.231868	
324	5.187825	11.857227	
325	5.619996	11.529541	
326	5.979095	11.243325	
327	6.259322	10.989840	
328	6.456587	10.759788	
329	6.571266	10.546276	
330	6.611086	10.349556	
331	6.592319	10.179757	
332	6.536338	10.051941	
333	6.462483	9.977739	
334	6.383461	9.962458	
335	6.304976	10.006237	
336	6.227247	10.105168	
337	6.148323	10.252077	
338	6.067873	10.436461	
339	5.989244	10.645591	
340	5.919316	10.866227	
341	5.864881	11.084068	
342	5.827016	11.284126	
343	5.799546	11.455406	
344	5.773469	11.596740	
345	5.741978	11.717126	
346	5.701833	11.829777	
347	5.653098	11.946529	
348	5.599016	12.074668	
349	5.545002	12.213382	
350	5.496886	12.350760	
351	5.458794	12.464508	
352	5.432291	12.528894	
353	5.417677	12.526036	
354	5.414686	12.453611	
355	5.421507	12.323477	
356	5.433289	12.155206	
357	5.441113	11.971386	
358	5.433403	11.793758	
359	5.400395	11.636473	
360	5.338318	11.501851	
361	5.249426	11.384634	
362	5.139151	11.278287	
363	5.014190	11.177015	
364	4.881013	11.077644	
365	4.743895	10.982324	
366	4.605110	10.897244	
367	4.467354	10.827314	
368	4.334063	10.770212	
369	4.206214	10.714530	
370	4.080016	10.645336	
371	3.948518	10.552961	
372	3.805473	10.437941	
373	3.649103	10.308851	
374	3.484435	10.174748	
375	3.324271	10.039079	
376	3.187735	9.899851	
377	3.093965	9.753660	
378	3.055697	9.600493	
379	3.078954	9.448118	
380	3.162909	9.316502	
381	3.294381	9.242219	
382	3.446685	9.269472	
383	3.588894	9.415784	
384	3.694177	9.639097	
385	3.740980	9.849839	
386	3.715193	9.959097	
387	3.614993	9.910107	
388	3.451597	9.675655	
389	3.244757	9.247240	
390	3.015853	8.634268	
391	2.781279	7.868383	
392	2.549337	7.003078	
393	2.321714	6.105939	
394	2.097375	5.245505	
395	1.876369	4.477159	
396	1.661165	3.837200	
397	1.455137	3.346043	
398	1.260700	3.013608	
399	1.078771	2.845635	
400	0.908118	2.850906	
401	0.742885	3.047080	
402	0.570186	3.453773	
403	0.372078	4.069937	
404	0.132733	4.856913	
405	-0.152098	5.734545	
406	-0.467549	6.592088	
407	-0.785820	7.327084	
408	-1.085431	7.886551	
409	-1.360316	8.271215	
410	-1.611554	8.510667	
411	-1.838541	8.639676	
412	-2.039307	8.688312	
413	-2.213647	8.680558	
414	-2.363043	8.634085	
415	-2.488936	8.560176	
416	-2.592756	8.467070	
417	-2.677893	8.366262	
418	-2.750003	8.273483	
419	-2.814155	8.202229	
420	-2.872907	8.158925	
421	-2.927380	8.143552	
422	-2.978374	8.151846	
423	-3.025990	8.177191	
424	-3.069168	8.211926	
425	-3.106017	8.248102	
426	-3.134716	8.278508	
427	-3.154721	8.298330	
428	-3.167441	8.306495	
429	-3.175730	8.304651	
430	-3.182843	8.294775	
431	-3.191010	8.278686	
432	-3.200133	8.258298	
433	-3.208595	8.234260	
434	-3.215466	8.205319	
435	-3.221361	8.169825	
436	-3.227563	8.126843	
437	-3.234454	8.075978	
438	-3.240173	8.017696	
439	-3.240627	7.954457	
440	-3.230810	7.891119	
441	-3.206560	7.834892	
442	-3.166265	7.796107	
443	-3.111423	7.787139	
444	-3.045066	7.817122	
445	-2.969206	7.886347	
446	-2.883683	7.985569	
447	-2.787068	8.100921	
448	-2.678368	8.220708	
449	-2.558134	8.338157	
450	-2.428321	8.448353	
451	-2.290977	8.544814	
452	-2.146983	8.619583	
453	-1.995995	8.665004	
454	-1.836895	8.676128	
455	-1.668292	8.653738	
456	-1.489684	8.605113	
457	-1.301618	8.539888	
458	-1.103397	8.464561	
459	-0.891630	8.382488	
460	-0.662274	8.297795	
461	-0.413942	8.216085	
462	-0.149499	8.141634	
463	0.125784	8.074601	
464	0.408254	8.009280	
465	0.697300	7.934749	
466	0.993459	7.839302	
467	1.297405	7.717104	
468	1.610558	7.572376	
469	1.934652	7.416792	
470	2.270595	7.262274	
471	2.619242	7.114547	
472	2.983000	6.969290	
473	3.364830	6.813525	
474	3.765782	6.633640	
475	4.184689	6.422583	
476	4.619658	6.180047	
477	5.069442	5.909582	
478	5.534657	5.617740	
479	6.018270	5.313413	
480	6.524838	5.004465	
481	7.059537	4.694349	
482	7.627521	4.382220	
483	8.232979	4.066793	
484	8.877642	3.751129	
485	9.560297	3.443563	
486	10.278486	3.153670	
487	11.030516	2.887968	
488	11.815346	2.648412	
489	12.631350	2.431839	
490	13.476211	2.230371	
491	14.347655	2.034799	
492	15.244027	1.838548	
493	16.164586	1.639440	
494	17.109895	1.440648	
495	18.082959	1.250807	
496	19.089545	1.080372	
497	20.135486	0.936604	
498	21.223247	0.823611	
499	22.351110	0.744802	
500	23.513407	0.701381	
501	24.700199	0.690937	
502	25.898740	0.711344	
503	27.097070	0.764150	
504	28.286500	0.851496	
505	29.461375	0.971445	
506	30.618099	1.118020	
507	31.755907	1.284266	
508	32.878309	1.464397	
509	33.992390	1.653835	
510	35.105590	1.848235	
511	36.221920	2.044320	
512	37.340221	2.242407	
513	38.455248	2.446002	
514	39.560057	2.657608	
515	40.648334	2.874933	
516	41.716039	3.089913	
517	42.762588	3.290663	
518	43.792510	3.464323	
519	44.816801	3.598371	
520	45.851605	3.681297	
521	46.913142	3.705573	
522	48.009353	3.673614	
523	49.131943	3.602418	
524	50.255347	3.522772	
525	51.344397	3.473825	
526	52.365770	3.492048	
527	53.296456	3.596475	
528	54.124899	3.782983	
529	54.846448	4.033351	
530	55.458661	4.328509	
531	55.961322	4.655130	
532	56.361089	5.003982	
533	56.675278	5.363779	
534	56.930031	5.716581	
535	57.152052	6.040805	
536	57.357720	6.319923	
537	57.548817	6.547694	
538	57.718480	6.727122	
539	57.859159	6.867233	
540	57.965586	6.979764	
541	58.033839	7.075493	
542	58.059911	7.161227	
543	58.039933	7.239590	
544	57.970951	7.310767	
545	57.850678	7.373366	
546	57.677761	7.423989	
547	57.453455	7.456064	
548	57.182520	7.459601	
549	56.870908	7.424519	
550	56.521567	7.346139	
551	56.132633	7.228883	
552	55.699226	7.085707	
553	55.216355	6.933389	
554	54.681053	6.787617	
555	54.093689	6.661415	
556	53.457532	6.565914	
557	52.775387	6.508278	
558	52.046255	6.485522	
559	51.265641	6.481704	
560	50.428897	6.471946	
561	49.534152	6.430825	
562	48.581938	6.343654	
563	47.573344	6.212391	
564	46.510404	6.049006	
565	45.397079	5.865598	
566	44.238156	5.671429	
567	43.038111	5.473572	
568	41.801049	5.277665	
569	40.529942	5.089714	
570	39.226106	4.917509	
571	37.889576	4.772171	
572	36.518743	4.669076	
573	35.111231	4.622864	
574	33.667235	4.640530	
575	32.191563	4.721084	
576	30.693352	4.858842	
577	29.184475	5.045668	
578	27.675598	5.273286	
579	26.171555	5.534286	
580	24.669793	5.820880	
581	23.162281	6.123972	
582	21.639060	6.433071	
583	20.091324	6.737900	
584	18.512622	7.031880	
585	16.899585	7.313481	
586	15.254384	7.586425	
587	13.587925	7.862370	
588	11.919425	8.160494	
589	10.270271	8.499133	
590	8.657694	8.886210	
591	7.093348	9.316700	
592	5.583386	9.778096	
593	4.128283	10.258610	
594	2.725242	10.752439	
595	1.370893	11.259479	
596	0.061994	11.778446	
597	-1.203209	12.299383	
598	-2.423387	12.806142	
599	-3.594061	13.285799	
600	-4.708004	13.731201	
601	-5.756425	14.135451	
602	-6.730815	14.488547	
603	-7.622880	14.777727	
604	-8.423096	14.988061	
605	-9.121426	15.106914	
606	-9.709454	15.131093	
607	-10.180846	15.067341	
608	-10.531247	14.927349	
609	-10.758315	14.724910	
610	-10.861170	14.474736	
611	-10.840679	14.191584	
612	-10.700850	13.890984	
613	-10.449891	13.589717	
614	-10.099951	13.304469	
615	-9.665564	13.050687	
616	-9.162226	12.842470	
617	-8.606132	12.692112	
618	-8.014913	12.609870	
619	-7.408160	12.604248	
620	-6.806755	12.679522	
621	-6.231652	12.830882	
622	-5.702632	13.043120	
623	-5.236992	13.293289	
624	-4.848044	13.553099	
625	-4.542849	13.792115	
626	-4.320047	13.982824	
627	-4.170591	14.104037	
628	-4.080971	14.142090	
629	-4.035151	14.092035	
630	-4.014337	13.958245	
631	-3.996323	13.753044	
632	-3.955265	13.493799	
633	-3.863730	13.200044	
634	-3.698233	12.891723	
635	-3.443912	12.588989	
636	-3.093815	12.313176	
637	-2.646444	12.085709	
638	-2.106362	11.922810	
639	-1.485904	11.830784	
640	-0.804760	11.805671	
641	-0.087371	11.833859	
642	0.640959	11.891427	
643	1.357669	11.946202	
644	2.043760	11.966528	
645	2.681422	11.931959	
646	3.252472	11.836313	
647	3.740469	11.682511	
648	4.133503	11.476317	
649	4.425059	11.223590	
650	4.614078	10.931393	
651	4.704708	10.609090	
652	4.705015	10.266893	
653	4.624903	9.915330	
654	4.474658	9.566950	
655	4.264862	9.236399	
656	4.007197	8.938057	
657	3.715662	8.683919	
658	3.406668	8.481382	
659	3.096727	8.330373	
660	2.799794	8.223685	
661	2.526235	8.151808	
662	2.282517	8.107483	
663	2.070840	8.087190	
664	1.890005	8.090899	
665	1.737643	8.120274	
666	1.610957	8.175146	
667	1.505308	8.250634	
668	1.413846	8.336671	
669	1.329092	8.419450	
670	1.244619	8.484254	
671	1.156320	8.517719	
672	1.063130	8.508329	
673	0.966615	8.447557	
674	0.869704	8.331276	
675	0.775244	8.158868	
676	0.685109	7.931738	
677	0.600511	7.652672	
678	0.522679	7.325856	
679	0.452197	6.959516	
680	0.387402	6.570976	
681	0.323328	6.189486	
682	0.252156	5.851717	
683	0.165040	5.591911	
684	0.054403	5.432960	
685	-0.082644	5.376035	
686	-0.241402	5.395244	
687	-0.410294	5.449135	
688	-0.574054	5.496605	
689	-0.719387	5.507514	
690	-0.842642	5.472758	
691	-0.953825	5.411617	
692	-1.072263	5.367682	
693	-1.216214	5.387006	
694	-1.394474	5.489442	
695	-1.604452	5.656672	
696	-1.835159	5.843709	
697	-2.073462	6.002411	
698	-2.309846	6.100543	
699	-2.538765	6.125399	
700	-2.755298	6.077227	
701	-2.953902	5.963211	
702	-3.130025	5.794030	
703	-3.281723	5.581025	
704	-3.410489	5.334564	
705	-3.520438	5.063922	
706	-3.615829	4.776629	
707	-3.699903	4.476943	
708	-3.775553	4.166494	
709	-3.845543	3.847536	
710	-3.912628	3.525028	
711	-3.980965	3.206402	
712	-4.056748	2.900353	
713	-4.145925	2.615096	
714	-4.251392	2.356946	
715	-4.372321	2.129445	
716	-4.504818	1.932741	
717	-4.642578	1.764248	
718	-4.778054	1.620039	
719	-4.905492	1.495302	
720	-5.024423	1.384664	
721	-5.140034	1.283998	
722	-5.259755	1.192959	
723	-5.388930	1.115638	
724	-5.528865	1.058225	
725	-5.677947	1.025639	
726	-5.833455	1.018845	
727	-5.992565	1.033441	
728	-6.153209	1.060353	
729	-6.314661	1.088039	
730	-6.477076	1.104794	
731	-6.640365	1.100473	
732	-6.803434	1.066682	
733	-6.964324	0.995495	
734	-7.121472	0.879348	
735	-7.274917	0.714680	
736	-7.425364	0.507771	
737	-7.572406	0.276949	
738	-7.715119	0.048929	
739	-7.854242	-0.146832	
740	-7.992696	-0.282927	
741	-8.133593	-0.338624	
742	-8.277486	-0.304839	
743	-8.420701	-0.187016	
744	-8.555167	-0.002876	
745	-8.669244	0.224523	
746	-8.749859	0.474925	
747	-8.786047	0.734705	
748	-8.771801	0.994003	
749	-8.706798	1.243475	
750	-8.595764	1.477561	
751	-8.447046	1.700430	
752	-8.270936	1.924355	
753	-8.078268	2.160526	
754	-7.878346	2.412229	
755	-7.676209	2.673154	
756	-7.471860	2.927745	
757	-7.261798	3.154531	
758	-7.040111	3.333502	
759	-6.799566	3.453801	
760	-6.534472	3.516607	
761	-6.243145	3.531848	
762	-5.927645	3.511913	
763	-5.591757	3.467894	
764	-5.239098	3.410482	
765	-4.872322	3.351158	
766	-4.493296	3.300974	
767	-4.103613	3.268345	
768	-3.705330	3.257202	
769	-3.301513	3.266719	
770	-2.895872	3.292284	
771	-2.491712	3.326367	
772	-2.091205	3.359088	
773	-1.695273	3.379137	
774	-1.302820	3.376477	
775	-0.909132	3.346068	
776	-0.506112	3.289793	
777	-0.085067	3.214516	
778	0.360908	3.126382	
779	0.836429	3.026314	
780	1.343940	2.911217	
781	1.883893	2.777347	
782	2.455595	2.621134	
783	3.058765	2.438956	
784	3.694762	2.228066	
785	4.366381	1.987626	
786	5.076508	1.719415	
787	5.826877	1.428162	
788	6.616976	1.120504	
789	7.443653	0.803346	
790	8.303249	0.483900	
791	9.194248	0.171105	
792	10.117013	-0.124517	
793	11.072236	-0.392629	
794	12.060611	-0.623295	
795	13.083438	-0.806277	
796	14.142906	-0.932979	
797	15.240936	-1.000822	
798	16.377202	-1.015732	
799	17.548013	-0.989404	
800	18.747229	-0.933824	
801	19.969532	-0.858944	
802	21.213611	-0.774477	
803	22.482221	-0.690211	
804	23.779087	-0.611975	
805	25.104816	-0.538236	
806	26.455445	-0.462200	
807	27.824238	-0.377548	
808	29.202415	-0.283555	
809	30.579077	-0.185978	
810	31.943396	-0.092628	
811	33.286969	-0.008178	
812	34.604522	0.068635	
813	35.893462	0.145943	
814	37.152430	0.236941	
815	38.379933	0.355096	
816	39.574594	0.508027	
817	40.736094	0.692792	
818	41.864046	0.896374	
819	42.956449	1.103098	
820	44.011235	1.302673	
821	45.029112	1.491362	
822	46.014774	1.668376	
823	46.975672	1.831553	
824	47.919042	1.975759	
825	48.850113	2.097568	
826	49.772642	2.200253	
827	50.689315	2.290658	
828	51.600751	2.372400	
829	52.504311	2.444800	
830	53.393621	2.507365	
831	54.258947	2.563360	
832	55.088293	2.619366	
833	55.869183	2.683106	
834	56.591030	2.763142	
835	57.246507	2.870020	
836	57.830315	3.015112	
837	58.337769	3.207424	
838	58.766597	3.452973	
839	59.119332	3.755671	
840	59.401808	4.114002	
841	59.619944	4.516397	
842	59.778879	4.942663	
843	59.882872	5.368905	
844	59.934028	5.770859	
845	59.932304	6.127035	
846	59.877883	6.422639	
847	59.773268	6.652218	
848	59.623272	6.818637	
849	59.433156	6.928452	
850	59.206255	6.987812	
851	58.943354	7.000601	
852	58.644237	6.968062	
853	58.308914	6.890246	
854	57.937524	6.767492	
855	57.530482	6.601291	
856	57.089541	6.396892	
857	56.617655	6.165452	
858	56.115591	5.920414	
859	55.578089	5.669326	
860	54.994714	5.409958	
861	54.354704	5.134644	
862	53.650057	4.836771	
863	52.875698	4.515952	
864	52.030112	4.181060	
865	51.116230	3.847362	
866	50.140453	3.530371	
867	49.110078	3.242412	
868	48.030622	2.991418	
869	46.904646	2.780788	
870	45.732271	2.611935	
871	44.512433	2.488059	
872	43.244105	2.414127	
873	41.926691	2.392889	
874	40.560333	2.422580	
875	39.146942	2.497972	
876	37.689915	2.612530	
877	36.192291	2.760555	
878	34.656448	2.938357	
879	33.085494	3.145342	
880	31.483940	3.386293	
881	29.857154	3.671113	
882	28.210805	4.008720	
883	26.551146	4.400401	
884	24.884687	4.839298	
885	23.216845	5.314141	
886	21.551774	5.812211	
887	19.893061	6.321100	
888	18.243099	6.830306	
889	16.602116	7.332037	
890	14.968838	7.821254	
891	13.341676	8.295732	
892	11.718917	8.755741	
893	10.098680	9.203256	
894	8.479728	9.641303	
895	6.863310	10.072419	
896	5.255021	10.496508	
897	3.664736	10.910530	
898	2.104522	11.309314	
899	0.586227	11.685624	
900	-0.880289	12.030936	
901	-2.287344	12.337367	
902	-3.628199	12.599025	
903	-4.896978	12.812964	
904	-6.089417	12.979018	
905	-7.201518	13.097037	
906	-8.227434	13.164777	
907	-9.159403	13.178673	
908	-9.989224	13.134862	
909	-10.710306	13.029646	
910	-11.319414	12.860734	
911	-11.816443	12.629346	
912	-12.202822	12.342701	
913	-12.480597	12.015515	
914	-12.652202	11.668865	
915	-12.720554	11.327320	
916	-12.689976	11.016356	
917	-12.566725	10.760112	
918	-12.357387	10.578625	
919	-12.067020	10.485067	
920	-11.699349	10.484769	
921	-11.257708	10.576571	
922	-10.745928	10.755379	
923	-10.169618	11.014461	
924	-9.536901	11.345340	
925	-8.857899	11.735931	
926	-8.143291	12.170474	
927	-7.402472	12.631380	
928	-6.642746	13.101267	
929	-5.870884	13.564994	
930	-5.095998	14.010105	
931	-4.331339	14.424404	
932	-3.594854	14.793522	
933	-2.909140	15.101876	
934	-2.299500	15.335451	
935	-1.789817	15.483360	
936	-1.398399	15.539262	
937	-1.134705	15.503745	
938	-0.997211	15.385977	
939	-0.973419	15.204197	
940	-1.041449	14.984561	
941	-1.171499	14.756661	
942	-1.327513	14.547658	
943	-1.470506	14.379229	
944	-1.563511	14.267774	
945	-1.576518	14.225485	
946	-1.489266	14.261303	
947	-1.290950	14.381143	
948	-0.978243	14.586279	
949	-0.554906	14.870048	
950	-0.033469	15.214669	
951	0.566000	15.591229	
952	1.220351	15.963767	
953	1.906220	16.295218	
954	2.602841	16.553141	
955	3.294878	16.712683	
956	3.971198	16.756236	
957	4.622656	16.673769	
958	5.241886	16.465550	
959	5.822642	16.142696	
960	6.358902	15.722522	
961	6.845330	15.223154	
962	7.278010	14.662722	
963	7.653721	14.061853	
964	7.967996	13.445264	
965	8.214676	12.840146	
966	8.388154	12.271581	
967	8.486376	11.758351	
968	8.512807	11.311270	
969	8.475942	10.933334	
970	8.386260	10.621945	
971	8.253648	10.372206	
972	8.087338	10.179227	
973	7.897115	10.039740	
974	7.693752	9.952566	
975	7.488217	9.916982	
976	7.290595	9.931091	
977	7.108972	9.991968	
978	6.948049	10.095958	
979	6.808446	10.237635	
980	6.687271	10.408554	
981	6.579693	10.597439	
982	6.481398	10.791993	
983	6.390762	10.981209	
984	6.308732	11.156921	
985	6.236642	11.313993	
986	6.174498	11.449417	
987	6.121108	11.561347	
988	6.075088	11.648281	
989	6.035657	11.708279	
990	6.002786	11.739005	
991	5.976408	11.738503	
992	5.954961	11.705487	
993	5.934312	11.638735	
994	5.908339	11.536700	
995	5.870573	11.398493	
996	5.814961	11.225778	
997	5.736060	11.024562	
998	5.629960	10.805616	
999	5.495205	10.582590	
1000	5.333145	10.368841	
1001	5.147750	10.174452	
1002	4.944161	10.004197	
1003	4.727118	9.857644	
1004	4.500832	9.731775	
1005	4.268756	9.624229	
1006	4.032739	9.534624	
1007	3.793742	9.463452	
1008	3.554315	9.410278	
1009	3.320983	9.372651	
1010	3.104409	9.346006	
1011	2.916084	9.324890	
1012	2.763184	9.304801	
1013	2.644861	9.282757	
1014	2.552013	9.256519	
1015	2.470750	9.224176	
1016	2.387711	9.184479	
1017	2.294339	9.136845	
1018	2.188165	9.080676	
1019	2.071497	9.014963	
1020	1.949765	8.938868	
1021	1.830465	8.852252	
1022	1.721652	8.755154	
1023	1.629543	8.647304	
1024	1.556531	8.529345	
1025	1.501374	8.404993	
1026	1.461176	8.280818	
1027	1.432832	8.163168	
1028	1.413044	8.055879	
1029	1.398037	7.960194	
1030	1.383986	7.875053	
1031	1.367845	7.797265	
1032	1.347826	7.722487	
1033	1.323452	7.646838	
1034	1.295388	7.568442	
1035	1.264784	7.488770	
1036	1.232596	7.413038	
1037	1.200007	7.348131	
1038	1.169284	7.298531	
1039	1.143389	7.263634	
1040	1.125397	7.238948	
1041	1.119421	7.219385	
1042	1.131226	7.201967	
1043	1.166770	7.187250	
1044	1.230719	7.178174	
1045	1.325934	7.175648	
1046	1.451523	7.174264	
1047	1.599362	7.162277	
1048	1.754408	7.127783	
1049	1.902369	7.068741	
1050	2.038406	6.998437	
1051	2.167885	6.939804	
1052	2.300125	6.913106	
1053	2.442798	6.928207	
1054	2.599245	6.984304	
1055	2.766843	7.071461	
1056	2.938788	7.174293	
1057	3.109211	7.278321	
1058	3.275715	7.372796	
1059	3.438361	7.449287	
1060	3.598105	7.500845	
1061	3.755430	7.523569	
1062	3.909183	7.519504	
1063	4.056462	7.497640	
1064	4.194471	7.469276	
1065	4.322401	7.440442	
1066	4.440550	7.409439	
1067	4.548634	7.370335	
1068	4.645966	7.316720	
1069	4.732404	7.243852	
1070	4.807674	7.150632	
1071	4.869987	7.041108	
1072	4.918864	6.923379	
1073	4.960265	6.806955	
1074	5.004472	6.702157	
1075	5.058133	6.620299	
1076	5.121158	6.571604	
1077	5.190258	6.562180	
1078	5.262901	6.592764	
1079	5.338124	6.659718	
1080	5.415205	6.756920	
1081	5.492697	6.877431	
1082	5.569132	7.014467	
1083	5.644004	7.161667	
1084	5.717437	7.313236	
1085	5.789458	7.464207	
1086	5.859951	7.610429	
1087	5.928797	7.748428	
1088	5.995901	7.875649	
1089	6.061241	7.990995	
1090	6.125232	8.094780	
1091	6.189531	8.187484	
1092	6.257095	8.268603	
1093	6.330676	8.337578	
1094	6.411093	8.396241	
1095	6.496852	8.449118	
1096	6.584968	8.500297	
1097	6.671932	8.550658	
1098	6.754673	8.598558	
1099	6.831980	8.642415	
1100	6.904949	8.682427	
1101	6.975063	8.720661	
1102	7.042327	8.760113	
1103	7.106316	8.803438	
1104	7.168890	8.852025	
1105	7.235177	8.906069	
1106	7.312350	8.965478	
1107	7.408638	9.030484	
1108	7.532439	9.101113	
1109	7.689983	9.175585	
1110	7.884045	9.249164	
1111	8.114747	9.314749	
1112	8.380273	9.363949	
1113	8.677575	9.387037	
1114	9.002617	9.372536	
1115	9.348821	9.308067	
1116	9.706599	9.182700	
1117	10.066111	8.988605	
1118	10.420921	8.720781	
1119	10.769243	8.377879	
1120	11.111848	7.965361	
1121	11.451060	7.497693	
1122	11.794258	6.997379	
1123	12.158991	6.491312	
1124	12.576101	6.007362	
1125	13.083605	5.573482	
1126	13.708110	5.215408	
1127	14.451398	4.949128	
1128	15.297407	4.774982	
1129	16.227406	4.681732	
1130	17.226790	4.655179	
1131	18.282790	4.682267	
1132	19.380056	4.751778	
1133	20.499998	4.855091	
1134	21.625137	4.986528	
1135	22.743719	5.143696	
1136	23.850123	5.328607	
1137	24.943598	5.549389	
1138	26.029106	5.820493	
1139	27.115899	6.153829	
1140	28.210545	6.543761	
1141	29.312430	6.965747	
1142	30.417002	7.391934	
1143	31.520432	7.803855	
1144	32.620468	8.192622	
1145	33.715294	8.553708	
1146	34.803663	8.883399	
1147	35.886354	9.178560	
1148	36.966210	9.438376	
1149	38.046001	9.665528	
1150	39.125344	9.865187	
1151	40.197563	10.044253	
1152	41.249140	10.212459	
1153	42.264629	10.381542	
1154	43.233437	10.561439	
1155	44.151709	10.758032	
1156	45.020321	10.972676	
1157	45.845912	11.200444	
1158	46.644034	11.428353	
1159	47.436024	11.635021	
1160	48.239976	11.792602	
1161	49.065091	11.874328	
1162	49.911175	11.864630	
1163	50.768642	11.764104	
1164	51.620225	11.588727	
1165	52.447581	11.364018	
1166	53.237418	11.114961	
1167	53.979452	10.859078	
1168	54.662531	10.605761	
1169	55.279926	10.357518	
1170	55.836149	10.110077	
1171	56.341941	9.853961	
1172	56.803290	9.581973	
1173	57.218357	9.296609	
1174	57.581829	9.009575	
1175	57.886957	8.736969	
1176	58.124985	8.493071	
1177	58.287497	8.283854	
1178	58.370661	8.106275	
1179	58.375745	7.954908	
1180	58.304546	7.828024	
1181	58.157228	7.726911	
1182	57.936189	7.651986	
1183	57.648155	7.599638	
1184	57.301996	7.560171	
1185	56.908713	7.519013	
1186	56.483858	7.460342	
1187	56.046184	7.370027	
1188	55.611734	7.238498	
1189	55.188565	7.063028	
1190	54.773651	6.846882	
1191	54.349770	6.596799	
1192	53.885110	6.321603	
1193	53.341307	6.029209	
1194	52.688109	5.720572	
1195	51.914329	5.389694	
1196	51.029252	5.034742	
1197	50.057608	4.668044	
1198	49.029230	4.313689	
1199	47.966450	3.997667	
1200	46.879693	3.739439	
1201	45.772755	3.547348	
1202	44.648686	3.418517	
1203	43.512991	3.343593	
1204	42.375200	3.313346	
1205	41.248844	3.323533	
1206	40.151256	3.376680	
1207	39.101399	3.480751	
1208	38.112626	3.645449	
1209	37.184849	3.876963	
1210	36.302197	4.172949	
1211	35.438660	4.522672	
1212	34.568419	4.913915	
1213	33.671693	5.337644	
1214	32.735255	5.784938	
1215	31.753019	6.243877	
1216	30.725562	6.702102	
1217	29.658049	7.152351	
1218	28.558096	7.596777	
1219	27.432808	8.046776	
1220	26.286619	8.518235	
1221	25.122260	9.025364	
1222	23.942674	9.575333	
1223	22.751574	10.165178	
1224	21.552913	10.783439	
1225	20.349712	11.416816	
1226	19.143423	12.056394	
1227	17.934648	12.697607	
1228	16.724248	13.336425	
1229	15.514073	13.968247	
1230	14.307211	14.589961	
1231	13.108468	15.200430	
1232	11.925531	15.797868	
1233	10.768880	16.377338	
1234	9.649822	16.930356	
1235	8.579203	17.445538	
1236	7.567343	17.911057	
1237	6.622746	18.320299	
1238	5.748852	18.676258	
1239	4.942148	18.990156	
1240	4.194349	19.276750	
1241	3.496240	19.550232	
1242	2.839310	19.821610	
1243	2.214902	20.096263	
1244	1.614339	20.374030	
1245	1.031953	20.656069	
1246	0.466193	20.950554	
1247	-0.083803	21.269112	
1248	-0.619995	21.620939	
1249	-1.143432	22.009501	
1250	-1.652673	22.429755	
1251	-2.143624	22.868008	
1252	-2.609527	23.306350	
1253	-3.041115	23.726266	
1254	-3.428247	24.104480	
1255	-3.763087	24.407946	
1256	-4.041965	24.602039	
1257	-4.264748	24.665356	
1258	-4.433571	24.593091	
1259	-4.552252	24.389489	
1260	-4.626852	24.062245	
1261	-4.666917	23.622404	
1262	-4.686151	23.084370	
1263	-4.702011	22.463673	
1264	-4.734724	21.774874	
1265	-4.806201	21.030947	
1266	-4.938516	20.243887	
1267	-5.151355	19.426119	
1268	-5.457757	18.591433	
1269	-5.858205	17.753736	
1270	-6.333397	16.924998	
1271	-6.838521	16.115871	
1272	-7.310228	15.337237	
1273	-7.690357	14.597971	
1274	-7.946224	13.901014	
1275	-8.071222	13.242908	
1276	-8.075002	12.616145	
1277	-7.975239	12.011526	
1278	-7.792442	11.419834	
1279	-7.546653	10.832884	
1280	-7.255573	10.244035	
1281	-6.933648	9.648317	
1282	-6.591834	9.042299	
1283	-6.237788	8.423845	
1284	-5.876329	7.791805	
1285	-5.510003	7.145741	
1286	-5.139676	6.485680	
1287	-4.765077	5.811927	
1288	-4.385251	5.124937	
1289	-3.998915	4.425222	
1290	-3.604711	3.713305	
1291	-3.201382	2.989699	
1292	-2.787864	2.254899	
1293	-2.363335	1.509395	
1294	-1.927231	0.753687	
1295	-1.479227	-0.011697	
1296	-1.019229	-0.786177	
1297	-0.547341	-1.569102	
1298	-0.063849	-2.359725	
1299	0.430789	-3.157184	
1300	0.935959	-3.960475	
1301	1.450883	-4.768430	
1302	1.974616	-5.579691	
1303	2.506036	-6.392675	
1304	3.043818	-7.205545	
1305	3.586421	-8.016163	
1306	4.132058	-8.822043	
1307	4.678667	-9.620291	
1308	5.223884	-10.407534	
1309	5.765007	-11.179831	
1310	6.298961	-11.932562	
1311	6.822265	-12.660297	
1312	7.330994	-13.356624	
1313	7.820742	-14.013941	
1314	8.286594	-14.623189	
1315	8.723110	-15.173514	
1316	9.124325	-15.651853	
1317	9.483798	-16.042395	
1318	9.794737	-16.325936	
1319	10.050248	-16.479096	
1320	10.243808	-16.473446	
1321	10.370077	-16.274671	
1322	10.426251	-15.842079	
1323	10.414199	-15.129178	
1324	10.343663	-14.086575	
1325	10.236659	-12.669080	
1326	10.132868	-10.848464	
1327	10.094933	-8.630153	
1328	10.211595	-6.065796	
1329	10.596667	-3.250136	
1330	11.384959	-0.299473	
1331	12.731687	2.675150	
1332	14.824427	5.584279	
1333	17.914357	8.362608	
1334	22.372599	10.964405	
1335	28.779753	13.358325	
1336	38.038129	15.524248	
1337	51.351698	17.451978	
1338	69.437923	19.140735	
1339	90.417154	20.598603	
1340	109.719266	21.841570	
1341	124.480343	22.892135	
1342	134.926509	23.777610	
1343	142.253169	24.528164	
1344	147.448615	25.174557	
1345	151.154519	25.745390	
1346	153.774149	26.263566	
1347	155.580710	26.741875	
1348	156.790192	27.179757	
1349	157.593805	27.565373	
1350	158.159985	27.883060	
1351	158.630827	28.120646	
1352	159.124442	28.272900	
1353	159.745041	28.340744	
1354	160.620766	28.325345	
1355	161.920524	28.224703	
1356	NaN	NaN	
1357	NaN	NaN	
1358	NaN	NaN	
1359	NaN	NaN	
1360	NaN	NaN	
1361	NaN	NaN	
1362	NaN	NaN	
1363	NaN	NaN	
1364	NaN	NaN	
1365	NaN	NaN	
1366	NaN	NaN	
1367	NaN	NaN	
1368	NaN	NaN	
1369	NaN	NaN	
1370	NaN	NaN	
1371	NaN	NaN	
1372	NaN	NaN	
1373	NaN	NaN	
1374	NaN	NaN	
1375	NaN	NaN	
1376	NaN	NaN	
1377	NaN	NaN	
1378	NaN	NaN	
1379	NaN	NaN	
1380	NaN	NaN	
1381	NaN	NaN	
1382	NaN	NaN	
1383	NaN	NaN	
1384	NaN	NaN	
1385	NaN	NaN	
1386	NaN	NaN	
1387	NaN	NaN	
1388	NaN	NaN	
1389	NaN	NaN	
1390	NaN	NaN	
1391	NaN	NaN	
1392	NaN	NaN	
1393	NaN	NaN	
1394	NaN	NaN	
1395	NaN	NaN	
