Athlete_Engineering	// User ID
11-2-2021	// Evaluation date
P016_Walk3	30-1-2021	14:35:22:256	// Source file name and timestamp
250.000	// Sampling rate
5.349	// Data capture period



Sample #	Right_Leg_Flexion	Right_Leg_Abduction	
0	-9.314973	10.492464	
1	-9.327950	10.493510	
2	-9.343358	10.493565	
3	-9.359299	10.491779	
4	-9.374145	10.487265	
5	-9.386666	10.479256	
6	-9.395856	10.467172	
7	-9.401073	10.450957	
8	-9.402669	10.431309	
9	-9.402335	10.409296	
10	-9.402114	10.385830	
11	-9.403045	10.361475	
12	-9.405328	10.336425	
13	-9.409474	10.310523	
14	-9.416457	10.283509	
15	-9.426735	10.255371	
16	-9.439542	10.226359	
17	-9.453172	10.196563	
18	-9.465946	10.165648	
19	-9.476826	10.133353	
20	-9.485377	10.100484	
21	-9.491653	10.069256	
22	-9.496008	10.042644	
23	-9.498782	10.023293	
24	-9.500358	10.012505	
25	-9.501456	10.009829	
26	-9.502816	10.013662	
27	-9.504373	10.022586	
28	-9.504966	10.036180	
29	-9.502998	10.054734	
30	-9.497050	10.078466	
31	-9.485819	10.106623	
32	-9.468401	10.136860	
33	-9.445336	10.165558	
34	-9.418854	10.189011	
35	-9.391695	10.205039	
36	-9.366022	10.214052	
37	-9.343522	10.218569	
38	-9.325858	10.221600	
39	-9.239507	9.634312	
40	-9.254902	9.676166	
41	-9.275171	9.711937	
42	-9.299741	9.738904	
43	-9.327258	9.755345	
44	-9.355876	9.761595	
45	-9.383905	9.759702	
46	-9.410269	9.752689	
47	-9.434423	9.743983	
48	-9.455867	9.736937	
49	-9.473801	9.734479	
50	-9.487275	9.738682	
51	-9.495734	9.750378	
52	-9.499477	9.769301	
53	-9.499408	9.794900	
54	-9.496033	9.827362	
55	-9.488964	9.868208	
56	-9.478001	9.919947	
57	-9.464650	9.984760	
58	-9.451994	10.063238	
59	-9.443104	10.153976	
60	-9.440061	10.254115	
61	-9.443915	10.359862	
62	-9.454448	10.465597	
63	-9.469901	10.563027	
64	-9.487171	10.642830	
65	-9.502276	10.697556	
66	-9.511177	10.723008	
67	-9.510994	10.717930	
68	-9.500276	10.683383	
69	-9.477735	10.622058	
70	-9.441741	10.536978	
71	-9.391316	10.429442	
72	-9.326228	10.297560	
73	-9.246124	10.137242	
74	-9.150610	9.944718	
75	-9.040750	9.719083	
76	-8.921144	9.465605	
77	-8.800699	9.198562	
78	-8.690267	8.939311	
79	-8.598367	8.708630	
80	-8.528900	8.519594	
81	-8.481806	8.376328	
82	-8.454170	8.276245	
83	-8.440911	8.212328	
84	-8.435771	8.175454	
85	-8.432767	8.156821	
86	-8.427829	8.149729	
87	-8.419441	8.150009	
88	-8.407411	8.155344	
89	-8.391398	8.164692	
90	-8.370939	8.177376	
91	-8.346263	8.191430	
92	-8.318746	8.203530	
93	-8.290967	8.211446	
94	-8.266329	8.216111	
95	-8.247942	8.220811	
96	-8.237746	8.229115	
97	-8.236827	8.244259	
98	-8.245425	8.269179	
99	-8.261537	8.305358	
100	-8.280034	8.351634	
101	-8.294309	8.404703	
102	-8.299363	8.460867	
103	-8.293744	8.517893	
104	-8.279441	8.575824	
105	-8.260407	8.635978	
106	-8.240597	8.699204	
107	-8.222731	8.764551	
108	-8.208233	8.828955	
109	-8.197434	8.888612	
110	-8.189527	8.940993	
111	-8.182366	8.985467	
112	-8.172431	9.022576	
113	-8.155427	9.053543	
114	-8.127300	9.080716	
115	-8.084667	9.107684	
116	-8.024686	9.138119	
117	-7.945408	9.174614	
118	-7.846750	9.218533	
119	-7.731211	9.270612	
120	-7.603812	9.331512	
121	-7.471263	9.401742	
122	-7.340217	9.481216	
123	-7.214835	9.569097	
124	-7.095223	9.664269	
125	-6.977815	9.765876	
126	-6.857208	9.873275	
127	-6.728500	9.985842	
128	-6.588922	10.102761	
129	-6.437936	10.222395	
130	-6.276550	10.342177	
131	-6.106720	10.459726	
132	-5.930374	10.573828	
133	-5.748187	10.684508	
134	-5.559389	10.792535	
135	-5.361934	10.897738	
136	-5.152302	10.997369	
137	-4.926381	11.087662	
138	-4.680839	11.167446	
139	-4.412992	11.239544	
140	-4.120865	11.308880	
141	-3.805255	11.380015	
142	-3.470575	11.456042	
143	-3.122225	11.538312	
144	-2.764486	11.626870	
145	-2.401088	11.721928	
146	-2.034599	11.824754	
147	-1.664213	11.936627	
148	-1.285779	12.057031	
149	-0.893689	12.182093	
150	-0.482185	12.303961	
151	-0.046200	12.412133	
152	0.418424	12.495391	
153	0.915763	12.542961	
154	1.450740	12.546366	
155	2.028207	12.502528	
156	2.649886	12.415357	
157	3.312331	12.293508	
158	4.008204	12.146096	
159	4.729124	11.980230	
160	5.468181	11.801128	
161	6.221818	11.612810	
162	6.990105	11.417983	
163	7.774601	11.217258	
164	8.575908	11.009371	
165	9.393553	10.792281	
166	10.227084	10.564012	
167	11.075655	10.324356	
168	11.936557	10.076381	
169	12.805443	9.825082	
170	13.678636	9.574751	
171	14.554948	9.327878	
172	15.435359	9.085651	
173	16.321538	8.848626	
174	17.214772	8.616877	
175	18.115674	8.390059	
176	19.024336	8.167552	
177	19.940847	7.948292	
178	20.865991	7.730477	
179	21.801508	7.511785	
180	22.749338	7.290704	
181	23.709868	7.068485	
182	24.680282	6.850039	
183	25.654600	6.642407	
184	26.625975	6.451530	
185	27.589401	6.280322	
186	28.541937	6.129809	
187	29.480759	6.001279	
188	30.402965	5.896857	
189	31.308209	5.818616	
190	32.200152	5.767737	
191	33.084243	5.744051	
192	33.964405	5.745364	
193	34.841687	5.766348	
194	35.715025	5.797897	
195	36.582366	5.828777	
196	37.441295	5.848710	
197	38.289295	5.849841	
198	39.123875	5.827286	
199	39.943151	5.780101	
200	40.746312	5.710462	
201	41.532453	5.620698	
202	42.299024	5.510985	
203	43.042171	5.379402	
204	43.758034	5.223754	
205	44.443563	5.043187	
206	45.096977	4.838218	
207	45.717653	4.609813	
208	46.304867	4.359424	
209	46.856008	4.090765	
210	47.366161	3.811124	
211	47.829490	3.530126	
212	48.240662	3.257789	
213	48.595405	3.004353	
214	48.890469	2.780403	
215	49.122980	2.595137	
216	49.289784	2.454119	
217	49.387912	2.358963	
218	49.416933	2.308430	
219	49.381942	2.298474	
220	49.293198	2.321238	
221	49.161355	2.365130	
222	48.993362	2.415763	
223	48.792698	2.456578	
224	48.560788	2.470056	
225	48.296004	2.440417	
226	47.992207	2.357455	
227	47.640982	2.219859	
228	47.237766	2.034716	
229	46.787151	1.813445	
230	46.302299	1.569116	
231	45.798192	1.315755	
232	45.284045	1.067123	
233	44.760100	0.836122	
234	44.219059	0.635266	
235	43.649527	0.476556	
236	43.039115	0.370122	
237	42.376774	0.321526	
238	41.655427	0.329043	
239	40.874284	0.383827	
240	40.039749	0.473047	
241	39.164955	0.583538	
242	38.267500	0.704528	
243	37.365060	0.827729	
244	36.469884	0.945224	
245	35.585011	1.050231	
246	34.704586	1.142237	
247	33.817033	1.230440	
248	32.909522	1.330504	
249	31.973259	1.456689	
250	31.006508	1.615409	
251	30.012579	1.805304	
252	28.995338	2.022999	
253	27.957183	2.267632	
254	26.900108	2.540506	
255	25.825837	2.842727	
256	24.733901	3.172454	
257	23.620441	3.522721	
258	22.478733	3.883130	
259	21.300977	4.245203	
260	20.081218	4.607027	
261	18.817561	4.974326	
262	17.512030	5.358051	
263	16.170057	5.770800	
264	14.800871	6.223156	
265	13.416026	6.719600	
266	12.026499	7.256459	
267	10.642434	7.823628	
268	9.274788	8.408284	
269	7.935658	8.998557	
270	6.638072	9.585379	
271	5.395416	10.162531	
272	4.219070	10.726623	
273	3.116122	11.275496	
274	2.088983	11.803686	
275	1.136420	12.299814	
276	0.256082	12.749551	
277	-0.553528	13.140558	
278	-1.294344	13.465330	
279	-1.969981	13.721060	
280	-2.583725	13.907774	
281	-3.137183	14.026983	
282	-3.631648	14.081439	
283	-4.068628	14.075037	
284	-4.448415	14.012862	
285	-4.769373	13.901692	
286	-5.028904	13.749655	
287	-5.224784	13.565198	
288	-5.355780	13.357614	
289	-5.421365	13.137699	
290	-5.421695	12.915578	
291	-5.358373	12.697715	
292	-5.234303	12.487731	
293	-5.052993	12.290849	
294	-4.819523	12.116764	
295	-4.542420	11.978067	
296	-4.234695	11.886182	
297	-3.913311	11.848729	
298	-3.596781	11.870113	
299	-3.302414	11.951741	
300	-3.044706	12.089363	
301	-2.834549	12.271990	
302	-2.678439	12.484405	
303	-2.577508	12.708992	
304	-2.526874	12.925844	
305	-2.515817	13.115253	
306	-2.528841	13.262589	
307	-2.547089	13.360664	
308	-2.550291	13.409127	
309	-2.519664	13.414486	
310	-2.440245	13.390425	
311	-2.301346	13.355070	
312	-2.094927	13.325177	
313	-1.812742	13.311557	
314	-1.445369	13.318277	
315	-0.984554	13.343901	
316	-0.426241	13.383740	
317	0.227049	13.430728	
318	0.963807	13.473237	
319	1.762985	13.496004	
320	2.597159	13.485280	
321	3.436874	13.431420	
322	4.253972	13.329641	
323	5.024847	13.181724	
324	5.733593	12.996430	
325	6.372954	12.787622	
326	6.941390	12.571761	
327	7.437820	12.366869	
328	7.858893	12.190432	
329	8.200677	12.054300	
330	8.461769	11.961541	
331	8.645067	11.907162	
332	8.757997	11.879704	
333	8.810596	11.863345	
334	8.811602	11.841247	
335	8.767339	11.799419	
336	8.684713	11.729405	
337	8.571855	11.628649	
338	8.435566	11.499023	
339	8.280452	11.344994	
340	8.109247	11.172920	
341	7.922868	10.991395	
342	7.722459	10.810616	
343	7.512853	10.639837	
344	7.302830	10.484348	
345	7.100875	10.344129	
346	6.911640	10.215804	
347	6.736745	10.096924	
348	6.576676	9.988949	
349	6.431912	9.897473	
350	6.304050	9.830902	
351	6.194816	9.797407	
352	6.103048	9.799493	
353	6.022824	9.829559	
354	5.944003	9.871073	
355	5.855653	9.904588	
356	5.750162	9.914580	
357	5.624996	9.893985	
358	5.482560	9.843812	
359	5.328009	9.767822	
360	5.165423	9.666980	
361	4.996468	9.538389	
362	4.822406	9.378421	
363	4.645464	9.186210	
364	4.468152	8.964775	
365	4.292810	8.720031	
366	4.122272	8.459013	
367	3.960540	8.187720	
368	3.811733	7.909818	
369	3.676963	7.627666	
370	3.552828	7.345039	
371	3.434050	7.069345	
372	3.316996	6.811529	
373	3.200754	6.583260	
374	3.084932	6.392062	
375	2.966047	6.238247	
376	2.837651	6.116605	
377	2.694773	6.019198	
378	2.537317	5.936821	
379	2.369529	5.860950	
380	2.196735	5.785934	
381	2.022312	5.709992	
382	1.847037	5.634112	
383	1.669787	5.558939	
384	1.488017	5.483400	
385	1.298262	5.407038	
386	1.097124	5.331535	
387	0.882193	5.259480	
388	0.652464	5.193514	
389	0.408422	5.135932	
390	0.151889	5.087659	
391	-0.113748	5.048591	
392	-0.382631	5.019106	
393	-0.646280	4.999822	
394	-0.895673	4.989674	
395	-1.124647	4.985493	
396	-1.331849	4.983694	
397	-1.520143	4.980572	
398	-1.694092	4.971326	
399	-1.856488	4.951658	
400	-2.005732	4.920452	
401	-2.134695	4.879661	
402	-2.232141	4.832416	
403	-2.287821	4.781245	
404	-2.296937	4.726686	
405	-2.260568	4.666919	
406	-2.185217	4.598281	
407	-2.082459	4.516637	
408	-1.967231	4.419097	
409	-1.856370	4.303541	
410	-1.768374	4.166008	
411	-1.722615	3.999981	
412	-1.736274	3.799617	
413	-1.819967	3.563844	
414	-1.974246	3.297842	
415	-2.187407	3.012295	
416	-2.436229	2.721452	
417	-2.692422	2.439242	
418	-2.931369	2.175297	
419	-3.135486	1.935540	
420	-3.292655	1.725590	
421	-3.397165	1.549933	
422	-3.452453	1.407689	
423	-3.468858	1.293246	
424	-3.458564	1.201628	
425	-3.433319	1.130678	
426	-3.403416	1.079877	
427	-3.375349	1.051216	
428	-3.350168	1.050960	
429	-3.326153	1.085823	
430	-3.304934	1.153695	
431	-3.293024	1.240923	
432	-3.295192	1.333054	
433	-3.308050	1.426418	
434	-3.320394	1.527107	
435	-3.318125	1.642053	
436	-3.290289	1.773002	
437	-3.233109	1.915888	
438	-3.149073	2.063662	
439	-3.041789	2.211015	
440	-2.912126	2.356856	
441	-2.759746	2.501332	
442	-2.585926	2.641978	
443	-2.393463	2.774082	
444	-2.186161	2.893551	
445	-1.968660	2.998476	
446	-1.744893	3.087802	
447	-1.517476	3.159818	
448	-1.288735	3.214377	
449	-1.060349	3.255628	
450	-0.831699	3.290496	
451	-0.599922	3.326741	
452	-0.361710	3.373328	
453	-0.113977	3.438289	
454	0.145946	3.524131	
455	0.418667	3.626871	
456	0.701642	3.739104	
457	0.989896	3.852501	
458	1.277876	3.958580	
459	1.561940	4.050368	
460	1.841763	4.124098	
461	2.119899	4.178368	
462	2.400825	4.212302	
463	2.690153	4.224241	
464	2.994655	4.211058	
465	3.323246	4.169224	
466	3.687007	4.097319	
467	4.096009	3.997591	
468	4.554189	3.874980	
469	5.057704	3.736139	
470	5.598243	3.590410	
471	6.166247	3.449564	
472	6.751552	3.324414	
473	7.343072	3.220398	
474	7.930043	3.135234	
475	8.505092	3.061182	
476	9.065294	2.989797	
477	9.610563	2.913877	
478	10.143551	2.826822	
479	10.672027	2.723656	
480	11.210948	2.603248	
481	11.781102	2.469233	
482	12.402737	2.329196	
483	13.089039	2.192159	
484	13.845609	2.065987	
485	14.671687	1.956592	
486	15.559405	1.867593	
487	16.496544	1.798935	
488	17.472404	1.747109	
489	18.480397	1.709817	
490	19.516716	1.691761	
491	20.578400	1.704570	
492	21.662315	1.759559	
493	22.764680	1.860783	
494	23.882979	2.004415	
495	25.020104	2.181827	
496	26.185910	2.382903	
497	27.394962	2.599749	
498	28.661359	2.829328	
499	29.991535	3.072133	
500	31.380223	3.328050	
501	32.810631	3.592460	
502	34.256385	3.854884	
503	35.688184	4.103278	
504	37.082627	4.330613	
505	38.425269	4.535997	
506	39.709675	4.721747	
507	40.936319	4.892115	
508	42.110123	5.053476	
509	43.237804	5.212766	
510	44.326107	5.374434	
511	45.379926	5.538584	
512	46.401470	5.701261	
513	47.391056	5.856624	
514	48.347925	5.999448	
515	49.270535	6.125175	
516	50.157258	6.227907	
517	51.007897	6.300708	
518	51.825140	6.338697	
519	52.614415	6.339738	
520	53.381197	6.302064	
521	54.127086	6.223741	
522	54.848517	6.104788	
523	55.539931	5.948243	
524	56.197595	5.759901	
525	56.820361	5.549592	
526	57.408296	5.331380	
527	57.961146	5.119780	
528	58.477424	4.926025	
529	58.955578	4.756608	
530	59.395946	4.613525	
531	59.799051	4.497141	
532	60.160948	4.408654	
533	60.471052	4.348446	
534	60.713879	4.312904	
535	60.873436	4.293704	
536	60.940645	4.280673	
537	60.919546	4.266586	
538	60.824495	4.248998	
539	60.671336	4.227250	
540	60.471606	4.199966	
541	60.231243	4.166824	
542	59.952183	4.130981	
543	59.635511	4.097962	
544	59.283227	4.071328	
545	58.897912	4.048295	
546	58.482692	4.019872	
547	58.041248	3.977010	
548	57.576320	3.916554	
549	57.088237	3.841403	
550	56.573021	3.756847	
551	56.018878	3.666275	
552	55.406575	3.568151	
553	54.716874	3.457506	
554	53.936688	3.331047	
555	53.058383	3.188983	
556	52.078039	3.031784	
557	50.996588	2.859025	
558	49.821742	2.672846	
559	48.568129	2.479668	
560	47.253779	2.289289	
561	45.894922	2.115771	
562	44.502831	1.976154	
563	43.083411	1.884015	
564	41.639062	1.845325	
565	40.171270	1.859393	
566	38.681622	1.921301	
567	37.172604	2.026123	
568	35.649874	2.173315	
569	34.122016	2.367522	
570	32.596173	2.615928	
571	31.075358	2.923531	
572	29.559439	3.288153	
573	28.046001	3.697723	
574	26.529980	4.132255	
575	25.004710	4.570443	
576	23.465271	4.995540	
577	21.911160	5.397808	
578	20.345800	5.775377	
579	18.773552	6.132716	
580	17.197703	6.478345	
581	15.621649	6.824181	
582	14.050488	7.181650	
583	12.489335	7.552870	
584	10.940055	7.925943	
585	9.401798	8.281259	
586	7.874077	8.601997	
587	6.357056	8.879032	
588	4.850454	9.109921	
589	3.354432	9.295205	
590	1.872759	9.437000	
591	0.416602	9.542843	
592	-0.994522	9.628872	
593	-2.335188	9.718835	
594	-3.580460	9.838216	
595	-4.716164	10.000722	
596	-5.743373	10.198684	
597	-6.671373	10.409276	
598	-7.508307	10.606906	
599	-8.258035	10.770198	
600	-8.922031	10.882238	
601	-9.501729	10.928656	
602	-9.999712	10.897848	
603	-10.421583	10.778930	
604	-10.777335	10.558454	
605	-11.076967	10.228495	
606	-11.321350	9.802116	
607	-11.499136	9.315365	
608	-11.594092	8.813637	
609	-11.593474	8.339372	
610	-11.490329	7.927694	
611	-11.282452	7.604969	
612	-10.971491	7.388482	
613	-10.561919	7.286988	
614	-10.060461	7.300466	
615	-9.477657	7.419547	
616	-8.828840	7.627067	
617	-8.132535	7.903859	
618	-7.409590	8.235490	
619	-6.683376	8.613344	
620	-5.978618	9.030615	
621	-5.319598	9.477766	
622	-4.727943	9.939416	
623	-4.220503	10.393786	
624	-3.809278	10.816462	
625	-3.501263	11.189035	
626	-3.295321	11.506407	
627	-3.178059	11.776028	
628	-3.123603	12.010932	
629	-3.099779	12.223004	
630	-3.075589	12.421076	
631	-3.023666	12.612364	
632	-2.919374	12.803659	
633	-2.740895	13.001231	
634	-2.470680	13.208692	
635	-2.097700	13.424365	
636	-1.620128	13.640602	
637	-1.045447	13.844547	
638	-0.386798	14.019861	
639	0.340216	14.149828	
640	1.117535	14.220490	
641	1.924369	14.222200	
642	2.739777	14.150507	
643	3.545028	14.007085	
644	4.322200	13.799838	
645	5.052996	13.541328	
646	5.720720	13.245571	
647	6.312052	12.924639	
648	6.817441	12.586289	
649	7.232310	12.233699	
650	7.558829	11.867714	
651	7.805329	11.488925	
652	7.982731	11.098199	
653	8.101476	10.697542	
654	8.171005	10.291768	
655	8.199539	9.889482	
656	8.193183	9.502411	
657	8.156395	9.143618	
658	8.093907	8.825800	
659	8.011329	8.560513	
660	7.913458	8.358884	
661	7.802550	8.232758	
662	7.679195	8.193365	
663	7.545297	8.246440	
664	7.405922	8.386280	
665	7.268738	8.593195	
666	7.141956	8.838062	
667	7.031397	9.091795	
668	6.938795	9.331131	
669	6.863302	9.537597	
670	6.803977	9.696852	
671	6.760229	9.801600	
672	6.730613	9.851990	
673	6.712045	9.851527	
674	6.700199	9.803851	
675	6.690691	9.712724	
676	6.680476	9.583117	
677	6.668250	9.422322	
678	6.653754	9.240381	
679	6.637152	9.049363	
680	6.618085	8.862221	
681	6.594105	8.690975	
682	6.559732	8.544191	
683	6.507048	8.425814	
684	6.427989	8.336510	
685	6.317760	8.275462	
686	6.177794	8.240503	
687	6.016272	8.227492	
688	5.844725	8.229546	
689	5.672379	8.236318	
690	5.502488	8.236767	
691	5.332786	8.224632	
692	5.159453	8.198899	
693	4.981777	8.159911	
694	4.803266	8.109743	
695	4.629271	8.055026	
696	4.464469	8.005432	
697	4.311386	7.969877	
698	4.170689	7.953613	
699	4.043239	7.956215	
700	3.930485	7.971552	
701	3.832198	7.989937	
702	3.745045	8.000408	
703	3.662903	7.991584	
704	3.577849	7.952647	
705	3.483020	7.877276	
706	3.376054	7.767528	
707	3.259391	7.632059	
708	3.138314	7.481374	
709	3.019058	7.325632	
710	2.906463	7.173849	
711	2.801960	7.032713	
712	2.703430	6.906366	
713	2.606065	6.796346	
714	2.503574	6.701099	
715	2.390183	6.617471	
716	2.262860	6.543563	
717	2.122124	6.479862	
718	1.971155	6.428868	
719	1.814835	6.395043	
720	1.659296	6.384816	
721	1.511107	6.405572	
722	1.375621	6.463235	
723	1.254974	6.559243	
724	1.147513	6.688863	
725	1.049164	6.841378	
726	0.954668	7.001882	
727	0.858416	7.155110	
728	0.755824	7.289745	
729	0.644089	7.400138	
730	0.522218	7.484553	
731	0.391141	7.542126	
732	0.253136	7.571913	
733	0.110944	7.573877	
734	-0.032198	7.549166	
735	-0.172093	7.499935	
736	-0.304055	7.430351	
737	-0.424317	7.348036	
738	-0.531009	7.263882	
739	-0.624549	7.189729	
740	-0.708256	7.135608	
741	-0.787858	7.109035	
742	-0.868792	7.115561	
743	-0.953379	7.157331	
744	-1.040745	7.230537	
745	-1.129704	7.325212	
746	-1.220804	7.428062	
747	-1.314478	7.526946	
748	-1.408104	7.613717	
749	-1.496201	7.683671	
750	-1.572866	7.734823	
751	-1.633010	7.768542	
752	-1.671843	7.789093	
753	-1.684827	7.801354	
754	-1.668980	7.808380	
755	-1.623705	7.811706	
756	-1.550114	7.815401	
757	-1.450367	7.827473	
758	-1.327279	7.853601	
759	-1.183153	7.891372	
760	-1.018798	7.933140	
761	-0.834292	7.972522	
762	-0.631088	8.008421	
763	-0.413613	8.047027	
764	-0.188013	8.098754	
765	0.041451	8.167760	
766	0.273560	8.247114	
767	0.507833	8.327429	
768	0.743388	8.404944	
769	0.979651	8.480913	
770	1.216676	8.558617	
771	1.455569	8.640566	
772	1.698796	8.725703	
773	1.949417	8.809073	
774	2.210551	8.883679	
775	2.485240	8.941449	
776	2.775156	8.972807	
777	3.079110	8.967405	
778	3.393483	8.917648	
779	3.714117	8.821744	
780	4.038176	8.682692	
781	4.364967	8.505819	
782	4.695605	8.297957	
783	5.032982	8.066995	
784	5.382422	7.821561	
785	5.751738	7.571790	
786	6.149662	7.328511	
787	6.582622	7.099055	
788	7.052036	6.884379	
789	7.555155	6.681411	
790	8.088543	6.487228	
791	8.650379	6.300282	
792	9.241329	6.118967	
793	9.864973	5.941598	
794	10.526165	5.767868	
795	11.227949	5.594831	
796	11.970614	5.409180	
797	12.753627	5.192055	
798	13.577849	4.936796	
799	14.445852	4.656811	
800	15.360234	4.376599	
801	16.322676	4.122831	
802	17.335071	3.920999	
803	18.399425	3.789125	
804	19.515420	3.731499	
805	20.679172	3.739626	
806	21.884907	3.797158	
807	23.127315	3.885127	
808	24.401921	3.986949	
809	25.704223	4.090920	
810	27.029104	4.189275	
811	28.369759	4.275258	
812	29.716660	4.339466	
813	31.058503	4.368666	
814	32.384630	4.350834	
815	33.686802	4.284225	
816	34.958975	4.181265	
817	36.195978	4.062732	
818	37.393353	3.950320	
819	38.547943	3.863678	
820	39.657832	3.817478	
821	40.722047	3.817979	
822	41.740300	3.863752	
823	42.713048	3.949171	
824	43.643235	4.065633	
825	44.538510	4.199805	
826	45.410542	4.333117	
827	46.271897	4.445434	
828	47.132559	4.519794	
829	47.996597	4.545323	
830	48.861503	4.519163	
831	49.720569	4.446012	
832	50.564504	4.333377	
833	51.382076	4.188100	
834	52.162521	4.019509	
835	52.898694	3.842864	
836	53.588523	3.677653	
837	54.235307	3.545636	
838	54.846982	3.469001	
839	55.433280	3.463101	
840	56.003160	3.528240	
841	56.564123	3.649924	
842	57.120685	3.805841	
843	57.672240	3.972719	
844	58.212820	4.131630	
845	58.729157	4.271064	
846	59.195612	4.386693	
847	59.577628	4.479047	
848	59.848249	4.550735	
849	59.999327	4.605477	
850	60.037111	4.647902	
851	59.974425	4.680584	
852	59.826494	4.700613	
853	59.607355	4.698752	
854	59.327194	4.661340	
855	58.992413	4.576326	
856	58.607284	4.441778	
857	58.174510	4.271096	
858	57.693183	4.090845	
859	57.155845	3.930650	
860	56.548049	3.809489	
861	55.852345	3.727637	
862	55.057008	3.671204	
863	54.162579	3.623438	
864	53.179403	3.570059	
865	52.123915	3.498576	
866	51.015891	3.401712	
867	49.871058	3.284063	
868	48.697117	3.163350	
869	47.498561	3.066013	
870	46.281297	3.017932	
871	45.049879	3.029576	
872	43.801170	3.088460	
873	42.523308	3.170984	
874	41.201487	3.260096	
875	39.824229	3.350144	
876	38.385721	3.441845	
877	36.885376	3.537825	
878	35.327580	3.640683	
879	33.721039	3.751987	
880	32.075881	3.871858	
881	30.401357	4.000063	
882	28.707128	4.138398	
883	27.005417	4.292534	
884	25.310100	4.473132	
885	23.632778	4.694583	
886	21.979510	4.968456	
887	20.350541	5.295609	
888	18.742289	5.664613	
889	17.149799	6.058052	
890	15.567704	6.460343	
891	13.990369	6.859698	
892	12.413832	7.245793	
893	10.838859	7.610549	
894	9.272441	7.951532	
895	7.726378	8.272965	
896	6.213720	8.584258	
897	4.745822	8.896455	
898	3.331074	9.218364	
899	1.974682	9.555475	
900	0.679460	9.909487	
901	-0.553346	10.276951	
902	-1.723605	10.649920	
903	-2.830589	11.019922	
904	-3.871352	11.381904	
905	-4.841956	11.733911	
906	-5.739635	12.073092	
907	-6.562630	12.392827	
908	-7.308177	12.685209	
909	-7.971222	12.945822	
910	-8.545079	13.174300	
911	-9.023384	13.370573	
912	-9.401990	13.530563	
913	-9.679024	13.645528	
914	-9.854339	13.705030	
915	-9.931636	13.697130	
916	-9.919851	13.608501	
917	-9.829201	13.432654	
918	-9.667436	13.177610	
919	-9.441782	12.860318	
920	-9.160732	12.493992	
921	-8.830721	12.083720	
922	-8.452952	11.635292	
923	-8.025071	11.165839	
924	-7.544527	10.702739	
925	-7.009702	10.273234	
926	-6.420062	9.896688	
927	-5.779278	9.582795	
928	-5.100222	9.332400	
929	-4.405453	9.140834	
930	-3.722152	9.003351	
931	-3.076221	8.917805	
932	-2.487863	8.880406	
933	-1.969501	8.877866	
934	-1.528365	8.885089	
935	-1.171368	8.874088	
936	-0.904526	8.827208	
937	-0.728079	8.743243	
938	-0.635190	8.637179	
939	-0.612963	8.536590	
940	-0.641956	8.473059	
941	-0.696381	8.474628	
942	-0.746377	8.563128	
943	-0.761194	8.750591	
944	-0.712026	9.035582	
945	-0.573808	9.405102	
946	-0.326835	9.839969	
947	0.041045	10.318174	
948	0.532686	10.813931	
949	1.140997	11.295069	
950	1.849524	11.723832	
951	2.634401	12.061967	
952	3.467195	12.276739	
953	4.317153	12.345981	
954	5.152534	12.261287	
955	5.942791	12.027055	
956	6.662314	11.657060	
957	7.293718	11.172552	
958	7.829085	10.601345	
959	8.269348	9.976565	
960	8.622663	9.335277	
961	8.902447	8.714893	
962	9.124302	8.146217	
963	9.301293	7.648019	
964	9.440631	7.226383	
965	9.543852	6.876962	
966	9.608333	6.589581	
967	9.629253	6.354088	
968	9.602597	6.163837	
969	9.526487	6.015753	
970	9.400234	5.909196	
971	9.224943	5.844971	
972	9.006152	5.823986	
973	8.755476	5.845166	
974	8.489620	5.903435	
975	8.226730	5.988777	
976	7.981672	6.087245	
977	7.763188	6.184450	
978	7.574125	6.269718	
979	7.413422	6.337498	
980	7.278602	6.384826	
981	7.167583	6.407750	
982	7.078357	6.400591	
983	7.007691	6.357944	
984	6.951654	6.277510	
985	6.907154	6.163108	
986	6.872131	6.025557	
987	6.844862	5.878744	
988	6.823624	5.733918	
989	6.806251	5.597856	
990	6.789110	5.474196	
991	6.766336	5.364317	
992	6.729530	5.269399	
993	6.666794	5.194958	
994	6.560988	5.153109	
995	6.393050	5.157051	
996	6.155868	5.208899	
997	5.864698	5.293270	
998	5.547957	5.386747	
999	5.230805	5.473789	
1000	4.927620	5.553866	
1001	4.641166	5.637419	
1002	4.365925	5.737468	
1003	4.095053	5.862940	
1004	3.826832	6.016030	
1005	3.568247	6.194024	
1006	3.332786	6.390476	
1007	3.130516	6.591881	
1008	2.959732	6.777025	
1009	2.809674	6.924331	
1010	2.668406	7.020826	
1011	2.526971	7.064645	
1012	2.380262	7.061284	
1013	2.227666	7.019419	
1014	2.073318	6.949028	
1015	1.924629	6.860578	
1016	1.789220	6.764120	
1017	1.672173	6.668396	
1018	1.574817	6.580444	
1019	1.495043	6.504890	
1020	1.428635	6.442193	
1021	1.370125	6.386832	
1022	1.313191	6.327266	
1023	1.252037	6.249465	
1024	1.182643	6.142856	
1025	1.102579	6.004386	
1026	1.010544	5.838184	
1027	0.906453	5.652594	
1028	0.791401	5.457990	
1029	0.667130	5.265874	
1030	0.535863	5.087138	
1031	0.401117	4.929260	
1032	0.267944	4.794359	
1033	0.141286	4.679182	
1034	0.023852	4.577157	
1035	-0.084411	4.482128	
1036	-0.185053	4.391658	
1037	-0.279723	4.308539	
1038	-0.369680	4.240657	
1039	-0.455663	4.199608	
1040	-0.538219	4.198533	
1041	-0.618212	4.248006	
1042	-0.695552	4.350826	
1043	-0.767039	4.500274	
1044	-0.826823	4.682808	
1045	-0.869155	4.882194	
1046	-0.890541	5.083350	
1047	-0.890346	5.274886	
1048	-0.869902	5.449677	
1049	-0.831065	5.604594	
1050	-0.775879	5.739761	
1051	-0.705815	5.856825	
1052	-0.619541	5.957580	
1053	-0.512257	6.043835	
1054	-0.377229	6.118276	
1055	-0.207525	6.185769	
1056	0.001777	6.252909	
1057	0.250610	6.324315	
1058	0.532893	6.398529	
1059	0.839488	6.467738	
1060	1.162140	6.521261	
1061	1.495418	6.550085	
1062	1.837464	6.550464	
1063	2.189499	6.524083	
1064	2.553609	6.474791	
1065	2.930801	6.406147	
1066	3.319946	6.322362	
1067	3.717312	6.230693	
1068	4.117639	6.141323	
1069	4.515709	6.063680	
1070	4.906770	6.003053	
1071	5.286220	5.960903	
1072	5.649107	5.937534	
1073	5.990529	5.933611	
1074	6.307657	5.949349	
1075	6.601978	5.983063	
1076	6.881298	6.030007	
1077	7.162394	6.081385	
1078	7.471901	6.124951	
1079	7.836365	6.149989	
1080	8.262647	6.155042	
1081	8.733904	6.148214	
1082	9.229967	6.138534	
1083	9.742768	6.130241	
1084	10.269780	6.120701	
1085	10.801193	6.097519	
1086	11.316192	6.041475	
1087	11.788887	5.937132	
1088	12.197476	5.779659	
1089	12.532081	5.573092	
1090	12.801477	5.329570	
1091	13.032598	5.072480	
1092	13.258613	4.834577	
1093	13.507103	4.647682	
1094	13.795777	4.531728	
1095	14.133306	4.490536	
1096	14.522855	4.513595	
1097	14.964749	4.581145	
1098	15.457480	4.670898	
1099	15.999247	4.763118	
1100	16.590055	4.841406	
1101	17.233191	4.891401	
1102	17.935239	4.902261	
1103	18.703364	4.868856	
1104	19.540634	4.790771	
1105	20.442610	4.672080	
1106	21.398217	4.523393	
1107	22.394596	4.361182	
1108	23.420909	4.204148	
1109	24.468649	4.069955	
1110	25.531550	3.973168	
1111	26.605875	3.924923	
1112	27.689213	3.933866	
1113	28.778613	4.005798	
1114	29.870201	4.142456	
1115	30.959027	4.341777	
1116	32.036794	4.598924	
1117	33.090799	4.906647	
1118	34.107274	5.255099	
1119	35.075151	5.631137	
1120	35.986916	6.017369	
1121	36.836659	6.391971	
1122	37.616699	6.731699	
1123	38.315301	7.018715	
1124	38.914788	7.247038	
1125	39.397874	7.427591	
1126	39.766096	7.591936	
1127	40.042251	7.786582	
1128	40.248092	8.056036	
1129	40.389069	8.429150	
1130	40.455104	8.919856	
1131	40.428801	9.531684	
1132	40.315488	10.240778	
1133	40.222125	10.947985	
1134	40.440783	11.462280	
1135	41.311911	11.614561	
1136	42.874276	11.397431	
1137	44.820045	10.958698	
1138	46.817610	10.479413	
1139	48.711094	10.066651	
1140	50.479571	9.749801	
1141	52.150015	9.523115	
1142	53.743331	9.372658	
1143	55.253010	9.283662	
1144	56.648707	9.239253	
1145	57.892213	9.219596	
1146	58.953381	9.204786	
1147	59.817936	9.178070	
1148	60.488845	9.127215	
1149	60.984888	9.045797	
1150	61.334736	8.933611	
1151	61.568211	8.794260	
1152	61.710948	8.633656	
1153	61.782711	8.460286	
1154	61.795176	8.282606	
1155	61.750504	8.106757	
1156	61.643714	7.938953	
1157	61.465578	7.787117	
1158	61.203209	7.658496	
1159	60.842673	7.557447	
1160	60.374764	7.485302	
1161	59.797578	7.439903	
1162	59.114990	7.414168	
1163	58.336527	7.396539	
1164	57.479167	7.374185	
1165	56.566425	7.336031	
1166	55.623677	7.273826	
1167	54.674578	7.182730	
1168	53.741147	7.062520	
1169	52.844282	6.917892	
1170	52.002641	6.756890	
1171	51.231036	6.588989	
1172	50.538997	6.423578	
1173	49.929845	6.267954	
1174	49.401103	6.125410	
1175	48.945130	5.994376	
1176	48.547080	5.868048	
1177	48.183912	5.735003	
1178	47.829460	5.582414	
1179	47.457307	5.400386	
1180	47.038071	5.184544	
1181	46.543764	4.936214	
1182	45.958216	4.660978	
1183	45.280135	4.366683	
1184	44.518880	4.061907	
1185	43.689414	3.755202	
1186	42.808253	3.454951	
1187	41.890487	3.169595	
1188	40.947855	2.907946	
1189	39.987720	2.679357	
1190	39.012745	2.493489	
1191	38.021105	2.359415	
1192	37.007257	2.283872	
1193	35.964211	2.269213	
1194	34.888060	2.312474	
1195	33.782367	2.406131	
1196	32.659173	2.539525	
1197	31.537298	2.699252	
1198	30.440596	2.868274	
1199	29.397311	3.026389	
1200	28.439679	3.153415	
1201	27.602592	3.232145	
1202	26.920437	3.249216	
1203	26.419707	3.196029	
1204	26.109707	3.070360	
1205	25.980024	2.876646	
1206	26.006549	2.624078	
1207	26.159393	2.323873	
1208	26.408453	1.987225	
1209	26.726635	1.624124	
1210	27.091486	1.242783	
1211	27.485714	0.849480	
1212	27.896993	0.448667	
1213	28.317351	0.043232	
1214	28.742353	-0.365180	
1215	29.170242	-0.775838	
1216	29.601137	-1.188626	
1217	30.036362	-1.603795	
1218	30.477915	-2.021777	
1219	30.928080	-2.443042	
1220	31.389186	-2.868015	
1221	31.863450	-3.297020	
1222	32.352925	-3.730257	
1223	32.859493	-4.167796	
1224	33.384894	-4.609580	
1225	33.930788	-5.055436	
1226	34.498817	-5.505085	
1227	35.090676	-5.958150	
1228	35.708183	-6.414162	
1229	36.353345	-6.872557	
1230	37.028428	-7.332673	
1231	37.736029	-7.793738	
1232	38.479155	-8.254854	
1233	39.261312	-8.714974	
1234	40.086622	-9.172879	
1235	40.959957	-9.627142	
1236	41.887126	-10.076091	
1237	42.875111	-10.517768	
1238	43.932382	-10.949885	
1239	45.069318	-11.369770	
1240	46.298770	-11.774323	
1241	47.636835	-12.159968	
1242	49.103905	-12.522611	
1243	50.726130	-12.857609	
1244	52.537478	-13.159739	
1245	54.582696	-13.423131	
1246	56.921704	-13.641105	
1247	59.636341	-13.805690	
1248	62.841282	-13.906383	
1249	66.702997	-13.927056	
1250	71.475878	-13.838412	
1251	77.578538	-13.579187	
1252	85.760243	-13.007218	
1253	97.365918	-11.754584	
1254	114.407984	-8.312832	
1255	-173.042343	60.404380	
1256	-165.091579	94.696751	
1257	-160.093382	120.819944	
1258	-156.428130	141.388611	
1259	-153.585881	157.177003	
1260	-151.284386	169.358809	
1261	-149.362512	178.916222	
1262	-147.721057	-173.439179	
1263	-146.294300	-167.210784	
1264	-145.036087	-162.052353	
1265	-143.912586	-157.719350	
1266	-142.898243	-154.035895	
1267	-141.973355	-150.872960	
1268	-141.122514	-148.134008	
1269	-140.333552	-145.745436	
1270	-139.596789	-143.650140	
1271	-138.904483	-141.803092	
1272	-138.250409	-140.168269	
1273	-137.629536	-138.716472	
1274	-137.037781	-137.423754	
1275	-136.471811	-136.270270	
1276	-135.928889	-135.239419	
1277	-135.406753	-134.317203	
1278	-134.903524	-133.491726	
1279	-134.417627	-132.752812	
1280	-133.947731	-132.091703	
1281	-133.492706	-131.500817	
1282	-133.051582	-130.973558	
1283	-132.623522	-130.504158	
1284	-132.207795	-130.087549	
1285	-131.803761	-129.719262	
1286	-131.410851	-129.395335	
1287	-131.028562	-129.112245	
1288	-130.656437	-128.866846	
1289	-130.294066	-128.656319	
1290	-129.941075	-128.478127	
1291	-129.597121	-128.329980	
1292	-129.261887	-128.209803	
1293	-128.935078	-128.115710	
1294	-128.616417	-128.045981	
1295	-128.305643	-127.999040	
1296	-128.002503	-127.973441	
1297	-127.706755	-127.967854	
1298	-127.418159	-127.981049	
1299	-127.136477	-128.011891	
1300	-126.861470	-128.059333	
1301	-126.592897	-128.122406	
1302	-126.330514	-128.200220	
1303	-126.074076	-128.291959	
1304	-125.823344	-128.396878	
1305	-125.578095	-128.514300	
1306	-125.338133	-128.643608	
1307	NaN	NaN	
1308	NaN	NaN	
1309	NaN	NaN	
1310	NaN	NaN	
1311	NaN	NaN	
1312	NaN	NaN	
1313	NaN	NaN	
1314	NaN	NaN	
1315	NaN	NaN	
1316	NaN	NaN	
1317	NaN	NaN	
1318	NaN	NaN	
1319	NaN	NaN	
1320	NaN	NaN	
1321	NaN	NaN	
1322	NaN	NaN	
1323	NaN	NaN	
1324	NaN	NaN	
1325	NaN	NaN	
1326	NaN	NaN	
1327	NaN	NaN	
1328	NaN	NaN	
1329	NaN	NaN	
1330	NaN	NaN	
1331	NaN	NaN	
1332	NaN	NaN	
1333	NaN	NaN	
1334	NaN	NaN	
1335	NaN	NaN	
1336	NaN	NaN	
1337	NaN	NaN	
